#flux
1.0015102898
1.0054311688
1.0101447236
1.0027413621
0.9971147465
0.9968034640
0.9960890574
0.9895346887
0.9859720905
1.0017149653
1.0065292742
0.9942799109
0.9821277476
0.9763557715
0.9684688440
0.9743164970
0.9980440397
1.0168368261
1.0257824305
1.0140729762
0.9841769051
0.9670329330
0.9705042003
0.9806423207
0.9935415213
0.9793983662
0.9508966574
0.9448000264
0.9427052377
0.9801331869
1.0223472346
1.0440310201
1.0645924453
1.0597352804
1.0448191783
1.0347014309
1.0249260723
1.0188012408
1.0249374892
1.0271905343
1.0114072599
0.9914851208
0.9812453464
0.9825559150
0.9964248028
1.0008845644
0.9898963137
0.9893568626
1.0004587358
0.9931358999
0.9980871238
1.0134215246
1.0019186523
0.9915364181
0.9916964656
0.9989838604
1.0069919912
1.0046673051
1.0028472071
1.0004766054
0.9897261126
0.9751252365
0.9684010287
0.9804492975
1.0023475077
1.0084498013
0.9912781926
0.9619806652
0.9200235944
0.8945554058
0.8968238216
0.9101559117
0.9326992243
0.9639433363
0.9854610563
0.9865205162
0.9725214082
0.9615979718
0.9693194696
0.9740457019
0.9762449642
0.9871586978
0.9919022918
0.9878753225
0.9837062156
0.9761678651
0.9612168177
0.9448582732
0.9334109270
0.9104446321
0.8927714564
0.8972093362
0.9297465940
0.9443267655
0.9649970769
0.9823947023
0.9759393294
0.9559855244
0.9342280374
0.9096729985
0.8856944438
0.8763805923
0.8874680324
0.9110279712
0.9355003387
0.9461372135
0.9548370779
0.9765556692
1.0044630603
1.0232764152
1.0144275883
0.9727457473
0.9443419743
0.9452930571
0.9560398050
0.9688982744
0.9751037608
0.9698385548
0.9630099173
0.9629532722
0.9611688430
0.9577483886
0.9664500671
0.9876631503
1.0039270848
1.0016423167
0.9924877121
0.9725393159
0.9508986056
0.9589246912
0.9750115712
0.9697064756
0.9689004358
0.9549508813
0.9535407128
0.9625533536
0.9617074119
0.9533014286
0.9519788845
0.9565214939
0.9600039999
0.9751588602
0.9967156914
0.9944261222
0.9755937703
0.9715288109
0.9763731538
0.9565471255
0.9472069913
0.9625607024
0.9686352283
0.9689145674
0.9704052991
0.9727425428
0.9753710840
0.9770541879
0.9549047559
0.9077671632
0.8660329045
0.8514408447
0.8581704679
0.8753286930
0.9039393036
0.9321710090
0.9479106131
0.9676063330
0.9698379161
0.9539380122
0.9472245365
0.9416952194
0.9464404949
0.9568755564
0.9391805727
0.9086453485
0.8940656127
0.8935640418
0.8897950450
0.8901975534
0.8878093555
0.8977085258
0.9251721044
0.9497536748
0.9612515700
0.9712291879
0.9820419186
0.9819481849
0.9725042605
0.9472378752
0.9239472624
0.9161339931
0.9092785673
0.9010073281
0.8957880551
0.8997294894
0.9008697223
0.8743634653
0.8417134079
0.8140469946
0.7826539389
0.7442032336
0.7052703074
0.6588869113
0.6025953731
0.5460729556
0.4862560528
0.4192890529
0.3625471816
0.3293373544
0.2941371062
0.2655216865
0.2455479239
0.2293805321
0.2169116886
0.2154904203
0.2139768028
0.2137547100
0.2220035941
0.2313761375
0.2379486435
0.2578440258
0.2880333149
0.3341973252
0.3961964231
0.4567272540
0.5117780408
0.5710236314
0.6417253202
0.7052401272
0.7551425238
0.8014728418
0.8131305067
0.8179668451
0.8326473110
0.8574193453
0.8625481430
0.8662177737
0.8815308507
0.8958425670
0.9048135564
0.9164376783
0.9264102129
0.9264968847
0.9275135254
0.9396346951
0.9491418342
0.9442298980
0.9387670904
0.9445660699
0.9440579911
0.9355736345
0.9447772397
0.9704788663
0.9732912209
0.9568230519
0.9440087460
0.9508069027
0.9407680219
0.9334803722
0.9289189755
0.9261597975
0.9262524270
0.9309646134
0.9408668073
0.9496298559
0.9533804677
0.9607197686
0.9692249496
0.9605499401
0.9584697625
0.9566303661
0.9483032370
0.9750388933
0.9749405554
0.9612996669
0.9649773414
0.9716704005
0.9704060381
0.9695917886
0.9880326672
0.9904558492
0.9859258745
0.9881329662
0.9895207297
0.9928086704
0.9999810591
1.0006704656
0.9979714818
0.9981511996
0.9935627741
0.9847606377
0.9987693656
1.0044844842
0.9886795590
1.0012207705
1.0064430390
1.0041759579
0.9983639972
0.9890116068
0.9858989173
0.9921200518
0.9963628810
0.9944463202
0.9818166176
0.9758390487
0.9814740590
0.9827785409
0.9889383962
0.9849187860
0.9966003943
1.0148543642
1.0068422560
0.9911051893
0.9987734548
0.9980609962
0.9754945914
0.9667350538
0.9376668097
0.9016943350
0.8494499660
0.8068290715
0.8034302844
0.8204870129
0.8459754685
0.8834950195
0.9199678606
0.9475733478
0.9719980787
0.9829088530
0.9825271930
0.9818650737
0.9864598974
0.9680333541
0.9673276663
0.9777336053
0.9660234713
0.9677943575
0.9706553509
0.9512709210
0.9420767618
0.9473611900
0.9503990880
0.9534327238
0.9489118400
0.9406971347
0.9402364951
0.9450432128
0.9532109247
0.9623939976
0.9853993723
0.9984024699
0.9843055083
0.9811930048
0.9963688939
0.9811170214
0.9821988923
0.9801115433
0.9896306819
1.0035192422
1.0102275355
1.0068132850
0.9993182879
0.9924450981
0.9935906104
1.0060580794
1.0097198639
0.9857875877
0.9666571899
0.9812286631
0.9789540700
0.9786535914
0.9944995519
0.9896826829
0.9889628226
0.9858088170
0.9867466465
0.9701516761
0.9260267926
0.8820411192
0.8452520363
0.8159533579
0.8161122998
0.8434165123
0.8842499021
0.9203345919
0.9386792782
0.9453853081
0.9579474128
0.9852154129
1.0098237698
1.0166680338
1.0089583624
1.0020524642
1.0039067530
0.9890232400
0.9717957186
0.9707553073
0.9948861554
0.9879014679
0.9650428235
0.9691722935
0.9591726643
0.9086830164
0.8508213611
0.8180396194
0.8121364511
0.8351552813
0.8892092865
0.9365857103
0.9498659019
0.9841946119
0.9926236691
0.9934432994
0.9872993209
0.9595556138
0.9038319996
0.8416623421
0.7980080478
0.7865963005
0.8113927578
0.8581712319
0.8972934201
0.9286707508
0.9619803839
0.9912170131
1.0046127169
1.0094353368
1.0239843369
1.0435419515
1.0456390551
1.0308215122
1.0255615430
1.0233054449
1.0126652756
1.0142792259
1.0166779009
1.0096946273
0.9821150301
0.9695446579
0.9784575801
0.9880348161
0.9925024388
0.9885367284
0.9899452225
1.0011257915
1.0135929144
1.0191598687
1.0134114675
1.0018801167
0.9904935563
0.9802250811
0.9931601410
0.9959481191
0.9915491639
1.0051148484
1.0104862261
1.0073344243
0.9868254760
0.9742507882
0.9821727207
0.9979787211
1.0019113029
1.0015673519
1.0118308030
1.0097439862
1.0000607426
1.0024628074
1.0103774416
1.0176322874
1.0175915738
1.0179297992
1.0127690252
0.9911390903
0.9898223238
1.0166940554
1.0176877498
1.0045985966
1.0006956065
0.9920045924
0.9991942354
0.9925741046
0.9909683019
1.0076442184
1.0184786210
1.0223702868
1.0216320697
1.0055978712
0.9888034527
0.9890290817
0.9888096529
0.9837663293
0.9787360668
0.9859533406
1.0007688568
0.9956198338
1.0028934960
0.9907601711
0.9917538924
0.9904909500
0.9858453704
0.9852455501
0.9895851153
0.9764632725
0.9558302507
0.9600278075
0.9813586469
0.9896562752
0.9863428176
0.9871957117
0.9820349934
0.9611939295
0.9498702027
0.9658698160
1.0034873607
1.0196290570
1.0056653263
0.9867539835
0.9788867690
0.9413053764
0.9155263903
0.8916022599
0.8829475293
0.8939744469
0.9094176419
0.9293517112
0.9503143539
0.9650480000
0.9706614277
0.9734296640
0.9857773444
1.0010524294
1.0188541522
1.0275715081
1.0006946305
0.9836507199
0.9700120827
0.9809713653
0.9911631160
0.9781424434
0.9755657530
0.9989907240
1.0058770938
0.9848615442
0.9779183858
0.9724727128
0.9725781604
0.9795490127
0.9872036491
0.9936869484
0.9858228421
0.9825370267
0.9766351504
0.9807441921
0.9992320599
1.0033888385
1.0067067303
1.0122575296
0.9956024177
0.9958489375
1.0074172098
0.9741392473
0.9682872250
0.9779456081
0.9773382537
0.9608612694
0.9571447629
0.9736650486
0.9816928647
0.9747498706
0.9760024640
0.9921088678
1.0091054742
1.0107414785
1.0052854696
1.0016307204
0.9881172338
0.9826905162
0.9840540983
0.9773803396
0.9700746665
0.9887722969
0.9917170009
1.0051769558
1.0023074783
1.0064025030
1.0123003197
1.0021908078
0.9975812285
1.0091584023
1.0144880026
1.0065161234
0.9985510284
0.9885822651
0.9771539137
0.9822926548
0.9831973292
0.9924873994
0.9905320682
0.9916828706
0.9856773085
0.9916311151
0.9943164807
0.9671981466
0.9221570334
0.8779365135
0.8485156164
0.8331139005
0.8361437157
0.8658129770
0.9065224522
0.9412889392
0.9696804870
0.9724868168
0.9747170450
0.9925177022
0.9818482455
0.9943687305
1.0033647277
1.0115815237
1.0129883960
0.9801890569
0.9742883066
0.9688194029
0.9822990738
1.0032804605
0.9966738902
0.9721486639
0.9646420098
0.9778137465
0.9894059992
0.9981286611
1.0134686160
1.0063177894
0.9926954930
0.9732204515
0.9774215548
0.9751350979
0.9744871513
0.9865117074
0.9882683470
0.9835636599
0.9996099035
1.0193064105
1.0155252532
1.0022397936
1.0003857645
1.0029072428
0.9965960758
0.9855229464
0.9838373031
0.9991367237
1.0147127140
1.0020529669
0.9839258964
0.9772769926
0.9812579414
0.9793339839
0.9734381153
0.9687154762
0.9906263573
1.0148010676
1.0199839098
0.9922364583
0.9687049797
0.9741965106
0.9907772055
0.9983129318
0.9971791296
1.0002814481
1.0105794284
1.0134919561
1.0067994480
1.0050882078
1.0005420740
1.0052522151
0.9978575999
0.9804241728
1.0040468333
1.0135106701
1.0046699116
1.0125164468
1.0115871966
1.0112132644
1.0197954749
1.0246156779
1.0155205143
0.9940613024
0.9726546026
0.9641281237
0.9666550974
0.9709046241
0.9720105036
0.9701587527
0.9860826000
0.9942477252
0.9861342698
0.9798989511
0.9947649140
1.0107762415
0.9980504323
0.9925109810
0.9943935399
0.9860057658
0.9836376427
0.9924367238
0.9954992457
0.9849176175
0.9704964966
0.9585044570
0.9429623033
0.9216405269
0.8991945259
0.8670605803
0.8100186282
0.7381928499
0.6771864874
0.6513219166
0.6757150072
0.7385757001
0.7994294531
0.8603736174
0.9226789630
0.9625765108
0.9847170873
0.9978509469
1.0131311635
1.0007333173
0.9608120556
0.9204500329
0.8699054567
0.8008400120
0.7458363494
0.7198298246
0.7241652456
0.7731602289
0.8357152186
0.9039531023
0.9331028811
0.9496514743
0.9797507944
0.9847422532
0.9941132497
1.0024290753
0.9897412050
0.9791918384
0.9742499293
0.9796330358
0.9938186761
1.0021141451
1.0043629309
1.0144159051
1.0234649183
1.0113516593
0.9955695173
0.9933739081
0.9964977211
1.0034704516
0.9748554970
0.9767725266
0.9785413803
0.9862822703
0.9940241079
0.9834513381
0.9928635573
0.9920904096
0.9842238931
0.9760346493
0.9630158943
0.9632334777
0.9733760113
0.9834871736
1.0010918065
1.0004002128
0.9952033336
1.0083992563
1.0049459262
0.9917156208
0.9943495066
0.9897612051
0.9921658357
1.0016545927
0.9853899958
0.9839066638
1.0076800856
1.0189962763
1.0086848844
0.9995486460
1.0025288377
0.9981212976
0.9839913484
0.9672651107
0.9394691038
0.9058517654
0.8732762104
0.8679161327
0.9059018775
0.9349803901
0.9631140474
0.9764178678
0.9956741015
1.0119615686
1.0127463629
1.0083397559
1.0071309476
1.0069581809
1.0016421926
0.9934761408
0.9817927624
0.9622532300
0.9440274095
0.9361799517
0.9353970922
0.9464666915
0.9690435675
0.9748788666
0.9658485893
0.9626749386
0.9679794503
0.9536479343
0.9374346325
0.9265502747
0.9321404218
0.9588108859
0.9682548627
0.9717895180
0.9832054252
0.9947181437
1.0116091110
1.0260710648
1.0242839324
1.0163983647
1.0158800501
1.0191061105
1.0230697800
1.0238897693
1.0173355722
0.9992061933
0.9707503542
0.9690613980
0.9859023481
0.9936021354
0.9865620370
0.9969359356
1.0052459078
0.9998821435
0.9966967706
1.0002106085
1.0003082975
0.9949279354
0.9909442036
0.9943809498
0.9958495785
0.9914551114
0.9988299540
1.0005282396
0.9997697133
0.9895751143
0.9968374721
0.9924268514
0.9900055992
1.0024448433
0.9978292259
0.9894558047
0.9862414411
0.9882180528
0.9945428868
1.0079743443
1.0130957771
1.0118151993
1.0142391530
1.0113713199
1.0032770158
1.0025622004
1.0071780780
1.0242686205
1.0296285548
1.0057671669
1.0032306324
1.0064567576
1.0126283348
1.0032006158
0.9920615232
0.9870371618
0.9897348741
1.0036678483
1.0127286498
1.0021500119
0.9876783216
0.9912990078
0.9910301872
0.9810072955
0.9879773191
1.0021038181
1.0043097852
1.0135536235
1.0184525238
0.9992849252
0.9906274850
0.9939252782
0.9830287716
0.9752240522
0.9886395080
0.9959472980
1.0103703330
0.9953224103
0.9826572937
0.9795103600
0.9715550874
0.9237501496
0.8639444185
0.8300204961
0.8279149042
0.8511604999
0.8805740475
0.9167248140
0.9374057322
0.9687733051
1.0001667145
0.9878387442
0.9937441587
1.0034683801
0.9905183460
0.9766193737
0.9978299945
1.0138591451
1.0191199193
1.0119678330
0.9912297435
0.9836494754
0.9870829883
0.9815399648
0.9748482968
0.9742177409
0.9682330047
0.9647281032
0.9719645096
0.9737230739
0.9654556764
0.9799003584
0.9847773958
1.0152475786
1.0170567651
1.0064166388
1.0012187994
0.9934672462
0.9722857124
0.9761626344
0.9841215092
0.9777192031
0.9535926053
0.9404602320
0.9535731343
0.9651562293
0.9678616543
0.9700918205
0.9572698245
0.9619419231
0.9803750465
0.9786339684
0.9843666615
1.0003420842
1.0034621535
0.9936234228
0.9770675456
0.9710470349
0.9612150922
0.9374319694
0.9218345525
0.9174017728
0.9301591140
0.9521271892
0.9673689888
0.9781926674
0.9863076028
0.9892556453
0.9986646859
1.0065687025
0.9975117086
0.9929509426
1.0100611425
1.0060337683
0.9710254924
0.9387255364
0.8968678871
0.8344127860
0.7882259721
0.7776222275
0.7928937563
0.8293518493
0.8831846214
0.9249041541
0.9517251637
0.9592920560
0.9363902453
0.9249801491
0.9308428340
0.9452526777
0.9410006582
0.9372542858
0.9719517066
0.9828920884
0.9784211213
0.9821002891
0.9999895374
1.0009452420
1.0194202873
1.0336209648
1.0311791983
0.9972953745
0.9753149256
0.9824112081
0.9841490676
0.9778901560
0.9836372648
0.9835621016
0.9698205290
0.9781687963
1.0042368277
1.0136231696
1.0231633832
1.0079353813
1.0209814207
1.0119856629
1.0123229748
1.0072442670
0.9870425127
0.9776708182
0.9954339542
1.0186510533
1.0195133735
1.0071524950
0.9987576132
0.9922828901
0.9804486023
0.9671819301
0.9647227378
0.9704816105
0.9809320650
0.9818747013
0.9647109360
0.9898974765
0.9807731332
0.9724527911
0.9821010751
0.9860762592
0.9855539795
0.9872635131
0.9871743938
0.9886614621
0.9927953027
0.9910374528
0.9784324760
0.9840608438
1.0129966901
1.0159783724
0.9954675397
0.9912091316
0.9877293160
0.9739377749
0.9620350929
0.9434321881
0.9524525102
0.9408446746
0.9275731280
0.9275450503
0.9289047400
0.9403660575
0.9583292170
0.9734027943
0.9857490457
0.9895110954
0.9958526974
1.0032797536
1.0058225718
1.0117792728
1.0044196979
0.9915761626
1.0016506699
1.0081659676
0.9957655815
0.9882444187
0.9817935925
0.9805746405
0.9903537731
0.9860382811
0.9698991125
0.9766893659
0.9830988157
0.9989851900
1.0105103703
1.0083634357
1.0030863998
0.9977744667
0.9898403438
0.9887953583
0.9983925083
1.0021262614
1.0021783847
1.0103443237
1.0117975290
1.0069969340
1.0022679074
1.0051901935
1.0259014815
1.0144845465
1.0131851217
1.0180102412
1.0136329033
1.0073288809
0.9984896072
0.9870992938
0.9753532626
0.9709055867
0.9783301847
0.9848266949
0.9786084687
0.9733851507
0.9865753883
1.0040502315
1.0006393498
0.9954993921
0.9938020189
0.9937921959
1.0027516400
1.0014038699
0.9967466266
0.9832003658
0.9650083976
0.9635581826
0.9642604202
0.9652366284
0.9793506687
0.9978239527
1.0016999387
0.9929149630
0.9925028409
1.0042093125
0.9951690262
0.9751741085
0.9723142318
0.9871051125
0.9988417423
1.0003096323
0.9913480785
0.9854434199
0.9805459294
0.9812739826
0.9901873211
0.9976439975
0.9968260837
1.0106981281
1.0164176071
1.0098578789
1.0108704049
1.0071560669
0.9952823796
0.9979305096
1.0114121430
1.0107458833
1.0009922270
0.9937891622
0.9754989424
0.9689423891
0.9911434562
1.0004665940
0.9946921801
0.9890284947
0.9963810011
0.9985465909
0.9905659211
0.9805987420
0.9862696794
1.0017331341
1.0087987616
1.0054680574
0.9957267705
0.9866890094
0.9887486534
0.9876345015
0.9968345937
1.0059184178
1.0086212451
1.0042392892
0.9968941563
0.9913681444
0.9955452970
0.9716068822
0.9739618854
0.9922134359
0.9989035508
1.0044245050
1.0089112991
1.0015815718
0.9930522648
1.0003151218
1.0189558501
1.0244970588
1.0052493785
0.9979467138
0.9890443837
0.9735505855
0.9907186485
0.9909113095
1.0099007870
1.0141945554
1.0093116908
0.9947779557
0.9965591881
1.0112207915
1.0099780782
1.0037489083
1.0114042436
1.0259222480
1.0310218373
1.0229615744
1.0189756365
1.0251805614
1.0138888263
1.0010277707
1.0098451452
1.0251560242
1.0280037819
0.9932545871
0.9923899867
1.0043640624
1.0006794831
0.9867030836
0.9761014172
0.9821378178
0.9789992047
0.9802803523
0.9848199895
0.9866554823
0.9939184424
1.0001192796
0.9950957652
0.9899378032
0.9890645880
0.9849143164
0.9691936518
0.9557302621
0.9628536472
0.9693069947
0.9718317163
0.9915813879
1.0029574875
0.9918108806
0.9698201186
0.9485623502
0.9188161842
0.8931469584
0.8892276592
0.9009785319
0.9242166289
0.9540705110
0.9752804395
0.9864249728
0.9885137430
0.9690061563
0.9562937692
0.9621728791
0.9873435076
1.0243877399
0.9880541292
0.9831739237
1.0171380679
1.0205422937
1.0181007782
1.0022262530
0.9961768692
0.9916861796
0.9797493654
0.9765158257
0.9867555057
0.9904834930
0.9939178711
1.0093907319
1.0135316061
1.0122562978
0.9982933453
0.9866736271
0.9810166478
1.0064598061
1.0327255750
1.0097441304
0.9922827239
0.9997943956
0.9924635233
0.9915355124
0.9870347422
0.9791327220
0.9585724921
0.9423061508
0.9247780815
0.9116016716
0.9210302735
0.9397054556
0.9627602349
0.9943984972
1.0137229977
1.0136082673
1.0136051008
1.0108066705
0.9945032227
0.9848243042
0.9812711804
0.9730545051
0.9831085312
0.9946714772
1.0015889609
1.0044330476
1.0113677335
1.0165255757
1.0110625074
0.9999173843
0.9910703035
0.9841028033
0.9779059451
0.9786754492
0.9886222164
0.9900171894
1.0024870512
1.0080827428
0.9993261865
0.9989107118
1.0009813983
0.9971654524
0.9881852818
0.9803362959
0.9777864099
0.9685411798
0.9612817644
0.9630267202
0.9645902090
0.9484602470
0.9332800479
0.9506594204
0.9800850206
0.9916388990
0.9970356012
1.0060079923
1.0128617987
1.0137344825
0.9898923504
1.0055172773
0.9899462057
0.9973340008
0.9679858734
0.9765561431
0.9764890641
0.9635596123
0.9672882144
0.9830498395
0.9884254982
0.9863208609
0.9864281182
0.9885874866
0.9957360642
1.0021662684
0.9957466763
0.9888263089
0.9847825317
0.9918048148
0.9734651720
0.9555206330
0.9929223096
0.9847096055
0.9826260307
0.9761788865
0.9762744399
0.9773817016
0.9749099322
0.9720746333
0.9598530117
0.9413622192
0.9352210089
0.9470198525
0.9674034511
0.9878154731
1.0027820127
1.0125376668
1.0130327231
0.9953894307
0.9948171827
1.0007425018
1.0169959782
1.0190248692
1.0013297098
0.9676366609
0.9443806260
0.9349885640
0.9207078319
0.9111222769
0.8975832162
0.8683656020
0.8327885218
0.8192029640
0.8303815252
0.8429519781
0.8708943710
0.8955633158
0.9130667573
0.9051498816
0.9120238256
0.9092653841
0.9159731772
0.9373177292
0.9632074188
0.9777290428
0.9835521746
0.9935786743
0.9989991811
0.9904474468
0.9781438602
0.9778174085
0.9779672367
0.9688538659
0.9536203559
0.9363305206
0.9344289275
0.9299652421
0.9357738547
0.9509168072
0.9539584593
0.9544934664
0.9622140233
0.9767106551
0.9845519433
0.9899251177
0.9837908044
0.9703875655
0.9673703531
0.9810846485
0.9884096470
0.9829590626
0.9849700737
0.9961556743
0.9996387040
0.9925010467
0.9856686664
0.9950469247
1.0058177377
1.0037703701
0.9866898031
0.9946200839
0.9917758570
0.9740993236
0.9744299667
0.9849473055
0.9916990087
0.9907570213
0.9861215203
0.9816631479
0.9842461115
0.9856409034
0.9887812384
0.9909921605
0.9915368087
0.9985880713
0.9989091402
1.0042489546
1.0114825210
1.0058714844
1.0029905562
0.9971333309
0.9953657986
0.9750380489
0.9684364610
0.9865890061
0.9794538890
0.9990831750
0.9994933116
0.9907960164
0.9829251655
0.9877570353
0.9991594789
1.0071645468
1.0043342339
0.9878308314
0.9812342091
0.9900157967
0.9977933616
1.0015306243
1.0180117276
1.0096429963
1.0001407779
0.9901700158
0.9854746103
0.9874173101
0.9822567375
0.9801554786
0.9975890626
0.9962572359
0.9717479175
0.9538295863
0.9426699221
0.9268907252
0.9176053512
0.9193925866
0.9245340436
0.9467323114
0.9812220122
0.9920126442
0.9944403650
0.9856894398
1.0072369056
1.0043124981
0.9939006429
0.9903690285
0.9898765554
0.9849691380
0.9785386904
0.9836099219
0.9914536729
0.9912208893
0.9760932227
0.9670087301
0.9821173515
1.0019326424
1.0059679202
1.0028357311
1.0026137233
0.9754132538
0.9878784076
0.9960819640
0.9933281460
0.9929851752
1.0142837996
1.0056330397
0.9980015872
1.0104228478
1.0070186343
0.9976420518
1.0062952290
1.0152480154
1.0073900230
0.9912121870
0.9846687618
0.9910350384
0.9966640988
0.9959255041
0.9908362957
0.9799537201
0.9753180428
0.9779745065
0.9948981192
0.9934009254
0.9762843618
0.9886982213
1.0010679402
1.0015574548
1.0077044481
1.0027538562
1.0005348560
1.0002535294
0.9963262853
0.9895990953
0.9552578291
0.8772972958
0.7804106051
0.6958272510
0.6605167123
0.6701613632
0.7266929420
0.8239003244
0.9053850027
0.9603606499
0.9994306753
1.0063824290
0.9976917111
0.9741531327
0.9706720890
0.9823791159
0.9832742577
0.9895520071
0.9924585684
0.9878297184
0.9845167765
0.9866266393
0.9973411731
1.0092991491
1.0065593421
0.9725678870
0.9486080446
0.9525365307
0.9366397931
0.9266559960
0.9312128068
0.9498111021
0.9642908684
0.9922999123
1.0042831797
0.9876351410
0.9894319315
0.9774684093
0.9708329602
0.9818125336
0.9904302627
0.9932733180
0.9898511010
0.9771750595
0.9663808911
0.9699723725
0.9932733407
0.9979688717
0.9873840081
0.9775528954
1.0012147710
1.0103331748
0.9958716901
0.9849206371
0.9860022784
0.9853664802
0.9737014016
0.9552327460
0.9514434887
0.9480820474
0.9485770731
0.9637553591
0.9737966248
0.9782623693
0.9856269238
0.9806904180
0.9794804496
0.9785686873
0.9836674843
0.9868810188
0.9939540592
0.9904178400
0.9835577717
0.9758363968
0.9871168611
0.9730905811
0.9578201826
0.9487084866
0.9409988366
0.9337720572
0.9387156851
0.9613542407
0.9862038111
0.9992114613
0.9991951670
0.9891168391
0.9905357723
1.0081745659
0.9936338711
0.9600906908
0.9853428119
1.0040564489
1.0028194845
0.9813228792
0.9896083623
0.9852192123
0.9779667701
0.9737648062
0.9790701253
0.9938200635
1.0029770883
0.9970335475
0.9932010694
1.0098047480
1.0247578772
1.0091370741
0.9916795859
0.9986632620
0.9961248802
0.9903186472
0.9904210479
1.0177764149
1.0248147843
1.0123871819
1.0044225773
0.9858804807
0.9890243184
0.9975503278
0.9978420014
0.9897364703
0.9923308836
1.0017864960
1.0078079159
1.0213974000
1.0273484435
1.0072164705
0.9882096630
0.9912399786
1.0015524633
0.9811345049
1.0139002653
1.0075045557
0.9941245022
1.0099029405
1.0023909685
1.0096687769
0.9998863730
1.0038803353
1.0102356594
1.0114225928
1.0096886990
1.0037387879
0.9935250879
0.9799128359
0.9756825892
0.9896211032
0.9864055565
0.9667435024
0.9743820412
0.9915768526
0.9964291366
0.9886505613
0.9830197878
0.9853782490
0.9903339459
0.9997165994
0.9926359683
0.9861094048
1.0054281293
1.0155730578
1.0059272486
0.9935991528
0.9905316619
0.9906697213
0.9837199427
0.9874487075
0.9903260151
0.9843238516
1.0077764761
1.0022433362
1.0041868513
0.9975523895
0.9861195709
0.9718170475
0.9672836795
0.9636994795
0.9676543305
0.9800878054
0.9884990544
0.9876449272
0.9813391615
0.9924992149
1.0077709277
1.0086252937
1.0074192611
0.9944884749
0.9930049410
0.9905945157
0.9854681745
0.9907181864
0.9934739485
0.9974446992
0.9996269594
1.0172466637
1.0113620243
0.9944470242
1.0061368961
1.0051393631
0.9943361392
0.9942417543
1.0031478127
0.9983611621
0.9837872188
0.9807413531
0.9884026334
0.9954822542
0.9943312377
0.9963831965
0.9775701886
0.9744313821
0.9923319440
1.0013038658
0.9965689638
0.9920980655
0.9999894212
0.9957691111
0.9880983423
0.9775426703
0.9783347729
0.9836861661
0.9910332525
0.9923981052
0.9842370295
0.9844692963
0.9893450488
0.9839350011
0.9910186427
0.9843250982
0.9859338805
0.9998960424
0.9930733103
0.9832706899
0.9931828278
0.9915085229
0.9811229798
0.9830841777
0.9884208972
0.9991001638
1.0014170327
1.0029830046
1.0132183177
1.0082678964
0.9941683949
1.0022691972
1.0173394159
1.0129880176
1.0088011150
1.0098620636
0.9978721952
1.0083164194
1.0081021481
0.9999417991
1.0067233901
1.0005407251
1.0084919761
0.9992457925
0.9877721664
0.9835819483
0.9845634531
0.9893786392
0.9991321037
0.9938712458
0.9837141593
0.9717384173
0.9598603683
0.9782663338
0.9982753363
0.9931723985
0.9806988952
0.9883357185
0.9937922569
0.9925871701
0.9758081641
0.9635118157
0.9962784812
1.0199845504
1.0031783010
1.0015007664
1.0161461197
1.0155528757
1.0024825517
0.9876026520
0.9852037182
0.9914287413
0.9893743253
0.9853988751
0.9935958948
1.0045198306
0.9816742971
0.9767143290
0.9852551267
0.9843931878
0.9820136419
0.9764416460
0.9596874967
0.9665747414
0.9686081640
0.9594902488
0.9681389202
0.9763832960
0.9810680840
0.9851800082
0.9884423671
0.9896791686
0.9983343563
1.0110760092
1.0120575702
1.0242697559
1.0210864632
1.0080184516
1.0095147096
1.0145147223
0.9931099817
1.0202449918
1.0163257355
1.0108629278
0.9899203852
0.9598333307
0.9606234639
0.9736487964
0.9773768594
0.9851819104
1.0011983026
1.0023676126
0.9930061309
0.9918035700
0.9854374357
0.9696801707
0.9378049923
0.9076566289
0.8811719441
0.8485565937
0.7749120641
0.7223074472
0.7018303300
0.7124764410
0.7675643059
0.8374082517
0.8978177068
0.9309759540
0.9532721464
0.9677735441
0.9799090493
0.9911800089
0.9926622648
0.9825994101
0.9695836898
0.9698379767
0.9865612943
0.9915922687
0.9816543003
0.9880175453
0.9916656455
0.9922803491
0.9984488533
1.0127986813
0.9964118937
0.9852471574
0.9905528313
1.0013071867
1.0082869304
0.9843911889
0.9665819070
0.9715137172
0.9811031316
0.9877442690
0.9847689490
0.9848039738
0.9843112558
0.9879583617
0.9970312915
1.0094528728
0.9949808595
0.9875987005
0.9906060841
0.9825700265
0.9711929908
0.9877823792
1.0093841708
1.0223044381
1.0210202166
1.0051266041
0.9958011537
0.9902685651
0.9868792747
0.9887985953
0.9886433293
0.9957834564
0.9914375144
0.9742249677
0.9796046736
1.0092826890
1.0062136054
1.0101098253
0.9728336939
0.9807400039
0.9963643264
0.9963677800
0.9738193378
0.9668307151
0.9651716355
0.9546973461
0.9510416764
0.9614142963
0.9657486365
0.9641515355
0.9659979971
0.9612024487
0.9694672235
0.9844764296
1.0083835505
1.0000428716
0.9743374108
0.9847189156
0.9737922406
0.9878988229
0.9736366500
0.9664704143
0.9573071876
0.9728367374
0.9912680774
1.0016338219
0.9953065321
0.9904975600
0.9893255291
0.9800037870
0.9752133889
0.9765628615
0.9729479408
0.9751144452
0.9894857123
0.9886809433
0.9816006751
0.9809100237
0.9727628983
0.9781089004
0.9902692710
0.9777372613
0.9962940941
0.9934715596
0.9889564381
1.0036122260
1.0103390999
0.9986418285
0.9953084068
1.0079256141
1.0091305440
0.9943946737
0.9934606238
1.0025897626
0.9988862633
0.9901478376
0.9722093712
0.9995491116
1.0121265930
0.9899323613
0.9764462446
0.9936515118
1.0043885885
1.0038517347
1.0010729412
0.9927086364
0.9875398333
0.9824714554
0.9921408072
0.9982007203
0.9905321178
1.0055846999
1.0170968904
1.0110731648
0.9833523381
0.9780521237
0.9797774724
0.9945714290
0.9700185480
0.9659691395
0.9740353264
0.9869090642
0.9938026174
0.9877786960
0.9818400356
0.9859192781
0.9914486056
0.9910407025
0.9847479053
0.9786587380
0.9746738498
0.9731300895
0.9753057135
0.9695244073
0.9745660042
0.9905856516
1.0129897276
1.0396180569
1.0247607331
0.9881991734
1.0009714929
1.0112820905
1.0156947545
1.0015216090
0.9880240697
0.9903926978
0.9952103516
1.0021613323
1.0077354723
1.0039662851
0.9892560987
0.9814443224
0.9963908991
1.0073156590
1.0239067911
1.0150114196
1.0120364755
1.0068999966
1.0090957253
1.0064770962
1.0037047281
1.0166837864
1.0223859202
1.0222934020
1.0188269256
1.0133981783
1.0102335333
0.9977573341
0.9918222623
0.9963469096
1.0024759184
1.0138493581
