#flux
0.9899690326
0.9770128164
0.9571654614
0.9454524768
0.9447683426
0.9436462764
0.9450362719
0.9638944905
0.9633442137
0.9731527573
1.0056914531
0.9989183788
0.9902245187
0.9890450311
0.9793020722
0.9760676749
0.9781933043
0.9854618660
0.9871452042
0.9891840201
0.9821421068
0.9553118047
0.9211099180
0.8953322863
0.8706505217
0.8325373748
0.7959754608
0.7812258195
0.7800872535
0.8177581996
0.8789257755
0.9316176844
0.9572212220
0.9739160467
1.0064992000
1.0199906788
1.0073095417
1.0098526663
1.0012767137
0.9889263969
0.9826718797
0.9734939157
0.9633708920
0.9645409845
0.9683025070
0.9651604671
0.9730050013
0.9741385272
0.9772845212
0.9761531961
0.9757482049
0.9782555136
0.9840248691
0.9941497982
0.9873215095
0.9914706462
0.9941210678
0.9988725265
0.9925264509
0.9819865191
0.9802755339
0.9820447513
0.9764646344
0.9718553664
0.9762101581
0.9680449557
0.9308597939
0.8783633518
0.8045836464
0.7397855280
0.7044547205
0.7000932252
0.7397687661
0.8228510657
0.8828485457
0.9163644293
0.9524380405
0.9618890257
0.9487295872
0.9326706896
0.9242830875
0.9252378904
0.9294380045
0.9336502916
0.9395049760
0.9483778289
0.9570289258
0.9464566715
0.9215775264
0.8850277341
0.8555806459
0.8569118653
0.8722185614
0.8856242835
0.9173256406
0.9233640441
0.9046760869
0.8638916164
0.7990303356
0.7262064454
0.6745701184
0.6621741557
0.6905365659
0.7553396622
0.8460561924
0.9246867655
0.9552075880
0.9704531349
0.9905903786
0.9940495469
0.9623653084
0.9125344717
0.8826627557
0.8943788991
0.9075546368
0.9198979356
0.9431600576
0.9693406741
0.9816122791
0.9867915955
0.9953041035
0.9957752265
0.9868297418
0.9773671562
0.9768298211
0.9840583411
0.9820042409
0.9812174386
0.9871691104
0.9790707298
0.9587659500
0.9446669448
0.9204979750
0.9015121849
0.8862546712
0.8842754690
0.8982345633
0.9111845903
0.9219344304
0.9430095427
0.9716277405
0.9852101310
0.9784125472
0.9727252802
0.9750380791
0.9718518938
0.9701769787
0.9788264636
0.9736500575
0.9711365906
0.9803233947
0.9786236761
0.9650549220
0.9878341543
1.0067784864
0.9965033295
0.9654594586
0.9166471085
0.8660875635
0.8360478404
0.8368504622
0.8604477164
0.8918265505
0.9241020385
0.9478845429
0.9559937055
0.9601242594
0.9613740723
0.9479417856
0.9455052083
0.9406980716
0.9324722836
0.9338805937
0.9139845681
0.8989811453
0.8818571719
0.8729670262
0.8795492876
0.9000765823
0.9214730603
0.9396047787
0.9538937574
0.9616098322
0.9658283263
0.9680417367
0.9628218930
0.9565492263
0.9624295495
0.9671446661
0.9598058527
0.9539816660
0.9513453246
0.9488277791
0.9463601494
0.9402993016
0.9369667951
0.9244898289
0.9017121221
0.8878969989
0.8630701891
0.8194469081
0.7637297439
0.7012755604
0.6302101208
0.5479240067
0.4658178933
0.3967888131
0.3389116104
0.2937753021
0.2491335714
0.2268678883
0.2159970284
0.2036392064
0.1943883704
0.1974297937
0.2039666441
0.2004691922
0.2122502357
0.2346940736
0.2584151062
0.2957672553
0.3396217522
0.3915019636
0.4547720551
0.5264311825
0.6098207995
0.6983530261
0.7691540730
0.8232251670
0.8724558479
0.8883145874
0.8775803587
0.8778522639
0.8688749386
0.8735263171
0.8910396121
0.8992510001
0.9072383619
0.9180481749
0.9456453255
0.9680137405
0.9731801397
0.9624989121
0.9623010988
0.9761706124
0.9830224729
0.9847789240
0.9887038644
0.9896107485
0.9889212342
0.9904859130
0.9936169525
0.9896161267
0.9813811438
0.9678721061
0.9356722267
0.9032991462
0.8788095683
0.8683368195
0.8810871721
0.8980560359
0.9219039430
0.9254494730
0.9216271515
0.9275166727
0.9315929925
0.9347633464
0.9403560386
0.9460867382
0.9545949032
0.9680878817
0.9826769495
1.0015109973
1.0020216241
1.0085821629
1.0059839220
0.9985938612
0.9845753505
0.9762429953
0.9793900572
0.9865141770
0.9892865427
0.9910994537
0.9999057792
1.0041931196
0.9956509522
0.9886989508
0.9883063017
0.9848865320
0.9826314026
0.9820310025
0.9930975849
1.0035076382
0.9977070253
1.0031538373
1.0013249314
1.0072613550
1.0119589613
1.0063417875
1.0041504506
0.9975012615
0.9984573150
1.0026678706
1.0003124362
0.9986381992
1.0000128080
1.0013133351
0.9984180004
0.9906509373
1.0049314877
1.0050884665
0.9914818344
0.9692299626
0.9648295970
0.9669468747
0.9481810147
0.9043174465
0.8441823557
0.7807873729
0.7247295206
0.7045422412
0.7193967183
0.7691129650
0.8456090677
0.9083232723
0.9458838695
0.9745775409
0.9832280996
0.9717605245
0.9644552619
0.9607467082
0.9709220375
0.9615093713
0.9641616900
0.9532666827
0.9642654818
0.9578637991
0.9591082573
0.9695191633
0.9684402363
0.9608307500
0.9591920805
0.9501141291
0.9358545480
0.9213129634
0.9078257238
0.9053044691
0.9183516494
0.9342795781
0.9377094027
0.9308388139
0.9285583837
0.9359867953
0.9411193865
0.9420097890
0.9635458704
0.9857214474
0.9963845569
1.0161685567
1.0149287382
1.0139115891
1.0162762109
1.0150357857
1.0111397096
1.0073818789
1.0024661868
0.9934301828
0.9826063561
0.9790861104
0.9814453156
0.9750703329
0.9755057068
0.9816187561
0.9995992943
0.9901253766
0.9379463217
0.8653067550
0.7678695079
0.6442257155
0.5534651271
0.5275992087
0.5636316570
0.6624228942
0.7784012565
0.8772759079
0.9451463787
0.9816368587
1.0036129592
1.0173551377
1.0193738395
1.0168376773
1.0139708051
1.0016441996
1.0135012098
0.9936723155
1.0094460744
0.9868094132
0.9872347804
0.9897410103
0.9646517871
0.9068922395
0.8246251804
0.7369628240
0.6764093666
0.6701297868
0.7159241479
0.7934594895
0.8736177277
0.9378383426
0.9846546791
0.9910528000
0.9849688316
0.9705016440
0.9268464843
0.8339335223
0.7300606037
0.6634200000
0.6174775520
0.6375719284
0.7061824532
0.7937400663
0.8586726467
0.9083368719
0.9365565880
0.9565002636
0.9780237570
0.9945289805
1.0045532090
1.0053029580
0.9920512273
0.9778009175
0.9816254849
0.9888190179
0.9827786300
0.9717522178
0.9558932395
0.9431672109
0.9453461071
0.9473590279
0.9480033991
0.9532898807
0.9592486286
0.9594192374
0.9614920735
0.9716312038
0.9683684751
0.9578407568
0.9469444560
0.9416237889
0.9684050059
0.9844492922
1.0046955705
1.0204321425
1.0230167884
1.0230937925
1.0270911337
1.0233140256
1.0068677655
0.9934965029
0.9890116877
0.9955263486
0.9917888891
1.0035974082
1.0163405222
1.0155920585
1.0150418087
1.0167662652
1.0104554640
1.0015133884
1.0001957250
1.0036934501
1.0060938624
1.0099214181
1.0189636831
1.0231395061
1.0005017236
0.9937220612
0.9866510191
1.0058488414
0.9978742093
0.9847353214
0.9772752247
0.9660958068
0.9651438743
0.9819869074
0.9882166571
0.9774091197
0.9773790142
0.9890161848
0.9936105608
0.9938772370
0.9859163466
0.9930266834
0.9958362590
0.9993531568
1.0016497212
1.0044274403
0.9992134813
0.9853196810
0.9867085575
0.9831680735
0.9587699203
0.9388200409
0.9333268994
0.9410552043
0.9536096747
0.9675465395
0.9820475752
0.9926983176
0.9952643330
0.9883698100
0.9790179897
0.9641411541
0.9355464018
0.9029172205
0.8652984211
0.8465048658
0.7998535814
0.7433262183
0.7020654807
0.7034543701
0.7546404669
0.8113977089
0.8690242082
0.9160236315
0.9445189229
0.9653550227
0.9787264411
0.9802203043
0.9835619519
0.9912090435
0.9860575184
0.9768812905
0.9646872953
0.9447261343
0.9476674748
0.9227573075
0.9412943193
0.9592773666
0.9797689571
0.9953387696
0.9912179464
0.9814335947
0.9715126539
0.9575504780
0.9435362259
0.9385617099
0.9491950967
0.9660153136
0.9764479861
0.9795660462
0.9701239782
0.9688106796
0.9790331000
0.9840832730
0.9916482548
1.0004068769
1.0028425742
0.9967864065
0.9723344447
0.9597502629
0.9554927380
0.9555452389
0.9611139131
0.9678143542
0.9797905416
0.9855421748
0.9810730633
0.9836225608
0.9944191621
0.9952920266
0.9832961948
0.9711345353
0.9662490714
0.9601619315
0.9448188608
0.9434338530
0.9550797240
0.9742407597
0.9812335095
0.9874337063
0.9970812257
1.0119594030
1.0142460003
1.0050815875
0.9906023298
0.9808656370
0.9842154490
0.9903492539
0.9817967133
0.9608875842
0.9435655095
0.9409960884
0.9605372447
0.9648345626
0.9760069508
0.9978621703
1.0094229782
0.9993356492
1.0111099494
0.9924630468
0.9492784006
0.8725986620
0.7864521892
0.7325750626
0.7158208359
0.7306515883
0.7844810212
0.8595724328
0.9216910716
0.9598861993
0.9799050794
0.9978951287
1.0021087166
1.0059469648
0.9965135068
0.9767953894
0.9759344434
0.9915683142
0.9854818052
0.9739612764
0.9797013617
0.9925501402
1.0047613869
1.0147032243
1.0180627522
1.0110955498
1.0002774632
0.9991576302
0.9978692739
0.9923886084
1.0018283545
0.9989747119
0.9962030604
0.9748556427
0.9812935873
0.9979205077
1.0083139427
1.0058718326
0.9905587751
0.9842869426
0.9747686276
0.9611071568
0.9662255831
0.9778491642
0.9824803097
0.9963776674
1.0013672978
0.9851092512
0.9720505579
0.9715332645
0.9738999971
0.9710538668
0.9647686734
0.9639181255
0.9584192917
0.9536488519
0.9638183410
0.9777385209
0.9990828943
1.0131023701
1.0117179667
1.0001950355
0.9916498545
0.9781283213
0.9784894418
0.9778578324
0.9757481844
0.9776800723
0.9846257320
0.9970861607
1.0018083600
1.0035935764
0.9984825199
0.9961725189
1.0047565457
0.9972914108
0.9858214354
0.9958942229
0.9966276216
1.0040745469
1.0120282226
1.0122304749
1.0136926646
0.9991626714
0.9707798426
0.9452202086
0.9258973163
0.9102094345
0.9062435158
0.9172752807
0.9337916877
0.9521194311
0.9654888939
0.9729591672
0.9817308918
0.9777660996
0.9755514558
0.9724422421
0.9735046438
0.9791112323
0.9719839825
0.9657767925
0.9697218562
0.9638752186
0.9496067873
0.9220114268
0.8866070812
0.8560770059
0.8399563046
0.8295630280
0.7939482695
0.7229815703
0.6389956406
0.5587828523
0.5083845742
0.5378922940
0.6269968503
0.7389106629
0.8374698291
0.8906984347
0.9387534738
0.9636178069
0.9706556980
0.9624444014
0.9603121342
0.9385005201
0.8858279077
0.8041381549
0.6993424191
0.6060656402
0.5662254705
0.5900297746
0.6623792566
0.7639989135
0.8604227103
0.9131024619
0.9436555865
0.9589922273
0.9849033548
0.9984517748
1.0046945510
0.9932465163
0.9836972235
0.9688488730
0.9800473181
0.9943131991
0.9993724126
0.9863379464
0.9681960368
0.9646784909
0.9632722082
0.9574584869
0.9477899249
0.9383993499
0.9387618858
0.9410780417
0.9740200917
0.9837923104
0.9813437295
0.9865704180
0.9680030526
0.9511129195
0.9217699307
0.9068931332
0.9187607728
0.9300132088
0.9377965528
0.9487704925
0.9539760522
0.9590886935
0.9716512998
0.9797047417
0.9893258419
0.9939635728
0.9894111477
0.9938245165
0.9911884360
0.9921581187
1.0127221326
1.0010026725
0.9868528260
0.9808713193
0.9787887396
0.9818772000
0.9870403271
0.9853181951
0.9787389286
0.9713898917
0.9382908503
0.8764845449
0.8206797095
0.7871421967
0.7837781382
0.8147960739
0.8732719236
0.9358996769
0.9788717311
1.0033792338
1.0074585738
0.9959711728
1.0058996809
1.0027576067
0.9792086830
0.9757217776
0.9784027328
0.9620561285
0.9246848122
0.8809669772
0.8518950559
0.8511523837
0.8708386728
0.8988641591
0.9308576074
0.9390875178
0.9038309692
0.8259717230
0.7412724624
0.6969402750
0.7059726668
0.7696997940
0.8607416720
0.9328830391
0.9739695429
0.9929002598
1.0017032167
1.0000810365
1.0054403251
1.0092513715
1.0017892994
0.9954562055
0.9924524573
0.9922106653
1.0026791875
1.0041837572
1.0021993201
1.0015289270
1.0012783772
0.9919509253
0.9863261974
0.9871738808
0.9938187822
1.0068842410
1.0073712533
1.0005437825
0.9958565352
0.9933039659
0.9966326796
1.0003755978
0.9964123459
0.9911601330
0.9933118397
0.9946831006
0.9872061775
0.9794057977
0.9718609162
0.9758989244
0.9931972482
0.9707063241
0.9836572947
0.9999748951
0.9964029732
0.9989348400
0.9902832593
1.0038377383
1.0072255708
1.0060192070
1.0081922232
0.9965861620
0.9758700252
0.9700442334
0.9799561110
0.9801715305
0.9624872497
0.9601803836
0.9863153766
0.9978834310
0.9983215592
1.0042297832
1.0187391603
1.0052802830
1.0140214384
1.0069575286
1.0072362188
1.0116132066
0.9825039103
0.9467639244
0.9209436680
0.9202687709
0.9385518587
0.9468756191
0.9515602041
0.9751143449
0.9970310948
1.0018463531
1.0054958461
1.0032843512
1.0218326141
1.0255210971
1.0034452956
1.0002456985
1.0010407006
0.9964324717
0.9942957174
0.9906585050
0.9814663407
0.9369962319
0.8678774448
0.8088820200
0.7745613833
0.7772767175
0.8125698230
0.8640684679
0.9261200150
0.9726739268
0.9908683564
1.0092338290
1.0117160202
0.9976350613
1.0086233326
1.0063719419
0.9890328106
0.9656330943
0.9605595823
0.9492903354
0.9338219528
0.9221631924
0.9222849477
0.9210087381
0.8979503738
0.8570509400
0.8165299196
0.7929222024
0.7987729773
0.8300246525
0.8767321103
0.9402139533
0.9827629103
0.9894742145
1.0193160236
1.0235665878
1.0068706944
1.0130959522
0.9902770389
0.9718191778
0.9629476735
0.9401528553
0.9218460987
0.9099847786
0.9122115043
0.9169124350
0.9251653393
0.9395690969
0.9472655287
0.9536200273
0.9460757255
0.9471593398
0.9614498747
0.9740106184
0.9859376764
0.9790022655
0.9639610036
0.9451585089
0.9216267829
0.8691355755
0.8047556765
0.7664990753
0.7644124990
0.7922763139
0.8409963364
0.9054659309
0.9633921868
0.9876670278
0.9891633625
0.9921871110
0.9914263777
0.9967300709
1.0122521969
1.0178809737
0.9942809117
0.9573525696
0.8822311906
0.7953801438
0.7052469630
0.6333697497
0.6166896969
0.6524586204
0.7204501555
0.8024309153
0.8632721710
0.8732101285
0.8306994335
0.7639235840
0.7171785125
0.7123936136
0.7342798745
0.7789102869
0.8501012721
0.9270993847
0.9649682275
0.9857952420
0.9952320288
1.0059535885
1.0223851710
1.0276453818
1.0153825350
1.0078533144
1.0051670904
0.9957655955
0.9910403887
0.9859137470
0.9755477946
0.9712259342
0.9771907141
0.9801705643
0.9760162311
0.9914649217
1.0068969492
1.0064878804
1.0045163855
0.9996282042
0.9931246078
1.0087551654
1.0056565706
0.9993112313
0.9922418992
0.9964036430
0.9942288264
0.9982697216
0.9985995071
0.9888534458
0.9724408755
0.9604083501
0.9585239705
0.9583319584
0.9577458247
0.9544094523
0.9558771457
0.9731778017
0.9941735389
1.0096214608
1.0049780642
1.0138321007
1.0050641896
1.0028736655
1.0073898500
1.0016827823
0.9943606031
0.9962431727
0.9986290301
0.9950001832
0.9939416935
0.9946127942
0.9888828150
0.9763567803
0.9540220004
0.9265671950
0.9103842112
0.9006363553
0.8995489952
0.8769426990
0.8274094652
0.7767932082
0.7525755458
0.7601056182
0.8008373479
0.8698740186
0.9473867930
0.9802723440
0.9744619813
0.9747163001
0.9700819447
0.9450311067
0.9241917292
0.9246287124
0.9301098543
0.9179134875
0.9058744265
0.8920859069
0.8988623163
0.9228018394
0.9023892808
0.9293533166
0.9272712112
0.9249364230
0.9374226115
0.9530199237
0.9639564035
0.9689118960
0.9678236561
0.9690070616
0.9719602182
0.9761995177
0.9839695921
0.9888235153
0.9902099465
0.9954060326
0.9953898012
0.9996851475
1.0070834686
1.0100181337
0.9942877943
0.9969221880
1.0056065433
1.0026534618
1.0056056818
1.0080887243
1.0043765949
1.0037996850
1.0078418098
1.0053581661
0.9828979192
0.9532940569
0.9370411476
0.9351217256
0.9393936785
0.9438116025
0.9522531027
0.9650682486
0.9690886079
0.9806885602
0.9826017700
0.9642795117
0.9671165818
0.9786308420
0.9770489623
0.9572452106
0.9467155001
0.9450766563
0.9445945095
0.9632863317
0.9862927550
0.9964204768
1.0003720386
1.0032368864
1.0021536691
0.9961018757
0.9853984597
0.9644431523
0.9617692657
0.9629710693
0.9827482269
1.0052953001
0.9985339849
0.9993928376
1.0012990476
0.9958887868
0.9857232903
0.9853328710
0.9801329160
0.9709868827
0.9634025451
0.9671345712
0.9816810941
0.9899577689
0.9873841576
0.9868515147
0.9893260185
0.9835430132
0.9733291298
0.9683514698
0.9613378193
0.9866855201
0.9993863208
1.0008965021
1.0023940960
0.9995658964
1.0010105476
1.0100302081
1.0179313985
1.0317714962
1.0206513915
1.0073589845
1.0090951254
1.0056213228
1.0045298602
1.0072601058
1.0036708831
1.0042836669
0.9861442371
0.9965709719
0.9856302665
0.9806620368
0.9684282810
0.9591440039
0.9708522243
0.9784128785
0.9924943564
0.9937472385
1.0028782666
1.0091897721
1.0173890149
1.0199234383
1.0127117789
1.0076209220
1.0102163034
1.0165384152
1.0146375671
1.0026179220
0.9738600319
0.9716042461
0.9646845307
0.9875081039
0.9968229791
0.9853316260
0.9725202448
0.9722352449
0.9830419415
0.9800457777
0.9745093826
0.9844317272
0.9852938267
0.9730142300
0.9680995639
0.9712583236
0.9723229881
0.9723899023
0.9750092153
0.9852353755
0.9998438062
0.9982566205
0.9956025124
0.9778570795
0.9604342280
0.9612535096
0.9563774590
0.9401176898
0.9267712259
0.9095196442
0.8899283693
0.8911270906
0.9027068409
0.9279280483
0.9486968717
0.9550354165
0.9624098492
0.9640242193
0.9507214132
0.9277081455
0.9207351176
0.9257527842
0.9515189015
0.9584558726
0.9338515177
0.8993468919
0.8405470091
0.7854443251
0.7035752649
0.6357937095
0.6096406515
0.6337551494
0.6920412477
0.7732326673
0.8693438183
0.9441847996
0.9801623440
0.9947454635
0.9986940810
1.0091609703
0.9962877816
0.9920946322
0.9858522126
0.9995591123
1.0013495038
1.0030785547
0.9964833789
0.9958435610
0.9861373173
0.9696210826
0.9706885219
0.9784734956
0.9839625064
0.9817240412
0.9843216253
0.9925215737
0.9927741033
0.9908542975
0.9936743982
0.9961716652
1.0079661114
1.0108873016
0.9987602257
1.0051976969
1.0091470115
1.0006243441
0.9949982656
1.0067892248
1.0031938277
0.9760887867
0.9260605089
0.8976494768
0.8678575775
0.8378513061
0.8308122654
0.8555305464
0.9035352398
0.9470179768
0.9713522294
0.9926741205
0.9996202984
0.9927213725
0.9763948421
0.9765061745
0.9670535398
0.9733737545
0.9735841800
0.9660597654
0.9697680979
0.9951960162
1.0079823999
1.0097862918
0.9974849714
0.9919189069
0.9820637242
0.9594777904
0.9468124757
0.9511639485
0.9566556233
0.9568235244
0.9633971632
0.9896942088
1.0000825665
1.0007283603
1.0052069070
1.0033540763
0.9957344633
0.9942584354
1.0031269468
0.9784356415
0.9457971632
0.8984208503
0.8350504319
0.7726700535
0.7386109051
0.7523982748
0.8060586006
0.8745096726
0.9356928769
0.9748133115
0.9933061933
0.9988705835
0.9940387897
0.9993199334
1.0012243381
0.9930815294
0.9957005544
1.0009978351
0.9879842991
0.9697029981
0.9600682805
0.9593250054
0.9499807265
0.9350337018
0.9271585468
0.9360324428
0.9503402738
0.9562586336
0.9628455226
0.9703529265
0.9591378747
0.9342455183
0.9174301168
0.9107372014
0.8893663851
0.8937268680
0.9012247443
0.9117126214
0.9262397923
0.9431346628
0.9528875838
0.9463649316
0.9034746229
0.8535441117
0.8194709564
0.8132618260
0.8414402704
0.8913700282
0.9387089725
0.9722211035
0.9975002716
1.0079286828
1.0114416412
1.0081300158
0.9978604006
0.9839343340
0.9749127681
0.9495253365
0.9183445396
0.8703100007
0.8396934924
0.8266204091
0.8331977705
0.8259724788
0.7983607440
0.7580349042
0.7199699421
0.7111362388
0.7391767771
0.7815844090
0.8113032421
0.8097035573
0.7866650730
0.7678840955
0.7889763919
0.8377035164
0.8904443454
0.9326297890
0.9559212931
0.9766629731
0.9881293566
0.9862313995
0.9813310904
0.9743307387
0.9717679538
0.9652607211
0.9372284071
0.8940746668
0.8612611789
0.8528823566
0.8687986337
0.9023261655
0.9367171392
0.9722258750
0.9801874064
0.9848954756
0.9798843796
0.9692303811
0.9582016930
0.9609555940
0.9549313858
0.9695026762
0.9749735936
0.9915779160
0.9998202894
0.9960808049
0.9849600760
0.9722341352
0.9616909238
0.9579513785
0.9716739473
0.9689539129
0.9845329659
0.9923513878
0.9877966783
0.9878568016
0.9823142408
0.9744007279
0.9699038549
0.9890228923
0.9978947551
1.0024059891
0.9972411647
0.9882137794
0.9881468134
0.9876366274
1.0003722377
1.0200147082
1.0163405926
0.9999113850
0.9912313761
0.9841264053
0.9720005582
0.9740207323
0.9881533781
0.9683544237
0.9620825885
0.9597888976
0.9647734529
0.9659231145
0.9712840804
0.9753516382
0.9721691549
0.9843537208
0.9811600113
0.9779495375
0.9768091976
0.9743851401
0.9844359336
0.9938747130
0.9952525219
1.0068604138
1.0107818819
0.9933867132
0.9963142485
0.9972596334
0.9819727313
0.9899479531
0.9877669108
0.9771811692
0.9744688200
0.9599118807
0.9276891381
0.8900839807
0.8478949626
0.8057479195
0.7750042207
0.7548862318
0.7508376281
0.7754684532
0.8240177464
0.8811705751
0.9225509842
0.9600295621
0.9794631859
0.9937733985
0.9863160609
0.9807344211
0.9697499867
0.9547889015
0.9697927186
0.9895299085
1.0007133518
0.9949328168
0.9897662413
0.9984807212
1.0095026152
1.0103991587
1.0056831746
0.9980402426
0.9885922158
0.9862756398
0.9780137725
0.9702705352
0.9745044876
0.9952482198
0.9995814154
0.9935941928
0.9904656869
0.9930274748
1.0056514752
1.0014902706
1.0059175400
1.0017550173
0.9974020077
1.0043432808
0.9989937866
0.9926464800
0.9978270745
1.0048015901
0.9997968051
0.9668045416
0.9573146646
0.9549102886
0.9449004098
0.9615777870
0.9745564618
0.9750843990
0.9911579859
0.9879677492
0.9844053870
0.9741089140
0.9839436924
0.9854766530
0.9646458545
0.9773116918
0.9736910077
0.8950056308
0.7761190066
0.6604577615
0.5591135295
0.5041875245
0.5356387254
0.6334991503
0.7610425390
0.8697576275
0.9403932240
0.9750348656
0.9757597503
0.9820454993
0.9836266118
0.9734016162
0.9608956749
0.9594849049
0.9647794881
0.9831947536
1.0019482055
1.0051522240
0.9992104916
0.9970481740
0.9925148534
0.9734948981
0.9538831517
0.9435074235
0.9182596115
0.9013879077
0.9081705235
0.9022682650
0.9106584583
0.9211051543
0.9283004235
0.9472445064
0.9642209649
0.9762097825
0.9845563197
0.9949312326
0.9952897269
0.9833037706
0.9720941220
0.9757608599
0.9805916849
0.9720314483
0.9799427307
0.9860527933
0.9889063155
0.9919813489
0.9894411603
0.9931460318
0.9955314946
0.9869588036
0.9876602925
0.9765443376
0.9506529423
0.9033212666
0.8567970938
0.8161088545
0.8044114308
0.8121387019
0.8491686319
0.9067021132
0.9388424410
0.9535274910
0.9719715936
0.9795647590
0.9711245978
0.9742575011
0.9866947054
0.9819604496
0.9746244763
0.9683473413
0.9628489429
0.9335481218
0.9045573833
0.8468746721
0.7834210398
0.7501113490
0.7566366603
0.7981364723
0.8644105954
0.9383857329
0.9904134420
1.0028752222
1.0023083307
1.0092388359
1.0035570076
1.0108124029
1.0013030757
0.9976875000
1.0043106892
0.9896355922
1.0092160998
1.0128646672
1.0034075013
0.9930000434
0.9780578000
0.9717347393
0.9646543812
0.9646665226
0.9715049970
0.9736963344
0.9760785397
0.9818570697
0.9884779747
0.9984136782
0.9916561565
1.0079186614
1.0104770428
0.9964687856
0.9978120734
0.9934835391
0.9858529848
0.9841102670
0.9664263086
0.9606301196
0.9496942019
0.9427498668
0.9548305797
0.9693378018
0.9850032088
0.9956171643
0.9933022572
0.9896280388
0.9844995196
0.9815268191
0.9821042280
0.9721811640
0.9754890640
0.9685592377
0.9652992929
0.9803724271
0.9913476808
0.9823385079
0.9865054262
0.9868072124
0.9927960507
0.9850634672
0.9710919601
0.9617502296
0.9733542337
0.9840715436
0.9713372355
0.9626501249
0.9655542258
0.9569089046
0.9547615326
0.9623574054
0.9635731244
0.9648873607
0.9837924111
0.9878318768
0.9908184884
1.0088399866
1.0013977704
0.9935173917
0.9943220201
0.9919596523
0.9792238873
0.9724581610
0.9755497804
0.9779150492
0.9790273265
0.9804962327
0.9805560416
0.9807383421
0.9771735894
0.9923520288
0.9833096632
0.9725892858
0.9431259987
0.9162745646
0.9099250651
0.8946779323
0.8971283596
0.9112719671
0.9281578536
0.9573909166
0.9702549253
0.9684011859
0.9672098414
0.9712720052
0.9723910320
0.9647548251
0.9678261892
0.9862541753
0.9817651566
0.9803365362
0.9820041327
0.9971663737
0.9938252836
0.9814831941
0.9846726100
0.9813297093
0.9856172935
0.9819546794
0.9776386950
0.9786570265
0.9779569956
0.9784879983
0.9804230514
0.9863315569
0.9882802119
0.9838176453
0.9898948597
1.0005227686
0.9983050937
0.9975658382
0.9994029208
0.9904534727
0.9708593081
0.9680355558
0.9532414262
0.9661485717
0.9574514123
0.9484810975
0.9318318494
0.9321856925
0.9407049899
0.9441855320
0.9474107372
0.9503018476
0.9518510605
0.9457338477
0.9264671865
0.9142435492
0.9236995570
0.9411702591
0.9465723184
0.9647317385
0.9732673763
0.9775849372
0.9728904429
0.9576025501
0.9519184265
0.9607818573
0.9614435191
0.9596766706
0.9733754258
0.9785273471
0.9786818681
0.9879420472
0.9914082439
0.9901459628
0.9971707604
0.9931167886
0.9763865987
0.9691852816
0.9676948057
0.9748524859
0.9720467569
0.9808102190
0.9805517328
0.9802950249
0.9863630047
0.9773811234
0.9783670438
0.9786657276
0.9767709007
0.9797911670
0.9794608265
0.9743234531
0.9752879959
0.9774260067
0.9746897672
0.9743164858
0.9719294624
0.9693586568
0.9560385449
0.9557744043
0.9698888814
0.9624985109
0.9364720032
0.9308492818
0.9361218429
0.9434264798
0.9471743530
0.9545677629
0.9630433297
0.9685428701
0.9611981504
0.9521387369
0.9577910362
0.9726100319
0.9743695359
0.9652100148
0.9682093599
0.9647225711
0.9607223293
0.9584866881
0.9468678633
0.9312305286
0.8955782465
0.8742664438
0.8531360072
0.8573817904
0.8657434172
0.8892532460
0.9249039753
0.9487394996
0.9469650407
0.9511868887
0.9694991271
0.9781212075
0.9724696410
0.9670834336
0.9637377212
0.9551068681
0.9652476538
0.9758210840
0.9767441727
0.9688907563
0.9648388556
0.9703146766
0.9781829462
0.9650312016
0.9500828194
0.9499785329
0.9549592677
0.9672153506
0.9824858287
0.9929454663
0.9885105853
0.9786218309
0.9754645299
0.9612405861
0.9254607116
0.8839855007
0.8245695268
0.7566064896
0.6790164603
0.5833049523
0.5352059618
0.5329926994
0.5692358855
0.6572998205
0.7705635209
0.8715009304
0.9359747579
0.9616423689
0.9752168962
0.9792574533
0.9810340479
0.9867212350
0.9863902614
0.9757539457
0.9571714248
0.9359673708
0.9310258463
0.9443941916
0.9681314369
0.9851805296
0.9987243628
0.9891629401
0.9625600840
0.9762538655
0.9713764473
0.9668773606
0.9750914518
0.9705863616
0.9489000708
0.9292090958
0.9107426332
0.8830860525
0.8622532190
0.8638533754
0.8713978127
0.8778910639
0.8990088339
0.9262804157
0.9593080788
0.9692291191
0.9514368018
0.9392384372
0.9443039912
0.9470833550
0.9559139954
0.9612086345
0.9673867058
0.9678275929
0.9550945542
0.9437875823
0.9283417503
0.9033326209
0.8743303605
0.8617558534
0.8776170777
0.8939557103
0.9135029907
0.9358112813
0.9577184050
0.9735307746
0.9626866990
0.9586084631
0.9460347619
0.9222932365
0.9032030582
0.8706042394
0.8440454558
0.8364476824
0.8412244730
0.8519918149
0.8682660151
0.8796155239
0.8716544650
0.8692814274
0.8947281696
0.9224163127
0.9567477811
0.9724109918
0.9716534728
0.9716283291
0.9525310871
0.9273274834
0.9051890469
0.9001075424
0.8837122281
0.8940219868
0.9285745590
0.9496872805
0.9585201835
0.9518535593
0.9409953219
0.9438722434
0.9548189039
0.9605062202
0.9590746816
0.9499667216
0.9352758268
0.9200901850
0.9133429491
0.9143335748
0.9145774666
0.9428676214
0.9593939845
0.9775116649
0.9870322971
0.9929334646
0.9766003250
0.9809591360
0.9915242986
1.0038671681
1.0047439815
0.9921849321
0.9870119572
0.9904415317
0.9809253564
0.9664024157
0.9710441000
0.9761680160
0.9908872414
0.9855162414
0.9679949853
0.9692002670
0.9909781231
0.9951554035
0.9861988862
0.9846187026
0.9799662484
0.9815261285
0.9947222183
0.9837074723
0.9728278142
0.9730422038
0.9732524072
0.9743516117
0.9716333116
0.9649119248
0.9671693469
0.9647408943
0.9469912307
0.9570063109
0.9601052910
0.9615371758
0.9739082295
0.9856239919
0.9926252327
0.9927897800
0.9818972424
0.9911671042
0.9889241029
0.9782297927
0.9713660016
0.9692942660
0.9603994614
0.9466316577
0.9459439057
0.9614450062
0.9736716346
0.9642974740
0.9653945083
0.9788917605
0.9729467658
0.9721412382
0.9776630425
0.9748338904
0.9859586432
0.9992228589
0.9854419978
0.9714969287
0.9569777798
0.9633921447
0.9786672850
0.9802690093
0.9712755796
0.9650776842
0.9624039601
0.9642121107
0.9742486732
0.9756625061
0.9699904326
0.9648883089
0.9656262063
0.9620525389
0.9645034669
0.9824000031
0.9784565983
0.9822200480
0.9900887466
0.9948748522
1.0045497378
0.9977445483
0.9801216846
0.9771862718
0.9774001680
0.9769154993
0.9779032838
