#flux
0.9041411943
0.8725716886
0.8210355246
0.7666046246
0.7481691417
0.7730288180
0.8234008051
0.8786333156
0.9196916819
0.9467095693
0.9820553983
0.9370832070
0.8977670481
0.8773020280
0.8517017026
0.8315193824
0.8434216786
0.8915792335
0.9476845402
0.9776966800
0.9898775378
0.9922745931
0.9929693778
0.9930754297
0.9734091416
0.9433273986
0.9199804521
0.9078420125
0.9214026647
0.9714277750
0.9748281767
0.9786675198
1.0115139528
0.9984983548
0.9911490116
0.9902424412
0.9797383389
0.9694043753
0.9332600306
0.8823884393
0.8398534966
0.8004332830
0.7674013898
0.7547898812
0.7584006022
0.7698030334
0.7830403560
0.7967805173
0.8122065554
0.8106159143
0.7873258687
0.7508724513
0.7482934100
0.7563423692
0.7824950779
0.8219583764
0.8550097034
0.8728583924
0.8731726960
0.8939444872
0.8999579684
0.8809405516
0.8618879327
0.8448750189
0.8334063127
0.8395476417
0.8556022432
0.8545678046
0.8295222401
0.7951385384
0.7536158253
0.7360699522
0.7523731241
0.7799650791
0.8220479841
0.8765672299
0.9223685135
0.9433018748
0.9455121378
0.9499847205
0.9575260672
0.9638032521
0.9381506037
0.8776147747
0.8304157395
0.8123851065
0.8057576004
0.8172028980
0.8601028805
0.8759509071
0.8553618733
0.8661775868
0.8782034890
0.8650148167
0.8205393293
0.7944673125
0.8001037546
0.7856450509
0.7588341048
0.7509606262
0.7632723509
0.7799642202
0.8027569473
0.8424000982
0.8905553657
0.9310031156
0.9647079324
0.9914063211
1.0004182245
1.0053973949
0.9944115931
0.9974811746
0.9931210732
1.0047005196
0.9945215738
0.9941245027
1.0083569875
1.0023915049
0.9950090071
0.9988056751
1.0088061296
0.9922098673
0.9507377828
0.9137979952
0.8916959708
0.8818730058
0.8785158133
0.8735592199
0.8722593202
0.8749083562
0.8303838937
0.8053943728
0.7574277823
0.7118368840
0.6660670653
0.6324768865
0.6323179876
0.6682844310
0.7208182182
0.7725315139
0.8127772953
0.8347012707
0.8526354749
0.8617946799
0.8611312587
0.8618762750
0.8486506642
0.8329694903
0.8318829888
0.8417184022
0.8667840937
0.9033028641
0.9509961333
0.9685326441
0.9898832823
0.9949350743
0.9672011497
0.9341541338
0.9048091115
0.8669182588
0.8407780234
0.8408209310
0.8574477634
0.8790470657
0.9002972577
0.9203470903
0.9342453946
0.9229808669
0.8805774950
0.8280721632
0.8005542175
0.8053278382
0.7982966651
0.8229759124
0.8489792967
0.8570329348
0.8331812202
0.8066568880
0.7847571852
0.7787218654
0.8030394941
0.8455967575
0.8886090132
0.9283636516
0.9508738786
0.9558673835
0.9645086752
0.9755439612
0.9910183178
0.9808684460
0.9759895029
0.9889817461
0.9781852156
0.9535044136
0.8956479762
0.8794057394
0.8739286108
0.8310197193
0.7895796656
0.7464398235
0.6949759458
0.6346031756
0.5647446065
0.4910448198
0.4114253971
0.3272408591
0.2521661875
0.1972368543
0.1742955162
0.1572747816
0.1378588870
0.1291344950
0.1248851318
0.1203701722
0.1271095775
0.1337478125
0.1304981113
0.1333651714
0.1612859660
0.1821726709
0.2016540236
0.2301747083
0.2721709853
0.3268811531
0.3903092267
0.4606088209
0.5380335063
0.6263536608
0.7102654824
0.7398025860
0.7516865765
0.7251207796
0.6555274522
0.5947751313
0.5812606324
0.6014634731
0.6409574789
0.7049347364
0.7878447429
0.8770984696
0.9364004352
0.9489051941
0.9395582831
0.9313103218
0.9251928111
0.9228486625
0.9303240536
0.9423500320
0.9470739477
0.9384929469
0.9267825298
0.9393097837
0.9260079735
0.9114996891
0.8705526630
0.8031898225
0.7349657271
0.6881068668
0.6788720236
0.7043134273
0.7490027363
0.8038225301
0.8393151036
0.8608523179
0.8756756231
0.8868801115
0.8959070836
0.8951482320
0.9060969905
0.9364192847
0.9654355174
0.9748195548
0.9772717091
0.9944659722
0.9814324163
0.9502986184
0.9288383148
0.8870990393
0.8484701355
0.8332001465
0.8314073113
0.8358867075
0.8577283778
0.8995727767
0.9385901103
0.9625805512
0.9683878130
0.9552620690
0.9340550471
0.9000236386
0.8966880599
0.9281464492
0.9526790666
0.9666456930
0.9924955807
1.0179228755
1.0216922082
1.0301103761
1.0267817337
1.0259343570
1.0347319989
1.0246783889
1.0164050223
1.0025561764
0.9828330729
0.9731677172
0.9665344220
0.9543228251
0.9466288873
0.9585427374
0.9920074000
0.9823843117
0.9410704092
0.8995739341
0.8402266256
0.7875459185
0.7598345165
0.7417225383
0.7160330620
0.6915296473
0.6912184240
0.7085600669
0.7219723040
0.7624632723
0.8171074080
0.8542402168
0.8797802751
0.8894494590
0.8694298141
0.8345217895
0.7879385995
0.7417317817
0.7141146908
0.7033037339
0.7231424514
0.7444318045
0.7849755854
0.8023779622
0.8346372484
0.8606896904
0.8854461152
0.8880113124
0.8588430049
0.8146079724
0.7674477370
0.7277262591
0.7169272251
0.7261461988
0.7306460653
0.7427412234
0.7435051253
0.7338015504
0.7554045354
0.8074870026
0.8771197373
0.9375904701
0.9790327734
1.0119703779
1.0354876942
1.0423490654
1.0368267076
1.0313666865
1.0109186051
0.9848918406
0.9731251547
0.9676165646
0.9629920967
0.9657935120
0.9623131863
0.9398290760
0.9183566145
0.9129988813
0.9017633396
0.8990592322
0.9191476951
0.9056907571
0.8697190358
0.7847862009
0.7190844596
0.6934406725
0.6836301170
0.7081066975
0.7846813315
0.8766702005
0.9347060192
0.9533150535
0.9681268869
0.9957459001
1.0151835884
1.0286468220
1.0482657655
1.0267064053
1.0180115894
1.0026279198
0.9882177272
0.9642043290
0.9289239620
0.9159529192
0.8978708116
0.8843399864
0.8729374915
0.8277084307
0.7827574504
0.7440513367
0.7287384823
0.7537229262
0.8126457330
0.8772300188
0.9177915756
0.9285448602
0.9134214221
0.8795568798
0.8460860755
0.8116252169
0.7891399357
0.7157560021
0.6938117091
0.7052297863
0.7061901765
0.7257255882
0.7570360432
0.7853213512
0.8035478920
0.8176437693
0.8486885828
0.9025411416
0.9525971182
0.9746503254
0.9662261133
0.9334327599
0.8963440327
0.8807101360
0.8849620155
0.8771242557
0.8586952441
0.8319849784
0.8153791435
0.8109012596
0.8137759604
0.8357474568
0.8417894904
0.8400211681
0.8331897389
0.8331669813
0.8151842846
0.7887769642
0.7692905300
0.7499561109
0.7442402032
0.7706871247
0.8138349245
0.8624277140
0.9174666600
0.9558608974
0.9669889451
0.9742060434
0.9732706628
0.9306576503
0.9079121872
0.8958631999
0.8890863951
0.8952425959
0.9191021622
0.9484862989
0.9702159721
0.9841331967
0.9928458563
0.9967092103
1.0032004890
1.0118420866
1.0109107088
1.0120987258
1.0146645267
0.9994500690
1.0025617420
0.9940677595
0.9731181597
0.9522229588
0.9251378816
0.8993380174
0.8803193334
0.8612491880
0.8553213096
0.8830726970
0.9176504341
0.9401662173
0.9548301753
0.9470296017
0.9178109588
0.9010735092
0.9023089905
0.9112485454
0.9398910360
0.9750587500
0.9959103214
1.0045334842
0.9977817933
0.9515797507
0.9048332422
0.9161271808
0.9189624838
0.9239629972
0.9353823526
0.9381622367
0.9643085411
0.9945201157
1.0032320549
0.9989650763
0.9938977307
0.9811139426
0.9409713752
0.8748890162
0.8197051109
0.7881199026
0.7445114175
0.7215804527
0.7044341921
0.6979163932
0.6720757398
0.6941690732
0.7542460362
0.8183590050
0.8850258052
0.9458233876
0.9879112072
1.0041241930
0.9978576797
0.9926306278
1.0095525079
1.0257551255
1.0061591787
0.9641061286
0.9283109322
0.9094782411
0.8723528968
0.8479349251
0.8485253809
0.8711377590
0.9134521727
0.9488320769
0.9495965951
0.9111006968
0.8521366333
0.7981039973
0.7635260714
0.7463599006
0.7372664856
0.7379630421
0.7566685728
0.7792362791
0.7906981539
0.8099692286
0.8375900292
0.8462623955
0.8520669107
0.8863932187
0.9129438884
0.9285407899
0.9484513679
0.9372734261
0.9071745029
0.8951807352
0.8999635711
0.8977234836
0.9136848867
0.9323237089
0.9347129308
0.9479761629
0.9612812972
0.9559510273
0.9379241324
0.8913732578
0.8461017301
0.8306524063
0.8406079958
0.8552445009
0.8593217129
0.8837039486
0.9297406564
0.9600642568
0.9677553988
0.9949516140
1.0171672480
1.0338356390
1.0208998773
0.9917511325
0.9755921786
0.9527614556
0.9068674904
0.8569311998
0.8147377955
0.7734197398
0.7300386301
0.7005239416
0.7133499749
0.7728524616
0.8520710274
0.9155547908
0.9573478119
1.0014482980
1.0032030278
0.9766728988
0.9298723130
0.8721819683
0.8293543958
0.8129666247
0.8209425120
0.8581087928
0.9180294508
0.9714675241
0.9956310734
0.9898514717
0.9666049848
0.9502981425
0.9391527372
0.9091264540
0.8822220186
0.8560763060
0.8427070302
0.8555336128
0.8828221285
0.9060483275
0.9248576723
0.9504613587
0.9710561602
0.9846465750
0.9935050554
0.9871160381
0.9659599310
0.9420326783
0.9141518431
0.8865903975
0.8804677262
0.8869978572
0.8940663788
0.9255929318
0.9591189111
0.9884260277
0.9859035177
0.9645101857
0.9517149287
0.9141343030
0.8859625471
0.8754781271
0.8733940265
0.8918198292
0.9235528206
0.9409051114
0.9307318648
0.8864345180
0.8230529494
0.7755081645
0.7554983556
0.7570686226
0.7541126961
0.7442336236
0.7630735581
0.8004801553
0.8627231198
0.9119649859
0.9257239497
0.9178200917
0.9136556759
0.9032683930
0.8656624359
0.8177891155
0.7969918547
0.8104670523
0.8382297053
0.8847270369
0.9501402035
1.0066620456
1.0354996315
1.0340798948
1.0304180585
1.0353158042
1.0278804290
1.0382768116
1.0352786905
1.0075243462
0.9972431461
0.9969079505
0.9902823514
0.9856119168
0.9833223945
0.9843908963
0.9872684405
0.9693006697
0.9448845029
0.9253971059
0.8952176169
0.8524255369
0.8215400172
0.8234813321
0.8464991208
0.8923211830
0.9350367982
0.9686947702
0.9753811335
0.9843100213
0.9858485909
0.9971314216
0.9861561189
0.9714037294
0.9717239995
0.9552941809
0.9319275437
0.9112010231
0.8771334413
0.8479207912
0.8373403320
0.8255709457
0.7936694268
0.7289479131
0.6495463873
0.5951095602
0.6210864135
0.6826204430
0.7447520342
0.8190261407
0.8764346061
0.8993412674
0.8793063266
0.8598510424
0.8518309090
0.8390398763
0.8300399595
0.8154572432
0.7690819017
0.7037649291
0.6540140736
0.6395242216
0.6664060299
0.7260137887
0.8015800525
0.8787400608
0.9289173684
0.9546276427
0.9790211023
0.9963152336
1.0135180035
1.0130138276
1.0195424465
1.0358724353
1.0323713827
1.0155873654
0.9999746503
0.9690193131
0.9151245864
0.8582301389
0.8129977501
0.7820719548
0.7596249841
0.7430679192
0.7459335565
0.7469778267
0.7547607560
0.8268110550
0.8957660614
0.9461250272
0.9572058970
0.9621330196
0.9671020416
0.9447553239
0.9057153647
0.8576574089
0.8215341361
0.7905239929
0.7641746705
0.7482993278
0.7484136481
0.7766382445
0.8286898830
0.8777299473
0.9142201436
0.9400015328
0.9498065226
0.9540109467
0.9638268386
0.9671922256
0.9611495869
0.9145838510
0.8669772410
0.8234350404
0.8074595779
0.8025316228
0.8086519453
0.8483128613
0.8907477639
0.9008921729
0.8960451198
0.8925790626
0.8894875827
0.9003706058
0.9281868580
0.9607317785
0.9903688568
1.0046819022
1.0042674387
0.9951366123
0.9811706850
0.9522130559
0.9446315327
0.9625187673
0.9762972863
0.9656595413
0.9588157456
0.9605510601
0.9522646252
0.9332716995
0.9305772951
0.9378891261
0.9468595517
0.9605399644
0.9494614871
0.9190044998
0.8731972607
0.8353382962
0.8251911316
0.8184737053
0.8405685768
0.9087648738
0.9626910086
0.9881800084
1.0050166827
1.0297873307
1.0304896710
1.0082758099
0.9755594047
0.9355315282
0.9072968893
0.9141840346
0.9363173834
0.9501716483
0.9607580869
0.9513581027
0.9291829201
0.8799629076
0.8598054919
0.8507082956
0.8467253686
0.8880958530
0.9423051330
0.9524272966
0.9489881994
0.9359391540
0.9143342323
0.9133841195
0.9292628746
0.9472134162
0.9725383681
0.9975368657
1.0079699314
1.0050378137
0.9924412467
0.9710894187
0.9386315039
0.9173233678
0.9164833868
0.9286737743
0.9381835670
0.9633794326
0.9585415843
0.9669419614
0.9497152168
0.9652413986
0.9819696228
0.9941243619
0.9676915785
0.9142838288
0.8596304177
0.8074508327
0.7628136339
0.7469348197
0.7683839336
0.8095796060
0.8628742730
0.9195704801
0.9528883329
0.9649261564
0.9719684707
0.9732510331
0.9745671808
0.9740339304
0.9721804994
0.9187542596
0.8463395528
0.7750117535
0.7218233290
0.7108307614
0.7352159908
0.7720941114
0.8144003036
0.8631126932
0.9095186228
0.9460048347
0.9732318724
0.9815383449
0.9893014208
1.0143826368
1.0486575330
1.0491269049
1.0283729391
0.9891015834
0.9557144038
0.9101598574
0.8492686741
0.7984759998
0.7582685195
0.7377233338
0.7506451724
0.7944203843
0.8547770704
0.9121136864
0.9551460316
0.9876335855
1.0085980980
1.0231942895
1.0361310870
1.0339980181
1.0183506999
1.0096132141
1.0136917004
0.9896990644
0.9698821346
0.9704570336
0.9627977484
0.9238928088
0.8893958574
0.8552096205
0.8269599498
0.8164330324
0.8358411305
0.8807476275
0.9279362936
0.9684427700
0.9932878486
0.9890804324
0.9928417384
1.0018434578
0.9930718909
0.9512016595
0.9296866012
0.9155143120
0.8606088722
0.7946553177
0.7493946510
0.7373930685
0.7462087152
0.7600609629
0.7885878211
0.8288745890
0.8580162690
0.8573978387
0.8296468720
0.7967721073
0.7812785776
0.7986112871
0.8552246716
0.9240472496
0.9891135293
1.0208037529
0.9998733117
1.0017298139
0.9787039402
0.9512466234
0.9397602843
0.9278025388
0.9327210427
0.9433324348
0.9672018220
0.9847895300
0.9891731045
0.9902212664
0.9907350969
0.9944124823
0.9997246840
1.0121031204
1.0336686241
1.0246828429
1.0065098876
0.9612114878
0.8960263649
0.8258894873
0.7776780621
0.7426529369
0.7416248720
0.7691174794
0.8011591816
0.8288800477
0.8417269457
0.8387498174
0.8311079135
0.8209003067
0.7975236034
0.7620993494
0.7397841606
0.7526012564
0.7927232859
0.8477959315
0.8940535774
0.9341434277
0.9717120372
0.9864644190
0.9912457792
1.0132299255
0.9955207334
0.9714299835
0.9314769381
0.8851443504
0.8427532950
0.8063089410
0.7846822538
0.7901690567
0.8215894783
0.8716554824
0.9315864626
0.9800529429
1.0047766936
1.0014539620
0.9894531700
0.9842771527
0.9722683713
0.9454851679
0.9419583211
0.9183985227
0.9269594486
0.9292765843
0.9118897684
0.8833991096
0.8598996978
0.8453190485
0.8340197952
0.8425529407
0.8718240990
0.9043128311
0.9426043878
0.9751700761
0.9859572411
0.9981980595
1.0084707940
0.9991441315
0.9918238623
0.9993672752
1.0131227321
1.0081468850
1.0128506160
1.0313497396
1.0202031152
0.9976412827
0.9974974292
1.0207990007
1.0328561412
1.0240294698
0.9999498162
0.9647259109
0.9235131789
0.8733010461
0.8347652766
0.8137527517
0.7785973793
0.7385689276
0.7243861094
0.7556335774
0.7907984789
0.8471258873
0.9114539087
0.9600005842
0.9867009943
1.0006391768
0.9989543373
0.9871786049
0.9702090525
0.9464079451
0.9179876547
0.8910339194
0.8653053576
0.8469418498
0.8560665633
0.8841396677
0.9110453207
0.9148241493
0.9041032650
0.8999521851
0.8971562613
0.9234577710
0.9779314025
0.9909733904
1.0000598489
1.0209582426
1.0276367756
1.0161145173
0.9872820722
0.9682780263
0.9706931449
0.9764142683
0.9810010305
0.9929322347
1.0090221578
1.0140983894
1.0075349574
1.0032239944
0.9847635757
0.9762625515
0.9921605629
0.9807101305
0.9829457335
0.9854897518
0.9819746118
0.9565239670
0.9241617885
0.8782395489
0.8049051520
0.7348194176
0.6987567376
0.7010265877
0.7365532152
0.7976650358
0.8732945693
0.9345877813
0.9687942574
0.9814750547
0.9881349029
0.9933782813
0.9657393852
0.9173007312
0.8668763899
0.8293370713
0.8044600798
0.8044808723
0.8572508821
0.9263913393
0.9597055351
0.9639889286
0.9595828948
0.9413758207
0.9040414850
0.8536156189
0.8025799489
0.7730669846
0.7747741534
0.8128205538
0.8720767620
0.9027218613
0.9073778503
0.9236443298
0.9479324787
0.9728874560
0.9822636248
0.9563715849
0.9213799700
0.8943785463
0.8795608476
0.8758206292
0.8810662321
0.9004188200
0.9267316916
0.9425044882
0.9475521460
0.9366669571
0.9032435869
0.8778561470
0.8700539123
0.9072584877
0.9431687208
0.9634604846
0.9899753525
1.0160111301
1.0284613694
1.0208335129
1.0195706214
1.0156143980
0.9952713312
0.9658520481
0.9575246800
0.9743190217
0.9868161760
0.9890095576
0.9851107687
0.9544391406
0.9296232544
0.9313741559
0.9138247606
0.9099774865
0.9148352776
0.9308278349
0.9675807450
0.9770893259
0.9953313308
1.0015657763
1.0101531423
1.0356289802
1.0339817099
1.0200861003
1.0164136491
1.0119730582
0.9842345527
0.9393791471
0.9076285319
0.8855024843
0.8590972294
0.8258468233
0.8138098074
0.8503346672
0.9029201000
0.9350284737
0.9585595325
0.9797908447
0.9861635913
0.9850341215
0.9776500636
0.9508213582
0.9222690162
0.8879260971
0.8620859079
0.8605517843
0.8783657169
0.9090436388
0.9310637958
0.9157930341
0.8929715748
0.9010663756
0.9147637794
0.9179928132
0.9471535750
0.9582416524
0.9809734235
0.9846200141
1.0011241191
1.0095393575
1.0179254603
1.0118083998
0.9786990183
0.9519138611
0.9256553880
0.8825669519
0.8215008227
0.7436026000
0.6832699390
0.6823514843
0.7139173406
0.7642500358
0.8260970877
0.8586095072
0.8481470087
0.8248881527
0.7994134499
0.7676846416
0.7544911624
0.7693910746
0.8011391351
0.8298433786
0.8859398763
0.9432562385
0.9721001881
0.9904005143
1.0028119264
1.0075459692
1.0139510725
1.0130880369
1.0076606246
1.0001739713
0.9982966129
1.0060875386
1.0001819890
0.9828478707
0.9487951602
0.8920473782
0.8364265307
0.8072214618
0.8052991001
0.8379839410
0.8872418043
0.9295796328
0.9558133608
0.9716859630
0.9814680557
0.9887934528
0.9932539479
0.9892116990
0.9863418603
0.9920178516
0.9908492437
0.9792922522
0.9856915610
1.0019507265
1.0134490232
0.9980167765
0.9943685135
0.9786831043
0.9429110383
0.9206464536
0.8667297350
0.8268139267
0.8403381189
0.8734721912
0.9113024439
0.9467461631
0.9610211085
0.9640671773
0.9516417736
0.9116004374
0.8971806305
0.8949442960
0.9242669839
0.9283613049
0.9459300179
0.9624716563
0.9890999053
1.0037097754
1.0168857694
1.0083970201
0.9675460733
0.9102298941
0.8517737701
0.7932264461
0.7628182999
0.7738304806
0.8084185022
0.8680254407
0.9377523956
0.9679029333
0.9812066062
0.9913325754
1.0266642598
1.0224001597
0.9942752681
0.9933948326
0.9502343335
0.9048845489
0.8500588696
0.8166180892
0.8167557691
0.8478083181
0.8850076939
0.9118134387
0.9257725013
0.9393853808
0.9580319184
0.9720362865
0.9783478057
0.9749821322
0.9672404576
0.9710040381
0.9803929706
0.9704018604
0.9606605746
0.9601056592
0.9482323047
0.9175892599
0.8897655527
0.8734683872
0.8685521874
0.8715548640
0.8777950022
0.8829642584
0.8799317507
0.8716678351
0.8654407447
0.8631725604
0.8613475894
0.8530344771
0.8469173089
0.8369481154
0.8089774326
0.7716898902
0.7545342357
0.7570765676
0.7849265927
0.8448614998
0.8835473809
0.8813275124
0.8651459351
0.8665579797
0.8522376959
0.8522616100
0.8868883455
0.9330223266
0.9763619027
1.0126514283
1.0379120994
1.0526778912
1.0418966750
1.0129754119
0.9840346413
0.9482312052
0.8944567347
0.8349986187
0.7874528736
0.7960925248
0.8318107084
0.8721670414
0.8913003548
0.8664463050
0.8392924379
0.8326934247
0.8357628197
0.8437151966
0.8574617938
0.8654728905
0.8558787415
0.8253066858
0.7737369000
0.7282454599
0.7108582382
0.7501533665
0.8297133658
0.9063136529
0.9649190452
0.9970764179
1.0078545106
1.0080163674
0.9720761657
0.9236107253
0.8763677894
0.8366850043
0.8120441984
0.8070619537
0.8263929318
0.8572083506
0.8867111938
0.9177415645
0.9291208945
0.9244144048
0.9222807251
0.9353871503
0.9124433399
0.8970159363
0.8874379394
0.8999597703
0.9002467501
0.9238658046
0.9484823723
0.9652330226
0.9639768018
0.9433867725
0.9125456056
0.8712739637
0.8321582650
0.8134229419
0.8190591759
0.8507019903
0.8957219640
0.9229545992
0.9227087958
0.8889822642
0.8621611614
0.8715762469
0.8635366361
0.8918833936
0.9197790178
0.9139352115
0.9031921296
0.8787119725
0.8922213456
0.9197526448
0.9450130847
0.9665877736
0.9682009543
0.9546033221
0.9325013653
0.8850592284
0.8258164188
0.7765697803
0.7379297943
0.7317547842
0.7535699734
0.7923090158
0.8320758803
0.8898577809
0.8932466564
0.8982177829
0.9038250880
0.9063778480
0.9099914540
0.9234251986
0.9300798265
0.9323657654
0.9460664210
0.9632546314
0.9695840847
0.9664716829
0.9636017885
0.9788243262
1.0005232747
0.9923988443
0.9964122629
0.9753398738
0.9448231027
0.8869600459
0.8706266795
0.8481157533
0.8142964786
0.8069913140
0.8264690338
0.8392646667
0.8225791687
0.7810410832
0.7392836330
0.7179512328
0.7213416201
0.7510788024
0.7934156183
0.8178172684
0.8514304292
0.8905244396
0.8959785298
0.8746744969
0.8464451141
0.8493842050
0.8885358671
0.9266095415
0.9567095643
0.9632903813
0.9518205539
0.9496337178
0.9457579744
0.9467106693
0.9583701718
0.9696002116
0.9667429889
0.9581264798
0.9549621437
0.9462480502
0.9599163947
0.9724767571
0.9917827448
1.0147780684
1.0149755814
1.0193145521
1.0215941953
1.0006294912
0.9869805265
0.9650287542
0.9234537509
0.8968194140
0.9012259364
0.9137646922
0.9223123512
0.9035039728
0.8483233203
0.7900844455
0.7513127494
0.7378093667
0.7655625850
0.8106740159
0.8428323385
0.8725296536
0.8930051553
0.9032786531
0.8980484393
0.9107111972
0.9076542518
0.8810153365
0.8922869789
0.8972478514
0.8649088133
0.8064460894
0.7290880555
0.6450024511
0.5884652956
0.5934697132
0.6669338486
0.7826804065
0.8893565589
0.9452707917
0.9710851581
0.9744617464
0.9575724641
0.9568554203
0.9431072939
0.9050309137
0.8853763098
0.8966301467
0.9362298786
0.9646985346
0.9770321493
0.9703332827
0.9546070808
0.9321282881
0.9026578878
0.8808918333
0.8643502469
0.8361510669
0.8108668454
0.7925041124
0.7976450600
0.8398536924
0.8705762378
0.8634993726
0.8483797532
0.8510249437
0.8911754488
0.9440448260
0.9777486789
0.9957597878
0.9872080125
0.9749279057
0.9359364121
0.8784247811
0.8451232817
0.8563134496
0.8953189014
0.9265779128
0.9491438043
0.9809814913
1.0097491852
1.0116823079
1.0175844647
0.9858501822
0.9203074090
0.8450296214
0.8151739970
0.8041172735
0.8160612433
0.8556360534
0.8918331256
0.9155557700
0.9436016457
0.9637335541
0.9582350677
0.9400047406
0.9221704125
0.9101865138
0.9215323383
0.9449578935
0.9579281542
0.9490599849
0.9351907322
0.9008111468
0.8608220683
0.7789755321
0.7123411444
0.6770653004
0.6433229030
0.6299955058
0.6563751889
0.7306825655
0.8232497059
0.8971866673
0.9426812198
0.9567679982
0.9464991280
0.9258944025
0.9023512432
0.9088801111
0.9299834146
0.9592696082
0.9664901799
0.9754024872
0.9738557316
0.9465020095
0.9032311882
0.8346055986
0.8236308389
0.8029121089
0.7877217512
0.7879033391
0.8104656597
0.8461158574
0.9041836117
0.9623721060
0.9877634174
0.9984506478
1.0057888866
1.0056679326
1.0025055590
0.9741727692
0.9258162725
0.8833234553
0.8469169703
0.8287782150
0.8048093693
0.7876404661
0.7828786929
0.7923997219
0.8107930745
0.8733298892
0.9314916070
0.9548139947
0.9543870296
0.9290944547
0.8802890951
0.8233189513
0.7742311479
0.7607051515
0.7779028278
0.7912740952
0.8038581385
0.8033757438
0.7954169350
0.8084416533
0.8389374509
0.8511655210
0.8678101398
0.8868314797
0.8888599372
0.8990163481
0.9225040573
0.9325501934
0.9244811269
0.8949539785
0.8403526371
0.7927236863
0.7868484957
0.8171943540
0.8639055197
0.8965949763
0.9279294522
0.9325131070
0.9225084497
0.8995685704
0.8663485312
0.8649154974
0.8659694755
0.8571152147
0.8556544509
0.8480316265
0.8339122775
0.8147309222
0.7974809336
0.7858077864
0.7955373704
0.8206795416
0.8360885810
0.8549371299
0.8692984766
0.8946435492
0.9240365441
0.9275465234
0.9504842037
0.9783767785
0.9875463158
0.9795623129
0.9671833892
0.9706735983
0.9834631166
0.9857108899
0.9742925596
0.9337758150
0.8979840559
0.8764252853
0.8618915112
0.8763010663
0.9133360469
0.9331079618
0.9317726963
0.9159684670
0.8807093662
0.8644325208
0.8654788025
0.8609099442
0.8782185648
0.8883939397
0.9210906225
0.9662640117
0.9706949262
0.9703126530
0.9466466216
0.9294661057
0.9250246434
0.9422981742
0.9851419608
1.0165037253
1.0196238328
1.0150307627
1.0035797431
0.9977202581
0.9688864309
0.9162833255
0.8634180028
0.7910178624
0.7496891351
0.7308402253
0.7097591033
0.7158742652
0.7368977824
0.7485328557
0.7500677450
0.7430660016
0.7239275784
0.7012176392
0.7021443572
0.7358061518
0.8018824313
0.8915106898
0.9534394431
0.9715542458
0.9433046067
0.9302704059
0.9390138171
0.9141754701
0.9129696599
0.9503816199
0.9749379888
1.0021268373
1.0214060952
1.0182837953
1.0200921045
1.0197317269
1.0118573062
1.0051370628
0.9899254738
0.9632515700
0.9226647996
0.8659704079
0.8234807729
0.7910167538
0.7761426536
0.7959468946
0.8246950109
0.8676317709
0.9044446519
0.9081909531
0.8901110888
0.8672973741
0.8463034996
0.8335588582
0.8456525191
0.8699274822
0.8891516510
0.8843882982
0.8642986237
0.8369775397
0.8079724209
0.7990654294
0.8048855824
0.8113715565
0.8334805504
0.8218134925
0.7938557731
0.7744691906
0.7660490840
0.8028378259
0.8366028114
0.8578709163
0.8559358235
0.8451450129
0.8509306358
0.8879444021
0.9196447234
0.9483221606
0.9770893399
0.9833687538
0.9574958829
0.9228557247
0.9038204127
0.8930768757
0.8985720726
0.9060014983
0.9169292897
0.9248422281
0.9381069651
0.9406830277
0.9541744025
0.9608318068
0.9542032585
0.9461340436
0.9436835170
0.9265763816
0.9097844276
0.9044885731
0.8994861230
0.8900471685
0.8769234580
0.8653554086
0.8775728226
0.9208627406
0.9630136348
0.9739619386
0.9580187351
0.9422040406
0.8967752233
0.8573291859
0.8258052219
0.8016583204
0.8250325228
0.8805079302
0.9133926947
0.9325251866
0.9083683940
0.8634564700
0.8345929086
0.8285812582
0.8353792397
0.8321013563
0.7940269837
0.7268300760
0.6599893187
0.6023650775
0.5755513122
0.5862242859
0.6707535339
0.7727148439
0.8632443560
0.9208000811
0.9637668613
0.9874895113
0.9884861421
0.9812585051
0.9633922855
0.9292429303
0.8730091926
0.7997770912
0.7441627938
0.7438229254
0.7819263877
0.8237017978
0.8853915727
0.9385394076
0.9772114980
0.9760612301
0.9696381855
0.9527109915
0.9403292560
0.9330375440
0.9329344596
0.9156239661
0.8795753282
0.8254646657
0.7780207244
0.7545098222
0.7540624889
0.7736356806
0.7966454527
0.8112574125
0.8254032396
0.8383820396
0.8550217885
0.8865709022
0.8843812263
0.8766801324
0.8777884225
0.8694689590
0.8720112242
0.8769343956
0.9034728194
0.9283071400
0.9082796757
0.8536249125
0.8090014869
0.7771697495
0.7795035950
0.8127963761
0.8611600263
0.9066775769
0.9448253124
0.9821946412
0.9891668103
0.9814488398
0.9360275349
0.8753656400
0.8426350161
0.8286893811
0.8242660688
0.8013532571
0.7932310565
0.7940673328
0.7990354779
0.8330220327
0.8510593459
0.8704985743
0.8880578159
0.9064480042
0.9349902431
0.9648149273
0.9731420209
0.9531053280
0.9361494120
0.9286251265
0.9097277549
0.9068174340
0.8836047017
0.8603388962
0.8539567241
0.8661939019
0.8758948797
0.8777578127
0.8758441471
0.8788953929
0.8586811979
0.8392419102
0.8325756014
0.8291563400
0.8427311899
0.8591359388
0.8558414491
0.8505231030
0.8452755403
0.8364106194
0.8256990851
0.8428202961
0.8464530082
0.8531714501
0.8703309115
0.8813843504
0.9251232088
0.9632940663
0.9929025000
1.0010306968
0.9954233304
0.9748928706
0.9304444542
0.8753220304
0.8245147750
0.7928150781
0.7908431369
0.8123890181
0.8472019316
0.8902870234
0.9404446830
0.9631547141
0.9432034229
0.9357866948
0.9577866476
0.9485184378
0.9348730577
0.9005231305
0.8593872486
0.8121853974
0.7828260894
0.7629329864
0.7423108485
0.7449739572
0.7668036052
0.7841647623
0.7985358445
0.8155739857
0.8290383057
0.8492263041
0.8849013036
0.9045746570
0.9211194596
0.9197558026
0.9156688484
0.8689075639
0.8197678790
0.7933921064
0.7783542416
0.7782990259
0.7636186594
0.7516554278
0.7634900524
0.7803213630
0.7961662351
0.8230221609
0.8614837684
0.9011444259
0.9315275852
0.9497963731
0.9681393317
0.9977602160
1.0087348498
0.9828454239
0.9601596711
0.8923546808
0.8248644184
0.7922049902
0.7911814839
0.8034240583
0.8296462714
0.8653429393
0.8970704898
0.8904434948
0.8697989632
0.8533988479
0.8368030957
0.8165770088
0.7870796385
0.7680308790
0.7702661087
0.7808839884
0.7998146082
0.8223575844
0.8505147117
0.8754497146
0.8951317733
0.8996611709
0.8977345536
0.8626850704
0.8466080803
0.8237387352
0.8023939837
0.8212957975
