#flux
0.9902193850
0.9668932691
0.9493005300
0.9387478288
0.9387443507
0.9458617455
0.9458926583
0.9577671295
0.9629898303
0.9850372735
1.0002433890
0.9943697534
0.9958220663
0.9855954679
0.9760070338
0.9711972089
0.9724858630
0.9803806984
0.9803645449
0.9870798556
0.9909947433
0.9645486068
0.9369574549
0.9183628986
0.8791555312
0.8249087914
0.7789397209
0.7544789751
0.7671990308
0.8052256338
0.8573140621
0.9194745529
0.9682758008
0.9751673383
0.9780828273
0.9857551876
0.9829578673
0.9780821420
0.9771184668
0.9697259472
0.9505750808
0.9349445057
0.9334206099
0.9368189079
0.9372075610
0.9396102677
0.9512722458
0.9668357424
0.9634903615
0.9554089348
0.9676636975
0.9802597754
0.9552933692
0.9723526275
0.9704545499
0.9717904648
0.9811505048
0.9707870408
0.9604629910
0.9670862654
0.9797016071
0.9854631214
0.9772584106
0.9781199454
0.9854432135
0.9716665367
0.9396629355
0.8851313234
0.8083400314
0.7308395789
0.6867477597
0.6880990008
0.7127380308
0.7890339491
0.8708117270
0.9274403004
0.9466188408
0.9550651003
0.9486632755
0.9406658989
0.9436434041
0.9344421007
0.9234317284
0.9268981250
0.9326605756
0.9289543160
0.9273886710
0.9353114152
0.9226475956
0.8883707365
0.8564654203
0.8408317975
0.8421464972
0.8672515113
0.9015928016
0.9460829765
0.9333553561
0.8710932573
0.8051495767
0.7354694246
0.6701678832
0.6533241647
0.6843062168
0.7497684691
0.8348346740
0.9153184144
0.9760721737
1.0042669322
1.0020392913
0.9940455792
0.9712622539
0.9304863770
0.9010149422
0.8645005182
0.8845537997
0.9051955919
0.9410658343
0.9651711013
0.9827547912
0.9799677062
0.9617191788
0.9557147473
0.9674734421
0.9794469374
0.9801368130
0.9827447760
0.9949129179
0.9964039110
0.9839953191
0.9747521802
0.9701581431
0.9437662773
0.8985326871
0.8844484733
0.8785106816
0.8719285315
0.8640178728
0.8746381927
0.9089141466
0.9410741321
0.9590135033
0.9653228895
0.9655818802
0.9652810955
0.9644379673
0.9642852578
0.9670062019
0.9693469984
0.9665809220
0.9565287024
0.9699573049
0.9901250576
0.9984351019
0.9929067822
0.9741719084
0.9670315017
0.9459677964
0.9064492192
0.8746263756
0.8415234505
0.8173396134
0.8296544154
0.8695550595
0.9019495036
0.9172355269
0.9329076681
0.9494534522
0.9525587815
0.9454940595
0.9300719602
0.9135984668
0.9033470732
0.9019037872
0.9100320149
0.9081388603
0.8783313842
0.8517051795
0.8535472665
0.8611099259
0.8934530601
0.9300072263
0.9476639029
0.9557461844
0.9628200108
0.9737542909
0.9977758551
1.0342763467
1.0718376854
1.0918897973
1.0940094197
1.1427984547
1.1672542216
1.1329238686
1.0999366674
1.0742234190
1.0360251853
0.9962246751
0.9625560678
0.9108145620
0.8451209287
0.8051969555
0.7668677268
0.6991511444
0.6235887977
0.5522274341
0.4855336953
0.4241830366
0.3584045113
0.2998278796
0.2654616014
0.2374159015
0.2353895868
0.2271291866
0.2047379409
0.2036496452
0.2045154362
0.2095281406
0.2213695239
0.2391532452
0.2647958783
0.2961631845
0.3274536707
0.3686696961
0.4331241445
0.5049877380
0.5727944590
0.6490745873
0.7366448258
0.8145961587
0.8586400707
0.8651416334
0.8551388782
0.8557700167
0.8655873888
0.8351283103
0.8413073231
0.8745129901
0.8883413317
0.9068426074
0.9329340933
0.9496740081
0.9492783215
0.9528915618
0.9797836700
0.9861111974
0.9622690609
0.9604338220
0.9777185271
0.9735419170
0.9676056720
0.9669469467
0.9714455664
0.9812946329
0.9747965827
0.9351252887
0.8981104581
0.8775581639
0.8630009999
0.8541594680
0.8658338325
0.8845774941
0.9075686937
0.9255782940
0.9276043144
0.9234537961
0.9269107223
0.9299012679
0.9336493091
0.9549264820
0.9871653766
1.0154298204
1.0036464371
0.9974038171
0.9896775880
0.9821417631
0.9957392425
0.9996911252
0.9840521438
0.9859277274
0.9831625800
0.9785323880
0.9917922283
0.9994152825
0.9876389288
0.9772029032
0.9834542693
0.9951982713
0.9941533841
0.9791069607
0.9694719755
0.9794398720
0.9903076789
0.9779326556
0.9704332640
0.9673920663
0.9879459193
1.0187609537
1.0156030031
1.0105024513
0.9941215769
0.9811716853
0.9901687769
0.9945227997
0.9947418742
0.9941231677
0.9976070208
1.0057080301
1.0108982253
1.0084132186
0.9981292633
0.9900434601
0.9866048954
0.9859985609
0.9801966875
0.9598476522
0.9297912053
0.9030637631
0.8720770286
0.7778651805
0.7107990840
0.6913597300
0.6848696075
0.7278728756
0.8116145844
0.8888798265
0.9312148276
0.9432685806
0.9496623141
0.9532096938
0.9414913459
0.9338886463
0.9235334310
0.9128081644
0.9155453634
0.9228656278
0.9377767789
0.9448783649
0.9581479726
0.9715478304
0.9674139255
0.9678564396
0.9647462045
0.9559414364
0.9324531332
0.9119389784
0.9000852431
0.8935416377
0.9021632503
0.9209260890
0.9238949698
0.9102671716
0.9057585582
0.9150176364
0.9211092298
0.9404875111
0.9564514413
0.9812643678
0.9919099420
1.0036990745
1.0030914405
0.9914314433
0.9933641684
1.0045286810
1.0080339884
1.0026142601
0.9987926432
1.0023838965
0.9996768030
0.9930488422
0.9934399221
0.9843923415
0.9816437657
0.9671402858
0.9577356333
0.9625611050
0.9593390203
0.9047677034
0.8002145315
0.6851897684
0.5760298715
0.5138370150
0.5411843440
0.6380489567
0.7547635214
0.8598230242
0.9405157983
0.9847040810
0.9965268273
0.9964309288
0.9973778293
1.0021760686
1.0060689110
1.0069474731
1.0096210372
0.9954414103
0.9837240806
0.9790330378
0.9695363037
0.9678059527
0.9606432920
0.9363854856
0.8541426052
0.7485579513
0.6747371618
0.6505907228
0.6861098309
0.7770111427
0.8763702850
0.9391184377
0.9685691996
0.9777985709
0.9699649660
0.9659756187
0.9281144064
0.8507597777
0.7724633514
0.6771029323
0.5993460020
0.6061244107
0.6763681424
0.7655390678
0.8285164334
0.8794568723
0.9452640268
0.9795365152
0.9993154429
1.0147621711
1.0249235284
1.0282789053
1.0107969808
0.9799974655
0.9442561868
0.9269048795
0.9440260577
0.9494606334
0.9528164818
0.9491258686
0.9333601472
0.9416870166
0.9463830589
0.9376728776
0.9285165835
0.9115161285
0.9190227503
0.9460076382
0.9602462178
0.9580753246
0.9528359515
0.9548848754
0.9582626705
0.9597046241
0.9820152253
1.0027846389
0.9978769199
0.9974188476
1.0059844426
0.9960997250
1.0022156232
1.0056459391
0.9866430834
0.9820959880
0.9939413529
0.9811067035
0.9831102666
1.0020778780
1.0091856547
1.0212795001
1.0267863443
1.0183096239
1.0192078762
1.0205779988
1.0152743814
1.0111271055
1.0062247968
0.9937994788
0.9886186883
1.0065581951
1.0117940084
0.9751211362
0.9540784005
0.9513095023
0.9611068853
0.9672088734
0.9678836033
0.9785143504
0.9891612938
0.9849098175
0.9747829822
0.9732252144
0.9775953212
0.9788512922
0.9783545548
0.9832307291
0.9915466634
0.9981581308
1.0240161870
1.0084857400
0.9947637472
0.9803481707
0.9766365738
0.9713654804
0.9523249896
0.9225210514
0.9067688370
0.9138710288
0.9367185359
0.9724875936
1.0002087998
0.9924830430
0.9752236469
0.9706692830
0.9564794209
0.9511437739
0.9230770306
0.8952017932
0.8803286466
0.8449120996
0.7873673894
0.7419841442
0.7061878290
0.6895583144
0.7141151079
0.7700486644
0.8442954745
0.9128510934
0.9451364756
0.9587817854
0.9646758376
0.9731023460
0.9840080885
0.9907906807
1.0045434110
1.0165251759
1.0374985412
1.0291586511
0.9882792431
0.9596736582
0.9636509525
0.9941871351
1.0111302629
0.9827721644
0.9907945831
0.9753974088
0.9705683362
0.9584765542
0.9428723117
0.9434702739
0.9564457899
0.9596664355
0.9659509987
0.9820453344
0.9750062176
0.9609528103
0.9642171399
0.9577989407
0.9497474180
0.9578647839
0.9862745265
0.9768849716
0.9703284976
0.9587271644
0.9459066370
0.9166502933
0.8822264612
0.9058606157
0.9515578695
0.9887603950
1.0054784810
1.0036521626
1.0013440266
0.9969428162
0.9809401782
0.9699950115
0.9649065584
0.9656088357
0.9682484220
0.9744862358
0.9866177506
0.9809892182
0.9859672643
1.0044191986
1.0024748630
1.0001669917
0.9982903827
0.9920258718
0.9863551911
0.9841202406
0.9773209399
0.9644571045
0.9629657684
0.9654327103
0.9553819784
0.9429957260
0.9147575089
0.9141580436
0.9499782990
0.9600557601
0.9972618151
1.0202572707
1.0061356129
0.9957357076
0.9749555583
0.9144895920
0.8254705475
0.7408264443
0.6907712782
0.6946379439
0.7474815945
0.8341365249
0.9117552901
0.9551460129
0.9860355721
0.9988521570
0.9834728511
0.9931911789
0.9982668380
0.9841254682
0.9704996421
0.9606480652
0.9736263521
0.9886812188
0.9939293604
1.0021564220
1.0035130390
0.9987179923
1.0105660631
1.0235521892
1.0168571286
0.9956357508
0.9713620900
0.9654481903
0.9890408092
1.0047584847
0.9889349609
0.9793749641
0.9795844265
0.9911192600
1.0061504965
1.0101870553
1.0033556023
0.9979930721
0.9889408721
0.9746408617
0.9760638880
0.9831290638
0.9877950343
0.9743726587
0.9746536569
0.9894993252
0.9904887362
0.9768506888
0.9537598137
0.9268761318
0.9269916733
0.9448913240
0.9422842427
0.9406242312
0.9663620693
0.9909578842
0.9831437292
0.9727489106
0.9897625778
1.0038174377
0.9922779729
0.9806869736
0.9776784442
0.9834327233
0.9854838450
0.9810157578
0.9757655976
0.9903384868
1.0172715148
1.0152518969
0.9965180261
0.9887110502
0.9713685869
0.9806008581
0.9967550676
0.9967469495
1.0025791016
1.0077853065
1.0121750066
1.0069251144
1.0092633464
1.0138930441
0.9926222709
0.9637090853
0.9449955755
0.9281172205
0.9137884707
0.9143699271
0.9295747607
0.9452899662
0.9576105142
0.9720220423
0.9659794597
0.9695680471
0.9701861054
0.9786039929
0.9885442400
0.9722359653
0.9787361804
0.9850529604
0.9801970578
0.9858588954
0.9591224769
0.9175718428
0.8875312508
0.8446076575
0.8134144933
0.8080393417
0.7906152810
0.7518861674
0.6902835533
0.5884124567
0.5019154305
0.4863246437
0.5656632665
0.7107462734
0.8317013343
0.9040174430
0.9473085684
0.9400256854
0.9371832114
0.9794412031
0.9898250267
0.9636403436
0.9127881411
0.8323546435
0.7381170166
0.6342576227
0.5547808688
0.5536174018
0.6217343263
0.7317847403
0.8430676820
0.9311172174
0.9825350952
1.0036528968
1.0092887286
1.0066548544
1.0011629055
0.9894285039
0.9820873565
0.9847481489
0.9876598286
1.0004116235
1.0001233050
0.9759962940
0.9599004241
0.9631081888
0.9630251831
0.9457595949
0.9224715801
0.9194868995
0.9327045887
0.9248937748
0.9454105354
0.9635030871
1.0025233044
1.0056831549
0.9881172524
0.9583335565
0.9376318577
0.9161649747
0.8890827527
0.8801108312
0.8985545599
0.9275668291
0.9353586608
0.9239500133
0.9262802018
0.9496487511
0.9786799125
1.0039236867
1.0023745217
0.9876208014
0.9876880892
0.9754905024
0.9914667711
1.0007887674
0.9681731835
0.9738312828
0.9743758177
0.9589081993
0.9589661380
0.9621864054
0.9657657350
0.9690544665
0.9498109082
0.9000244095
0.8463784492
0.8126280388
0.7994364069
0.8121942573
0.8576784086
0.9136824243
0.9697881758
0.9829586429
0.9938917794
0.9903166796
0.9768095680
0.9883325093
0.9751492476
0.9820766222
0.9929256730
0.9681191505
0.9332992604
0.8902925704
0.8546282731
0.8384058779
0.8482236961
0.8883877047
0.9327713266
0.9462685054
0.9221283366
0.8556259795
0.7653689517
0.7029337159
0.6948918383
0.7459493981
0.8168021269
0.9153145441
0.9719009287
1.0042285545
1.0060735920
0.9855294192
0.9860765081
0.9833391626
0.9692425130
0.9616070318
0.9722377762
0.9965070719
1.0056350566
0.9899203252
0.9917641518
1.0070286851
0.9902413782
0.9842527855
0.9626331917
0.9490863739
0.9551712589
0.9772132236
0.9869632608
0.9774704635
0.9798886193
0.9919073118
1.0012065812
0.9971237417
0.9894981684
0.9861321413
0.9869350411
0.9892003111
0.9910175408
0.9875189579
0.9762159368
0.9741965113
0.9719946504
0.9854781903
0.9951967909
0.9833183077
0.9613746359
0.9879449791
1.0138012265
1.0157816017
0.9975625929
1.0025060730
1.0096750365
1.0093789264
0.9964386616
0.9716652406
0.9579055668
0.9550631405
0.9462753604
0.9484901556
0.9735956804
0.9949171243
1.0042130756
1.0067174849
1.0131587896
1.0113465136
1.0018017100
1.0000289921
1.0005645008
0.9997017425
0.9730866192
0.9314266424
0.9074212849
0.8976832524
0.8868968895
0.8936262294
0.9222026539
0.9654350185
0.9946241754
0.9947576742
0.9948624960
0.9806356826
0.9915711155
0.9933690624
1.0007259295
1.0106096378
1.0189106432
1.0119725059
0.9979326025
0.9786283895
0.9483445639
0.9214965024
0.8863103738
0.8262495037
0.7717608161
0.7532755199
0.7743635529
0.8320705838
0.9097946123
0.9739774804
0.9975996291
0.9905201801
1.0088188986
1.0075132054
0.9950015749
0.9939903226
0.9955229604
0.9977393381
0.9768178165
0.9597346167
0.9236124623
0.9215143837
0.9170445929
0.9150928923
0.9126969215
0.8795173783
0.8305682612
0.7987649586
0.7936313553
0.8103958392
0.8489434870
0.9101448914
0.9532051632
0.9724710249
0.9923644970
1.0134711254
1.0131403600
1.0090998171
0.9818470079
0.9509723686
0.9424149903
0.9239816907
0.9104123768
0.9068612140
0.8969520629
0.8957857873
0.9149163679
0.9306077581
0.9395597227
0.9521280632
0.9501232294
0.9384841539
0.9476595067
0.9724093847
0.9781568016
0.9566629363
0.9631680899
0.9742490628
0.9280306500
0.8668128293
0.8154897748
0.7726361023
0.7695241608
0.7764138855
0.8234208315
0.8999984856
0.9569851915
0.9866882741
1.0010602939
1.0120309236
1.0247536746
1.0174280026
0.9983704919
0.9856929345
0.9955313748
0.9658209780
0.9241907282
0.8488084709
0.7337486520
0.6406284835
0.5979256850
0.6134985733
0.6804532140
0.7712197585
0.8413222624
0.8576045859
0.8239956504
0.7707954893
0.7260931908
0.7008661310
0.7012291281
0.7392450537
0.8081274132
0.8739988907
0.9286943612
0.9565913282
0.9766488909
0.9825939484
0.9939583623
0.9850012469
0.9923670675
1.0067169274
0.9849703412
0.9786182221
0.9676504127
0.9676685311
0.9651630543
0.9445480072
0.9385532701
0.9608770282
0.9793666763
0.9839042641
0.9877448507
0.9921067687
1.0090098140
1.0117138653
0.9952048173
0.9878021004
0.9883815536
0.9916790201
0.9834602606
0.9734658579
0.9831577722
0.9982224147
0.9792360228
0.9562346325
0.9546099493
0.9664425853
0.9612551847
0.9361191914
0.9223481503
0.9277588874
0.9356217409
0.9411386754
0.9662767403
1.0062828338
1.0312052583
1.0192279598
0.9955351181
0.9982983865
1.0093695329
1.0004885081
0.9877744122
0.9944294888
0.9967997820
0.9955988209
0.9900437055
0.9865167841
0.9842837872
0.9644305767
0.9312762063
0.9122597522
0.9003237982
0.8810805002
0.8813983881
0.8710003369
0.8321070352
0.7829220823
0.7459307626
0.7515494296
0.7928509392
0.8542238330
0.9120440098
0.9645583800
0.9899298578
0.9940949884
0.9968117686
0.9981353082
1.0040415651
1.0035144027
0.9841398290
0.9747836114
0.9868468047
0.9891955196
0.9785024243
0.9672172074
0.9944816506
0.9713254463
0.9722486504
0.9706813134
0.9648098137
0.9748540790
0.9923411965
0.9988451190
0.9991162060
1.0037799915
1.0081564785
0.9941357822
0.9777169777
0.9857341085
1.0032427085
1.0100451172
1.0115223219
0.9988244428
0.9880889625
0.9957503873
0.9876435884
0.9921483366
0.9970132569
1.0100438231
1.0232000457
1.0189071011
1.0121752946
1.0153012252
1.0051615038
0.9905540792
0.9790631080
0.9592209559
0.9358436745
0.9228893863
0.9182481964
0.9119111009
0.9086574836
0.9206625160
0.9396184218
0.9745974987
0.9897541874
0.9825636784
0.9842295438
0.9856865483
0.9888990223
0.9610728584
0.9315972636
0.9288688415
0.9357285625
0.9550405091
0.9738368363
0.9767311228
0.9785798628
0.9865418440
0.9863748993
0.9705312309
0.9501200421
0.9457891614
0.9527465507
0.9485877486
0.9509701618
0.9621155400
0.9749374842
0.9832387772
0.9784735475
0.9818678976
0.9854449100
0.9893980527
0.9977688474
0.9890981992
0.9780020685
0.9865944074
0.9952768496
0.9935750280
0.9961218985
1.0033456867
1.0018254642
0.9887845019
0.9741097819
0.9639809982
0.9624036447
0.9751494467
0.9745428204
0.9842303251
1.0105882402
1.0113574337
0.9896811444
0.9895046093
1.0012270658
1.0086247187
1.0009832937
0.9957273931
1.0056118411
1.0185975541
1.0101544394
0.9891501346
0.9835172274
0.9822331272
0.9777181282
0.9813574005
0.9891903369
0.9729847802
0.9557489817
0.9520092742
0.9400978999
0.9630081897
0.9814448632
0.9959511542
0.9960501289
0.9974886803
1.0081320264
1.0187002464
1.0130514449
0.9966598473
0.9846305504
0.9807425006
0.9821512989
0.9837198859
0.9804453712
0.9759836029
0.9782195838
0.9748976666
0.9710131210
0.9612110275
0.9549395232
0.9768904929
0.9688954683
0.9736411510
0.9838080052
0.9966236821
0.9940051537
0.9831989235
0.9697918633
0.9482226696
0.9390013418
0.9517992737
0.9667170588
0.9770517776
0.9815661068
0.9873090821
0.9751874080
0.9591231711
0.9589496622
0.9657056167
0.9611563929
0.9408860014
0.9180977033
0.9024954681
0.9023094504
0.9151554304
0.9170615443
0.9183107929
0.9332523053
0.9637434756
0.9782792009
0.9576702923
0.9269128815
0.9083633085
0.9026486793
0.9012591926
0.9079907071
0.9347110772
0.9497586913
0.9283314401
0.8695115495
0.8080659726
0.7297156317
0.6540125464
0.6113953243
0.6185401766
0.6638389021
0.7395627716
0.8469257361
0.9436611770
0.9839745702
0.9870619883
0.9861571738
0.9882672224
1.0011114394
0.9979553067
0.9883825604
0.9990456881
1.0027881416
1.0146869627
0.9981859386
1.0048780412
0.9813560192
0.9684070252
0.9631169631
0.9584563728
0.9549208630
0.9608048976
0.9732183587
0.9882820466
0.9912438277
0.9924525146
0.9980750814
1.0061183304
1.0288120081
1.0184863154
1.0074637822
1.0075299331
1.0012551370
0.9912977418
0.9942927848
0.9888109112
0.9897457534
0.9864431281
0.9578297430
0.8994537042
0.8387132208
0.7994565484
0.8044408641
0.8469142979
0.8988809397
0.9347626759
0.9564751075
0.9784195133
0.9893311237
0.9827614981
0.9816169605
0.9857796621
0.9914878244
0.9672195991
0.9646750682
0.9841503396
0.9803832509
0.9823225428
0.9969881909
1.0029720356
0.9962119881
0.9836351007
0.9696240920
0.9634739991
0.9560190959
0.9441840845
0.9363224773
0.9416637442
0.9704245761
1.0019695483
1.0106816449
1.0188637979
1.0144944691
1.0170185119
1.0131678021
1.0030087177
1.0032154926
0.9777502809
0.9479873725
0.9209955016
0.8522256037
0.7899710999
0.7507174868
0.7403377986
0.7798596434
0.8508961709
0.9212150673
0.9739452421
0.9922982028
0.9906139010
0.9917859072
0.9890254095
0.9890713447
0.9888062907
0.9782141103
0.9824347363
0.9727047095
0.9669456811
0.9677676336
0.9412805894
0.9250288634
0.9254765923
0.9308798193
0.9353401642
0.9285223141
0.9334552315
0.9550587411
0.9540661463
0.9357454731
0.9269334394
0.8995733632
0.8907107934
0.8849035131
0.8787359741
0.8837102234
0.9083365029
0.9170886744
0.9307779969
0.9293476779
0.9462821385
0.9176424925
0.8595605938
0.8074797481
0.7961446690
0.8138038839
0.8437062993
0.8897227739
0.9441295974
0.9856355001
1.0082251415
1.0197307193
1.0172487619
0.9990556038
0.9879817510
0.9819683374
0.9514636846
0.9011240993
0.8591833966
0.8197596436
0.7958854559
0.8125559857
0.8289028852
0.8096584420
0.7739575611
0.7307430905
0.7052950493
0.7279179669
0.7796316066
0.8117922599
0.8039766067
0.7772400165
0.7646586240
0.7757208422
0.7935297055
0.8491757078
0.9176910151
0.9684119919
0.9879140484
0.9868174252
0.9873144566
0.9933466246
0.9841286381
0.9786056175
0.9778913206
0.9605535865
0.9179876924
0.8700486491
0.8400451461
0.8295812380
0.8531699010
0.9240581381
0.9653637032
0.9791998538
0.9834432351
0.9670395980
0.9689681695
0.9591351759
0.9447657606
0.9351439511
0.9492924035
0.9639143437
0.9844526465
0.9849888690
0.9819150860
0.9868428139
0.9795942277
0.9570070842
0.9441363450
0.9500720463
0.9558049108
0.9546609188
0.9633898149
0.9719760437
0.9788683351
1.0009592753
0.9936105218
0.9729392564
0.9518568736
0.9793337417
0.9706357373
0.9778115969
0.9772746290
0.9892782151
0.9831202043
0.9816884968
0.9902989393
0.9976862877
1.0126691133
1.0152258210
0.9832966695
0.9613951976
0.9670283304
0.9593919106
0.9451021374
0.9529168590
0.9649907708
0.9508069612
0.9695491184
0.9705710382
0.9454803622
0.9594900620
0.9750786938
0.9631528796
0.9655950271
0.9618283670
0.9542383120
0.9575697346
0.9687640056
0.9900553667
1.0102158206
1.0072618671
0.9926070146
0.9770159266
0.9870623907
0.9857792257
0.9838990376
0.9812590647
0.9752615146
0.9682048578
0.9507098998
0.9283660507
0.9036112441
0.8598829122
0.8100237037
0.7670724826
0.7367265873
0.7379596033
0.7664504137
0.8044487303
0.8521256607
0.9014007935
0.9356459358
0.9545225485
0.9872208968
0.9954785931
0.9803325810
0.9800152059
0.9725741416
0.9685472219
0.9801853055
0.9842656395
0.9791040927
1.0045223703
1.0019139147
0.9988633652
1.0105512268
1.0149341526
1.0078732556
0.9971361830
0.9854660073
0.9750167964
0.9730225435
0.9868397038
0.9697633121
0.9742776868
1.0041045722
0.9845503255
0.9897910882
1.0131923652
1.0031112286
0.9955549057
0.9943133551
0.9985551546
0.9964553934
0.9968089669
0.9957634239
0.9856627068
0.9852542733
0.9875120675
0.9743491561
0.9661217996
0.9657811457
0.9633462872
0.9506567117
0.9445555246
0.9830313095
0.9963002914
0.9855741616
0.9620792947
0.9596061724
0.9628004401
0.9626016328
0.9576075189
0.9616351473
0.9465008106
0.8953008130
0.8140461906
0.6993170453
0.5817697938
0.5092866600
0.5112478115
0.5982553807
0.7063897708
0.8227626369
0.9098930319
0.9675445594
0.9790508220
0.9886028733
0.9758960055
0.9673114949
0.9493684043
0.9660631018
0.9801581115
0.9809385539
0.9922844439
0.9994413985
0.9976362171
1.0071799678
1.0104137777
0.9927792814
0.9768576240
0.9526895172
0.9181033274
0.9125005568
0.9029622384
0.9167999012
0.9118399645
0.9182913891
0.9534211486
0.9556917018
0.9626360665
0.9835271267
1.0074802586
1.0006967283
0.9857472375
0.9821372481
0.9800166454
0.9676700199
0.9499459026
0.9487269896
0.9605171632
0.9632437984
0.9740621088
0.9762537145
0.9880092330
1.0141315861
1.0055197629
0.9897185836
0.9853040712
0.9664177007
0.9565875253
0.9182664972
0.8624045555
0.8074150115
0.7789811539
0.7959965406
0.8433561824
0.9031380129
0.9532549704
0.9815456824
0.9952862442
0.9924634883
0.9798561394
0.9864367018
0.9932279549
0.9725562007
0.9504473165
0.9525066470
0.9357459176
0.9162017749
0.8979530212
0.8445081964
0.7833268318
0.7474254015
0.7442730812
0.7731484874
0.8344305446
0.9012537301
0.9442455801
0.9774012239
0.9989844661
0.9847332936
0.9741894138
0.9830662004
0.9865481718
1.0034299953
0.9969572919
0.9940997020
0.9980709764
1.0006718549
0.9949126418
0.9965111596
0.9778326605
0.9581854597
0.9471933766
0.9319628959
0.9243855341
0.9299401062
0.9399967237
0.9533058121
0.9757843404
0.9965736398
0.9968968862
0.9937241537
0.9991596045
0.9975593028
0.9886349977
0.9768231537
0.9625969052
0.9556698875
0.9316632490
0.9618019644
0.9753613988
0.9541144071
0.9276392259
0.9272591291
0.9600897027
0.9904335709
1.0013784170
0.9991577549
0.9883576482
0.9750025424
0.9595424170
0.9442668877
0.9430743506
0.9552872258
0.9474499933
0.9467262503
0.9387541979
0.9610742841
0.9542638357
0.9750888671
0.9746990781
0.9716464650
0.9645638809
0.9525454028
0.9558611946
0.9607534486
0.9520469215
0.9474575032
0.9506628658
0.9427426710
0.9337202723
0.9443682242
0.9614827203
0.9686253815
0.9621627908
0.9654824134
0.9888061099
1.0041027096
1.0067142559
1.0177758770
0.9910469262
0.9649021659
0.9535264787
0.9576758499
0.9592147894
0.9642364215
0.9637024605
0.9553049107
0.9514119262
0.9572472635
0.9712559133
0.9815497126
0.9904766499
0.9853250425
0.9589000486
0.9169472330
0.9038730162
0.8908812892
0.8862876507
0.9043412790
0.9352939050
0.9556836611
0.9840864239
0.9704056305
0.9498218733
0.9471575267
0.9492685638
0.9571357137
0.9592595710
0.9514984228
0.9673437578
0.9949224655
0.9950493673
0.9888761050
0.9756650997
0.9740863743
0.9839989848
0.9524675384
0.9714827255
0.9768824975
0.9761094827
0.9953116541
0.9836259192
0.9787326405
0.9903241063
1.0011444801
0.9926880436
0.9800864157
0.9790912047
0.9834192823
0.9906109606
0.9949765006
0.9913962356
0.9939878978
0.9853398504
0.9934482457
0.9612401141
0.9683965973
0.9601056380
0.9599004465
0.9517071801
0.9331906898
0.9207198369
0.9227242880
0.9233281728
0.9284879972
0.9256532734
0.9208260820
0.9132210441
0.8975582769
0.8961024102
0.9160467446
0.9505024196
0.9884530265
1.0033528350
0.9868112886
0.9577032026
0.9566601343
0.9525846777
0.9392768806
0.9466594319
0.9692668936
0.9710941462
0.9826133355
1.0055602278
1.0029388270
1.0031010441
1.0196420384
1.0240278904
1.0065754726
0.9849317036
0.9772378629
0.9806388240
0.9730738150
0.9632800932
0.9649136124
0.9479234052
0.9599467430
0.9708247751
0.9891491649
0.9871029120
0.9892714974
0.9960772542
0.9924024859
0.9739008996
0.9642254587
0.9692837216
0.9677162229
0.9654505415
0.9631944067
0.9492983728
0.9490528134
0.9697028157
0.9815889225
0.9833438464
0.9797428439
0.9696571829
0.9194676218
0.9081153020
0.9326274007
0.9527284706
0.9363175684
0.9481507816
0.9739324709
0.9779442263
0.9668300412
0.9634889107
0.9616593435
0.9583603969
0.9655649629
0.9733923176
0.9730837506
0.9765183540
0.9628217391
0.9490465310
0.9429419944
0.9143195137
0.8788398642
0.8802134018
0.8597744946
0.8706319232
0.8912820936
0.9019267826
0.9191223570
0.9356254509
0.9596464596
0.9643892200
0.9633611779
0.9694310707
0.9756260471
0.9726122468
0.9571755956
0.9581790217
0.9859487279
1.0041766354
1.0025829388
0.9909822039
0.9604023184
0.9532754707
0.9571381404
0.9396603034
0.9452398645
0.9488220061
0.9472897735
0.9675754028
0.9815033290
0.9922033582
0.9939317883
0.9773006273
0.9529254856
0.9240987899
0.8854994438
0.8366636117
0.7700363322
0.6987682579
0.6122086722
0.5445100006
0.5218041163
0.5407995979
0.6407593800
0.7561184138
0.8554939375
0.9383602656
0.9601957875
0.9787045245
0.9915641643
1.0059467398
0.9934244953
0.9644287586
0.9626651464
0.9717941746
0.9491790440
0.9184236584
0.9299253356
0.9646523720
0.9730001683
0.9963142505
0.9985996402
1.0048099129
0.9810519298
1.0004812483
0.9978043927
0.9828513444
0.9676056947
0.9522091733
0.9338672293
0.9028686904
0.8867240025
0.8650806322
0.8429070432
0.8457086962
0.8617288544
0.8896820450
0.9283564012
0.9599088224
0.9602427569
0.9318991157
0.9380648346
0.9250403336
0.9341643558
0.9397529511
0.9645546352
0.9816087405
0.9881669478
0.9958304903
0.9731226522
0.9422421284
0.9178806410
0.8803033684
0.8585935852
0.8757323550
0.9030121434
0.9270130027
0.9461909544
0.9595746937
0.9839384582
1.0003578379
0.9624133779
0.9371396449
0.8947155102
0.9124587610
0.8982593306
0.8547947049
0.8268485523
0.8329264101
0.8492992294
0.8609321035
0.8779163683
0.8730931055
0.8612562761
0.8805938376
0.9162466040
0.9462344131
0.9709102365
0.9767616291
0.9732499399
0.9562549108
0.9137767225
0.8885193534
0.8721706912
0.8841667388
0.8966517531
0.9099165851
0.9326398873
0.9538942683
0.9649974304
0.9601727477
0.9467437944
0.9334304955
0.9226516548
0.9275504270
0.9468540336
0.9457820552
0.9232565113
0.9180026892
0.9031941116
0.8889649501
0.9187118782
0.9586836025
0.9666729956
0.9773063618
0.9938577546
1.0081170137
1.0019707994
0.9805546863
0.9879937217
1.0057141134
0.9946192414
0.9945555181
0.9968973606
0.9819952202
0.9733969389
0.9678649361
0.9565155538
0.9554472733
0.9477198119
0.9699535083
0.9816420161
1.0038172544
1.0120400761
1.0091882427
0.9868377641
0.9755021390
0.9799730413
0.9655375251
0.9608765811
0.9657417059
0.9559830634
0.9637580367
0.9826195406
0.9907047564
0.9926590028
0.9880774479
0.9771484599
0.9675002455
0.9526716752
0.9335983500
0.9411724400
0.9516243831
0.9654842657
0.9663243701
0.9680298550
0.9442710666
0.9710556516
0.9944398368
0.9794641249
0.9587475421
0.9555354208
0.9577931244
0.9490898309
0.9453492010
0.9660842604
0.9823659493
0.9739977506
0.9839467242
1.0143761288
1.0350083882
1.0276529420
1.0011094418
1.0184985185
0.9978397112
1.0075899070
1.0013254182
0.9749216148
0.9499512407
0.9582709629
0.9802652178
0.9891719296
0.9997320250
0.9962511633
0.9751146797
0.9661606613
0.9846033799
1.0055494865
0.9947411635
0.9663894680
0.9488206524
0.9601242443
0.9637222870
0.9526278904
0.9629651030
0.9759858174
0.9924413004
0.9875908640
0.9983727504
0.9857326944
0.9838454034
0.9935822407
0.9906553335
0.9822963416
0.9838406932
