#flux
0.9970040054
0.9727528954
0.9572225905
0.9511150112
0.9389701708
0.9229014667
0.9212356457
0.9315776833
0.9450387159
0.9662772948
0.9832848227
0.9778954620
0.9709468246
0.9886983927
0.9950624162
0.9879595874
0.9804107155
0.9726398519
0.9710285291
0.9707609225
0.9573139443
0.9242214431
0.8803263915
0.8405288655
0.8085124573
0.7751837182
0.7420703592
0.7281210263
0.7475446608
0.7998668230
0.8717801085
0.9376071720
0.9714389578
0.9800706564
0.9871940568
0.9927692603
0.9888510016
0.9936229566
1.0008358490
1.0020288547
1.0074000181
1.0059086671
0.9865610544
0.9704062303
0.9746374419
0.9813528753
0.9716253621
0.9742981040
0.9912197777
0.9951075927
0.9897870521
1.0001702083
0.9933156575
0.9979265287
0.9960889273
0.9907097455
0.9880870912
0.9852117269
0.9804343648
0.9794687649
0.9816147752
0.9770167659
0.9730787473
0.9743858986
0.9673592264
0.9504104171
0.9140580107
0.8428217899
0.7467347866
0.6650595491
0.6217186491
0.6334397471
0.7048798498
0.7984992946
0.8847819207
0.9433123605
0.9554672882
0.9326604116
0.9145197511
0.9081987691
0.9038217664
0.9108536780
0.9315896357
0.9458670343
0.9459686669
0.9454294272
0.9482530737
0.9432366268
0.9259202416
0.9106651984
0.9076153964
0.8971815086
0.8977629653
0.9095863872
0.9215690258
0.9186217689
0.8877496910
0.8291633383
0.7521851574
0.6597745742
0.5979077911
0.5907990077
0.6310189987
0.7135030669
0.8196903734
0.9151157597
0.9721175557
0.9909594601
0.9983985314
1.0114707950
0.9921608051
0.9390943150
0.9194193453
0.9239850232
0.9327771375
0.9452360202
0.9718660873
1.0036173478
0.9974408336
0.9855119568
0.9798495309
0.9724150188
0.9692244379
0.9697367807
0.9751029207
0.9952301170
1.0090287733
0.9998715990
1.0143304768
0.9889765026
0.9640558021
0.9332383298
0.8951152259
0.8712935825
0.8641636127
0.8735807577
0.8983537095
0.9237955952
0.9566207687
0.9794710721
0.9770125632
0.9679265071
0.9656694081
0.9699332223
0.9839246139
0.9940719472
0.9841795257
0.9696583463
0.9692363542
0.9694435457
0.9817097763
1.0015931751
1.0075264741
1.0089657527
0.9943786723
0.9577946218
0.9191207478
0.8797849776
0.8327720649
0.8078416036
0.8207523449
0.8574776633
0.9049937837
0.9483533067
0.9689519152
0.9727850251
0.9769937984
0.9734127299
0.9513729567
0.9465032917
0.9624382478
0.9646149452
0.9644099806
0.9693106855
0.9544209417
0.9202018795
0.9002987829
0.9073267142
0.9259929550
0.9448386363
0.9564499802
0.9676734937
0.9786897004
0.9838296188
0.9866932213
0.9839393276
0.9726928374
0.9623390813
0.9609718600
0.9683327237
0.9734116235
0.9697722560
0.9627886112
0.9754871892
0.9814564133
0.9612886982
0.9328941879
0.9127229547
0.8837321273
0.8358580500
0.7756502651
0.7095719527
0.6330864694
0.5504965235
0.4742792740
0.4019976018
0.3367255551
0.2920475361
0.2673380362
0.2459779702
0.2253551581
0.2051730647
0.2026816275
0.2024910911
0.2035919810
0.2095238134
0.2196794560
0.2257101986
0.2265340720
0.2445831692
0.2846502277
0.3233093523
0.3597080905
0.4089483385
0.4746760455
0.5578929787
0.6440496052
0.7258403029
0.7987909937
0.8473073937
0.8728426226
0.8872610443
0.8824107583
0.8869383351
0.8934796622
0.9063375874
0.9256527701
0.9380088530
0.9441579011
0.9644964849
1.0092154845
1.0747728579
1.1340580311
1.1726130271
1.2018958443
1.2180712413
1.2159893070
1.1929847578
1.1624946435
1.1118690501
1.0317887389
0.9705666785
0.8963117554
0.8443169571
0.8369676919
0.8311639791
0.8398623109
0.8644142672
0.8875613681
0.9009927359
0.9041230036
0.8909631497
0.8653154514
0.8533576975
0.8645452128
0.8814376330
0.9062753383
0.9326538317
0.9644988772
0.9879285551
0.9992645608
0.9998655964
0.9953420429
1.0094910281
1.0077827844
1.0005392022
0.9927077137
0.9838402955
0.9864031340
1.0002898675
1.0029429941
0.9831010964
0.9626595686
0.9676361848
0.9887938266
0.9930962694
0.9726499128
0.9600630383
0.9857643811
1.0004734268
1.0036817069
1.0088573980
1.0150068471
1.0016324189
0.9853333274
1.0069708886
1.0129868212
1.0182451395
1.0188761637
1.0111836520
1.0021687849
0.9978889559
1.0014704591
1.0074967651
1.0040329068
0.9927527541
0.9886308164
0.9960743804
1.0079675473
1.0061640713
1.0064891496
0.9765185227
0.9645320551
0.9647091094
0.9735938199
0.9663204296
0.9187528064
0.8542003442
0.7997466515
0.7586097364
0.7343622520
0.7424955467
0.7828200104
0.8315263980
0.8764547948
0.9227018389
0.9583438388
0.9734796575
0.9785047896
0.9815894579
0.9705446758
0.9439685224
0.9482550459
0.9630216804
0.9826568032
0.9927919000
1.0093257011
1.0155108752
1.0035157689
0.9885465191
0.9754555781
0.9651607657
0.9596718654
0.9559953002
0.9514497850
0.9461819342
0.9410467388
0.9433362712
0.9530864798
0.9570814641
0.9503749489
0.9408004938
0.9374485379
0.9407503824
0.9483527009
0.9767564877
0.9953799722
1.0064008504
1.0086292546
1.0244308129
1.0325620648
1.0200167351
1.0077799233
1.0035438513
1.0032352161
1.0064068414
1.0024203425
0.9990700004
0.9864066592
0.9698688264
0.9631220914
0.9653312471
0.9585866505
0.9533712200
0.9402637703
0.8850732254
0.7812328527
0.6592386802
0.5459258859
0.4613744454
0.4423705261
0.5112428762
0.6331649792
0.7601662368
0.8665003237
0.9320895557
0.9624810279
0.9800478889
0.9975043817
1.0139724229
1.0184135301
1.0066913295
0.9884273334
0.9746204949
0.9652299935
0.9614421050
0.9693234632
0.9754725550
0.9753634031
0.9501560967
0.8747738060
0.7719782836
0.6794810420
0.6231987520
0.6220479781
0.6810623676
0.7862303679
0.8800497729
0.9412707949
0.9749391386
0.9784795358
0.9692155732
0.9540270995
0.8975903511
0.8011552621
0.7149500430
0.6441367165
0.6038465997
0.6264326115
0.6955286564
0.7735811312
0.8453426784
0.9062846276
0.9489286528
0.9714761382
0.9790075969
0.9790335898
0.9820017617
0.9911889861
0.9969729398
1.0152013090
1.0229169088
1.0045346404
0.9938667982
0.9790625966
0.9699841990
0.9671934142
0.9622147502
0.9513795626
0.9348654292
0.9332598792
0.9468203789
0.9515575951
0.9497368686
0.9532911789
0.9571698245
0.9684238162
0.9730458776
0.9802729431
0.9755346218
0.9708948134
0.9936979905
1.0085193416
1.0060849059
0.9926929639
0.9992177974
0.9925862515
0.9893244351
0.9885681057
0.9832917407
0.9679949290
0.9623908164
0.9795002645
0.9989050626
1.0004762642
0.9907779001
0.9898179030
1.0078708291
1.0178111391
1.0170262257
1.0046189793
1.0206234469
1.0247143173
1.0026437912
0.9887232334
0.9841839400
0.9858449726
0.9903109219
0.9826449515
0.9665715548
0.9545515984
0.9479868488
0.9483938933
0.9553310282
0.9604903578
0.9624614256
0.9665356638
0.9728861629
0.9795939504
0.9782463582
0.9803060613
0.9940410005
0.9996674254
1.0030915059
1.0034197668
0.9989276795
0.9898184380
0.9957722326
1.0137288241
1.0257750803
1.0004887967
0.9708166240
0.9649472593
0.9582840146
0.9447675682
0.9464166419
0.9625331033
0.9828315317
1.0008667027
0.9986970562
0.9910198727
0.9675845667
0.9201996837
0.8925451787
0.8697397980
0.8394259016
0.8042857956
0.7631171085
0.7205673655
0.6920199749
0.6934524281
0.7360715403
0.8025670928
0.8603049656
0.9084051708
0.9528501292
0.9679164452
0.9712640660
0.9964884065
0.9981354694
0.9886034273
0.9848700581
0.9727734902
0.9533459611
0.9331324396
0.9269048078
0.9512230545
0.9729938396
0.9922839136
1.0093204534
1.0091400429
0.9934955237
0.9771912428
0.9660428910
0.9606609509
0.9629524365
0.9724993754
0.9873531149
0.9853039325
0.9557458853
0.9537463731
0.9690565288
0.9869005802
0.9855444532
0.9884656417
0.9934447693
0.9949768524
0.9922318421
0.9784060005
0.9660250106
0.9609802466
0.9589259081
0.9626213347
0.9707536403
0.9732665573
0.9755292502
0.9844751479
0.9813833722
0.9808885350
0.9816688135
0.9898999155
0.9757846787
0.9811116115
0.9846002389
0.9659158295
0.9496995731
0.9560338099
0.9684236630
0.9746567305
0.9885358577
1.0001059242
1.0010943958
1.0010422057
1.0019754531
1.0016469207
1.0020232252
1.0004715360
1.0073930298
1.0193739587
1.0430946741
1.0646455628
1.0459252064
0.9926458214
0.9579735165
0.9526121814
0.9393506551
0.9022442167
0.9069581916
0.9340689586
0.9546630270
0.9505512585
0.9179096660
0.8538644561
0.7699939211
0.7011812502
0.6808768715
0.7230352502
0.8051207236
0.8857037254
0.9403853973
0.9726090216
0.9939245503
0.9921230611
0.9954567265
1.0065200821
1.0082019088
1.0069082931
0.9951899178
0.9774610500
0.9692590893
0.9773538156
0.9846531771
0.9855445158
0.9922194503
0.9993378813
0.9935406446
0.9894327643
1.0015843381
1.0105718336
1.0080941778
1.0108862140
1.0255622834
1.0014776328
0.9823581337
0.9959516055
1.0057754321
0.9914457316
0.9838432897
0.9871099092
0.9910622383
0.9944980148
0.9955488261
0.9934037742
0.9900356665
0.9936719449
1.0040830426
1.0046582908
1.0025794416
0.9874640436
0.9754757632
0.9635048033
0.9595487666
0.9541630117
0.9391197686
0.9407569790
0.9502906542
0.9497735832
0.9505863764
0.9593694309
0.9649509979
0.9684386296
0.9728258325
0.9805227868
0.9878870585
0.9887804477
0.9781997953
0.9660012190
0.9883802676
0.9927139524
0.9904395100
1.0003944031
1.0015861233
0.9953695390
0.9955581214
0.9931302457
0.9867451293
0.9897235205
1.0024507951
1.0153442886
1.0105251148
0.9948917954
0.9900388239
0.9904926555
1.0025028470
1.0132658493
0.9840409697
0.9532557286
0.9417711603
0.9244321751
0.9332417239
0.9453948974
0.9408014392
0.9500511878
0.9511792996
0.9579972690
0.9747281917
0.9747299601
0.9689881453
0.9567373334
0.9462092324
0.9476942037
0.9576622010
0.9679368271
0.9668004560
0.9493165576
0.9285623604
0.9103940488
0.8859290053
0.8639149296
0.8627016848
0.8621519347
0.8196651473
0.7330540782
0.6391970494
0.5657076833
0.5369733028
0.5614744084
0.6493457505
0.7591730767
0.8446022555
0.8991735059
0.9301754598
0.9404795482
0.9491465972
0.9649002331
0.9600955510
0.9205264598
0.8572421175
0.7743745082
0.6830155766
0.6088500811
0.5651677489
0.5805582384
0.6694505379
0.7864647542
0.8677847899
0.9136123655
0.9482838741
0.9636034380
0.9654774053
0.9708173883
0.9730102767
0.9742033599
0.9815699141
0.9833548053
0.9799156540
0.9866746199
0.9921329125
0.9956157079
1.0034919724
0.9835920652
0.9638708652
0.9750160090
0.9695926414
0.9629989941
0.9523625993
0.9408766293
0.9487778961
0.9622923890
0.9696095470
0.9691405910
0.9601136297
0.9466978414
0.9283666307
0.9076962242
0.8978739611
0.9033175898
0.9273835457
0.9624496955
0.9864369184
0.9905717989
0.9721915480
0.9705319765
0.9884747698
0.9806538442
0.9858684275
0.9898691522
0.9834316371
0.9854773533
0.9923083234
1.0014048821
1.0023908384
0.9972935851
0.9883499496
0.9763556411
0.9787022942
0.9910143871
0.9813543300
0.9521134174
0.9236213402
0.8939856154
0.8689492503
0.8422892774
0.8264158399
0.8451215569
0.8906232163
0.9411463389
0.9641533925
0.9859974638
0.9923617945
1.0061136542
1.0181237074
1.0133864270
0.9932744027
0.9652630529
0.9547748723
0.9635342873
0.9535662729
0.9247548872
0.9049116390
0.9014956619
0.9127892579
0.9243982566
0.9211194315
0.8936368762
0.8186156432
0.7330374909
0.6466609210
0.6129272491
0.6334946195
0.7061228844
0.8095659644
0.9071296997
0.9712275781
0.9936207114
0.9973907089
1.0112199106
1.0158627352
0.9945684407
0.9806476093
0.9734376669
0.9638222879
0.9708635032
0.9923999807
1.0000608635
0.9940524497
1.0039068361
1.0098793734
1.0032309775
0.9899298240
0.9932182554
0.9980078899
0.9914185142
0.9897050631
0.9959256350
0.9913290459
0.9780849266
0.9799838655
0.9816169805
0.9744451847
0.9889505460
1.0007162417
0.9965583866
1.0006355309
0.9975516720
0.9755203338
0.9674614944
0.9741749812
0.9696666125
0.9698094148
0.9858032310
1.0076061187
1.0072826230
0.9948550742
0.9973711459
1.0012598948
0.9967410252
0.9945035115
0.9932846332
0.9882807777
0.9873462550
0.9815323167
0.9927196784
0.9835968296
0.9689568594
0.9756108885
0.9752381219
0.9759482401
0.9884474832
1.0025682095
1.0135794605
1.0208098945
1.0196458629
1.0056686927
0.9828458288
0.9646425650
0.9507159268
0.9246326902
0.9148464770
0.9263780959
0.9419749288
0.9624867136
0.9882547001
0.9947136129
0.9907760111
1.0159485566
1.0279008923
1.0259128625
1.0167572144
0.9951126638
0.9957083283
1.0193339772
1.0234888708
1.0026861742
0.9751700634
0.9350748677
0.8829148514
0.8261172673
0.7685254706
0.7397107401
0.7567293797
0.7953642255
0.8416318033
0.9095636321
0.9752650903
0.9914935853
0.9862724901
0.9913610701
1.0078849234
1.0042051581
0.9927245614
0.9806254775
0.9716293453
0.9626872431
0.9513504093
0.9406102869
0.9212846431
0.9087157554
0.9031250976
0.8646879738
0.7971894714
0.7313124764
0.7039191337
0.7203868662
0.7732044695
0.8448808082
0.9062499445
0.9545557047
0.9806241465
0.9774633520
0.9741990367
0.9747449459
0.9777793604
0.9786078972
0.9634126257
0.9451014417
0.9413371481
0.9321445586
0.9209116875
0.9322036109
0.9338714358
0.9343770723
0.9541031316
0.9450332932
0.9430902563
0.9455574921
0.9613624979
0.9713049570
0.9778199568
0.9693052834
0.9487869728
0.9225474706
0.8946729068
0.8592084676
0.8109114634
0.7645865264
0.7404446786
0.7494324975
0.7936413908
0.8558593480
0.9263612390
0.9859966104
0.9943251228
0.9925088373
0.9889825025
0.9897396334
1.0029214193
0.9930854392
0.9774988660
0.9550213440
0.9247115699
0.8682099940
0.7855708260
0.7073588242
0.6548694554
0.6328486615
0.6548952557
0.7280346306
0.8103456093
0.8532542734
0.8695062676
0.8372479701
0.7615706922
0.7003278885
0.6861061813
0.7122454377
0.7741852128
0.8549591222
0.9225780407
0.9569800165
0.9700248032
0.9771323197
0.9820146160
0.9914772921
1.0061453450
1.0130523761
1.0112287050
1.0092808864
1.0025856754
0.9891402498
0.9811529977
0.9784952787
0.9878507292
0.9962362306
1.0046871587
1.0004948615
0.9991592821
1.0082507926
1.0052309689
0.9944715862
0.9979318806
1.0087859512
1.0008085282
0.9875740790
0.9932171711
1.0067444738
1.0191407030
1.0218534415
1.0005035288
1.0031586499
1.0204718709
1.0094171085
0.9918592388
0.9876653088
0.9642035985
0.9383032023
0.9422392389
0.9614708260
0.9753875160
0.9829439464
0.9907789777
0.9974414133
0.9980481623
0.9982978942
1.0032599383
1.0074417880
1.0085006783
1.0069608921
1.0027464198
1.0063466719
1.0202719841
1.0127666758
1.0178711223
1.0056277755
0.9795671504
0.9559881383
0.9232314409
0.8943084148
0.8903053125
0.8798268708
0.8431369114
0.7762021522
0.7231748830
0.7171412215
0.7462353305
0.8024935391
0.8794708134
0.9472141237
0.9773796327
0.9892673197
0.9930611414
1.0035390245
0.9922174939
0.9927738662
1.0098485138
1.0172499341
1.0190846623
1.0181748796
1.0094564880
1.0018156527
1.0009328997
1.0030525104
1.0033906102
0.9969920433
0.9852107459
0.9788974612
0.9822496851
0.9867175848
0.9875051166
0.9902131266
1.0017384992
1.0113106418
1.0027881771
0.9878677127
0.9827014015
0.9744087668
0.9603298269
0.9584143514
0.9677195915
0.9761194188
0.9661067370
0.9547470362
0.9648817978
0.9770335051
0.9734139909
0.9739041124
0.9785436973
0.9669334974
0.9650090338
0.9675437874
0.9712328721
0.9667823722
0.9395363169
0.9381660889
0.9437542893
0.9462424361
0.9596945920
0.9781891184
0.9822331415
0.9830184667
0.9821121258
0.9731760631
0.9639891902
0.9606622418
0.9601865432
0.9580815289
0.9511372273
0.9510656453
0.9689107374
0.9810295130
0.9720399172
0.9688708239
0.9832130760
0.9960501140
0.9908640481
1.0100240269
1.0125214919
0.9883886534
0.9834579221
0.9867292698
0.9819005006
0.9822199568
0.9814965763
0.9674992121
0.9576985424
0.9673866570
0.9810277250
0.9853527503
0.9857475746
0.9760762587
0.9547220727
0.9499564292
0.9558694621
0.9549003167
0.9631396055
0.9754990217
0.9822907945
0.9922592894
0.9985375014
0.9889041850
0.9787580606
0.9779424090
0.9730204483
0.9697689578
0.9768863099
0.9849468453
0.9994298318
1.0195526276
1.0229655695
1.0110931967
0.9995762062
0.9965882112
1.0049554587
1.0098978093
1.0223128164
1.0161124349
1.0138348262
1.0134502308
1.0108436374
1.0027326510
0.9997265766
0.9977278548
0.9853709809
0.9726397505
0.9673570217
0.9667845671
0.9772528339
0.9919862541
1.0002013951
0.9966879444
1.0155449703
1.0206698332
1.0074763847
1.0117217366
1.0035992025
1.0013702446
0.9944121400
0.9967343530
1.0024253287
0.9949684945
0.9913459224
0.9974086270
0.9961815142
0.9888994983
0.9864282784
0.9831138200
0.9810737196
0.9898991821
0.9914971654
0.9882242910
0.9728336336
0.9760138887
0.9786049114
0.9630635059
0.9494790420
0.9510179207
0.9609703825
0.9793886727
0.9953847586
1.0151970625
1.0289944637
1.0202783845
1.0041004078
0.9841244896
0.9534888392
0.9292578151
0.9225235039
0.9201500280
0.9072789532
0.8989000472
0.9014502050
0.9154333011
0.9337663148
0.9618367581
0.9756190496
0.9883632703
0.9780343127
0.9603551421
0.9484594754
0.9459540347
0.9517398858
0.9483745455
0.9379931061
0.9195888410
0.8655816463
0.7740621351
0.6791316988
0.5965149966
0.5445131887
0.5367586386
0.5791023515
0.6674589273
0.7789540472
0.8731521059
0.9366576030
0.9705367125
0.9973396444
1.0102051684
1.0088488880
1.0048123179
1.0009144290
1.0083893023
1.0235205926
1.0181871883
0.9933858844
0.9821514304
0.9853799484
0.9817868553
0.9789658354
0.9792840603
0.9688199401
0.9710922267
0.9812401156
0.9699132889
0.9900081428
1.0022714252
0.9971763815
0.9982921235
1.0069832977
1.0079790400
1.0025384647
0.9991738201
0.9887428464
0.9830390857
0.9991842200
1.0114734390
1.0038607762
1.0024957303
0.9937894570
0.9706198629
0.9190245010
0.8685140064
0.8481999157
0.8690763389
0.9191951221
0.9582364473
0.9930166752
1.0078788227
1.0023440470
0.9944702723
0.9839117811
0.9794046206
0.9820456388
0.9771915612
0.9689234589
0.9746615716
0.9893331391
0.9917063677
0.9729889012
0.9755654374
0.9891122781
0.9952956852
1.0024278597
0.9935319432
0.9826253658
0.9779010253
0.9673354875
0.9631990297
0.9773736983
0.9921198155
0.9892889807
0.9890954917
0.9990070301
1.0151588651
1.0198239731
1.0065893729
0.9975924091
0.9868099668
0.9810199806
0.9545967848
0.8849590034
0.7957463676
0.7344820188
0.7054508501
0.7193170280
0.7873627723
0.8791817608
0.9457233003
0.9907796931
1.0190254838
1.0235808102
1.0104422638
1.0022831806
1.0065612445
1.0178116331
1.0264796353
1.0181363941
0.9950419017
0.9708653622
0.9669232362
0.9608996749
0.9624310073
0.9470500702
0.9416183861
0.9673035625
0.9803808870
0.9742303594
0.9826971576
0.9913357952
0.9668231495
0.9542109334
0.9426674501
0.9316393372
0.9196244978
0.9116909119
0.9252311796
0.9375505609
0.9406232290
0.9449634927
0.9404825403
0.9090659996
0.8560707740
0.8284859919
0.7954957712
0.7998182291
0.8346796231
0.9001840293
0.9658369469
1.0055696901
1.0051688360
1.0015544674
1.0100798233
1.0125352702
0.9994212173
0.9814738395
0.9690191616
0.9502531601
0.9062126790
0.8590796033
0.8413087720
0.8554837533
0.8724106657
0.8631756552
0.8307970026
0.8002500875
0.7789781428
0.7943536330
0.8214899939
0.8386347386
0.8494746618
0.8433961012
0.8317652858
0.8372749892
0.8654684787
0.9040827745
0.9390649209
0.9612440057
0.9676134272
0.9715120751
0.9774054405
0.9748037848
0.9682024157
0.9750091964
0.9834925319
0.9890021207
0.9608709419
0.9287166410
0.9056319681
0.8994776061
0.9181426226
0.9370741259
0.9527898018
0.9697108212
0.9869513251
0.9920043613
0.9822712970
0.9780324941
0.9836001169
0.9857021469
0.9553007825
0.9639186151
0.9831948056
0.9788909944
0.9814754313
0.9876655474
1.0034079361
0.9961752698
0.9854447916
0.9731158844
0.9688031711
0.9767394216
0.9840199840
0.9957936494
1.0100587327
1.0086599433
1.0002888300
0.9976532209
0.9881221408
0.9949192671
1.0049820841
0.9945318311
0.9976474922
0.9979034244
0.9761565392
0.9792812843
1.0131791522
1.0172005289
1.0020268839
0.9938868461
0.9982349635
0.9858281198
0.9692514658
0.9639775770
0.9636251116
0.9554656892
0.9443668704
0.9533464263
0.9758911356
0.9831462125
0.9885610036
0.9803158271
0.9700180779
0.9833443751
0.9859524448
1.0004375234
1.0098640593
1.0016242895
0.9796693888
0.9734222808
0.9935345537
1.0158722685
1.0282366789
1.0242628924
1.0111346610
1.0040514866
1.0059706088
1.0097006902
1.0067901273
0.9995850287
0.9952137885
0.9769920741
0.9508896071
0.9155606754
0.8774562722
0.8383506789
0.8210081247
0.8020253681
0.8142862636
0.8561794264
0.8941126486
0.9238121112
0.9529798102
0.9782943076
0.9938927865
1.0002849370
0.9997612381
0.9912887964
0.9771941943
0.9739733801
0.9938958172
1.0140820360
1.0075050134
1.0070036491
1.0096744997
1.0173616535
1.0083831201
1.0047415325
1.0046533740
0.9842944595
0.9850491327
0.9890944377
0.9799841750
0.9650715211
0.9615937116
0.9815910929
1.0065831521
1.0122977129
1.0149638535
1.0278088301
1.0351161951
1.0260119384
1.0177501735
1.0242274637
1.0209891800
1.0101720576
1.0111524431
1.0182290246
1.0166940545
1.0174107641
1.0143424153
1.0058612181
0.9899713102
0.9832353479
0.9940638286
1.0099038396
1.0127948323
1.0000199330
0.9945483965
0.9995257191
0.9911925381
0.9802623896
0.9815562193
0.9887871458
0.9914786198
0.9642130963
0.9228244065
0.8573320460
0.7567815602
0.6372835455
0.5396408794
0.5024988342
0.5421605803
0.6449450140
0.7659145609
0.8709988960
0.9523087296
0.9976104255
1.0036264558
0.9975279836
0.9935793117
0.9923310049
0.9840173554
0.9850646058
0.9961560588
1.0002202412
1.0164917139
1.0044748216
0.9920075206
0.9950320109
0.9903033916
0.9904771454
0.9776999961
0.9572383586
0.9219194108
0.8806695769
0.8803193374
0.9110948594
0.9292492291
0.9478652253
0.9545572043
0.9668834051
0.9889635949
0.9826258349
0.9952397728
0.9960326537
0.9821780524
1.0063651958
1.0292969332
1.0347120785
1.0275749541
1.0059743362
0.9893353558
0.9842517674
0.9861330045
0.9914027013
0.9962929908
1.0017095711
1.0061824905
1.0037338771
0.9992402017
0.9813060544
0.9445771655
0.9015831531
0.8772964834
0.8418226530
0.8217762058
0.8425984233
0.8794115114
0.9132632244
0.9395116191
0.9746186506
0.9996109569
0.9971971106
0.9793530181
0.9803920117
1.0054952097
1.0210528423
1.0200164320
1.0061707144
0.9726793346
0.9391936292
0.9057318324
0.8531359133
0.7948019720
0.7565163668
0.7669077038
0.8215346772
0.8936001637
0.9455728447
0.9786520203
0.9983942077
1.0064638745
1.0158523622
1.0207614608
1.0187150174
1.0216871121
1.0261516174
1.0194782788
0.9993410383
1.0018438107
1.0070192387
1.0023407175
0.9928740382
0.9831037865
0.9908809971
0.9827099382
0.9552389370
0.9493875350
0.9580750067
0.9726456368
0.9879723809
1.0016026682
1.0080619105
1.0049458683
1.0085491666
1.0091027711
0.9958270443
1.0000677268
0.9870945628
0.9642946635
0.9506033414
0.9472739367
0.9445673517
0.9195412967
0.9358138710
0.9643529306
0.9829435948
0.9888916170
0.9957447279
0.9962411722
0.9982579964
0.9986752007
0.9885023356
0.9742520417
0.9652035389
0.9485791618
0.9314366451
0.9387997142
0.9338123521
0.9393738957
0.9418291128
0.9489928412
0.9622450254
0.9804491188
1.0045765652
1.0121894866
0.9980244456
0.9850134672
0.9803532251
0.9614355360
0.9526399735
0.9562497963
0.9652297533
0.9671759895
0.9655580745
0.9649169718
0.9589172779
0.9626928778
0.9731259458
0.9832419851
0.9901978079
0.9849925511
0.9747572917
0.9721683086
0.9663119664
0.9849009444
0.9975894112
0.9866792287
0.9852130192
0.9842059533
0.9890864948
0.9913536285
0.9907138663
0.9847559428
0.9744746192
0.9728977530
0.9808431647
0.9813037869
0.9609165777
0.9326245247
0.9232105419
0.9283583349
0.9334030045
0.9487674527
0.9426274357
0.9410954338
0.9421100273
0.9526283542
0.9725532138
0.9837546436
0.9970452592
0.9964294549
0.9927771259
0.9986627321
1.0004672028
0.9898188607
0.9780188222
0.9759641831
0.9770069601
0.9744865772
0.9684453255
0.9772512780
1.0002251510
1.0190741698
1.0101381428
1.0000118556
0.9981205451
0.9921403729
0.9909075393
0.9955107997
1.0043999940
0.9979250712
0.9867480814
0.9848377574
0.9872521996
0.9907199919
0.9961997642
0.9965599292
0.9833127479
0.9693176495
0.9654255959
0.9780599300
0.9697142952
0.9502801784
0.9629141765
0.9772955276
0.9771804860
0.9734468033
0.9835937145
0.9806024395
0.9649202472
0.9461382296
0.9127650127
0.9036050094
0.9160022297
0.9212506825
0.9400574816
0.9616035839
0.9774692277
0.9744187138
0.9807198408
0.9804631335
0.9678410887
0.9555925866
0.9531175600
0.9535080955
0.9743228532
0.9801806425
0.9886388393
0.9951950405
0.9965098492
1.0164639400
1.0280394744
1.0146699499
0.9909567464
0.9723657223
0.9704587936
0.9778689580
0.9839658257
0.9884172904
1.0034270451
1.0281711777
0.9941893438
0.9881905094
0.9808553524
0.9793804673
0.9790028850
0.9789914499
0.9971152195
1.0001439971
0.9866035006
0.9680607350
0.9644987178
0.9731295156
0.9746491514
0.9623789355
0.9579346483
0.9747435644
0.9738792216
0.9684206512
0.9639173990
0.9644982629
0.9571000861
0.9571114597
0.9859932359
0.9923574037
0.9909009176
0.9874993068
0.9828315593
0.9735633708
0.9659632313
0.9637196853
0.9511561832
0.9406734765
0.9434166675
0.9545419698
0.9665045598
0.9566029701
0.9329771864
0.9149610396
0.8881518866
0.8665378973
0.8654708612
0.8778371666
0.9109561177
0.9536829446
0.9777865416
0.9891322191
0.9958243571
0.9916945376
0.9885729919
0.9953193891
0.9981534703
0.9952855799
0.9937543881
0.9938062991
0.9931530005
0.9906343787
0.9938973385
0.9957607999
0.9786912683
0.9677529206
0.9551170588
0.9708112841
0.9677366362
0.9721535930
0.9812820705
0.9839407249
0.9831849693
0.9875062696
0.9880553904
0.9718781091
0.9536180218
0.9355907881
0.9040648650
0.8553397216
0.7856152318
0.7009212332
0.6312369886
0.5746636916
0.5543039148
0.5814701010
0.6829262789
0.7892955615
0.8810163989
0.9222343760
0.9483914877
0.9677291551
0.9812285184
0.9965811564
0.9998954949
0.9926482505
0.9807363984
0.9653518925
0.9515182491
0.9484002400
0.9518254507
0.9544338282
0.9696325916
0.9818439831
0.9779255160
0.9861129234
0.9765589499
0.9720679761
0.9732684861
0.9844444864
0.9906589724
0.9732325585
0.9570142949
0.9449194191
0.9140741870
0.8772620557
0.8595372563
0.8666545434
0.8818149504
0.9085406820
0.9468801157
0.9639994409
0.9708071153
0.9615019675
0.9372109901
0.9365720203
0.9398322560
0.9506740865
0.9574315532
0.9606948299
0.9530788824
0.9554987856
0.9323475282
0.9014519771
0.8592044289
0.8329404402
0.8279912605
0.8482169815
0.8917696413
0.9328507725
0.9599627630
0.9788002614
0.9784893826
0.9636103632
0.9492489415
0.9398701597
0.9136748041
0.9014701779
0.8843608932
0.8681469622
0.8750675200
0.8718403483
0.8737507531
0.8783341299
0.8840528848
0.8982946534
0.8976552991
0.8936826802
0.9182115056
0.9545292352
0.9693273891
0.9641822716
0.9525996154
0.9410843221
0.9138299981
0.8966568310
0.8923361800
0.8882437545
0.8966304851
0.9316220176
0.9604482241
0.9655502901
0.9610655415
0.9689075913
0.9716610780
0.9659699614
0.9668187731
0.9758835897
0.9847514887
0.9820483287
0.9652648029
0.9545034217
0.9635173688
0.9806199068
0.9844040773
0.9843313021
0.9913121950
0.9799097513
0.9815543167
0.9939010803
1.0132297741
1.0133913091
1.0115838060
0.9947075095
1.0035500556
1.0070625422
1.0024113290
1.0009868995
0.9922501722
0.9799796900
0.9779526564
0.9834470723
0.9942522829
1.0033560476
1.0010175051
1.0072502135
1.0188756535
1.0285496558
1.0285042829
1.0241903547
1.0240067400
1.0080918360
0.9846447322
0.9662825272
0.9684312812
0.9792473998
0.9846831941
0.9811855196
0.9827200058
0.9830099804
0.9705228057
0.9696062595
0.9797359297
0.9901418100
0.9920268398
0.9876033089
0.9764278577
0.9783491085
0.9922068061
0.9990553812
0.9864549610
0.9778694703
1.0068971219
1.0074228942
0.9850637976
0.9740058816
0.9772082664
0.9835769283
0.9862189270
0.9795084712
0.9819541308
1.0097752046
1.0173365805
0.9981485612
0.9940698541
1.0034764186
1.0246487326
1.0428677754
1.0298841468
1.0067753572
0.9825200181
0.9984910279
1.0015112481
0.9954488011
0.9941904794
0.9962803868
0.9934747083
0.9846073165
0.9718140865
0.9564751179
0.9597296379
0.9888049209
0.9968445535
0.9889043646
0.9813943501
1.0024440544
1.0066664187
1.0149910520
1.0007208137
0.9971668920
1.0112200144
1.0151392509
1.0063967834
0.9928183989
0.9843547478
0.9820585988
0.9850351507
0.9879722872
