#flux
1.0162174778
1.0150935561
1.0039697000
0.9989909161
0.9876351772
0.9809600866
0.9923103739
1.0051670779
0.9889860687
0.9694166175
0.9996115081
1.0128916551
0.9971198563
0.9823838443
0.9853687773
0.9920312568
1.0011659861
1.0319883545
1.0548834425
1.0462789184
1.0266875493
1.0107390853
0.9973289132
0.9849167632
0.9555737659
0.9014714422
0.8124520925
0.7011155793
0.6691584833
0.7064146140
0.7382152643
0.7761232837
0.8655904651
0.9336391111
0.9648026759
0.9938718225
1.0157041771
1.0082856104
0.9947734757
0.9915792153
0.9809547621
0.9712307823
0.9870570259
1.0106520720
1.0165578287
0.9995635683
0.9812098772
0.9872163746
0.9825333893
0.9993390105
1.0076754546
1.0070085522
0.9994434498
0.9954328783
0.9996151822
1.0065299609
1.0086275104
0.9966145687
0.9960810754
1.0077359441
1.0024576199
0.9764448416
0.9641351059
0.9891802238
1.0120181647
1.0006750520
0.9833913764
0.9497867761
0.9154176124
0.8727826704
0.8486671777
0.8582894801
0.8929156898
0.9318536922
0.9476729019
0.9301449572
0.9139708145
0.9462369413
0.9836148878
0.9811011612
0.9705756888
0.9713856559
0.9543367783
0.9224598795
0.9058905488
0.9281818755
0.9734060454
0.9773906166
0.9766159302
0.9698568070
0.9256812018
0.8913075730
0.8602852728
0.8484416583
0.8799708352
0.9276533662
0.9429126273
0.9355746838
0.9013290322
0.8585553230
0.8478355129
0.8542333357
0.8423521594
0.8303073481
0.8717980365
0.9449124425
0.9633312326
0.9886588177
1.0090294914
0.9867084405
0.9707015957
0.9691966840
0.9545786501
0.9384868043
0.9358453568
0.9340120450
0.9306984389
0.9424119477
0.9793802885
1.0041794312
0.9955005409
0.9870291029
0.9876412024
0.9896261586
0.9921942918
0.9848045737
0.9558879809
0.9493437682
1.0034161455
0.9656686175
0.9060658045
0.9057211931
0.9441618276
0.9690195706
0.9656967714
0.9525036380
0.9449426408
0.9404918691
0.9158474500
0.8774047608
0.8668229438
0.8995372147
0.9495856339
0.9790207017
0.9921008179
0.9963605256
0.9817362305
0.9502223116
0.9386964461
0.9585446543
0.9453304348
0.9608354452
0.9738443822
0.9800079247
0.9718677183
0.9557856073
0.9428439225
0.9161550994
0.8713092576
0.8521549965
0.8783440585
0.9085568506
0.9303279599
0.9557851555
0.9668760220
0.9769324603
0.9822723222
0.9734172915
0.9717075149
0.9515460329
0.9257465236
0.9350074593
0.9408524630
0.9422643410
0.9283586486
0.8997535905
0.8778366376
0.8730118946
0.8628913701
0.8192902957
0.7558554679
0.7203848022
0.7456804758
0.8366032476
0.8983930520
0.9103229781
0.9130694773
0.9198106060
0.9218268134
0.9203735587
0.9021447796
0.8546204593
0.8411484761
0.8450906357
0.8722669599
0.8789234467
0.8327859398
0.7848424098
0.7838334603
0.7929189082
0.7637034075
0.7221229864
0.6925003930
0.6339167234
0.5611679984
0.4794112026
0.3497657590
0.2528567940
0.2444689402
0.2580172278
0.2415212712
0.2222658381
0.2057588353
0.1629248281
0.1175537376
0.1338987049
0.1882391235
0.2267047560
0.2520023172
0.2831430140
0.3201434372
0.3584179004
0.4082477889
0.4790276154
0.5539124005
0.6323392582
0.7019085046
0.7626337455
0.8077719158
0.8300323644
0.8378332564
0.8343767473
0.8238905291
0.8276610358
0.8569201228
0.8809548900
0.8893383764
0.8861955401
0.8854061514
0.9072973087
0.9277691283
0.9294056345
0.9254130199
0.9407146759
0.9640367869
0.9603602296
0.9500707440
0.9413861565
0.9127408656
0.9264428002
0.9396527906
0.9256542381
0.9242875498
0.9373869297
0.9401626137
0.9334437532
0.9285060202
0.9156984878
0.8955698828
0.8909529363
0.9020286043
0.9157704787
0.9034656508
0.8986364927
0.9319802382
0.9533286664
0.9584161430
0.9749707529
0.9848434445
0.9799804245
0.9715410318
0.9634666709
0.9471332521
0.9280437355
0.9399137374
0.9632960893
0.9686807594
0.9675077230
0.9681870367
0.9641514579
0.9563626158
0.9485608078
0.9392841760
0.9476404392
0.9583546148
0.9601917593
0.9945122942
1.0092918558
0.9975369326
0.9855937028
0.9718526776
0.9505374844
0.9507391846
0.9714490372
0.9645673875
0.9586304737
0.9748609762
0.9632174836
0.9436407555
0.9692299921
0.9797131797
0.9773978254
0.9872524721
0.9889423409
0.9840176409
0.9918236176
0.9916141576
1.0054453347
0.9979131331
1.0003657150
1.0038118849
1.0009074613
0.9979577406
0.9881915451
0.9708271457
0.9605806076
0.9459300036
0.8976464086
0.8242201701
0.7555024075
0.7158214146
0.7446780995
0.8026064015
0.8436441742
0.8982028848
0.9517027882
0.9836679821
0.9958588544
0.9923726550
0.9862003060
0.9497335806
0.9462195204
0.9686393644
0.9880644453
0.9769942805
0.9514347811
0.9477781991
0.9596021968
0.9707027306
0.9804773865
0.9950294401
1.0090934152
1.0009049311
0.9705287569
0.9526940284
0.9690262346
0.9705109652
0.9638816709
0.9710237677
0.9836593441
0.9849753610
0.9830121721
0.9874519874
0.9904513776
0.9967417680
0.9897736038
0.9589446247
0.9380551483
0.9412696949
0.9686751783
0.9800713230
0.9661680819
0.9542772166
0.9571657760
0.9749701417
0.9989196336
1.0080458459
0.9984996003
0.9760900102
0.9733601220
0.9767417646
0.9930685443
0.9980777310
0.9907587825
0.9811121346
0.9730706963
0.9611995003
0.9151854431
0.8396803022
0.7841436589
0.7594881084
0.7772411388
0.8232666793
0.8936040743
0.9301364369
0.9619379740
0.9793842341
1.0063784716
1.0243276179
1.0206954602
1.0065616881
0.9890831993
0.9754261940
0.9815103479
0.9931849205
0.9796202507
0.9552790088
0.9486051080
0.9484440310
0.9676380467
0.9790435142
0.9361181488
0.8713071398
0.8327666462
0.8087628255
0.7944971775
0.8313450877
0.9168343861
0.9914317390
1.0098024221
1.0006085187
0.9706267452
0.9616614293
0.9671505477
0.9287060815
0.8452663968
0.7675070107
0.7311472458
0.7411128793
0.7827813847
0.8198529605
0.8188925891
0.7760934603
0.7696913162
0.8249062303
0.9144698019
0.9586955712
0.9873886141
0.9970445804
0.9904543501
0.9862785749
0.9870213957
0.9874438420
0.9929909534
1.0044548226
1.0081241439
0.9952718070
0.9704974800
0.9512061687
0.9675398888
0.9705164798
0.9800127359
0.9996912006
1.0143882972
1.0067363414
0.9877102367
0.9793641970
0.9772875659
0.9806268585
0.9631525639
0.9624090344
0.9857217769
1.0036070443
1.0095721503
1.0144620833
1.0170988816
1.0120401951
1.0029273176
0.9873931135
0.9588340893
0.9468395546
0.9804336461
0.9997624840
1.0229760335
1.0124706425
1.0041300218
1.0266701047
1.0605467418
1.0666796154
1.0426062234
1.0230462484
1.0110748535
0.9891003800
0.9739697372
0.9930984183
1.0226078953
1.0202455734
1.0050739680
1.0051669903
1.0030013346
0.9910459764
0.9606451815
0.9793365140
0.9801525896
0.9865646806
0.9931324353
1.0008069579
1.0084852693
1.0163918598
1.0133542489
0.9804328580
0.9635551145
0.9901189544
1.0199820933
1.0253801638
1.0183989342
1.0160717530
1.0155444785
0.9939416375
0.9713450613
0.9959618847
0.9970520025
0.9729821886
0.9765189988
0.9813562435
0.9819111224
0.9961319578
1.0020572506
1.0093969072
1.0083047293
0.9916193981
0.9621624277
0.9502840195
0.9725759349
1.0010696401
1.0062975169
0.9565931388
0.8769384231
0.8242711118
0.8240732200
0.8482208443
0.8564581625
0.8961893652
0.9459846049
0.9680974794
0.9752623518
0.9661560165
0.9853200918
0.9903544110
0.9847995381
0.9932931758
1.0088224191
1.0170708735
1.0115589210
0.9910924524
0.9699107818
0.9614719642
0.9465958441
0.9299100992
0.9733767673
0.9965778974
0.9965092359
0.9946482748
0.9675137183
0.9664750912
0.9748471532
0.9821736186
0.9837147864
0.9865108988
0.9866021992
0.9792545354
0.9815540115
0.9952667863
0.9981117625
0.9851339457
0.9601404185
0.9457932007
0.9746299671
0.9846425713
0.9699237111
0.9619867274
0.9696714559
0.9686629531
0.9784237398
0.9886478136
0.9977827814
1.0035380103
0.9940992237
0.9851097881
0.9813095540
0.9922790058
1.0035477787
0.9939189728
0.9751324289
0.9586858169
0.9648063764
0.9843406365
0.9995198574
0.9677179082
0.9598005646
0.9949789949
1.0236961602
1.0233676876
1.0161146974
1.0253087325
1.0310947268
1.0150266332
0.9916446184
0.9940520039
0.9984940282
0.9777075293
0.9553951372
0.9630093587
0.9777142181
0.9605869344
0.9614113632
0.9874668626
1.0142611032
1.0185782186
1.0120598227
1.0113382638
1.0039564459
0.9710554538
0.8846276171
0.8130506769
0.8098566682
0.8150315968
0.8352750574
0.9098623230
0.9731671591
0.9926880113
0.9879463470
0.9623999939
0.9512083325
0.9611564163
0.9968521696
1.0238292072
1.0166817143
1.0116827300
1.0231005340
1.0254687263
1.0177019785
1.0105380151
1.0187048589
1.0120856996
1.0032233268
0.9985066815
0.9893154623
0.9881659751
0.9969024905
0.9986654065
0.9896298351
0.9859770730
0.9993936086
1.0091167567
0.9919918093
0.9729151749
0.9789437330
0.9727957507
0.9555329931
0.9542209128
0.9703421271
0.9888530675
0.9729382303
0.9941920017
1.0092877469
1.0110596941
1.0111536016
1.0111176492
1.0106431976
1.0102451038
1.0087680788
1.0041405346
0.9988749479
1.0003130752
1.0041303088
1.0029824874
1.0111248462
1.0162168844
1.0231358284
1.0234034364
0.9908500888
0.9612634582
0.9853209489
1.0040138247
0.9932785093
0.9621698913
0.9550055637
0.9707479193
0.9805198758
0.9787836935
0.9731785649
0.9719394169
0.9714121368
0.9695311415
0.9864930975
1.0138087863
1.0245799542
1.0385321172
1.0364681485
1.0206505302
1.0041176311
1.0044027612
1.0085658388
0.9894368296
0.9425332995
0.8863514627
0.8556113758
0.8737284633
0.9204664101
0.9614863554
0.9892160169
1.0046903842
1.0095344896
1.0133224928
1.0083459792
0.9810886975
0.9640361366
0.9904562814
0.9761011458
0.9974996963
1.0211019948
1.0208483875
1.0096122288
0.9987094786
0.9934244940
0.9653856668
0.9258286891
0.9105720260
0.9164928242
0.9177013829
0.8988127569
0.8482342870
0.7690023186
0.6861508463
0.6287377326
0.6260482172
0.6932131165
0.8027611507
0.9059533427
0.9664478591
0.9796137113
0.9972932186
0.9989853939
0.9998631056
0.9922241192
0.9680140689
0.9445939699
0.8944603477
0.8029415284
0.7299275402
0.7031626032
0.7058747575
0.7453282974
0.8171640866
0.9007509677
0.9637885526
0.9641763244
0.9632707559
0.9833123827
1.0012053568
0.9936229940
0.9952161156
0.9796620625
0.9625129720
0.9444649050
0.9203382307
0.9384368605
0.9824278186
0.9988855039
1.0101185070
1.0156390181
1.0088635841
1.0092605316
1.0107249125
0.9851857742
0.9813248006
1.0120337524
1.0181152182
1.0210513721
1.0231693649
1.0056681812
0.9656034152
0.9378474491
0.9496460632
0.9722593174
0.9906996156
0.9866760457
0.9729455986
0.9825967878
0.9950877447
0.9907047010
0.9541098939
0.9521324648
0.9853042574
1.0080682592
1.0130583637
1.0114225212
1.0158541119
1.0165315564
1.0061828216
0.9835831111
0.9688111566
0.9841018607
0.9960280548
0.9991462850
1.0001333426
1.0031952517
1.0061739726
0.9942320122
0.9651780350
0.9207432319
0.8656485307
0.8157624168
0.8075097705
0.8983808341
0.9620718833
1.0076288618
0.9927518538
0.9955172703
1.0151104492
0.9998687504
0.9736387434
0.9633454756
0.9601876450
0.9597089867
0.9519789898
0.9293850590
0.9274095206
0.9598774649
0.9608782365
0.9326156029
0.9523298696
0.9788896847
1.0012116908
1.0036310198
0.9636298149
0.9170716372
0.8725624913
0.8767939561
0.9104554141
0.9593717381
0.9929328439
1.0091404076
1.0111549771
1.0070703434
1.0138259641
1.0220723655
1.0116338346
1.0020854525
1.0113628635
1.0155204874
1.0166327218
1.0207198313
1.0007518930
0.9894856837
0.9991769062
1.0176245951
0.9729323387
0.9795846156
1.0064972982
1.0282932813
1.0387000615
1.0234742113
1.0136110492
1.0088993961
0.9993828123
0.9966641556
1.0013433813
1.0156042498
1.0262187366
1.0203813202
1.0280662251
1.0209975683
1.0177743252
1.0026520956
0.9944795557
1.0043961344
1.0151003747
1.0084597226
0.9975031080
0.9954878114
0.9839969530
0.9750038939
0.9867592737
0.9979830742
0.9871041363
0.9755282246
0.9794302140
0.9725129864
0.9496101914
0.9352051118
0.9574518339
0.9770825757
0.9862682104
0.9920328092
1.0081634678
0.9972129671
0.9917389187
0.9993111102
0.9943838903
0.9996114066
1.0003560801
0.9976945497
0.9997458492
1.0011959379
0.9971576625
0.9872107994
0.9782287655
0.9840356073
0.9942184719
0.9880888970
0.9957420669
1.0211876586
1.0023066553
0.9799295715
0.9835097275
1.0085492558
1.0248030252
1.0161943098
1.0093819504
1.0220513835
1.0265982138
1.0229617764
1.0187168100
1.0062895763
0.9839787230
0.9511112683
0.8969889543
0.8413603899
0.8457204808
0.8467472942
0.8533290166
0.9154184968
0.9660258833
0.9997739592
1.0104161526
0.9766919123
0.9788398294
1.0119112020
1.0265834164
1.0090007877
0.9780553621
0.9694143124
0.9913621635
1.0146114888
1.0214522691
1.0183716678
1.0040179634
0.9885567215
0.9887651827
0.9753489257
0.9413325821
0.9635595010
0.9982154428
0.9933988603
1.0039427787
1.0148649827
1.0091817083
1.0187007806
1.0259315915
1.0187097637
1.0130665710
0.9955329717
0.9798376281
0.9797536615
0.9647428977
0.9529731635
0.9780462831
0.9812223941
0.9632298594
0.9846802513
0.9914091496
1.0003430037
1.0029805676
0.9942597178
0.9924019363
0.9938461286
0.9833466879
0.9632580199
0.9699913645
1.0053336641
1.0240879323
1.0041783546
0.9546938529
0.8994012836
0.8778132599
0.8897691889
0.8834358928
0.8844188645
0.9166139802
0.9433248026
0.9690476236
0.9937124416
1.0128698762
1.0239386574
1.0132940147
1.0053648509
0.9774977145
0.9962604776
0.9958141022
0.9447917248
0.8749877992
0.8193567815
0.7823074539
0.7601298540
0.7682555862
0.8175094767
0.8932365893
0.9407896781
0.9632938228
0.9557827850
0.9422434849
0.9169885803
0.9153739140
0.9148471979
0.9228281228
0.9340047018
0.9681606158
1.0158317526
1.0246301996
1.0105361373
1.0067094250
1.0126734317
1.0139847602
1.0073116293
1.0056356582
1.0080649620
0.9984932630
0.9819395957
0.9796854653
0.9992170050
1.0021243384
1.0025760056
1.0099993500
0.9990189778
1.0041501508
1.0134589338
1.0167209670
1.0120105964
1.0023768410
0.9818028538
0.9834102248
1.0120779850
1.0268060279
1.0198471525
1.0106274396
1.0150307922
1.0029134806
1.0005645216
1.0100602578
1.0174688179
0.9973296692
0.9835997511
0.9992375264
1.0015207147
0.9815984287
0.9869271038
1.0028963402
1.0112026544
1.0115888543
1.0042580701
1.0009358372
1.0100335864
1.0143721373
1.0003223763
0.9899654540
1.0096229785
1.0256112796
1.0027194714
0.9762188892
0.9565762177
1.0006832720
1.0043081293
0.9950428765
0.9804672895
0.9802493555
0.9891242232
0.9839543524
0.9697893422
0.9605732692
0.9587919567
0.9480906053
0.9284515043
0.9264895353
0.9432823442
0.9606321016
0.9867677366
1.0046215554
0.9837424299
0.9800601194
1.0033289375
1.0062465160
1.0159852035
1.0058042084
0.9889990263
0.9875585340
0.9894156570
1.0012184174
1.0070347304
1.0003551717
0.9885300237
0.9723298787
0.9738157688
1.0019623151
1.0096429180
1.0038746253
1.0070277305
1.0121308101
1.0088297824
1.0119171693
0.9975153281
1.0054065106
1.0186946673
1.0066685331
0.9818475529
0.9792668518
0.9738038567
0.9648392893
0.9768067779
0.9974799564
0.9992655575
0.9982729222
1.0111161544
1.0095214297
0.9889896148
0.9800780246
1.0000922364
1.0077870270
1.0096218305
1.0095631458
0.9948075519
0.9837418253
0.9818377780
0.9950272381
0.9725182725
0.9500628657
0.9492580981
0.9598144364
0.9826824269
1.0028788243
1.0038403115
1.0026620196
0.9984626192
0.9714911891
0.9678357476
0.9899948278
0.9837585618
0.9771588418
0.9879089777
0.9826919634
1.0043208626
1.0045962345
0.9902926695
0.9700387451
0.9981998117
1.0249182475
1.0184981152
1.0090410409
1.0082717455
1.0022072619
1.0022752899
1.0104524882
1.0078427994
1.0090933014
1.0066884970
0.9939976636
0.9944373311
1.0183811015
1.0150312376
1.0060229162
0.9912379635
0.9965503584
1.0090883056
1.0167832567
1.0087155649
1.0070769150
1.0097072203
1.0118419062
1.0047858562
0.9916398590
0.9958893529
1.0151025500
1.0077412626
0.9684426749
0.9561885322
0.9928883988
0.9911893750
0.9669835604
0.9694059027
0.9613052029
0.9819869628
1.0047169475
1.0127423072
1.0110035347
1.0062574208
0.9995718089
0.9888339815
0.9947161383
1.0153776386
1.0269668310
1.0188230148
1.0002030619
0.9874288604
0.9860330700
1.0035310970
1.0152890815
1.0130832741
1.0224254235
1.0245440574
1.0208280733
1.0190949527
1.0275982581
0.9962087713
0.9628564064
0.9661203510
0.9882295258
1.0152013895
1.0288457423
1.0205710758
1.0163790738
1.0248784838
1.0191346539
1.0038429385
0.9992100943
1.0050871251
1.0108561489
1.0013934033
1.0119634929
1.0242236391
1.0050541520
1.0019017548
1.0101193106
1.0168341709
1.0183180886
1.0122193024
1.0053809677
1.0121566259
1.0087005732
0.9839126092
0.9813980728
1.0098493324
1.0246244560
1.0295538946
1.0216407373
0.9964243608
0.9848325660
0.9818803602
0.9819439110
0.9559802147
0.9518247715
0.9568947250
0.9619739033
0.9808912750
0.9922907704
1.0022983806
0.9958179900
0.9821521459
0.9841183216
0.9970694711
0.9964331137
0.9827194327
0.9845840295
0.9978349416
0.9963846707
0.9698498527
0.9589783643
0.9548966843
0.8995030111
0.8243025795
0.7942183586
0.8282602262
0.8810723368
0.9329491239
0.9707251030
0.9956117307
1.0152975646
1.0219869434
1.0137418992
0.9818975769
0.9424196312
0.9549996554
0.9982924977
0.9816094626
0.9613970090
0.9902161888
1.0124349562
1.0235627403
0.9914140904
0.9876742116
0.9971782574
0.9922422172
1.0017813911
0.9927059706
0.9825420790
0.9877946168
1.0031887079
1.0126313067
1.0151398117
1.0150854933
1.0072934035
0.9909974359
0.9856863509
1.0197025662
1.0192202362
1.0055292984
1.0023409836
0.9944485482
0.9910579644
0.9759596582
0.9400854685
0.9017662501
0.8999529072
0.9150723428
0.9331591967
0.9555161493
0.9695058488
0.9856576762
0.9906045827
0.9736951611
0.9714718359
0.9833127086
0.9936166545
1.0083875054
1.0138340805
1.0245004816
1.0287971297
1.0047195588
0.9917666227
0.9719082052
0.9973437450
1.0136538063
0.9791370088
0.9434221545
0.9539548196
0.9819391841
1.0033053382
1.0118156001
1.0050518314
1.0048971971
1.0089101032
0.9823371566
0.9784526680
1.0073874724
1.0238467710
1.0207139673
1.0096721215
1.0127263111
1.0208918287
1.0138801346
0.9861358757
0.9673823205
0.9504379750
0.9417747103
0.9511275104
0.9611591200
0.9901255885
1.0263874155
1.0318630307
1.0214726705
1.0247942218
1.0351887296
1.0181700166
1.0076623330
0.9936464056
1.0090658300
1.0117192385
0.9987283278
0.9915284853
0.9992540544
0.9737984547
0.9675679958
0.9928299561
0.9956759408
0.9769387157
0.9745472311
0.9869006771
0.9857252733
0.9689584290
0.9495285537
0.9371833990
0.9580043250
0.9868890486
0.9674726248
0.9413086882
0.9673416570
0.9734065170
0.9869391545
0.9563077302
0.9029646284
0.9028823436
0.9554276436
0.9744162620
0.9612953475
0.9530031630
0.9474126941
0.9412546414
0.9504375774
0.9685473790
0.9798374660
0.9939172010
1.0007339517
1.0099565612
1.0095124543
0.9710369041
0.9749770173
0.9813374749
0.9744062941
0.9416684496
0.9055881745
0.8972955981
0.9063478280
0.9119065453
0.8850036077
0.8411658919
0.8008065669
0.7844396253
0.8031526063
0.8502475510
0.9024926094
0.9094765978
0.8976538392
0.8750464588
0.8867919850
0.9126554234
0.9165274250
0.9404560152
0.9808948194
0.9956088748
0.9926873311
0.9947258275
1.0002603693
1.0114543309
1.0168077246
0.9938629553
0.9502170568
0.9183559107
0.8962010578
0.8806609518
0.9071262926
0.9421738952
0.9564374719
0.9664549210
0.9675878180
0.9782931036
0.9820950759
0.9923214228
0.9814336170
0.9767006927
0.9853422020
1.0017354161
1.0113783797
1.0030571401
1.0030477363
1.0149037744
1.0194842507
1.0131561763
1.0086074581
1.0077605495
1.0003541455
1.0015440390
0.9953521191
0.9992237922
0.9775749908
0.9862931163
0.9997918760
0.9995175525
0.9913214879
0.9819159569
0.9968980924
1.0003396285
1.0073493292
1.0038735648
0.9983406950
1.0154553205
1.0267304108
1.0127674357
1.0015312025
1.0033825379
1.0266284831
1.0459992000
1.0293641011
1.0017048787
1.0016933936
1.0026703986
0.9688957645
0.9375572861
0.9345428671
0.9642115775
1.0064809745
1.0052337998
0.9925136322
0.9938815723
1.0014395667
1.0033019024
1.0051843101
1.0170961702
1.0273725141
1.0198590852
1.0076129144
1.0053667169
0.9812613864
1.0043704094
1.0209621800
0.9862842897
0.9951159574
1.0127471345
1.0191325167
1.0154910268
1.0209428406
0.9997494087
0.9787462695
0.9649488315
0.9439837878
0.9172313246
0.8922304074
0.8766379813
0.8784487464
0.8987929302
0.9402652679
0.9750063008
0.9903282634
1.0050446801
0.9981152788
1.0119652317
1.0149500586
1.0001477075
1.0000954913
0.9977174177
0.9926946289
1.0105342491
1.0301709675
1.0255849614
1.0168081744
1.0159360752
1.0153008886
1.0142026876
1.0085813615
1.0046219370
0.9995460807
1.0109148060
1.0074407334
1.0069302328
1.0142466275
1.0153599298
1.0154188574
1.0194405207
1.0125165820
1.0222013890
1.0190258638
1.0133833822
1.0127708576
1.0080888003
1.0011951459
1.0020019247
1.0073029627
1.0132274742
1.0226195468
1.0033904464
0.9421173313
0.9553459947
0.9878050213
0.9816046259
0.9770269956
0.9725817884
0.9754218114
1.0067656610
1.0087524397
1.0051005615
1.0090816969
1.0027903542
1.0082076392
1.0051907067
0.9778634093
0.9517405438
0.9263299876
0.8829003451
0.8203169005
0.7381785879
0.6852942023
0.6511722184
0.6661025732
0.7418726128
0.8434210275
0.9270725970
0.9692828717
0.9817247411
0.9945083559
0.9984688507
0.9808004973
0.9606994088
0.9609220146
0.9768008018
0.9916285138
1.0093326759
1.0254386909
1.0173555148
1.0061373754
0.9951437983
1.0016683889
1.0040077908
1.0056258208
1.0004419638
0.9971426422
0.9712311184
0.9691785359
0.9607673688
0.9672741997
0.9703486540
0.9737220374
0.9841837553
0.9946478009
0.9993599743
1.0060570327
1.0123175093
1.0126319708
1.0181356113
1.0094553079
1.0016001339
1.0126504832
1.0198337622
1.0150215152
0.9976480852
0.9602016034
0.9791978895
0.9962540103
0.9962705009
1.0017922003
0.9801721215
0.9797137362
0.9926456756
0.9964822923
0.9873954894
0.9637429230
0.9429593746
0.9427093693
0.9522682554
0.9587013003
0.9675491499
0.9737547787
0.9604470697
0.9894856181
0.9889407357
0.9988558341
0.9981516137
1.0051863312
1.0073307112
1.0198170458
1.0189906240
1.0038279122
0.9917691057
0.9923620194
1.0067328414
1.0035341269
0.9672731396
0.9453631609
0.9403335844
0.9489236359
0.9724463475
1.0238025374
1.0074179171
1.0014778624
1.0161590664
1.0003932091
0.9879615674
0.9955265753
1.0098032570
1.0124591746
1.0041622750
1.0082915048
1.0264653623
1.0268196324
1.0161196246
1.0131281328
0.9951943005
0.9697459778
0.9530254330
0.9461977226
0.9735772879
1.0071682513
0.9959871878
0.9948339794
1.0033099125
1.0133899011
1.0248849778
1.0286532010
1.0382970735
1.0220944308
1.0031679677
0.9950933569
1.0007174606
1.0178650649
1.0154800836
0.9890661654
0.9817626168
0.9902203334
0.9980468889
1.0063765522
1.0133208619
1.0061719049
0.9996747699
0.9789815760
0.9882793828
0.9920815437
0.9868767153
0.9998410722
0.9926212125
0.9925938018
0.9973251579
0.9819594358
0.9659515360
0.9717788616
0.9859163073
0.9926632802
0.9985592923
1.0144719957
1.0111603179
0.9998128166
1.0201793423
1.0092641549
1.0143446813
1.0121073389
1.0016794834
0.9944383288
0.9974925963
1.0066483434
0.9944652740
1.0008566871
1.0112751595
1.0092743260
1.0014749663
1.0052661822
1.0183857652
1.0043586904
0.9655710147
0.9513389117
0.9861309674
0.9753457355
0.9595519164
0.9790576988
0.9789128612
0.9902438542
1.0042132929
1.0110587561
1.0046827730
1.0013715793
1.0086475870
1.0029548736
0.9900579630
0.9848339694
0.9685498639
0.9364827171
0.9345384187
0.9784733801
1.0033552746
0.9854838981
0.9989242612
1.0044171183
0.9898378515
1.0039071442
0.9928032983
1.0060667180
1.0134787743
1.0160147890
1.0081252068
1.0020529306
0.9996867743
1.0043908764
1.0049211818
1.0073920989
1.0184636939
1.0207947169
1.0089152489
1.0042284255
1.0160043897
1.0186108355
1.0187688055
1.0128337539
1.0106484827
1.0274324367
1.0356261190
0.9903867276
0.9573508684
0.9620291697
0.9915608909
1.0102989242
1.0063578406
0.9969644348
0.9971520109
1.0013326912
0.9994076927
0.9967413107
0.9981995792
0.9919800934
0.9805536911
0.9725615889
0.9615137424
0.9751058852
0.9988269616
1.0207028050
0.9887050346
0.9768272107
0.9838600727
0.9933031382
0.9978980886
0.9997670174
0.9966843917
0.9944603997
0.9937183353
0.9944628132
0.9808381738
0.9601618990
0.9681773825
0.9621379596
0.9433387466
0.9581573048
0.9799659498
1.0026527673
1.0185544797
0.9534389486
0.9370761933
0.9966162461
1.0164750973
1.0109247285
0.9986326062
0.9713910555
0.9482197720
0.9645637200
0.9861262522
0.9866280031
0.9989088729
1.0181674719
1.0110876822
1.0010859289
1.0097857480
1.0189569951
1.0285661468
1.0313172073
1.0071037658
1.0053774956
1.0170752909
1.0133776383
1.0051715359
0.9997144080
1.0087058889
1.0134545351
0.9984524952
0.9829619674
0.9635588913
0.9396531689
0.9441282934
0.9709685326
0.9866272158
0.9947453261
0.9623278568
0.9529884634
0.9755278073
0.9816430722
0.9923356575
0.9659813539
0.9675336595
1.0007776967
1.0127875013
1.0228466360
1.0163980550
1.0066224628
1.0009405331
0.9862328512
0.9754821015
0.9724308436
0.9566568284
0.9480108342
0.9575704384
0.9495185842
0.9587621076
0.9871909075
0.9643250984
0.9770932296
1.0005469326
1.0143417313
1.0190295474
0.9827476298
0.9364983426
0.9280500680
0.9781591800
1.0022822115
0.9979416860
0.9998598210
1.0036167350
0.9952841574
0.9811109617
0.9896950233
1.0049880704
1.0072022072
1.0040067198
1.0123663820
0.9970420880
1.0044698698
1.0079866055
0.9915551004
0.9891751287
0.9922744623
0.9792691382
0.9637178621
0.9255926641
0.8773146478
0.8400752744
0.8004917206
0.7496755414
0.7026189599
0.6813202833
0.7096496859
0.7725280161
0.8629120648
0.9480858053
0.9720538049
0.9784898702
0.9867367764
1.0062069187
1.0024835010
0.9965769383
1.0066103555
1.0049272253
0.9914117046
0.9830724217
0.9909797974
1.0058287358
1.0120284386
1.0025236320
0.9902780514
0.9929590298
0.9824969958
0.9401522969
0.9358356480
0.9718455894
0.9537191571
0.9378278377
0.9533874164
0.9456367787
0.9558275225
0.9773388017
0.9797263550
0.9644499218
0.9606968988
0.9660829407
0.9787269035
0.9952195577
0.9993909526
0.9904590443
0.9821075018
0.9788398808
0.9853542640
0.9907489632
1.0207764977
1.0058552147
1.0041538482
1.0167654684
1.0118860611
0.9689673454
0.9542770269
0.9664727175
0.9905901396
0.9917099183
0.9967623326
0.9865323992
0.9886907103
1.0074021638
1.0023900114
0.9757554911
0.9526905221
0.9579283462
0.9759239533
0.9822158463
1.0004322335
1.0049133929
0.9809051110
0.9530381697
0.9460533799
0.9529246642
0.9579936634
0.9626519477
0.9666801480
0.9748871926
0.9616581006
0.9489268845
0.9721946712
0.9982058777
1.0015460007
1.0048104683
1.0117608518
1.0305929729
1.0172526425
0.9924154351
0.9833743983
0.9948355564
0.9982689217
0.9780052335
0.9170256942
0.9167824960
0.9456499407
0.9614351367
0.9535608350
0.9570808631
0.9739388305
0.9793671538
0.9787422383
0.9791242699
0.9754334203
0.9698229606
0.9541816301
0.9496788051
0.9858435643
0.9998668309
0.9986401027
0.9939799237
1.0047897859
1.0003327643
1.0195317941
1.0107548235
0.9992124683
1.0149440776
1.0123742657
0.9983632467
0.9879647355
0.9805471020
0.9756928582
0.9883163128
1.0086632864
0.9965857547
0.9778250367
0.9846049360
0.9580441911
0.9613436260
1.0057880907
1.0017108927
0.9936417893
0.9786664437
0.9680093796
0.9642078547
0.9750845758
0.9970903267
0.9927811103
0.9944426605
0.9976217112
0.9917205341
0.9890620168
0.9855442768
0.9750243143
0.9736310955
0.9881779380
0.9940581480
1.0085225742
1.0046776641
1.0021717789
1.0004130769
1.0106269578
0.9991382464
0.9958079850
0.9827343340
0.9833401167
0.9936343918
0.9944082805
0.9641410282
0.9484910509
0.9673618970
0.9862069442
0.9882958286
0.9868597331
0.9978289986
1.0030463254
0.9957575266
1.0133000628
0.9932888314
0.9264102064
0.9802794566
0.9973286476
0.9832533389
0.9790017507
0.9765267009
0.9822033636
0.9932454068
1.0042860550
0.9997315638
0.9666000977
0.9569474038
0.9840973199
0.9903757566
0.9847087896
0.9909557357
0.9923938218
0.9836575346
1.0072172120
1.0104610912
1.0070501054
0.9877714504
0.9622128935
0.9973331552
1.0155115935
1.0094825183
1.0093736601
1.0086983355
1.0091134161
1.0195131087
1.0253436792
