#flux
1.0188501401
1.0027934748
0.9851569533
0.9846728213
0.9903054695
0.9864641948
0.9844599324
0.9892819024
0.9905372413
0.9969726414
0.9964003061
1.0010628037
1.0205954278
1.0048712281
0.9965859803
0.9930837121
0.9818066590
0.9807282867
0.9881296055
0.9876419710
0.9891609493
0.9934149825
0.9805546564
0.9656873915
0.9734118270
0.9818836136
0.9770675396
0.9669790105
0.9471115020
0.9518973183
0.9828924822
0.9896358950
0.9991758983
0.9953563837
0.9821686467
0.9783926103
0.9843605168
0.9812838336
0.9704923472
0.9697899830
0.9789660735
0.9878402957
0.9888983636
0.9826452011
0.9868908095
0.9947040613
0.9918606020
0.9946561597
1.0015627790
0.9984527607
0.9893966371
0.9840300981
0.9761136154
0.9771223955
0.9860525588
0.9881753416
0.9781204950
0.9700908532
0.9861679373
0.9993281808
0.9925568111
0.9854845361
0.9885204622
0.9911503393
0.9787532452
0.9619537466
0.9684086121
0.9870697070
0.9626300290
0.9241169101
0.9072544055
0.9043947982
0.9269395498
0.9621006484
0.9849768064
0.9868143500
0.9822792805
0.9973025396
0.9983970473
0.9847222895
0.9734062316
0.9699616473
0.9777485161
0.9853702695
0.9837007378
0.9800987902
0.9733217316
0.9427427944
0.9287778198
0.9125970135
0.8825820262
0.8838823033
0.8985325927
0.9154173122
0.9436526195
0.9720599392
0.9756176291
0.9695842467
0.9350345808
0.9021822563
0.9014648590
0.9047508716
0.8958969538
0.9014443376
0.9302209835
0.9588550273
0.9696675233
0.9659306567
0.9577879052
0.9629373801
0.9705857555
0.9484352960
0.9358310134
0.9437488703
0.9499859712
0.9503951132
0.9580919795
0.9633614762
0.9686696764
0.9699472701
0.9689107103
0.9723449724
0.9756881837
0.9716475510
0.9619641638
0.9581216518
0.9664647227
0.9760084354
0.9721291109
0.9744605899
0.9702820307
0.9728099123
0.9743597658
0.9671465729
0.9585653303
0.9516799547
0.9407827688
0.9470194254
0.9525418175
0.9488832937
0.9485796845
0.9565188891
0.9636869272
0.9676194531
0.9760538960
0.9739431553
0.9474175302
0.9310786646
0.9474337828
0.9590516972
0.9697311293
0.9386263891
0.9435972492
0.9516894716
0.9465201610
0.9396176693
0.9251967033
0.8972623801
0.8743456764
0.8518331401
0.8491087407
0.8664492045
0.8843881640
0.9071926375
0.9228244760
0.9208597696
0.9117335138
0.9165242016
0.9341180213
0.9310722163
0.9211987173
0.9069798724
0.9183341350
0.8960320920
0.8693719080
0.8629480368
0.8623690044
0.8653076522
0.8871334547
0.9011675873
0.8990925574
0.8974772062
0.9044903474
0.9060340865
0.8886903799
0.8818930725
0.8785243360
0.8702376220
0.8718395806
0.8717623904
0.8567568282
0.8615903581
0.8445823963
0.8508515114
0.8313777149
0.8224721997
0.8270632963
0.8174636340
0.7867856108
0.7490019443
0.7190563446
0.6856953644
0.6309746408
0.5642272869
0.5020974478
0.4437089162
0.3865443926
0.3293161881
0.2725082125
0.2342802751
0.2269533723
0.2132354990
0.2013920948
0.1966694967
0.1975205834
0.2044981464
0.2141778214
0.2247402446
0.2415389450
0.2704857331
0.3155517899
0.3762863757
0.4366193363
0.4893748507
0.5530637141
0.6254196940
0.6895409987
0.7509098339
0.7752887598
0.8005640647
0.8220974281
0.8157213330
0.8225936469
0.8395567517
0.8519079027
0.8580170380
0.8500754686
0.8560458888
0.8670262903
0.8814890349
0.8878519730
0.8823422276
0.8875116327
0.9034849023
0.9083965762
0.9067329315
0.8995510335
0.9009357187
0.9032261453
0.8993662365
0.8948627481
0.8979164874
0.9082198180
0.9158637229
0.9195775947
0.9236871275
0.9168689020
0.9159167844
0.9110400127
0.9074367861
0.9191534391
0.9377512967
0.9472826817
0.9477770629
0.9462909951
0.9442709651
0.9429184594
0.9432026872
0.9374008834
0.9511893927
0.9481286971
0.9615958971
0.9472819206
0.9432845762
0.9516148690
0.9588211022
0.9570461992
0.9472482898
0.9451356126
0.9474932846
0.9545786989
0.9499123262
0.9461746464
0.9553596000
0.9579464316
0.9712052520
0.9694599057
0.9554210788
0.9535221973
0.9592870295
0.9661580319
0.9691954898
0.9613688182
0.9664147417
0.9635476914
0.9547840998
0.9597414550
0.9664811213
0.9665443422
0.9649435786
0.9674787621
0.9731207071
0.9703263067
0.9647872760
0.9697111776
0.9737375533
0.9803404930
0.9733214298
0.9753064179
0.9854564706
0.9776361188
0.9570389968
0.9507621240
0.9561153569
0.9613299053
0.9532560486
0.9372099969
0.8977088479
0.8298273658
0.7748249935
0.7656286724
0.8005246820
0.8578114347
0.9106089600
0.9420712370
0.9570024929
0.9695077644
0.9781037160
0.9775525377
0.9755738939
0.9833347742
0.9679660129
0.9699217586
0.9672527950
0.9639979975
0.9668402201
0.9725252642
0.9803854144
0.9790936629
0.9830817563
0.9809920266
0.9748873224
0.9795305493
0.9797472783
0.9719740802
0.9764161897
0.9754442875
0.9723261543
0.9722926359
0.9730126146
0.9784433649
0.9507254949
0.9777754384
0.9966125813
0.9942850247
0.9910633779
0.9933777667
0.9915260330
0.9878061786
0.9899249938
0.9928063498
0.9881690700
0.9849226723
0.9900560305
0.9939619576
0.9925742496
0.9877323457
0.9794780413
0.9741095326
0.9746036067
0.9857749910
0.9934984662
0.9826310988
0.9801815726
0.9890701859
0.9771913726
0.9619517766
0.9176233235
0.8620420303
0.8320598458
0.8462833450
0.8812854629
0.9223566800
0.9645851062
0.9834417908
0.9778548731
0.9800629495
0.9970866737
1.0017361903
1.0006748468
1.0117765756
0.9867598894
1.0072937670
1.0255851559
1.0179507216
0.9994561313
0.9926810644
1.0013507632
1.0063673569
0.9962928631
0.9754134940
0.9439055800
0.9119462643
0.8742242066
0.8494359451
0.8788514092
0.9116139907
0.9384133180
0.9518468970
0.9786827574
0.9932603300
0.9851804892
0.9801743875
0.9610335152
0.9067099106
0.8543597624
0.8158487360
0.7960278305
0.8153672600
0.8588300964
0.9169710252
0.9598873459
0.9694440180
0.9754923155
0.9996073712
1.0145913572
0.9988078672
0.9839917963
0.9981253017
1.0014841895
0.9738322678
0.9716848609
0.9902499775
0.9986650653
0.9863333538
0.9916244976
0.9920330284
0.9820147620
0.9793630541
0.9921126013
1.0063863567
1.0080629706
1.0125007359
1.0154056608
1.0024579716
0.9965883062
0.9978232671
0.9907324965
0.9815655961
0.9837256059
0.9912630900
0.9927201153
0.9848038906
0.9910973449
1.0142305121
1.0177802915
1.0115171824
1.0074136598
1.0049613431
0.9958854467
0.9877024509
0.9926040753
1.0033070985
1.0051094801
1.0045588047
1.0121267709
1.0162898549
1.0192103063
1.0297301627
1.0257554055
1.0089550564
0.9941503759
0.9924650468
1.0108356315
1.0130005417
1.0087783710
0.9879963140
0.9904783697
1.0132274759
1.0288310096
1.0253884283
1.0129452002
1.0049181101
1.0014092103
1.0038859612
1.0089451697
1.0059196176
1.0135329616
0.9999343236
0.9940470228
0.9924609335
0.9968566396
1.0064498236
0.9992950197
0.9965376279
1.0036498671
0.9962173833
0.9842678627
0.9907854142
0.9903901326
0.9856205867
0.9859816696
0.9810781051
0.9675808716
0.9618155060
0.9710606411
0.9834055509
0.9969748315
1.0084952160
0.9996315912
0.9830967352
0.9855265973
0.9977903371
1.0002345334
0.9800258198
0.9762731110
0.9673610400
0.9669129835
0.9561283031
0.9343111390
0.9232247472
0.9283073101
0.9414662674
0.9618651113
0.9860999703
0.9989199554
0.9939447981
0.9830994194
0.9811720314
0.9968712692
0.9973139974
1.0021297136
0.9831070625
0.9830644642
0.9687272754
0.9674670819
0.9796653362
0.9894306056
0.9990610665
1.0054650395
1.0071472982
1.0039860140
0.9938963345
0.9902082845
0.9919756321
0.9903975929
0.9999382251
0.9988494034
0.9863306255
0.9929214732
0.9962240385
0.9949618972
0.9912145516
0.9799212996
0.9844641916
0.9881095232
0.9720038013
0.9672232275
0.9766330016
0.9633548933
0.9561994671
0.9557671865
0.9647128455
0.9801028819
0.9829044663
0.9816788355
0.9856891108
0.9837176931
0.9863909430
1.0101730737
1.0240538116
1.0069260578
0.9970198543
0.9986618927
0.9894787517
1.0017323695
0.9884074838
0.9847823123
0.9886350986
0.9823508817
0.9873629093
0.9962242320
0.9936314750
0.9870004327
0.9897309755
0.9994667848
1.0041073935
1.0061237134
1.0036277346
0.9933616009
0.9844963826
0.9841087176
0.9970352909
1.0020295879
1.0131844010
1.0012935659
0.9919227113
1.0077112585
1.0038188901
0.9914336497
0.9841944177
0.9734081651
0.9429956420
0.8947424092
0.8547152503
0.8433669036
0.8572449863
0.8942809399
0.9501539133
0.9822563911
0.9906653488
0.9940869371
0.9862229351
1.0128240359
0.9900113690
0.9868502257
0.9931805170
0.9991431259
1.0085275982
1.0207735147
1.0215408138
1.0135523726
1.0104878242
1.0078464477
0.9957030176
0.9813640740
0.9776210533
0.9858133437
0.9986588663
1.0163957965
1.0176801297
1.0208880023
1.0139857472
0.9932485324
0.9984451090
0.9934095140
1.0015474212
1.0146321365
1.0096452993
0.9984293535
0.9991260261
1.0101461224
1.0182884552
1.0083296530
0.9921125391
0.9942182462
1.0090672716
1.0166528672
1.0064529344
1.0017040613
1.0036883794
1.0135400613
1.0094783633
0.9834827194
1.0011673108
1.0044418766
1.0062349689
1.0238399777
1.0198027941
1.0018487670
1.0034966920
1.0153305502
1.0199821000
1.0105357376
0.9905957018
0.9884347070
1.0102493406
1.0084818968
0.9922389060
1.0158255852
1.0248484643
0.9919579520
0.9943401056
1.0006569226
0.9961253070
0.9950266796
0.9928568048
0.9920602756
0.9954677424
1.0012321164
1.0066704651
0.9973812416
0.9874670233
0.9911633345
0.9947321421
0.9804082176
0.9641968544
0.9767933592
0.9931862490
0.9931264834
0.9696464856
0.9847359310
0.9972971446
1.0026801225
1.0141505390
1.0306889857
1.0419928130
1.0261168055
1.0025827985
0.9982084305
0.9996032045
1.0082397899
0.9999304420
0.9851964242
0.9868724409
0.9898693020
0.9710627149
0.9346798158
0.9325718568
0.9469360514
0.9350170941
0.9160262861
0.8702680145
0.7866247808
0.7059080831
0.6700432772
0.6899125248
0.7508689197
0.8335734166
0.9116232967
0.9541386171
0.9774062842
1.0023860102
1.0111088366
1.0012417452
0.9855120990
0.9719840433
0.9656614024
0.9162983096
0.8388748536
0.7829422705
0.7486509597
0.7593591876
0.8171791742
0.8958149106
0.9538812100
0.9879808348
1.0048731228
0.9951558930
0.9799417728
0.9788781948
0.9935615871
1.0071081016
1.0157646539
1.0100523147
0.9949820201
0.9935349170
0.9940511438
0.9950415037
1.0034493209
0.9929459108
0.9814148463
0.9816148657
0.9916572713
0.9931039522
1.0013923418
1.0088107115
1.0039735513
1.0050232138
1.0132772540
1.0107524519
1.0080261710
1.0133961117
1.0014984410
0.9732969540
0.9616940100
0.9667841202
0.9740728520
0.9913364271
0.9970440627
0.9945032967
1.0103109080
1.0046353841
0.9890366800
0.9780602825
0.9829896932
1.0109857378
1.0200563770
1.0051111157
0.9968729115
1.0004350130
1.0042569912
1.0045046634
0.9996798024
0.9945674729
0.9977502562
1.0056296909
1.0131510694
1.0194453412
0.9965500711
0.9455418543
0.9170193121
0.9025556514
0.8947142490
0.9079872950
0.9627581550
0.9792485337
0.9861855896
1.0000048134
1.0134286333
1.0162201044
1.0155999204
1.0069839771
0.9931006802
0.9914633080
0.9924814558
0.9754054253
0.9547779443
0.9418906127
0.9285527783
0.9307535408
0.9571415738
0.9648341604
0.9798769606
0.9780155795
0.9687902177
0.9601015940
0.9565511984
0.9524739337
0.9512396348
0.9561302020
0.9637405300
0.9714675498
0.9785462125
0.9842806701
0.9944141456
1.0097836457
1.0157609122
1.0086817209
1.0038423701
1.0072466355
1.0073922701
1.0007458192
1.0002989514
0.9870407783
0.9898129189
0.9930741255
0.9971763022
0.9900060167
0.9986610727
1.0056828795
1.0140826596
1.0156125026
1.0033197315
1.0019700737
1.0090875634
1.0022549503
1.0027446996
1.0166450477
1.0126819529
1.0007282134
0.9994829506
0.9943727502
0.9922376326
0.9907184245
0.9922397238
1.0028891702
1.0000495289
0.9968193243
0.9956460206
0.9805291933
0.9840573168
1.0018156907
1.0179417023
1.0167390862
1.0111833442
1.0151894236
1.0048044964
0.9893077547
0.9880831141
0.9911234416
1.0119093049
1.0097915721
0.9992834178
1.0085239670
1.0127417326
1.0048952193
1.0259814634
1.0307633137
1.0199983561
1.0197883982
1.0240236636
1.0150526790
0.9991329661
0.9965975039
1.0037341386
1.0008412354
0.9914627453
0.9923595314
1.0027713966
1.0154185590
1.0144166141
1.0074341734
0.9958665577
0.9936524988
0.9988788279
0.9989006247
1.0145601453
1.0105194157
1.0026837207
1.0264067671
1.0398431001
1.0285625343
1.0124869610
1.0012628136
0.9865130504
0.9606614506
0.9282309034
0.8998516404
0.8830202449
0.8750136261
0.8900000735
0.9391733121
0.9896771623
0.9963601740
0.9814270925
0.9862707715
0.9913535882
0.9986761530
1.0210965950
1.0237426762
1.0198394885
1.0116808768
1.0028929701
0.9845583130
0.9733715702
0.9883950410
0.9978730681
0.9870889366
0.9783037260
0.9741185427
0.9588327349
0.9654023396
0.9818965111
1.0087788478
1.0043256331
1.0126711217
1.0222605541
1.0290698981
1.0284881525
1.0172138738
1.0105030631
1.0105714468
1.0015399194
0.9900604361
0.9885604480
0.9926747858
0.9961190601
0.9928297281
0.9832229269
0.9834989385
0.9884536457
0.9868280348
0.9798396239
0.9847844964
0.9857280804
0.9699590523
0.9821733885
0.9905276921
0.9899460483
0.9925428225
1.0002133368
0.9967853828
0.9736920867
0.9606480561
0.9576508923
0.9423325019
0.9276876847
0.9301153024
0.9517340296
0.9765449113
0.9897366377
0.9843161271
0.9796808278
1.0074151743
1.0255260424
1.0339298424
1.0250873435
1.0046110822
0.9996310203
1.0035181066
0.9881770065
0.9298052264
0.8614491010
0.8173547092
0.7959179817
0.7981447398
0.8346507372
0.8917656233
0.9357611294
0.9484791490
0.9590016766
0.9652503490
0.9648126729
0.9631721378
0.9599494747
0.9829888117
1.0014148029
1.0128575250
1.0085667706
1.0153219327
1.0095649115
0.9960147072
0.9979548140
1.0033217643
0.9959495057
0.9884357616
1.0010668342
1.0154336680
0.9987088787
1.0043125621
1.0189384791
1.0237701725
1.0063218014
1.0061817628
1.0125290711
1.0028110477
1.0161546394
1.0103187128
1.0086397357
1.0068224076
1.0108775636
1.0181933666
1.0152421496
1.0070968506
1.0018485315
0.9953599181
0.9900185416
0.9896758075
0.9895170980
1.0009162627
1.0079468612
0.9986694771
1.0031901592
1.0126716521
1.0158270216
1.0011779116
0.9880565985
0.9916920867
0.9974183457
1.0004675134
1.0011771972
1.0088557881
1.0147304711
1.0123702056
1.0019533393
0.9903773915
0.9856943357
0.9855302917
0.9881660529
0.9946846926
1.0041768534
0.9774285324
0.9802319802
0.9958462606
0.9856084370
0.9773559214
0.9900089688
0.9797166585
0.9807302261
0.9643894720
0.9501838521
0.9510231352
0.9551428706
0.9623340664
0.9799825772
0.9949478822
1.0013132448
1.0052989484
1.0007195609
1.0061396545
0.9896622793
0.9781743572
0.9931159011
0.9874436135
0.9838583780
0.9692082784
0.9723331982
0.9724529822
0.9711277728
0.9774314538
0.9801517834
0.9844790268
0.9904197971
0.9878439394
0.9708618328
0.9560154514
0.9592299434
0.9693396175
0.9742859864
0.9755283170
0.9820140053
0.9980519507
1.0055098717
0.9992560923
0.9961795177
1.0012121979
1.0078271289
1.0195395677
1.0043661092
0.9943496420
1.0005485495
0.9876939797
0.9847971538
0.9929593764
0.9948460714
0.9897857900
0.9851628102
0.9838545511
0.9838271513
1.0043445622
1.0151251020
1.0129155789
1.0258947843
0.9980228637
0.9884406769
1.0048416107
0.9846120818
0.9901497018
0.9837262476
1.0003886792
0.9955068228
0.9917748115
0.9978757415
1.0027540759
1.0039277942
0.9978352202
0.9913072769
0.9884949821
0.9827787916
0.9963444965
1.0012489134
1.0178474762
1.0196334424
0.9982468465
0.9769942189
0.9861117457
1.0035283541
1.0098785310
1.0199607217
1.0154579314
0.9966102365
0.9868959322
1.0026184416
1.0061758187
1.0008401038
1.0091370175
1.0163821171
1.0095172056
0.9992941529
1.0046564926
1.0151286697
1.0207186338
1.0061232834
0.9872154579
0.9868369077
1.0046758033
1.0143533833
1.0012329536
0.9921205933
0.9882469651
0.9940802248
1.0062072526
1.0067928937
1.0045867826
1.0039848946
1.0070100506
1.0121538288
1.0102257548
1.0111269128
1.0163266357
1.0088882230
1.0021317516
0.9975207835
1.0096338496
1.0193464826
1.0015942718
0.9852771769
0.9813620080
0.9991829916
0.9986139974
1.0043481130
1.0088447419
0.9980796391
0.9779345736
0.9766865167
0.9882605141
0.9985012483
1.0147759988
1.0227354939
1.0162370720
1.0053862192
0.9919696273
0.9921276736
1.0002014190
1.0121274124
1.0020521308
0.9851041440
0.9796154264
0.9816638931
0.9927924760
0.9991866312
1.0103050835
1.0137554140
1.0199799051
1.0251348529
1.0235646818
1.0226862968
1.0177953677
1.0100814009
1.0107303587
1.0043856075
1.0011608812
1.0150645624
1.0314059599
1.0329633639
1.0151489107
1.0015632724
0.9998990222
1.0085658504
1.0091239257
0.9949262581
0.9866911911
0.9878580388
0.9935378956
0.9925395535
0.9837531362
0.9795781718
0.9780376538
0.9722135037
0.9750152471
0.9802843207
0.9824810513
0.9817977066
0.9897944854
0.9968254601
1.0028549996
1.0101224805
1.0044778930
1.0043976727
1.0072323763
1.0021957921
1.0006701520
0.9916585294
0.9835480561
0.9885571731
0.9809678513
0.9535180760
0.9367649098
0.9395164836
0.9446033995
0.9361266704
0.9513063695
0.9759690543
1.0050477437
1.0065900605
0.9845896012
0.9836319526
0.9940160330
1.0059846773
1.0070736532
1.0009073301
0.9883314584
0.9847399413
0.9940905388
1.0050149145
1.0043395311
0.9976604428
1.0024705271
1.0119350117
1.0075724054
1.0023696535
0.9958302447
0.9936466775
0.9966161060
1.0067212524
0.9992120159
0.9925630582
1.0045657035
1.0005833913
0.9979476464
1.0128602445
1.0104356823
0.9946850637
0.9984283771
1.0016054112
0.9996702452
1.0015539930
1.0048398588
1.0044288772
0.9752011377
0.9427082192
0.9327689108
0.9282827713
0.9396770716
0.9588671534
0.9788628280
0.9728077735
0.9863945327
0.9782465605
0.9779169525
0.9988651307
1.0177717740
1.0297569941
1.0368197523
1.0197022278
1.0005417620
0.9953615011
0.9944224332
1.0024750800
0.9990689784
0.9829665936
0.9965340074
0.9895429643
0.9691967933
0.9924434833
1.0134472793
1.0130593411
1.0059960583
0.9819739281
0.9913920247
0.9959328680
0.9922642685
0.9970845911
1.0084906808
1.0113557012
1.0017090942
0.9973804934
1.0028928321
1.0016525202
0.9956766529
0.9926848654
0.9904447078
0.9800349998
0.9684798062
0.9770091956
0.9903493033
1.0016307689
0.9953192633
0.9923177722
0.9897769356
0.9959773326
1.0076172151
1.0153936304
1.0041330213
0.9852001860
0.9827043396
0.9885791813
0.9829236716
0.9798922642
0.9905546730
0.9871844463
0.9783630589
0.9789906901
0.9715932808
0.9560808574
0.9594466259
0.9847069689
1.0005133786
0.9938963728
0.9855350471
0.9893501409
0.9827971184
0.9733905289
0.9752263015
0.9807705846
0.9782769502
0.9824095923
0.9951588357
0.9935331597
0.9790057757
0.9677178327
0.9745857935
0.9680649307
0.9562481303
0.9571344127
0.9678259948
0.9841482938
0.9904034711
0.9956981632
1.0032746193
1.0149903149
1.0100058682
0.9958764502
0.9780140967
0.9710089534
0.9739162408
0.9629272337
0.9356488610
0.9249990140
0.9382236499
0.9365051984
0.9152341880
0.8717753298
0.8300691258
0.8181679934
0.7956703413
0.8325585732
0.8705992727
0.8899468150
0.8897991640
0.8970821246
0.9054660766
0.9094721301
0.9253444844
0.9514215873
0.9671711280
0.9764656287
0.9846867070
0.9843920117
0.9826260434
0.9812554253
0.9875178861
1.0030538354
0.9998759590
0.9881702919
0.9559520197
0.9410088977
0.9441026113
0.9355332552
0.9335162169
0.9529234834
0.9741080855
0.9893764023
0.9890646130
0.9867671678
0.9829935480
0.9821816392
0.9860205658
0.9850281687
0.9802268230
0.9741456811
0.9863292867
0.9917910809
0.9983653557
0.9913601349
0.9916722885
1.0084721641
1.0086499890
1.0054983211
0.9954901239
0.9821707195
0.9972136449
0.9952658024
0.9848647096
0.9872469587
0.9933093884
0.9928905587
0.9884652182
0.9888471579
0.9979844932
0.9988029383
0.9839303479
0.9831611157
0.9990883555
1.0104806750
1.0045213347
1.0039801411
0.9852546422
0.9695941573
0.9847892070
0.9980615921
0.9986437452
0.9919209217
0.9947633856
1.0026214130
0.9994090625
0.9947655780
0.9860000606
0.9781075987
0.9877779429
0.9832545564
0.9866439938
1.0036398085
1.0037172353
0.9957037057
0.9995894988
0.9871197295
0.9814447092
0.9971977944
0.9800022568
0.9815114724
0.9899213140
0.9963981514
0.9975822737
0.9992634598
0.9972813736
0.9985428732
1.0026903052
0.9897986969
0.9699425271
0.9667870966
0.9582708224
0.9510413726
0.9430155361
0.9183583931
0.8993853593
0.9088158519
0.9337938058
0.9494048084
0.9516952517
0.9700976526
0.9754785136
0.9745322613
0.9817508470
0.9986959444
1.0024462001
0.9957294214
0.9965035873
1.0016567363
0.9993844065
0.9893974882
0.9850332897
0.9791910596
0.9847413019
0.9809628883
0.9938087008
0.9867238842
0.9953333381
0.9930299374
0.9850153747
0.9782997497
0.9881504884
0.9975250876
0.9982215090
1.0065301314
1.0158630324
1.0159567722
1.0171563682
1.0208889157
1.0110468526
0.9889168721
0.9801442246
0.9965569893
0.9933659820
0.9931203000
0.9780730480
0.9767002903
0.9935022699
1.0028103763
1.0023378227
0.9943076898
0.9978210648
1.0120384784
1.0071008876
0.9862452572
0.9810670025
0.9954289870
1.0097029005
1.0031385877
0.9779476753
0.9661006890
0.9681921784
0.9657918309
0.9718856045
0.9660718608
0.9453814710
0.8790100562
0.7782036087
0.7054285670
0.6864622266
0.7035361465
0.7636596242
0.8478230668
0.9181068932
0.9612091939
0.9747492270
0.9831062401
0.9798688799
0.9711891608
0.9852783589
0.9891296477
0.9796331974
0.9751800479
0.9811578351
0.9928449588
0.9801493040
0.9797072756
0.9860882278
0.9742777896
0.9686623218
0.9768578391
0.9763479155
0.9760208934
0.9808020946
0.9708214871
0.9689808217
0.9685853154
0.9666705692
0.9744574293
0.9743971535
0.9671179319
0.9746040345
0.9909115243
0.9858269358
0.9931249696
0.9878924867
0.9853075199
0.9983053636
0.9994381370
0.9894851570
0.9942042182
1.0002061558
1.0044001727
0.9906886747
0.9749740087
0.9753136174
0.9912089694
1.0103320813
1.0180070294
1.0053433804
0.9852327112
0.9827603602
0.9765910332
0.9399356220
0.9418746630
0.9535603643
0.9834014295
0.9828580340
0.9742781443
0.9840186654
0.9907811508
0.9998812906
0.9999861197
0.9992609445
0.9980750431
0.9963252740
0.9915342141
0.9834872008
0.9847559409
0.9926333143
0.9850513614
0.9681523817
0.9568763807
0.9539351794
0.9382771008
0.9513684844
0.9715275039
0.9955222214
1.0139112182
1.0203969735
1.0013798194
0.9919099719
0.9722660756
0.9817270144
0.9897140786
0.9828195404
0.9849329834
0.9865711993
0.9803355514
0.9881781685
1.0018599618
0.9961641178
0.9843771163
0.9912995793
1.0054786003
0.9977812340
0.9809893054
0.9961540487
1.0067155317
1.0160089819
1.0107888372
1.0263402041
1.0202865433
1.0044003556
0.9881123060
0.9810948941
0.9890407538
0.9950296816
0.9823557536
0.9645022847
0.9676026602
0.9886728835
1.0009076939
1.0080339084
0.9974267508
1.0097765905
1.0005017107
0.9996216839
1.0031089162
0.9952771642
0.9917217727
1.0126866859
1.0169968976
1.0040236049
0.9893178393
0.9768237757
0.9798139608
0.9947973730
1.0034322872
0.9997249594
0.9910434318
0.9840196489
0.9792368671
1.0012979763
1.0001288360
0.9934931243
1.0052412525
0.9930165448
0.9851614833
0.9826316699
0.9887790141
0.9939541346
0.9968548462
0.9988759215
0.9939110934
0.9937412549
0.9956646249
0.9937509506
0.9908045323
0.9860769689
0.9748937586
0.9702404098
0.9905838421
0.9912999888
1.0015566207
0.9843907001
0.9714569115
0.9877150960
0.9799570217
0.9837151152
0.9942299864
0.9908521293
0.9859634536
0.9831758912
0.9792412590
0.9769589844
0.9666686799
0.9565020859
0.9509916146
0.9483780059
0.9606055616
0.9794637776
0.9850903797
0.9776022626
0.9811629090
0.9851564261
1.0006004463
1.0157313011
0.9902787128
0.9910791118
1.0021040176
0.9959178781
0.9921708893
0.9980330445
0.9911991225
0.9914237718
0.9874267772
0.9764247371
0.9764643509
0.9911487225
1.0117760436
1.0149368451
0.9923693790
0.9929191795
1.0115714221
1.0282555874
1.0195156505
0.9972895732
0.9851483191
0.9802144767
0.9924150018
0.9910690380
0.9957409422
0.9972175440
1.0072100841
1.0045717497
1.0043829605
1.0095637355
1.0002811337
0.9873749931
0.9836149395
0.9819073689
0.9918967760
0.9929274962
0.9849586043
0.9935675529
0.9861524155
0.9666620966
0.9615277854
0.9767682753
0.9787004725
0.9832116346
0.9899712077
1.0074739509
1.0062234698
0.9986041012
0.9945108081
0.9973268731
1.0040414972
1.0056900280
0.9987341473
0.9806672647
0.9623011388
0.9748361569
1.0138331426
1.0107043362
1.0083553324
1.0129075803
0.9999010651
0.9835070587
0.9759250043
0.9983499848
1.0070797298
0.9901891354
0.9941415465
0.9989515784
0.9856309790
0.9845043139
0.9960563420
1.0103827581
1.0246839245
1.0154083199
1.0043936415
1.0054377303
1.0004309834
1.0055207988
1.0070837028
0.9998784591
0.9994886156
1.0104318288
0.9995478917
0.9792935741
0.9687015041
0.9785706903
0.9822058156
0.9722568010
0.9718172752
0.9708825970
0.9669882593
0.9747219148
0.9885303147
0.9936859245
0.9864896677
0.9902895429
0.9949717713
1.0025336330
1.0021769299
0.9909709207
1.0101115372
1.0098398048
1.0017829421
1.0048469223
0.9921753439
0.9892637250
0.9907186508
0.9888427137
0.9868755437
0.9977759861
0.9894431541
0.9588782317
0.9539645706
0.9674075350
0.9663252819
0.9589400749
0.9717673634
0.9731591289
0.9950752386
0.9993551833
1.0108786887
1.0012125287
0.9983838947
0.9955261061
0.9830910801
0.9714259360
0.9666712716
0.9717228432
0.9766482560
0.9872809636
0.9936078495
0.9921026651
0.9910027505
0.9856977920
0.9861984840
0.9883422314
1.0045993776
1.0257907269
1.0182089289
1.0092908111
1.0017565260
0.9744665620
0.9799416168
0.9726661371
0.9715530951
0.9385130025
0.9034729844
0.8749270473
0.8313123352
0.7660270162
0.7146526899
0.7081148308
0.7422398369
0.8088152642
0.8923626463
0.9575383109
1.0021190623
1.0093131921
1.0036129276
1.0004910248
0.9838712380
1.0100625948
1.0088024151
1.0060325597
0.9913042900
0.9747850228
0.9810540948
0.9840203224
0.9819211109
0.9806116194
0.9853482351
0.9900981068
0.9861621841
0.9873782432
0.9956302097
0.9892010979
0.9866530032
0.9926774542
0.9980028782
0.9742696217
0.9812926912
0.9766255269
0.9784510975
0.9882502359
0.9894438654
0.9875556725
0.9818084253
0.9745656806
0.9620220324
0.9660267867
0.9838704217
0.9898788467
0.9846567179
0.9838943927
0.9841645366
0.9762318324
0.9813739036
0.9960383265
1.0114827050
1.0024658834
0.9766862369
0.9888975417
0.9778886471
0.9735295524
0.9574759906
0.9622207228
0.9796317914
0.9901313721
0.9846256090
0.9828814498
0.9868691019
0.9840375782
0.9856713329
0.9900230782
0.9766284430
0.9663171956
0.9522292234
0.9512656004
0.9478616933
0.9574229227
0.9495807250
0.9662252733
0.9690736824
0.9700779530
0.9820569782
0.9894034816
0.9983855271
1.0008679388
1.0023623157
0.9910291148
0.9827124847
0.9822163940
0.9792920317
0.9840069920
0.9918128192
0.9905084164
0.9764804886
0.9818044232
0.9907230268
0.9774444833
0.9789826664
0.9958895837
0.9843895773
0.9827457960
0.9937386786
0.9906115493
1.0021762803
1.0044137508
0.9989475722
0.9920186593
0.9836467471
0.9835509095
0.9958860827
1.0046099993
1.0016962734
0.9966517796
0.9825133035
0.9867596361
0.9946807930
1.0035921790
0.9849495270
0.9898745858
0.9911113548
0.9742361256
0.9867096777
0.9850955075
0.9795861345
0.9864326977
0.9940474580
0.9980937682
1.0078288050
1.0079457704
0.9966828095
0.9990955303
1.0095878694
1.0089875599
0.9956013644
0.9925967899
0.9887748818
0.9907057184
0.9978281295
0.9917326348
0.9907653153
1.0130410151
1.0081616883
0.9909642145
0.9752400354
0.9759294239
0.9600600411
0.9650354209
0.9847019381
0.9900682959
0.9893413867
0.9930422499
1.0014068149
1.0019761259
0.9976456184
1.0086624971
0.9962320288
1.0018686462
1.0102098160
1.0153075729
0.9852247195
0.9735851655
0.9663276416
0.9766462767
0.9677719425
0.9614105352
0.9663293009
0.9753756530
0.9841377882
0.9877283345
0.9889193708
0.9969505833
1.0064008818
1.0032198436
0.9939928160
0.9938048530
0.9698228783
0.9739291389
0.9713439349
0.9767350502
1.0040984844
1.0075967611
0.9942964865
1.0056200452
1.0086012904
0.9940076097
0.9808160333
0.9812559975
0.9928860954
1.0077662087
1.0116438334
1.0061735798
1.0069992563
1.0029374175
0.9878106098
0.9783691986
0.9874762577
1.0081377122
1.0128993018
1.0109053721
0.9982233711
0.9959357419
0.9916661559
