#flux
0.9707673544
0.9873705913
0.9902018736
0.9791249869
0.9732302589
0.9793374371
0.9717972472
0.9662756284
0.9896807039
0.9963059075
0.9938755760
0.9951692846
0.9946883060
0.9918853718
0.9827536180
0.9769434102
0.9781193180
0.9824857712
0.9907200806
0.9952527143
0.9917009983
0.9802848012
0.9710704883
0.9709098342
0.9625725891
0.9544987031
0.9562984283
0.9488178614
0.9562319254
0.9809340080
1.0063839430
1.0106027335
0.9928343825
0.9798999064
0.9697871493
0.9609645589
0.9612259526
0.9792770020
0.9984154843
0.9871620786
0.9672660980
0.9664597373
0.9670397183
0.9533495474
0.9646470434
0.9776446802
0.9856820687
0.9807063358
0.9834711909
0.9889233748
0.9909815161
0.9900193529
0.9820242164
0.9715611690
0.9751268012
0.9856422097
0.9849368737
0.9853870191
0.9905228836
0.9768574003
0.9578892516
0.9563526888
0.9581416651
0.9521125044
0.9692279749
0.9691259900
0.9646673400
0.9476770326
0.9281036953
0.9140135451
0.9134838098
0.9243766502
0.9353751434
0.9476089011
0.9538097946
0.9631186627
0.9715597454
0.9718743011
0.9722389507
0.9714445911
0.9607137948
0.9496256062
0.9518958948
0.9615371087
0.9734660039
0.9567594543
0.9616851990
0.9488700423
0.9274594995
0.8969782780
0.8660795100
0.8560744304
0.8716371414
0.8937568409
0.9074484194
0.9276765502
0.9491431649
0.9539968339
0.9389353975
0.9154726480
0.9035263633
0.9081489944
0.9187624087
0.9277623054
0.9363819304
0.9517557499
0.9807819849
0.9787561263
0.9617007026
0.9634375347
0.9579471133
0.9421505964
0.9299242471
0.9103489615
0.9119416711
0.9362028722
0.9475969807
0.9432608358
0.9431438892
0.9465948428
0.9509565029
0.9632050216
0.9737732539
0.9698535468
0.9651153049
0.9668217665
0.9800334690
0.9654590841
0.9673128532
0.9763564782
0.9759932262
0.9553278184
0.9336343981
0.9267333800
0.9218137211
0.9347565268
0.9353622340
0.9300527821
0.9489517772
0.9696564650
0.9673718659
0.9587375278
0.9612392316
0.9620652889
0.9509946344
0.9496323930
0.9579600841
0.9500405446
0.9416632811
0.9298453691
0.9282645242
0.9259279099
0.9291256874
0.9336391015
0.9299552913
0.9251401266
0.9085558267
0.8854097864
0.8597565490
0.8393638083
0.8475020741
0.8726359379
0.8845851351
0.8914544572
0.8997917382
0.9021958837
0.9050753397
0.9124582447
0.9317730074
0.9337447363
0.9168502036
0.8967137141
0.8872322881
0.8808456708
0.8738871408
0.8638692495
0.8503253788
0.8469854549
0.8515315339
0.8612977459
0.8785975195
0.8912572124
0.8934348253
0.8776243252
0.8640974963
0.8520692507
0.8437170493
0.8487050580
0.8445378792
0.8363778542
0.8390011944
0.8324161625
0.8361461267
0.8308927110
0.8091416543
0.7903764041
0.7825822139
0.7737794356
0.7561899508
0.7340888759
0.7072114866
0.6583355171
0.5827146474
0.5125327785
0.4511040595
0.3963896747
0.3440503179
0.3048590535
0.2727047776
0.2372978266
0.2131450842
0.1936063844
0.1838167938
0.1759191761
0.1746248269
0.1834769883
0.1982826189
0.2136462902
0.2325887340
0.2637313459
0.3070691022
0.3535626224
0.4064661172
0.4768693728
0.5473636632
0.6072009891
0.6521356391
0.6823603780
0.7195801997
0.7467191842
0.7558190804
0.7730572584
0.8019901276
0.8132948027
0.8204377667
0.8327282045
0.8299556773
0.8117844787
0.8069217014
0.8277448404
0.8555365732
0.8738042113
0.8853513785
0.8923550679
0.8895311865
0.8810513519
0.8741325491
0.8687511177
0.8617216656
0.8607233243
0.8762705131
0.8843883605
0.8808978814
0.8771934183
0.8823002907
0.8877081185
0.8804569460
0.8768375862
0.8762616148
0.8861518830
0.9106530627
0.9258847847
0.9202856835
0.9081614395
0.9040471392
0.9123177494
0.9284508235
0.9384921429
0.9319325483
0.9249191386
0.9276681472
0.9402268296
0.9450075220
0.9487697286
0.9452618257
0.9442953255
0.9454247050
0.9445982411
0.9483226281
0.9566536462
0.9561712237
0.9463052663
0.9490202236
0.9674874879
0.9682638507
0.9496519834
0.9488558702
0.9478682855
0.9356005206
0.9352521200
0.9509531287
0.9526725495
0.9428550637
0.9516134148
0.9558314700
0.9432247374
0.9365397717
0.9434637268
0.9536183988
0.9591070336
0.9579800944
0.9540611338
0.9530071500
0.9528887728
0.9536567498
0.9633867193
0.9657207295
0.9565418168
0.9581380822
0.9657629789
0.9511493380
0.9424025173
0.9602767785
0.9735358034
0.9733646374
0.9685590452
0.9391008227
0.8932303165
0.8457357266
0.8083627643
0.7808616576
0.7779727916
0.8145765523
0.8687228744
0.9161811108
0.9429283963
0.9555301372
0.9588098012
0.9562649277
0.9633618245
0.9514990090
0.9412457506
0.9646976474
0.9801377094
0.9889920845
0.9843795012
0.9860279603
0.9916062595
0.9870932220
0.9745333534
0.9640689750
0.9589253467
0.9568447008
0.9570015807
0.9578711507
0.9557619238
0.9584380355
0.9663875375
0.9610705652
0.9534879954
0.9565536872
0.9622902019
0.9657214592
0.9729275604
0.9829188331
0.9860588451
0.9816183224
0.9839881587
0.9916223530
0.9991302179
1.0010525187
0.9942272500
0.9807616847
0.9714917168
0.9770928476
0.9853979862
0.9841964704
0.9836250993
0.9836974728
0.9856915660
0.9788645437
0.9675525036
0.9831503261
0.9790992313
0.9767204495
0.9706329498
0.9578795185
0.9317017452
0.8943933047
0.8679725790
0.8631289033
0.8751007254
0.8979215767
0.9258653753
0.9569415854
0.9871829802
0.9970545041
0.9906755460
0.9852000790
0.9786028567
0.9837166538
1.0001084619
1.0109969746
1.0133668644
1.0081909105
1.0078807905
0.9899506308
0.9779739728
0.9809521103
0.9830928818
0.9672478373
0.9305638020
0.8985100936
0.8836358749
0.8752888386
0.8900098024
0.9222880326
0.9376608650
0.9692085347
0.9930232013
0.9991193309
0.9865849190
0.9674269143
0.9596640807
0.9146630702
0.8465092698
0.8050084797
0.7955329096
0.8086370811
0.8481672822
0.9055813664
0.9537380098
0.9752396955
0.9789024811
0.9799429224
0.9819898863
0.9867238848
0.9906829494
0.9879062374
0.9913059362
0.9892175855
0.9890462333
0.9981788618
0.9989410590
0.9946347570
0.9987416700
0.9931347463
0.9807325485
0.9723641540
0.9769566981
0.9809574425
0.9726452899
0.9689427520
0.9874370006
1.0089737824
1.0078915087
0.9981824935
0.9972822655
1.0002034356
1.0035966304
1.0011906419
0.9915363994
0.9860668634
0.9942985324
0.9915555481
1.0029918502
1.0117703542
1.0089057721
0.9949732550
0.9887920022
0.9950756425
0.9984362386
0.9930526579
0.9880113119
0.9856589984
0.9793296220
0.9753540879
0.9855910929
0.9902686891
0.9983998971
0.9927088038
0.9826846961
0.9945861387
1.0121031331
1.0071008529
1.0001627624
1.0049608062
1.0044397176
0.9974563955
0.9927577355
0.9925115494
0.9988120328
1.0013453808
1.0060958101
1.0129382147
1.0029418895
0.9881065789
0.9741006607
0.9619143851
0.9711666404
0.9882047736
0.9929417240
0.9959638527
0.9987652742
0.9973408062
0.9975838514
1.0042846152
1.0036216242
0.9970839192
0.9883864593
0.9865426156
0.9869579319
0.9819457812
0.9771734009
0.9792310376
0.9797166120
0.9737081920
0.9773329630
0.9896846679
0.9887315132
0.9970963403
0.9968020344
0.9870661596
0.9889374010
0.9788120999
0.9748822099
0.9701723055
0.9487450672
0.9263432465
0.9129289352
0.9147087505
0.9294263452
0.9451061985
0.9576327128
0.9724338719
0.9890317362
0.9995349786
0.9979158648
0.9880901944
0.9897169378
0.9966462845
0.9940177899
0.9960333754
0.9931615484
0.9942632959
0.9940553623
0.9932585440
0.9903156202
0.9874003226
0.9908415623
0.9963721825
1.0005661739
0.9969864228
0.9941312026
0.9895782279
0.9809451134
0.9837612832
0.9871118009
0.9803706648
0.9816512386
0.9979379328
0.9972369030
0.9849131973
0.9658505677
0.9774231564
1.0105711391
1.0023517046
0.9895846787
0.9774227989
0.9655396843
0.9568083803
0.9392238404
0.9263363184
0.9350772092
0.9525747376
0.9684827401
0.9846351790
0.9914908103
0.9923806013
0.9959286773
0.9954240566
0.9947690126
1.0028031071
0.9963416497
0.9771074205
0.9810090938
0.9768285399
0.9813083151
0.9882328396
0.9790285830
0.9742401952
0.9680455923
0.9687186734
0.9842781438
0.9983440008
0.9973825995
0.9936569583
0.9986708303
0.9976790544
0.9865486748
0.9889484917
0.9957045923
0.9844571711
0.9882265604
0.9972233508
0.9950496248
1.0005029806
1.0159404080
1.0139894914
1.0073887746
0.9793961912
0.9459213280
0.9152518519
0.8867716452
0.8699367979
0.8673831508
0.8713890988
0.8841329088
0.9115661636
0.9492949791
0.9866984969
0.9918138903
0.9959161808
0.9888896998
1.0008285511
1.0012822660
1.0000029236
0.9862389522
0.9894743690
0.9856090454
0.9868822934
0.9991264306
1.0037144443
1.0001489041
0.9958271076
0.9868024953
0.9800477071
0.9840605164
0.9889670185
0.9933157400
0.9845408111
0.9813166679
0.9743827100
0.9686221636
0.9965672014
1.0065888757
1.0134897971
1.0087039915
1.0061877812
1.0101120232
1.0056722007
0.9894195565
0.9857323718
0.9995104447
1.0000938579
0.9906460501
1.0025879375
1.0211044709
1.0116354513
0.9945395101
0.9967671476
0.9864720821
0.9824157307
0.9883052336
0.9895778130
0.9880672586
0.9935966270
0.9907908492
0.9916758914
0.9932242975
0.9903970801
0.9898259085
0.9884025678
0.9874342102
0.9969179015
1.0068244380
1.0115988373
1.0103903974
0.9971607987
0.9930704365
0.9966908608
0.9949985656
0.9962406141
0.9941212481
0.9735148867
0.9955342100
1.0067804199
1.0070575201
0.9892929696
0.9843257731
1.0013184486
1.0107770813
1.0025339153
0.9887004803
0.9858109284
0.9935129631
0.9980752128
0.9895608847
0.9711400118
0.9602022723
0.9677845696
0.9775369021
0.9879220617
0.9960316467
1.0133700236
1.0124054198
1.0225283472
1.0152913939
1.0011912738
0.9928262711
0.9819325387
0.9822920397
0.9943784071
0.9929656752
0.9770936203
0.9605249272
0.9492693053
0.9422975120
0.9294367624
0.9110192637
0.9047652819
0.8903870941
0.8678443188
0.8020570132
0.7120199666
0.6714951690
0.6726636922
0.7329209023
0.8101309207
0.8920566505
0.9496039327
0.9641923155
0.9636682539
0.9676916101
0.9697383070
0.9695303914
0.9669429664
0.9465851494
0.8959066909
0.8273645126
0.7695317965
0.7397203068
0.7478629176
0.7952967792
0.8710898889
0.9221507991
0.9600775955
0.9866838199
0.9919854893
0.9952324891
0.9977529264
0.9953591097
0.9938281101
0.9928166182
0.9909778727
0.9946961392
1.0042343038
1.0079592136
1.0032073921
1.0017116160
1.0024257856
0.9942843780
0.9944375386
1.0085471706
1.0074707057
0.9902093803
0.9992350769
0.9880603967
0.9837954431
0.9959809915
0.9964641216
0.9891499756
0.9799411787
0.9690811460
0.9747573017
0.9923712730
0.9984221654
0.9885092380
0.9826799840
0.9944233857
1.0079641460
1.0032642219
0.9912571378
0.9829049277
0.9739681026
0.9814628128
1.0040759360
1.0258937381
1.0121143739
1.0094814369
1.0026003114
0.9954708658
1.0016394505
1.0016472938
0.9947023976
0.9901583779
0.9945077529
0.9972818989
0.9827968275
0.9534603321
0.9192280387
0.8881222171
0.8755297823
0.8768466717
0.8900585879
0.9288391882
0.9684592196
0.9812273680
0.9851605941
0.9944018006
0.9929728029
0.9911958189
0.9923127868
0.9854368934
0.9946935288
1.0075224486
0.9965064924
0.9604254296
0.9249728602
0.9144360898
0.9259061828
0.9437053688
0.9573069824
0.9583319535
0.9761692605
0.9865575438
0.9738420526
0.9527134743
0.9412997017
0.9420843607
0.9519912902
0.9690012514
0.9883129585
1.0044728688
1.0094269574
1.0049846468
1.0003169318
1.0037736415
1.0163654995
1.0238429112
1.0151703933
1.0049250283
1.0042209397
1.0047804818
1.0001624912
0.9858660936
0.9968947740
0.9921425094
0.9785824614
0.9911452960
0.9933450755
0.9832422632
0.9762118425
0.9892151624
1.0108278705
1.0145043210
0.9984699799
0.9766547348
0.9678837125
0.9792129037
0.9898191393
0.9901441857
1.0034785249
1.0152262994
1.0054975031
1.0004173367
0.9930237008
0.9940788983
1.0020876455
1.0083169467
1.0059316378
1.0081820064
0.9904678757
0.9825054900
0.9877537433
1.0006406184
1.0131678231
1.0126667149
0.9984311510
0.9901639735
0.9972033718
1.0057203044
1.0050258190
0.9908158884
0.9857931474
0.9866286816
0.9916995248
0.9979206382
1.0191543507
1.0250479839
0.9988003039
0.9923666800
1.0074852516
1.0173194209
1.0113008377
1.0041829000
0.9872803511
0.9781257180
0.9822447121
0.9877128908
0.9972070793
1.0086634820
1.0085400170
0.9988730011
1.0031489544
0.9983515107
0.9901832090
0.9942189327
1.0074300378
1.0119619681
1.0127106344
1.0064607698
1.0086733968
1.0104266045
1.0030837752
0.9889691722
0.9577331603
0.9188611582
0.8983042610
0.8990676149
0.9025600161
0.9038255280
0.9192323913
0.9558000433
0.9883312485
0.9961625099
0.9965295636
1.0038778369
1.0144806533
1.0157070076
1.0073668599
1.0010042999
1.0006148153
0.9951277025
0.9837079931
0.9775320381
0.9740196525
0.9760645102
0.9825059981
0.9843329078
0.9847465268
0.9848188548
0.9786734558
0.9858726380
1.0075666161
1.0100897554
1.0082101073
0.9998014194
1.0057218962
1.0144584403
1.0102374516
1.0108220572
1.0081822297
1.0098347121
1.0024934849
0.9872121594
0.9719093526
0.9622149133
0.9603845570
0.9673326240
0.9788367016
0.9825421020
0.9748022908
0.9710594226
0.9770292951
0.9823103492
0.9855485581
0.9885240436
0.9970962349
0.9996781815
1.0152092751
1.0132394554
0.9944884990
0.9767184567
0.9618293000
0.9413705503
0.9234193510
0.9275891250
0.9486071228
0.9659968555
0.9848312101
1.0006463675
1.0002861824
0.9989657896
0.9906122655
0.9977429201
0.9973685181
1.0034281464
1.0178188901
0.9991257706
0.9902551537
0.9618745191
0.9136155300
0.8606060278
0.8202577279
0.8005763604
0.8137647785
0.8538241856
0.9014122652
0.9421370856
0.9629026089
0.9601421062
0.9468852763
0.9413805644
0.9517302247
0.9563508608
0.9579292622
0.9783236644
0.9970386049
0.9989729141
0.9912193482
0.9984272999
1.0111229574
1.0096828169
1.0084157423
1.0045631177
1.0002518076
0.9956121904
0.9953216642
0.9996888842
0.9973314438
0.9943393496
1.0009280465
1.0047793407
1.0040581174
1.0009398641
0.9920380235
0.9899911595
0.9941569371
1.0051164955
1.0043217663
1.0032911483
1.0164267986
1.0196498098
1.0035990950
0.9804768861
0.9787293181
0.9878099107
0.9948306432
0.9969371207
1.0031894446
1.0032958413
0.9890417788
0.9835768731
0.9924221872
0.9997336508
0.9992781513
0.9997743066
1.0067890960
0.9989475777
0.9965592888
0.9964525240
0.9896896160
0.9843606043
0.9862021680
0.9858579532
0.9862447989
0.9849854369
0.9835772283
0.9847026174
0.9856406041
0.9879143129
0.9880063516
0.9745416408
0.9579582330
0.9616051442
0.9731615546
0.9671070102
0.9608946739
0.9674283323
0.9688119128
0.9745531162
0.9737863298
0.9581880929
0.9559293129
0.9699458985
0.9846221347
0.9960440820
1.0029438607
1.0063240640
1.0075098371
1.0042678870
1.0103186109
1.0264632416
1.0259592799
1.0126300685
0.9984625093
1.0048875280
1.0098888661
0.9996600942
0.9983981353
1.0065273201
1.0086198613
0.9950187102
0.9975299676
0.9985670561
1.0018741446
1.0058212602
1.0079746508
1.0015146221
0.9924660736
0.9958045493
0.9977781298
0.9893284089
0.9820370484
0.9735700489
0.9838714097
0.9847340168
0.9926133292
1.0109164102
1.0150327028
0.9895445718
0.9883056709
0.9930233769
1.0038938711
1.0179503322
1.0211042820
1.0177622412
1.0081797665
1.0071443362
1.0003181164
0.9895488955
0.9874823823
0.9899423589
0.9890351871
0.9838403166
0.9878478223
0.9906278893
0.9823692885
0.9608935325
0.9557993731
0.9783794422
0.9939287188
0.9773341340
0.9904998541
1.0023912772
1.0093311224
0.9880503938
0.9709970139
0.9742985482
0.9889001942
0.9951619371
0.9891127573
0.9868223106
0.9922239149
0.9910062288
0.9836542195
0.9854231906
0.9958561500
0.9986044653
0.9825968844
0.9776101021
1.0050049463
1.0209597475
1.0140233694
1.0054456666
1.0053126532
1.0070279930
1.0063474173
1.0043895575
0.9971941346
0.9921245325
0.9918281814
0.9933723725
0.9987488378
1.0020731415
0.9983669494
1.0014042379
1.0079373619
1.0016050181
0.9855616489
0.9751603288
0.9849577179
0.9990710659
1.0156380313
1.0141443347
0.9961346658
0.9907880394
0.9933704067
0.9998945829
1.0018305681
1.0052548042
1.0084608720
1.0061667723
1.0063629505
1.0087438247
1.0034918103
0.9982854069
1.0013538962
1.0103400346
1.0110065983
1.0048325074
1.0012675624
0.9940252441
1.0039692880
1.0113630822
1.0193148223
1.0225113145
1.0187765509
1.0077450705
0.9973469360
0.9972870352
1.0025945469
1.0052193659
1.0010786388
0.9925642957
0.9936456860
1.0041508878
1.0045659507
1.0017852359
0.9977049355
0.9991395162
1.0054544192
1.0064012058
1.0017697153
0.9894970675
0.9968122533
0.9986932073
0.9944538890
1.0026944654
1.0115435145
1.0043568076
0.9837637028
0.9745023088
0.9839635763
0.9977395182
1.0050859160
0.9985909502
0.9971069282
0.9947293725
0.9874189505
0.9902157593
0.9931543390
1.0001782618
0.9904477378
0.9773742158
0.9814346203
0.9927832468
0.9933774851
0.9857878314
0.9780568961
0.9925580847
1.0089871718
1.0107924746
1.0072609745
1.0077483091
1.0088227485
0.9970135731
0.9911174168
1.0063295686
1.0109844156
0.9912453878
0.9947119362
0.9873186864
0.9958796346
0.9996552228
0.9958141408
0.9628248467
0.9444701878
0.9416865650
0.9558779417
0.9703329441
0.9874306151
0.9994020052
1.0045121181
1.0066151253
1.0020844419
0.9970183369
0.9852757111
0.9835385482
0.9930372043
1.0065942975
1.0046804200
1.0150689656
1.0087165561
0.9978249962
0.9908111563
0.9982425771
1.0101244767
1.0065950940
0.9944780911
0.9969986943
0.9976512163
1.0016481439
1.0039875425
0.9977704175
1.0029699803
1.0138159506
1.0138451508
1.0067557302
0.9981932363
1.0029775076
0.9991304754
0.9920195537
1.0025044774
0.9973231982
0.9749771705
0.9798850564
0.9874642207
0.9661884333
0.9426953321
0.9242100296
0.9142223614
0.9187448992
0.9406919425
0.9588836057
0.9613202347
0.9714127008
0.9837186594
0.9794741839
0.9944499486
1.0116824033
1.0000569277
0.9890775818
0.9911752105
0.9990182918
0.9870350561
0.9907364980
1.0037368269
1.0041874470
1.0048100310
1.0160673701
1.0100224501
1.0016721851
0.9961373122
0.9864724011
0.9879981067
1.0005794074
1.0057802604
1.0039768566
1.0036491794
0.9989297057
0.9899268286
0.9909100142
1.0025863436
1.0008986102
0.9946378647
1.0074691255
1.0257037763
1.0184703109
0.9878715050
0.9547585251
0.9549574386
0.9723541624
0.9825329589
0.9882777531
0.9949249887
1.0008004398
0.9937812036
0.9759536841
0.9949959817
0.9923554056
0.9963813305
1.0006045967
1.0124786385
0.9901851363
0.9958122062
0.9866103532
0.9915594255
1.0027513252
0.9967904977
0.9629338819
0.9537283243
0.9774537348
0.9969162190
1.0033739708
0.9998650140
0.9937338598
0.9959047036
0.9929623939
1.0037327884
1.0001121509
0.9764222105
0.9808100541
0.9910118722
1.0019546722
0.9877523104
1.0007583058
1.0055501626
0.9997807049
1.0022567907
0.9920791612
0.9768339297
0.9769506397
0.9900750832
0.9947204253
0.9894412900
0.9878676715
0.9953264963
1.0082119449
1.0036483609
0.9901942376
1.0001330232
1.0097380035
0.9865382807
0.9854840158
0.9795294611
0.9686040624
0.9405179947
0.9248404332
0.9250854535
0.9205820324
0.9009442398
0.8636280954
0.8211497041
0.7973039892
0.8081389510
0.8320278766
0.8493648515
0.8737802018
0.8899330417
0.8944861938
0.8865094868
0.8910866687
0.9209176162
0.9464815026
0.9641116138
0.9796067883
0.9840382588
0.9831725549
0.9944786812
0.9937306716
0.9881299260
0.9890046581
0.9903217474
0.9728795186
0.9505320070
0.9460796064
0.9463055422
0.9429272626
0.9508279330
0.9594093858
0.9675052295
0.9815014870
0.9903336445
1.0026483214
1.0038678713
0.9905675020
0.9929960442
0.9853939201
0.9842403103
1.0062796487
1.0065880717
0.9889554803
0.9813571580
0.9894185242
0.9955498626
0.9915160019
0.9851685963
0.9817968518
0.9839026397
0.9914720315
0.9989488974
1.0001065363
1.0093093440
1.0152793173
1.0190718280
1.0134300043
1.0151765970
1.0152390501
1.0131342367
0.9991523302
0.9965284119
0.9945802024
1.0004775064
1.0115471437
1.0106131939
1.0046390884
1.0036051366
1.0009171909
0.9980205394
0.9954364227
1.0013561918
1.0117340103
1.0295473759
1.0187797279
0.9889283085
0.9733352878
0.9749769024
0.9879891436
1.0007599711
1.0017392069
0.9965476265
0.9973473472
0.9996665669
1.0017061855
1.0058720266
1.0091694165
1.0091089151
1.0091940511
1.0069375651
0.9987180108
0.9993207710
0.9957950043
0.9946312375
0.9951932545
0.9865709423
0.9802525581
0.9847553071
0.9876697798
0.9964717042
0.9861696076
0.9674990009
0.9535875410
0.9371881613
0.9282425050
0.9280152282
0.9317433602
0.9315344521
0.9345363071
0.9616879117
0.9961993213
1.0137234844
1.0094208487
1.0059543860
1.0060915431
1.0047632494
1.0070626498
0.9995690659
0.9838726797
0.9821796569
0.9828693987
0.9834311042
0.9874540853
0.9971294268
0.9962787825
0.9893637244
0.9845642568
0.9893230319
0.9966331142
0.9925415027
0.9930270611
1.0007374182
1.0091603247
0.9999420660
0.9830967065
0.9880880618
1.0027362007
1.0117201227
1.0120466217
1.0177061598
1.0102040160
1.0126007585
1.0030438021
0.9959619325
0.9866043683
0.9893407219
1.0061652296
1.0174864852
1.0140606238
1.0055875567
1.0004664522
0.9862577142
0.9696185099
0.9747391141
0.9866727556
0.9970577842
0.9998927953
0.9958638963
0.9808194003
0.9755494974
0.9946408350
0.9948212288
0.9895490113
0.9827955851
0.9714465977
0.9302535486
0.8615768718
0.7938942837
0.7419205491
0.7145633532
0.7294270731
0.7860066282
0.8558939875
0.9184065989
0.9772533148
1.0115187544
0.9993188577
0.9776361258
0.9785554610
0.9841256119
0.9844884657
0.9918353872
1.0009992031
1.0043710675
1.0106290465
1.0079430855
1.0004869626
0.9900492250
0.9915075071
1.0022484970
0.9913425857
0.9778353658
0.9767440965
0.9877650843
0.9899174014
0.9766010761
0.9813102379
0.9937497097
0.9844945044
0.9864063552
0.9921886394
0.9884362457
0.9976318047
0.9924798364
0.9932076390
0.9962782573
0.9877490495
0.9779453860
0.9792346921
0.9862211394
0.9966988426
1.0117247779
1.0131546691
1.0040054750
1.0006505892
1.0008404218
1.0070321371
0.9954938603
1.0020000124
1.0033303906
0.9989194323
0.9891117149
0.9583136445
0.9530584670
0.9680580215
0.9749609497
0.9764547959
0.9815719397
0.9920714668
1.0070899881
1.0105358940
0.9891323319
0.9678843898
0.9684863280
0.9756128036
0.9757977350
0.9957539705
1.0082487069
1.0038923302
1.0022073390
0.9926101543
0.9690227942
0.9576386865
0.9587080241
0.9677289717
0.9745269247
0.9688058289
0.9747474548
0.9843837224
0.9810554282
0.9815325460
0.9890540650
0.9913955002
0.9859168492
0.9877785963
0.9888627209
0.9999999879
1.0079988451
1.0072985450
0.9995178049
0.9943018029
1.0028629447
1.0018757693
1.0099093657
1.0146214319
1.0065732555
0.9982843095
0.9862430836
0.9859759012
1.0006745726
1.0080215486
1.0036983449
0.9980264868
1.0036240720
1.0025630125
0.9965612046
1.0111683252
1.0253129011
1.0085797080
1.0020021598
0.9899293098
0.9960051139
1.0066789448
1.0029662866
0.9908563190
0.9930918906
0.9951151768
1.0002988014
1.0044683943
0.9974658709
0.9979726610
1.0107645019
1.0077131285
0.9919716193
0.9783805002
0.9784701023
0.9932669943
1.0112577807
1.0215594879
1.0111058649
0.9874271110
0.9938647319
0.9937678869
0.9834390751
0.9751594433
0.9747244274
0.9888917457
1.0024095736
0.9925813437
0.9803563750
0.9890185140
1.0021892610
1.0024244547
0.9918665083
0.9858542640
0.9859436662
0.9910491256
1.0074645030
1.0114916226
0.9814782480
0.9898880518
1.0022344654
0.9987492497
0.9910859637
0.9965986308
1.0003681913
1.0015092443
0.9838231992
0.9698403964
0.9782106981
0.9856542946
0.9879816347
0.9956887201
0.9905803304
0.9863549954
0.9961727269
1.0078928313
1.0001584143
0.9835607625
0.9703538291
0.9805266876
0.9830901520
0.9799047775
0.9859212460
1.0023079459
1.0170467216
1.0120625477
1.0039227082
0.9975455918
0.9884041332
0.9862492728
0.9951282872
0.9990747961
0.9917162358
0.9881009709
0.9895126858
0.9942122865
1.0006229086
0.9939067919
0.9915112619
1.0066167461
1.0012916415
0.9897271222
0.9918149370
0.9894942833
0.9874103808
0.9969963965
1.0132453677
1.0113601598
1.0010579973
1.0009044044
1.0115370325
1.0244738330
1.0229683706
1.0057066863
0.9904016982
0.9804774616
0.9814617308
0.9882205212
0.9809434442
0.9715901162
0.9924851917
0.9964506909
0.9824687163
0.9845868764
0.9849316155
0.9897686405
0.9886354216
0.9804364764
0.9739078762
0.9751533360
0.9835518176
0.9878795794
0.9869994057
0.9919656385
0.9914637753
1.0043403963
1.0152248129
0.9996523843
0.9931175453
1.0003126574
0.9899090457
0.9890604910
1.0094106558
1.0111254774
1.0060599917
1.0035621097
0.9994681806
0.9940215683
0.9944419421
1.0009842821
1.0057886364
1.0054422142
0.9989515323
0.9921925356
0.9994524171
0.9966842032
0.9937397557
1.0058453460
1.0066094459
0.9859669675
0.9911482358
1.0140688926
1.0110840302
0.9952995841
1.0101386216
1.0117711928
1.0126778394
1.0139729616
1.0122460263
1.0016424552
0.9884516732
0.9880349309
0.9950138093
0.9974717292
1.0015941644
1.0007686765
0.9843141326
0.9857271064
0.9973038592
1.0167225404
1.0135379479
1.0041215515
0.9845932179
0.9949767944
1.0039309499
0.9956043326
0.9977042934
1.0059218893
1.0051065673
0.9982490252
0.9994867844
1.0102677523
1.0175416128
1.0133959770
1.0012036710
0.9879265806
0.9742627488
0.9580171830
0.9506730219
0.9527701918
0.9757539378
0.9858003619
0.9727868485
0.9675928476
0.9826763136
0.9985520148
1.0079083018
1.0104503715
1.0048182034
0.9925131401
0.9875143816
0.9862453021
0.9878493905
1.0008279955
1.0033634500
1.0007335141
1.0112650406
1.0172653101
1.0347810542
1.0442461030
1.0097353733
1.0009586124
0.9956146698
0.9989211701
1.0167448939
1.0295929499
1.0040771051
0.9931666321
0.9957309952
0.9860247574
0.9768842018
0.9732321466
0.9533575821
0.9149635711
0.8740595646
0.8318479720
0.7827974229
0.7254755932
0.7127392290
0.7289698895
0.7747795184
0.8511582914
0.9378775852
0.9793533261
0.9794131094
0.9799084386
0.9821595413
1.0004033340
1.0080497868
1.0021761056
0.9940847626
0.9856862655
0.9797161350
0.9801610712
0.9886726724
0.9997143741
0.9967649526
0.9948618372
0.9888235477
0.9964710450
0.9952340557
0.9981112615
0.9879487643
0.9833864281
0.9872562009
0.9802609498
0.9807170498
0.9801661110
0.9765658752
0.9756652145
0.9734401629
0.9833172206
0.9998124354
1.0017359422
0.9978145949
0.9974253604
1.0001506426
0.9886808002
0.9748607295
0.9817956694
0.9917357680
0.9937157007
0.9738236404
0.9890547711
1.0055949054
0.9893730520
0.9811193553
0.9798240926
0.9784793383
0.9830085455
0.9796047469
0.9765242064
0.9832693473
0.9832255419
0.9797512560
0.9844404036
0.9812994782
0.9917691253
0.9936972902
0.9857740188
0.9755595169
0.9728420565
0.9700145536
0.9802239542
0.9813004299
0.9764298661
0.9702639664
0.9492940496
0.9386629823
0.9469242478
0.9574934941
0.9662247859
0.9773604798
0.9847871742
0.9846157979
0.9819750724
0.9769424807
0.9728486981
0.9710281072
0.9561179110
0.9785847214
0.9731167830
0.9637828599
0.9662759893
0.9748664225
0.9847898337
0.9955045959
0.9959867496
0.9908530008
0.9863298881
0.9977038388
1.0050324581
0.9911306005
0.9762189221
0.9729530120
0.9704765446
0.9697052429
0.9784702232
0.9932218920
0.9892779963
0.9941140328
1.0018959448
1.0037485143
0.9838097202
0.9765957657
0.9997938667
1.0182708147
1.0215749802
1.0136982048
1.0066693179
0.9964839205
0.9877349420
0.9933857780
0.9999517653
0.9920755692
0.9865409705
0.9958720066
1.0074261828
1.0102674483
1.0137305903
1.0139093351
1.0096328683
0.9872138032
0.9955030522
1.0034616733
1.0028454034
0.9971234931
1.0086915212
1.0069647175
0.9932000812
0.9868234459
0.9903528954
0.9959704123
0.9991672941
0.9942327488
0.9821045782
0.9781473580
0.9839382357
0.9852593422
0.9893033042
0.9830092566
0.9984256864
1.0069923517
1.0144574380
0.9974922231
0.9853155236
0.9912173143
0.9984731432
0.9895612966
0.9769395206
0.9784587918
0.9904838458
1.0024557837
1.0026162601
0.9968033097
1.0010691264
1.0066740287
0.9995006100
0.9920686626
1.0024306190
1.0123041212
1.0054558578
1.0020512558
1.0075025382
0.9839026313
0.9811601343
0.9846355398
0.9974332101
0.9988780587
0.9994410857
1.0038241806
0.9971665226
0.9973305888
0.9959932774
0.9870317627
0.9935482087
1.0025910092
0.9863087427
0.9655511541
0.9800411649
0.9948109072
0.9928710585
1.0028269235
1.0163657262
1.0156517694
1.0051427339
1.0025958546
0.9980190905
0.9965026560
1.0052784507
1.0176788044
1.0157367839
