#flux
0.9926468248
0.9626463010
0.9409083169
0.9443454802
0.9550538350
0.9563417068
0.9550987487
0.9603659491
0.9681871374
0.9737260202
0.9809216411
0.9910734567
0.9907680227
0.9761961378
0.9763501507
0.9658681292
0.9583302660
0.9683194794
0.9806356334
0.9918843662
1.0019971799
0.9917878364
0.9812762170
0.9796336751
0.9774789081
0.9638607564
0.9507936625
0.9481253118
0.9521581163
0.9650620914
0.9785600037
0.9783713972
0.9894640350
0.9954367876
0.9958043811
0.9996711475
0.9965265023
0.9913156149
0.9876965911
0.9851964081
0.9915826608
0.9892806197
0.9856241919
0.9788029805
0.9743313784
0.9708726621
0.9693185622
0.9717952676
0.9726057456
0.9699559840
0.9651662622
0.9558838589
0.9583138807
0.9664087025
0.9829085510
1.0018192940
1.0120478957
1.0082709996
0.9978949869
0.9916639343
0.9896703568
0.9853916537
0.9856826027
0.9907399808
0.9886762800
0.9830179828
0.9756502167
0.9547950805
0.9207345304
0.8942609700
0.8846017336
0.8861701317
0.9086739816
0.9308771147
0.9485947079
0.9635424267
0.9706957946
0.9692895499
0.9684511742
0.9663579545
0.9560018122
0.9639682937
0.9635525238
0.9584010157
0.9511901395
0.9499550982
0.9510917850
0.9397393022
0.9210967821
0.9062805891
0.8896086809
0.8782557795
0.8869486674
0.9108426262
0.9231679451
0.9300423870
0.9367656661
0.9273404586
0.9042142864
0.8809827499
0.8333270187
0.8209894258
0.8424109579
0.8811858563
0.9178863006
0.9454958526
0.9629507420
0.9679848670
0.9644937898
0.9602145756
0.9560707376
0.9479553848
0.9366730025
0.9379047252
0.9505443544
0.9585748250
0.9709206238
0.9840318385
0.9816194908
0.9810033688
0.9804445109
0.9703055397
0.9588936376
0.9589260942
0.9615992785
0.9575638395
0.9522730257
0.9534891706
0.9577377021
0.9570048685
0.9513968802
0.9468747709
0.9437292436
0.9346552981
0.9212768172
0.9122489647
0.9232046072
0.9371334457
0.9452133851
0.9655054883
0.9740504058
0.9689185866
0.9606755136
0.9465712700
0.9427371336
0.9434721158
0.9449342556
0.9476451016
0.9448070199
0.9381503497
0.9364549784
0.9382528781
0.9453072159
0.9557198489
0.9534221330
0.9410744872
0.9224214780
0.8975319361
0.8794091732
0.8758111519
0.8740094278
0.8723998886
0.8871474266
0.9049547889
0.9134880123
0.9084242800
0.9138683270
0.9309368379
0.9376414805
0.9332551230
0.9271600208
0.9165838025
0.9008942062
0.8814083493
0.8684819367
0.8604840648
0.8438578684
0.8495912965
0.8752601041
0.8900689107
0.8881745970
0.8882103301
0.8997816248
0.9095292279
0.9072740285
0.9016822139
0.9001424601
0.8985181369
0.8948165034
0.8916866845
0.8884063973
0.8830541594
0.8746730383
0.8672039865
0.8762077674
0.8846230680
0.8473720361
0.8196608159
0.8122059680
0.7985526661
0.7722278742
0.7310922574
0.6714179854
0.6006385127
0.5276679729
0.4552042956
0.3839004891
0.3204087747
0.2728772317
0.2406549350
0.2162437818
0.1990650821
0.1961661097
0.2013488759
0.1995323564
0.1985103051
0.2033815063
0.2315341556
0.2539419310
0.2989134730
0.3560640133
0.4169306490
0.4899250185
0.5784917331
0.6645000282
0.7286319963
0.7829894266
0.8350750304
0.8735653985
0.8882841182
0.8883013977
0.8867942771
0.8733696937
0.8471954520
0.8272658620
0.8332966959
0.8588336423
0.8749193345
0.8984301350
0.9148368111
0.9133666836
0.9106661380
0.9075204283
0.9030939274
0.9040190763
0.9133340614
0.9221773500
0.9246993521
0.9324465018
0.9459351669
0.9521087621
0.9512067273
0.9477134505
0.9440480467
0.9296149259
0.9111123468
0.9006589394
0.8954801528
0.8979722238
0.9178580807
0.9269777245
0.9246459720
0.9232159197
0.9405600444
0.9434120067
0.9406608905
0.9422111583
0.9472903008
0.9526167954
0.9500619563
0.9425440529
0.9438914297
0.9506087254
0.9542226005
0.9582228325
0.9563733944
0.9463059704
0.9463375754
0.9431101425
0.9374955117
0.9417335550
0.9489530506
0.9535000891
0.9582169984
0.9547829424
0.9607841741
0.9741510904
0.9785562274
0.9755666399
0.9744584056
0.9729450032
0.9669308307
0.9625853490
0.9667630024
0.9725528696
0.9693354162
0.9654338549
0.9732549266
0.9772110497
0.9871844369
0.9875454738
0.9926316313
0.9877189330
0.9766115773
0.9748895650
0.9726033962
0.9685543401
0.9592581628
0.9526777618
0.9582214001
0.9680105744
0.9740092379
0.9733899644
0.9598127233
0.9443639441
0.9323148469
0.9123197588
0.8766994108
0.8329756136
0.7945513655
0.7607294563
0.7592917144
0.8006682225
0.8625639858
0.9101340036
0.9395012500
0.9575778144
0.9692234852
0.9705602713
0.9557098675
0.9440368204
0.9529545053
0.9596752783
0.9513427578
0.9416489277
0.9546837976
0.9625526400
0.9692749064
0.9639756872
0.9611469398
0.9715965619
0.9758302335
0.9697712506
0.9558040433
0.9397728330
0.9312532185
0.9257776342
0.9253796082
0.9316068860
0.9381569010
0.9385846158
0.9366433182
0.9426627257
0.9530244797
0.9575710079
0.9652343149
0.9800681481
0.9863408546
0.9905545271
0.9851171078
0.9813815234
0.9792653943
0.9806713270
0.9873629459
0.9930162475
0.9950443870
0.9893673949
0.9701333252
0.9598076052
0.9685556363
0.9798048123
0.9824842949
0.9808889228
0.9852593554
0.9824487610
0.9646262212
0.9334956898
0.8817586718
0.8192450159
0.7817537823
0.7808531413
0.8154178490
0.8762362201
0.9282717985
0.9450272024
0.9544746233
0.9670510745
0.9790989322
0.9832799215
0.9809299024
0.9796873257
0.9801474246
0.9823287925
0.9910912471
1.0010244014
1.0026894656
0.9938027978
0.9936023324
0.9976863149
0.9954973935
0.9625638085
0.9021184984
0.8509491775
0.8305847224
0.8306881850
0.8468846212
0.8900998828
0.9392785343
0.9658387692
0.9714388659
0.9765956142
0.9802102497
0.9691623084
0.9436662323
0.8862266727
0.8147684833
0.7686680620
0.7577405321
0.7798431545
0.8370276300
0.8909205968
0.9199052177
0.9240171002
0.9438438099
0.9647102785
0.9810769561
0.9905859506
1.0015646651
1.0093229330
1.0051007336
0.9920665615
0.9794053394
0.9766627442
0.9833183372
0.9793680308
0.9608010489
0.9525288837
0.9655415939
0.9728906022
0.9661712297
0.9624105157
0.9664344239
0.9627160290
0.9617195634
0.9675420866
0.9672362034
0.9617306889
0.9597358034
0.9692697229
0.9802064216
0.9860239902
0.9921202003
0.9959148174
0.9992260986
1.0075379225
1.0005694680
0.9947596901
1.0050001431
1.0200805760
1.0156364085
0.9913124533
0.9886970349
0.9986945276
1.0092115885
1.0055482853
1.0001034629
1.0194043552
1.0460501763
1.0470427592
1.0268251946
1.0078029814
0.9969313306
0.9918720397
0.9909029675
0.9912572125
0.9902616177
0.9898465033
0.9966865149
0.9894377116
0.9805179459
0.9794276111
0.9867345213
0.9984911413
0.9978852521
0.9996200692
1.0015381782
0.9923053563
0.9845224564
0.9881857879
0.9890024767
0.9875755992
0.9908629915
0.9904585773
0.9898414700
0.9940574944
0.9962056047
0.9995111007
0.9923591436
0.9904821195
0.9909050731
0.9859150881
0.9754268554
0.9698311141
0.9767219354
0.9792669423
0.9770592557
0.9825669389
0.9940901040
0.9956516135
0.9965941632
0.9966310434
0.9854515909
0.9723818566
0.9642151054
0.9583680909
0.9489957462
0.9253609545
0.8944431732
0.8693442005
0.8488358668
0.8667832088
0.8809621324
0.9102486737
0.9568353841
0.9765335327
0.9892975909
0.9970763442
0.9913335589
0.9857142305
0.9849357815
0.9876611502
0.9956030371
1.0005085146
0.9944301867
0.9805092231
0.9596623719
0.9522870203
0.9714865779
0.9966381097
1.0015904193
1.0048401462
0.9915792424
0.9829831119
0.9696995060
0.9629958448
0.9591681684
0.9638827628
0.9730473092
0.9721234123
0.9736977548
0.9826808043
0.9860352185
0.9827142464
0.9764645819
0.9691003226
0.9699208376
0.9713053274
0.9811781908
0.9858675224
0.9857058101
0.9705464270
0.9573196068
0.9557895184
0.9679943651
0.9853198790
0.9913944309
0.9998794739
1.0069476211
1.0140035204
1.0263152731
1.0319543069
1.0278636686
1.0195686922
1.0052573016
0.9915491923
0.9795803272
0.9807912642
0.9893014182
0.9927380583
0.9954532106
1.0002769276
0.9978181220
0.9951064915
1.0033128814
1.0064394263
0.9956001172
0.9851022263
0.9763576373
0.9690962637
0.9674649164
0.9704521499
0.9710399525
0.9647424533
0.9569013886
0.9594071860
0.9727528332
0.9808931489
0.9821508240
0.9934681922
1.0032927622
0.9932352262
0.9643178988
0.9253198337
0.8745237775
0.8407589194
0.8347661720
0.8497785308
0.8799793772
0.9199657053
0.9508761103
0.9683582866
0.9836863164
0.9983944021
1.0046058685
0.9995973669
0.9894655965
0.9840056219
0.9832227746
0.9900813717
1.0020130417
0.9907312728
1.0034191598
1.0073814313
1.0008397823
0.9900258499
0.9765291055
0.9751678115
0.9805451430
0.9834037348
0.9805011767
0.9745381959
0.9720820557
0.9725431571
0.9699339711
0.9679555716
0.9731244524
0.9809524544
0.9842772066
0.9944992678
1.0030919666
1.0014463824
0.9929584791
0.9709480537
0.9727534772
0.9840182283
0.9900282244
0.9997206375
1.0076801257
1.0007424846
0.9887895255
0.9898357566
0.9941320588
0.9782645910
0.9553696958
0.9587581917
0.9775508064
0.9835610411
0.9760504982
0.9858129148
0.9941321354
0.9947310993
0.9795573481
0.9847552103
0.9913036920
0.9839150075
0.9713312551
0.9687738175
0.9761917621
0.9787747355
0.9764767058
0.9835383504
1.0018093230
1.0133185507
1.0135868750
1.0091974332
0.9944250224
0.9942286505
1.0030413656
1.0062572020
1.0020349853
1.0023851683
1.0084662349
1.0148122892
1.0011335253
0.9812818563
0.9754494760
0.9700852701
0.9588446682
0.9550685580
0.9506417923
0.9424061317
0.9467386591
0.9603245897
0.9672866208
0.9762593724
0.9906103978
0.9916550524
0.9881872975
0.9812128951
0.9873735591
0.9852211893
0.9738886394
0.9821998361
0.9866072480
0.9709423336
0.9534560874
0.9395772055
0.9279423578
0.9255978545
0.9224294105
0.9098709757
0.8771632247
0.8188036576
0.7477079697
0.6810764908
0.6421237341
0.6596037034
0.7186890956
0.8077253497
0.8931173540
0.9503882713
0.9736729527
0.9812710179
0.9804907290
0.9714882181
0.9627523188
0.9488289786
0.9157917570
0.8624974054
0.7952319373
0.7359155018
0.7064137918
0.7138833091
0.7638706241
0.8485172422
0.9208186052
0.9534086316
0.9849099522
0.9879725900
0.9871449407
0.9951487938
0.9970169752
0.9921362328
0.9864447489
0.9875736299
0.9934234626
0.9945931847
0.9874360800
0.9790347882
0.9770922883
0.9782729100
0.9742415235
0.9623176153
0.9509429579
0.9457568385
0.9432884064
0.9521113808
0.9726639259
0.9887383319
0.9990690918
0.9989291157
0.9738353484
0.9646430753
0.9661608653
0.9566813555
0.9610349692
0.9711171808
0.9690397624
0.9657082309
0.9707237333
0.9769796510
0.9802964041
0.9851854457
0.9912986099
0.9900583980
0.9849679796
0.9929230300
1.0014356547
0.9996179459
0.9963750030
1.0023515294
1.0019888709
0.9861885998
0.9792207039
0.9625501317
0.9595984485
0.9623786012
0.9711679372
0.9747426574
0.9635667159
0.9297442536
0.8856197622
0.8601016034
0.8627349688
0.8839629722
0.9212244369
0.9644944081
0.9882388909
0.9864806843
0.9821936760
0.9870687758
0.9837073351
0.9694916508
0.9723860083
0.9752511946
0.9880189651
0.9845860125
0.9590948246
0.9282335330
0.9172080918
0.9168263428
0.9268274653
0.9511350583
0.9806271657
0.9974386857
0.9817133017
0.9429141974
0.9130935326
0.8987978986
0.8942438300
0.9088371336
0.9433916419
0.9776648653
0.9943230259
0.9996549234
1.0126528889
1.0104248675
1.0001683343
0.9963405793
0.9941897621
0.9906294005
0.9988276803
1.0174436066
1.0215113258
1.0085859330
1.0012357438
0.9950747663
0.9798320871
0.9679781965
0.9693562122
0.9780644461
0.9875982689
0.9962880133
0.9993141404
1.0025523099
1.0131768411
1.0144152456
1.0034697897
0.9994324931
0.9965490012
0.9913735177
0.9915517170
0.9932640319
0.9930996542
0.9962760059
1.0009042856
0.9964309647
0.9790281839
0.9793443349
0.9875109522
0.9943680678
0.9989025799
1.0044158533
1.0137173675
0.9981413060
0.9877294751
0.9913055480
0.9970223602
0.9949015343
0.9883170579
0.9842154237
0.9849729813
0.9850626773
0.9760519983
0.9693753724
0.9802131884
0.9907112832
0.9935334256
1.0076296233
1.0065715021
1.0080234791
1.0036627985
0.9924700453
0.9867022789
0.9792345657
0.9761771903
0.9718570526
0.9492145455
0.9434994331
0.9474881668
0.9566059071
0.9685225495
0.9752157130
0.9822089819
0.9916835192
0.9972521451
1.0062634094
1.0145314373
1.0148049509
1.0096400148
0.9962029024
0.9843833883
0.9877449482
0.9983613402
1.0026145786
0.9916874015
0.9707358002
0.9251549113
0.8770021338
0.8554746908
0.8547805245
0.8782381801
0.9276234654
0.9767435634
0.9980880417
1.0000792103
1.0027830878
1.0026182586
1.0072546425
0.9997638919
1.0067309764
1.0129623260
0.9918977041
0.9792849997
0.9754114024
0.9817969098
0.9828133364
0.9716889170
0.9675511543
0.9728708901
0.9726426582
0.9650219702
0.9570771249
0.9538456709
0.9589549634
0.9697250683
0.9804292528
0.9956699674
1.0134024256
1.0165526964
1.0072678202
0.9963779360
0.9959343964
1.0046072360
1.0006511398
0.9830760323
0.9767637003
0.9618509842
0.9448170828
0.9443932008
0.9496808497
0.9561565270
0.9657534092
0.9732778813
0.9777022764
0.9767648188
0.9702779369
0.9759199672
0.9832369498
0.9771838010
0.9707497973
0.9580305100
0.9603033191
0.9663111870
0.9552325508
0.9307175806
0.9087649864
0.8999049862
0.9134360314
0.9384720923
0.9627258437
0.9798587037
0.9922165631
1.0060226927
1.0115248520
1.0093160656
1.0171912261
1.0184484371
1.0034829251
0.9925179354
0.9741156754
0.9414195797
0.8945210135
0.8358989939
0.7784578560
0.7506982195
0.7768530960
0.8472965025
0.9066966169
0.9290817249
0.9252870806
0.9186949526
0.9046662872
0.8931340085
0.8924359517
0.8922230432
0.9043867120
0.9396368372
0.9726154421
0.9810731414
0.9839543553
0.9820889744
0.9913014846
1.0106071876
1.0156116251
1.0103112128
1.0030546158
1.0059528236
1.0037599495
0.9895757166
0.9726293829
0.9698183746
0.9750224355
0.9725465633
0.9738444268
0.9900124247
1.0056415761
1.0141639505
1.0137567710
0.9971362850
0.9923857462
0.9976467413
1.0058761270
1.0046781857
0.9920578277
0.9872481380
0.9921823586
1.0064799923
1.0051682061
0.9938735240
0.9805017167
0.9771048020
0.9868418652
0.9903831287
0.9803776584
0.9779809887
0.9860883751
0.9888091409
0.9976337695
0.9983806339
0.9983414828
0.9951218836
1.0014940663
1.0137896012
1.0136242275
1.0194601643
1.0244263098
1.0103026847
1.0054862730
1.0116994818
1.0073490275
0.9956435441
0.9929325471
0.9938226142
0.9833007813
0.9682597296
0.9640209148
0.9649229719
0.9523883044
0.9147173169
0.8813186475
0.8635995242
0.8422088877
0.8469227119
0.8823836606
0.9135094561
0.9384933942
0.9601778436
0.9727184116
0.9743647515
0.9788178460
0.9962806971
1.0110774039
1.0022128451
0.9782735055
0.9668155954
0.9693980518
0.9651125973
0.9615005644
0.9789500466
0.9958409619
0.9792445166
0.9640958603
0.9659650327
0.9700791808
0.9826514135
1.0015261559
1.0120193654
1.0169287358
1.0184467567
1.0007650832
0.9842940333
0.9734198726
0.9698117246
0.9803734042
0.9943386889
0.9918876649
0.9764997120
0.9737184560
0.9863168519
0.9917433923
0.9927649579
1.0000164964
1.0054357457
1.0046545608
1.0041162939
1.0047922919
1.0109851049
1.0043094453
0.9991520089
0.9979303209
0.9845430777
0.9698971022
0.9703866992
0.9774091842
0.9763360360
0.9763994011
0.9848306461
0.9859961949
0.9896217964
0.9885655198
0.9814956032
0.9785045736
0.9877385280
0.9783260431
0.9850161642
0.9789293070
0.9723193404
0.9631442727
0.9620342924
0.9640794235
0.9734430089
0.9931747417
1.0077673382
1.0095962528
1.0001123546
0.9830195936
0.9710285971
0.9656887410
0.9583221621
0.9646505662
0.9822759740
0.9852603882
0.9941731718
1.0077262875
0.9896041186
0.9774203469
0.9883938999
0.9853381082
0.9786619673
0.9805879211
0.9900403577
0.9971168651
0.9962238283
0.9901037442
0.9881782030
0.9955045272
1.0020761811
0.9951980555
0.9814282716
0.9800723327
0.9850719874
0.9823706026
0.9910210237
1.0073503759
1.0178652414
1.0156811470
1.0027272257
0.9907920247
0.9934187804
1.0012820145
1.0035591813
1.0034066991
1.0055917746
1.0074186597
1.0083859560
1.0069949468
1.0008808829
0.9956174787
0.9899550203
0.9852551785
0.9882534339
0.9942960697
0.9991545189
1.0017600348
1.0025214885
0.9874337721
0.9768781867
0.9799143126
0.9945876801
1.0020521092
0.9983829370
1.0003269736
1.0017850586
1.0005799419
0.9973259814
0.9939317758
0.9965771237
0.9964535922
0.9887519870
0.9790069574
0.9927934718
1.0071259162
0.9982330461
0.9897128921
0.9819487133
0.9904921875
0.9948286242
0.9934908515
0.9915373093
0.9944154522
0.9850700672
0.9751204182
0.9716270456
0.9775157964
0.9884084635
0.9867457522
0.9778161461
0.9851816157
0.9954846124
0.9937914801
0.9873290148
0.9933824296
0.9924914119
0.9895092709
0.9902350610
0.9935090887
0.9751929133
0.9594051669
0.9581469432
0.9663140082
0.9769548790
0.9889614750
0.9957415781
0.9885821831
0.9754124108
0.9675280584
0.9588502426
0.9480137347
0.9483663046
0.9543294121
0.9662995162
0.9646425341
0.9614169329
0.9606523631
0.9625338648
0.9512362351
0.9180985531
0.8870086173
0.8803979412
0.8853137187
0.8966487646
0.9312635665
0.9660146707
0.9805065169
0.9885812555
0.9960896877
0.9970509068
0.9960802030
0.9915962317
0.9891567671
0.9978890058
1.0085607983
1.0092120533
1.0045863822
1.0070692147
1.0056944230
0.9831973672
0.9674204686
0.9635025133
0.9689692905
0.9727091055
0.9780937202
0.9888446268
0.9906330349
0.9860450144
0.9934289990
1.0100346006
1.0185384014
1.0146906590
1.0056524328
0.9992203473
0.9977276513
0.9956733065
0.9958051905
0.9927991216
0.9973175568
1.0016593107
0.9960369729
0.9751354050
0.9493248202
0.9291948708
0.9074042108
0.8940210688
0.9140962135
0.9550271332
0.9828841022
0.9974759226
1.0076779616
1.0020834734
0.9954527495
0.9957424813
0.9937947113
0.9775237998
0.9795002500
0.9962625263
0.9937391215
1.0018959844
1.0051280362
0.9993562270
0.9932166120
0.9843168561
0.9770001766
0.9867040130
0.9965942969
0.9909687954
0.9814455122
0.9803971721
0.9815302963
0.9796237336
0.9872575411
0.9935954469
0.9919560777
0.9946913869
1.0016892904
0.9987363519
0.9977159874
0.9900108856
0.9790156032
0.9765613961
0.9766124735
0.9647643928
0.9524753161
0.9468129735
0.9437025963
0.9536059968
0.9790920777
1.0063885860
1.0165474076
1.0039778794
0.9973052866
0.9855001721
0.9820182091
0.9975087551
1.0055140880
1.0038671557
0.9952712255
0.9834634452
0.9845529018
0.9797340947
0.9863235923
0.9855822632
0.9742411290
0.9702630877
0.9750845324
0.9757480525
0.9681551893
0.9619232170
0.9629585826
0.9655405432
0.9683624802
0.9737651483
0.9755800393
0.9598976971
0.9521461136
0.9486514328
0.9477534546
0.9577791414
0.9748318635
0.9808206200
0.9734046384
0.9573686618
0.9445754600
0.9310962078
0.9302937107
0.9497373951
0.9701081508
0.9796136447
0.9876299401
0.9937714715
0.9907547865
0.9907604419
0.9938156525
0.9871138930
0.9888362035
0.9808601664
0.9620891312
0.9336506833
0.9161998867
0.8931576852
0.8918189550
0.8995744903
0.8907636680
0.8642842695
0.8289716471
0.8006516288
0.7921541403
0.8132139847
0.8490754672
0.8610907639
0.8582401850
0.8757958061
0.8842923286
0.8846915448
0.9036768667
0.9215761978
0.9538089105
0.9828811055
0.9901885912
0.9865975020
0.9877110250
0.9998736760
1.0065814416
0.9991334171
0.9801261301
0.9614981920
0.9477682908
0.9375299102
0.9308282223
0.9290079271
0.9352467501
0.9468659765
0.9704413341
0.9836653184
0.9877538332
0.9912628564
0.9686501589
0.9655490299
0.9605602279
0.9610618175
0.9646601330
0.9768754614
0.9833515599
0.9875084997
0.9945905380
1.0020075751
0.9947857641
0.9814882700
0.9766265721
0.9720848950
0.9724031282
0.9767399560
0.9855662205
0.9858729394
0.9887400397
1.0032161374
0.9919604289
0.9794955589
0.9805138348
0.9819221308
0.9789110950
0.9699740656
0.9782372837
0.9931548341
1.0019255418
1.0077961948
0.9996120379
0.9848331738
0.9862579224
0.9949368590
0.9970479273
0.9958721262
0.9895500695
0.9709058065
0.9534562277
0.9635817785
0.9599130502
0.9551311598
0.9790602862
1.0040572399
1.0009305572
0.9892119077
0.9828700491
0.9802763013
0.9874231678
0.9972499222
1.0034230837
1.0030344301
1.0000917575
1.0054267034
1.0104105392
1.0066607944
1.0133516961
1.0072117734
1.0107100433
1.0082106520
0.9934667999
0.9930718901
0.9836156102
0.9742855792
0.9685611391
0.9614752417
0.9473918466
0.9237235142
0.9069506699
0.9002736800
0.8967223803
0.8938823992
0.8934571519
0.9062910433
0.9369846919
0.9608559862
0.9714930909
0.9844405750
0.9918689182
1.0015641524
0.9836186385
0.9791360001
0.9786021033
0.9839383095
1.0029111026
1.0012011570
0.9997255462
0.9928327033
0.9906414260
0.9863837236
0.9808778446
0.9886149283
0.9998381219
1.0048558619
1.0135344109
1.0158789842
1.0142073360
0.9973817634
0.9929670606
0.9926415200
0.9906512742
0.9873603405
0.9915654377
1.0056756964
1.0053943816
0.9993102281
0.9959540862
0.9949846454
0.9957077637
0.9990158993
0.9950713474
0.9900229231
0.9900678087
0.9850197021
0.9767931063
0.9715476255
0.9667844805
0.9627247597
0.9692801897
0.9819404916
0.9907255369
0.9828465999
0.9773151320
0.9871217523
0.9961761458
0.9921745487
0.9693134720
0.9536561678
0.9602942590
0.9601168902
0.9221039101
0.8470477525
0.7581367252
0.6923130993
0.6767727358
0.7059474482
0.7719406925
0.8488868347
0.9318511490
0.9749577297
0.9852165205
0.9820099547
0.9761392118
0.9687909477
0.9750646007
0.9800946113
0.9795957687
0.9903400905
0.9987029602
1.0032993420
1.0053064297
1.0052809549
1.0033503297
0.9967810812
0.9823808650
0.9596166621
0.9438346613
0.9423597635
0.9426317846
0.9337339692
0.9312994350
0.9438470569
0.9606087841
0.9822141973
0.9778005922
0.9788721294
0.9807805573
0.9890424814
0.9917160483
0.9949741651
1.0052733772
1.0084499021
1.0068100379
1.0053196077
0.9951031245
0.9880498644
0.9878420029
0.9960626307
1.0051479785
1.0063164004
1.0090031337
1.0033949304
0.9981994028
0.9931051823
0.9929096702
0.9758501538
0.9629688691
0.9445396291
0.9392379453
0.9379565345
0.9389706125
0.9540245719
0.9755726343
0.9850586432
0.9869091399
0.9918535778
0.9881310296
0.9915680487
1.0005409834
1.0003677071
0.9858550091
0.9772015005
0.9833587088
0.9807842378
0.9738777135
0.9649195729
0.9370704059
0.9282790929
0.9221428234
0.9278368211
0.9450759848
0.9552170263
0.9630271254
0.9762511135
0.9850544281
0.9919167067
1.0005065168
0.9982439127
0.9915773048
1.0004434870
1.0090185274
1.0077164459
0.9952207472
0.9960619370
0.9920054877
0.9899648097
0.9896036236
0.9799751044
0.9776234079
0.9811036794
0.9821171736
0.9853388265
0.9872693735
0.9900995187
1.0011133607
1.0097653554
1.0133808826
1.0068817870
1.0041294220
1.0046967924
1.0061649549
0.9950820238
0.9792108851
0.9784635324
0.9719846543
0.9795013931
0.9678659126
0.9652902105
0.9633447000
0.9540766345
0.9598156958
0.9815369686
0.9958804835
0.9938441923
0.9876629738
0.9898864429
0.9920912797
0.9744390741
0.9578775450
0.9644614769
0.9863306288
0.9911674675
0.9903799156
0.9767872900
0.9831060739
0.9996676169
1.0007434900
0.9982924132
0.9966160972
0.9962648632
0.9925553673
0.9915349017
0.9893644097
0.9924027019
1.0066884811
1.0153899660
1.0231590063
1.0237758685
1.0063460380
0.9957597054
0.9982943628
1.0003801671
1.0103204767
1.0114688741
1.0111694395
0.9961498147
0.9806073989
0.9711790705
0.9754133773
0.9819078764
0.9861158224
0.9825880990
0.9788277026
0.9808857244
0.9794723319
0.9747871656
0.9792230686
0.9942579479
0.9990917237
0.9860021550
0.9850533276
0.9767975842
0.9516911963
0.9246988780
0.9131697828
0.9109253077
0.9158533617
0.9303699904
0.9624351208
0.9719883827
0.9769036132
0.9993556356
1.0099391625
0.9942830714
0.9765037820
0.9711540054
0.9793820357
0.9936421570
0.9949006636
0.9930967134
0.9920543112
0.9900933499
0.9794169470
0.9873301247
0.9854927936
0.9883614538
0.9894953907
1.0021182749
1.0115164257
1.0073424930
1.0020884132
1.0003135184
0.9945161705
0.9908102566
0.9950744589
0.9936494700
0.9859107695
0.9907182220
0.9992331068
1.0021288594
0.9863849912
0.9830623321
0.9848803289
0.9817094998
0.9793512255
0.9788946925
0.9671927465
0.9620748548
0.9565200430
0.9527155581
0.9505198661
0.9570061035
0.9659572757
0.9660205725
0.9641606763
0.9628384796
0.9600937015
0.9736662547
0.9839278596
0.9938649024
1.0008973547
0.9969458078
0.9945445124
1.0085525529
1.0073212116
0.9916749008
0.9781053548
0.9789594010
0.9892409125
1.0047903804
1.0057605402
1.0039398521
1.0034955494
1.0017977750
0.9977269744
0.9912833464
0.9900838491
0.9875938276
0.9886117574
0.9784694589
0.9700550954
0.9843483647
0.9935095420
0.9915909752
0.9889289020
0.9843684312
0.9786080314
0.9738779229
0.9615386388
0.9701053378
0.9948670569
1.0079822233
0.9999374192
0.9911063736
0.9932324810
0.9987232644
0.9992744286
0.9895746957
0.9881487165
0.9761409408
0.9735138305
0.9734925801
0.9788055833
0.9740925951
0.9736623527
0.9882114368
0.9775541021
0.9722305463
0.9855344186
0.9913264727
0.9908322978
0.9884559149
0.9896312087
0.9957310475
1.0017348869
0.9989252212
0.9857620060
0.9784492718
0.9803172776
0.9902206933
0.9987840330
0.9939479480
0.9718810210
0.9617831402
0.9403241433
0.9454653370
0.9473624780
0.9362262380
0.9375037301
0.9543927286
0.9673903071
0.9721232470
0.9735738546
0.9794645867
0.9861751995
0.9911975583
0.9975085910
0.9924942791
0.9857262139
0.9926780749
1.0152071131
1.0180204157
1.0050040215
1.0031438750
0.9969803975
0.9991114664
0.9818293572
0.9708773043
0.9741145827
0.9783230924
0.9824235098
0.9829705190
0.9879287349
0.9833718538
0.9764501513
0.9835133586
0.9796001063
0.9568147553
0.9260730721
0.8913370870
0.8406128322
0.7797917377
0.7255847534
0.6929639812
0.6757426566
0.7020989998
0.7822706957
0.8632425728
0.9315673111
0.9695766933
0.9869190958
0.9934807477
0.9988354396
0.9979211817
0.9977000326
1.0061761345
1.0009804619
0.9797276711
0.9698222196
0.9647621636
0.9778817626
0.9729273070
0.9850164435
0.9979548128
0.9957966280
1.0027797472
0.9996757667
0.9963745859
0.9906973515
0.9751519065
0.9671125187
0.9656688644
0.9619091181
0.9557664526
0.9530435484
0.9511644388
0.9398288608
0.9332825239
0.9535193536
0.9613329113
0.9678301077
0.9799206968
0.9738288214
0.9690542676
0.9762051968
0.9848273771
0.9865121701
0.9916722952
0.9950051740
0.9850739500
0.9963729244
0.9987339191
0.9793262400
0.9658216437
0.9702717395
0.9785582111
0.9783110298
0.9705604936
0.9686787891
0.9849455113
0.9924292098
1.0050155211
0.9837785138
0.9827780141
0.9889629122
0.9820761192
0.9777379404
0.9774417053
0.9716447645
0.9642985700
0.9542135953
0.9498715844
0.9489119464
0.9528369351
0.9563187807
0.9542601359
0.9548207608
0.9648607787
0.9828365982
0.9898243270
0.9915238321
0.9903809097
0.9904044257
0.9992207181
0.9723564930
0.9721395574
0.9733235888
0.9688037442
0.9583746289
0.9700065459
0.9730315354
0.9645858015
0.9716367447
0.9751280831
0.9672662418
0.9675719744
0.9719933182
0.9758004528
0.9822927650
0.9734145865
0.9718689858
0.9671842898
0.9749931299
0.9801685945
0.9722917412
0.9819515127
0.9763348983
0.9836697321
0.9782884789
0.9815647025
0.9975581509
1.0048959687
0.9957182561
0.9848299265
0.9782260596
0.9886625495
1.0126878729
1.0146133046
0.9988191458
0.9904567983
0.9947615989
0.9909772142
0.9819100498
0.9876623291
0.9913487679
1.0071242787
1.0085970844
1.0021856171
0.9903462460
1.0022337180
1.0133534167
1.0085646646
0.9995203543
0.9937200576
0.9847442811
0.9716422208
0.9673617138
0.9769548216
0.9874787204
0.9919307234
0.9874546438
0.9756747865
0.9708300179
0.9801535116
0.9983415361
0.9986155737
1.0064771204
1.0004056857
0.9814196978
0.9784049260
0.9767475817
0.9824142759
0.9877197656
0.9832662261
0.9766533223
0.9773205191
0.9834717382
0.9852940250
0.9791567887
0.9790344428
0.9888290954
0.9936049249
0.9992802614
0.9964584835
0.9999833561
0.9959693372
0.9933500911
0.9983110099
0.9996415800
0.9821869426
0.9680799250
0.9734169055
0.9817750572
0.9784079856
0.9743311193
0.9802696408
0.9896948374
0.9929192358
0.9934212045
0.9983648730
0.9865868196
0.9719346613
0.9736394881
0.9731352555
0.9865655986
1.0120854591
1.0058572997
0.9987047214
0.9896744627
0.9880172803
0.9850851165
0.9870317988
0.9895010090
0.9909202506
0.9822037648
0.9732685079
0.9736492984
0.9812064943
