#flux
0.9719608396
1.0376200925
1.0259602885
0.9654005074
0.9387504055
0.9314536720
0.9308911140
0.9654945582
1.0006331206
0.9712370970
0.9815843115
1.0443195198
1.0154052006
1.0778585810
1.0757918938
0.9903805801
0.9562150388
1.0061692937
1.0339029623
1.0230921142
1.0181629032
0.9800076667
0.9342091572
0.9489852548
0.9902346498
1.0115198759
0.9728991030
0.9461339288
1.0094073617
1.0130958027
1.0190068533
1.0282131185
1.0920549913
1.0222061599
0.9861254963
0.9838588896
0.9794749153
1.0217745027
1.0153693144
0.9842672185
1.0099030838
1.0112392399
0.9621885246
0.9270389638
0.9023112650
0.9072757910
0.9567521987
0.9901928011
0.9506205684
0.9388625009
0.9525238644
0.9687914788
0.9549938197
0.8889283743
0.8658689538
0.9004760967
0.9494591909
1.0165722271
1.0229056410
0.9966377007
0.9504809192
0.9381233724
0.9443002661
0.9105103694
0.8833794877
0.9056680591
0.9262407046
0.9089342845
0.9344757140
0.9937834734
0.9982995413
0.9453065022
0.8721318721
0.8702815217
0.9478184172
1.0050619097
1.0072464685
1.0500204069
1.0746609708
1.0120993770
0.9118301775
0.8709134462
0.9224821781
0.9870814632
0.9949203697
0.9871334008
0.9834114754
0.9494178909
0.9324346020
0.9345117156
0.9396972421
1.0156554120
0.9568652001
0.8723579705
0.8925364323
0.9610194781
0.9786335235
0.9665615271
0.9758192992
0.9290615987
0.8992927469
0.8838891187
0.8670823687
0.9111670602
1.0003917781
1.0478823653
1.0504501921
1.0401467759
0.9848616806
0.9768875704
0.9928901706
1.0050360101
0.9648294374
1.0033638769
1.0284471493
0.9889675807
0.9585032276
0.9748264982
0.9712429850
0.9572723882
0.9355238441
0.9304604225
0.9436984030
0.9582213862
0.9610206845
0.9561228311
0.9825185131
1.0159038871
0.9879797413
0.9759841932
1.0070401062
0.9376819637
0.9082545109
0.9500974095
1.0118559113
1.0286672342
0.9971685140
0.9648993866
0.9576666010
0.9305965844
0.9332711843
0.9264692416
0.8916029006
0.8418948224
0.8340524791
0.9043476435
0.9377202545
0.9022642223
0.8838055139
0.8857807120
0.8932938419
1.0235775398
1.0678797192
0.9627800532
0.9581527405
0.9036051792
0.8480607537
0.8526126221
0.8579837595
0.8512446681
0.8637004250
0.9083217892
0.9379322574
0.9260144304
0.9052068205
0.8911820581
0.8543823954
0.7967914222
0.7834666299
0.8212029559
0.8218106017
0.8134130181
0.8577306834
0.8185314643
0.7552766290
0.7786310927
0.7980534118
0.8022748259
0.8115791838
0.8195502193
0.8066037786
0.7594851467
0.7340179941
0.7437613881
0.7453920427
0.7182507587
0.6922830217
0.7159193945
0.7425012830
0.7531215466
0.7591104360
0.7562653300
0.7570111375
0.7599662947
0.7656642982
0.7803540016
0.8316856776
0.7745580459
0.7423818850
0.7345968029
0.6929157869
0.6361194937
0.5842690756
0.5303248982
0.4918132037
0.4610501387
0.3893119822
0.3243453933
0.3382600154
0.2996722809
0.2528620300
0.2819281722
0.2941374379
0.2070162552
0.1901917299
0.2074663199
0.2172057821
0.2458059492
0.2956457571
0.3370544197
0.3520321253
0.3613907785
0.4132979364
0.5175239081
0.6089058529
0.6453929163
0.6830514566
0.7359897135
0.7214196373
0.7117893157
0.7766308178
0.8145608167
0.8309721010
0.8152220055
0.7841607413
0.7935769424
0.8088055125
0.8045995449
0.8219898109
0.8334528295
0.8222540028
0.8146733887
0.8135819597
0.8045927785
0.8127801924
0.8656147557
0.9189351785
0.9093390088
0.8738662354
0.8909249305
0.8824178030
0.8285766042
0.8575612729
0.8911563154
0.8699961662
0.8600952268
0.9161311690
0.9397201059
0.8798382766
0.8643384779
0.8877209734
0.9103159241
0.9330777724
0.9124937507
0.8546811325
0.8223181443
0.8324456231
0.8656710230
0.8937658521
0.9018318980
0.9012498094
0.9110519658
0.9331817449
1.0221869930
0.9600077784
0.9281828226
0.8947029787
0.9613992727
0.9686374477
0.9433813824
0.9466587003
0.9227146910
0.8850183603
0.9192932502
0.9763627254
0.9977023950
1.0049643471
0.9644043626
0.8816824318
0.8655408538
0.9107120044
0.9328632793
0.9172669717
0.8816796018
0.8780726406
1.0145679069
1.0477037946
0.9887560517
1.0010000050
0.9844445824
0.9792489237
0.9486066788
0.9138341899
0.9164967275
0.9378120273
0.9506273376
0.9670046174
0.9964044174
1.0079459405
0.9848102157
0.9763254392
0.9821136372
1.0049167118
0.9854851316
0.9700038656
0.9444740452
0.9152778562
0.9298293663
0.9523121424
0.9163424989
0.9089174855
0.9318478407
0.9498753477
0.9755018278
1.0362644441
1.0554923469
0.9997273383
0.9585689122
0.9556490131
0.9831108048
1.0306885508
1.0531087556
1.0342567355
0.9550434788
0.9891240669
0.9566744103
0.9718468769
0.9564350027
0.9656513430
1.0018616504
1.0351558310
1.0340257762
0.9916435139
0.9544570714
0.9442472748
0.9377512713
0.9412412486
0.9728685911
0.9941980775
0.9674481468
0.9069028621
0.8468181083
0.8566077134
0.9408459306
1.0096776811
0.9728581614
0.9184458928
0.9677564253
1.0012345620
1.0806866051
1.0486076695
0.9575905437
0.9523038954
0.9922676306
1.0113292494
1.0360939196
1.0569856534
1.0198744606
0.9744147157
0.9951742414
0.9948324970
0.9565814277
1.0125114682
1.0006570938
0.9196454924
0.9938101283
0.9957267546
0.8890723550
0.9042089511
0.9843427183
0.9593037150
0.9019299986
0.9249013393
0.9680425740
0.9846035053
0.9332485371
0.8911077882
0.9265232345
0.9582010545
0.9886598573
0.9780633136
0.9402806082
0.9380741719
0.9527481297
0.9269717106
0.9184982686
0.9694631913
0.9747858750
0.9062262388
0.8839032086
0.9695612949
0.9509147420
0.9363509799
0.9765330963
1.0137171707
1.0270439145
1.0110527562
0.9787495502
0.9890225594
1.0055835150
0.9440558905
0.9735242870
0.9643887259
0.9953498696
0.9779650778
0.9055628753
0.9176156652
0.9218402241
0.9068651330
0.9063502074
0.9402364240
0.9841828867
0.9669728314
0.9395566498
0.9796079383
1.0265519639
1.0616440679
1.0643952719
1.0070132183
0.9707044468
0.9268270989
0.9299899097
0.9648254526
0.9843878385
0.9859760515
0.9767718114
0.9863613983
1.0164805017
0.9924045662
1.0622234265
1.0546168974
1.0461382900
1.0516613699
1.0460247184
1.0008621739
0.9957920879
1.0306096107
1.0152556028
0.9826349765
0.9820406639
0.9568277120
0.9666528418
1.0415969729
1.0264379307
1.0369544779
0.9858962810
0.9614140211
1.0140795404
1.0114368245
1.0226572453
1.0219111383
1.0149917992
1.0419589107
1.0720923563
1.0869351627
1.0592978578
0.9894549747
0.9643285995
0.9950645163
0.9989362196
0.9976550737
0.9843723537
0.9751737287
1.0009261944
1.0189232780
1.0652912887
1.0743974604
0.9642105251
0.8973425398
0.9600635420
1.0347015926
1.0060772098
0.9851172020
0.9738323332
0.9396333330
0.9401635234
0.9376682249
0.9051459009
0.9003857531
0.9214647891
0.9514016701
0.9927658132
1.0588544180
1.0962971688
1.0219975312
1.0182250802
0.9853271853
1.0113798324
1.0074780263
0.9845245968
1.0122770543
1.0375382982
1.0535083238
1.0471295254
1.0370365500
1.0343119724
1.0172099185
1.0112250235
1.0569378645
1.0831931361
1.0381362561
1.0144060773
0.9636801257
0.9627423031
0.9454648460
0.9422864354
0.9902547034
1.0320513624
1.0078027742
0.9704497646
0.9525382738
0.9186404275
0.9246954287
0.9995524182
1.0029322077
1.0000061558
1.0417777417
1.0571193643
1.0160481669
0.9846587785
1.0277570836
1.0545117434
0.9624955778
0.8898774732
0.8968395413
0.9486276629
0.9357000569
0.9078924709
0.9805892213
1.0287625531
1.0141440076
1.0477507095
1.1585377423
1.1029626904
1.0109046551
0.9567518246
0.9466373552
0.9596394946
0.9663495067
0.9837142584
0.9999622210
1.0026895981
1.0455842016
1.0817065090
1.0049410179
0.9562817262
1.0665126241
1.0289294923
1.0607413735
1.0493398211
1.0136876601
0.9378807847
0.9386628435
0.9648634730
0.9766865230
0.9558381897
0.9487704963
0.9649141447
0.9722186658
0.9878410169
1.0175649069
1.0164380437
1.0006139215
1.0055507097
1.0062917968
0.9835334151
0.9351118081
0.9980593025
1.0442284142
0.9611784161
0.9784889922
0.9961089204
1.0269916526
1.0360419223
1.0026269195
0.9622678926
0.9388210100
0.9386847779
0.9568646127
0.9708057047
0.9680536579
0.9577563089
0.9461317794
0.9501547450
0.9782565059
0.9794530227
0.9408875489
1.0312477543
0.9654157052
0.9360162485
0.9259830829
0.9518199983
1.0054327026
0.9960176488
0.9519831653
0.9533291923
0.9695166364
0.9590752344
0.9603569047
0.9690590752
0.9740827344
1.0242388762
1.0652862928
1.0856221976
1.0242292369
1.0005032829
1.0254183049
0.9637350370
0.8708781921
0.8907195435
0.9452426683
0.9476322135
0.9535528460
0.9861571865
1.0246669259
1.0334025927
0.9953375695
0.9400702423
0.9306665283
0.9632777840
0.9753443764
0.9623903392
0.9564519029
0.9786782027
1.0353201886
1.0372279756
1.0200573751
1.0151315573
0.9934793094
0.9933506933
1.0165796017
0.9985754532
0.9570709545
0.9481902599
0.9492910977
0.9485266490
0.9601958947
0.9588727603
0.9583694231
0.9828502193
1.0128159307
1.0193996310
0.9844040491
0.9753008447
1.0109086045
1.0409371848
1.0525174873
1.0447890049
1.0131305501
0.9830936994
0.9977171598
1.0703354161
1.0736767437
1.0686720930
1.0001254370
0.9493663877
0.9543546453
0.9618332844
0.9709179086
1.0120049896
1.0512793071
1.0329988401
1.0049056321
1.0646165455
1.0784744740
1.0212839798
0.9549463729
0.9242766477
0.9623390551
0.9517519613
0.9714693902
0.9798875456
0.9664930327
0.9542704114
0.9829511265
1.0106178745
1.0408303195
1.0241616496
1.0057750955
0.9990585286
0.9614259626
0.9502835461
0.9874092905
1.0129455951
0.9829215655
0.9559077784
0.9617511254
0.9531559701
0.9489288437
0.9585383376
0.9714237934
1.0451791076
1.0378253391
0.9984004936
0.9390563325
0.9085990739
0.9432432328
0.9240972598
0.8811547193
0.9134201228
0.9361387167
0.9226588623
0.9505759890
0.8896571256
0.7889734938
0.7937765417
0.8455685609
0.8212674121
0.8458553468
0.9633658994
0.9295802846
0.9339074021
0.9175269558
0.9593075461
0.9417075813
0.9327828772
0.9123362293
0.9182572708
0.9183805575
0.8939887830
0.8575894128
0.8036510184
0.7719460362
0.7824176509
0.8573994734
0.9104861487
0.9350576041
0.9056189375
0.9091113393
0.9543809163
0.9059457207
0.9067865420
0.8984787268
0.9314925666
0.9431899286
0.9604930267
1.0065204965
1.0050022747
0.9870860561
0.9527723126
0.9220719653
0.9266138387
0.9041868999
0.9156575346
0.9756899665
0.9435547930
0.9482506165
0.9117278474
0.9644059296
1.0212519283
0.9921927843
0.9970318288
0.9664775480
0.9279949999
0.9318484404
0.9487842785
0.9953328506
0.9565514607
0.9028131166
0.8903116867
0.9153766728
0.9446279327
0.9150636250
0.9171022983
0.9572511072
0.9410501602
0.9950416813
0.9928975184
0.9546023602
0.9547995585
0.9679663438
0.9949772857
1.0380598985
1.0522436573
1.0377757823
0.9988588910
0.9619541453
0.9745309017
0.9707687515
0.9565980690
0.9264635520
0.8823904719
0.9132677877
0.9572868587
0.9221626615
0.9319043761
0.9503423678
1.0343591959
0.9958183167
1.0060890941
0.9728550723
0.9748859110
0.9906344356
0.9500141736
0.9098960864
0.9071144563
0.9313841752
0.9525274633
0.9652117489
0.9842802071
0.9967543672
0.9868133402
0.9757040273
0.9685561502
0.9561913759
0.9748357200
0.9363939227
0.8879856122
1.0287105545
1.0607679054
1.0269427475
0.9845184221
0.9570300596
0.9720891025
0.9957629069
1.0188756421
1.0603045592
1.0917393391
1.0428611702
1.0053911323
1.0382089745
1.0453411447
1.0114876517
1.0024268106
0.9783934356
0.9550564434
0.9855490511
1.0084763901
1.0148213484
0.9973630773
1.0411458323
1.0036480166
0.8667623166
0.9121877353
0.9402925822
0.9479047982
0.9351983494
0.9240225552
0.9101102172
0.8996884332
0.9484878489
1.0558029316
1.0935782086
1.0512958689
1.0789121290
1.0621911689
0.9609338226
0.9336877667
0.9667509138
0.9404055306
0.9333660577
1.0123536290
1.0154980430
0.9404799561
0.9269088138
0.9826057347
1.0087603272
0.9644134938
0.9414291465
0.9618475569
1.0078978754
1.0513435765
1.0367470300
0.9864522763
0.9706631457
0.9700460180
1.0117128939
1.0148102173
0.9853458001
0.9526047011
0.9591559476
0.9390710640
0.9425663274
0.9853663227
1.0049650767
0.9331148499
0.8716935383
0.9493059715
1.0331077601
1.0486466611
1.0254789137
0.9679165444
0.9288614519
0.9869225835
1.0785949330
1.0943488352
1.0626919650
1.0557862064
1.0419528214
0.9890145220
1.0048784713
0.9951561468
1.0585309986
1.0464394548
0.9950670870
0.9730868345
0.9508410021
0.9502287886
0.9208875319
0.9002577195
0.9077581663
0.9531899426
0.9861299354
0.9807920797
1.0278434709
1.0538856994
1.0022602779
0.9812136504
1.0500619670
0.9980782096
0.9897686807
0.9524103022
0.9605628658
0.9920255545
1.0051854137
1.0006003699
0.9802754466
1.0009121312
1.0134466809
0.9668246281
0.9312253599
0.9402607268
0.9673383146
0.9819824033
0.9787611669
0.9977668013
0.9736167405
0.9579485546
0.9996345720
0.9924972244
0.9855094093
1.0105117162
1.0296717621
1.0132109194
1.0734261404
1.0276891559
0.9921322690
0.9532575448
0.9963423628
1.0140992091
0.9709736128
0.9235141051
0.9370485209
0.9895220113
0.9969681442
0.9978035199
0.9893903942
0.9811086240
0.9796378949
0.9524576387
0.9540074846
0.9556596647
0.8997099865
0.9106383358
0.9440834991
0.9518248397
1.0049678529
1.0106124448
0.9319570939
0.9426474820
1.0484531522
1.0798629275
1.0403510638
1.0415671329
1.0528807057
1.0287234483
1.0209931138
1.0311054063
1.0520872992
1.0063474460
1.0032456392
1.0069617171
1.0173371671
0.9870416941
0.9595300575
0.9441324949
0.9602070135
0.9608375210
0.9320737524
0.9795050767
1.0068588737
0.9679815834
0.9660799099
1.0252808636
1.0892739341
1.1264136557
1.1065146300
1.0596687983
1.0278518014
0.9913236656
1.0111576101
1.0105169513
1.0082058456
1.0365622714
0.9944525371
0.9906814182
1.0077077212
1.0284624766
1.0470296268
1.0026198930
0.9247908911
0.8934005180
0.9283000510
0.9805420337
0.9938599195
0.9949985255
1.0519433933
1.0760351527
0.9909616539
0.9520134073
0.9971540964
1.0026289744
1.0300812040
1.0507152222
1.0263911205
1.0246176571
0.9781904650
0.9810401370
0.9586310124
0.9554800057
0.9872151144
1.0645488164
1.0890653230
1.0322618168
1.0227828083
1.0556259600
0.9934702589
0.8652583139
0.9472242476
1.0470386157
0.9844178587
0.9619658229
1.0434503624
0.9929773350
1.0211659947
1.0216592192
0.9366495055
0.9138063541
0.9405772534
0.9532608841
0.9733055767
0.9501381831
0.8834200333
0.8579499927
0.9265660339
0.9969144023
0.9375728169
0.9033474780
0.9638111700
0.9891458402
0.9928136909
0.9672226218
0.9372846665
0.9545864867
0.9692936283
1.0142265791
1.0615042740
1.0304011678
1.0061947206
1.0365688688
1.0249146192
0.9746214142
0.9666693340
0.9846016483
0.9808788582
0.9782025484
0.9953761362
1.0150761497
1.0188751839
1.0273268188
1.0417384093
1.0514994425
1.0727905851
1.0081546268
0.9687787989
0.9683325967
0.9570348572
0.8932539426
0.9073511690
0.9436337656
0.9287452616
0.9589364870
1.0387794791
1.0437459178
0.9879565297
0.9328992651
0.8948047542
0.9643403092
0.9630250538
0.9647729922
1.0260065763
1.1247849144
0.9413711719
0.9083970759
0.9828349719
0.9635697978
0.9978153617
1.0046556768
0.9713621845
0.9287062639
0.9106805489
0.9765090431
1.0176166504
1.0148538404
1.0035092931
0.9645855967
0.9607617430
0.9900120436
1.0098144632
0.9951010449
0.9984482158
0.9331016474
0.9069019898
1.0127903577
0.9867480046
0.9258948608
0.8823050262
0.9302930630
0.9702444325
0.9586137150
0.9790707952
1.0268205691
1.0276326895
0.9664492280
0.9350807219
0.9615280692
0.9943522006
1.0405328968
1.0203232683
0.9902493503
0.9527863525
0.9823210904
0.9452297535
0.9732937835
1.0503854602
1.0490533350
1.0626013945
1.0997463366
1.0864070982
1.0268829070
1.0448782539
1.0230655865
0.9464287566
0.9383846129
0.9552210813
0.9155019920
0.9194042297
0.9838236520
0.9540525373
0.9173397870
0.9588600518
0.9646260319
0.9221001145
1.0354840407
1.1440778940
1.0445338525
0.9291643684
0.9760046844
0.9932556986
0.9535725784
1.0059771188
1.0961109034
1.0800686049
0.9919082176
0.9507310462
0.9793534402
1.0506448103
1.1250109947
1.1208630243
1.0757478604
1.0435343166
0.9937295789
1.0329721002
1.0957131184
1.0664271975
0.9945160609
1.0054404657
1.0108277622
0.9968481069
1.0207846819
1.0075113419
0.9789629025
0.9799946666
0.9755685897
0.9584652267
0.9660915628
1.0247617881
1.0885308792
1.0427212654
0.9746338401
0.9773572005
0.9649885248
0.9756122575
1.0215173948
0.9690426658
0.9254836187
0.9602609314
1.0255577930
1.0449652065
1.0184927457
1.0047242540
1.0124952109
1.0124931969
1.0005479401
0.9925264423
0.9766039902
0.9369805372
0.9100681515
0.9427014550
1.0070763556
1.0229899573
0.9817979900
0.9484372224
0.9656548965
0.9938611867
0.9687949124
0.9510466800
0.9462148984
0.9676485527
0.9805371568
0.9809325681
0.9763951393
0.9822505920
0.9895475035
0.9985929864
1.0387536100
1.0831804308
1.0710622432
1.0274915550
0.9979115302
1.0101537144
1.0270365471
1.0309664535
0.9399319049
0.9290598232
0.9527190642
0.9486388579
0.9115445812
0.9072959407
0.9419483022
0.9563047366
0.9156668226
0.9239296326
0.9533122071
0.9586506986
0.9677496807
0.9861773938
0.9842516640
0.9435573550
0.9091892676
0.9541007596
1.0450779854
1.0642910963
1.0002752285
0.9382085513
0.9950757344
0.9826096101
0.9668245594
0.9525047151
0.9508688264
0.9650259325
0.9821237085
0.9834356018
0.9939812748
1.0216212499
1.0004814335
0.9589171982
0.9971206963
1.0686144833
1.0988701584
1.0909906546
1.0804641081
1.0038257499
1.0002519681
1.0648212395
1.0156165782
1.0006486076
1.0271554008
0.9579668264
0.9218325173
1.0300219390
1.0830515132
1.0773809310
1.0703287920
1.0569586327
1.0032587533
0.9420128160
0.9567378834
1.0100964433
1.0110530082
1.0214205292
0.9776215159
0.9674585132
1.0265935299
1.0741343276
0.9561575831
0.8422096901
0.8796168525
0.8899014533
1.0141012329
1.0162540225
0.9331055076
0.9444686550
1.0176235969
1.0350784342
0.9944833924
0.9791656378
1.0188113064
1.0678652676
1.0783847126
1.0251936703
0.9918582788
0.9695041662
0.9909169336
0.9724071422
0.9754929174
1.0295752305
1.0430381145
1.0200845883
0.9342913418
0.9445985030
0.9709647072
0.9878067775
1.0108710191
1.0355038233
1.0273142863
0.9814434078
0.9429682586
0.9404744538
0.9658645516
1.0150347560
1.0557357696
1.0044928514
0.9875183770
1.1001670721
1.0897084447
1.0207950754
0.9978339951
0.9537986631
0.9662208655
0.9668822809
1.0265503091
1.0732267777
1.0476721653
1.0255023063
1.0234971802
1.0025053818
1.0376889598
1.1117952461
1.0740161531
1.0099775968
0.9064420065
0.9147876350
0.9347697537
0.9653558917
0.9529512357
1.0210342402
1.0195143869
0.9865510791
0.9424003726
1.0082382013
1.0181554895
0.9929450450
0.9357492441
0.9389261618
0.9909558620
0.9929281321
0.9566786375
0.9434259836
0.9273084352
0.9127609751
1.0037859994
1.0013510757
0.9706413046
1.0023452896
0.9470654893
1.0507966292
1.0289280617
0.9655575142
0.9900836244
0.9817475113
0.9328691385
0.9098216900
0.9128553133
0.8951107285
0.9093543131
0.9452509154
0.9285414664
0.8999560026
0.9624785192
1.0769496222
1.0351576519
0.8987399756
0.8877703403
0.9423680111
1.0089446977
1.0629410465
1.0175202641
0.9341617361
0.9599288339
0.9587400975
0.8769470917
0.8842248733
0.9309263806
0.9706209722
0.9593863845
0.9477561596
0.9547923988
0.9590722147
1.0001873520
1.0270686776
1.0259336310
1.0096200018
0.9596390960
0.9485290330
0.9957148121
0.9515735518
0.9704548627
0.9371290440
0.9900647801
1.0117910110
1.0095057827
0.9957196063
0.9806645393
0.9654800983
0.9774773720
0.9909207824
0.9764798879
0.9482768120
0.9214340961
0.9236578663
0.9528319167
0.9592265597
0.9689180167
0.9488677085
0.9168188789
0.9377312584
0.9423163042
1.0095065167
1.0644201344
1.0600461678
1.0666443713
0.9818994434
0.9277005443
0.9356409735
0.9638499611
1.0024209042
0.9951078448
0.9640404801
0.9739999724
0.9583768897
0.9507460800
0.9842431651
1.0008353342
0.9429196596
0.8869206365
1.0150240624
1.0419112544
0.9820727337
0.9471530342
0.9942939087
0.9649477558
0.9262588510
0.9541976438
0.9953867459
1.0206793054
1.0015910955
0.9723728063
1.0261654222
1.0818054355
1.0269090424
1.0128003553
1.0225885983
0.9961946611
0.9631006043
1.0056842681
1.0147701363
1.0187051709
1.0259751655
1.0176582691
1.0263308314
1.0109632954
1.0001162211
0.9906197721
0.9326412413
0.9194224445
1.0011618057
1.0557582354
1.0459124248
1.0111763998
0.9465483151
0.9397323028
0.9642577996
0.9601789428
0.9870146501
1.0124816486
1.0283651825
1.0373285658
1.0352569395
1.0319454087
1.0324224513
1.0930669163
1.0997175830
1.0602201063
0.9765473790
0.8794089565
0.9051598425
1.0176535982
1.0384644866
0.9884264168
0.9920227171
0.9749517691
0.8939678174
0.9138813654
0.9496807688
0.9335194423
0.9709607475
0.9708511925
0.9029571264
0.9001277299
0.9197317770
0.9543551473
0.9752730490
0.9728329863
0.9949510607
0.9451823502
0.9031558694
0.9330446165
0.9441189219
0.9254609786
0.9493941512
0.9715625248
0.9330572289
0.9366938648
1.0024749219
0.9910860659
0.9893608432
1.0928540537
1.0955757332
0.9807580447
1.0787769908
1.1104629718
1.0457906307
1.0453520612
1.0000883313
0.9677874672
0.9552602492
0.9253090820
0.8910225927
0.8492112867
0.8058005120
0.8061369421
0.8450560332
0.8944236222
0.9118883278
0.9275094935
0.9854538166
0.9845898267
0.9612053797
0.9193460011
0.9937140051
0.9910171439
0.9405103322
0.9269645807
0.9878586559
0.9632583748
0.9187455268
0.9064523381
0.9149184168
0.9207124960
0.9253909541
0.9930606808
1.0661854487
1.0782339361
1.0483489266
0.9744604214
0.8867722430
0.8873450304
0.9593004353
0.9205232630
0.9042106405
0.9741389260
1.0079840248
0.9782160295
0.9838549243
0.9205081039
0.9072968566
0.9461432386
0.9629029989
0.9779140747
1.0039817505
1.0215889675
0.9991923212
0.9487998408
0.9648405235
0.9751728785
0.9860632476
0.9247165083
0.9005732720
0.9521327941
1.0400453689
1.0730133882
1.0752828089
1.0133254241
0.9553346689
0.9623896636
1.0114548960
1.0424107739
1.0274838093
0.9982693719
0.9693101507
0.9590589846
1.0100851447
1.0265673030
0.9804169048
0.9164959544
1.0317138094
1.0552861001
1.0183975980
1.0176012088
1.0111033965
0.9675249098
0.9583988489
0.9225987312
0.8653136256
0.8928918733
0.9582491121
0.9701237055
0.9762123186
0.9912628099
0.9730630720
0.9715632381
1.0004785490
0.9594262716
0.8693462845
0.8578240036
0.8800325595
0.9462540392
1.0248905546
1.0088696099
0.9324150708
0.9183418402
0.9120888446
0.8836010262
0.8769259692
0.9477732089
0.9980452011
0.9522887478
0.9008359391
0.9074504788
0.9412182490
0.9736925366
0.9816913545
0.9960406936
1.0517521085
0.9752230382
0.9941261530
1.0096831694
0.9735222132
0.9505567524
1.0443606970
1.0608490521
1.0267982807
1.0109691128
1.0206620437
1.0724270065
1.0689945346
0.9789692369
0.9717122256
0.9997991182
0.9958094010
1.0216852131
1.0120945301
1.0042957857
1.0222022614
0.9737449707
0.8908575423
1.0151845490
1.0883486973
1.0296820390
0.9205745369
0.9572842072
0.9735131394
0.9579245018
0.9602436146
0.9631169025
0.9505529218
0.9473911474
0.9741427112
0.9874510425
0.9376822217
0.8914858595
0.9259894929
0.9886839539
1.0379968210
0.9872038320
0.9710866461
0.9842755158
0.9249811445
0.9337119490
0.9698066547
1.0208023716
1.0406304089
0.9585385473
0.9683550915
0.9871117219
0.9818369978
0.9753332628
0.9866368072
0.9587529961
0.9573731836
1.0334721821
1.0388866652
0.9735422570
0.9640639916
0.9366334490
0.8878372256
0.9496965912
0.9662522072
0.9511425821
0.9210260151
0.8511964865
0.9526819808
0.9228897723
0.9138713961
1.0181909221
1.0452681672
0.9837356008
0.9872998031
1.0170012045
0.9960870929
0.9846815688
1.0125139721
1.0191274129
0.9890317731
1.0030848044
1.0184550449
1.0462237374
1.0461611005
1.0682858422
1.0821969360
1.0393603948
0.9920135099
1.0280721922
1.0171155242
1.0160478971
1.0013140158
0.9738741993
0.9163327923
0.8858034532
0.9082921101
0.9547387443
0.9953321986
0.9899360725
0.9844360238
1.0095135108
0.9813884523
0.9670190252
0.9909332806
1.0015022691
1.0374550954
1.0242488903
1.0361983972
1.0412447736
0.9904768238
0.9501911449
0.9643165868
0.9730887287
0.9780731000
0.9773597114
0.9701209900
0.9725398729
0.9682938747
0.9499331184
0.9724524524
1.0382372375
1.0094873507
0.9363659000
0.9269662969
1.0053651664
1.0630222584
0.9790334865
1.0291383978
1.0388751724
1.0136525813
0.9618085681
0.9360865813
0.9210726297
0.9352377476
0.9442041800
0.9275190022
0.9510278315
0.9683810395
0.9334779969
0.9572096202
0.9516287723
1.0120354997
1.0215703583
1.0833543388
0.9547725309
0.9200926408
0.9911897446
1.0028042724
1.0119317650
1.0371015171
1.0458834498
1.0649033522
1.0240357854
1.0120972196
1.0104314483
1.0050591872
1.0166440875
1.0148499838
0.9925855353
0.9687009959
0.9454657157
0.9457157363
1.0735645808
1.0741669210
0.9498289478
0.9984670226
0.9541954718
1.0140944376
0.9791749178
0.9248686825
0.9428154680
0.9321845203
0.9522845799
0.9851881229
0.9852842195
0.9563967308
0.9340625556
0.9693565653
1.0260812040
1.0140450537
0.9799946472
0.9422029949
0.9450897725
0.9526990531
0.9663283865
0.9721481556
0.9677519523
1.1084993199
1.0562819548
1.0313432562
1.0138597058
0.9295709727
0.9084181872
0.9171830072
0.9742217559
1.0491181499
1.0121040609
0.9398817812
0.9895054436
1.0301214398
0.9382267657
0.8684800841
0.8832165335
0.9394516040
0.9715958756
0.9594956671
0.9678033510
1.0615367319
1.0224310810
0.9664322757
1.0291639835
1.1187815703
1.0980394850
1.0658440691
1.0653504667
1.0326074106
1.0182681220
1.0323387130
0.9789584558
0.9141449984
0.9249377483
0.9337571114
0.9983990910
0.9513159960
0.8388998261
0.8150424256
0.7933673349
0.7390139505
0.7412981403
0.7676661403
0.8470832551
0.8943146702
0.8916357982
0.9033844382
0.9451281710
0.9784021407
1.0020726576
0.9980850066
0.9527548791
0.9198523945
0.9333228984
0.9939372384
1.0562607034
1.0565104124
1.0454819178
1.0129322287
0.9093352874
0.9549619141
0.9641738437
0.9783989726
1.0246861461
1.0465633715
0.9314863411
0.9088415819
0.9435309159
0.9280573108
0.9511145907
0.9959895474
0.9829167595
0.9819157912
0.9876131456
0.9563648282
1.0009035513
1.0026607821
0.9153253239
0.9386670324
0.9590610449
0.9602999854
1.0193392721
1.0046881592
0.9846534643
1.0164825326
0.9782180103
0.9609012464
0.9222905763
0.9216622554
0.9532134218
0.9515071596
0.9470002822
0.9742059400
0.9948437047
0.9778601930
0.9625573240
0.9824853383
0.9616740727
0.9863510690
1.0159182594
0.9478212818
0.9605102543
0.9911149014
1.0805529784
1.0523567938
1.0475491912
1.0634445823
1.0331819085
1.0366623521
1.0941787780
1.0798207148
0.9723104191
0.9305174659
0.9686040596
0.9483073860
0.9892377672
1.0426496056
1.0530545235
1.0711328827
1.1006741436
1.0205394829
0.9904286373
1.0109084791
1.0289527545
1.0489087795
1.0827098417
1.0713386320
1.0522748970
1.0740017596
1.0573716932
1.0068748211
0.9912040610
1.0064174621
1.0362495501
1.0425819695
0.9841962026
0.9759532750
1.1102756873
1.1087799759
1.0471229645
0.9983203158
0.9728616685
1.0094054539
1.0565635999
0.9945977815
0.9960402361
0.9883160222
1.0222325018
1.0163810028
0.9554289909
0.9552817898
1.0345415116
1.0537948947
0.9676830008
0.9160129513
0.9482560151
1.0127380355
0.9863697626
0.9692078772
0.9879593382
0.9472699043
0.9322502640
0.9847365545
1.0833669890
0.9937565956
1.0010330766
1.0191706883
1.0257316229
0.9818816519
0.9261530362
0.9458248934
0.9824499940
0.9769286566
0.9921178515
1.0042557707
0.9625590485
0.9520177370
0.9297583600
0.9548423873
0.9614859358
0.9657089127
0.9377725233
0.9311859995
0.9621356845
0.9487123156
0.9639377714
1.0115698759
1.0149317669
1.0505492144
1.0182270042
0.9637690401
0.9355700615
0.8873861385
0.8532683450
0.8825156532
0.9764526758
1.0037226810
0.9754451345
0.9896365567
0.9913502260
1.0006974883
1.0314087981
1.0105451415
0.9653861112
1.0131137516
1.0001741289
0.9785378095
0.9683767238
0.9811276418
0.9709032710
0.9656097639
0.9521488310
0.8993240518
0.8862923795
0.9406700287
0.9577899537
0.9435272033
0.9825237487
0.9479788824
0.9037860427
0.9194148856
0.9589269398
0.9173685452
0.9802465380
0.8972495391
0.8502389302
0.8816148197
0.9620404490
0.9937580258
0.9736683260
0.9369112584
0.9420101067
