#flux
0.9864216516
0.9875993743
0.9913878422
0.9873736046
0.9985416154
1.0015897529
0.9951106832
1.0015526076
0.9994587697
0.9708753144
0.9810457547
0.9900682816
0.9674211502
0.9501717719
0.9469460014
0.9458805961
0.9506648548
0.9698016832
0.9931824783
1.0105980999
1.0209185840
1.0143279517
0.9855101718
0.9514037056
0.9422476942
0.9429193384
0.9379545354
0.9357290731
0.9058274718
0.9183911600
0.9237423395
0.9285331742
0.9547006250
0.9772352018
0.9770856483
0.9641323547
0.9526782562
0.9481193910
0.9519934972
0.9447683574
0.9276371311
0.9364791098
0.9574802477
0.9644258951
0.9697101591
0.9798361538
0.9675248546
0.9388222152
0.9516065380
0.9622467530
0.9498148960
0.9455796562
0.9644662562
0.9789305039
0.9751102830
0.9707297503
0.9791862424
0.9963040557
0.9784571931
0.9663734878
0.9849323427
0.9693544545
0.9553362985
0.9547521500
0.9470232200
0.9302008548
0.9138951107
0.9107426956
0.8963359475
0.8845468969
0.8699446536
0.8605790677
0.8741928580
0.8965686126
0.9168881962
0.9472147015
0.9704235471
0.9731535485
0.9742697254
0.9815743619
0.9769408371
0.9554761439
0.9365280022
0.9367577135
0.9497889796
0.9503290334
0.9258577378
0.9080636355
0.9119503877
0.8934500552
0.8780654211
0.8817936837
0.9010263813
0.9262840670
0.9453221566
0.9568730992
0.9719731114
0.9599300365
0.9286030386
0.9061953877
0.8801729435
0.8509736997
0.8506942444
0.8745778024
0.9108506655
0.9570595882
0.9820307493
0.9801418762
0.9704189847
0.9500087673
0.9333505500
0.9105563393
0.9045879645
0.9134784677
0.9264118780
0.9508215674
0.9693081004
0.9705949360
0.9593479564
0.9601134355
0.9537578493
0.9272922337
0.9354856027
0.9745361204
0.9919503102
0.9744660941
0.9543975233
0.9444798098
0.9338750668
0.9192506533
0.9253607722
0.9396950594
0.9442803090
0.9477817001
0.9612603221
0.9688721842
0.9480560206
0.9167241892
0.9059532570
0.9260809830
0.9406571015
0.9369421385
0.9480782196
0.9567829256
0.9438444161
0.9409494010
0.9580511417
0.9344583625
0.9036063447
0.9135360911
0.9381705456
0.9035452877
0.8980188063
0.9265412082
0.9346064660
0.9131203521
0.8932710851
0.8744612146
0.8438843274
0.8434781622
0.8811450319
0.8987050156
0.8916294215
0.8942733730
0.8821297377
0.8760727575
0.8971381198
0.9073995995
0.9157351316
0.9022453765
0.8691774025
0.8878009972
0.9101341494
0.9064297767
0.8829512500
0.8581863047
0.8489168546
0.8582359492
0.8666347714
0.8578939334
0.8543722834
0.8611048445
0.8638651648
0.8670026622
0.8496548293
0.8267262541
0.8139043294
0.8120103406
0.8140850937
0.8020410339
0.7984509783
0.8258999895
0.8003693524
0.7900987417
0.8202141633
0.8431588731
0.8244630780
0.7819147250
0.7515696535
0.7398348047
0.7261878745
0.6979651915
0.6559756394
0.6016285044
0.5365669157
0.4666123868
0.4191594210
0.3781986052
0.3205868192
0.2715851287
0.2567433945
0.2312107902
0.2061932173
0.2072978112
0.2128101826
0.2128603305
0.2200957832
0.2360199602
0.2628016180
0.3000432740
0.3449871973
0.4034894574
0.4663184307
0.5231905752
0.5963395671
0.6667989612
0.6928069127
0.7312550320
0.7847836876
0.8046247206
0.7966456268
0.7869198413
0.7744816486
0.7833711503
0.7940689604
0.8085021444
0.8383224298
0.8408347652
0.8429522440
0.8538816331
0.8622947542
0.8696576655
0.8701757537
0.8630832878
0.8678935650
0.8781742052
0.8715422836
0.8868254848
0.9045908024
0.8981992631
0.8700756653
0.8787233439
0.8964911222
0.8962278107
0.8899322655
0.8769308174
0.8877034567
0.8867220888
0.8845547990
0.8883325402
0.8763945698
0.8615217851
0.8679115858
0.8866543672
0.9108645829
0.9412112877
0.9579146291
0.9403601404
0.9155467949
0.9184934853
0.9244972968
0.9377714010
0.9519611841
0.9399798861
0.9255128655
0.9250746671
0.9322018163
0.9360024770
0.9316995385
0.9387668556
0.9548799304
0.9674674714
0.9606681273
0.9330504369
0.9230257761
0.9364058843
0.9219479162
0.9069708717
0.9223166589
0.9252251508
0.9230146450
0.9451710730
0.9524029142
0.9551113237
0.9718838674
0.9749899352
0.9678929658
0.9560725368
0.9494937963
0.9504546945
0.9444657474
0.9307951607
0.9358465847
0.9606574189
0.9609141167
0.9276887907
0.9248144702
0.9772053511
0.9993921235
0.9907997936
0.9972954466
0.9951808997
0.9606574440
0.9485280836
0.9672824855
0.9620709301
0.9207740687
0.8592356889
0.8124119273
0.7788699618
0.7569775122
0.7578520644
0.7891026251
0.8439363826
0.8982271250
0.9287544042
0.9412108277
0.9600172422
0.9823687060
0.9801077996
0.9754781346
0.9660628295
0.9717218829
0.9726709918
0.9760977699
0.9942251851
1.0060805388
0.9919825206
0.9712961348
0.9633711753
0.9664464856
0.9626910434
0.9394033753
0.9235512604
0.9322611267
0.9345640888
0.9351806495
0.9508965389
0.9541634876
0.9345096188
0.9406089449
0.9578464997
0.9346974265
0.9465829612
0.9569980516
0.9647899201
0.9652790871
0.9623554798
0.9739470803
0.9842718952
0.9787684527
0.9700528519
0.9655385677
0.9674435965
0.9808047967
0.9858418122
0.9624516229
0.9440971164
0.9473271938
0.9476748539
0.9472151332
0.9708386831
0.9919952499
0.9739684353
0.9455384926
0.9328993985
0.9065578590
0.8774941991
0.8453130174
0.8136307942
0.7963210691
0.8305196832
0.8941603322
0.9451829790
0.9775059340
0.9752567969
0.9359606659
0.9218059830
0.9721483379
1.0159519494
1.0308167511
1.0218772517
0.9912831184
0.9828868938
0.9481138925
0.9537617351
0.9821346832
0.9899157101
0.9781140601
0.9713365135
0.9580329779
0.9182209955
0.8928580382
0.8752262523
0.8574103243
0.8753482104
0.8969383667
0.9268246419
0.9828808395
0.9831085951
0.9732969802
0.9700249768
0.9530387801
0.9446130218
0.9289318701
0.8784669074
0.8159138983
0.7816076076
0.8121153698
0.8533759832
0.9026261861
0.9563766037
0.9827079100
0.9816625182
0.9734811343
0.9658849343
0.9693651843
0.9826870606
0.9934665735
1.0004144487
0.9474699397
0.9525207999
0.9686398979
0.9709420676
0.9927183178
1.0006087207
0.9948523199
0.9848541870
0.9739373245
0.9715568625
0.9776568445
0.9702563470
0.9469622110
0.9455064804
0.9741418733
0.9955761533
1.0022667180
1.0045750092
0.9839980561
0.9762214288
0.9807048934
1.0030554234
0.9986087980
0.9818904731
1.0040549123
1.0102663996
0.9991369302
0.9991366201
1.0145444572
1.0065679703
0.9853047238
0.9794857386
0.9792761791
0.9801669370
0.9889026261
0.9869053567
0.9682813266
0.9695360865
0.9892051545
0.9774858871
0.9593242753
0.9880338772
1.0101956975
0.9886332460
1.0035872379
1.0202194330
0.9928712094
0.9705669637
0.9882022942
0.9940023734
0.9864818082
0.9924880643
1.0003094188
0.9960437061
0.9813122595
0.9723120228
0.9843660762
1.0003539954
1.0036564073
0.9951557386
0.9641182698
0.9809181061
0.9689693308
0.9607847537
0.9620037389
0.9866078702
1.0179777643
1.0015000015
0.9770075247
0.9895524717
1.0076114905
0.9926531819
0.9706868273
0.9826879750
1.0052206445
0.9924533969
0.9779181935
0.9943145106
0.9829807935
0.9775572107
0.9872554999
0.9880880293
1.0013715547
1.0099525235
1.0146623529
1.0013111338
0.9655608098
0.9300334052
0.9088734417
0.8961664582
0.9074889501
0.9363137919
0.9564026390
0.9653491410
0.9722141837
0.9772809140
0.9776668764
0.9707620776
0.9613557230
0.9598358303
0.9539726792
0.9543347758
0.9667958906
0.9407151782
0.9187350070
0.9148152287
0.9464604655
0.9712056536
0.9916869807
1.0096842814
1.0112997171
1.0032288062
0.9997474129
1.0006484876
1.0022754885
0.9917493900
0.9782106337
0.9786431046
0.9753565634
0.9785477938
0.9655718691
0.9554208414
0.9793733807
0.9740734846
0.9634744664
0.9893006475
1.0124628660
1.0106378310
0.9960709014
0.9801694457
0.9790658862
0.9803899222
0.9905375639
0.9872596059
0.9770895539
0.9659923738
0.9572367713
0.9746336967
0.9950468760
0.9886383690
0.9896620319
1.0018138037
1.0066257927
1.0129636727
1.0155332559
0.9993194296
0.9814838124
0.9532054795
0.9623065227
0.9932688201
0.9994096561
1.0072447292
0.9985386405
0.9870989924
0.9812111042
0.9854614505
1.0029524366
1.0118105920
1.0020327924
0.9873189933
0.9751500303
0.9593217121
0.9449046888
0.9581500992
0.9863322264
0.9901823439
0.9745449402
0.9722111317
0.9921783644
0.9881339585
0.9662277745
0.9594371910
0.9665605708
0.9595337372
0.9299306864
0.9041970816
0.9035209352
0.9218233681
0.9544270111
0.9951507325
1.0107026818
1.0064438316
1.0114361365
1.0145826367
0.9957710973
0.9621231619
0.9832509499
0.9853657003
0.9736713773
0.9600667909
0.9558007424
0.9740301445
0.9887661210
0.9880700775
0.9889337311
0.9852170632
0.9714023883
0.9626929022
0.9589799814
0.9607515134
0.9837430026
1.0018265493
0.9957932798
0.9896615371
0.9579726670
0.9795970649
0.9806888575
0.9857703570
1.0128932675
1.0165699693
0.9919251152
0.9678963664
0.9594873546
0.9703391727
0.9873838743
0.9960617921
0.9893209195
0.9869523051
1.0010417653
0.9919163507
0.9652685807
0.9824627912
0.9753025365
0.9864258712
0.9952243938
0.9919677633
1.0049985226
1.0103363471
0.9846095021
0.9765723864
0.9989943492
1.0144869062
1.0359185962
1.0383224038
1.0112447813
1.0001580301
1.0060457284
1.0049502639
1.0044190281
1.0099165939
1.0315305364
1.0446885616
1.0208942346
1.0265138867
1.0193777811
0.9992157290
0.9734863248
0.9796365515
1.0039139911
0.9943010432
0.9898320065
1.0045356651
1.0086875950
0.9990921274
0.9944167355
1.0015798485
1.0074682747
1.0094697201
1.0044334339
0.9857429444
0.9770498109
0.9801640695
0.9870204045
1.0036809790
1.0360281271
1.0338247124
0.9974789356
0.9798670189
0.9789279144
0.9819434265
0.9816330036
0.9606142958
0.9477682797
0.9672427882
0.9846219275
0.9933165534
1.0009947214
1.0000790606
0.9749495160
0.9388652228
0.9271663060
0.9038295534
0.8494052531
0.7756686024
0.7025447780
0.6495962091
0.6453053602
0.7119891255
0.8131401514
0.9027789321
0.9734775548
1.0115264997
1.0105095117
0.9917457378
0.9670378656
0.9470978556
0.9479915486
0.9473700855
0.9156769686
0.8496098196
0.7707205832
0.7412048252
0.7495297351
0.7857222425
0.8574061032
0.9402978894
0.9709496399
0.9712462451
0.9812002902
0.9881632067
0.9942395014
0.9984265829
1.0040480160
0.9935808252
0.9763050423
0.9763475852
0.9865933805
0.9874466736
0.9898401705
0.9999866821
0.9912917013
0.9743627108
0.9868545984
0.9940274295
1.0008596677
1.0262576801
0.9961153554
0.9713008364
0.9899942143
0.9839675754
0.9690798416
0.9716892862
0.9758221379
0.9881648041
0.9803539075
0.9728107466
0.9680821266
0.9720519083
0.9943707914
1.0226273099
1.0240616964
0.9786518561
0.9699267791
0.9988912160
1.0109247482
0.9794189119
0.9980210062
1.0097071857
1.0033810289
1.0021021136
0.9938937815
0.9907988311
0.9988877161
1.0027853251
0.9979467977
0.9895079230
0.9813688176
0.9689772410
0.9556817690
0.9513097114
0.9447656907
0.9141859408
0.8785764528
0.8876288683
0.9093170064
0.9566278469
0.9955459232
1.0135583161
1.0111921694
0.9942937517
0.9976595794
0.9994240225
0.9874137667
0.9805685862
0.9768982792
0.9890863621
1.0023844961
0.9822017979
0.9582261863
0.9607463004
0.9557097801
0.9481516420
0.9726400182
0.9844485711
0.9765505557
0.9552902886
0.9671880269
0.9642231525
0.9462592075
0.9703204253
0.9951812689
0.9803266937
0.9741386782
0.9720577386
0.9644462315
0.9614048655
0.9722856649
0.9953712013
1.0008989170
0.9826657414
0.9812253934
1.0090348903
1.0312219977
1.0214748832
1.0014824014
1.0247788499
1.0370311516
1.0234711914
1.0225133880
0.9976207402
0.9387880989
0.9217901803
0.9577824966
1.0017569937
1.0089469787
0.9972108051
0.9984705670
0.9975726616
0.9916152221
0.9870336932
0.9735535884
0.9680958912
0.9936314027
1.0214571265
1.0200208333
0.9931742715
0.9915136421
1.0147547097
1.0009794915
0.9865176911
0.9901544175
0.9678242233
0.9720806497
1.0058161043
1.0184744002
1.0128838216
1.0150236855
1.0290301101
1.0428911618
1.0530060724
1.0499351570
1.0178314632
0.9821934514
0.9850767118
0.9982122805
0.9839903803
0.9926934177
1.0114847065
0.9814789014
0.9649643465
0.9889064626
1.0006557678
1.0243222381
1.0268010643
1.0006573248
0.9935103556
1.0140303288
1.0331704374
1.0269930410
0.9977315757
0.9725527828
0.9690165371
0.9814276042
1.0095026145
1.0258633843
1.0010664473
0.9901642955
1.0068192304
0.9749834819
0.9820549968
1.0052097132
1.0073977914
0.9849845838
0.9855303884
0.9846268073
0.9690851830
0.9539612975
0.9484640520
0.9393851636
0.9183408082
0.9028570845
0.9124643063
0.9499295358
0.9924600506
0.9874607397
0.9739145697
0.9857485654
0.9885650085
0.9774933456
0.9892396867
1.0163381638
1.0275288023
1.0332590812
1.0067172101
0.9661394022
0.9352159804
0.9396307202
0.9550469127
0.9669590611
0.9856277583
0.9812010082
0.9637108578
0.9832630172
0.9909434570
0.9880060851
1.0034741164
1.0039880689
1.0164391078
1.0065367631
1.0018337716
1.0029576550
1.0078859515
1.0281795660
1.0404333658
1.0287122592
1.0001190519
0.9835105685
0.9700817964
0.9662072314
0.9775053399
0.9900505827
1.0038968704
1.0189191279
1.0147210015
1.0017201377
1.0038248714
1.0114426446
1.0173791209
1.0073085718
0.9931040625
0.9952529983
0.9839836594
0.9733665825
0.9695069712
0.9890090983
0.9834987641
0.9606913682
0.9477565832
0.9530833129
0.9547038427
0.9631803668
0.9824402428
0.9811828721
0.9792984239
0.9966338957
0.9940855771
0.9886903515
1.0103830903
1.0282335512
1.0181357999
1.0047122516
0.9586665034
0.9243408771
0.8823403014
0.8280200629
0.7833436991
0.7766316506
0.8341856436
0.9266789787
0.9932396770
0.9997560845
0.9671877123
0.9387890637
0.9283720787
0.9308497394
0.9448067079
0.9498203054
0.9680143438
0.9988328795
0.9769590309
0.9637151578
0.9854831372
1.0041949389
0.9944845756
0.9981509139
0.9732745969
0.9793060631
0.9833574582
0.9825319885
0.9900683899
1.0064838084
1.0112154326
0.9818315790
0.9544804174
0.9639140705
0.9635893307
0.9799205359
1.0046749444
1.0169130332
1.0332727945
1.0559149020
1.0641085308
1.0638218176
1.0439055448
1.0225400330
1.0071401395
1.0097202884
1.0208181346
1.0162004023
0.9918852114
0.9700911590
0.9668834803
0.9719903689
0.9770454329
0.9815928371
0.9686911703
0.9674393654
0.9942136309
1.0068636642
0.9980172410
1.0046397964
1.0128260818
1.0069335272
1.0125013850
1.0192787488
1.0133609056
0.9890961195
0.9722581906
0.9803974055
1.0047412089
1.0129720655
1.0040299169
0.9945225539
0.9866482784
0.9916855315
1.0040297728
1.0063042182
1.0154350869
1.0298193581
1.0134842631
0.9896696115
0.9805685713
0.9860139351
0.9852903371
0.9626862887
0.9681192715
0.9765035901
0.9813084052
0.9949394601
1.0083464099
1.0161544020
1.0096926043
1.0117179428
1.0446021002
1.0553537041
1.0143915472
0.9756564742
0.9790973669
0.9884587635
0.9918418396
1.0108444784
1.0248624762
1.0120965688
0.9986599706
0.9915766607
0.9936133194
0.9867959318
0.9922573919
0.9981502269
0.9965059755
0.9910877337
0.9784042727
0.9808550353
1.0018085559
1.0000780833
0.9855364455
0.9885696447
1.0175166507
1.0250857956
1.0282586692
1.0456132161
1.0323533474
1.0012964967
0.9791106633
0.9637656469
0.9655503476
0.9865164814
1.0010077646
1.0027850483
1.0008349320
1.0004020163
0.9930409017
0.9779058333
0.9741536693
0.9863937145
0.9980680793
1.0065795303
0.9990889167
1.0089672590
1.0181497485
1.0109744506
1.0013928985
0.9873846879
1.0100277630
1.0302935137
1.0054533003
0.9745599927
0.9586353139
0.9682331195
0.9772946233
0.9645540906
0.9650880444
0.9777447730
0.9696984378
0.9705128868
1.0033175006
1.0178601974
1.0076651791
1.0171325461
1.0071653831
0.9843332920
0.9770369973
1.0027208259
0.9847046572
0.9993029026
0.9973667564
0.9983114775
1.0093399802
0.9956989308
0.9803362904
0.9667871528
0.9657890403
0.9775712300
0.9997178731
1.0195964850
1.0025058582
0.9820496418
0.9958816863
1.0109376267
0.9975561299
0.9950130992
0.9760892774
0.9890400112
0.9996606938
1.0120492253
1.0206615433
1.0368379500
1.0167404135
0.9915614268
0.9886058977
1.0123413023
1.0067235909
0.9856806218
1.0041626326
1.0299977522
1.0154463015
0.9848151771
0.9698609131
0.9690139444
1.0071544952
1.0322772255
1.0075962551
0.9871670588
1.0027143168
1.0138823350
1.0155489442
1.0114292932
0.9889209878
0.9916470078
1.0033755951
1.0051580950
1.0138550606
1.0246517097
1.0171153140
1.0031390102
1.0066823686
1.0136732203
0.9962327273
0.9731577511
0.9259462900
0.9290413777
0.9976298101
1.0242379318
1.0180626199
0.9862867244
0.9934654677
0.9949796605
0.9971484703
0.9944183382
0.9843710831
0.9748739838
0.9876935382
1.0019103391
0.9886099701
0.9599989054
0.9511792809
0.9779391117
1.0012514336
0.9955717205
1.0095316047
1.0134346907
0.9989921896
0.9958797841
0.9914781943
0.9580732064
0.9883623964
1.0035238904
1.0013842757
1.0085418455
1.0040968218
0.9934381093
0.9903421361
0.9900276431
0.9919665004
1.0103794451
1.0282001825
1.0142218597
0.9988308893
1.0045316534
1.0096180575
0.9897105577
1.0086302862
1.0314568557
1.0198148989
0.9976438273
1.0008294560
0.9808536484
0.9679777974
0.9405889336
0.9309959652
0.9271665618
0.9188528073
0.9258154623
0.9522123734
0.9765248537
0.9833948784
0.9742648678
0.9662045843
0.9803539589
0.9916264826
0.9890418613
1.0007754707
1.0289992763
1.0194902343
1.0043725101
1.0031321071
1.0147639610
1.0085100741
0.9874686597
0.9664194093
0.9567064225
0.9555138874
0.9747085928
0.9990482338
1.0079077200
0.9997302755
0.9758513066
0.9612118861
0.9807998424
1.0120536597
1.0243888744
1.0098465311
0.9824530456
1.0252875965
1.0286192996
1.0048151161
0.9980950355
0.9984279946
1.0035310702
0.9932757506
0.9659807057
0.9618604360
0.9574794718
0.9491273989
0.9672632285
0.9825973668
0.9683003189
0.9669206771
0.9849893765
1.0053285020
0.9955706864
0.9922752777
0.9995631086
1.0180237912
1.0009175064
0.9833931625
0.9860130116
1.0006994835
1.0131924109
1.0097862404
1.0040425355
0.9966149715
0.9956851980
0.9852208066
0.9721594898
0.9796998266
0.9918767995
0.9901148335
0.9831798924
0.9776626708
0.9785296625
0.9733997870
0.9740135542
0.9944608040
0.9849743783
0.9570227409
0.9615255097
0.9725915350
0.9856966926
1.0035537891
1.0156583878
1.0052309201
0.9793696102
0.9669911983
0.9638225379
0.9593548069
0.9617590830
0.9639663723
0.9655241503
0.9799997730
0.9803089853
0.9725813551
0.9906700964
1.0088194746
1.0175946011
1.0221480741
0.9928965609
0.9753249063
0.9822563576
0.9781597720
0.9610269705
0.9626665781
0.9623717427
0.9733068173
0.9999521611
1.0056966911
1.0007561793
1.0159399440
1.0192383859
1.0057670761
1.0073732246
1.0130498106
0.9931896187
0.9644674766
0.9554623548
0.9769499720
1.0028106164
1.0244089855
1.0167851973
1.0059835489
0.9963127590
0.9904221245
0.9728012686
0.9567396254
0.9391776656
0.9447971467
0.9701772523
0.9673100744
0.9521231969
0.9440590297
0.9702675287
0.9857055193
0.9996483354
1.0003879286
0.9855565841
0.9514278581
0.9668157940
0.9722453130
0.9716447568
0.9418839938
0.9225919196
0.9053454856
0.8852356504
0.8526802029
0.8158077577
0.7932538819
0.7988223666
0.8282886653
0.8538413533
0.8600144338
0.8618909150
0.8944731794
0.9042782750
0.9141794231
0.9576300245
0.9646699145
0.9616501196
0.9866245973
1.0165297098
1.0079029645
0.9973561158
0.9876236242
0.9907986895
0.9863541916
0.9862185020
0.9811699604
0.9688274986
0.9661575784
0.9642401770
0.9720643537
0.9709564143
0.9711354482
1.0327497608
1.0380597309
1.0243690607
1.0119713111
1.0088786156
1.0243659899
1.0507910752
1.0457281712
1.0398594776
1.0364425740
1.0004693823
0.9828639973
0.9948729266
1.0135481378
1.0154489676
1.0090608162
1.0098737911
0.9899431072
0.9770083849
0.9688167816
0.9584703441
0.9805888517
1.0015781249
0.9942688398
1.0085441762
1.0385164313
1.0367914027
0.9943301646
0.9764678940
0.9850059981
0.9932845490
0.9936993798
0.9975370426
1.0030149839
1.0116199927
1.0172468665
1.0026198948
0.9916829734
1.0111830756
1.0240041229
1.0371680816
1.0144193355
0.9954537067
0.9652007866
0.9668856182
0.9975689256
0.9981147428
0.9999728053
0.9959420745
0.9932294096
1.0003823935
1.0109027743
1.0112040886
1.0019828133
1.0000765941
1.0148759385
1.0408021902
1.0555790853
1.0399374728
1.0350382785
1.0454254608
1.0193985726
0.9615052224
0.9412054370
0.9710115345
0.9845925901
0.9839855670
0.9904706243
0.9773254779
0.9690463052
0.9582993973
0.9394506698
0.9228846347
0.9176436075
0.9260535793
0.9381665965
0.9537398972
0.9767616048
0.9826990262
0.9706497983
0.9597474222
0.9761052579
0.9803323382
0.9933469461
0.9896920098
1.0249122422
1.0240434889
1.0140243115
0.9944709507
0.9915162403
0.9993891134
0.9845313223
0.9890862805
1.0040120145
1.0078649663
1.0053361272
0.9945912078
0.9850987953
0.9918568478
1.0023381589
1.0011360548
0.9843869059
0.9784034793
0.9682208653
0.9878158999
1.0002478935
0.9758574977
0.9827786166
0.9847047571
0.9847103560
0.9735641848
0.9776686407
0.9875523728
0.9852676466
0.9832962031
0.9910488038
0.9959051256
1.0030542132
1.0120776429
0.9889815276
0.9879469819
1.0241513956
1.0323615871
1.0170919810
1.0218379472
1.0306750896
1.0040642761
0.9772212351
0.9895855835
1.0014952302
1.0180744977
1.0008343967
0.9729183629
0.9378899156
0.9171990154
0.8927023642
0.8346130614
0.7761841428
0.7447194754
0.7468350290
0.8001514920
0.8720051887
0.9183935820
0.9614039120
1.0005350711
1.0151592634
1.0189783963
0.9976180947
1.0066755771
1.0365942472
1.0247808235
0.9945191876
0.9908432316
1.0008066725
1.0047627890
1.0084647639
1.0003047998
0.9830319283
0.9879298813
0.9936316917
0.9773395307
0.9647606375
0.9604602229
0.9446489083
0.9672171919
0.9867241534
1.0058667179
1.0078459258
1.0010700321
0.9816826199
0.9875174091
0.9921353105
0.9919056412
0.9983291498
1.0000214311
0.9934424566
0.9945458585
1.0090188344
1.0231029157
1.0271968900
1.0234733940
1.0116495773
1.0323861065
1.0005743461
0.9714671386
0.9654952040
0.9754170940
0.9606349761
0.9648606277
0.9697018787
0.9815638270
0.9834608340
0.9731369496
0.9783003812
0.9947257613
1.0041111075
1.0135930859
1.0261658791
1.0329081314
1.0271009994
0.9937936818
0.9652591194
0.9555829543
0.9784445481
1.0235237796
1.0431922504
0.9878717966
0.9908955765
1.0173430005
0.9933074081
0.9977964730
0.9984454002
0.9781537071
0.9516632181
0.9551290296
0.9688445580
0.9740880780
0.9890201157
1.0047431107
0.9946915055
0.9844889990
1.0143506794
1.0278536616
1.0097032225
1.0189310086
0.9851672055
1.0041958540
1.0104964697
0.9799296701
0.9630055596
0.9870299153
1.0247802013
0.9997372343
0.9759696512
0.9777736028
0.9704884498
0.9679622440
0.9884391624
1.0099142486
1.0262162798
1.0413672875
1.0397712371
1.0297606485
1.0254356142
1.0186287547
1.0231603445
1.0139736299
0.9830983095
0.9811711214
1.0029726478
0.9956927521
0.9891958920
1.0074572188
1.0259208638
1.0429308250
1.0430986313
1.0289159327
1.0128593739
0.9961305147
0.9959226306
1.0114887403
1.0097161239
1.0231489726
1.0460474990
1.0259985107
1.0300269804
1.0176753360
0.9945687712
0.9741426445
0.9817342059
0.9983403496
1.0112519131
1.0027305773
0.9954673252
0.9947498523
0.9908219733
0.9911547785
1.0028311473
1.0135914969
1.0144587265
1.0146602623
1.0152233981
0.9999310906
0.9849978415
0.9799595073
0.9678714615
0.9653886430
0.9905271947
0.9856829713
0.9937698800
0.9766283738
1.0048505399
1.0081781366
0.9944926642
1.0060090637
1.0157891048
1.0093345980
1.0010886233
1.0004116483
1.0096975943
1.0160925843
1.0173252992
1.0400171821
1.0473276939
1.0402481437
1.0437465646
1.0061296964
0.9783154623
0.9742816122
0.9870290538
0.9852065177
0.9783147340
0.9685452028
0.9863634617
1.0117730716
1.0271970598
1.0268220232
1.0214104694
1.0235725831
1.0177102108
0.9931896097
0.9875227722
1.0136294051
1.0119279195
1.0310445488
1.0107556690
0.9897100325
1.0055071016
0.9845368169
0.9915582084
1.0059410174
1.0092093491
1.0176273351
0.9801547580
0.9601341948
1.0022728489
1.0343401697
1.0232715966
1.0174215782
1.0255669557
1.0258693290
1.0294394502
1.0246657997
1.0151149055
0.9880844144
0.9743294238
0.9762862016
0.9745998959
0.9692080040
0.9805152993
0.9969940049
0.9895803155
0.9732905790
0.9834939851
0.9966075471
1.0153182083
1.0067770656
0.9877919514
0.9886190075
0.9959806964
1.0119970522
1.0321946111
1.0263011819
1.0320628747
1.0334578727
1.0262911365
1.0355776716
1.0239909245
1.0149138216
1.0200882128
1.0182702347
1.0005968248
0.9922139481
1.0021203545
1.0268402493
1.0345293164
1.0307966487
1.0262900582
1.0046108315
0.9778478034
0.9716245648
0.9741264995
0.9887715872
1.0222274687
1.0333802183
1.0069750010
0.9739229402
0.9864526637
1.0043060282
1.0296075250
1.0331316935
1.0246137469
1.0063387291
0.9925490806
1.0115622899
1.0256727151
1.0145089309
1.0167856018
1.0261515961
1.0186380837
1.0109004191
1.0013084177
0.9792466194
0.9833630037
1.0292271737
1.0518087083
1.0324599771
0.9807170931
0.9905257829
1.0240868286
1.0286126071
0.9998826082
1.0114788581
1.0347740261
1.0243997062
0.9982810059
0.9848852507
0.9885095077
0.9930950747
0.9861067406
0.9764800576
0.9908632218
1.0174672671
0.9983895065
0.9804968659
0.9785665312
0.9737590761
0.9638914764
0.9358462908
0.9412632908
0.9546113011
0.9608486334
0.9932630883
1.0049164858
0.9936814893
0.9931110492
1.0171401306
1.0293046837
1.0104606470
0.9992315113
1.0088519600
1.0162157254
1.0134304934
0.9878591316
0.9900156476
1.0095283454
1.0079457627
1.0183139635
1.0038609848
0.9827789524
0.9542921167
0.9784225658
1.0017447246
1.0018505545
0.9756974711
0.9662566543
0.9800300543
0.9998946298
1.0018397153
1.0028616418
1.0040365449
0.9862396674
0.9769340950
0.9719632579
0.9358834095
0.8733646354
0.7967937878
0.7569819146
0.7249034680
0.7319945954
0.7922064520
0.8571055828
0.9138235052
0.9496558633
0.9663327175
0.9735716236
0.9906304332
0.9956530689
0.9837082398
0.9796936802
0.9932528545
1.0124126307
1.0270666212
1.0445520076
1.0715376033
1.0629951458
1.0311343138
1.0348283473
1.0303954806
1.0076800560
1.0075391207
1.0127791276
1.0396336449
1.0404911267
1.0374280097
1.0343437831
1.0178832664
1.0035189633
0.9829998233
0.9719779163
0.9880108320
1.0089861860
1.0125410145
1.0000668173
0.9925007632
0.9906007385
0.9763690871
0.9868252900
1.0017506265
0.9640356068
0.9633192331
0.9860811174
0.9760274277
0.9705688284
0.9669686601
0.9747166130
0.9938681568
0.9821405513
0.9632132079
0.9693331277
0.9903117952
1.0006193516
0.9977973056
0.9975012508
0.9940491538
1.0002720188
0.9969928680
1.0198307164
1.0196227091
1.0024758876
0.9713705220
0.9978816191
1.0154872359
1.0138859886
1.0142952565
1.0051309854
0.9967468839
0.9805702329
0.9686441325
0.9783851019
0.9896832424
0.9886947681
0.9931715915
0.9926230311
0.9785473519
1.0030971640
1.0055098754
0.9753336827
0.9615488125
0.9738931928
0.9575446766
0.9524209706
0.9721777549
0.9870199049
0.9624818176
0.9664965857
0.9907804236
0.9831805398
0.9666724312
0.9719521347
0.9812087643
0.9722215034
0.9613472130
0.9707034235
0.9856536577
1.0026821390
1.0311446296
0.9774688932
0.9642108241
0.9894285970
0.9977165006
1.0163494032
1.0362593956
1.0200677049
1.0050789369
1.0129938189
1.0209085818
0.9967342108
0.9768428107
0.9665441794
0.9757704146
1.0006549647
1.0086532280
1.0011903372
0.9924057442
0.9720379367
0.9455852261
0.9963811190
1.0322849585
0.9798460932
0.9564354188
0.9899044515
1.0049656875
1.0446638410
1.0211724339
0.9775326444
0.9823860954
0.9916021197
0.9815875546
0.9878579652
1.0162747801
1.0223411882
1.0069944618
1.0055169285
0.9895248405
0.9379382335
0.9170140615
0.9681510963
0.9779035302
1.0242928016
1.0105447406
1.0223219032
1.0109408692
1.0043277442
1.0116732954
1.0280203936
1.0210967034
1.0038486830
1.0049903737
0.9966621983
0.9811950702
0.9742047493
0.9838094137
0.9937081613
0.9792161604
0.9845919314
0.9977498680
0.9780828829
0.9566052279
0.9422182773
0.9645798133
1.0034699846
1.0155377667
1.0094118602
1.0136603480
1.0009455701
0.9973587741
0.9894899001
0.9928341889
1.0031505418
1.0085588420
1.0171116962
1.0214905895
1.0114027924
1.0079734123
1.0127432973
1.0015305908
0.9950588464
0.9970964649
1.0098249968
0.9871236820
0.9675568371
0.9864618488
1.0209555543
0.9984349991
0.9982253583
0.9819349393
1.0086549654
1.0255115426
1.0250032936
1.0273792861
1.0179356246
