#flux
0.9663668690
0.9569822546
0.9629620611
0.9668768377
0.9635388561
0.9707055436
0.9756087013
0.9649493675
0.9613989661
0.9675051404
0.9583888366
0.9555230529
0.9710973141
0.9784265725
0.9685218914
0.9567246795
0.9545392819
0.9554103544
0.9546545185
0.9619532547
0.9615151480
0.9599763196
0.9570459517
0.9588436925
0.9549511066
0.9495980678
0.9499409047
0.9479411790
0.9424128096
0.9456567562
0.9552858662
0.9575435071
0.9602188962
0.9709491493
0.9691949891
0.9576309463
0.9481758099
0.9490011040
0.9629740182
0.9740595468
0.9676752962
0.9594625730
0.9541448557
0.9438619531
0.9391858838
0.9481289376
0.9604540573
0.9634029871
0.9603440291
0.9605489796
0.9654660242
0.9677554824
0.9592455119
0.9662507802
0.9649112383
0.9616946223
0.9655507515
0.9640632864
0.9686707234
0.9620986932
0.9609038949
0.9501575251
0.9455840252
0.9411912421
0.9204581504
0.8927075661
0.8874006641
0.9092620193
0.9225553786
0.9113101986
0.8958265245
0.8873858209
0.8930052618
0.8907889290
0.9021004231
0.9230565709
0.9292765998
0.9225334350
0.9206158235
0.9185026388
0.9318579987
0.9154490587
0.8987752533
0.8966043352
0.8847766384
0.8586408571
0.8390174707
0.8310297933
0.8332301095
0.8467318492
0.8541028289
0.8375604237
0.8159275718
0.8123996978
0.8118764248
0.8233938090
0.8503683239
0.8706334409
0.8885623652
0.8961146422
0.8857018896
0.8782304850
0.8837045170
0.8885592184
0.8958103067
0.9013847173
0.9015222755
0.9050273613
0.9032148434
0.9022174366
0.9152220068
0.9150789565
0.8973993900
0.8889053599
0.9004783453
0.9145493281
0.9176461426
0.9131498298
0.9201792226
0.9543564621
0.9439013644
0.9293947271
0.9420107277
0.9439187850
0.9418613890
0.9364281630
0.9286894034
0.9264128774
0.9164190632
0.9026292234
0.8977071003
0.8939983701
0.9043358403
0.9178843182
0.9106279312
0.8930203362
0.8923184396
0.9003634554
0.8947357407
0.8970823834
0.9032767614
0.9168766239
0.9067992223
0.9085912165
0.9069531678
0.9075220418
0.9114548808
0.9094008779
0.9011691631
0.8917756375
0.8917710137
0.8941560811
0.8790991935
0.8725191121
0.8623985764
0.8654782026
0.8584774826
0.8498847905
0.8557399461
0.8575402129
0.8433397026
0.8337934750
0.8316406101
0.8464668165
0.8549094501
0.8599339464
0.8639604611
0.8592190012
0.8447469829
0.8284547165
0.8149926334
0.8059713775
0.8026835413
0.8006072076
0.8009840190
0.8022598450
0.8028684593
0.7935739854
0.7821768331
0.7901874164
0.8129737484
0.8221606842
0.8181062565
0.8296603611
0.8348832307
0.8195084034
0.8078245420
0.8023602874
0.7994419495
0.7984591386
0.7932184373
0.7830318616
0.7708834170
0.7522566703
0.7284620278
0.7130308890
0.7071652849
0.6738822565
0.6414284926
0.6026885558
0.5685675718
0.5362086008
0.4957124237
0.4544737654
0.4070638922
0.3650838070
0.3289604876
0.2900638285
0.2535884869
0.2304897934
0.2188206854
0.2132264969
0.2147082687
0.2198455221
0.2303426741
0.2580406841
0.2836646896
0.3030096026
0.3487601117
0.3889843252
0.4200131124
0.4639107706
0.5110409636
0.5528455978
0.5888644034
0.6178564446
0.6446502792
0.6657069467
0.6907230388
0.7184643250
0.7418021970
0.7576298222
0.7653885841
0.7751874997
0.7826182844
0.7921511183
0.8032838567
0.7996590529
0.8093037231
0.8228639162
0.8329322089
0.8296818093
0.8294982436
0.8330347858
0.8392435329
0.8512233395
0.8568050163
0.8532786152
0.8611128197
0.8645746583
0.8580728360
0.8567129863
0.8538275363
0.8509528916
0.8530686023
0.8552226331
0.8518788358
0.8581695855
0.8657980444
0.8586744262
0.8659351487
0.8748147609
0.8725939915
0.8804186580
0.8896969160
0.8952335306
0.8909534385
0.8920425534
0.9022618349
0.9084612084
0.9065443272
0.9042107917
0.9036344482
0.9063485689
0.9175922491
0.9213635474
0.9153090114
0.9126730888
0.9118621111
0.8977190256
0.8993779908
0.9080873512
0.9052471125
0.9141345311
0.9290846408
0.9272357345
0.9135358610
0.9228301820
0.9177973068
0.9064363092
0.9136394395
0.9289793339
0.9415111776
0.9451912259
0.9446532057
0.9444952566
0.9331392888
0.9221309059
0.9343479234
0.9407185919
0.9351877206
0.9333630877
0.9592705246
0.9593443325
0.9494728584
0.9486010100
0.9422407991
0.9365519865
0.9359222563
0.9295004214
0.9246586064
0.9068887873
0.8704398948
0.8381380848
0.8023320727
0.7955178766
0.8104665029
0.8296269288
0.8463470765
0.8386101803
0.7967666913
0.7848055599
0.8009594453
0.8290426098
0.8597073496
0.8911869733
0.9130092785
0.9204788048
0.9252853628
0.9354530097
0.9428869628
0.9402091891
0.9348358503
0.9310680883
0.9267084944
0.9335835756
0.9403887987
0.9260968935
0.9244193217
0.9291140603
0.9348754394
0.9283611862
0.9156284488
0.9076177121
0.9057767010
0.9148930862
0.9114709174
0.8943928469
0.9027467199
0.9254262001
0.9311933802
0.9251454075
0.9255037160
0.9334964530
0.9414832870
0.9419817444
0.9340252491
0.9301109835
0.9427175371
0.9561523029
0.9702729001
0.9668115301
0.9643346697
0.9493017803
0.9540322228
0.9595451509
0.9596896634
0.9579576454
0.9517432508
0.9420565644
0.9339903068
0.9249806245
0.9089441585
0.8945233567
0.8903331824
0.8880275338
0.8961836868
0.9080864091
0.9045658833
0.8793168101
0.8590828521
0.8604700077
0.8722841591
0.8978806199
0.9355083395
0.9545799157
0.9707600748
0.9697377942
0.9770688626
0.9796163629
0.9790900675
0.9804427321
0.9760470784
0.9707321885
0.9703589687
0.9676396065
0.9494202748
0.9118598444
0.8791868088
0.8918994509
0.9169970866
0.9219681293
0.9311013682
0.9142914062
0.8906448353
0.8698533411
0.8674632998
0.8929506428
0.9194599016
0.9122049699
0.8831674688
0.8613665033
0.8590266398
0.8645466828
0.8743644419
0.8882496674
0.8650632165
0.8405004203
0.8294225585
0.8413582558
0.8684757538
0.9025027902
0.9405696919
0.9664850600
0.9736399551
0.9718327500
0.9709343441
0.9802387441
0.9808872613
0.9729835664
0.9730553379
0.9748921695
0.9635620571
0.9493375233
0.9499603199
0.9564027562
0.9521048058
0.9494181524
0.9599339130
0.9542301101
0.9594169704
0.9651780578
0.9694161508
0.9673320758
0.9773753852
0.9844431553
0.9853225567
0.9929361374
0.9892345636
0.9703931358
0.9660306767
0.9791523803
0.9921334942
0.9938306235
0.9895100231
0.9886444559
0.9860982610
0.9912718991
0.9771913877
0.9758704073
0.9859442522
0.9889500113
0.9890408788
0.9896517926
0.9908103319
0.9936137293
0.9904133521
0.9893749348
0.9810168417
0.9840175605
0.9940580685
1.0026299179
1.0023917575
0.9965129746
0.9939186419
0.9856428063
0.9738998580
0.9825223521
0.9949163658
0.9916488748
1.0002110586
1.0002306734
0.9968508447
0.9749654365
0.9831529262
0.9934374873
0.9868181487
0.9934209968
0.9990316119
0.9964991438
0.9893620038
0.9882846087
0.9915523176
0.9895690194
0.9873103018
0.9838872307
0.9670961269
0.9545326271
0.9493197651
0.9547622757
0.9582313689
0.9712159872
0.9529779875
0.9594167720
0.9551248509
0.9448154365
0.9510277225
0.9680607696
0.9795958552
0.9789772665
0.9691581500
0.9619838206
0.9580403206
0.9368996403
0.9089592440
0.9029016357
0.9050848977
0.9103583378
0.9253311421
0.9231564284
0.9126292331
0.9030727249
0.8988850582
0.9112637750
0.9379135301
0.9630586292
0.9779285934
0.9784511662
0.9557296177
0.9640226738
0.9709496020
0.9724278490
0.9730835232
0.9682602712
0.9675116610
0.9759645327
0.9818090558
0.9729333432
0.9575756465
0.9546206068
0.9617864630
0.9610429354
0.9646825007
0.9810131644
0.9776045034
0.9656302449
0.9505496161
0.9587674261
0.9728064550
0.9811780120
0.9843681060
0.9811311325
0.9723824478
0.9612771922
0.9455662949
0.9243678054
0.9120897963
0.9242152453
0.9464244376
0.9537285891
0.9567102520
0.9453844482
0.9274904060
0.9422223030
0.9530387424
0.9632921824
0.9699331561
0.9815398103
0.9775126909
0.9605983579
0.9555541198
0.9650688051
0.9726884553
0.9757332518
0.9797574304
0.9795793873
0.9748370342
0.9743018678
0.9766529282
0.9903525277
0.9873885884
0.9777864644
0.9789393520
0.9908642853
0.9887548200
0.9811827631
0.9738384053
0.9692099965
0.9784861737
0.9941286860
0.9948130702
0.9897834507
0.9914768089
0.9958286741
0.9939784945
0.9836792931
0.9701322070
0.9549482149
0.9288270274
0.8965284126
0.8838911287
0.8865736942
0.9120316031
0.9287376180
0.9072114073
0.8721220779
0.8475308609
0.8459732405
0.8871449972
0.9492601168
0.9656819713
0.9639792450
0.9724556477
0.9804103398
0.9857080265
0.9860749234
0.9850876513
0.9938948442
0.9864709527
0.9686565259
0.9580338008
0.9634245492
0.9753950406
0.9788012415
0.9748470177
0.9655762898
0.9489588656
0.9476464868
0.9585508507
0.9577386252
0.9596192511
0.9649963596
0.9674299306
0.9759002971
0.9870457265
0.9928233517
0.9950156842
0.9951915341
0.9998428307
1.0055304546
1.0050392019
0.9975050480
0.9878000604
0.9859727190
0.9939269714
0.9992109768
1.0031640636
0.9982488066
0.9984988569
0.9952180593
0.9800322588
0.9795761393
0.9804185124
0.9758894050
0.9775683640
0.9771616299
0.9762969016
0.9881893516
0.9959878358
1.0031978903
1.0132080075
1.0031184860
0.9913452450
1.0005021050
1.0046043340
1.0142793352
0.9905129173
0.9939720426
0.9921390847
0.9956478841
0.9984475203
0.9958905180
1.0023044671
1.0067938310
1.0079828328
1.0155728688
1.0232301685
1.0217092083
1.0098253158
0.9918134627
0.9807176631
0.9813232218
0.9774132602
0.9717213357
0.9746714602
0.9824458397
0.9715243712
0.9641564721
0.9588583217
0.9389532325
0.9408155355
0.9544867447
0.9638550935
0.9795042213
0.9943744779
1.0007533651
1.0048071541
1.0045733268
0.9979389344
0.9894801011
0.9751601700
0.9480449129
0.9221012538
0.9181020731
0.9209191904
0.9147177510
0.8986292361
0.8539557793
0.8019299956
0.7469949352
0.7289140841
0.7419017678
0.7761417235
0.8033755576
0.8020556160
0.7769397294
0.7582261879
0.7673847699
0.7985753752
0.8514004925
0.9142149366
0.9516092183
0.9459617801
0.9095854053
0.8754023274
0.8458754073
0.8334427961
0.8334161661
0.8580033561
0.8657492192
0.8445003717
0.8273221019
0.8033539898
0.8012601801
0.8354125480
0.8835559107
0.9326247857
0.9719549141
0.9881837198
0.9952675179
1.0042297442
1.0075534622
1.0047523068
1.0011602944
0.9957118238
0.9945740525
1.0001293345
0.9924096741
0.9911680898
0.9912535134
0.9927994464
0.9920510922
0.9852910834
0.9836082229
0.9882043617
0.9923550386
0.9862374765
0.9738460240
0.9733868730
0.9794935805
0.9751589296
0.9728252444
0.9733933875
0.9700684711
0.9645686256
0.9727311046
0.9831073533
0.9744235748
0.9904757685
1.0034335913
1.0072348937
0.9994394303
0.9814809842
0.9764890712
0.9787710662
0.9864351072
0.9950018978
0.9983623214
1.0000948446
0.9996889417
1.0069683140
1.0147397625
1.0056101725
0.9810363498
0.9574302524
0.9417715535
0.9168654920
0.9005044475
0.9185404224
0.9436545931
0.9527190792
0.9485620219
0.9215782403
0.9008576779
0.9004623565
0.9111599131
0.9416368106
0.9710357735
0.9780409490
0.9887833596
0.9915903517
0.9764308499
0.9477085133
0.9412280938
0.9289982950
0.9331924996
0.9367474927
0.9384887886
0.9562211416
0.9351759124
0.9096303077
0.8955664357
0.8956971871
0.9181790713
0.9418593649
0.9594691390
0.9754629900
0.9741274596
0.9565429141
0.9511428933
0.9635729494
0.9832379577
0.9800669077
0.9811569566
0.9952199435
1.0043245030
1.0117564941
1.0105372989
1.0191689846
1.0147649953
1.0119448215
1.0100568346
1.0092012830
1.0043256543
1.0032910653
1.0012546557
0.9993939042
1.0079656075
1.0176269428
1.0157126216
1.0111573850
1.0075792633
1.0078823536
1.0188383103
1.0126649809
1.0033409194
0.9889241226
1.0134789389
1.0047051512
1.0023348077
0.9991920453
0.9918353980
0.9883849328
1.0007861260
1.0143933186
1.0154313044
1.0072511658
1.0105037763
1.0219726288
1.0186803902
1.0077528292
1.0053266313
1.0166881300
1.0103859410
1.0026515722
1.0091444830
1.0191355161
1.0221551217
1.0132181180
1.0024496463
1.0027123219
1.0026950057
0.9985139490
1.0057083340
1.0092367157
1.0057175566
0.9980952627
0.9962436203
1.0042439872
1.0091520715
1.0045359697
0.9929765592
0.9812867848
0.9909628219
1.0049192201
0.9981133332
1.0063280659
1.0008936144
0.9746988640
0.9819071787
0.9824975334
0.9888041142
0.9987342452
1.0134653301
1.0114853574
1.0152909204
1.0306659219
1.0296189459
1.0158314799
1.0142274279
1.0151600231
0.9972893891
0.9659790484
0.9393394420
0.9336734881
0.9474342794
0.9472309584
0.9417012136
0.9302079281
0.9175226664
0.9121641352
0.8963148049
0.9162318779
0.9575834310
0.9879098107
0.9992783570
1.0062426812
1.0008233823
0.9904542932
0.9898962695
0.9888690249
0.9879124256
0.9811407955
0.9746769192
0.9672544637
0.9504044038
0.9420755132
0.9546497895
0.9593828434
0.9558174773
0.9510830693
0.9507794746
0.9615351052
0.9721222756
0.9816784173
0.9930916920
1.0017137433
1.0047274860
1.0012002182
0.9979236103
0.9948078075
0.9817111735
0.9742690839
0.9717586009
0.9699926321
0.9829494048
0.9794577677
0.9725175935
0.9654898734
0.9625293717
0.9557388991
0.9700112384
0.9744480746
0.9992885189
0.9991430030
0.9923386669
0.9876448493
0.9811294546
0.9745464568
0.9611337675
0.9493022535
0.9511589435
0.9495523275
0.9584975913
0.9641273970
0.9589274683
0.9543767183
0.9460795643
0.9409367573
0.9359123537
0.9457421095
0.9626465968
0.9810772646
1.0042676909
1.0100483600
0.9929183424
0.9680886702
0.9352743865
0.8969692054
0.8708015869
0.8656254331
0.8753996884
0.8880050049
0.8864614670
0.8672605409
0.8390148918
0.8148717050
0.8158745818
0.8492939489
0.8765429977
0.9283185873
0.9410095823
0.9531736003
0.9436886755
0.9278491176
0.9364112574
0.9568491434
0.9678527883
0.9725660379
0.9871898099
1.0066059972
1.0142259732
1.0160590655
1.0220896492
1.0365793131
1.0158892986
1.0115552447
1.0102374630
1.0008343368
1.0062503049
1.0152737514
1.0060582429
1.0004429679
0.9981188449
0.9967200916
0.9944205781
0.9914447505
0.9917862718
0.9964112758
1.0002189959
1.0039735672
1.0103007290
1.0098483491
0.9995296932
0.9909994812
0.9875323546
0.9913721803
0.9896214182
0.9899033875
1.0006405522
0.9937460301
0.9891827655
0.9852746301
0.9989884043
1.0115054596
1.0041507218
0.9886070480
0.9973740299
1.0095568968
1.0077019750
1.0098638133
1.0124915214
1.0050671766
1.0055681725
1.0110108274
1.0012756841
1.0051895855
1.0204290221
1.0226593030
1.0127622816
0.9653388201
0.9589034301
0.9720723978
0.9759338410
0.9584414594
0.9554526689
0.9496369227
0.9292878058
0.9197076390
0.9351344170
0.9540282324
0.9621534013
0.9662259397
0.9608886356
0.9530143947
0.9581170349
0.9801578090
0.9865534548
0.9940172729
0.9980317997
1.0139232030
1.0128812699
1.0011638831
0.9957753353
0.9898353182
0.9903390501
1.0022255556
1.0118317805
1.0132362775
1.0107029695
1.0111154791
1.0158555056
1.0174380026
1.0133507509
1.0081206034
1.0033645685
1.0011250365
0.9989483493
1.0017413064
1.0174750517
1.0255712706
1.0170881236
1.0093769700
1.0089673278
1.0187547526
1.0200171987
1.0055538255
1.0029539837
1.0077338623
1.0080749391
1.0051321130
1.0003245858
0.9941694615
0.9925822574
1.0046443386
1.0114512638
1.0150723399
1.0080515666
0.9945393217
0.9821657255
0.9748898209
0.9903828357
0.9883290195
0.9778521236
0.9707235814
0.9677964653
0.9649747647
0.9687587446
0.9794902099
0.9782286277
0.9703349012
0.9751993527
0.9827959975
0.9836510096
0.9865656408
0.9790119833
0.9764885697
0.9838014674
0.9745429597
0.9761186088
0.9940726801
0.9674236681
0.9798049723
0.9855460013
0.9950283856
1.0106009349
1.0037257063
1.0044963426
1.0109451936
1.0061237613
1.0025323231
1.0028524752
0.9948223315
0.9935205313
1.0103038406
1.0136001812
0.9989177901
1.0118620401
1.0183556176
1.0094744779
1.0037990995
1.0104264494
1.0062488566
0.9916358674
0.9813239269
0.9711040195
0.9773520072
0.9898379041
1.0010618701
0.9917413072
0.9784149114
0.9844473872
0.9945621663
0.9936189593
0.9883798068
0.9930660311
1.0067529962
1.0176395765
1.0083096758
1.0220598094
1.0177400085
1.0123481690
1.0144894576
1.0203747519
1.0268185074
1.0276880290
1.0108753202
1.0020753859
1.0079960113
1.0108218646
1.0061292706
0.9982381367
0.9921057464
0.9919953136
0.9923505180
0.9935168094
1.0007352893
1.0125174332
1.0077961851
1.0091082082
1.0174459762
1.0080731488
1.0173520476
1.0114898000
1.0110643544
1.0057860136
1.0162824437
1.0205487153
1.0050824205
1.0067705609
1.0146703920
1.0090441141
1.0107427237
1.0159885525
1.0067765796
1.0059639757
1.0109401110
1.0117451188
0.9979062440
0.9875002676
0.9919957746
0.9895223383
0.9861740114
1.0038245094
0.9981532425
0.9927835550
1.0054015855
1.0002221669
1.0049388281
1.0047148345
0.9990410356
0.9940514502
0.9911784989
0.9942722821
0.9920948880
0.9902449911
0.9904489160
0.9852357908
0.9874809494
0.9999736548
1.0028636501
1.0102776126
0.9901396565
0.9776615751
0.9835469040
0.9805406943
0.9930091253
0.9925198634
0.9719026610
0.9613974089
0.9643411360
0.9654991564
0.9552704738
0.9463382187
0.9507087686
0.9488443810
0.9482496606
0.9513801685
0.9485716914
0.9541758134
0.9644665396
0.9620222167
0.9562232266
0.9592502546
0.9939710900
1.0052089844
1.0082057763
1.0032981399
1.0065296620
1.0041455351
1.0011943202
0.9962200890
0.9959563790
1.0084970504
1.0134624738
1.0069553171
1.0021740192
1.0012141474
1.0051566703
1.0047728455
1.0035677586
0.9839597686
0.9939856119
1.0042986159
1.0050285788
1.0068563220
1.0097233338
1.0128020068
1.0038504818
0.9963268486
1.0018487968
1.0021060580
1.0010015318
0.9987236017
0.9836036024
0.9676200658
0.9361683157
0.9119845827
0.9207283181
0.9273877332
0.9543372753
0.9475088090
0.9339907932
0.9113546389
0.9058156330
0.9242877597
0.9540147519
0.9758962047
0.9940346444
1.0054644040
1.0112162855
1.0124045924
1.0081059950
1.0088386647
1.0132694352
1.0095654018
1.0061776864
0.9928363680
0.9984870088
1.0019917082
0.9928000916
0.9947278611
1.0135580785
0.9944255808
0.9890722820
0.9960966709
1.0008185477
0.9991944846
0.9882504703
0.9975006598
1.0129947517
1.0014661071
0.9949282918
1.0063897091
1.0045029435
0.9973286233
0.9896769978
0.9696919106
0.9654914172
0.9705850079
0.9718731274
0.9794908849
0.9731811707
0.9746866633
0.9707013322
0.9708314775
0.9785590641
0.9857279478
0.9957300983
1.0107594151
1.0094906376
1.0015300246
0.9905116307
0.9856699724
0.9930525640
0.9939856029
0.9935909721
0.9943090975
0.9866425440
0.9923997621
0.9791079711
0.9644094001
0.9791722249
0.9654190233
0.9690701437
0.9616570878
0.9541431600
0.9612895124
0.9701728629
0.9555161125
0.9501606757
0.9447970197
0.9492542012
0.9676815867
0.9702638089
0.9623828674
0.9627396310
0.9548696321
0.9435826725
0.9446246176
0.9497690897
0.9715736969
0.9760550564
0.9687860126
0.9703433605
0.9591976590
0.9698476002
0.9807550039
0.9807042712
0.9771899648
0.9867767901
0.9868947078
0.9623807636
0.9341025326
0.9210246592
0.9229649369
0.9228818207
0.8961484342
0.8555166741
0.8071636765
0.7645107993
0.7676566317
0.8099951830
0.8145365966
0.8094865591
0.7809823784
0.7480847876
0.7469362882
0.7713751817
0.8186935359
0.8638529676
0.8739041325
0.8720486368
0.8631719520
0.8627064478
0.8977259027
0.9378605346
0.9620195477
0.9687024813
0.9630505263
0.9528546050
0.9354006891
0.9006439285
0.9026971990
0.9026707565
0.9266353330
0.9372023989
0.9260871176
0.9006877657
0.8826504371
0.8766384911
0.8918982336
0.9209540517
0.9433637502
0.9552354862
0.9623692502
0.9656791086
0.9644477565
0.9524345933
0.9416685790
0.9501931273
0.9711898509
0.9800326055
0.9863871668
0.9847461852
0.9888213412
1.0068534257
0.9983075258
0.9887892453
0.9893712048
0.9788075617
0.9780269645
0.9905987556
1.0048856111
1.0129739432
1.0144591949
1.0139275940
1.0067269872
1.0008165654
1.0128834149
0.9916306682
0.9834484851
1.0119747777
1.0208443717
1.0080550710
1.0071201396
0.9996630534
1.0145201619
1.0183887444
0.9950820367
0.9839938873
0.9844296673
0.9899962405
0.9891149329
0.9819987729
0.9870745266
0.9960846746
0.9898183169
0.9875212394
0.9881359561
0.9778961298
0.9725745546
0.9902735217
0.9885496743
0.9832369126
0.9855879425
1.0098450778
1.0093502627
1.0002035006
0.9992714504
0.9879630312
0.9883164166
1.0035359943
1.0029471347
0.9895337361
0.9869755610
0.9883310245
0.9728333624
0.9407640100
0.9186126610
0.9214787507
0.9014826814
0.8868040631
0.9183569408
0.9186475237
0.9016843060
0.8888345294
0.8866189946
0.8937720969
0.9063594074
0.9270257302
0.9470911389
0.9641646424
0.9762224507
0.9822855315
0.9875186106
0.9942975161
0.9963731479
0.9980823353
1.0107107520
1.0067691669
1.0022259812
0.9906765302
0.9987842031
1.0136943531
0.9973126756
0.9908365792
0.9966182051
0.9946926891
0.9989466224
1.0060476250
1.0075349316
1.0089232298
1.0051604484
1.0006045467
0.9943788135
0.9932001510
1.0031114281
1.0007286461
0.9969058843
1.0030518939
1.0117702277
1.0211933394
0.9993722673
0.9933466998
0.9895568396
0.9830780485
0.9878597799
0.9842873498
0.9834804830
0.9967149122
1.0013884582
1.0104830538
1.0048797304
0.9879047677
0.9848193784
0.9909015306
0.9924410694
0.9862127707
0.9733192399
0.9725795783
0.9564753886
0.9202390647
0.8725867841
0.8355552171
0.8342601947
0.8387852722
0.8568795949
0.8680645631
0.8422626143
0.8044427476
0.7799293744
0.7895498791
0.8350145999
0.8873814889
0.9373931054
0.9784733612
0.9934324695
0.9906961024
0.9895819678
0.9996772988
0.9934783669
0.9966929405
0.9890165275
0.9979662806
0.9787352912
0.9812338602
0.9909691646
1.0085806936
1.0002184744
0.9835964034
0.9822617884
0.9899460950
0.9743162596
0.9614898408
0.9645682455
0.9684546499
0.9765024278
0.9873274597
0.9916610324
0.9940972507
0.9925752846
0.9874909986
0.9827571938
0.9785409156
0.9946992446
0.9884717951
0.9931308600
0.9993913451
1.0088489521
1.0132956597
1.0084917567
1.0054594503
1.0069415769
1.0084728467
1.0078428077
1.0053688261
1.0019165833
0.9914791127
0.9747326482
0.9725128146
0.9740630578
0.9783726462
0.9757074111
0.9828439835
0.9845032273
0.9595946219
0.9677976639
0.9779560864
0.9906268537
0.9935860303
0.9924777480
0.9951337131
0.9956190419
0.9926636088
0.9929341659
0.9939198026
0.9869666174
0.9778483657
0.9706158667
0.9570126318
0.9605266651
0.9705590254
0.9791352605
0.9724469195
0.9723745580
0.9540297866
0.9609536876
0.9930450042
1.0106669818
1.0111825721
1.0076523599
0.9997198547
1.0041828092
1.0062715425
0.9980788619
0.9963684855
1.0026236364
0.9987943822
0.9928980652
1.0049897309
1.0050972337
0.9990886365
1.0045588325
0.9917259927
1.0047887922
1.0044576834
0.9906879263
1.0023154480
1.0043791379
1.0071489185
1.0177965387
1.0205850261
1.0205823079
1.0182662302
1.0129904185
1.0074148685
1.0107756565
1.0151868335
1.0041973648
0.9958645148
0.9984346596
0.9990358742
0.9909610932
0.9984144417
1.0121647149
0.9967966606
0.9959937784
0.9915523552
0.9971598949
1.0056070472
1.0100151165
1.0033759419
0.9841421449
0.9779506057
0.9843383431
0.9862108491
0.9913620901
1.0013764277
1.0067504873
1.0067667970
0.9922175882
1.0074727682
0.9969625039
0.9905736383
0.9965898702
0.9960710151
0.9820508280
0.9743225396
0.9694229180
0.9741061121
0.9856238771
0.9969403093
1.0011518372
1.0061081178
0.9933829136
0.9851441325
0.9927614294
1.0063812276
1.0171146653
1.0040625660
0.9977910820
1.0109469665
1.0191413227
1.0066644732
0.9890053552
0.9851230752
0.9858918042
0.9932584979
0.9988803334
1.0039126689
1.0004496850
0.9901939130
0.9614413800
0.9572923691
0.9743778674
0.9694205320
0.9581462291
0.9684276020
0.9776716993
0.9683628278
0.9538249963
0.9570012192
0.9876890101
1.0021380908
0.9967635892
1.0079807114
1.0119656859
0.9989409869
0.9949398919
0.9929994008
0.9972440041
0.9988473375
0.9870800170
0.9899246506
1.0048790504
1.0113350358
1.0066401590
0.9990435573
0.9909742143
0.9876209842
0.9938618449
0.9940872651
0.9936009982
0.9869993603
0.9783302058
0.9859989172
1.0024022519
0.9962211552
0.9824268784
0.9874665279
1.0011478074
1.0021061955
1.0106681499
1.0212754253
1.0178586039
1.0082181330
0.9954157357
0.9841803336
0.9814412266
0.9787995421
0.9765292100
0.9852017664
0.9953576748
0.9886440748
0.9843251991
0.9795657071
0.9842393173
0.9975680609
0.9941424103
0.9837979700
0.9803565514
0.9821205248
0.9815894190
0.9868593247
0.9806072078
0.9826105554
0.9947475855
0.9891973146
0.9773395288
0.9833387024
0.9934356175
1.0001591048
0.9961254140
0.9821682763
0.9886892134
1.0052481872
1.0073348435
1.0033252260
0.9923016014
0.9966665284
1.0121992129
1.0109089593
0.9944272145
0.9920916119
1.0036505965
1.0121812144
0.9950535077
0.9792065825
0.9865707692
0.9926011497
0.9925709277
0.9953723117
1.0030487722
1.0077111899
1.0103773056
1.0107386979
1.0132504198
1.0054452466
0.9890471724
0.9890205048
1.0011430866
0.9872266372
0.9709777687
0.9683155388
0.9697875512
0.9913114916
1.0073470556
1.0037219306
0.9923263806
0.9756915695
0.9637851513
0.9645862332
0.9718387847
0.9751672275
0.9878654031
0.9953025924
1.0069993949
1.0085467281
1.0065431513
1.0053452564
0.9922655700
0.9964679900
0.9887606853
0.9631431247
0.9444700870
0.9500389890
0.9572630198
0.9517485529
0.9435921962
0.9380976888
0.9337183368
0.9316985600
0.9364934614
0.9553742076
0.9604955602
0.9675184281
0.9802183115
0.9775917639
0.9955383812
1.0005141438
0.9983358817
1.0050647512
1.0031094462
0.9980363136
0.9997247624
1.0021216612
1.0016651074
0.9983788573
0.9933887522
0.9940104584
0.9998299901
0.9954954811
0.9852657771
0.9941857249
1.0034992978
0.9824135971
0.9717260801
0.9631769664
0.9553581425
0.9134815898
0.8617663222
0.8446493566
0.8186582774
0.7889255707
0.7724221270
0.7719971081
0.7827929020
0.7936114682
0.7905015564
0.7860917245
0.7909058134
0.7947484042
0.8279910203
0.9003867820
0.9539629190
0.9856150595
0.9965318184
0.9830968302
0.9563264167
0.9690227916
0.9834328456
0.9836997526
0.9959843010
0.9781584072
0.9873481752
1.0003748831
0.9932477086
0.9708639861
0.9614364740
0.9656373678
0.9634826483
0.9664565469
0.9689949812
0.9526380578
0.9588449210
0.9724441390
0.9541055310
0.9427715941
0.9601172337
0.9562699306
0.9505194258
0.9509590652
0.9575330765
0.9610252730
0.9634999923
0.9748703682
0.9759888075
0.9798760600
0.9890809828
0.9960963873
0.9946303203
0.9804331446
0.9751941172
0.9742135466
0.9754414403
0.9727110610
0.9783303786
0.9821212971
0.9829188253
0.9750115363
0.9827311058
0.9879893058
0.9704339744
0.9719509588
0.9753090416
0.9751565809
0.9783239187
0.9775854900
0.9743687709
0.9803210668
0.9790137479
0.9660533096
0.9670407568
0.9606477101
0.9554733269
0.9403909241
0.9338338401
0.9394902275
0.9485283753
0.9667137758
0.9663982961
0.9442580931
0.9584878097
0.9629107989
0.9652184623
0.9617024489
0.9621428817
0.9728906153
0.9827282915
0.9822850284
0.9684446858
0.9480679771
0.9395850078
0.9489218649
0.9699969986
0.9805249117
0.9718217092
0.9582356633
0.9541452141
0.9599633362
0.9402600253
0.9433817118
0.9528618508
0.9742413765
0.9689423368
0.9772212383
0.9753878908
0.9606675910
0.9638002295
0.9822717868
0.9899406054
0.9928873458
1.0018593290
0.9992999128
1.0021348253
1.0031863669
1.0049128315
1.0122774722
0.9981464991
0.9771646486
0.9873746695
1.0051043658
0.9890365352
0.9898549241
0.9776316019
0.9889036148
0.9961995913
1.0051745830
1.0086032938
1.0121947830
1.0115505513
0.9983753204
1.0054279186
1.0226875564
1.0069422490
0.9971446226
0.9823694064
0.9784523575
0.9820907614
0.9815880683
0.9974600942
0.9720272624
0.9646994576
0.9881383931
0.9790859390
0.9701931808
0.9754496930
0.9730848248
0.9653150071
0.9638843542
0.9614203781
0.9640744812
0.9776916150
0.9795953867
0.9806629767
0.9850081208
0.9628175625
0.9643422165
0.9613563804
0.9660195487
0.9882034413
0.9774649017
1.0017336921
0.9874963733
0.9791722164
0.9727797195
0.9792161118
0.9954686830
1.0007137834
0.9930392177
0.9911458284
0.9936149000
0.9908151254
0.9894799872
0.9806443528
0.9682309022
0.9714633122
0.9750288105
0.9765992505
0.9801722662
0.9788839908
0.9882535692
0.9923444671
0.9762530785
0.9812832535
0.9833950653
0.9929167813
0.9988888983
0.9971862794
0.9909049446
0.9913177972
0.9974933920
0.9993223136
0.9962866257
0.9897397369
1.0017198580
1.0111603223
0.9981638547
1.0121838908
1.0139041526
1.0062875469
1.0058056563
1.0025239209
