#flux
0.9674883354
0.9881371642
0.9665851196
0.9479053223
0.9785625814
1.0176952718
1.0358624793
1.0278968831
1.0048488153
0.9847229643
0.9821013910
0.9907051491
0.9758837607
0.9400164609
0.9544008536
0.9951254016
0.9806324689
0.9785398301
0.9858662664
0.9892097424
0.9932307787
0.9762164916
0.9558489060
0.9877520199
0.9821213368
1.0042877631
1.0184650275
0.9952309136
0.9707346545
0.9695212568
0.9693086417
0.9629925976
0.9731379405
0.9859026474
0.9747274366
0.9755328038
0.9848883563
0.9645700362
0.9052662635
0.8591000517
0.8358645294
0.7894342707
0.8187197429
0.8349267051
0.8829714973
0.9019908334
0.9335424278
0.9574701764
0.9568433321
0.9538647703
0.9456851132
0.9408359211
0.9617594911
0.9743786682
0.9512658517
0.9446045737
0.9722229673
0.9783476183
0.9600290446
0.9480217506
0.9605473774
0.9915472889
0.9983520788
0.9936316876
0.9731898697
0.9653207070
0.9757252071
0.9945647299
0.9994714501
0.9909736607
0.9953752694
0.9922214465
0.9492312185
0.8997383977
0.8838944607
0.8880024806
0.8866268197
0.8772168694
0.8673873774
0.8892101570
0.9502473355
0.9769931547
0.9763934623
0.9805751075
0.9603981365
0.9526750314
0.9752169143
0.9796970280
0.9604111177
0.9285152764
0.8800045316
0.8648510238
0.8866205907
0.9096018037
0.9499354440
0.9814172069
0.9911442980
0.9396717270
0.8922055474
0.8897886533
0.9234181922
0.9634152029
0.9153466861
0.9050102274
0.9482950677
0.9326359685
0.9133947383
0.9310769364
0.9328538869
0.9151080176
0.9251362656
0.9411445339
0.9404095814
0.9570990205
0.9855455461
0.9836453515
0.9645159308
0.9459744243
0.9279380888
0.9414959807
0.9526112698
0.9171784597
0.9040431220
0.9224057568
0.9383098696
0.9279942896
0.9242439199
0.9263233960
0.9315008390
0.9501743012
0.9727836552
0.9672492099
0.9245863793
0.8827105259
0.8873971259
0.9071732958
0.8964488538
0.9330355850
0.9114879782
0.8971129833
0.9024094675
0.8954275669
0.8931501869
0.9025370777
0.8923123167
0.8793135677
0.8774346648
0.8858609640
0.9160284026
0.9341080209
0.9427100681
0.9418156094
0.9091262967
0.8738516376
0.8826605863
0.9158389258
0.9300982800
0.8996213950
0.8357526207
0.8265342942
0.8070286722
0.8168852750
0.8405622214
0.8323450011
0.8407581574
0.8548485459
0.8356114431
0.8555071120
0.8430795700
0.8339867767
0.8437727901
0.8445253019
0.8373154556
0.8281720464
0.8049362341
0.7902744425
0.8061084645
0.8117218151
0.8183025145
0.7952935878
0.7865777938
0.8128287293
0.8440749849
0.8317666478
0.7974491767
0.7654937087
0.7198099051
0.6927848439
0.6772475149
0.6247874978
0.5636916057
0.4834652883
0.4060009737
0.3597382393
0.3355999149
0.3421178717
0.3975892228
0.4666117656
0.4963090096
0.5070378398
0.4871423968
0.4719813320
0.4230095730
0.4019436070
0.3834647067
0.3628055127
0.3547517037
0.3405044670
0.3002415197
0.2671875354
0.2754187353
0.3008810114
0.3085784800
0.3019336613
0.2940383151
0.2953682262
0.3141795807
0.3323618647
0.3375470532
0.3548851022
0.4049282509
0.4548382968
0.5103551821
0.5208937678
0.5858477100
0.6781479497
0.6996039346
0.7137551709
0.7388181381
0.7422200894
0.7406426286
0.7612337861
0.7683194367
0.7412701975
0.7315696446
0.7603862547
0.7671084416
0.7502559252
0.7790071943
0.7915195769
0.7689521570
0.7694761748
0.8041101809
0.8386931740
0.9015485555
0.8955382901
0.8828040324
0.8652252614
0.8504850083
0.8309637543
0.8414734272
0.8633937889
0.8603314828
0.8567321384
0.8980748825
0.9568067315
0.9534011799
0.8942705889
0.8703411134
0.8769654041
0.8744896954
0.9040912182
0.8819738804
0.8709920571
0.9091103904
0.9206714534
0.8946494745
0.8563714343
0.8977582046
0.9317425002
0.9340099473
0.9148772997
0.9019023956
0.9035392464
0.9182801519
0.9207555302
0.8959406936
0.8898278537
0.9248983651
0.9325587244
0.8940571433
0.8854366122
0.9446534231
0.9227513462
0.9104154940
0.9376419739
0.9544349490
0.9311566097
0.9011092455
0.9194616873
0.9592512179
0.9281845761
0.8966629695
0.8579714767
0.8421444543
0.9022636648
0.9584939969
0.9413544344
0.9151135799
0.9065869699
0.8929206260
0.8813028352
0.8674676260
0.8187651798
0.8205765258
0.8501206774
0.8971690385
0.8777419827
0.8416181215
0.8623204811
0.9092662468
0.9214758004
0.9288326802
0.9576303651
0.9589894765
0.9346514331
0.9154928245
0.8853865476
0.8423968277
0.8170764498
0.8078798226
0.8072586363
0.8548390411
0.9043349143
0.9098296081
0.9008771988
0.9116153523
0.9203002718
0.9419626181
0.9943598122
0.9871902768
0.9450953935
0.9510158454
0.9514496799
0.9888863808
1.0099552649
0.9755004697
0.9691264280
0.9998107694
1.0052345297
0.9821621812
0.9549099120
0.9754951839
0.9726298782
0.9343499259
0.9145399286
0.8851004445
0.9310191335
0.8879412243
0.9141138723
0.9835801049
0.9774644564
0.9757303217
0.9753409038
0.9666379179
0.9308900369
0.9269485719
0.9818871872
1.0381475733
1.0477738762
0.9846646410
0.9411988206
0.9530380896
0.9551671470
0.9275894216
0.9193752451
0.9186214974
0.9247930035
0.9674438167
0.9446786668
0.9318168462
0.9429920303
1.0024186394
1.0408067836
1.0345546651
1.0180291664
1.0035612322
0.9783219882
0.9498005351
0.9378727490
0.9270093152
0.9085457497
0.9388106235
0.9590110701
1.0172331196
0.9854138988
0.9653339862
0.9962103342
0.9836680104
0.9536202800
0.9802518701
0.9981049887
0.9387440691
0.9461578036
1.0068291776
1.0153291777
0.9890029366
0.9742362871
0.9587691871
0.9339863852
0.9194059067
0.9101247846
0.8633243141
0.8411659206
0.9059307650
0.9786016604
0.9918200004
1.0058397600
1.0040893398
1.0147596829
0.9997347833
0.9985293733
1.0230107758
1.0112190410
0.9640707007
0.9145532447
0.8859371830
0.8909059645
0.9171498157
0.9248638288
0.8993827598
0.8820031438
0.9068957423
0.9588400468
1.0097344160
1.0015516698
1.0040332519
0.9543280171
0.9877553403
1.0021936662
0.9882990799
0.9576015490
0.9128645934
0.8909211016
0.8780437223
0.8867219119
0.8732964047
0.8497975832
0.8647856739
0.9108628174
0.9427361202
0.9386287686
0.9386943057
0.9777488366
1.0308160762
1.0390691050
1.0026510993
0.9648557289
0.9417039139
0.9504323888
0.9693252925
1.0006534681
1.0130403037
0.9961463094
1.0133346220
1.0130356150
0.9906389960
0.9817214218
0.9873184183
0.9830280075
0.9559803787
0.9299255871
0.9454372383
0.9853446531
0.9915817617
1.0089963073
0.9979949036
0.9614334428
1.0031439583
0.9679786825
1.0016570221
0.9944220105
0.9512441303
0.9538792483
0.9808890380
0.9953853801
1.0131733040
1.0222835622
1.0023526062
0.9721901066
0.9768425127
1.0262891960
1.0569625088
1.0246275527
0.9908168232
0.9667433206
0.9527688247
0.9762898605
0.9583342531
0.9372845338
0.9173617223
0.8926843088
0.9324902106
0.9664551320
0.9856693257
1.0090512603
1.0230390279
0.9910518718
0.9592945017
0.9594011219
0.9543665215
0.9527922855
0.9790159480
0.9811032871
0.9628679276
0.9592174505
0.9525673562
0.9382425934
0.9528585397
0.9683982839
1.0157415878
1.0197883436
0.9941415867
1.0214875343
1.0297947734
1.0144531380
1.0104448655
1.0077094205
0.9917681027
0.9540563724
0.9237854001
0.9454224882
0.9842649810
0.9783748999
0.9725560997
1.0033983179
0.9854494950
0.9990729502
0.9933533887
1.0172411648
1.0010505735
0.9944369731
0.9967091718
1.0108806936
0.9963932037
0.9823422118
0.9800627616
0.9835593106
0.9889833496
0.9751531585
0.9664431280
0.9871774361
1.0091769908
1.0033195441
0.9792305333
1.0082244953
0.9952650158
1.0084930058
0.9920463661
1.0295891764
1.0431185508
0.9971774838
0.9593984962
0.9765609484
1.0257672438
1.0401170637
1.0021319950
0.9740432482
0.9586972750
0.9494435599
0.9537091602
0.9393715123
0.9197713747
0.9535527173
0.9843339324
0.9664784160
0.9809668866
1.0006890462
0.9795434038
0.9651814047
0.9914250743
0.9975441200
0.9882706066
1.0144574316
0.9918369877
0.9679704679
0.9512507658
0.9858463957
1.0019031476
0.9931596204
0.9980260617
1.0056197604
0.9980288793
1.0043778775
1.0354517630
1.0330293175
1.0123925221
1.0001477273
0.9803162707
0.9571574957
0.9428729602
0.9525158300
0.9502470140
0.9821313010
0.9969850015
0.9678037154
0.9850031834
1.0092660235
1.0055101473
1.0093253051
1.0176488373
1.0098239139
0.9768939617
0.9452038091
0.9558720829
0.9629649956
0.9495045349
0.9933849936
1.0272771479
0.9775995110
0.9835054305
0.9673325060
0.9589683455
0.9567649020
0.9604383967
0.9833103527
1.0025032741
1.0369866152
1.0477743108
1.0089533598
0.9796386077
0.9900915871
1.0175941459
1.0529945603
1.0685688535
1.0224829276
0.9750853266
0.9889025726
0.9543385943
0.9654727277
0.9632468925
0.9532745984
0.9730302823
0.9801606187
0.9658307531
0.9564629237
0.9702432111
1.0070115432
1.0102768068
1.0035975976
1.0253341520
1.0391505332
1.0051973621
0.9655071155
0.9716568211
0.9853239037
0.9785269329
1.0140458386
1.0109099979
0.9900071827
0.9825191538
1.0100260332
1.0090514631
1.0124063165
1.0293759222
1.0220825174
1.0304133420
1.0433630603
1.0291015500
0.9935262124
0.9665385351
0.9781010725
1.0090886648
1.0086436504
0.9913276622
1.0010418958
1.0226620130
1.0396498503
0.9840794895
0.9658126764
0.9775273615
0.9671160079
0.9909828942
0.9623070451
0.9390185629
0.9703408369
1.0035173801
1.0286287294
1.0238783423
1.0112063705
1.0158857918
1.0380201029
1.0676004598
1.0705911829
1.0291460896
0.9968675783
1.0120600489
1.0093661477
0.9644842404
0.9734378069
0.9541119338
0.9946947050
1.0030528177
1.0358693885
1.0350990036
0.9955428413
1.0181910308
0.9982019377
0.9350788603
0.8809561206
0.8563042153
0.8859315893
0.9564165309
1.0032187199
1.0025453746
0.9943477385
1.0130197463
1.0434929559
1.0273967624
0.9938371781
0.9948061069
0.9608421480
0.8761889423
0.7804544591
0.7165419433
0.6763748718
0.7388602893
0.7849146383
0.8369868582
0.9188373360
0.9783222214
1.0017596537
1.0215669099
1.0416596969
1.0548418111
1.0623999217
1.0483711546
1.0213500027
0.9940558577
0.8793701725
0.7934214176
0.7712081996
0.8076557390
0.8342434807
0.9043486358
0.9147660544
0.9826716373
0.9962272820
0.9786287965
0.9930619756
1.0227600376
1.0043375126
0.9744080424
0.9899842997
1.0200743105
1.0195588536
1.0080045859
1.0136515726
1.0209206961
1.0059235440
0.9770534783
0.9700378092
0.9958494692
1.0277517318
0.9902036964
0.9833813549
0.9888314815
1.0139109245
1.0403341667
1.0249514737
1.0138223958
1.0128910128
1.0428419038
1.0574303038
1.0231807300
0.9835170534
0.9955313775
1.0354064112
1.0234463781
1.0073953869
1.0257824159
1.0221855479
1.0277186728
1.0332255973
1.0014572921
0.9826121711
1.0017859565
0.9844588614
0.9987198337
1.0131648831
1.0151906163
1.0351691047
1.0221712417
1.0335888571
1.0580250761
1.0719952540
1.0717985967
1.0293536923
0.9982240795
0.9972640227
0.9992188821
0.9516340214
0.9094220808
0.8884983618
0.9190065566
0.9616795876
0.9853741342
1.0221276777
0.9996389243
0.9814807677
0.9562072413
0.9825323829
0.9815811741
0.9873913662
0.9862423954
0.9822546194
0.9809423139
0.9577412674
0.9580815370
0.9627396427
0.9278513128
0.9024376148
0.9448723550
1.0033922032
1.0072667057
0.9771174725
0.9867742770
0.9926231923
1.0184630499
1.0229268635
1.0030016957
0.9972724791
1.0101246798
1.0271373875
1.0344148987
1.0453874256
1.0588768311
1.0687448279
1.0773215351
1.0644603478
1.0394729555
1.0097276186
1.0226307811
0.9969735494
0.9765757316
0.9672498098
0.9585925029
0.9731904802
0.9692537152
1.0163221475
1.0220393130
1.0445646908
1.0626154086
1.0275417149
1.0062113062
1.0401170801
1.0385948800
0.9830882997
0.9667500705
0.9816481087
0.9750835477
0.9749230452
0.9880740434
1.0148934098
1.0634621149
1.0841348046
1.0157011092
0.9752559903
1.0326419684
0.9907884508
0.9574865005
1.0023252284
1.0625727062
1.0823939594
1.0472081334
0.9736193262
0.9494462355
0.9940016651
1.0204438005
1.0073525103
0.9804424767
0.9435699033
0.9811106134
1.0015777722
0.9925849435
1.0096335752
1.0065532036
0.9998542258
0.9793196635
0.9581647980
0.9493139157
0.9463890605
0.9570227805
0.9614561354
0.9427863657
0.9283345073
0.9431579454
0.9785374318
1.0126259348
1.0309848648
1.0277258135
1.0068290819
0.9776248148
0.9213216655
0.9408557488
0.9747018286
0.9810828228
0.9692329073
0.9832891151
0.9461085340
0.9727453204
0.9971245167
0.9997194733
0.9843002475
1.0065922640
1.0103666995
0.9843351172
0.9615383186
0.9564142725
0.9428435773
0.8882896747
0.8568327832
0.8852362532
0.9567644251
0.9971133819
0.9885923143
0.9865129340
0.9995414713
1.0322797476
1.0327929509
1.0256708698
1.0514622875
1.0298519918
1.0274887145
1.0046324687
0.9963473115
0.9854231888
0.9641168249
0.9705067549
0.9728536486
0.9496342361
0.9498595359
0.9535026824
0.9964796464
1.0203168040
1.0295805327
1.0213864301
1.0467162088
1.0286539955
0.9689718224
0.9768368037
0.9785167626
0.9916758796
1.0216117287
1.0386398887
1.0479031437
1.0181114055
0.9708351096
0.9689512357
0.9847777337
0.9824974278
1.0187858063
1.0729383118
1.0530191750
1.0119601232
0.9853722364
0.9986762088
1.0216581845
0.9875508800
1.0199886665
1.0368702135
1.0390668607
1.0260190164
1.0218733428
0.9890523451
0.9477000327
0.9251690082
0.9438004548
0.9914196745
1.0182898184
1.0089295056
0.9917767020
0.9696720927
0.9474704606
0.9728769137
0.9944982658
1.0165887912
1.0735680449
1.0009139954
0.9927997123
1.0040751306
0.9881686470
0.9660918498
0.8811904218
0.8489752515
0.8485196704
0.8587162346
0.9221373293
1.0164948415
1.0547143507
1.0322785033
1.0114222714
1.0138318816
1.0525860922
1.0782925649
1.0325998654
1.0120145900
1.0163787367
0.9885385934
1.0222257883
1.0323360775
0.9687068118
0.9467240070
0.9790027361
0.9931734926
0.9975226951
1.0044629067
0.9816072578
0.9572291532
0.9773743852
1.0321647858
1.0684396808
1.0503621274
1.0201517176
1.0262738022
1.0422965293
1.0137320200
0.9919861653
1.0049162992
1.0103119411
1.0019940274
0.9641058295
1.0166033387
1.0204466025
1.0047840569
0.9989780497
1.0002528730
1.0043337140
1.0364389019
1.0630613150
1.0862668948
1.0886522293
1.0426826958
1.0269981627
0.9976379338
1.0133727617
1.0148071188
1.0339394883
1.0106572181
0.9851489819
0.9791552146
1.0138701856
0.9538109627
0.9659404324
1.0055707201
0.9747520004
0.9470792225
0.9279126234
0.9444027475
0.9932333866
1.0309914442
1.0397911350
1.0268086905
1.0185593640
1.0284095059
1.0025379081
0.9308594191
0.9167337724
0.9817876466
1.0034860481
0.9901708586
0.9988004249
0.9637694221
0.9717704167
0.9887324277
0.9769374760
0.9804611547
0.9859490141
1.0041432604
1.0311330280
1.0241288736
1.0025649054
1.0034900997
0.9937876048
0.9692258103
0.9702648467
1.0076209913
1.0581641774
1.0016425721
1.0594340539
1.1156202210
1.0800596421
1.0230862114
1.0520297840
1.0557513256
1.0304086098
1.0217136160
1.0073006840
1.0083114749
1.0237831581
1.0328437369
1.0069130404
0.9761173928
0.9793190492
0.9729074067
0.9679332191
0.9716941771
1.0107412361
1.0272901701
1.0106625928
1.0312893454
1.0470039756
1.0270505502
1.0307436566
1.0195223708
1.0002774600
1.0210165259
1.0157900184
1.0045477681
0.9663133235
0.9542898762
1.0089980377
1.0592409347
1.0671218360
1.0633766873
1.0402986422
0.9966268887
0.9654652501
1.0046419793
1.0621601713
1.0273533201
1.0462668285
0.9880785834
0.9970890034
1.0013430612
0.9768206711
0.9980340993
1.0158979208
0.9993681972
0.9727971612
0.9557235143
0.9565377529
0.9825536514
1.0116591329
1.0116258307
1.0067240506
1.0221308789
1.0123817159
1.0381108650
1.0332079972
1.0501693211
1.0234815468
1.0507094818
1.0485534002
1.0508502430
1.0351648280
1.0217862017
1.0128638694
0.9991265616
1.0482820319
1.0824246998
1.0670540882
1.0395822459
1.0333694264
1.0213425939
0.9730535369
0.9863658595
0.9900065946
0.9867259667
1.0100405378
0.9630112983
1.0003243578
0.9875284468
0.9532159005
0.9590700870
0.9892278993
1.0478908109
1.0582243505
1.0667334261
1.0524995561
1.0156691619
1.0023478847
0.9974687810
0.9847479680
0.9812706575
0.9760226489
0.9616130792
0.9583746977
1.0212390734
1.0314368800
0.9984994859
0.9924761454
1.0509491317
1.0472163951
1.0387365460
1.0279299051
1.0025451985
0.9996472747
1.0409541280
1.0348632596
1.0011874021
1.0141545243
1.0299505439
0.9948981275
0.9812109805
1.0038400623
0.9776815812
0.9669623751
0.9786087981
0.9688052546
0.9494905242
0.9543134714
0.9434039300
0.9640021997
0.9858175792
0.9801535659
0.9817893643
1.0365769584
1.0632116405
1.0053022822
1.0036798991
0.9957396461
0.9889834160
1.0050445166
0.9888737817
0.9647094692
0.9819307216
1.0131264138
1.0134963538
1.0217692109
1.0220311755
0.9432087790
0.9788101225
1.0251733924
0.9972962477
0.9589283728
0.9987170360
0.9717439384
0.9614670495
0.9616851360
0.9719463702
0.9539942238
0.9410898673
0.9590807876
0.9647810565
0.9774483667
1.0128934243
0.9974831120
0.9837310157
0.9806493913
0.9617673018
0.9773040919
1.0530382733
1.0079906881
1.0516546204
1.0333373482
1.0253239995
0.9841487971
0.9673324022
0.9605440254
0.9522530196
0.9906030332
1.0200167607
1.0278067158
1.0042260805
0.9655397795
0.9646296428
0.9844367362
1.0264233443
1.0328533364
1.0096678625
1.0112664626
1.0166637320
1.0458612148
0.9807226321
0.9859934481
1.0301821466
1.0047101021
1.0265674654
1.0178077069
1.0478983757
1.0472518246
1.0090687893
0.9503025265
0.8969803752
0.9146808825
0.9788703082
1.0008829969
1.0013308688
1.0069070350
1.0317939679
1.0704721507
1.0932089485
1.0957305286
0.9578306047
0.9521213296
0.9543359993
0.9419700347
0.9646627018
1.0121419658
1.0339899915
0.9875641891
0.9259179040
0.9278966720
0.9490391002
0.9489355122
0.9569741435
0.9790051411
1.0027899478
1.0207749092
1.0485075572
1.0469674158
1.0107305915
1.0379877173
1.0550040972
1.0196745362
1.0002953290
0.9555975845
0.9726738495
1.0012930583
1.0007321649
1.0219095215
1.0324514202
1.0228212772
0.9855338808
0.9590543512
0.9679750799
0.9902773357
1.0174814565
1.0118991024
0.9917487711
0.9985732740
1.0008018251
1.0057255098
1.0021224828
1.0128441521
1.0119529045
0.9920220477
0.9818813855
0.9949460407
1.0134328168
1.0238442496
0.9899722677
0.9798468394
1.0010198281
1.0023435865
0.9853728745
0.9735609817
0.9654090036
0.9612374901
0.9630843530
0.9752358269
0.9924727987
0.9875639669
0.9223960342
0.9810089313
0.9962667598
1.0067562891
0.9903418134
0.9951974683
1.0236848462
1.0598672907
1.0573441957
1.0067234175
0.9509944781
0.9551712429
0.9859176144
0.9895911997
0.9966063378
1.0135810597
1.0167583846
1.0331983698
1.0417283730
0.9989682686
0.9826224893
0.9569058082
0.9664369094
1.0011658448
1.0154598479
0.9941378167
0.9802492329
0.9521879349
0.9556243562
0.9707382778
0.9908619676
0.9950808098
0.9828881425
0.9626751577
0.9306306067
0.9234599306
0.9608842442
0.9760252865
0.9693551325
0.9844310669
0.9711200704
0.9658719777
0.9611824535
0.9063732277
0.9214516481
0.9064719148
0.9437172799
0.9536717403
0.9550476508
0.9427456073
0.8947841355
0.8420594701
0.8298817600
0.8633593598
0.8962753070
0.9171604086
0.9604486441
0.9746192810
0.9485733887
0.9289585343
0.9100410288
0.9417394191
0.9947661903
0.9868055372
1.0024230763
1.0024731281
0.9715537580
0.9790842777
0.9683831541
0.9787511693
1.0057796592
1.0151749256
1.0036327220
0.9825960767
0.9596321111
0.9521395916
0.9746866177
0.9945888726
0.9756669226
0.9934365171
1.0402129012
0.9920946765
1.0293358672
0.9934307032
0.9830735904
1.0152817582
1.0265166398
1.0160258476
1.0141081718
1.0049101135
0.9951305718
0.9724076297
0.9719980271
0.9908008251
1.0052582478
1.0165417163
1.0174263287
1.0081762131
0.9963457866
1.0113740266
1.0004752966
1.0068865052
1.0338609661
0.9977846115
1.0369189764
1.0769198029
1.0325797467
1.0027716754
0.9777954682
0.9676090899
0.9965630597
0.9970436802
1.0032810847
1.0436203659
1.0461971117
1.0069092060
0.9931769951
0.9815212316
0.9552633294
0.9823012573
0.9950938015
0.9730065668
0.9812329093
1.0521741573
1.0038050651
0.9957565874
0.9950482066
0.9940920962
1.0076631954
1.0097058970
0.9785521627
0.9383349182
0.9426792950
0.9979581528
1.0443043862
1.0391803586
0.9988028761
0.9570778186
0.9511671722
0.9961290933
1.0322446742
1.0620409877
1.0539406004
1.0083427070
0.9879118558
0.9759668810
0.9664874552
0.9826989408
0.9965898009
0.9665089202
0.9289210057
0.9012005814
0.9359734691
0.9517893624
0.9447905808
0.9744792949
1.0068351199
0.9910502824
0.9609582646
0.9640389719
0.9225144142
0.9395504350
0.9659539988
1.0193356941
1.0623116612
1.0818249930
1.0505051896
1.0251886066
1.0518769085
1.0677160881
1.0671868911
1.0508674126
1.0332451283
1.0211484133
1.0158397452
1.0188928169
1.0071478618
0.9888467490
0.9968799557
0.9973556052
1.0014326978
1.0049351876
1.0309370336
1.0143072681
0.9850335959
1.0034974067
1.0070059920
1.0013066364
0.9932617832
1.0036793804
1.0596613721
1.0703030695
1.0359310551
0.9932878959
0.9267199321
0.8888242016
0.8924127421
0.8776503993
0.8742942236
0.9116144477
0.9294151077
0.9417509230
0.9349581365
0.9681447796
0.9730041655
1.0751363530
0.9540462052
0.9623887192
0.9850510063
1.0383224215
1.0418665744
0.9751547372
0.9224777533
0.8944696145
0.8575293544
0.8051321274
0.7634512595
0.7569846488
0.8059700877
0.8732652708
0.8659122797
0.8582444853
0.8833478996
0.9579473539
0.9817438413
0.9946032641
0.9381616287
0.9659217859
0.9619054819
1.0179528124
0.9666098766
0.9576509796
0.9829743992
0.9965705528
1.0090592181
0.9957249661
0.9806591278
1.0014901740
1.0015314749
0.9534005129
0.9454854285
0.9831990790
0.9492825070
0.9449609225
0.9492074527
0.9740269603
0.9568321538
0.9963356235
1.0153955138
0.9866379871
0.9915938637
0.9806487956
0.9579141611
0.9582708845
0.9792864594
0.9747983962
0.9764503823
0.9981076484
1.0054860145
0.9943980393
0.9764989446
0.9854726753
0.9888982107
1.0048926789
1.0230404377
1.0010679595
0.9908618641
1.0178750450
1.0171276510
0.9542316241
0.9486167439
0.9580742318
0.9953871022
0.9970597817
1.0069272940
1.0123683778
0.9991420843
0.9964401113
1.0045236076
1.0013936837
0.9768433609
0.9448508898
0.9566947225
0.9619024156
0.9759932972
0.9466565338
0.9353755524
1.0172355921
1.0941095910
1.0204102745
1.0010336653
0.9367306599
0.9476457471
1.0098838808
0.9953596563
0.9484075716
0.9586620161
0.9850813531
0.9793982083
0.9724370770
0.9683230985
0.9559294252
0.9777563827
1.0088810779
1.0604015126
1.0671714924
1.0273383053
0.9837264408
0.9930166032
0.9694149722
0.9772469085
1.0243347520
1.0596997845
1.0221545989
1.0227262348
1.0059701437
0.9909139881
1.0045579430
0.9873949223
0.9635371381
0.9925820506
1.0171352136
1.0029057290
0.9749238963
0.9800723637
0.9450886614
1.0028807999
1.0252156434
1.0220320231
1.0552287750
1.0226903755
0.9898978554
0.9837860556
1.0136556099
1.0342016705
1.0249327375
1.0176278857
1.0085816601
0.9987296009
0.9865425398
0.9686553100
0.9659271934
0.9621478514
0.9627376170
1.0005933325
0.9483958714
1.0408050707
1.0756750706
1.0602911066
1.0413193831
1.0026422111
1.0179689531
0.9855813554
0.9595689175
0.9807563227
0.9808085051
0.9924943029
0.9916901978
0.9765783076
0.9742286696
0.9901666334
1.0227106735
1.0283982917
1.0029083802
1.0109042673
0.9830325461
0.9843552153
0.9564252104
0.9845470539
0.9772397322
0.9947533755
0.9524696812
0.9845770896
1.0491910009
1.0453594342
1.0287860697
1.0158940381
1.0065882268
1.0109415027
1.0019798788
0.9797699697
0.9956151902
1.0280505527
1.0163132762
1.0082701845
0.9886764089
0.9585799585
0.9582264028
0.9583953820
0.9592552633
0.9481598991
0.9491116258
0.9655401224
0.9764459267
0.9294434374
0.9073479806
0.9643406098
1.0377644663
1.0679539839
1.0397640789
0.9896251480
0.9834422928
1.0057867584
0.9957461098
1.0097299992
1.0580297089
1.0853104328
1.0347395137
1.0071983407
0.9725101364
0.9893430404
0.9529482565
0.9864910346
1.0161822478
1.0412212883
1.0299430617
0.9892264533
0.9806513413
0.9825402265
0.9818001949
0.9915613338
1.0008381347
0.9933000843
0.9729769224
0.9695884014
0.9893444232
1.0042155788
0.9838869696
0.9857398248
0.9959781995
1.0456168538
1.0495234637
1.0064834959
0.9598727901
0.9511722553
0.9965030055
1.0109865497
1.0198247582
1.0038512374
0.9758152063
0.9668534660
0.9769579105
0.9914990525
0.9984133929
0.9965710775
0.9776986722
0.9884151090
0.9866248304
0.9913604917
0.9824303984
1.0269960880
1.0452017034
1.0189668118
0.9830375693
1.0027397363
1.0171960373
0.9865130824
0.9700957425
0.9897975239
0.9672546111
0.9453491058
0.9715546047
0.9952168829
1.0014717166
0.9995820654
0.9913303635
0.9946383546
0.9897950872
0.9897242001
1.0059156865
1.0135468954
1.0384208426
1.0479357791
1.0209809027
0.9758602499
0.9656590182
0.9926454485
1.0411761143
0.9827457792
0.9624468717
0.9962504337
0.9790958014
0.9435271410
0.9617324092
1.0119093169
1.0254237493
1.0074521346
0.9626381945
0.9770361183
1.0455109141
1.0363346049
1.0294224985
0.9812677254
0.9232099746
0.9740718350
0.9614373842
0.9830826903
1.0106206863
0.9783254458
0.9768098726
0.9854722682
0.9953664810
1.0193063809
1.0307614689
1.0084297223
0.9445995456
0.9402358073
0.9733723559
0.9828505131
0.9476255060
0.9660098140
1.0107612595
0.9805564201
0.9235246263
0.9443377435
0.9344732965
0.9753041300
0.9908473391
0.9815355895
0.9873457210
1.0032807565
0.9948187768
0.9594514261
0.9436888378
0.9764179563
0.9990915359
0.9609239186
0.9456898380
0.9462510136
0.9726193043
1.0392603316
1.0468571879
1.0047280974
1.0245680837
0.9981772545
0.9793855401
1.0252360740
1.0377366755
1.0361851525
1.0214525075
0.9730789293
0.9075534049
0.8764447744
0.8707353973
0.8369888378
0.7827951039
0.7492917326
0.7697976326
0.8610086178
0.9118593273
0.9140486843
0.9775785210
1.0093514815
1.0317093009
0.9802370164
0.9986457392
1.0320434746
1.0197943144
0.9893781463
1.0330265469
1.0427667323
1.0073451993
0.9865328549
0.9562480658
0.9201917174
0.9346119406
0.9775203242
0.9951378008
0.9843699032
1.0122806237
1.0289115959
1.0117400229
0.9525093084
0.9647542591
0.9532930234
0.9510557647
0.9572738293
0.9575514076
0.9650687120
0.9923171501
1.0308761447
1.0284031159
1.0195884731
1.0371366667
1.0151108504
0.9793480710
0.9957580800
0.9772618470
0.9836187052
0.9776476721
1.0179568764
1.0516015552
1.0022443540
0.9781696256
0.9980851566
0.9738295139
0.9625050656
0.9693113655
0.9809767266
0.9817500984
0.9811677201
0.9635375889
0.9550928217
0.9733011774
0.9681618134
0.9426162631
0.9648822900
1.0118502410
1.0276750259
1.0237836745
1.0188499661
1.0094321039
0.9862276640
0.9604312266
0.9841859710
0.9580665951
0.9664374776
0.9411050959
0.9412972039
0.9385267210
0.9182616838
0.9347636349
0.9574964455
0.9706158776
0.9858105052
0.9842334412
0.9641129475
0.9475393961
0.9529041027
1.0121185263
1.0539686259
0.9818694790
0.9650887436
0.9690877057
1.0047482753
1.0484893444
0.9846557056
0.9457893130
0.9520958588
0.9665279717
0.9529222555
0.9622475190
0.9906924451
0.9767470103
0.9252375243
0.9126388630
0.9821431853
1.0381548763
0.9964009729
1.0101734401
1.0234449008
0.9992783619
0.9641586585
0.9466098321
0.9671097429
0.9425023367
0.9443330490
0.9868062263
0.9615930469
0.9847556118
1.0199918851
1.0446665628
1.0199021705
0.9860162947
0.9711012187
0.9828665390
1.0108964247
0.9973273550
0.9583127958
0.9655901553
0.9660202911
0.9891882277
0.9874333701
1.0091635154
0.9783802412
0.9800298919
0.9693657474
1.0157067948
1.0469995782
1.0180524337
0.9682204070
0.9735289751
0.9926634309
0.9714880631
0.9401783409
0.9506208391
0.9833204625
0.9826795035
0.9538920399
0.9395245969
0.9438135230
0.9706600565
0.9715322583
0.9793380451
1.0183553285
0.9909586194
0.9834871164
0.9884692861
1.0512911043
1.0562304740
1.0296219036
1.0066308610
1.0030722133
1.0068205066
1.0151552692
1.0087379201
0.9839687369
0.9556898892
0.9420578376
0.9745095094
0.9981452520
0.9577133132
0.9934188337
1.0275291417
1.0260429779
1.0291191617
1.0505808081
0.9653377838
0.9388335517
0.9995819170
1.0042582185
0.9553835220
1.0070488550
1.0547390331
1.0613531003
1.0460322229
1.0133042473
0.9945447939
0.9823787645
0.9543751934
0.9555490641
0.9817511148
1.0303632477
0.9986912313
0.9578176376
0.8687467455
0.9377364448
0.9878440130
1.0472753058
1.0186503093
