#flux
0.9698660819
0.9833523988
0.9841379162
0.9615802935
0.9410688100
0.9453985388
0.9586081449
0.9618601552
0.9560498554
0.9546293357
0.9746114078
0.9849570515
0.9692161285
0.9505766507
0.9702276001
0.9835222797
0.9597857422
0.9498795153
0.9651848614
0.9669683229
0.9664006055
0.9788111310
0.9758721415
0.9681797758
0.9777813275
0.9828016312
0.9592626700
0.9476163673
0.9679550408
0.9626205282
0.9580598833
0.9365891384
0.9533736907
0.9662273481
0.9608719768
0.9466203432
0.9360080180
0.9531520273
0.9457174938
0.9487261604
0.9498725252
0.9391694966
0.9430373826
0.9608609349
0.9746864320
0.9721591279
0.9417154425
0.9115129028
0.9256298042
0.9470502890
0.9352356647
0.9211741533
0.9212169010
0.9408932445
0.9478675233
0.9219718689
0.9230268488
0.9736633055
0.9486724176
0.9354811563
0.9349926235
0.9371256310
0.9481178398
0.9613313921
0.9564578197
0.9359920897
0.9340073547
0.9438809841
0.9316741009
0.9197139595
0.9137005563
0.9198391497
0.9332003111
0.9350484828
0.9195703829
0.9179611661
0.9523586418
0.9542942110
0.9332444988
0.9535306471
0.9561481988
0.9333915822
0.9057844585
0.8981384740
0.9099979325
0.9159896154
0.9169841248
0.9272199721
0.9212895607
0.8863382381
0.8715914909
0.8811127607
0.8863716439
0.8896046101
0.8955016012
0.8910114083
0.8838700335
0.9049734681
0.8924991878
0.9071906561
0.9426613884
0.9468067516
0.9414337469
0.9457616741
0.9386606473
0.9095368385
0.8945223196
0.9243841720
0.9478139443
0.9175178788
0.8981881524
0.8764344214
0.8632420592
0.8811463659
0.8873911681
0.8742856089
0.8961534286
0.9101470069
0.9057747292
0.9107209607
0.9409391363
0.9373681967
0.9194857393
0.9039561653
0.8931636898
0.8926848765
0.8985888252
0.9076854625
0.9189246806
0.9189325858
0.9066433161
0.8872587234
0.8678995359
0.8882471200
0.8965326120
0.8942518449
0.8920496561
0.8608074568
0.8867018093
0.8903901492
0.8861802288
0.8982359619
0.9046618894
0.8855948200
0.8754003952
0.8810528150
0.8761022765
0.8759511797
0.8847859532
0.8710787993
0.8705544556
0.8770746387
0.8626968803
0.8533493655
0.8457162231
0.8228937509
0.8179636337
0.8351049426
0.8213443321
0.7924226319
0.7891512733
0.8009640846
0.8294597445
0.8315571156
0.8217550272
0.8184704143
0.8197703706
0.8299793602
0.8383512552
0.8322257470
0.8338317661
0.8412231440
0.8018965061
0.7692456167
0.7737328267
0.7846187975
0.7905812942
0.7696887756
0.7584909376
0.7802849120
0.7686635950
0.7840952258
0.7737083247
0.7782473133
0.7866504105
0.7769724685
0.7669410356
0.7681345039
0.7734488174
0.7704194888
0.7504012132
0.7230482263
0.7106436684
0.6890850367
0.6967623687
0.7317372903
0.7170601613
0.6570372416
0.6421332942
0.6451779770
0.6267237998
0.5988829464
0.5244950383
0.4677678722
0.4356143046
0.4045216985
0.3718707241
0.3332740633
0.2897359025
0.2504570610
0.2158503532
0.1994561036
0.2036018727
0.1949048020
0.1837762309
0.2074568860
0.2309523267
0.2283275933
0.2504251873
0.2726667632
0.3179887138
0.3682852466
0.4043194792
0.4410514663
0.4703022783
0.5089081761
0.5506446088
0.5924663885
0.6306572708
0.6427836625
0.6628852197
0.6929601725
0.7137845265
0.7139975033
0.7104537382
0.7186213345
0.7087574889
0.7338247342
0.7433378121
0.7330260585
0.7358642400
0.7646468009
0.7959758716
0.8050661601
0.7938194253
0.7800069657
0.7715374017
0.7651385489
0.7613204459
0.7701824826
0.7815287260
0.7669339368
0.7762052407
0.7939123371
0.7997632856
0.8199893606
0.8426869747
0.8354791832
0.8238122387
0.8177789209
0.8347700183
0.8335723823
0.8061338852
0.8128432196
0.8311290277
0.8379288842
0.8427218574
0.8497759919
0.8580679609
0.8666875937
0.8684431264
0.8622440287
0.8584705104
0.8392861983
0.8510390824
0.8736703794
0.9118342744
0.8923673066
0.8540243097
0.8556300075
0.8737265454
0.8671019258
0.8643489752
0.8621699510
0.8534146345
0.8743620033
0.8948719093
0.8951232441
0.8907567771
0.8820576543
0.8903424722
0.8904392247
0.8653656104
0.8575445494
0.8779367027
0.8821960844
0.8871102900
0.8939143463
0.9132929583
0.9062209864
0.9102859914
0.9062311606
0.8973298239
0.8876949108
0.8764939458
0.8873355872
0.9147416416
0.9199942955
0.9070897359
0.9026658987
0.9023491014
0.9154737358
0.9234993937
0.8960210161
0.8978249026
0.9158933541
0.9100159360
0.9009172610
0.8627328466
0.8162538582
0.8039991023
0.8181629913
0.8619435446
0.8926945560
0.9000097105
0.9210392038
0.9557425518
0.9573744608
0.9232138961
0.9164627420
0.9522214784
0.9613969984
0.9413523940
0.9354277407
0.9363812706
0.9377842575
0.9453356670
0.9597764764
0.9530590738
0.9439639068
0.9375515989
0.9328690047
0.9408300006
0.9342643939
0.9076865145
0.9007275123
0.9134585546
0.9178148203
0.9178982256
0.9266352816
0.9364636646
0.9490683248
0.9676414833
0.9673901683
0.9350848382
0.9100921434
0.9202365419
0.9362922332
0.9365845241
0.9446421670
0.9255604427
0.9231492826
0.9250598864
0.9256717706
0.9226009468
0.9120432947
0.9078805622
0.9278349601
0.9542855137
0.9560569421
0.9389044616
0.9350569276
0.9574594315
0.9580143659
0.9362806052
0.9199864230
0.9295376420
0.9147359006
0.9093680773
0.9094537852
0.8797736100
0.8816670664
0.9002354824
0.9033970825
0.9272798135
0.9458283255
0.9579327304
0.9662188785
0.9574664047
0.9421754037
0.9315955426
0.9273178387
0.9362594139
0.9647952584
0.9822807455
0.9479053647
0.9267362672
0.9110306134
0.9230958645
0.9120355902
0.9475134017
0.9728793064
0.9397271801
0.9135086658
0.9183299161
0.9282068772
0.9385307537
0.9562809290
0.9723538145
0.9578699558
0.9380909518
0.9624814241
0.9406520549
0.9014014387
0.8885140118
0.8851732592
0.8568315587
0.8313134279
0.8319676244
0.8650609047
0.9078340939
0.9220724926
0.9374565010
0.9388302155
0.9439826749
0.9505809908
0.9729526518
0.9859042813
0.9643392434
0.9411881244
0.9452714005
0.9610519243
0.9615807593
0.9628533302
0.9683852519
0.9497552717
0.9693347418
0.9845383907
0.9817562170
0.9509048385
0.9503835561
0.9598052888
0.9551871073
0.9576040516
0.9469644901
0.9367330155
0.9547946047
0.9785780592
0.9829021036
0.9898497698
0.9956597026
0.9755944499
0.9716155305
0.9593267459
0.9651406784
0.9591447113
0.9459098355
0.9694537267
0.9934221839
0.9800148544
0.9780370122
0.9869803489
0.9606419297
0.9371663805
0.9531947674
0.9806471573
0.9820799683
0.9842693909
0.9913091434
0.9875839137
0.9701242173
0.9443515483
0.9766553084
1.0148575943
1.0126179548
0.9907239013
0.9895046588
0.9989824607
0.9690193116
0.9737118734
0.9573447857
0.9532032813
0.9924418507
0.9769126698
0.9754583834
0.9782500182
0.9729951661
0.9782789391
0.9845762915
0.9751575847
0.9661923436
0.9697112560
0.9582837072
0.9399793993
0.9830167547
1.0015361929
0.9822224748
0.9774104930
0.9648003907
0.9739689753
0.9544980859
0.9571271456
0.9551100310
0.9561574285
0.9688079180
0.9668338005
0.9539349667
0.9633039227
0.9826307449
0.9909295498
0.9927050875
0.9935650465
1.0060905309
0.9908669509
0.9571444395
0.9475846003
0.9611130494
0.9715048012
0.9598629790
0.9441662489
0.9513044780
0.9664759805
0.9684670452
0.9736390863
0.9698040766
0.9731460797
0.9713292901
0.9542397445
0.9644626276
0.9979843068
0.9998268449
0.9759518790
0.9616844303
0.9747040954
0.9903351436
0.9928082443
0.9867287972
0.9974205041
1.0214867886
1.0069082297
1.0273264067
1.0032984104
0.9713961114
1.0022493282
0.9966626254
0.9803774428
0.9723828249
0.9611555569
0.9502035448
0.9543182869
0.9676391769
0.9651886809
0.9524287385
0.9516246067
0.9605532280
0.9675640063
0.9568934265
0.9863231929
0.9910604654
0.9732853709
0.9408294616
0.9826912480
0.9766344461
0.9652376033
0.9521218163
0.9664058140
1.0013351867
1.0131870479
1.0042812920
1.0037662889
0.9975614244
0.9735251517
0.9691676356
0.9873548226
0.9982657297
0.9879311343
0.9804057576
0.9555340614
0.9621206267
0.9682274417
0.9908143960
0.9876141866
0.9846644432
0.9802571994
0.9753102186
0.9767030106
0.9768138029
0.9833618589
0.9880781950
0.9791319894
0.9762173723
0.9894593607
0.9860132355
0.9663909354
0.9937909848
0.9803609287
1.0175326194
0.9898992583
0.9851947124
1.0080101933
0.9746509360
0.9335548449
0.9268343999
0.9131067390
0.8874301922
0.8866271648
0.9213109765
0.9507972628
0.9416072201
0.9353889240
0.9649008592
0.9903305391
0.9783054626
0.9496536295
0.9933459236
1.0283516385
1.0061170195
0.9970758872
0.9881457318
0.9873475828
0.9947291931
0.9916327851
1.0172187396
0.9989665135
0.9740192705
0.9839818284
0.9986479526
0.9986093596
0.9840459647
0.9652008074
0.9732337177
0.9997673536
0.9984929841
0.9906791992
0.9843034846
0.9863105558
0.9847275465
0.9786653226
0.9934122508
0.9949654449
0.9723805329
0.9925502229
0.9753022540
0.9517046271
0.9517898780
0.9521026051
0.9752698004
1.0077598021
1.0136938077
1.0118102170
1.0055832055
0.9792403813
0.9616953839
0.9540746382
0.9741055784
0.9980828821
1.0078910593
1.0060452837
0.9803286915
0.9758637984
0.9728571972
0.9598075867
0.9422389737
0.9830372499
0.9904683947
0.9652606379
0.9739065415
0.9968184361
0.9870805156
0.9788145346
0.9829122547
0.9879243021
1.0162917289
1.0111125559
0.9854649962
0.9674234626
0.9590488571
0.9795510169
0.9845237144
1.0077817589
1.0133246217
1.0027749895
0.9995327265
0.9959075934
0.9908196609
1.0066726946
1.0247650174
1.0084879922
0.9860311558
0.9727101397
0.9679082209
0.9775902363
0.9774966489
0.9710185190
0.9777573522
0.9790765319
0.9657306754
0.9614651871
0.9604896493
0.9676349867
0.9833205818
0.9628296562
1.0039816375
1.0662379377
1.0891591790
1.0654599819
1.0191071255
0.9899159390
0.9771719455
0.9589179542
0.9368308920
0.9166099363
0.8762233265
0.8054961691
0.7543042920
0.7503671437
0.7715689586
0.8095919460
0.8687106128
0.9428274816
0.9792833980
0.9442839475
0.9779549928
0.9619915941
0.9669850369
0.9652732327
0.9688318029
0.9533140740
0.9185137920
0.8724742746
0.8308418494
0.8145588807
0.8234450028
0.8620725984
0.9061872344
0.9444527918
0.9862726076
0.9815124088
0.9563079709
0.9895100745
0.9884430661
0.9775357948
0.9675120463
0.9695662139
0.9838759303
0.9759245414
0.9652205374
0.9698125580
0.9845726464
1.0075734700
1.0143171755
1.0082872262
1.0119951519
0.9945058863
0.9860350550
0.9908989976
1.0041563100
1.0045045787
0.9794716790
0.9582421766
0.9686173655
0.9899662810
1.0022962425
1.0055776392
0.9878911265
0.9799605072
0.9784936189
0.9880723258
0.9794087118
0.9702835140
0.9741454238
0.9799839205
1.0041978804
1.0200804936
1.0048411111
1.0183050993
1.0076840217
1.0160911237
1.0104865680
1.0110168151
1.0122267927
0.9951773539
0.9825920437
0.9840120249
0.9844433987
0.9808800796
0.9802609566
0.9751285406
0.9724872846
0.9739618706
0.9588321202
0.9391541084
0.9307919741
0.9050395644
0.8944615862
0.9391562769
0.9728373630
0.9765798612
0.9699103456
0.9593137290
0.9831701245
1.0181827168
0.9960120642
0.9813997989
0.9724742895
0.9668064459
0.9812853697
0.9783874080
0.9488241017
0.9278887775
0.9199973009
0.9321563727
0.9671211788
0.9766809645
0.9752938330
0.9941609117
0.9773997300
0.9574713812
0.9818851328
1.0471038457
1.0326015875
1.0019241387
0.9905864603
0.9988115708
1.0069975872
1.0205335493
1.0255211593
1.0200454979
1.0151971959
1.0212943707
1.0221688868
1.0104546795
1.0062573926
1.0058343110
0.9965232448
1.0001886253
1.0080849076
0.9940715960
0.9864107277
0.9691679993
0.9894789706
1.0230715773
1.0308071713
1.0072669145
1.0216478329
1.0094923298
1.0118475905
0.9978896250
0.9946581913
0.9970544893
0.9858220971
0.9862375744
1.0108895704
1.0235794446
0.9998795841
1.0001371635
0.9881613521
0.9709807151
0.9930303280
0.9932427077
0.9830539567
0.9807631182
0.9870311246
0.9987763083
0.9897905925
0.9920944463
1.0086929196
1.0154546147
0.9984005141
0.9828099831
0.9831903363
0.9873912022
0.9861647263
0.9850164511
0.9904435289
0.9848725982
0.9832326356
0.9829217985
0.9924243372
0.9665314969
0.9832622445
0.9869968249
0.9892541803
0.9974327482
0.9805677082
0.9732982032
0.9668235268
0.9604171820
0.9638947158
0.9708982462
0.9738244957
0.9804029877
0.9861391917
0.9736844437
0.9630425740
0.9842505749
1.0019807259
0.9973593458
1.0035608598
1.0032387759
0.9740971935
0.9928978632
0.9866791228
0.9981245637
0.9901432312
0.9839252396
0.9856243053
0.9793378096
0.9618395140
0.9482520458
0.9322344064
0.9175559455
0.9273305182
0.9574850694
0.9797021172
0.9836009489
1.0054075254
0.9675742142
0.9614399712
0.9806446470
1.0004477052
1.0081134630
1.0026489815
1.0018220887
1.0076583668
0.9890165336
0.9617738719
0.9726887794
0.9917716738
0.9726214342
0.9560931665
0.9868948420
1.0165995955
1.0001172447
0.9762926401
0.9681424533
0.9703846809
0.9952863768
1.0222266974
1.0113751587
0.9579740187
0.9797817634
1.0199600629
0.9806322330
0.9730605149
0.9900632590
1.0172328702
1.0017262252
0.9735044663
0.9832599677
1.0067636670
1.0092398569
1.0073066624
1.0050621620
0.9951242295
1.0160057265
1.0276069529
1.0151461227
1.0026292273
0.9880243963
0.9685890408
0.9866509051
1.0133127757
0.9844166951
0.9549784718
0.9650390590
0.9704587887
0.9607246335
0.9567107201
0.9719408112
0.9924581290
1.0014010995
1.0020853625
1.0099806725
1.0139462092
0.9865263274
0.9829562406
1.0126897912
1.0094669791
0.9769524999
0.9899693956
0.9768372948
0.9444919103
0.9169617937
0.8883711664
0.8687200467
0.8810057402
0.9008450482
0.9311688578
0.9730566643
0.9932213507
0.9887268889
0.9844828387
0.9742139973
0.9674600805
0.9899218088
0.9846134055
1.0121359195
1.0142008044
1.0038457491
1.0094648051
1.0164909174
1.0321384645
1.0126967760
0.9797392355
0.9602867381
0.9847578464
1.0108346220
1.0129998254
1.0081651260
0.9951432532
0.9939350708
1.0096061641
1.0056624230
1.0033702067
1.0339842982
1.0333477766
1.0223251939
1.0258577557
1.0178968070
0.9831509334
1.0116796446
1.0069491913
1.0025179785
0.9985493032
1.0079741413
0.9997945431
0.9883413944
0.9901181552
0.9934360290
0.9962521121
1.0123463086
1.0084583162
0.9780772394
0.9869137311
1.0174745389
1.0145429653
0.9892610379
0.9909986422
0.9772400057
0.9751905078
0.9783367145
1.0168454141
1.0141133540
1.0051537024
1.0179705870
0.9814195305
0.9773141585
1.0052879684
1.0111874509
0.9908865675
0.9583321316
0.9591364874
1.0015194012
1.0131894174
0.9930925160
0.9723675251
0.9511247515
0.9663002296
0.9613766330
0.9623775247
0.9373349711
0.9261678503
0.9651148031
0.9980757229
0.9851820543
0.9602977252
0.9464064248
0.9598254440
0.9847447371
0.9893594293
0.9929174685
0.9970159213
0.9902932093
1.0059881364
1.0302200991
1.0221376956
0.9993326339
0.9696319844
0.9786519350
0.9995114867
0.9921990043
0.9769865523
0.9849134316
0.9803056261
0.9575776128
0.9680811281
0.9733888714
0.9636252604
0.9684273959
0.9763411940
0.9862301831
1.0084948702
1.0269753443
1.0193186451
0.9975787447
1.0021545758
1.0018581479
1.0330774965
1.0164573400
0.9969189531
1.0007159760
0.9714169260
0.9821767667
1.0461379378
1.0402891513
1.0153839333
1.0171722044
1.0158853199
0.9921333816
1.0011464393
1.0218434384
1.0031938606
0.9861528343
1.0016292030
1.0089036695
1.0049942556
0.9950851111
0.9947773130
0.9945646176
0.9798891973
1.0005367566
1.0117361065
1.0031933186
1.0113677866
1.0285874727
0.9932048366
0.9856836191
0.9881184132
0.9946953298
1.0042886239
1.0025745034
0.9921262290
0.9915577089
0.9970592165
0.9906987860
0.9824977386
0.9755122582
0.9987805035
1.0525976332
1.0213729329
1.0089876994
1.0303336265
1.0188839959
0.9855037713
0.9928365351
1.0151765773
1.0115070151
0.9975642843
0.9840546092
0.9886005867
1.0001105393
1.0035897159
1.0060644100
1.0048650081
0.9981841705
1.0028849534
1.0048639810
0.9912270677
0.9763806219
0.9894801603
0.9878507750
0.9802345073
0.9901915761
0.9912104409
1.0088969239
1.0182573626
1.0119669760
0.9807139734
0.9495483795
0.9631723579
0.9983248715
1.0012283652
0.9858458032
0.9983858696
1.0298072378
1.0378102587
1.0123747116
1.0072944009
0.9982505199
1.0057848912
1.0369327397
1.0076494313
1.0034729735
1.0046095264
0.9976520239
0.9905161135
0.9890259466
0.9925636397
0.9852020119
0.9803341696
0.9736105868
0.9887519092
1.0315203643
1.0415930614
1.0127983565
1.0035672685
1.0049978363
1.0003844121
1.0111084260
1.0061504387
1.0013579471
1.0006991503
1.0038262292
1.0121094320
0.9984394853
0.9849750131
0.9801747643
0.9870201685
0.9968241628
1.0009775734
0.9989535307
0.9839111509
0.9774325616
0.9957327741
0.9955915148
0.9718186955
0.9801410248
0.9976141026
1.0042066657
0.9885381432
0.9759485366
1.0311460266
1.0201221631
0.9982588604
0.9975870754
0.9968640221
1.0156262902
1.0076596002
0.9976090253
0.9970673977
1.0002399260
0.9950236389
0.9941529603
0.9962851574
0.9797078768
0.9808302419
0.9913125786
0.9650797534
0.9806232585
0.9963935672
0.9855023470
1.0116625711
1.0068667058
0.9943556119
0.9685701224
0.9862442875
1.0066179457
1.0015110382
1.0116814020
0.9972624031
0.9739336977
0.9954587779
1.0244296683
1.0083817450
0.9847202610
0.9964179857
1.0181468187
1.0130347518
1.0098296331
1.0141287005
1.0325627332
0.9908497564
0.9818463761
0.9903992563
0.9821740662
0.9853833482
1.0050061895
1.0086627104
0.9915229992
0.9847583626
0.9962197383
1.0072773608
0.9977305157
0.9784956654
0.9863128544
1.0143850261
1.0142967076
0.9997352614
1.0126683590
1.0176079188
1.0098670178
1.0035800048
0.9687543772
0.9790180307
1.0199798916
1.0199019787
1.0034487302
0.9999318924
1.0186698461
0.9936446101
0.9706022569
0.9663902231
0.9573326365
0.9588448904
0.9686334669
0.9827092554
1.0049043168
0.9905535530
1.0318367511
1.0108905691
1.0169574729
1.0084099185
1.0196017111
1.0237448454
1.0547374370
1.0310415137
1.0070244799
0.9994362175
0.9933455732
0.9909086611
0.9821602457
0.9766736634
0.9873853546
0.9955101096
0.9941435821
0.9961281098
0.9824892238
0.9733014986
1.0185499202
1.0024477085
0.9989422595
0.9918858892
1.0021170491
0.9828463243
0.9857388226
0.9868463021
1.0002091880
1.0217272562
1.0119629921
0.9993890116
1.0034721695
0.9920734800
0.9744533511
0.9842353897
0.9995238908
0.9874151160
0.9763303041
1.0083281873
1.0030358057
0.9954290636
1.0062629258
1.0163976367
1.0146860811
0.9887677333
0.9911544732
0.9906277049
0.9818382941
1.0074011362
1.0206320174
0.9992315453
0.9923619215
1.0024032292
0.9856623313
0.9667221210
0.9811408554
0.9903357403
0.9825678255
0.9802601550
1.0060465707
1.0087690645
0.9773059968
1.0278582969
0.9868233369
0.9876810341
1.0180227650
1.0086716303
0.9739969983
0.9903554286
0.9968864365
0.9951793978
0.9885421721
0.9920398972
1.0017519605
0.9961689140
0.9819198314
0.9761858751
0.9863390252
1.0081989371
1.0140884410
0.9952700057
0.9868822500
0.9815616531
0.9655369524
0.9787502517
0.9944255812
0.9636624064
0.9325889133
0.9348711160
0.9388178234
0.9521168238
0.9553902867
0.9289941400
0.9011404807
0.8810297955
0.8662468283
0.8677165202
0.8737558757
0.9103926467
0.9276945858
0.9095544170
0.9173056019
0.9267904630
0.9490840959
0.9409319432
0.9491663816
0.9404158332
0.9699862191
0.9970899608
1.0036092560
1.0071922951
1.0049589216
0.9998981020
0.9986394513
0.9879091502
0.9835665246
1.0011648007
0.9957342037
0.9823728799
0.9769077959
0.9356662691
0.9308232909
0.9949167857
0.9847266741
0.9782157186
0.9745390830
0.9864112257
0.9789781819
0.9667900774
0.9826639291
0.9952935354
0.9951544671
0.9944414163
0.9822628303
0.9858628283
1.0303946101
1.0569963119
1.0373629296
1.0287447624
1.0272409083
1.0185633491
1.0070221666
0.9970958572
1.0184900282
1.0068366805
0.9914885784
0.9900353259
0.9855018302
0.9887523360
1.0147889175
1.0396436165
1.0534706876
1.0455174056
1.0203136301
1.0206533408
1.0535819760
1.0526946754
1.0099594925
1.0169980828
1.0598527812
1.0703410205
1.0157860234
0.9652306883
0.9858505928
1.0074180660
0.9756498856
0.9799834718
1.0148573488
0.9988691950
0.9793531936
0.9850294884
0.9891828012
0.9954882253
1.0047946233
1.0082372950
1.0061608506
0.9868336348
0.9696685982
1.0024594008
1.0070160717
0.9851351651
0.9992873235
1.0087933441
0.9814055192
1.0122770224
0.9950571899
0.9998217744
0.9975164691
0.9576384848
0.9473205008
0.9926444928
1.0061521381
0.9893645715
0.9757634051
0.9673411980
0.9807454950
0.9998188699
0.9833910746
0.9770889302
0.9947314212
1.0056040043
0.9910733588
0.9996030587
0.9777724443
0.9479047177
0.9830140028
1.0066465424
1.0185176758
1.0280008065
1.0117190115
0.9876952081
0.9873321742
0.9950520105
1.0005029591
1.0002501533
1.0091307925
1.0227097643
1.0074180549
0.9989726852
1.0073377373
1.0161763632
1.0205338592
0.9899331438
0.9983578237
1.0069934982
1.0029810655
1.0120351774
1.0179442390
1.0121651985
1.0300684204
1.0261965010
1.0062022759
0.9998258073
1.0054455812
1.0224006865
1.0405017684
1.0388045354
1.0255393827
1.0172496967
1.0182099776
1.0148733209
1.0045380375
0.9973113335
0.9699423350
0.9420366331
0.9761616870
0.9932516045
1.0046284260
0.9970346566
1.0054535108
1.0107045101
1.0138314665
1.0214618704
1.0151947104
1.0065292700
1.0147359694
1.0054518991
0.9575936667
0.8959334441
0.8102262829
0.7704158212
0.7900847890
0.8434064517
0.8930876297
0.9558269825
1.0001827728
0.9832568225
0.9907810318
0.9624237496
0.9649103748
0.9642216632
0.9679105773
0.9726087735
0.9926217961
1.0317377145
1.0485761579
1.0367808650
1.0153731247
0.9806936180
0.9923104890
1.0106031003
1.0036190127
0.9983831199
1.0164623899
0.9936865997
0.9931455486
1.0121710839
0.9963231977
0.9990354587
1.0024625800
1.0095186176
1.0171098447
1.0127376740
0.9985526996
1.0126270872
1.0305130744
1.0261192977
1.0202173894
0.9964124169
0.9999772041
1.0122179855
1.0145621204
0.9901315006
1.0438868435
1.0200043949
0.9989592917
1.0137827361
0.9865675607
0.9602816688
0.9636517187
0.9932451997
1.0062769158
1.0017102294
0.9887752844
0.9865101095
0.9950080846
1.0028483627
1.0092693277
1.0077040550
1.0016952209
0.9769119484
0.9813977854
0.9821090293
0.9721395919
0.9625190795
1.0016616947
1.0067578912
1.0137330777
0.9869753766
0.9892975570
0.9900592286
0.9889211431
0.9959445673
0.9902878906
0.9962911853
0.9970108060
0.9770606367
0.9805192899
1.0020120462
1.0321821311
1.0413955781
1.0133649252
1.0111618464
1.0026386719
1.0047219270
0.9845497453
1.0012020506
0.9846340807
0.9833560398
1.0377514468
1.0366789453
1.0134889816
1.0072574858
1.0012229327
0.9879481465
0.9789034261
0.9898729910
1.0082413303
0.9950302791
0.9810567882
1.0157479757
1.0197212694
1.0126337670
1.0282809927
1.0219435901
1.0284317149
1.0301574936
1.0186210582
1.0015490570
1.0068280587
1.0014175874
1.0188258668
1.0087171381
1.0058765525
1.0223861736
1.0297704972
1.0247723670
1.0225591507
1.0264467888
1.0132691848
1.0147311794
1.0277400819
0.9960442992
0.9964701937
0.9991645579
1.0536237291
1.0279040606
1.0010420342
1.0034520512
0.9992747223
0.9859383586
0.9825412252
1.0151291720
1.0243756095
1.0132522867
1.0174406611
1.0071284816
0.9929827492
1.0090442271
0.9999763811
1.0044718853
1.0178722639
1.0089992273
0.9795954384
1.0075149507
1.0026698380
0.9959197571
0.9840335223
0.9789534790
0.9967238622
1.0079080807
0.9970562086
1.0010961210
1.0085175223
1.0121301127
1.0291905166
1.0292870432
1.0128112814
1.0136256816
1.0035195076
1.0391955034
1.0479789001
0.9981182549
0.9804383936
0.9737191980
0.9941016979
0.9831793971
1.0033397642
1.0405666561
1.0144656043
1.0010724237
0.9796968717
0.9881041990
0.9936310524
0.9863819086
0.9903923441
0.9917260149
0.9783577500
0.9697615350
0.9720032274
0.9871536914
1.0061543856
0.9916215587
0.9634308376
0.9952883520
1.0185708352
1.0167976620
1.0074406415
1.0013372650
1.0278628183
1.0146924197
1.0180928153
0.9896261957
0.9661946131
0.9729935056
0.9835096448
0.9988903326
1.0183072535
1.0208555898
1.0072230641
0.9816696552
0.9980677720
1.0088751216
0.9828047547
1.0181164774
1.0070768205
1.0177049698
1.0039057322
0.9853465502
0.9685152718
0.9796094267
1.0030141867
1.0097365090
1.0113461010
1.0189377566
1.0205191740
1.0193707152
1.0202426715
1.0055352646
0.9876772173
1.0083718048
1.0415066092
1.0144552222
0.9661706649
0.9808423459
0.9828958975
0.9735616905
0.9640074529
1.0075244893
1.0144971200
0.9820872666
0.9538450724
0.9617368538
0.9825505106
0.9847379605
0.9989270637
1.0154251930
1.0096118636
0.9995168049
0.9851338272
0.9964383458
1.0153779149
1.0063801085
1.0119805185
0.9827023034
0.9929817636
1.0168971138
1.0291622398
1.0285526300
1.0067261929
0.9901580349
0.9972569922
0.9844216909
0.9641018502
0.9658690682
0.9720250021
0.9898738378
1.0025922703
0.9906151428
1.0034699190
1.0099584491
1.0024213121
1.0091185223
1.0378863234
1.0204134738
1.0233637021
1.0273172408
1.0083602151
0.9858971399
0.9862475676
0.9590782565
0.9698153640
1.0020859507
1.0128702157
1.0191982783
1.0139091677
0.9969751717
0.9911128011
0.9891815664
0.9966544518
1.0255592831
1.0179924694
1.0075037671
0.9881017030
1.0060539178
1.0354347660
1.0092973645
1.0137520547
0.9970629341
0.9556542257
0.9540427372
1.0006281097
1.0172690596
0.9914297551
0.9814561186
0.9894120062
0.9994210486
1.0007943028
0.9906208896
0.9958486393
1.0065733023
1.0025668376
1.0019524994
0.9880699823
1.0184585135
0.9925708991
0.9926836383
0.9962059098
1.0143800019
1.0436196204
1.0112728114
1.0021528311
0.9968988754
1.0030609058
1.0209164316
1.0179209647
1.0022212290
0.9954477642
0.9855599839
0.9833865860
1.0101690648
1.0162176017
0.9923574990
0.9954402910
0.9538578060
0.9495852903
0.8974299067
0.8590388149
0.8480774619
0.8241196513
0.8064801514
0.8029726282
0.8467819802
0.9016151457
0.9571613092
1.0008105381
1.0129273678
1.0100395686
1.0152738323
1.0219099531
1.0212076205
1.0117509991
0.9989083680
0.9955114765
0.9804226482
0.9949751125
0.9956646160
1.0315555706
1.0265188067
0.9906867034
0.9794931449
0.9969240928
1.0019286840
0.9934113853
0.9893641110
0.9991189938
1.0032483558
1.0017342483
1.0054145276
0.9993198504
0.9956658045
1.0132940006
1.0144747180
1.0108760675
1.0099198207
1.0180229749
1.0115842881
1.0163151607
1.0413519018
1.0105996081
0.9936379782
0.9900132432
0.9940538469
0.9815884258
0.9782978152
0.9966146732
1.0039110796
1.0130084671
1.0279253575
1.0158939643
1.0011223138
0.9865799779
0.9905235832
1.0004589129
1.0155916818
1.0152118505
0.9830713677
0.9789507771
0.9997112863
1.0196625581
1.0318824295
1.0333127712
1.0161507029
0.9886639799
0.9933807220
0.9998637467
0.9931323133
0.9816053203
0.9755545914
0.9801356393
0.9735753394
0.9791095343
0.9915946996
0.9703914611
0.9733479834
0.9910021044
0.9834492803
1.0109329388
0.9968292104
0.9798469980
0.9911113827
0.9825259179
0.9778390964
0.9903458190
1.0049706836
0.9941218522
0.9845736225
1.0069777033
1.0126582280
0.9782209677
0.9837918088
1.0378338427
1.0424596809
0.9924344686
0.9582080230
0.9610999634
1.0057506397
1.0153948668
1.0162613368
0.9752235273
0.9898403092
1.0063013893
0.9982757777
1.0012022402
1.0209291456
1.0229073842
1.0266608849
1.0253177968
1.0133711967
1.0145938701
1.0063874860
0.9988961975
0.9993729879
0.9922796017
1.0055741126
1.0107082383
0.9960824946
1.0141051225
0.9926504005
0.9687803228
0.9930030908
1.0041856652
0.9863187210
0.9933012341
1.0069063198
0.9963815180
0.9847026780
1.0035326181
1.0218711514
1.0154902782
1.0072888937
1.0016236983
1.0349331766
1.0139460425
0.9780614154
0.9812180300
0.9830675659
1.0040712582
0.9708782573
0.9943123693
0.9620902327
0.9568311684
0.9825786915
0.9790333936
0.9860791094
1.0168572682
1.0239449434
0.9890468379
0.9751744367
1.0076896546
1.0123212637
0.9845656952
0.9943166753
1.0097803125
0.9980617453
1.0078816678
1.0441632951
0.9811536888
1.0014045699
1.0129669456
0.9803208309
0.9949576254
1.0151280033
1.0222113603
1.0146824637
1.0064123341
1.0023123955
0.9888602612
0.9923772670
1.0111942638
1.0024461931
1.0046084636
1.0057884810
0.9751523245
1.0069481760
1.0313558110
1.0193801512
0.9820353475
0.9772892555
1.0014398090
1.0353754737
1.0408039822
1.0100633043
1.0089288032
1.0081403928
0.9944572790
0.9886770675
0.9887998873
0.9892450480
0.9924958544
0.9903884109
0.9909864209
1.0148093941
1.0332697839
