#flux
0.9808802793
0.9567819685
0.9472683168
0.9558043201
0.9724349502
0.9773341158
0.9638593942
0.9545132693
0.9675214256
0.9683185155
0.9618421747
0.9716070372
0.9822705965
0.9852529195
0.9847803121
0.9772170046
0.9642768454
0.9594808088
0.9642919663
0.9640460296
0.9579620254
0.9612961152
0.9677646979
0.9637437079
0.9501916270
0.9346551479
0.9262345043
0.9387799469
0.9428539305
0.9420684030
0.9383191916
0.9469213723
0.9592264059
0.9670457167
0.9769999522
0.9854321098
0.9848367647
0.9738334782
0.9591882962
0.9598475740
0.9579040909
0.9695111137
0.9691290945
0.9549358489
0.9492218143
0.9418512541
0.9564142749
0.9562512201
0.9541460701
0.9466467775
0.9394528756
0.9419627483
0.9526250262
0.9624432690
0.9659668508
0.9640211112
0.9653183508
0.9707777492
0.9688297276
0.9622801174
0.9593406731
0.9651375231
0.9640654582
0.9480930070
0.9373552510
0.9328656709
0.9354273274
0.9247557460
0.9017994022
0.8834113396
0.8784041438
0.8847580629
0.9013784239
0.9212681298
0.9270492273
0.9321531209
0.9405341751
0.9368829147
0.9381291694
0.9490416954
0.9453414623
0.9344288101
0.9306134749
0.9286051624
0.9299428282
0.9139814907
0.8984294470
0.8878821297
0.8713476741
0.8416350496
0.8096518151
0.7948636836
0.8036886654
0.8281757794
0.8655683457
0.8961391599
0.9046306825
0.8993461187
0.8847102327
0.8644701740
0.8513828829
0.8443949979
0.8510179120
0.8830888297
0.9011401460
0.9177303020
0.9425343357
0.9327128969
0.9358066489
0.9429710185
0.9350379953
0.9208722787
0.9134662600
0.9067730927
0.8973363787
0.9000315006
0.9108070985
0.9176368024
0.9308014576
0.9465424713
0.9457838011
0.9401585045
0.9400906071
0.9289412302
0.9229363980
0.9198303757
0.9313652549
0.9289623826
0.9163106300
0.9184139184
0.9279442589
0.9318906891
0.9283341029
0.9146189537
0.9041202498
0.9043032717
0.9117336035
0.9122176173
0.9016951919
0.9027300224
0.9134375427
0.9115771783
0.9017651742
0.9066226227
0.9104511624
0.9033001783
0.9003655084
0.8976236319
0.8999779153
0.9087329682
0.9112046945
0.9100773642
0.9111120201
0.9053473601
0.8953721722
0.8860991404
0.8702122357
0.8474962301
0.8336609611
0.8317219855
0.8279161787
0.8279306338
0.8356020373
0.8461672745
0.8604885623
0.8651585306
0.8719988563
0.8656817146
0.8658407861
0.8624522713
0.8569355466
0.8518644769
0.8437326323
0.8292011050
0.8099932435
0.7910442416
0.7736658729
0.7689382905
0.7837298876
0.8009096058
0.8102460107
0.8164633787
0.8224869397
0.8292930970
0.8338489344
0.8208840938
0.7922267583
0.7974397352
0.8077949912
0.8013521575
0.7931454248
0.7874833976
0.7817461449
0.7733173898
0.7641746302
0.7576218112
0.7467066661
0.7351392286
0.7246964224
0.7068205723
0.6821692881
0.6367440350
0.5932872081
0.5490903309
0.4938955920
0.4356499504
0.3831827787
0.3491700038
0.3081119220
0.2701535458
0.2385061456
0.2180802254
0.2054081317
0.1995315149
0.1987598523
0.2001909911
0.2081181684
0.2285837411
0.2550520265
0.2841106409
0.3213684776
0.3603533211
0.4163625897
0.4779149604
0.5361892156
0.5855563637
0.6295749028
0.6660897399
0.6783641677
0.6937988994
0.7007947293
0.7231561387
0.7461790208
0.7518900577
0.7539289934
0.7618160340
0.7739017285
0.7887330288
0.8000001341
0.8039056128
0.8041536935
0.7988680676
0.8019485594
0.8208623314
0.8222742322
0.8207163045
0.8164559568
0.8244949723
0.8421409244
0.8522808241
0.8712370147
0.8697290920
0.8592254796
0.8691506888
0.8750849924
0.8579768214
0.8423866424
0.8457987652
0.8526650905
0.8496676448
0.8468605501
0.8554113790
0.8666363408
0.8718345980
0.8855885806
0.9039387605
0.9019963201
0.9067014678
0.9134686201
0.9147080213
0.9104718714
0.9022718192
0.8981765674
0.9011272891
0.9063315419
0.8997187597
0.8995744608
0.9051266190
0.9051202381
0.9070683324
0.9087783977
0.9090352527
0.9128783806
0.9177301788
0.9194687940
0.9272110255
0.9299992141
0.9164086504
0.9056633651
0.9019421725
0.9041608984
0.9153968325
0.9233812864
0.9242543370
0.9259606310
0.9236441877
0.9190015384
0.9178816157
0.9260603196
0.9367509798
0.9383035021
0.9393503561
0.9415308126
0.9440906147
0.9419345537
0.9408313287
0.9460717714
0.9382836493
0.9328313570
0.9459914601
0.9423295384
0.9461964564
0.9423054681
0.9377356485
0.9328282592
0.9214598342
0.8922111116
0.8431362815
0.7946487317
0.7570291815
0.7331367780
0.7411085912
0.7741141366
0.8229900106
0.8622804443
0.9009334432
0.9376874845
0.9467727920
0.9493612432
0.9584746445
0.9477414498
0.9401602157
0.9309089823
0.9292612811
0.9416088358
0.9555169073
0.9601668708
0.9553712208
0.9464955306
0.9385303360
0.9355028214
0.9387755855
0.9403246977
0.9350549286
0.9376778325
0.9337599654
0.9133390998
0.9208501023
0.9224879730
0.9287596716
0.9279721868
0.9319876074
0.9388141642
0.9425401936
0.9540824090
0.9596257132
0.9555474076
0.9524090118
0.9575884235
0.9652473070
0.9675781630
0.9658470428
0.9602141768
0.9534524401
0.9482645291
0.9497179749
0.9585378688
0.9603891334
0.9504828842
0.9515507534
0.9618644205
0.9778069656
0.9709088125
0.9773576704
0.9805747756
0.9644192231
0.9340969059
0.8917407940
0.8488242799
0.8330360368
0.8438048717
0.8607187291
0.8915477577
0.9257701592
0.9444260104
0.9485545587
0.9601937863
0.9628631144
0.9589132688
0.9598834269
0.9643246874
0.9669713466
0.9643291730
0.9688778798
0.9888300023
0.9829478112
0.9769818013
0.9801917651
0.9726458755
0.9516694765
0.9314864674
0.9126055988
0.8805221530
0.8525989540
0.8499381645
0.8618284636
0.9038287178
0.9401994215
0.9436388338
0.9465772313
0.9560242741
0.9501251831
0.9339587328
0.9207924488
0.8878632194
0.8299711274
0.7812936357
0.7661782137
0.7780834954
0.8107963068
0.8667434108
0.9196326362
0.9422537351
0.9611823895
0.9704285548
0.9742842815
0.9866470690
0.9933260560
0.9964164216
1.0005411054
0.9922701081
0.9809063865
0.9770963774
0.9717037216
0.9625644905
0.9690180077
0.9802187987
0.9830595568
0.9742419126
0.9564474697
0.9459700932
0.9555166508
0.9685243291
0.9666179963
0.9650268647
0.9755711724
0.9679511974
0.9528360220
0.9659420596
0.9806580951
0.9758520997
0.9716559094
0.9744117000
0.9869035751
0.9920660554
0.9826505954
0.9793031110
0.9901948112
0.9944296565
0.9916311966
0.9929909059
0.9927587631
0.9885890579
0.9851424328
0.9851445196
0.9855481305
0.9903756942
0.9882918602
0.9855209678
0.9925396730
1.0023159546
1.0001053064
0.9801699204
0.9696816180
0.9767868878
0.9743228804
0.9693158684
0.9803660175
0.9874916087
0.9805632334
0.9737027356
0.9764960206
0.9858812317
0.9896333456
0.9916169606
0.9975130343
0.9975086929
1.0124669164
1.0204610302
1.0157012422
0.9852552644
0.9936818645
1.0031943114
0.9871600857
0.9828839060
0.9800363531
0.9677276063
0.9608256451
0.9653482851
0.9698385044
0.9660773573
0.9579051683
0.9518535332
0.9543624369
0.9643191225
0.9593151514
0.9703156978
0.9762333887
0.9785589964
0.9862537043
0.9873305576
0.9786584838
0.9755737044
0.9796185209
0.9743542925
0.9609403667
0.9498078627
0.9404599011
0.9255896223
0.9114580436
0.9078218543
0.9134361246
0.9188403151
0.9245751441
0.9462896198
0.9689953979
0.9751441129
0.9711861093
0.9678111017
0.9639642668
0.9561148250
0.9600882828
0.9721111905
0.9743415350
0.9682106299
0.9726792948
0.9804459106
0.9776687187
0.9758680648
0.9843224817
0.9888642414
0.9797110943
0.9674235077
0.9611104760
0.9628878226
0.9750814570
0.9802235819
0.9795635196
0.9841809636
0.9814956719
0.9854352124
0.9948654655
0.9990738989
1.0003153980
0.9995941406
0.9915919465
0.9773166781
0.9657781959
0.9581203117
0.9459895363
0.9322170765
0.9276568025
0.9296217940
0.9345011256
0.9464644387
0.9539878702
0.9692066305
0.9680877606
0.9684746100
0.9775881080
0.9843667234
0.9860210879
0.9817754165
0.9770938822
0.9774807835
0.9788104084
0.9800014073
0.9721488950
0.9674979925
0.9788527346
0.9909598133
0.9937667526
0.9972972440
1.0030037718
1.0014019255
0.9892295783
0.9836772433
0.9920302819
1.0001662786
0.9982563550
0.9940732205
0.9865635416
0.9737457473
0.9778944250
0.9700018277
0.9837451691
0.9919228287
0.9741033112
0.9668469827
0.9729433444
0.9707924389
0.9581142186
0.9351542263
0.8999728470
0.8644996380
0.8388313633
0.8333331580
0.8623740630
0.9080219771
0.9444302064
0.9561714833
0.9590038693
0.9770526790
0.9901148810
0.9953543368
0.9901376924
0.9852278729
0.9897338026
0.9989009431
1.0021275056
1.0023036740
1.0031646489
0.9933828864
0.9705996964
0.9562625420
0.9564703429
0.9507247093
0.9472429464
0.9599605610
0.9557647836
0.9647198397
0.9712764398
0.9816941675
0.9828004364
0.9896580240
0.9850672086
0.9813183902
0.9858015652
0.9933761387
0.9978398387
0.9907303571
0.9788575432
0.9767408646
0.9834308837
0.9903017960
0.9944656898
0.9961933567
0.9951582242
1.0040245008
1.0169421657
1.0011136240
0.9902707552
0.9887521432
0.9904114501
0.9929651406
0.9910704030
0.9880449679
0.9882853510
0.9927097570
1.0012471238
1.0007420917
0.9928799707
0.9819297219
0.9757188179
0.9868360142
0.9979680408
1.0040578052
0.9926395886
0.9859066210
0.9885843257
1.0112384553
1.0164484643
0.9984006147
0.9949912262
0.9921552984
0.9827552484
0.9960639475
1.0104363409
1.0050007143
0.9966792316
0.9947986625
1.0070246112
1.0168317637
1.0066963508
0.9944998249
0.9861422013
0.9764458535
0.9541684596
0.9339352129
0.9361683116
0.9562869751
0.9774749031
0.9808488008
0.9774756167
0.9754833454
0.9685460122
0.9759984851
0.9870457064
0.9953056706
1.0056458249
1.0064395696
0.9914338396
0.9780123501
0.9764997076
0.9717083187
0.9594291566
0.9526277783
0.9296170502
0.9050795048
0.8858132548
0.8717136150
0.8531147598
0.8140536339
0.7570566722
0.6949346292
0.6537199129
0.6567303983
0.7117502376
0.7900665629
0.8605318268
0.9127842965
0.9481373512
0.9618685176
0.9631502012
0.9669578080
0.9646794689
0.9565961576
0.9444570242
0.8968432140
0.8172132619
0.7508751637
0.7260855008
0.7362698431
0.7767145167
0.8406088719
0.8933403141
0.9341484619
0.9661918711
0.9807463166
0.9794100619
0.9816559316
0.9966018511
1.0019107221
0.9875288443
0.9765325735
0.9779712742
0.9771466974
0.9725011685
0.9741981232
0.9789472418
0.9685766785
0.9636894952
0.9773644953
0.9880045312
0.9892080270
0.9866198624
0.9908759510
0.9833086092
0.9773889775
0.9857128725
0.9946363522
0.9872802875
0.9681497969
0.9550795641
0.9541961995
0.9544042520
0.9526322287
0.9610049391
0.9666564576
0.9667356280
0.9783273375
1.0006490921
1.0124133551
0.9978594049
0.9778395582
0.9767775205
0.9878424849
0.9995441610
1.0053904062
1.0043407678
0.9927444452
0.9861536944
0.9940932705
1.0009716456
0.9929758653
0.9825607173
0.9863579841
0.9914781641
0.9828583896
0.9558892663
0.9198148411
0.8860639612
0.8599872973
0.8629638861
0.8882080289
0.9120317418
0.9347565153
0.9596783102
0.9789440275
0.9934025423
1.0024879768
1.0025732777
0.9968221656
0.9878993228
0.9708117950
0.9498465859
0.9411089986
0.9389172298
0.9231360272
0.9078979411
0.8862553683
0.8905297068
0.9287922166
0.9615758564
0.9772743817
0.9769759722
0.9704103600
0.9592207116
0.9488586083
0.9514831676
0.9649023792
0.9732957820
0.9774665911
0.9916996550
1.0042051679
1.0017077370
1.0027948953
1.0018878847
0.9867327714
0.9990836830
1.0021384313
0.9909800308
0.9808370064
0.9953034994
1.0029849143
0.9919592403
0.9853165373
0.9784314982
0.9817780092
0.9949154730
0.9941053410
0.9863341099
0.9889892921
0.9985086260
1.0053954030
1.0081112762
1.0060451785
0.9994870883
0.9965872796
1.0068315627
1.0029834530
0.9875294693
0.9980176644
1.0031424831
0.9978861803
0.9846683650
0.9756328312
0.9862268713
0.9874379132
0.9806371328
0.9798470000
0.9865240076
0.9898844843
0.9927466399
0.9987048335
1.0017883776
1.0006718411
0.9953091551
0.9905526208
0.9911984881
0.9899942930
0.9941536682
0.9992140127
0.9802758161
0.9730546274
0.9810790576
0.9823587671
0.9826783341
0.9902300037
0.9902189083
0.9931683269
0.9998006911
0.9996842273
0.9939184915
0.9966212838
1.0015733800
0.9944965739
0.9852287890
0.9723078481
0.9674179102
0.9720076823
0.9827917490
0.9927953202
1.0056069314
1.0162179360
1.0190368727
1.0038288145
0.9949450303
0.9959838787
0.9888401994
0.9833891199
0.9837272195
0.9869909796
0.9958597884
0.9991123787
0.9867070075
0.9613819834
0.9239142246
0.8887579694
0.8584140554
0.8386302171
0.8520457699
0.8949629327
0.9455084720
0.9819674462
0.9996575026
1.0100362050
0.9930466525
0.9916588514
0.9938087203
1.0025793109
1.0061609393
0.9962866013
0.9824481466
0.9723363970
0.9654968032
0.9625692962
0.9634639876
0.9623466028
0.9559574115
0.9563290280
0.9647343216
0.9622790267
0.9574820963
0.9646786070
0.9810841608
0.9848438926
0.9960250648
1.0063812251
1.0003366060
0.9876995148
0.9855872803
0.9908976776
0.9949549300
0.9918511787
0.9800552625
0.9646816366
0.9514833846
0.9408437270
0.9329076331
0.9392557951
0.9492951763
0.9567527294
0.9704333772
0.9880342750
0.9900754303
0.9826515659
0.9753396547
0.9749495733
0.9852287878
1.0009979992
1.0056676162
0.9985272700
0.9839552295
0.9633862670
0.9460830522
0.9336539470
0.9199627909
0.9160672648
0.9301488575
0.9686517569
1.0005724158
1.0034133184
1.0081654795
1.0160334638
1.0143229216
0.9924407842
0.9822922660
0.9881164539
0.9846676536
0.9669051816
0.9399836568
0.8991548068
0.8398697510
0.7892902123
0.7792207732
0.8029012929
0.8409089634
0.8917969755
0.9372050026
0.9462766549
0.9305473257
0.9210895584
0.9315881231
0.9481125527
0.9563160147
0.9533479368
0.9601381089
0.9824202118
0.9939291184
0.9905680503
0.9900307561
0.9962757263
1.0014674320
0.9964833480
0.9892391419
0.9964665044
1.0061180661
1.0027064143
1.0050068291
0.9947181903
0.9848326162
1.0010866791
1.0009758334
0.9925209479
0.9978697790
0.9961221961
0.9942060265
0.9947518424
0.9977092906
0.9910889462
0.9781287962
0.9712846615
0.9820591949
0.9993649241
1.0113630516
1.0141751105
1.0051192663
0.9941427530
0.9893940068
0.9790384345
0.9658439221
0.9689253011
0.9803893395
0.9934068530
0.9825731560
0.9798893842
0.9953193554
0.9975786958
0.9956994210
0.9973696302
0.9983483387
1.0005294675
1.0048697757
1.0042083959
0.9953779334
0.9887770180
0.9928047914
1.0011953699
1.0038020841
0.9948278491
0.9849124127
0.9868573870
0.9706949257
0.9656257033
0.9622719522
0.9559814546
0.9431405230
0.9465110398
0.9682230594
0.9725485558
0.9594021084
0.9413064103
0.9472848804
0.9627382527
0.9726736367
0.9765907463
0.9759562897
0.9824932721
0.9927003834
0.9953173222
0.9947286147
0.9935641146
0.9914972235
0.9820529204
0.9823482101
0.9975589828
1.0137449649
1.0130347267
1.0035233699
0.9972752829
0.9829327648
0.9748756109
0.9804482814
0.9853800059
0.9780716735
0.9854267839
1.0110216293
1.0195779359
1.0155535292
1.0051875736
0.9913153113
0.9955236418
0.9986779142
0.9964874184
1.0040449343
1.0007120465
0.9994512270
0.9954477985
0.9837155881
0.9835966143
0.9907622995
0.9916926610
0.9919630129
0.9975025254
1.0037474154
1.0027464920
0.9933063618
0.9860746997
0.9900918458
0.9967139979
0.9945960303
0.9801321530
0.9732916952
0.9833168534
0.9933379910
0.9818184813
0.9757213849
0.9767732370
0.9885672349
0.9880045743
0.9857542115
0.9807175823
0.9800588128
0.9786460906
0.9848504454
0.9919506891
0.9884267296
0.9791908330
0.9688670894
0.9712631899
0.9789633143
0.9837000924
1.0021726740
1.0068671035
1.0093954411
0.9835526133
0.9858957406
0.9901495743
0.9959984081
0.9850454950
0.9775000488
0.9800413580
0.9833700720
1.0003828349
1.0156823356
1.0070902687
0.9990260456
1.0027437324
0.9926546650
0.9856767150
0.9949705917
0.9911217557
0.9863367214
1.0028419770
1.0020821776
1.0038055120
1.0015245999
0.9923123767
0.9742396017
0.9840922468
0.9916437488
1.0036079358
1.0088933946
1.0061466527
0.9957095625
0.9917990736
1.0027035039
1.0148696256
1.0162186798
1.0067688464
0.9976636905
0.9941000829
1.0057533071
1.0042068674
0.9992615444
1.0069440847
1.0026558878
0.9900775275
0.9841289848
0.9918573334
0.9959250343
0.9944962059
0.9925498038
0.9933702510
0.9950634607
0.9963118397
0.9947040142
0.9961416261
1.0059272606
1.0078092214
0.9986205171
0.9972721412
0.9882151071
0.9878177239
0.9845535934
0.9824114807
0.9823129109
0.9888874998
0.9888830746
0.9877729809
0.9855871026
0.9852053563
0.9898227888
0.9938311105
0.9970422428
0.9997078287
0.9980951580
0.9951631007
0.9993322390
1.0108677096
1.0193204614
1.0135548618
1.0043630622
0.9974811711
0.9926348334
0.9948474049
1.0087779965
1.0185054547
1.0124785332
1.0045298856
0.9933445141
0.9895069273
0.9939517934
0.9994594369
1.0004197268
1.0009708690
1.0058395853
1.0024359770
0.9866409005
0.9788669088
0.9850411505
1.0004740584
1.0091514057
0.9970704392
0.9914567058
0.9979141807
0.9987470349
0.9994024006
0.9949845384
0.9931665572
0.9878551122
0.9773092989
0.9739099894
0.9765759609
0.9780263142
0.9713585090
0.9538660680
0.9330638120
0.9206970164
0.9191843831
0.9270365016
0.9472801557
0.9661822700
0.9806840982
0.9945294695
1.0073763534
1.0216675897
1.0207653413
1.0008746716
0.9993681683
1.0078515850
1.0081691883
1.0042623819
1.0020701740
1.0022197888
1.0031320581
1.0029210661
0.9997057878
0.9947689809
0.9945602221
1.0037347039
1.0145462216
1.0131050409
1.0068064166
1.0014490567
0.9928987693
0.9888055573
1.0033390745
1.0227903238
1.0214463749
1.0055780069
0.9936068073
0.9982485040
1.0066771220
1.0032562661
0.9957922546
0.9931695915
0.9917190286
0.9745790377
0.9377030551
0.9095119935
0.9025278164
0.9062287671
0.9226345310
0.9497817423
0.9726466781
0.9866967208
0.9898091357
1.0015907829
1.0007885714
0.9878383760
0.9855942124
0.9958649727
0.9988405572
1.0032000471
1.0139363989
1.0001629244
0.9694295159
0.9672200397
0.9893904868
0.9987568099
0.9963043006
0.9930767428
0.9855911598
0.9779793379
0.9942380876
1.0099144679
1.0088310393
0.9888668418
0.9957209694
0.9942669598
0.9950861552
0.9908584946
0.9947172355
0.9972224061
0.9948398248
0.9963899534
0.9957996198
0.9814339878
0.9689977330
0.9742492810
0.9803080512
0.9804068472
0.9560003209
0.9554634626
0.9764203804
0.9939449489
1.0032408696
0.9871470423
0.9830921933
0.9983130419
0.9990076867
1.0043436020
0.9995292654
0.9911213027
0.9867606554
0.9830257610
0.9816956689
0.9853754022
0.9892591001
0.9873337515
0.9813638768
0.9834868186
0.9914911336
1.0016881008
1.0071214784
1.0090016877
1.0002733944
0.9789597601
0.9628182044
0.9684306270
0.9676408917
0.9717563053
0.9756995611
0.9806248515
0.9832758125
0.9843419666
0.9838322768
0.9804970184
0.9707582599
0.9548274651
0.9427884349
0.9334187150
0.9270856470
0.9263715896
0.9362747191
0.9690018969
1.0037940350
1.0053188169
0.9930689961
0.9883443705
0.9853873294
0.9815710431
0.9813263882
0.9830241388
0.9646839331
0.9337825401
0.9077844390
0.8882926544
0.8800035150
0.8799947578
0.8664302323
0.8355666039
0.7937777158
0.7770443691
0.7882631459
0.8066944889
0.8352935359
0.8429927413
0.8431291990
0.8455785412
0.8402281743
0.8667520837
0.8975310873
0.9261043765
0.9436562920
0.9574690445
0.9688634167
0.9750638584
0.9819452381
0.9910703807
0.9909300098
0.9804750354
0.9841428522
0.9713234214
0.9406237741
0.9277046190
0.9172906776
0.9138233897
0.9174473843
0.9369357937
0.9602271679
0.9725586157
0.9606892637
0.9447820935
0.9333009083
0.9303164325
0.9386025303
0.9527076336
0.9636186618
0.9739994278
0.9871831965
0.9888047297
0.9792246284
0.9746293517
0.9826762795
0.9819059360
0.9908204278
1.0037324770
0.9876096426
0.9789562714
0.9757382183
0.9749223741
0.9912074698
0.9994765280
1.0041885105
1.0121311429
1.0152700596
1.0141259899
1.0153221160
1.0148731176
1.0095738509
1.0048846845
1.0003054770
0.9987666133
0.9937753322
0.9958728421
0.9971379787
0.9978881854
1.0028999703
0.9930370840
0.9951872368
1.0005848343
0.9958390779
0.9890551399
0.9876135699
0.9894617791
0.9867964735
0.9871361035
0.9949244616
1.0080063514
1.0245891011
1.0306003993
1.0224740165
1.0098300746
1.0044050072
1.0042258265
1.0068333535
1.0000438486
0.9882334304
1.0025915738
1.0153618119
1.0056896872
0.9991737605
0.9968701506
0.9999345204
1.0045583088
1.0054528669
1.0014991756
0.9967813480
0.9830970497
0.9561767444
0.9316716137
0.9108186492
0.8997009373
0.8813024719
0.8824854567
0.9052178353
0.9240261745
0.9472610395
0.9672255566
0.9837237471
0.9894304530
0.9981703566
1.0219120615
1.0324496859
1.0229944247
1.0013251801
0.9875920417
0.9907437091
0.9987010623
1.0042755978
1.0076917366
1.0042382822
1.0021320879
1.0067219879
1.0043395347
1.0035950279
1.0119237174
1.0072663056
1.0101879947
1.0043433768
0.9948243900
0.9845968655
0.9866338305
0.9928788668
1.0013769406
1.0053627693
0.9997052204
0.9898634949
0.9895340759
0.9987795234
0.9986174018
0.9919056193
1.0014206629
1.0114093133
1.0312121562
1.0206127843
0.9963892263
1.0034687537
1.0176876947
1.0135627677
1.0061086766
1.0124324056
1.0241351098
1.0259457661
1.0036204565
0.9885561271
0.9871051057
0.9913625016
0.9983260544
1.0011493748
0.9946682509
0.9805441784
0.9677390402
0.9345399687
0.8784666460
0.8077083176
0.7342048653
0.7024666711
0.7184029053
0.7819668114
0.8541100602
0.9183983586
0.9510404941
0.9792581774
0.9971609168
1.0045869781
1.0033112838
0.9942678404
0.9913800905
0.9958526894
0.9973781380
1.0011067717
1.0023830848
1.0075168121
1.0115454283
1.0049257316
1.0048363735
0.9984169111
1.0080925849
0.9947712208
1.0007272471
1.0069228282
1.0020978223
0.9941120891
0.9897488545
0.9839577400
0.9913145821
1.0024069822
0.9980698011
0.9952652345
1.0071070049
1.0175260280
1.0244048751
1.0188368716
1.0139153298
1.0158153557
1.0140749664
1.0078237487
0.9985564727
0.9947528717
0.9841507815
0.9888356074
0.9987927826
0.9992879133
1.0066916300
1.0091036639
1.0075781537
0.9973495584
0.9846550786
0.9771039061
0.9697535902
0.9640385557
0.9557929045
0.9528915714
0.9582490736
0.9748881097
1.0076345117
1.0228039332
1.0168078789
1.0134460327
1.0118424332
1.0081321193
1.0030838588
0.9989638738
0.9922503565
0.9987789986
1.0060964570
1.0004342294
0.9924408403
0.9864804030
0.9781207796
0.9685999139
0.9549855679
0.9515980227
0.9767312330
1.0170284792
1.0267501538
1.0220255609
1.0260045648
1.0302899686
1.0196432994
1.0020512471
1.0004543961
1.0057806338
1.0111547552
1.0156572851
1.0185081321
1.0218668140
1.0176908618
1.0039435653
0.9956105389
0.9979056079
1.0056461323
1.0163472623
1.0080551731
1.0166413976
1.0292987872
1.0334973441
1.0169572063
1.0047534931
1.0142864906
1.0111596143
1.0055727625
1.0145740426
1.0238721475
1.0158725977
1.0035013227
1.0018713343
0.9986846052
0.9897147370
0.9869779797
0.9929317371
1.0070098454
1.0242527621
1.0286330774
1.0194493469
1.0204769629
1.0286252315
1.0218706559
0.9980075555
0.9806547922
0.9824728245
0.9976008198
0.9999636757
0.9981132126
1.0014871391
1.0004577482
0.9962108589
0.9946855408
0.9964295268
0.9997498344
1.0043442358
1.0080922875
1.0028867246
0.9951024742
1.0044000241
1.0061696921
1.0061410136
1.0130199514
1.0213653567
1.0116765939
0.9895200521
0.9955935200
1.0117536680
1.0150237255
1.0115750457
1.0066722244
1.0058471388
1.0127161773
1.0161994057
1.0027408966
0.9886111611
0.9984275087
1.0119999933
1.0042619561
0.9942510361
0.9986290553
1.0005128195
0.9983818959
1.0007809888
1.0112498144
1.0126847054
1.0112973349
1.0070597983
0.9912703032
0.9616519868
0.9472113045
0.9458715382
0.9557032379
0.9711970986
0.9862905593
0.9913504797
0.9840569985
0.9915903045
1.0032751051
1.0139930913
1.0115172027
0.9979412848
1.0035177649
1.0153036775
1.0241279233
1.0166570749
1.0213165529
1.0174055619
1.0274320799
1.0122243934
0.9934914777
0.9906547818
0.9944412783
0.9904372365
0.9913855954
1.0060071799
1.0133671426
1.0067782391
0.9977087216
1.0000543925
1.0015906488
0.9993128100
1.0038543059
1.0082015187
1.0305778466
1.0451799595
1.0187992478
1.0142941600
1.0209972343
1.0233992318
1.0175035376
1.0097294066
1.0079975962
1.0064858489
1.0076020792
1.0090707563
1.0054640324
1.0108680023
1.0129977845
1.0005547481
0.9884178783
0.9973165093
1.0054403469
1.0033325764
0.9985907330
0.9936087608
1.0042479632
1.0061043810
1.0096227151
1.0153085867
1.0002081622
0.9864654520
0.9906665387
0.9917812231
0.9927130347
1.0022547581
1.0113614105
1.0214545359
1.0249229352
1.0316270443
1.0290088806
1.0126210171
1.0026856777
0.9830691052
0.9910398826
1.0136375861
1.0009367074
1.0048368655
1.0139492013
1.0026010173
1.0004703922
1.0026564959
1.0008868129
1.0038834139
1.0150183428
1.0130963335
1.0012973190
1.0030196451
0.9988868512
1.0001404374
1.0027384379
1.0148503500
1.0171078029
1.0073662189
0.9995772739
1.0148195845
1.0234914138
1.0216073052
0.9995308574
0.9827106986
0.9792605428
0.9858159380
0.9811510500
0.9823256853
0.9937465592
1.0037089312
1.0063462658
0.9960386014
0.9888613163
0.9877998886
0.9856939690
0.9940694317
1.0009420633
1.0067414310
1.0064146416
1.0136060818
1.0054700835
1.0080660294
1.0079285847
0.9955404312
0.9745179363
0.9528615713
0.9429229248
0.9372688326
0.9324214681
0.9377972797
0.9499318952
0.9650903572
0.9920420353
1.0146798428
1.0161457188
1.0026001942
0.9997305560
1.0115458363
1.0014955205
0.9782499529
0.9790145903
1.0040356476
1.0241292770
1.0165905995
1.0114621000
1.0110099124
1.0056642643
0.9963744201
0.9864222107
0.9888889962
1.0007752909
1.0035932062
1.0009822096
0.9927482389
0.9784272608
0.9601183404
0.9440823346
0.9577793674
0.9623283944
0.9316479349
0.9020268135
0.8553061132
0.8069909899
0.7525386155
0.7060058734
0.6948865999
0.7264347701
0.7879748058
0.8599957872
0.9215145088
0.9629677659
0.9823477406
0.9851950564
0.9902653323
0.9914305743
1.0033259957
1.0099982974
1.0089295710
0.9832202290
0.9644834346
0.9816868280
0.9899592919
0.9974656948
0.9947508557
0.9951244365
0.9990164218
0.9899435567
0.9811589110
0.9879538870
0.9913161380
0.9863028822
0.9807389736
0.9629839808
0.9456113625
0.9434780774
0.9503120755
0.9657220136
0.9598804742
0.9664962986
0.9734430236
0.9920186148
0.9960397428
0.9852694426
0.9856246888
0.9835314417
0.9796870228
0.9767405083
0.9775983212
0.9795335995
0.9865254493
0.9986896758
1.0030473918
0.9955322538
0.9872813712
0.9858669165
0.9892246636
0.9860690669
0.9731929562
0.9705107830
0.9628768038
0.9741400403
0.9796529375
0.9830077380
0.9919180112
0.9914658118
0.9868596091
0.9829227268
0.9802763452
0.9792994002
0.9798668514
0.9786180681
0.9732468548
0.9633707553
0.9511362335
0.9504901246
0.9646217267
0.9665719982
0.9667373978
0.9738938959
0.9767352636
0.9783298296
0.9716365969
0.9485554555
0.9584040201
0.9735841670
0.9797722381
0.9789602775
0.9744695874
0.9687494306
0.9703292037
0.9821580906
0.9927527926
0.9942766831
0.9886986282
0.9789604562
0.9831155537
0.9905824745
0.9831708148
0.9945233608
0.9859583820
0.9699490120
0.9780866561
0.9719555932
0.9729851810
0.9733212396
0.9884600408
0.9920160684
0.9963662419
1.0020044249
1.0043861227
0.9965112324
0.9833151351
0.9866001966
1.0018742435
1.0068009020
1.0058384862
1.0017127024
0.9916686525
0.9829442683
0.9876532062
1.0088746985
1.0065498716
1.0018349298
0.9996452340
1.0085579882
1.0143926438
1.0143130297
1.0142196734
1.0092230027
0.9954115380
0.9900528259
0.9992333754
1.0018164174
0.9919499734
0.9873288066
0.9921506264
1.0011910096
0.9990117573
0.9865471258
0.9876744854
1.0020843534
0.9845179181
0.9839312059
0.9781333140
0.9699603690
0.9818278701
0.9877254875
0.9819096638
0.9809268434
0.9970116625
1.0007369383
0.9853739925
0.9851451963
0.9953118841
0.9907462888
0.9871898619
0.9853238020
0.9803521611
0.9737961629
0.9655619856
0.9809939777
0.9794781350
0.9712984887
0.9890586830
1.0066531142
0.9993820148
0.9931776559
0.9929952137
0.9869007630
1.0029632662
1.0173204797
1.0023592427
0.9839933864
0.9766144315
0.9781682542
0.9869351665
0.9839186404
0.9834158374
0.9889297365
0.9996801176
1.0081721779
0.9985696825
0.9947531250
0.9833801167
0.9837843776
0.9882679416
0.9887518813
0.9827440618
0.9756318003
0.9814614789
0.9959635002
0.9987908133
0.9940632432
0.9993341302
1.0097246517
1.0171666776
1.0130942135
1.0048099630
1.0067122767
