#flux
1.0262557739
1.0150229375
1.0062623633
1.0059923995
0.9682626699
0.9306415654
0.9729712611
1.0351592396
1.0509235452
1.0412778773
1.0086070015
0.9770639650
0.9777667372
0.9877251769
1.0051023315
1.0012703086
1.0178737939
1.0254648409
1.0206557620
1.0207682447
1.0076262493
0.9907040586
0.9938412173
0.9900242231
0.9639449628
0.9706436013
0.9832035416
0.9867313512
0.9833811899
0.9700782412
0.9473616109
0.9617066265
1.0285309402
1.0434261518
1.0428084024
1.0012610326
0.9718403396
0.9860255325
1.0191374543
1.0300530520
1.0013007026
0.9621405320
0.9417502471
0.9362176080
0.9631487526
1.0014149012
0.9994660596
1.0082103655
1.0386935023
1.0434667687
1.0469571661
1.0931890492
1.1320909135
1.1478006630
1.1277106120
1.0811189719
1.0374629295
1.0245493676
1.0236646628
1.0132813700
1.0106159829
1.0179148682
0.9987319105
0.9558715693
0.9395473949
0.9510949257
0.9978108098
0.9932081151
0.9308644598
0.8724809812
0.8727837991
0.9067099836
0.9084376809
0.9597630053
1.0275556951
1.0577989776
1.0582915575
1.0401900951
1.0115180734
0.9858699052
0.9715616640
0.9724207260
0.9894597831
1.0095403627
1.0115690101
0.9923085869
0.9747018161
0.9494441897
0.9440419837
0.9569271212
0.9288993173
0.8743223520
0.8920426628
0.9364748075
0.9405609035
0.9553931264
0.9685678602
0.9594579046
0.9376284619
0.9155691008
0.8917791607
0.8642992205
0.8534520736
0.8780655600
0.9115137138
0.9391573096
0.9724184842
1.0093656525
1.0252036698
1.0399656351
1.0305038286
0.9965940743
1.0079810275
1.0232858793
1.0323489373
0.9961211105
0.9805229708
0.9958140279
1.0089001606
1.0090544344
0.9999007776
0.9857403245
0.9761896892
0.9784778167
0.9944706660
1.0299015208
1.0338048883
1.0066474989
0.9747897858
0.9679430902
0.9944104235
1.0139577088
0.9994134067
0.9822310855
0.9675915327
0.9551679864
0.9546223179
0.9525135978
0.9577573102
0.9790487222
0.9974268426
0.9952867553
0.9808055822
0.9736468748
0.9744572102
0.9677736108
0.9647083588
0.9714435376
0.9854491606
1.0034161138
1.0045633865
1.0153836988
1.0190311934
0.9945556756
0.9806697407
0.9429366851
0.9234848338
0.9318695928
0.9308629994
0.9012246067
0.8560367494
0.8305866328
0.8527083626
0.9028971255
0.9401059741
0.9458513027
0.9236328861
0.9308428057
0.9287604853
0.9518151751
0.9671713010
0.9579708842
0.9307228877
0.9096974873
0.8963134474
0.8737680682
0.8633282325
0.8556089163
0.8587702958
0.8865107959
0.9177142391
0.9339513193
0.9439619744
0.9584228275
0.9871036146
1.0090608551
0.9796430141
0.9175619480
0.9017209485
0.9059927552
0.8853948188
0.9084302123
0.9129628267
0.8893930237
0.8753525450
0.8769696210
0.8748472414
0.8640901857
0.8457135325
0.8288914228
0.7952161636
0.7189275069
0.6353177554
0.5880897875
0.5462762062
0.4907625781
0.4331307719
0.3855406961
0.3516414293
0.3210083028
0.2764355017
0.2537117424
0.2269108679
0.2312458903
0.2399573950
0.2587246250
0.2646037821
0.2631674332
0.2885172970
0.3264014515
0.3538833536
0.3774139896
0.4066504964
0.4460593768
0.5011752211
0.5762861908
0.6286125850
0.6725553929
0.7272245568
0.7791336190
0.8197989562
0.8474882640
0.8404210984
0.8262881381
0.8434650063
0.8610698395
0.8769454392
0.8698423714
0.8634917479
0.8882775926
0.9255524607
0.9388893083
0.9224829500
0.9061585133
0.9086385040
0.9039958657
0.9171303842
0.9510738519
0.9529782529
0.9667463593
0.9618396502
0.9269470230
0.9216758132
0.9538466408
0.9608876131
0.9405508685
0.9367151896
0.9575491768
0.9683870871
0.9597980444
0.9534558009
0.9518307687
0.9444825529
0.9468864020
0.9729555369
0.9938355944
0.9816004218
0.9682458558
0.9540018120
0.9524961016
1.0062384042
0.9925953515
0.9748025464
0.9691461256
0.9719958412
0.9802400846
0.9818247628
0.9726879127
0.9548985688
0.9497143016
0.9605857351
0.9731420619
0.9924542617
1.0087418110
0.9858692406
0.9542598814
0.9565633930
0.9742057190
0.9847518736
0.9988026122
0.9924622825
0.9811145859
0.9443157532
0.9393962463
0.9948558487
1.0195432247
0.9957634595
0.9702491674
0.9740042608
1.0003009581
1.0245154903
1.0286395654
1.0171201684
1.0064747004
1.0038617201
1.0177021021
1.0483001753
1.0238470249
0.9835930906
0.9867006462
1.0223833179
1.0298770083
0.9978059619
0.9690176151
0.9537098484
0.9354803413
0.9257709787
0.8974371775
0.8479099018
0.8021699047
0.7770658542
0.7674999520
0.7839482571
0.8401247117
0.8952636846
0.9196166036
0.9446086883
0.9557126790
0.9502863906
0.9533337699
0.9731176049
0.9593089273
0.9737110073
0.9659751713
0.9717918663
1.0060881858
1.0354286468
1.0284401081
0.9840979228
0.9599679535
0.9806167703
0.9907551536
0.9785107379
0.9746980099
0.9528838740
0.9260925542
0.9250261505
0.9460819479
0.9552478697
0.9460183367
0.9593035537
1.0034061832
1.0085943072
0.9768943272
0.9831233722
0.9972947739
0.9961604098
0.9805635549
0.9780121907
0.9759968353
0.9707057103
0.9845284938
1.0131813754
1.0278959349
1.0136121436
0.9757235718
0.9544008592
0.9835095266
0.9975393323
1.0058676522
0.9888784474
1.0252859599
1.0080391261
0.9713696472
0.9554177105
0.9352913564
0.9117704041
0.8877671342
0.8637839661
0.8442469554
0.8438515017
0.8584434324
0.8878019541
0.9396369677
0.9709979742
0.9533350680
0.9615007978
0.9905958530
0.9978549099
0.9997293696
0.9964693568
0.9950295696
1.0069872665
1.0118392070
1.0112154371
1.0298958957
1.0272588939
1.0163628046
1.0017900485
0.9755742013
0.9364438192
0.8978813309
0.8705419633
0.8353766800
0.7837135655
0.7722481922
0.8369863724
0.9135935987
0.9375805950
0.9481345539
0.9938083353
0.9753178839
0.9416528040
0.9638022169
0.9287419160
0.8228492206
0.7690069301
0.7580704081
0.7709621376
0.8175288239
0.8892444169
0.9277061277
0.9374772496
0.9716390351
0.9948214779
0.9785095262
0.9803534977
0.9896540918
0.9899618241
0.9794622459
0.9527399849
0.9606155677
0.9741173180
0.9524720299
0.9722911996
1.0060599358
1.0092529224
0.9937637298
1.0046978903
0.9946655715
0.9722248812
0.9820567880
1.0135559282
1.0419459848
1.0571412122
1.0564998669
1.0644830176
1.0685209162
1.0524437332
1.0512775369
1.0318858060
1.0106550242
0.9917315855
0.9927258723
1.0057612416
1.0248240533
1.0124048053
0.9824249916
0.9918343583
1.0108863055
0.9997748282
0.9947446026
1.0116203671
0.9959087122
0.9446174948
0.9287927173
0.9539618875
0.9873987174
1.0031116300
1.0009074293
0.9963381971
1.0145874851
1.0364783136
1.0326206582
1.0341397953
1.0379803331
1.0346119771
1.0218058997
0.9962239178
0.9782134163
0.9693003698
0.9782878248
0.9909304190
0.9922140756
0.9952371206
0.9898420635
0.9954853265
1.0207246769
1.0291027457
1.0381734724
1.0166719913
1.0056091682
1.0079719536
1.0306517453
1.0265584611
1.0054797337
0.9870180304
1.0054785876
1.0213229971
1.0089881629
0.9771047738
0.9430072323
0.9322291545
0.9567545032
0.9907784490
0.9950401950
0.9744716030
0.9991283879
1.0320526495
1.0268064851
1.0365886281
0.9961975269
0.9822823722
0.9968665746
0.9915671525
0.9641580361
0.9343349092
0.9101359167
0.8923338532
0.8805997650
0.8741845402
0.8815426103
0.9180142793
0.9721344958
0.9902675824
0.9584919459
0.9553323301
0.9962269779
1.0164981371
1.0136546998
1.0224331882
1.0441123310
1.0362920642
1.0141686176
1.0162158245
1.0143658529
1.0155566358
0.9835292193
0.9403154768
0.9374180554
0.9565192956
0.9641853113
0.9735580481
0.9874291440
0.9840979050
0.9737408204
0.9727968612
0.9803519135
0.9996251942
1.0098596757
0.9824937855
0.9588575817
0.9560037207
0.9748634428
0.9924918620
0.9690122450
0.9346556127
0.9279997479
0.9429178106
0.9560702850
0.9536555002
0.9514343447
0.9489193257
0.9368897695
0.9360309290
0.9552261234
0.9702151806
0.9794822151
0.9900128950
0.9831188768
0.9756136782
0.9802651226
1.0153451527
1.0183640758
1.0170353270
1.0186395800
1.0104680431
0.9891432257
0.9797945143
0.9752343877
0.9750258299
0.9792795701
0.9743179591
0.9736328651
0.9868970491
0.9866388976
0.9836361308
0.9982954166
1.0089429452
0.9884867772
0.9580064003
1.0022260193
1.0208246051
1.0048944020
0.9481257200
0.9364831046
0.9797726670
1.0109877644
1.0171307633
0.9996934082
0.9514922771
0.9150635575
0.8938015840
0.8564285838
0.8019465185
0.7563222909
0.7691933965
0.8350932550
0.9095106284
0.9620765427
0.9763785880
0.9689920873
1.0166587561
1.0645933628
1.0440146527
1.0021764221
0.9819105166
0.9735930860
0.9773751946
0.9791371235
0.9699221797
0.9832287424
1.0031976847
1.0165849672
1.0267105781
1.0049618153
0.9791822706
0.9806444480
0.9908093068
0.9863407125
0.9748852328
0.9810826348
0.9971064275
1.0022323028
0.9795866148
0.9698966401
1.0045837130
1.0226108519
1.0299801218
1.0346158443
1.0369504437
1.0041803548
0.9905811832
1.0116138128
1.0192642200
1.0141633108
0.9819991763
0.9601689864
0.9552800295
0.9543585079
0.9788130410
0.9839501907
0.9534314478
0.9342736059
0.9263736441
0.9316591615
0.9491900083
0.9590923371
0.9645148730
0.9502096681
0.9471398995
0.9567896661
0.9611194128
0.9829722268
1.0117663156
0.9977282241
0.9680590558
0.9661430724
0.9801418847
0.9809020329
0.9623598849
0.9695068589
0.9803340753
0.9698433421
0.9902862325
0.9907260846
0.9767126235
0.9918921503
1.0078131217
0.9902962934
0.9880319914
1.0020721146
1.0116265975
0.9946000074
0.9744205002
0.9841873320
0.9815478454
0.9783368890
0.9703415263
0.9431803557
0.9699294594
1.0009691669
0.9632238915
0.9759187001
1.0213203173
0.9882430381
0.9578319423
0.9764782217
0.9933195251
0.9941454724
0.9978551751
0.9979790670
0.9851324355
0.9767412626
0.9660112871
0.9470522401
0.9426458684
0.9256924118
0.9229955293
0.9295394516
0.9138688352
0.8793174175
0.8079231772
0.7114578886
0.6604141066
0.6484475881
0.6561651568
0.7110222076
0.7955109515
0.8721983520
0.9224394422
0.9675123119
0.9946014626
0.9967298411
0.9970547098
0.9810165282
0.9406345636
0.9150963766
0.8644111525
0.8088112615
0.7241877863
0.6755291072
0.7008291937
0.7528258043
0.8096479463
0.8768822597
0.9405861763
0.9692920514
0.9759281476
0.9872573868
0.9957598869
0.9977855680
0.9816109477
0.9827272940
1.0071637090
1.0187734291
1.0290668395
1.0291832613
1.0295615654
1.0125488447
0.9934867291
0.9904510896
1.0108352385
0.9750103496
0.9256148254
0.9423296746
0.9761776747
0.9817974035
0.9887506653
0.9958797656
0.9884598724
0.9901356929
0.9916622212
0.9778574438
0.9798925521
0.9977197777
0.9943423969
1.0008256199
1.0304622360
1.0280498537
1.0076570196
0.9820957286
1.0149789321
0.9978870794
0.9888991032
0.9833353350
0.9763838937
1.0001552112
1.0078013522
0.9884019101
0.9787680481
0.9846573207
0.9990144127
1.0033783853
0.9851103576
0.9760128998
0.9931529095
0.9978942059
1.0005838475
1.0036748454
0.9594717149
0.9229891992
0.8994212826
0.8546520697
0.8807424302
0.9462687610
0.9784066744
0.9804676237
0.9767590685
0.9876391241
1.0050709218
1.0152661032
1.0062740512
0.9763406258
0.9560482766
0.9647595873
0.9711836079
0.9632179531
0.9688261511
0.9746588201
0.9898052882
0.9873358291
0.9562131422
0.9732114518
0.9861696940
0.9725583826
0.9480090933
0.9332022682
0.9269294695
0.9384746276
0.9483834654
0.9626115546
0.9815098437
0.9738539934
0.9760203540
1.0077914406
1.0065933761
0.9890413782
0.9953152273
1.0189854084
1.0149311775
1.0012548072
1.0165999042
1.0271974803
1.0275119037
0.9917215559
0.9430494965
0.9630817794
0.9982016669
1.0037090258
1.0031751193
0.9849112193
0.9597306606
0.9526732715
0.9439640628
0.9278334637
0.9312403261
0.9571530485
1.0057101591
1.0249108374
1.0368375366
1.0307357090
0.9985593520
1.0034997599
1.0233863746
1.0379505956
1.0093751667
0.9850257056
0.9811887854
0.9899390390
1.0008271451
0.9973913648
0.9934040384
1.0018106466
1.0155310158
1.0060554361
0.9847396955
0.9993685915
1.0088289231
1.0077339281
0.9923225474
0.9524470500
0.9366089647
0.9780140205
1.0011110529
1.0324899394
1.0367551758
1.0251795797
0.9813013064
0.9885365875
1.0192927040
1.0309828711
1.0253566351
1.0221187907
1.0284218258
1.0305015539
1.0140332907
0.9878375623
0.9738459480
0.9844786058
1.0117748500
1.0367251471
1.0460232361
1.0630717813
1.0822383900
1.0533367879
1.0415654707
1.0426103006
1.0328959091
1.0462850366
1.0259640609
0.9975644820
0.9931976270
0.9956069337
0.9994952779
0.9962332628
0.9684279893
0.9298507071
0.8901771617
0.8632473682
0.8433567042
0.8529139285
0.8981322766
0.9537904245
0.9707057254
0.9950342348
0.9966500048
1.0026831104
1.0013236520
0.9942791350
0.9846655171
0.9847173086
0.9946635275
1.0003606254
0.9904339153
0.9682122728
0.9502002224
0.9517173807
0.9732774607
0.9973992984
0.9940288489
0.9909106945
0.9972689125
0.9889749571
0.9716610122
1.0060658698
1.0220211445
1.0176261353
1.0132154968
1.0095192393
0.9929879244
0.9612844528
0.9393968398
0.9683924430
1.0151833544
1.0159775224
0.9912143500
0.9767185516
0.9538445806
0.9529896308
0.9609357577
0.9817916520
0.9802693943
0.9651970511
0.9631277680
0.9512785776
0.9566813529
0.9623012839
0.9512034768
0.9500752345
0.9503543798
0.9542937925
0.9735455328
0.9810374254
0.9561335318
0.9227173913
0.9039014431
0.8972755822
0.9044381114
0.9260137294
0.9488089176
0.9817710007
1.0157842370
1.0158530313
1.0289266806
1.0187142405
0.9952281348
0.9927460038
0.9857012477
1.0021161776
1.0162743300
0.9812366981
0.9328473286
0.8786773105
0.8417696602
0.8213737899
0.8152776036
0.8510737657
0.8885283598
0.9321252156
0.9558146776
0.9517137972
0.9412396974
0.9498637655
0.9616676716
0.9592829707
0.9670500200
0.9585400717
0.9579627050
0.9495066812
0.9550108816
0.9765821729
1.0030206418
1.0171844664
1.0160007292
1.0149599242
1.0261260449
1.0427300089
1.0480307502
1.0317186898
0.9916409935
0.9527527426
0.9603487305
0.9631317999
0.9531083458
1.0044356545
1.0315474860
1.0284503321
0.9911584533
0.9685514562
0.9685067541
0.9848518558
1.0005013891
1.0210941479
1.0176670313
0.9981648085
0.9945729051
0.9938868441
0.9920526100
0.9865815100
1.0100250334
1.0278346157
1.0255133016
0.9912620002
0.9813748846
0.9876585894
0.9882396263
1.0030794025
1.0063581737
0.9955290907
0.9967929177
0.9952923323
0.9892815632
0.9924031552
1.0203117676
1.0520328379
1.0463925465
1.0059655577
0.9621398648
0.9285855265
0.9185560964
0.9101103702
0.9142751615
0.9222329825
0.9164473532
0.9122511047
0.9398788653
0.9253740482
0.8967542813
0.8885258024
0.8868841512
0.8984174483
0.8998998269
0.8756342095
0.8663536558
0.9004222604
0.9475930611
0.9684043865
0.9619383518
0.9559469865
0.9561428736
0.9578412645
0.9922153573
1.0293269333
1.0051985237
0.9846158644
1.0114850741
1.0215896403
1.0065258419
0.9994591400
1.0124149902
1.0304742625
1.0184223477
0.9888789798
0.9865584951
1.0057645704
1.0136146752
1.0165529333
1.0235896899
1.0157601402
1.0043887385
0.9988000453
1.0149124745
1.0330277103
1.0037103862
1.0540413865
1.0263010480
0.9946327563
1.0077874094
1.0149707085
0.9978067161
0.9571933350
0.9642023551
0.9818929775
0.9765180743
0.9681576511
0.9808512398
1.0139310071
1.0322838333
1.0201688460
1.0051955089
1.0041400524
0.9905300420
0.9649299055
0.9450352893
0.9332587898
0.9681916657
0.9685996991
0.9806256610
0.9784545010
0.9890595417
1.0010605849
0.9874063154
0.9799155625
0.9987271111
0.9893071642
0.9770315121
1.0114784082
1.0282107764
1.0196913936
1.0034010907
0.9603317038
0.9757983555
0.9950178011
0.9931307708
0.9993504644
1.0291659986
1.0347675828
1.0322893252
1.0334794383
1.0014952694
0.9833423987
0.9777914446
0.9692362901
0.9744009781
0.9917125570
1.0100774531
1.0069042339
0.9845004411
0.9974123739
1.0032346997
1.0094054636
1.0125492179
1.0315583893
1.0131751997
0.9797240238
0.9982654269
1.0446689749
1.0531731793
1.0280057130
0.9814851074
0.9749630886
0.9873742442
1.0058393913
1.0130968019
1.0003362300
0.9954862545
1.0140918115
1.0219667923
0.9931656585
0.9746883409
1.0165283392
1.0142885053
0.9710863672
0.9890005756
1.0285423402
1.0465875974
1.0476953349
1.0138203227
0.9840205558
0.9781469769
0.9885188517
0.9981969697
0.9932030332
0.9806645646
0.9788964623
0.9879028950
0.9971446952
0.9964527135
0.9721137251
0.9509910508
0.9865365253
1.0219302788
1.0379348181
1.0369941121
0.9886431292
0.9866943295
1.0182648050
1.0344669089
1.0162469348
1.0063720804
1.0055855228
1.0231251769
1.0166305821
0.9953022467
0.9866636415
0.9942929753
0.9981628628
0.9807778504
0.9642036060
0.9630897226
0.9761182707
0.9981079845
1.0141248533
1.0166150651
1.0042655520
1.0150896770
1.0068121662
0.9897072675
0.9983195851
1.0173324462
1.0148468078
1.0016753332
0.9906683089
0.9793380228
0.9742359781
0.9749551746
0.9890999506
1.0102162483
0.9987932666
0.9748954624
0.9660960867
0.9769723851
0.9769122142
0.9932528878
1.0008970057
0.9744667867
0.9708521015
0.9837578426
0.9789784415
0.9872763481
1.0160039847
1.0228781554
1.0183611116
1.0031735586
0.9790057549
0.9667931301
0.9514613486
0.9086480201
0.8693200029
0.8511998868
0.8497872710
0.9202613511
0.9588781366
0.9728776373
1.0054186222
1.0132327810
1.0079794546
0.9960708532
1.0120332688
1.0110173220
0.9875186370
0.9827932412
1.0034537642
0.9951838686
0.9803259962
1.0035478006
1.0231673573
1.0141537445
1.0038035765
0.9770736908
0.9828406382
1.0156113682
1.0075136835
0.9707948620
0.9878395691
1.0286068116
1.0138061620
0.9917310678
0.9692136283
0.9735017390
0.9849916255
1.0018878255
1.0104716565
1.0174847821
1.0276863232
1.0278857653
1.0302654780
1.0415173827
1.0179457905
0.9639068438
0.9542351916
0.9619209732
0.9232679753
0.9320362728
0.9673391972
0.9933611385
0.9952650007
0.9841067694
0.9741271828
0.9842497569
1.0092300512
1.0092792639
1.0107053656
1.0246778631
1.0202418772
1.0130459081
1.0254708843
1.0300506505
1.0208038298
1.0228309376
1.0143840209
0.9742230311
0.9762801213
1.0268468119
1.0337889368
1.0229356566
1.0397689658
1.0342869023
1.0339416334
1.0203957120
1.0098831709
1.0167322709
1.0086266670
0.9884782743
0.9766133667
0.9782688246
0.9891327018
0.9981893143
0.9973220766
0.9965518541
0.9988844183
0.9843389860
0.9715150666
0.9707748493
0.9764724167
1.0141410382
1.0490197655
1.0382868102
1.0338505223
1.0150786022
0.9873725662
0.9869723652
0.9828373004
0.9849170148
0.9967091746
1.0033076611
1.0193438895
1.0308947672
1.0074729357
0.9944313604
1.0098421942
1.0176511752
0.9876752833
1.0096145060
1.0527579092
1.0725289719
1.0456868751
1.0316183217
0.9785078960
0.9677817952
0.9849602136
0.9686835152
0.9876829976
1.0029184591
0.9749760552
0.9285482243
0.9093880483
0.9336518874
0.9666608807
0.9801624924
0.9879467396
0.9897815463
0.9570876501
0.9384343058
0.9468655820
0.9527840566
0.9817716989
0.9929840478
0.9786975579
0.9935207421
1.0133036214
1.0068395843
0.9845176234
0.9916850541
1.0039668039
0.9996548943
0.9758193777
0.9400921419
0.9279920831
0.9441460362
0.9497124808
0.9291413724
0.8960305995
0.8757535435
0.8676385953
0.8266630603
0.8621592129
0.9137876140
0.9246094889
0.9003485748
0.9197507082
0.9015285778
0.8896608851
0.9060589215
0.9497435303
0.9947104772
1.0017004388
0.9850495072
0.9946431369
1.0174030689
1.0140543099
1.0276740988
1.0266885394
1.0392034713
1.0369642516
1.0158588071
0.9762837390
0.9366578250
0.9379627642
0.9695451867
0.9730285061
0.9799694437
0.9810164651
0.9944622784
1.0149841668
1.0069864286
1.0141660668
1.0518875786
1.0565721336
1.0359214128
1.0169216484
1.0021220635
1.0242519705
1.0198902524
1.0081977060
1.0356979596
1.0395632243
1.0081237612
0.9912607241
0.9945702413
1.0172991624
1.0184987297
1.0127546809
1.0065690262
0.9939431856
1.0015944565
1.0247961342
1.0278287259
1.0017929680
0.9856763990
1.0115352701
0.9990160220
0.9901463106
0.9840720733
1.0131993179
1.0219338218
1.0039912327
0.9916961668
0.9991215624
1.0165681777
1.0131299006
1.0102349566
0.9923060284
0.9814413245
0.9915382379
0.9973556174
0.9961905535
0.9969887735
0.9949166885
0.9927442749
0.9913981969
0.9977729887
1.0023588182
0.9847350077
0.9906948094
0.9847878327
1.0062010194
1.0253017628
1.0136157516
0.9925357902
0.9836955777
0.9885302687
0.9803758775
0.9972712553
1.0084789129
1.0028902916
1.0000544310
1.0071924297
1.0078876340
0.9911459627
0.9909576868
0.9984909615
0.9635888473
0.9018610442
0.8565038045
0.8866750221
0.8932924615
0.9038807160
0.9446749989
0.9651920832
0.9820353398
0.9975632855
1.0078976320
1.0151585878
1.0091831787
1.0187834452
1.0272735172
1.0148478764
1.0094670715
1.0167762472
1.0141416790
0.9887659420
0.9836566889
0.9640260935
0.9798900201
0.9531781741
0.9825418027
1.0033785919
1.0006033187
1.0092546241
1.0175103229
1.0020474670
0.9901706472
0.9711784795
0.9740018650
0.9846409725
0.9934606639
1.0115723009
1.0182940854
0.9958133098
0.9718069106
0.9729277151
0.9821372386
0.9902668809
0.9520722424
0.9576722057
1.0045377632
1.0245100826
1.0448978137
1.0382109555
1.0339678840
1.0214134842
0.9945323222
1.0064502068
0.9978643896
0.9768213102
0.9877758989
1.0172174903
1.0323387597
1.0220962514
1.0041979011
1.0059936980
1.0207603744
1.0250757599
0.9821455718
0.9094071017
0.8658090842
0.7951872455
0.7236334505
0.6887173534
0.7121284561
0.7664068076
0.8536573002
0.9475127858
1.0091253066
1.0101344917
0.9728254862
0.9790383797
1.0009839536
0.9703675808
0.9661778698
0.9894062888
0.9928011038
0.9958060849
0.9975428589
1.0091304578
1.0091729213
0.9851079572
0.9673625262
0.9724104074
0.9558559705
0.9489637163
0.9304780257
0.9198369810
0.9441154442
0.9348504019
0.9213740592
0.9485188327
0.9843929234
0.9813718314
0.9331946405
0.9279709923
0.9561807386
0.9914628150
1.0215679731
1.0392808930
1.0382260753
1.0554715225
1.0540114617
1.0338245216
1.0145929993
1.0105285556
0.9950790151
0.9889289152
0.9903827551
1.0001395477
1.0033917539
0.9827398519
0.9782265703
1.0049286744
0.9985125637
0.9638393935
0.9437770902
0.9173462190
0.8871556427
0.9198767992
0.9490161600
0.9573358251
0.9855509234
0.9759589276
0.9519207990
0.9883823762
1.0009360237
0.9705928052
0.9480002428
0.9459066964
0.9604912336
0.9681625528
0.9744110746
1.0000982244
1.0169007754
1.0015308893
0.9466218240
0.9270623828
0.9296169493
0.9505308406
0.9841389775
0.9669905911
1.0328291010
1.0671576036
1.0437795949
1.0062716200
0.9560578357
0.9451548439
0.9633550784
1.0017323179
1.0089688098
0.9833840859
0.9647347169
0.9671063472
0.9965196020
1.0076903629
0.9612905784
0.9521345476
0.9856355292
0.9778808125
0.9839175984
0.9792578113
0.9629368542
0.9471519933
0.9469142162
0.9631989909
0.9991440732
1.0175794289
1.0390681263
1.0424955718
1.0216815692
1.0032829683
1.0114746942
1.0382034689
1.0511995286
1.0431460589
1.0233138722
1.0109355593
1.0050071869
0.9696448346
1.0203253637
1.0224017112
0.9940864279
0.9703110541
0.9989995494
1.0050947904
1.0044370959
0.9884093731
0.9539822192
0.9598052464
0.9865123740
0.9825572891
0.9685515242
0.9624259292
0.9600415896
0.9818392636
0.9896894811
1.0032058204
1.0306351043
1.0507136704
1.0261380507
1.0100576075
1.0053182205
0.9782327828
0.9651497565
0.9583377514
0.9770911110
0.9832179281
0.9587500150
0.9419570618
0.9458693539
0.9459737430
0.9626617019
0.9915658532
0.9781079584
0.9490020847
0.9499292857
0.9766048999
0.9733833370
0.9841469200
0.9730836491
0.9764989878
0.9564380403
0.9761152228
0.9859386019
1.0037017657
0.9731579541
0.9734522250
1.0027341612
1.0162853440
1.0056224702
0.9877906209
0.9996655092
1.0126171494
0.9915503647
0.9875492580
0.9780573001
0.9905580489
0.9959365036
0.9753621341
0.9723071962
0.9486139165
0.9506133338
1.0015473251
1.0021642478
1.0078465959
0.9769931323
0.9488784822
0.9637439018
0.9943323544
1.0054719805
0.9963959291
0.9811011764
0.9982356059
1.0402748236
1.0436931292
1.0370571637
1.0230878148
1.0342595235
1.0004003979
0.9950763586
0.9870873938
1.0067000107
1.0050274506
1.0268918276
1.0174815962
0.9985547920
0.9916838691
0.9903124046
0.9984289668
1.0128890722
1.0023002076
0.9856978654
0.9976356089
1.0079180801
0.9969165184
0.9934909239
0.9829044065
0.9498057906
0.9450844433
0.9942416776
0.9870456929
0.9891736250
0.9833473827
0.9762377695
0.9918530090
1.0187772729
1.0310475960
1.0215501402
0.9846464487
0.9692553609
0.9808254644
0.9817963853
0.9699405986
0.9694851960
0.9838724553
0.9901494394
0.9805111835
0.9985448562
1.0202999027
0.9887573146
1.0302768203
1.0170036321
0.9895999367
0.9820879380
1.0191415141
1.0334517618
1.0254948973
1.0156418837
1.0214405322
1.0117623568
0.9904439254
0.9999908710
1.0052094885
0.9835252442
0.9889598722
0.9931635171
0.9923739573
0.9983039340
0.9825801239
0.9895743104
0.9554127718
0.9709102493
0.9728158813
0.9533357539
0.9687503017
0.9813556640
0.9848537012
0.9820259845
0.9723401758
0.9938797992
1.0003379627
0.9790627082
0.9694492516
0.9883681451
1.0275879616
1.0369460410
1.0240084097
1.0189123969
1.0205256710
0.9913729945
0.9681732199
0.9431739728
0.9786689402
0.9959209047
1.0000622322
1.0008263564
1.0158964574
1.0059215338
0.9798309021
0.9855893276
1.0152613984
1.0157120304
0.9772803093
0.9417336003
0.9301794646
0.9332236617
0.9429936830
0.9228900285
0.9291052101
0.9908362834
0.9961656131
1.0159814807
1.0257757928
1.0346882770
1.0111513677
1.0050185308
1.0088121936
1.0309258906
1.0289293781
1.0125656073
1.0067004298
0.9837695716
0.9567409283
0.9698455055
0.9920268934
0.9882659672
0.9931615946
1.0100562515
0.9969267125
0.9946053284
1.0001050995
0.9963672024
0.9980637270
0.9840063821
0.9668191013
0.9554091284
0.9266192542
0.9089710779
0.8780206050
0.8124043062
0.7581667627
0.7141776605
0.6834951857
0.7092358807
0.7789034567
0.8497831062
0.9125374417
0.9627535938
0.9705756147
0.9445959077
0.9600710373
0.9751414383
0.9818643828
1.0154677445
1.0532586237
1.0163593999
0.9735269224
0.9765707253
0.9769526535
0.9551836724
0.9467082474
0.9668722156
0.9981017820
1.0172334861
1.0199232552
1.0085971736
0.9826891186
1.0032631656
1.0153009374
0.9955395250
0.9803655411
0.9590159384
0.9500014601
0.9451094350
0.9396332348
0.9509651719
0.9780163373
0.9651276055
0.9708705475
0.9780591582
0.9949293304
0.9984536128
0.9972505289
1.0065039994
1.0001281340
0.9864887483
0.9531056547
0.9411079630
0.9766096879
0.9775198191
0.9876837253
0.9657081640
0.9858703525
0.9932265599
0.9752330831
0.9828876758
0.9933030871
0.9875968452
0.9863499018
1.0061991705
1.0201631473
0.9967423736
1.0012114008
1.0265460535
0.9996528983
0.9883013158
1.0100001965
0.9978289568
0.9939979313
1.0062610022
1.0033641767
0.9828289820
0.9833888616
0.9924983821
1.0047845970
0.9836463541
0.9620392207
0.9814139140
0.9959007199
1.0015606590
0.9897737712
0.9617053611
0.9495759944
0.9507313425
0.9600192338
0.9867920699
0.9928524575
1.0115332121
1.0134468323
1.0170588436
0.9877190355
0.9798644496
1.0121240545
0.9983908377
0.9674923354
0.9846738757
0.9766134066
0.9471991945
0.9452110778
0.9527768168
0.9464987652
0.9522649065
0.9725848131
0.9787881760
0.9858865639
1.0103552326
1.0118709217
0.9969979196
0.9792966590
0.9548368765
0.9856875464
0.9778382226
0.9824054456
1.0108961377
0.9856972900
1.0060110635
1.0179817517
1.0079789539
0.9772505868
0.9616290007
0.9720349550
0.9811550808
0.9918329659
0.9882526659
0.9735228711
0.9850672248
0.9913116027
1.0142656518
1.0211082294
0.9882325273
0.9525280131
0.9540826324
0.9638498676
0.9786874847
1.0062587471
0.9726155887
0.9834321091
1.0105564604
1.0254180221
1.0076623884
0.9920240836
0.9870063917
0.9685172410
0.9723488030
0.9949660116
0.9851349934
0.9971595398
1.0293717018
1.0433520744
1.0183025534
1.0033712200
0.9624859287
0.9685380360
0.9639040968
0.9965203710
0.9867507011
0.9754845576
0.9983630793
1.0022233718
1.0005358065
0.9845267977
0.9771412614
0.9995562945
1.0216900976
1.0243107134
1.0249160129
1.0262810895
1.0274844707
1.0408704809
1.0350780275
1.0302806702
0.9990731043
0.9927327037
1.0137442022
1.0196052477
1.0216541536
1.0118236068
1.0066150765
1.0021952696
1.0039528171
1.0082862717
0.9849153120
0.9520045914
0.9447379890
0.9564976141
0.9728823423
0.9933153163
1.0118739997
1.0236447145
1.0355728290
1.0176689577
1.0286003230
1.0297286611
1.0262422386
1.0064053317
1.0253503614
