#flux
0.9749025069
0.9755500707
0.9712342180
0.9707369806
0.9642505246
0.9644524373
0.9423266247
0.9489143781
0.9621356701
0.9660596927
0.9623826606
0.9578617888
0.9566933973
0.9627552661
0.9802351105
0.9890961249
0.9816360553
0.9771388628
0.9712992393
0.9652504800
0.9707299960
0.9770202483
0.9694162438
0.9618474050
0.9626381494
0.9735412463
0.9693799626
0.9658418036
0.9568984871
0.9528589342
0.9566117230
0.9601170586
0.9658748952
0.9779603064
0.9831581007
0.9771518843
0.9785193970
0.9860414274
0.9759446459
0.9595965762
0.9609225537
0.9795283543
0.9881657465
0.9755145058
0.9875703579
0.9782387327
0.9760452049
0.9742635046
0.9692723766
0.9716302374
0.9800853108
0.9846642516
0.9887275418
0.9961556077
1.0125269548
1.0390520266
1.0609886440
1.0584067620
1.0346976099
1.0191183405
1.0198905410
1.0083371882
0.9763384530
0.9742664908
0.9751329361
0.9698391564
0.9481619699
0.9426568206
0.9305254155
0.9126932180
0.9060180650
0.9060412179
0.9116730364
0.9288792102
0.9523706242
0.9659866254
0.9646615053
0.9597501231
0.9597525884
0.9605083893
0.9561309851
0.9509226640
0.9517416197
0.9500389656
0.9464911988
0.9596257062
0.9552493509
0.9447971158
0.9167122696
0.8780881942
0.8540627139
0.8519775732
0.8606490159
0.8799050328
0.9111014913
0.9272689752
0.9326560902
0.9474630488
0.9456582451
0.9220410672
0.9029849311
0.8998136993
0.9004810126
0.9077164862
0.9239181949
0.9465363226
0.9424495286
0.9475992130
0.9518076414
0.9483020096
0.9368541777
0.9174562113
0.9033408306
0.9013982398
0.8942718318
0.8924674794
0.9132883251
0.9362641393
0.9422936309
0.9411636254
0.9415918013
0.9469863579
0.9526871684
0.9439581680
0.9361071480
0.9356220253
0.9309403074
0.9295698941
0.9357713040
0.9327824118
0.9185275156
0.9148960464
0.9300247366
0.9391905162
0.9345475945
0.9261162318
0.9263826895
0.9327373911
0.9289749730
0.9168473689
0.9110309830
0.9208124973
0.9297931490
0.9223431165
0.9203160362
0.9182367286
0.9226273785
0.9260686355
0.9271832811
0.9201940576
0.9139220277
0.9146187362
0.9135321335
0.9049967557
0.9012154162
0.9070574823
0.9135715876
0.9044635691
0.8751113171
0.8527707502
0.8559070417
0.8628157914
0.8737094671
0.8904913374
0.8894693002
0.8796008900
0.9019790558
0.8994105420
0.8775483190
0.8627645787
0.8592247662
0.8518655368
0.8421542023
0.8360731899
0.8313774952
0.8254336987
0.8158635254
0.8101738017
0.8128570017
0.8164030504
0.8289040387
0.8403188201
0.8433744211
0.8426533624
0.8365434431
0.8253644384
0.8186238088
0.8137495913
0.8181446866
0.8146109962
0.8076156648
0.7956783088
0.7866086281
0.7793863252
0.7707195072
0.7657781982
0.7684231442
0.7689122066
0.7545893890
0.7306815490
0.7102721727
0.6830869348
0.6374746892
0.5982073962
0.5676933024
0.5296981889
0.4861021345
0.4534946927
0.4309588916
0.4085675680
0.3948136377
0.3846168991
0.3797835356
0.3702708788
0.3668401072
0.3746405013
0.3825825132
0.3874530383
0.3974116057
0.4153142304
0.4365044963
0.4606500490
0.4927472117
0.5441344190
0.5948372231
0.6416321381
0.6782045474
0.6977335439
0.7055497006
0.7175351019
0.7373295718
0.7513735504
0.7652679381
0.7778022799
0.7859623117
0.7891070754
0.7977936024
0.8141788548
0.8249776509
0.8301610298
0.8406009869
0.8491376010
0.8447432769
0.8448159923
0.8472640426
0.8492981282
0.8478148830
0.8645954890
0.8660159701
0.8584880627
0.8644470071
0.8734009042
0.8695042260
0.8636050125
0.8639932679
0.8644214971
0.8664514698
0.8698156979
0.8737470178
0.8841241051
0.8945738029
0.9009252691
0.9012260263
0.8915441038
0.8795680612
0.8804765116
0.8909879434
0.9117365345
0.9213398068
0.9147736434
0.9109787435
0.9083431118
0.9178190439
0.9238859996
0.9211599009
0.9164113784
0.9082854207
0.9068491027
0.9160990682
0.9184095488
0.9137383015
0.9111616376
0.9129128022
0.9192888027
0.9258098715
0.9340313223
0.9404812792
0.9344351379
0.9304107775
0.9461325159
0.9473285623
0.9284278786
0.9238478794
0.9374269576
0.9435631356
0.9363129571
0.9279119445
0.9308349248
0.9436114423
0.9503207259
0.9441888495
0.9343769015
0.9287203386
0.9384329873
0.9502209877
0.9550866117
0.9447042583
0.9544761816
0.9731869117
0.9760304080
0.9700869328
0.9597020060
0.9468489001
0.9444909545
0.9416715590
0.9423913496
0.9224975525
0.8754694075
0.8264679055
0.7775321793
0.7373682010
0.7411927831
0.7850987090
0.8431619753
0.8946190237
0.9291429319
0.9549900557
0.9582860524
0.9555428871
0.9586849530
0.9537964943
0.9580957473
0.9592505493
0.9522609980
0.9470283442
0.9501173186
0.9596118228
0.9694020222
0.9712744118
0.9629117410
0.9545689799
0.9531099729
0.9502831459
0.9454940826
0.9265833022
0.9370053049
0.9635344416
0.9715425665
0.9628690454
0.9539749401
0.9527162526
0.9540441596
0.9499060918
0.9478341462
0.9517231232
0.9535759656
0.9636788677
0.9702069121
0.9641924094
0.9633501773
0.9645782961
0.9553089024
0.9397231043
0.9334362466
0.9487527889
0.9673195123
0.9612984222
0.9763076839
0.9807140512
0.9685260289
0.9678694551
0.9774463963
0.9709175947
0.9597821342
0.9600454500
0.9562630948
0.9386046900
0.9148829936
0.8864902553
0.8563224363
0.8452030551
0.8637958394
0.8985957870
0.9428606005
0.9669399602
0.9770662593
0.9795421051
0.9752679505
0.9728932634
0.9733611712
0.9775471374
0.9870450602
1.0022557714
1.0028318306
0.9888077116
0.9790428311
0.9716524394
0.9695344285
0.9736020180
0.9704249650
0.9569371072
0.9388403914
0.9191150449
0.9014030367
0.8871028150
0.8870655952
0.9042507884
0.9282605611
0.9338114079
0.9317078621
0.9454908975
0.9650670219
0.9635005619
0.9469700009
0.9217960701
0.8732498136
0.8156754944
0.7912075414
0.8022282239
0.8321582233
0.8801259341
0.9288016046
0.9623297085
0.9733185124
0.9875130781
0.9965642194
1.0022869776
1.0050263647
0.9994416033
0.9909855203
0.9831690271
0.9808432648
0.9778227401
0.9801995420
0.9854737174
0.9906657637
0.9885224004
0.9822079552
0.9811120068
0.9775209893
0.9673096589
0.9691095398
0.9815401346
0.9876994117
0.9916644527
0.9913007744
0.9917793433
0.9943522522
1.0216781462
1.0503265955
1.0419610319
1.0393806291
1.0428555232
1.0345757259
1.0294194283
1.0275824425
1.0144798272
0.9970042551
0.9857977057
0.9783608712
0.9777685687
0.9897444030
1.0043555671
1.0063800530
0.9834606649
0.9765771701
0.9980137520
1.0101302160
1.0010943643
1.0001144598
1.0094781595
1.0061630890
0.9912670476
0.9865146959
0.9856596648
0.9935331885
1.0054034510
1.0155129270
1.0132332077
1.0077544370
1.0103018941
1.0062968891
1.0042657050
1.0066648570
1.0037754067
0.9967598463
0.9905686524
0.9908072307
1.0089821200
1.0096435462
1.0178001456
1.0067886833
1.0151424876
1.0056251281
0.9914308224
0.9876127662
0.9860741609
0.9806988237
0.9859094898
0.9989042153
0.9943588820
0.9784788188
0.9748901931
0.9670541264
0.9553501523
0.9710736724
0.9865986356
0.9821234028
0.9736977132
0.9687741505
0.9634524708
0.9688479918
0.9857523473
1.0005587400
0.9956714778
0.9798659882
0.9726625939
0.9678143041
0.9522085859
0.9330934657
0.9257038631
0.9352391438
0.9532585912
0.9670865562
0.9863258809
0.9921229087
0.9934106913
0.9860368694
0.9814772268
0.9942735024
0.9955566870
0.9918396756
0.9949593463
0.9747344764
0.9600291782
0.9685359595
0.9855179030
1.0004441491
1.0102426107
1.0138750224
1.0066043272
0.9925173607
0.9884777553
0.9881967975
0.9919093318
0.9840120194
0.9727725652
0.9831226262
1.0030451521
1.0073959447
1.0012097076
0.9985395596
0.9953884083
0.9915528850
0.9898371069
0.9823694431
0.9820691452
0.9885182363
0.9923167161
0.9909465950
0.9801269475
0.9639151670
0.9602446055
0.9654204144
0.9627107631
0.9630530015
0.9775457430
0.9897943267
0.9966545147
1.0002948379
0.9946236847
1.0015643917
0.9951221561
0.9854077787
0.9760406476
0.9655238630
0.9622849364
0.9685596857
0.9786595879
0.9852414123
0.9901163212
1.0021306109
1.0125417273
1.0077171231
1.0075724540
1.0050889290
1.0117664967
1.0253753980
1.0263401818
0.9957175464
0.9853493267
0.9931896145
0.9895787604
0.9836130823
0.9856399920
0.9813271583
0.9603224291
0.9481419540
0.9640235285
0.9842239829
0.9959393291
0.9992750306
0.9701783771
0.9183135195
0.8799869708
0.8651189986
0.8561891284
0.8860787321
0.9314086183
0.9503284484
0.9560141701
0.9766505833
0.9951194873
0.9924712457
0.9843472316
0.9859621667
0.9857721094
0.9815091314
0.9915723929
1.0081379150
1.0157982596
1.0102392457
0.9899525291
0.9762026071
0.9731848840
0.9797427246
0.9875699501
0.9852674802
0.9802425929
0.9869206625
1.0025683315
1.0064765564
0.9943017254
0.9813324543
0.9797236584
0.9914383185
1.0024312715
1.0010441722
1.0022136170
1.0001664989
0.9954089031
1.0039679242
1.0103546935
0.9984549182
0.9811470649
0.9944805549
1.0186257828
1.0240067573
1.0148716608
1.0023609820
0.9952271678
1.0024632176
1.0063240201
0.9938580803
0.9890239509
0.9858233430
0.9828533070
0.9855816524
0.9952181836
1.0048956700
1.0149417790
1.0197367887
1.0099547565
0.9972375521
0.9885422051
1.0018219902
1.0049585678
1.0033665223
0.9974354416
0.9935670739
0.9922125847
0.9884351996
0.9957889847
0.9940336815
0.9937137110
0.9997765988
1.0016264804
1.0053401317
1.0127940722
1.0146893410
1.0048174433
0.9925471625
0.9862344321
0.9803787569
0.9812616655
0.9876172820
0.9927048470
0.9842149507
0.9693540011
0.9589942490
0.9671404560
0.9868961021
0.9884613666
0.9915510356
1.0076215986
1.0075371490
1.0016353453
0.9999968038
0.9938306032
0.9831027352
0.9792696772
0.9776679646
0.9703292187
0.9635472799
0.9538413749
0.9500297727
0.9415056635
0.9263388947
0.9103429144
0.9071534862
0.9146491359
0.9073619736
0.8587453615
0.7695518706
0.6978687452
0.6641972011
0.6607840344
0.7082825406
0.7868572375
0.8537771376
0.9088252231
0.9618450952
0.9926253777
0.9913063198
0.9815370739
0.9846137924
0.9810170125
0.9626582690
0.9191409657
0.8458617105
0.7667582862
0.7280620486
0.7432909116
0.7841844647
0.8438738233
0.9175476393
0.9598529193
0.9777777783
0.9850975576
0.9867395615
0.9929390114
0.9992505773
0.9897944491
0.9768863786
0.9807468415
0.9846197131
0.9980239594
1.0074189769
1.0157838963
0.9987802280
0.9905122958
0.9928312737
0.9889656314
0.9873242812
0.9957972404
0.9986493786
0.9860981822
0.9845932493
0.9978940200
1.0080072331
1.0081165779
0.9982992318
0.9885371568
0.9877918981
0.9778617252
0.9628735054
0.9595585079
0.9632077746
0.9807391353
0.9922270496
0.9978003861
0.9999698326
1.0133586513
1.0192565386
1.0255763510
1.0244216928
1.0081540377
0.9874851241
0.9812918611
0.9957051156
1.0048269782
0.9988860028
0.9977639588
1.0012874394
0.9976301595
0.9954031140
1.0008842744
0.9963175820
0.9820598214
0.9696377767
0.9394796483
0.8967969457
0.8556133740
0.8428732449
0.8654602178
0.8985673389
0.9394722110
0.9680151238
0.9828420603
0.9922438662
0.9941591733
0.9913178994
0.9899022015
0.9907191256
0.9987815709
1.0039198869
0.9821631862
0.9594382566
0.9320153402
0.9346033300
0.9426814042
0.9406239833
0.9602921578
0.9639627896
0.9746669787
0.9779794507
0.9665454571
0.9494792157
0.9434591721
0.9423078140
0.9480516024
0.9628360202
0.9751340873
0.9826550347
0.9903978014
0.9975213872
1.0009529135
0.9931828533
0.9806667055
0.9799863694
0.9784633516
0.9762953627
0.9914906902
0.9969992944
0.9907302960
0.9856268046
0.9895089989
0.9890086008
0.9879169734
0.9804596677
0.9828644314
0.9988704270
1.0047749883
0.9983569139
0.9949936801
0.9955119121
0.9905138412
0.9918060064
0.9984748957
0.9932170894
0.9750155444
0.9753422915
0.9923950423
1.0046661432
1.0055756122
1.0090364651
1.0129421279
1.0025738529
0.9896891118
0.9896608148
0.9955330536
0.9982712365
0.9987998856
0.9957351591
0.9872182415
0.9834370281
0.9943198710
0.9980176909
0.9866362511
0.9867363598
0.9910363045
1.0070886823
1.0157535625
1.0136151649
1.0056484691
1.0141436458
1.0064009519
0.9981070743
0.9895886149
0.9868481657
0.9981379316
1.0092463087
1.0004879156
0.9846008278
0.9863233965
0.9925834291
0.9879724722
0.9863786608
0.9906925067
0.9987989490
1.0053221549
1.0058751239
1.0087656725
1.0070966766
1.0030007662
1.0207894137
1.0189456756
1.0147829848
1.0159877727
1.0163707978
1.0177262132
1.0216404189
1.0254801087
1.0176436045
0.9976006952
0.9912281679
0.9863256085
0.9563220104
0.9124009290
0.8797858234
0.8807011314
0.9082392959
0.9519858646
0.9837107364
0.9857029026
0.9843482185
0.9971846684
1.0054046051
1.0010375018
0.9901931935
0.9805717494
0.9835349107
0.9941538276
0.9942796145
0.9870104195
0.9849361076
0.9824156687
0.9823268789
0.9800118048
0.9847703537
0.9748821414
0.9724175822
0.9785269463
0.9784116199
0.9836213087
0.9974805371
1.0024483813
1.0024551366
0.9994299853
0.9970823303
0.9995586951
0.9976362966
0.9932906512
0.9903381943
0.9863256758
0.9885316243
0.9843939666
0.9822434996
0.9725394448
0.9660575277
0.9696860530
0.9724401541
0.9808200802
0.9903872224
0.9853169506
0.9831282487
0.9853085484
0.9891999252
0.9975370813
1.0018984188
1.0005434625
0.9922539271
0.9824492527
0.9819540381
0.9850453878
0.9706244565
0.9385726512
0.9327628219
0.9549573815
0.9704338111
0.9773711818
0.9895707868
1.0003970907
1.0017875659
0.9874185094
0.9780362091
0.9769323861
0.9855806188
0.9778630084
0.9730783101
0.9689028731
0.9543111154
0.9156208793
0.8490410005
0.7915680605
0.7765456079
0.7928036959
0.8324990796
0.8847586044
0.9436943076
0.9693966932
0.9658781898
0.9592679620
0.9497408571
0.9516843812
0.9675864035
0.9810636223
0.9920866995
0.9917161181
0.9777762908
0.9694689588
0.9752765169
0.9877838578
1.0001050692
1.0050761123
0.9990258954
0.9912592634
0.9864968362
0.9813628383
0.9747022714
0.9650166882
0.9716896013
1.0001768777
0.9988078132
0.9937418250
0.9884090832
0.9766114688
0.9736533284
0.9751051604
0.9858227512
0.9957324244
0.9980956624
1.0010908062
1.0023070189
1.0007743270
1.0033965053
0.9997095230
0.9973721473
0.9957169999
0.9976423164
0.9993630769
1.0091016838
1.0045867426
1.0015060108
0.9878596672
0.9845446307
0.9734451352
0.9805885380
0.9910472085
0.9973250893
0.9919614840
0.9925218506
0.9994996210
1.0003617856
1.0010712152
1.0037820729
1.0001275489
0.9889130079
0.9835416802
0.9854485409
0.9763728733
0.9666000699
0.9878115048
0.9845098969
0.9623899603
0.9529775020
0.9468658476
0.9389650759
0.9387378469
0.9473124806
0.9497009798
0.9416499144
0.9363118810
0.9422943882
0.9488824914
0.9496145489
0.9612428858
0.9886141732
1.0111900743
1.0058837236
0.9967243068
0.9917126042
0.9953449352
0.9964695168
0.9926823943
0.9930175346
0.9956964214
0.9924389622
0.9727270045
0.9697072808
0.9824118768
0.9965269305
1.0009297462
0.9999123697
0.9994875141
0.9857625511
0.9692660436
0.9870035104
1.0051036006
1.0055589719
0.9986677623
1.0032833942
1.0107836111
1.0028794741
0.9970090129
0.9985759228
0.9754477397
0.9758232068
0.9975586757
1.0054783869
0.9972941143
0.9920364014
0.9987438304
1.0094680287
1.0124417258
1.0037750245
0.9942316007
0.9983949116
1.0008270664
0.9984201057
0.9940095764
0.9865827178
0.9811290029
0.9942289760
1.0010900677
0.9998074407
1.0074807018
1.0064793227
0.9952227099
0.9774427998
0.9848098664
0.9926820095
0.9924611624
0.9878923492
0.9768649492
0.9740990438
0.9758295607
0.9659269725
0.9626458172
0.9676726677
0.9780551691
0.9857190017
0.9864894324
0.9904898334
0.9887226794
0.9840423884
0.9826023835
0.9863720377
0.9857759727
0.9839615507
0.9932500438
1.0015315208
0.9985860055
0.9927483906
0.9915561708
0.9894283047
0.9859708007
0.9926122336
1.0019556875
1.0111639318
1.0093216608
1.0026789628
1.0066579666
1.0141508651
1.0036199220
0.9975921752
0.9971945482
0.9961915905
0.9933103462
0.9871897508
0.9918480531
0.9976383585
0.9980830417
1.0016973300
1.0031103227
0.9944586583
0.9861710466
0.9836972632
0.9854205484
0.9859553714
0.9775124493
0.9756328488
0.9872302520
0.9872739688
0.9878519596
0.9882023789
0.9795995608
0.9819933221
0.9929787552
0.9998823999
1.0020274093
0.9968714664
0.9805897762
0.9716044340
0.9776675077
0.9872424634
0.9984635684
1.0005267268
0.9842264814
0.9805115227
0.9957279560
1.0054438080
1.0038390219
0.9998236777
0.9946873934
0.9982549114
1.0114871172
1.0147236411
1.0023390164
0.9933763880
0.9882369268
0.9876950761
0.9916817766
0.9929118903
0.9936598654
0.9985317310
0.9992628426
0.9945424832
0.9957161353
1.0027566063
1.0021303357
1.0036989089
1.0005715585
0.9878828306
0.9927502082
1.0065396887
1.0122669862
1.0096877484
1.0042179898
1.0033313486
1.0029447295
0.9980247721
0.9932890863
0.9923968693
0.9945675904
0.9946226385
0.9877458305
0.9817528857
0.9844311098
0.9844956891
0.9795274284
0.9820246407
0.9823291622
0.9901385453
1.0064594666
1.0030491788
1.0000228521
0.9992621478
0.9979314296
0.9965620388
0.9895476201
0.9863703485
0.9888695550
0.9870965906
0.9851868726
0.9870878150
0.9800127131
0.9652385779
0.9581280665
0.9500135566
0.9388951367
0.9367743883
0.9469525828
0.9659956664
0.9811253044
0.9969778352
1.0043306870
1.0108011626
1.0096428788
0.9973617200
0.9927473977
0.9924307473
0.9959377894
1.0091237663
1.0229608881
1.0234887820
1.0123021942
1.0003244136
0.9933270972
0.9937495284
1.0063702520
1.0088613937
0.9998840304
1.0009921945
1.0202927008
1.0113165721
1.0061618080
1.0071848745
1.0151206835
1.0201403411
1.0190938041
1.0036704351
0.9897646792
0.9882162888
1.0016490313
1.0119770299
1.0061958175
1.0086286011
1.0123545726
0.9844910832
0.9552482301
0.9318724637
0.9063764065
0.9063167343
0.9267685419
0.9588739445
0.9800437025
0.9953311440
0.9963505194
1.0080882020
1.0118429646
1.0065130705
0.9985236738
0.9933228198
0.9933399339
0.9912987652
0.9864916543
0.9906089459
1.0018768175
1.0075892325
1.0005027168
0.9967051476
0.9976606353
0.9817995888
0.9864359271
0.9910355154
0.9893740503
0.9905740630
0.9960673100
1.0048778359
1.0029893695
1.0019773472
1.0026022394
1.0013014771
1.0033136406
1.0040820937
0.9967910402
0.9861507179
0.9773219006
0.9872435820
1.0153042120
1.0041947751
0.9794539403
0.9713874671
0.9751961377
0.9947052592
1.0046814435
1.0075226595
1.0101685570
1.0200199114
1.0188724569
0.9979591092
0.9867753639
0.9960447440
1.0070173150
1.0080403272
0.9994506039
0.9868407472
0.9849052556
0.9930067062
0.9922894857
0.9956398807
0.9775474044
0.9658304797
0.9782525514
0.9796974561
0.9859457859
0.9961557664
0.9986904281
0.9988948335
0.9976894084
0.9907077817
0.9851010369
0.9851783363
0.9856050857
0.9866313359
0.9854993813
0.9795010034
0.9778006224
0.9775998594
0.9842844582
0.9905470139
0.9743254485
0.9631369061
0.9657592864
0.9735785911
0.9815532024
0.9844588600
0.9957495053
1.0032938849
1.0030308576
0.9978167967
0.9959736274
0.9989236847
0.9988790770
0.9928043052
0.9800923793
0.9590258590
0.9354121614
0.9177862263
0.9084228027
0.8936995888
0.8798663840
0.8570579947
0.8176300958
0.7869679048
0.7737552510
0.8037872405
0.8556881380
0.8895972778
0.8948211665
0.8986389233
0.9111945921
0.9243501147
0.9357646401
0.9460975817
0.9561499009
0.9710222254
0.9869398637
0.9951522160
1.0048419370
1.0002615165
0.9993881996
1.0049122534
1.0097457839
0.9885785334
0.9736628899
0.9410958766
0.9332410391
0.9342491718
0.9407861468
0.9595882957
0.9817518532
0.9962854856
0.9938986317
0.9849547556
0.9769973782
0.9657162560
0.9613052322
0.9705549863
0.9851798012
0.9962768452
0.9844628473
0.9862420098
0.9987024778
0.9951604871
0.9922475603
0.9904168780
0.9842853747
0.9823322317
0.9865660100
0.9914923028
0.9962374902
0.9964964338
0.9936104711
0.9947135184
0.9961015438
0.9931519865
0.9910089024
0.9944523341
1.0107766037
1.0169219714
0.9947282333
0.9898564565
0.9913851948
0.9873508631
0.9848519184
0.9910612511
0.9949038131
1.0077613943
0.9957449872
0.9931784110
1.0058075107
1.0052490852
0.9953763104
0.9899978114
0.9874854453
0.9949077087
1.0081107256
0.9980999794
0.9823698975
0.9889670042
0.9897596614
0.9812862489
0.9722118311
0.9896861344
0.9998484936
1.0026976876
1.0120260354
1.0135299386
1.0033220548
0.9929627624
0.9917068934
0.9921993566
0.9875418905
0.9800287389
0.9792019106
0.9848091873
0.9859046279
0.9833573365
0.9880445938
1.0002595797
0.9773661921
0.9536191436
0.9264730575
0.9049136924
0.9104115220
0.9159633052
0.9340524550
0.9580408147
0.9791680815
1.0051852153
1.0149702531
1.0073923956
0.9982350920
0.9927010340
0.9933914827
1.0023017380
1.0114342320
1.0131689168
1.0052670204
0.9884868403
0.9863596366
1.0072638289
1.0001379272
0.9918156512
0.9885331741
0.9895946120
1.0015664409
1.0116694229
1.0144139673
1.0217433430
1.0127818638
1.0078216260
1.0057694249
0.9985753410
1.0015255216
1.0193690388
1.0299126031
1.0188469599
1.0020156463
0.9984774992
0.9930235954
0.9892965717
0.9884435700
1.0054349013
1.0078367259
1.0053030526
1.0113235809
1.0003286190
1.0023451003
1.0084142655
1.0054958226
1.0075526991
1.0094787775
1.0107623377
1.0116789228
1.0085160353
0.9995080240
0.9928780759
1.0051526251
1.0103096662
1.0087143362
0.9926838156
0.9813903392
0.9771070201
0.9470479236
0.9129463488
0.8468912450
0.7590044625
0.7164976544
0.7283804274
0.7806426895
0.8519031381
0.9148656961
0.9546177494
0.9788910428
0.9859979059
0.9827806400
0.9905420073
0.9964711304
0.9981117471
0.9839510478
0.9898502250
1.0053303159
0.9964676888
0.9912594054
0.9948131075
0.9875950346
0.9797836351
0.9885163642
0.9888750899
0.9849037244
0.9862841829
0.9834111846
0.9820178212
0.9819629375
0.9815248170
0.9882790316
0.9994116107
1.0064088679
1.0031598300
0.9977034502
0.9937680906
0.9933250571
1.0088700824
0.9943492497
0.9865176891
0.9984967543
1.0040149798
1.0010004435
0.9957795531
0.9895677814
0.9921298150
0.9976600071
0.9973620337
0.9955748270
0.9964336478
0.9980230608
1.0035382669
1.0112205338
1.0083419423
1.0053898307
0.9976044810
0.9741765986
0.9584382692
0.9488503355
0.9699695177
0.9816523193
0.9756316324
0.9827123204
1.0093005642
1.0130671836
1.0126055012
1.0155892230
1.0199079145
1.0223983668
1.0164569270
1.0025393521
0.9911532740
0.9871883552
0.9827522540
0.9779747501
0.9773410452
0.9878999616
0.9855158449
0.9889027366
1.0025120907
1.0057682173
1.0049714874
0.9987207147
0.9900562524
0.9882710448
0.9954494006
1.0004237054
0.9952398419
0.9923022737
1.0064565832
1.0170639173
1.0025844333
0.9957130939
1.0123157398
1.0028903479
0.9907899655
1.0057561088
1.0063717282
0.9959356007
0.9892035031
1.0012814499
0.9981164187
1.0023695555
1.0081209886
1.0181646175
1.0222225216
1.0183132200
1.0131675983
1.0078572345
1.0026951889
1.0012931704
1.0055523902
1.0140853388
1.0194220260
1.0136346077
1.0063370134
0.9973301464
0.9988999609
1.0067674728
1.0071735185
1.0011234326
0.9969783420
0.9809834178
0.9868951067
0.9944405677
0.9993868094
0.9931751110
0.9900250522
0.9900778630
0.9907993981
1.0020600509
1.0111443508
1.0018317743
0.9976493546
1.0032089774
0.9976092916
0.9947084374
1.0079242548
1.0093494346
0.9920819604
0.9992762010
1.0010822270
1.0039589262
0.9928726417
0.9886789213
0.9907896336
0.9971653643
1.0040733936
1.0033359264
1.0064751184
1.0216753067
1.0263590417
1.0102787355
1.0047704640
1.0201772523
1.0182167267
1.0178387701
1.0042787453
0.9946524631
0.9950881690
0.9986956765
0.9963260706
0.9907685969
0.9956560860
0.9975738787
0.9973972634
0.9958036261
0.9954672732
0.9963666322
0.9997624825
1.0017317215
0.9894601837
0.9651814467
0.9562036632
0.9737931769
0.9887105841
0.9897102782
0.9933916101
1.0016858730
1.0040011305
0.9993800624
1.0100694830
1.0055325084
1.0028664704
0.9957141173
0.9955541729
0.9963742152
0.9958072831
0.9917301815
0.9905105098
0.9978655083
1.0079908052
1.0129210001
1.0059929682
0.9933264232
0.9967834835
0.9858738067
0.9785015129
1.0002573237
1.0298137335
1.0003994899
0.9980946157
0.9930076775
0.9962877061
0.9999129069
1.0019166583
0.9999020331
0.9956855224
0.9942849043
0.9967001773
1.0000251989
1.0031694182
0.9980776952
0.9881361992
1.0013426198
1.0064705016
0.9923832586
0.9814737005
0.9867579584
0.9884678087
0.9774399516
0.9898258469
1.0010225959
0.9988593640
0.9979010389
1.0048088180
1.0018279111
0.9953790896
0.9950912651
0.9960588654
0.9975773960
0.9953365234
0.9882824447
0.9879518913
0.9877875186
0.9942870765
1.0023644013
1.0060263143
1.0044443628
1.0051796876
1.0020260428
1.0126248159
1.0110382075
0.9986045946
0.9863157436
0.9940482523
0.9947836585
0.9956042636
0.9990799771
1.0018746573
1.0013803769
0.9963176515
0.9957007455
1.0030136343
1.0032099106
0.9956863545
0.9955605649
0.9959642585
0.9938040892
0.9961915142
1.0037872568
0.9964555967
1.0017049250
1.0003707923
0.9973902621
1.0042645649
1.0025142117
0.9961800548
0.9966682805
0.9975233407
0.9948384903
0.9917574106
0.9860732208
0.9854090254
0.9987484096
1.0065984207
1.0219379394
1.0255832813
1.0068418835
0.9939242970
0.9947473135
0.9972515646
0.9998233881
0.9995390571
1.0046131225
0.9982134339
0.9948199185
0.9949796328
0.9939806522
0.9844695970
0.9716601280
0.9673367238
0.9662054179
0.9597880931
0.9538365074
0.9493655889
0.9561666035
0.9720655493
0.9830071283
1.0048274043
1.0075297656
1.0178732140
1.0140186639
1.0186421740
1.0208149337
1.0197298936
1.0130464341
1.0074469409
1.0101809287
1.0131308922
1.0103077586
1.0050940071
0.9996641028
0.9969263770
1.0013773903
1.0037646976
0.9894928292
0.9799567885
0.9922182538
1.0113579602
1.0103635540
0.9909648795
0.9643229052
0.9681635460
0.9820412231
0.9704564327
0.9440752850
0.9180647895
0.8811485017
0.8261500355
0.7683523609
0.7299215165
0.7156671733
0.7303332001
0.7926575604
0.8791985150
0.9328810949
0.9523914042
0.9606101435
0.9949951812
1.0124565171
0.9952725227
0.9877949927
0.9972186563
0.9880657054
0.9878093395
0.9866665690
0.9960888461
1.0136809865
1.0179858139
1.0099903149
1.0071458497
1.0116974051
1.0130069613
1.0061348682
0.9972825422
0.9945346461
0.9876670129
0.9949343350
0.9962854599
1.0012063800
0.9801039622
0.9869611940
0.9966816533
0.9951457527
0.9790363430
0.9691278223
0.9770525621
0.9887062848
0.9970808539
0.9940384085
0.9879729915
0.9917067671
0.9954482843
0.9954559492
1.0024420731
1.0074139913
0.9983519751
0.9856196857
1.0039624292
1.0010294651
0.9961378934
0.9995718544
1.0045348880
0.9931362641
0.9868617213
0.9885588765
0.9928134440
1.0002920740
1.0026416683
0.9958328283
0.9918903381
0.9938191858
0.9942616598
0.9971283645
1.0023237254
0.9987658300
0.9838570906
0.9753324149
0.9779831242
0.9682339434
0.9618974636
0.9761903744
0.9725283529
0.9825659223
0.9797100184
0.9791677489
0.9876954241
0.9939199460
1.0025609067
1.0129041551
1.0190449468
1.0144438139
0.9942392036
0.9718130814
0.9679504919
0.9805277632
0.9943875691
1.0080743475
1.0133896842
1.0103293270
0.9885219524
0.9927607564
1.0018512805
0.9984093285
0.9918686544
0.9907711500
0.9818253525
0.9663470795
0.9663678146
0.9762527948
0.9884599806
0.9984469422
0.9988096347
0.9992516089
1.0031293432
0.9967599863
0.9957597054
1.0022470539
1.0140535665
1.0170948965
1.0142131126
1.0052226947
0.9929825631
0.9989394403
1.0134604021
1.0179279088
1.0142427906
1.0012892647
0.9908685205
0.9871673344
0.9874163257
0.9901660131
0.9947428722
0.9987943637
1.0008215989
1.0076782829
1.0171302629
1.0206036789
1.0040533032
1.0016242528
0.9888252477
0.9950401835
1.0066295000
1.0034914630
0.9895207872
1.0073741442
1.0020218424
0.9877196573
0.9898271503
0.9938714994
0.9911709170
0.9892517826
0.9905156958
0.9916201341
0.9899049209
0.9865682156
0.9854181874
0.9992072425
1.0016293036
0.9946937121
0.9984502258
1.0054481415
1.0029775603
1.0016432587
0.9790693607
0.9819492001
0.9848170984
0.9810839324
0.9881696313
1.0060261261
1.0115317903
1.0046105630
1.0013283360
1.0032441354
1.0039086691
1.0022007953
1.0206722626
1.0290916070
1.0242646082
1.0150833441
1.0027562080
0.9990901391
0.9909470343
0.9988012674
0.9980376976
0.9873550373
1.0037283082
1.0141158723
1.0052009273
0.9977075251
1.0020159296
1.0112793489
1.0164011462
1.0147899525
1.0158144246
1.0217937190
1.0134960909
1.0130028488
1.0123235990
1.0084165683
1.0027752933
0.9905690470
0.9848443089
0.9995321767
1.0044695367
