#flux
1.0087255027
0.9932838591
0.9761078799
0.9624434256
0.9650716212
0.9751772241
0.9891430503
1.0033745131
0.9932422808
0.9845940383
0.9775101499
0.9812555762
0.9909251889
0.9944963526
0.9945057610
0.9941164198
0.9921931014
0.9943567753
1.0031057477
1.0001152723
0.9986939062
1.0049895963
0.9823584918
0.9685232598
0.9497504249
0.9106756479
0.8868773451
0.8899333481
0.9012038760
0.9212349194
0.9495428510
0.9664005788
0.9772061851
0.9939095359
1.0108315176
1.0209311114
1.0194545948
1.0030342951
0.9894066932
0.9971573800
0.9979040493
1.0091606775
1.0081159729
0.9948651505
0.9849354085
0.9798917373
0.9776099268
0.9754620784
0.9771292197
0.9844576117
0.9943837772
0.9912988674
0.9836578205
0.9860887903
0.9926870898
0.9967800415
1.0076841292
1.0299479109
1.0441907158
1.0359899596
1.0428657320
1.0340538316
1.0144072583
1.0015286076
0.9945218644
0.9821935737
0.9584490183
0.9351324113
0.9073208233
0.8782729318
0.8477399125
0.8358656293
0.8577682506
0.9024265261
0.9450471637
0.9706248087
0.9840861433
0.9911419697
0.9828393874
0.9672493986
0.9632188598
0.9691095440
0.9640916931
0.9558049033
0.9589839928
0.9602678132
0.9552732193
0.9609659012
0.9533267659
0.9224316911
0.8942417249
0.8867811607
0.8928291755
0.9040147758
0.9212927927
0.9424571918
0.9564422020
0.9449997592
0.9038729676
0.8657837579
0.8230306723
0.8042396300
0.8226656420
0.8587334782
0.9004705461
0.9412786126
0.9647688153
0.9765315764
0.9697683290
0.9582931497
0.9613867337
0.9580587520
0.9488743395
0.9501777234
0.9611908687
0.9712964405
0.9757116164
0.9781822845
0.9833623537
0.9822355562
0.9740874963
0.9785990912
0.9737688003
0.9713546365
0.9806387105
0.9871619385
0.9881513418
0.9869772367
0.9824997202
0.9801992640
0.9787040317
0.9713072585
0.9579293996
0.9469379800
0.9465015938
0.9530016338
0.9523948510
0.9411711473
0.9352125322
0.9451153121
0.9664333781
0.9909735195
0.9983437541
0.9987474231
1.0059984816
1.0062583956
0.9834972193
0.9592129725
0.9626509057
0.9582950834
0.9515503848
0.9683992547
0.9925207371
0.9958073512
0.9809824471
0.9639806171
0.9458359683
0.9190699445
0.8838587601
0.8556399073
0.8602239681
0.8866018863
0.9043137308
0.9233461461
0.9434577155
0.9549256077
0.9618605995
0.9680979616
0.9657305968
0.9560448992
0.9562346539
0.9470228071
0.9408779557
0.9302276347
0.9137308709
0.9032843036
0.8991389573
0.8985737638
0.8986276213
0.8993150568
0.9116064770
0.9344438733
0.9394116649
0.9534534184
0.9592319485
0.9664295869
0.9523406496
0.9393569742
0.9338998290
0.9173441434
0.9056087387
0.9162293460
0.9305780643
0.9345882013
0.9236533634
0.9011077007
0.8804011837
0.8677085426
0.8511107213
0.8175808558
0.7707977773
0.7147286812
0.6429247552
0.5844679148
0.5256102939
0.4418870207
0.3773364364
0.3317843063
0.2984698428
0.2813493073
0.2710060543
0.2590010123
0.2558720187
0.2473762140
0.2347957602
0.2277865960
0.2231227121
0.2268513769
0.2474687319
0.2750476597
0.3076227367
0.3505715660
0.3997447800
0.4488487437
0.5063110575
0.5728232890
0.6435198272
0.7198569013
0.7801815190
0.8161580197
0.8450400657
0.8568667413
0.8637949175
0.8762109161
0.8773209900
0.8874152934
0.9056524992
0.9071665532
0.9102501884
0.9161367680
0.9270593688
0.9304338914
0.9275501722
0.9197337181
0.9052595761
0.9046396994
0.9368168153
0.9643879658
0.9672487066
0.9487915638
0.9411499080
0.9475023621
0.9556103933
0.9557031764
0.9469904539
0.9351195050
0.9231842644
0.9113101285
0.9066217014
0.9130988603
0.9235291212
0.9490642363
0.9473036806
0.9331135807
0.9388921053
0.9555504662
0.9711282089
0.9817532206
0.9779122605
0.9626307038
0.9615879763
0.9776013434
0.9785931820
0.9676036560
0.9594537689
0.9613303705
0.9622099871
0.9596391545
0.9699186382
0.9830084397
0.9817176783
0.9799960470
0.9831572941
0.9755492164
0.9689478264
0.9711782783
0.9650935906
0.9709118477
0.9713505966
0.9740511471
0.9888990729
1.0019542301
0.9976737379
0.9889469305
0.9958051077
0.9951601829
0.9893311382
0.9934207410
0.9911070706
0.9863427578
0.9860692572
0.9917112559
1.0013527448
1.0030406321
0.9970708190
1.0075759338
1.0181017005
0.9976886414
0.9890871825
0.9896767858
1.0002385615
0.9955673861
0.9923619588
0.9946923943
0.9865034052
0.9640555861
0.9342150435
0.8935999713
0.8367236832
0.7824780364
0.7604247231
0.7703716180
0.8095124375
0.8613965936
0.9131785171
0.9545589332
0.9610459715
0.9689358695
0.9873460413
0.9811258296
0.9807679889
0.9793873631
0.9710986910
0.9725883590
0.9708916926
0.9616793494
0.9577851236
0.9678541914
0.9822454074
0.9849245820
0.9856803566
0.9888362440
0.9764499637
0.9655081831
0.9582690461
0.9375439485
0.9495797812
0.9584786390
0.9627467540
0.9542066648
0.9578421725
0.9684015453
0.9752699894
0.9849048658
0.9936951471
0.9929864467
0.9874591655
0.9885981727
0.9981093133
1.0029781984
0.9943658399
0.9864225995
0.9829612465
0.9908767702
1.0104019233
1.0276660909
1.0254306600
0.9950194069
0.9634614065
0.9791299913
0.9921449122
0.9846130981
0.9821894853
0.9807604660
0.9834524885
0.9706273017
0.9254253196
0.8630773022
0.8049207822
0.7621409952
0.7479128989
0.7722939270
0.8256135512
0.8905904013
0.9389048879
0.9648417875
0.9990213782
1.0109874338
0.9990567054
0.9920704934
0.9873151311
0.9857419722
0.9998849747
1.0155888988
1.0133835714
1.0049200489
0.9951939097
0.9836602686
0.9794781960
0.9777135250
0.9519316643
0.8886827185
0.8182059687
0.7659466900
0.7521095373
0.7872217705
0.8568755867
0.9249543948
0.9673288930
1.0100012861
1.0027917628
0.9794672026
0.9609406290
0.9250170777
0.8641889690
0.7894896935
0.7304826027
0.7094448242
0.7277125908
0.7784423190
0.8446280904
0.9071913317
0.9605404662
0.9738823224
0.9821662695
0.9958589310
1.0026702239
1.0100678580
1.0108883465
1.0038036596
0.9934094731
0.9904085817
1.0009792485
1.0136014230
1.0114908799
0.9951726125
0.9750655806
0.9654548083
0.9736209434
0.9870349479
0.9933253368
0.9915552642
0.9748498714
0.9769177844
0.9778295824
0.9751151238
0.9924131758
1.0020224398
0.9791867674
0.9709030880
0.9962469746
1.0156448509
1.0265800762
1.0314769452
1.0314434323
1.0332220648
1.0306163781
1.0200658067
1.0123618880
1.0125467293
1.0126448215
1.0088767270
1.0055711742
1.0013837226
0.9947173842
0.9905495722
0.9763493232
0.9929081384
1.0095591474
1.0119313919
0.9955218551
1.0049393392
1.0158216161
1.0184769007
1.0212499627
1.0163160470
1.0011571137
0.9910085290
1.0025186097
1.0201093696
1.0141133980
0.9962383481
0.9919040827
1.0004169336
1.0048415522
0.9950238058
0.9788056196
0.9826070791
1.0018505454
1.0148321400
1.0186326094
1.0231981442
1.0317731419
1.0286814824
1.0110661437
1.0100505923
1.0225029331
1.0140116082
0.9965605718
0.9924191034
0.9885293558
0.9806427612
0.9670702139
0.9615860676
0.9609663552
0.9572863631
0.9673272231
0.9922497156
1.0111965047
0.9922156953
0.9890265288
1.0016613498
0.9936060782
0.9846763027
0.9638716577
0.9497232268
0.9350576965
0.9042193458
0.8624914118
0.8262056091
0.8157525405
0.8392813409
0.8775011026
0.9118835218
0.9418021265
0.9663236004
0.9712690136
0.9740599316
0.9882252588
0.9956002357
0.9904159607
0.9856974721
0.9862668583
0.9895336067
0.9843714578
0.9732109675
0.9703274737
0.9751809613
0.9821739908
0.9923014408
0.9972427022
0.9876007703
0.9767188677
0.9786558214
0.9965836892
0.9988306434
0.9843872479
0.9873822982
0.9899854389
0.9897209929
0.9895163248
0.9914982922
0.9898706524
0.9835235416
0.9931013581
0.9938000960
0.9821022854
0.9747533564
0.9735259863
0.9778924138
0.9802546679
0.9691098168
0.9618556962
0.9642513743
0.9668590194
0.9673210348
0.9822439316
1.0015193980
1.0090603605
1.0050849761
0.9898878886
0.9987213569
1.0049134476
0.9921574888
0.9737740664
0.9712188723
0.9797156582
0.9879329502
0.9864365521
0.9808153938
0.9877112767
1.0037640714
1.0102049673
1.0069689609
1.0078724363
1.0040319299
0.9879225099
0.9825864278
0.9725213180
0.9640291594
0.9581248259
0.9680273704
0.9694881784
0.9711099723
0.9821045819
0.9958920582
1.0035031122
1.0004951547
0.9949521889
0.9933627244
0.9883160595
0.9676936503
0.9242428639
0.8637959352
0.8095499249
0.7837816146
0.7991750171
0.8458555200
0.9133428798
0.9674880685
0.9807110160
0.9841807312
0.9894674044
0.9942663722
0.9955892887
0.9962379376
0.9857801153
0.9787530686
0.9836847929
0.9853858534
0.9889452314
1.0026067118
1.0032059963
0.9984144527
1.0120684447
1.0070448367
0.9984017017
1.0014898899
0.9932832156
0.9945496690
0.9910141529
0.9945525641
0.9960717483
0.9970561059
0.9942614338
0.9849333913
0.9833406392
0.9961494534
1.0098575387
1.0161839496
1.0141807535
1.0028480349
0.9957984367
0.9985337282
0.9881090138
0.9945686768
0.9933864315
0.9803059827
0.9668227604
0.9666611465
0.9565575573
0.9570321161
0.9611872179
0.9670917515
0.9696459303
0.9675003574
0.9695379900
0.9753186231
0.9816728567
0.9899452511
0.9996329540
1.0028499585
1.0000402294
1.0015861812
0.9972308601
0.9937464108
0.9832839013
0.9734334214
0.9724738216
0.9876882496
1.0176760795
1.0155699625
1.0012336553
0.9983173226
1.0015657218
0.9982715885
0.9877454600
0.9890644663
1.0006023725
1.0082547224
1.0060389354
0.9964719641
0.9902003444
0.9967020535
1.0057389657
0.9942275562
0.9823039835
0.9651443299
0.9546438397
0.9561838502
0.9736985499
0.9752033006
0.9669621719
0.9696544445
0.9825277987
0.9969728958
1.0077579832
1.0128342465
1.0106716914
1.0092715683
1.0187273759
1.0247280730
1.0103398736
0.9976058846
0.9997330077
0.9816885858
0.9448234363
0.9081881839
0.9112782144
0.9184564786
0.9067278648
0.8834016229
0.8195882997
0.7362800351
0.6674294477
0.6280002321
0.6373011315
0.7003459693
0.7884896784
0.8567572072
0.9014471985
0.9433903341
0.9791409876
0.9987710337
1.0028191327
0.9957595965
0.9766805256
0.9526541552
0.8895297614
0.7971596949
0.7185761079
0.6804721391
0.6913067122
0.7460929055
0.8224138788
0.8934296757
0.9381669231
0.9565457094
0.9706378923
0.9931962349
1.0110051677
1.0106586708
1.0066456037
1.0102204791
1.0034841580
0.9947033913
0.9809440185
0.9770280212
0.9801259732
0.9796549131
0.9782385925
0.9788651914
0.9745560909
0.9604875299
0.9530064160
0.9550280042
0.9717913841
0.9865968396
0.9905880321
0.9938717638
0.9956740763
0.9939086627
0.9910327663
0.9803235558
0.9657372827
0.9595143096
0.9698719120
0.9771204554
0.9779882582
0.9512698308
0.9432255463
0.9559338263
0.9773723812
0.9901668271
0.9876048417
0.9887346760
0.9947524615
1.0052559354
1.0041474940
0.9953355293
0.9939737876
0.9988352211
1.0038035869
1.0054905979
0.9973013613
0.9880583337
0.9926827159
1.0001537756
0.9919563229
0.9766751377
0.9398951998
0.8854851693
0.8531624152
0.8608713559
0.8832222036
0.9088502309
0.9500434125
0.9838581198
0.9969083306
0.9954218898
0.9931158104
0.9911085484
0.9823799877
0.9749252578
0.9780204527
0.9812035223
0.9799840049
0.9740703315
0.9565881933
0.9306277962
0.9067856808
0.9122222591
0.9374944856
0.9648265480
0.9868595096
0.9779383470
0.9320137933
0.8825211152
0.8581146280
0.8587890007
0.8871982148
0.9353372914
0.9689345998
0.9798049705
0.9914357852
0.9981154349
1.0057050841
1.0124998367
1.0042042512
0.9956232697
0.9949215243
0.9981246812
0.9932760771
0.9845150236
0.9810967917
0.9785985167
0.9847930225
0.9973378762
1.0008294325
0.9964347222
0.9971637613
0.9943487377
0.9850554424
0.9887784731
0.9973347346
0.9912523480
0.9948627520
0.9984794210
0.9898456092
1.0053731404
1.0152549427
0.9974844518
0.9968291916
1.0068663826
1.0130308671
1.0113036772
1.0029731105
0.9974322098
0.9951220983
0.9971721461
1.0038449672
1.0086391145
1.0057108128
0.9956944365
0.9885307518
0.9970392464
1.0084010674
1.0044800848
1.0012577893
0.9931963879
0.9847820139
0.9797461787
0.9759157886
0.9642867802
0.9709147366
0.9938376886
0.9998111740
0.9988445287
1.0020910900
1.0096909633
1.0086788693
1.0064405180
1.0111534125
1.0130534697
1.0026030974
0.9765799965
0.9601880373
0.9610551330
0.9615085079
0.9614222111
0.9623503216
0.9726493103
0.9859208769
0.9911034637
0.9985883980
1.0032737925
1.0095270922
1.0127710354
1.0074413984
1.0068982390
1.0191069641
1.0272556140
1.0256934504
1.0204066887
1.0008879307
0.9669880327
0.9346483432
0.8934029657
0.8384223952
0.7830572870
0.8032381488
0.8371992049
0.8730318793
0.9353035284
0.9935986899
0.9990341327
0.9777451286
0.9785634612
0.9943965654
1.0041509238
1.0069138017
1.0046862733
0.9940455403
0.9823616270
0.9789249362
0.9761853216
0.9740217011
0.9833670403
0.9831559652
0.9616679867
0.9458084598
0.9347323925
0.9279704723
0.9407325868
0.9632711045
0.9702748669
0.9779448400
0.9908730931
1.0060105720
1.0050841937
1.0042262040
1.0079062131
1.0020951596
0.9903641785
0.9833578120
0.9763457052
0.9644335062
0.9571066844
0.9377296451
0.9343793914
0.9247289733
0.9337308785
0.9589900388
0.9764212286
0.9800344610
0.9850204222
0.9861427153
0.9858152367
0.9898934573
0.9922247980
0.9886491517
0.9845301194
0.9784718220
0.9622118881
0.9364228609
0.9042836261
0.8676874830
0.8504568565
0.8653715025
0.8883840449
0.9263528633
0.9490430810
0.9754310144
0.9931327570
1.0031161631
1.0019460809
0.9890171576
0.9838668307
0.9841049984
1.0029086572
1.0035155328
0.9669618622
0.8994924616
0.8212934361
0.7513640618
0.7071738927
0.7206256523
0.7698689876
0.8543772313
0.9046054252
0.9079749246
0.9032366888
0.8918614935
0.8643613175
0.8624870270
0.8735068789
0.8936831466
0.9147877066
0.9424419866
0.9665740231
0.9788000205
0.9815507548
0.9852962032
0.9945872651
1.0024537830
1.0041504462
1.0003654259
0.9937303195
1.0012487342
1.0045367351
0.9783059045
0.9717835936
0.9906718450
0.9949337067
0.9924394074
1.0051144753
1.0045774385
0.9924917252
0.9874514122
0.9944556557
0.9959454075
1.0028430785
1.0117632374
1.0089578004
0.9989726870
0.9896301793
0.9896722001
0.9987813448
0.9998814469
0.9899170241
0.9706601104
0.9659714748
0.9779928827
0.9796674866
0.9827012008
0.9814524642
0.9851773518
0.9948573332
1.0030006688
1.0023626806
1.0051757262
1.0131336046
1.0107504899
1.0056355909
1.0082488958
1.0093166253
1.0040071967
0.9957948559
1.0112595435
1.0087840636
0.9938705991
0.9899127490
1.0006206780
1.0125791409
0.9982991895
0.9726653285
0.9524826932
0.9468578361
0.9507986165
0.9334098153
0.8912183732
0.8535265676
0.8324449905
0.8241370914
0.8380961776
0.8787286361
0.9278439633
0.9702975619
0.9931309802
0.9940656855
1.0016923422
1.0036475152
0.9915922381
0.9918841808
0.9969860042
0.9942604298
0.9806414545
0.9876961133
0.9903237219
0.9877463445
0.9961342418
0.9950230164
0.9863255996
0.9900804872
1.0005947977
0.9994001456
0.9927126245
1.0045384810
1.0196559748
1.0029889089
0.9879916411
0.9900912163
0.9945778090
1.0030819081
1.0051059924
0.9875039762
0.9919851489
0.9963001128
1.0183986545
1.0262021185
1.0185303705
1.0140687141
1.0115302383
1.0036474150
0.9969634191
1.0037312554
1.0187166995
1.0231282321
1.0203539857
1.0144484417
1.0071504301
0.9906428538
0.9927886492
0.9660294389
0.9486267383
0.9559869963
0.9526701914
0.9624500851
0.9771769410
0.9786814824
0.9801386518
0.9824236886
0.9855419902
0.9905193508
0.9933926451
0.9915515397
0.9865780357
0.9796738708
0.9711229577
0.9679273642
0.9663890052
0.9827179033
1.0029347015
1.0286949231
1.0310342540
1.0174151007
1.0037247299
0.9927149773
0.9832965630
0.9623871595
0.9579518035
0.9737146702
0.9817661327
0.9821054648
0.9903489043
0.9963460900
0.9878013405
0.9814799606
0.9899225903
0.9929413393
0.9848650314
0.9848803154
0.9862522822
0.9829591008
0.9801252913
0.9653428147
0.9661005876
0.9824062299
1.0022288820
1.0065864474
0.9941117148
0.9843010667
0.9881453993
0.9872847365
0.9790623813
0.9844780442
0.9970913574
0.9977633936
0.9981433469
0.9964179652
0.9969025978
0.9971880509
1.0089629089
1.0222512100
0.9967813089
0.9902233792
0.9965982169
0.9954107064
0.9991174801
1.0055603454
1.0103617276
1.0011463224
0.9885744026
0.9873108462
0.9868393915
0.9842628860
0.9893335497
0.9913921679
0.9878930826
0.9947919924
0.9951980066
0.9920391179
0.9964479972
1.0002104641
1.0063147873
0.9969832518
0.9897093271
0.9979271691
1.0040410085
0.9996526608
0.9943978732
0.9955726372
0.9986746125
0.9965862208
0.9915355944
0.9907651088
0.9928328467
0.9901955776
0.9844311516
0.9821794123
0.9831758025
0.9932738762
0.9913353122
0.9789938814
0.9845590911
0.9880581566
0.9857502559
0.9873202148
0.9862919378
0.9911080958
0.9975640397
0.9971110121
0.9902601949
0.9836814803
0.9924425886
1.0047601306
0.9950905426
0.9755631751
0.9698410103
0.9712115324
0.9625245791
0.9556649813
0.9806460196
1.0037663589
0.9982326795
0.9808934468
0.9643266041
0.9572095620
0.9466029786
0.9579407029
0.9711336970
0.9651007058
0.9610284842
0.9696740597
0.9765711375
0.9661348708
0.9361233302
0.8923977933
0.8433576480
0.8073063854
0.7988216541
0.8171550486
0.8639138677
0.9118584325
0.9611431121
0.9943809074
1.0000712329
1.0020346551
0.9958184688
0.9873812150
0.9897731591
0.9945866927
0.9776350579
0.9640860419
0.9728251973
0.9790761963
0.9778269602
0.9809476458
0.9779179042
0.9769103870
0.9776863534
0.9873798552
0.9951033512
1.0034995346
0.9954123540
0.9893048189
0.9995814163
1.0092635206
1.0154630412
1.0053937751
1.0090033065
1.0223459238
1.0184630365
1.0027899075
0.9972063825
1.0081958888
1.0223392006
1.0204979550
0.9978728893
0.9666581595
0.9391381383
0.9198707823
0.8881993516
0.8881400015
0.9048361947
0.9404963982
0.9719470535
0.9983049782
1.0018729904
1.0057608426
0.9971638647
0.9967841150
0.9826700619
0.9757611528
0.9931442658
1.0091790310
1.0106520803
0.9989246102
0.9815842971
0.9870340603
0.9987023432
1.0113970632
1.0069163135
0.9823042947
0.9783601807
0.9764449873
0.9844478000
0.9817238650
0.9808861303
0.9961195294
0.9956490277
0.9881228160
0.9925924660
1.0093037163
1.0167591388
1.0060854122
0.9953929256
0.9981544666
0.9930775757
0.9631963964
0.9447489674
0.9439090417
0.9352779688
0.9036761942
0.8775280689
0.8981066122
0.9587604830
0.9891725756
0.9892682312
0.9914062348
1.0010658669
1.0017517226
1.0036167214
1.0032281547
0.9932668278
0.9894429936
0.9933863936
0.9897065245
0.9796022344
0.9715339517
0.9741511856
0.9892311254
1.0002086014
0.9908124133
0.9915718255
1.0058382706
0.9733270842
0.9678038500
0.9666062758
0.9685114844
0.9681009958
0.9621906658
0.9523842413
0.9468885353
0.9489032061
0.9555533492
0.9640091563
0.9666284202
0.9610016434
0.9639713803
0.9732206738
0.9505511170
0.9172634356
0.9089620269
0.9173841085
0.9077626050
0.9401270549
0.9798775586
0.9972399997
1.0056300192
0.9996131827
1.0000771416
0.9987748937
0.9924429688
0.9894496403
0.9933161581
0.9860862004
0.9535906580
0.9227424587
0.9183739950
0.9139932439
0.9037650615
0.8963184084
0.8609322762
0.8081894918
0.7884391154
0.7965327730
0.8133732182
0.8319356837
0.8404506910
0.8517329439
0.8640196696
0.8723199126
0.8750073551
0.8981847090
0.9384767124
0.9781878849
1.0004241463
0.9968404489
0.9902118785
0.9979070300
1.0103550894
1.0190431015
1.0208857776
0.9960608448
0.9548494557
0.9495256837
0.9330965326
0.9077400193
0.9050888314
0.9259011970
0.9443840915
0.9568929715
0.9814383635
0.9934637738
0.9864507505
0.9707624497
0.9571774411
0.9553085872
0.9682686828
0.9891767639
0.9878120905
0.9834318289
1.0013262437
1.0017357398
0.9938728130
0.9950088316
0.9825294969
0.9836819015
0.9905152248
0.9818571308
0.9749067222
0.9883301577
0.9937886287
0.9861124434
0.9838081806
0.9939721082
1.0016942284
0.9958013701
0.9832338290
0.9770837549
0.9856362498
0.9882084872
0.9979058909
1.0104881784
1.0153832546
1.0250827881
1.0314588441
1.0154430352
1.0063911321
1.0069416358
0.9955645929
0.9881128815
0.9856026602
1.0020400422
1.0007189373
0.9877298525
0.9824011578
0.9787109538
0.9801569716
0.9790061655
0.9757117431
0.9812355075
0.9871218835
0.9771424914
0.9590282497
0.9667235979
0.9926242820
1.0038604144
1.0018815514
0.9929168825
0.9999241826
1.0035047845
0.9930585459
0.9856912450
0.9897891713
0.9918602374
1.0029015399
1.0146709324
1.0057786962
0.9928957263
0.9681624522
0.9431555068
0.9034595638
0.8791134721
0.8700133813
0.8601879506
0.8538731201
0.8721336232
0.8990414691
0.9339510405
0.9590144671
0.9658930633
0.9725080977
0.9797569645
0.9876892660
1.0004323839
1.0152236308
1.0126063952
0.9915247818
0.9810560189
0.9832967783
0.9903793182
1.0087209627
1.0138879164
1.0107332475
1.0067029063
0.9849241951
0.9842992342
0.9904589980
0.9895862254
0.9897788338
1.0070224061
1.0106550217
0.9978854853
0.9846712585
0.9874615155
0.9924990131
0.9942338990
0.9972026446
0.9928824779
0.9965186154
1.0064561503
1.0046084616
0.9999943867
1.0011722155
0.9993733453
0.9942702260
1.0112848511
0.9999655330
0.9745781781
0.9684029005
0.9740797307
0.9859015822
0.9878154256
0.9847402982
0.9894425606
1.0010575689
0.9994922404
0.9894921828
0.9919530385
0.9923457248
0.9936362108
0.9985166134
1.0010621498
0.9865160671
0.9469414354
0.8693321784
0.7471103857
0.6537056007
0.6070264008
0.6245361603
0.6993727973
0.7911302815
0.8696332376
0.9252795643
0.9671780398
0.9949899342
1.0110043525
1.0136778213
0.9993048982
0.9889812708
0.9893984686
0.9903537328
0.9872759928
0.9961193500
0.9970413504
0.9932128471
1.0088913257
0.9969103196
0.9924001501
0.9794538505
0.9576864074
0.9475845644
0.9463831974
0.9433615756
0.9434868603
0.9477444627
0.9574016079
0.9680812943
0.9786899782
0.9969900282
1.0070487055
1.0142482822
1.0095411673
0.9939141933
1.0052036095
1.0033134657
0.9897068039
0.9833889323
0.9736319422
0.9862454547
0.9870694480
0.9884441422
0.9971762761
0.9971642972
0.9921402808
0.9916541286
0.9871901202
0.9808544506
0.9825401723
0.9784544683
0.9625697183
0.9497463863
0.9328875070
0.9150673528
0.9281079892
0.9409480359
0.9558177849
0.9630962489
0.9716380973
0.9872026795
0.9850926861
0.9885642975
1.0010096968
0.9999069301
0.9956421414
0.9912630148
0.9826314505
0.9747845339
0.9705854324
0.9627719891
0.9374114162
0.8966357869
0.8646568613
0.8728700113
0.9014129371
0.9357986758
0.9693311904
0.9754072688
0.9972876859
1.0097731912
1.0008741589
0.9997372822
0.9935718863
0.9873119666
0.9878694323
1.0034983508
1.0190732378
1.0172348426
1.0077291736
1.0051754824
1.0059256855
0.9974480404
0.9932646432
0.9924990440
0.9945155069
0.9739369692
0.9680383600
0.9752798159
0.9935308132
0.9894424290
1.0021418184
0.9874226292
0.9874018434
0.9942678674
0.9907291685
0.9901627621
0.9910454542
0.9896061913
0.9943057670
0.9983337463
0.9926410110
0.9848219772
0.9779325686
0.9758958070
0.9703094613
0.9748322900
0.9981893103
0.9977478357
1.0109155378
0.9955164612
0.9803086040
0.9738987236
0.9729686241
0.9782887716
0.9784208826
0.9814985746
0.9923072702
0.9965249959
0.9915537474
0.9879870197
0.9886125548
0.9930049613
0.9925903966
1.0015660469
0.9951799922
1.0090416245
1.0226186525
1.0196406981
1.0162051128
1.0094457643
0.9908335239
0.9743207594
0.9708055802
0.9788340277
0.9870568422
0.9975242368
1.0083131376
1.0104718718
1.0068008924
0.9989343947
0.9861514442
0.9848856049
0.9891715899
0.9942043606
0.9964394186
0.9952275413
0.9958759525
1.0080220009
1.0107683425
0.9921651980
0.9738306579
0.9829895378
0.9883064138
0.9928591544
0.9831071423
0.9700073565
0.9566943469
0.9479791079
0.9516778911
0.9604572879
0.9697800584
0.9825432111
0.9928585247
0.9851201721
0.9833888578
0.9841750442
0.9701259102
0.9666521345
0.9645907055
0.9749892712
0.9848365233
0.9802977723
0.9818530485
0.9975670950
1.0109576861
1.0106366863
1.0099484989
1.0120885820
1.0080949028
0.9955638459
0.9825307567
0.9816683861
0.9846784997
0.9853673149
0.9878613501
0.9992873908
1.0006881027
1.0189386561
1.0225150441
1.0037992337
0.9954616016
1.0066380834
0.9999538690
0.9964497229
0.9974318594
0.9974334051
1.0016504591
1.0078901679
1.0101798409
1.0071405560
0.9955282156
0.9781122256
0.9707793682
0.9783484761
0.9861553945
0.9928235723
0.9927956715
0.9916016458
0.9955241793
0.9780016028
0.9892659531
0.9892941676
0.9807163121
0.9812730901
1.0004108775
1.0104807120
1.0019952391
0.9996048216
1.0039301180
1.0000673225
0.9948054511
0.9942890550
0.9985940656
1.0011679109
0.9859235248
1.0034387103
1.0116209926
1.0053244510
1.0022260876
0.9944401893
0.9952908111
0.9992480154
1.0052280942
0.9992659286
0.9814426205
0.9693514685
0.9652329824
0.9712634796
0.9859204833
0.9984212793
1.0045707212
1.0043235405
0.9977273436
0.9927582691
0.9787749869
0.9776506177
0.9870967312
1.0173357617
1.0029585639
0.9953671981
0.9943037785
1.0057423728
1.0030503078
0.9897527227
0.9924129302
0.9945712926
0.9949011672
0.9913633577
0.9869328604
0.9820852828
0.9796355178
0.9906290218
0.9966892540
0.9955171376
0.9945995951
0.9775416316
0.9689299145
0.9776625357
1.0003076818
1.0019314387
0.9954358105
0.9996192435
1.0097862989
1.0071278466
1.0034819102
0.9964196515
0.9837374816
0.9615824631
0.9356403816
0.9324084917
0.9488899595
0.9540772123
0.9571554696
0.9644857269
0.9677920477
0.9765653416
0.9958035627
1.0038664030
0.9945124711
1.0021882911
0.9876068014
0.9951216372
1.0019334184
0.9963265918
0.9846548093
0.9735206872
0.9651931074
0.9770040105
1.0019343245
1.0062774187
0.9919069983
0.9839053041
0.9769119968
0.9756361441
0.9899000641
0.9968693931
0.9858392879
0.9795481842
0.9834181194
0.9675156867
0.9487040424
0.9455755534
0.9350985104
0.9027741076
0.8472643676
0.7813177009
0.7131470991
0.6595235156
0.6342271485
0.6502839346
0.7173249893
0.8171332519
0.9098036651
0.9687474313
0.9951801974
1.0089749623
0.9941782865
0.9979735665
1.0077457550
1.0065914184
0.9836947299
0.9617636373
0.9563160968
0.9605597947
0.9626234246
0.9747612238
0.9920682656
0.9935822579
1.0031376299
1.0116127919
1.0006087462
1.0017132602
1.0096972301
0.9941596874
0.9755281245
0.9578935612
0.9396813212
0.9390051034
0.9305326988
0.9361106641
0.9353690346
0.9356865114
0.9544172495
0.9547774901
0.9497188038
0.9522980948
0.9615492642
0.9629885826
0.9714978277
0.9861339167
0.9852891641
0.9790350684
0.9850103518
0.9961803930
1.0070048939
0.9957578928
0.9889472214
0.9785965444
0.9733565951
0.9711164126
0.9624389553
0.9799222483
0.9925020475
0.9991124972
0.9940690134
0.9976636629
0.9978549497
0.9999396473
0.9955918476
0.9780823290
0.9636413222
0.9579466600
0.9513821872
0.9439623757
0.9383052902
0.9465483333
0.9636895026
0.9669424183
0.9452840468
0.9500025855
0.9686915361
0.9825809832
0.9839149653
0.9764013991
0.9955053229
1.0073520704
1.0045733420
0.9879693132
0.9684619468
0.9568717988
0.9605645272
0.9700276820
0.9727415798
0.9792792759
0.9842954010
0.9966362439
0.9852212242
0.9752186814
0.9745773006
0.9757301647
0.9944360724
0.9882523400
0.9831065593
0.9976822867
0.9893792591
0.9822378082
0.9750007150
0.9692536198
0.9681844428
0.9789898372
0.9971483408
1.0147476216
1.0264231757
1.0219487352
1.0205205898
1.0271088176
1.0148621083
1.0035130613
1.0081137509
1.0119447474
1.0064389549
1.0042720013
1.0035884034
1.0009619977
0.9946519421
0.9910331952
0.9939825823
1.0115269248
1.0224873535
1.0170743793
1.0054466921
0.9947938971
0.9935824167
1.0012052241
0.9973593171
0.9839147276
0.9779562857
0.9897414849
0.9969502079
0.9765829852
0.9748847835
0.9802655298
0.9894337778
0.9910131317
0.9763212753
0.9796840134
0.9835565889
0.9887214545
0.9891813459
0.9824763295
0.9837803550
0.9901924460
0.9870641054
0.9839291832
0.9846887599
0.9809949410
0.9997126968
1.0180502549
0.9958064362
0.9969203596
1.0019899217
0.9877197402
0.9830416230
0.9750407023
0.9697763369
0.9785406829
0.9897694919
0.9967658887
1.0076204417
1.0194403703
1.0138776538
1.0020735443
0.9959131102
0.9778882307
0.9686446284
0.9864915433
0.9909461476
0.9997110252
1.0033248312
1.0174104353
1.0230479724
1.0017445787
0.9852602152
0.9718782347
0.9714008475
0.9746231034
0.9802866087
0.9812242993
0.9757721851
0.9782332928
0.9865494245
0.9911706566
0.9915248475
0.9898754181
0.9930173756
0.9983089789
1.0029267816
0.9986993887
1.0073641881
0.9903089648
0.9774193299
0.9896742952
