#flux
0.9927653241
0.9933412360
1.0040389520
1.0061863225
1.0030560542
0.9945109515
0.9836137888
0.9941858017
1.0050466207
1.0008735104
1.0043803785
0.9976071958
0.9929511179
0.9947591848
0.9964847940
0.9974906459
1.0000789361
1.0034381482
1.0048632353
1.0007558912
0.9944544074
0.9964577183
0.9966428150
0.9851647999
0.9688927935
0.9570648158
0.9466536024
0.9382466925
0.9391237007
0.9457609216
0.9581302200
0.9759501953
0.9869058918
0.9941716974
1.0026115772
1.0023591869
0.9987156750
1.0013404752
1.0029715233
0.9995082089
0.9977478887
0.9958278237
0.9924707933
0.9915730807
0.9921723099
0.9916732205
0.9991635382
1.0086901706
1.0191924658
1.0151430178
1.0111699700
1.0088276960
1.0086543714
1.0090319608
1.0054686797
1.0008977186
0.9971805015
0.9973342898
0.9961430601
0.9878897048
0.9862616544
0.9982889036
1.0087769289
1.0044467094
0.9919749071
0.9823161694
0.9634179221
0.9225783339
0.8671518259
0.8222438188
0.7949172817
0.7903993579
0.8204808446
0.8764988410
0.9271200556
0.9609775686
0.9798851040
0.9815583645
0.9748080107
0.9736213230
0.9767632084
0.9787040291
0.9760183971
0.9754726382
0.9826633650
0.9843604292
0.9757698393
0.9753553493
0.9695499403
0.9614102458
0.9578619965
0.9525322298
0.9492485580
0.9524334104
0.9529666840
0.9481129127
0.9402304186
0.9227365656
0.8797430482
0.8223764548
0.7856244109
0.7762299474
0.7901042420
0.8301506334
0.8896193995
0.9392341041
0.9617196346
0.9808579528
0.9883102531
0.9818749008
0.9699407063
0.9593905273
0.9505294564
0.9414579448
0.9361801779
0.9432869752
0.9603540784
0.9766010502
0.9866424084
0.9875163294
0.9825942876
0.9842255597
0.9901160575
0.9981950195
1.0023980348
0.9918563041
0.9842873524
0.9843759714
0.9807930584
0.9805650960
0.9777472247
0.9747144793
0.9753172229
0.9780383805
0.9796645410
0.9808668610
0.9836654355
0.9860159463
0.9916975282
0.9992112244
0.9961795724
0.9866065642
0.9860481778
0.9909166706
0.9904636525
0.9844695646
0.9795441528
0.9823780112
0.9829151778
0.9800739605
0.9835123609
0.9850339807
0.9789036694
0.9783067736
0.9827736550
0.9779256942
0.9699146222
0.9708283046
0.9677031509
0.9567394473
0.9549060528
0.9609230197
0.9671160023
0.9719608818
0.9752330608
0.9760906337
0.9773435717
0.9802013058
0.9737737869
0.9673977647
0.9615384631
0.9598021498
0.9573827970
0.9579431535
0.9611727814
0.9619560501
0.9619346196
0.9677302038
0.9750451636
0.9755657391
0.9749355549
0.9751248481
0.9678769294
0.9696280797
0.9711911864
0.9642219792
0.9584706575
0.9597851523
0.9603070836
0.9582276553
0.9500575705
0.9440704065
0.9441676999
0.9413237166
0.9343786973
0.9318331530
0.9301625759
0.9233489805
0.9153044599
0.9050138786
0.8863534202
0.8593997784
0.8211298639
0.7692258563
0.7087675615
0.6449921661
0.5776607326
0.5158873186
0.4664279608
0.4275658298
0.3999850460
0.3815580413
0.3724035287
0.3764655944
0.3803778216
0.3867777718
0.3996840733
0.4241021004
0.4587061014
0.4973400483
0.5414050957
0.5922096548
0.6432187130
0.6965270922
0.7536555711
0.8005016639
0.8435330246
0.8794751961
0.9037145797
0.9131525035
0.9207429503
0.9340895798
0.9405648280
0.9375168686
0.9393695107
0.9495778146
0.9528690248
0.9509546828
0.9532758326
0.9580504300
0.9595162462
0.9585645836
0.9602520169
0.9639346547
0.9648245560
0.9653664909
0.9658480785
0.9706244209
0.9759893164
0.9820952190
0.9834779359
0.9828298067
0.9823311648
0.9800502799
0.9741084316
0.9633916947
0.9488299641
0.9393976114
0.9370769821
0.9373834313
0.9435436314
0.9560058789
0.9633309985
0.9635452964
0.9650428139
0.9741859018
0.9821355593
0.9793305129
0.9891824343
0.9893818189
0.9894494766
0.9868678728
0.9861835522
0.9797244145
0.9753812123
0.9778590280
0.9818043853
0.9823600461
0.9808085352
0.9838583159
0.9891151277
0.9889740016
0.9902109128
0.9994196507
1.0055734432
0.9993689815
0.9915603236
0.9836569555
0.9825873386
0.9916318883
0.9881051602
0.9844794045
0.9888043842
0.9862495699
0.9927825500
0.9926786137
0.9884647108
0.9905398147
0.9962005067
0.9989569388
1.0013343333
1.0083922040
1.0148266749
1.0122910056
1.0053980528
0.9990185050
0.9996653459
0.9898063853
0.9872438656
0.9913119440
0.9884005280
0.9853662410
0.9912724597
0.9913622581
0.9739607045
0.9601834520
0.9350646415
0.8912595413
0.8414714691
0.7992301046
0.7738623885
0.7728140532
0.7997912984
0.8479156890
0.8965455678
0.9313864321
0.9562104716
0.9711855335
0.9742419097
0.9764826424
0.9821688870
0.9792987976
0.9780974610
0.9826875888
0.9868132614
0.9900098081
0.9936144063
0.9965004241
0.9982111150
0.9977454601
0.9991140024
1.0058613266
1.0084268771
1.0028935750
1.0014757342
0.9933958716
0.9889073614
0.9864270759
0.9821783060
0.9735258975
0.9601256352
0.9550062580
0.9568413553
0.9623703314
0.9772735694
0.9900656086
0.9952264723
0.9948673193
0.9990104480
1.0030159582
0.9993065059
0.9934660970
0.9904120376
0.9910830110
0.9959793774
0.9969934573
1.0003294866
1.0005533939
0.9888546459
0.9869454350
0.9929529941
0.9935824622
0.9851456558
0.9668154050
0.9412080154
0.9088160714
0.8611652521
0.7939750208
0.7207419548
0.6633919790
0.6423459363
0.6689243015
0.7391171897
0.8283241833
0.9004306321
0.9473727216
0.9780402159
0.9970907500
1.0065421170
1.0109489244
1.0114077503
1.0065812428
1.0007556646
1.0040255221
1.0012657182
0.9953263121
0.9942182400
0.9936329724
0.9870875743
0.9708253434
0.9453948268
0.9121262225
0.8714370542
0.8377600400
0.8318349714
0.8448098933
0.8823756525
0.9429975638
0.9758998749
0.9940105678
0.9954370482
0.9867715637
0.9731271936
0.9492341656
0.9090399851
0.8591884837
0.8144155792
0.7827703884
0.7839214968
0.8253320883
0.8816856821
0.9293970997
0.9659181667
0.9888686660
0.9974415952
1.0024481673
1.0109601689
1.0132549797
1.0071994608
1.0047075061
1.0014988525
1.0045922170
1.0152762319
1.0034916817
1.0016409661
0.9995632325
0.9969558727
0.9921366904
0.9840815165
0.9813474919
0.9890160617
0.9985298272
1.0003413058
0.9974166354
0.9982670948
1.0025615646
1.0018318583
0.9948194403
0.9951616947
0.9903335890
0.9949477969
1.0062419837
1.0133328795
1.0123553238
1.0087241247
1.0069460886
1.0046740519
1.0025128219
1.0039716193
1.0016957321
0.9983296872
1.0000921998
0.9984714593
0.9914201500
0.9912797029
0.9971312561
1.0042539199
1.0049544634
1.0078522208
1.0072260377
0.9978657308
0.9984074059
0.9976803214
0.9963855331
0.9934438091
0.9986488068
1.0026120840
0.9995520839
0.9911885712
0.9903860652
0.9932461032
0.9930882826
0.9925739463
0.9901122668
0.9890900423
0.9955281222
0.9974626599
0.9889319473
0.9878036696
0.9849186018
0.9905624676
0.9961878704
1.0066789598
1.0127555768
1.0163576255
1.0156807611
1.0102443140
1.0066070384
1.0085455824
1.0086602841
0.9986179993
0.9827403743
0.9703903706
0.9645740766
0.9613190429
0.9557221771
0.9562109471
0.9643148774
0.9811171431
0.9888624768
0.9875840832
0.9965388448
0.9990911011
0.9897218364
0.9793344126
0.9679126461
0.9592496687
0.9441081635
0.9125542857
0.8888074704
0.8807230392
0.8885461383
0.9124218463
0.9415021794
0.9654171270
0.9764170551
0.9881487033
0.9964854728
1.0017246907
1.0100565759
1.0082503053
0.9987929666
1.0015024298
1.0022652669
0.9944230859
1.0012308667
1.0032655327
0.9964407219
0.9961991056
1.0020538621
1.0064638872
1.0085538500
1.0099983363
1.0111146459
1.0093408525
1.0016536231
0.9956369973
0.9986066277
0.9945448712
0.9919584656
0.9971935864
0.9944971213
0.9948192579
0.9929295902
0.9984652998
1.0048839478
1.0113218526
1.0125983109
1.0077532173
0.9996125292
0.9924848264
0.9915683015
0.9953504726
0.9970335246
0.9971079768
0.9968542697
0.9913081059
0.9955968733
1.0062930515
1.0127600491
1.0096692319
1.0065328871
0.9950764706
0.9887885219
0.9981592754
1.0021017231
0.9976674655
0.9995551125
1.0035671900
1.0029761766
1.0013846837
1.0038325832
1.0056613719
1.0022865882
1.0003676960
1.0008822135
0.9956772991
0.9986713979
1.0030519568
1.0002514011
0.9997859126
1.0026739624
1.0024589978
1.0047579820
1.0099439478
1.0109062367
1.0111813990
1.0105393187
1.0078274732
1.0023130967
0.9919924319
0.9760080604
0.9531240471
0.9190320134
0.8824510649
0.8656449077
0.8710942928
0.8951671547
0.9392370650
0.9793507524
0.9974769083
1.0026202868
0.9990655412
0.9956360254
0.9985140033
0.9990945332
1.0033308625
1.0051318247
1.0049091960
1.0034023805
1.0049746601
1.0086070968
1.0097805203
1.0078790607
1.0065648413
1.0085100592
1.0104197697
1.0120227185
1.0112397123
1.0056904321
1.0052151809
1.0106764240
1.0113101278
1.0111081817
1.0093498956
1.0103951117
1.0180651084
1.0162590274
1.0158318145
1.0188931343
1.0153714822
1.0073947061
1.0012269556
0.9976233778
0.9981833737
1.0014929504
1.0008315181
0.9988999094
1.0017127346
1.0003573171
0.9991993415
1.0036491704
1.0070532328
1.0023887748
0.9963010563
0.9855871431
0.9805424718
0.9889805670
1.0015422415
1.0103356272
1.0126842845
1.0079370252
1.0030745587
1.0067726368
1.0151112006
1.0173765222
1.0130366182
1.0083473505
1.0074389084
1.0155704172
1.0183766380
1.0202387254
1.0107728299
1.0059908909
1.0022470693
0.9967009057
1.0001845201
1.0000147788
1.0009980157
1.0044126257
1.0027547382
1.0023464614
1.0075158818
1.0095960690
1.0072161302
1.0054010548
0.9964902986
0.9782513138
0.9680748199
0.9695031725
0.9775747788
0.9834636285
0.9828869767
0.9893667760
0.9825408315
0.9727154369
0.9712103268
0.9699534880
0.9705466880
0.9744345801
0.9762537423
0.9750213452
0.9728443729
0.9689231465
0.9629128982
0.9565293684
0.9481833460
0.9341049546
0.9165365664
0.9005964990
0.8717418932
0.8352566224
0.7701489249
0.6965585496
0.6343323918
0.6039248527
0.6150674388
0.6632729037
0.7340602117
0.8102662251
0.8708060365
0.9100685522
0.9348923236
0.9505460130
0.9565663978
0.9508265864
0.9348864114
0.9076526942
0.8573753807
0.7900126299
0.7216378558
0.6792564192
0.6886101216
0.7415949851
0.8212212193
0.8918630510
0.9366141139
0.9612634708
0.9713519192
0.9714974436
0.9653567420
0.9604285835
0.9629472815
0.9726247857
0.9862099618
0.9992570777
1.0044710409
0.9997114525
0.9952888377
0.9957917662
0.9914552971
0.9924948801
0.9925963838
0.9830951965
0.9919744776
0.9918806828
0.9917821492
0.9936547852
0.9987327031
1.0068125727
1.0056181538
1.0014799775
0.9986268452
0.9963192971
0.9940298274
0.9931519767
0.9978166368
1.0007876726
0.9976182112
0.9992132449
1.0007508914
0.9966389877
1.0002837959
1.0056856891
1.0153164148
1.0126043712
1.0029598105
0.9981324593
1.0074872848
1.0122807379
1.0125380920
1.0103292300
1.0100781749
1.0061094454
0.9945740228
0.9863607621
0.9876901284
0.9922679857
0.9876085632
0.9670778253
0.9359306643
0.9061812729
0.8896346560
0.8939451461
0.9102636783
0.9340456029
0.9743607261
1.0012611266
1.0116363133
1.0065930834
1.0026080639
1.0003080016
1.0006041234
1.0034400300
1.0035168098
1.0020326052
0.9990683223
0.9867396098
0.9711228312
0.9640744542
0.9676156738
0.9643471235
0.9613360504
0.9663080939
0.9637040386
0.9391958441
0.8934218759
0.8521747634
0.8338144902
0.8341996176
0.8623304108
0.9117867179
0.9610761824
0.9882793335
0.9989693554
1.0096862435
1.0169572907
1.0141245984
1.0048586187
1.0038118158
1.0088501755
1.0067741569
1.0091059447
1.0064701372
1.0121526090
1.0206928633
1.0176394160
1.0211089907
1.0214133945
1.0106350250
1.0031095045
1.0040557315
1.0071956350
1.0115610287
1.0164709649
1.0160543587
1.0092057166
1.0007304446
0.9953479368
0.9983368063
0.9977514357
0.9943676440
0.9995482515
1.0065835616
1.0054294931
0.9983876412
1.0000793061
0.9997127574
0.9992540451
1.0084189144
1.0106360658
1.0096593464
1.0153236273
1.0164066480
1.0090506253
1.0048436998
1.0060059079
1.0068727953
1.0056781924
1.0034302212
1.0060577740
1.0070095492
0.9989096173
0.9985133847
0.9999070940
1.0039096748
1.0127867994
1.0111890552
1.0096426879
1.0127892745
1.0064925130
1.0078761975
1.0147803300
1.0152413879
1.0096244438
1.0045084090
0.9989458252
0.9899362101
0.9879055557
0.9938347586
0.9941701102
0.9970156504
1.0079131164
1.0174223139
1.0144947854
1.0145256452
1.0151846673
1.0123157150
1.0172902877
1.0211490782
1.0155679567
1.0110985317
1.0102335608
1.0069689760
1.0002706398
0.9915801841
0.9811362794
0.9676728090
0.9511803868
0.9403970347
0.9346689259
0.9434377526
0.9660703979
0.9788709278
0.9901304951
1.0034542611
1.0083012842
1.0007741187
0.9977089385
0.9956148366
0.9899572324
0.9899939469
0.9886676163
0.9815180387
0.9759611703
0.9759386959
0.9750045075
0.9694903937
0.9645973765
0.9591677510
0.9517424286
0.9397383245
0.9225613552
0.9182874051
0.9339502783
0.9528417907
0.9681508159
0.9816624064
0.9949593641
1.0012150858
1.0025520090
1.0065618722
1.0068461163
1.0071744787
1.0050991805
0.9970536631
0.9892467877
0.9867153642
0.9913818087
0.9985669893
1.0005947669
0.9927780652
0.9965369982
1.0105027009
1.0073581471
1.0034437094
1.0038258778
1.0080989306
1.0030266677
0.9993033959
0.9979697184
0.9966652652
0.9859087179
0.9723969684
0.9603102799
0.9404932105
0.9202049572
0.9157964002
0.9227131457
0.9390064469
0.9659826288
0.9857784331
0.9958603938
1.0017100038
1.0017068817
1.0037911209
1.0005213143
0.9970536924
0.9930149102
0.9838285842
0.9684979074
0.9395960346
0.8893453717
0.8344633869
0.7914642926
0.7693498946
0.7815611993
0.8286566556
0.8854358362
0.9287684067
0.9513221535
0.9461863538
0.9250229759
0.9136450701
0.9080947267
0.9184166500
0.9499868349
0.9738603865
0.9859712365
0.9976502225
1.0054871918
1.0009927552
0.9972507417
0.9933514126
0.9924392646
0.9995580780
1.0084117805
1.0113376217
1.0101166939
1.0096185540
1.0058658357
1.0087034739
1.0162098987
1.0165860127
1.0147254150
1.0140280000
1.0053830456
0.9999371503
1.0085938442
1.0138362136
1.0097918256
1.0030689756
0.9968692937
0.9992585009
1.0076271444
1.0113819119
1.0092260952
1.0080251070
1.0064138472
0.9965660903
0.9861794894
0.9849084469
0.9858092388
0.9933551177
0.9919753409
0.9903393745
0.9869729563
0.9924821455
0.9995712439
1.0075183763
1.0125411178
1.0092552758
0.9989201445
0.9927443323
0.9972977565
1.0006716254
0.9987682736
0.9964032347
0.9892759470
0.9842187845
0.9931128540
1.0020291692
1.0045489689
0.9935708954
0.9922258552
0.9914247464
0.9792846913
0.9770573117
0.9757340152
0.9766886361
0.9735971893
0.9602113275
0.9450765995
0.9335254019
0.9334049492
0.9454644266
0.9636781966
0.9825963057
0.9966409490
1.0032374604
1.0040888169
1.0036059407
1.0105406770
1.0178288292
1.0222768071
1.0192421320
1.0104432233
1.0071827040
1.0024586471
1.0021031378
1.0015544461
0.9978610383
0.9957256913
0.9993744730
1.0032088205
1.0043355450
1.0072166721
1.0116860731
1.0092043806
0.9988747923
0.9955171953
1.0049661608
1.0144935173
1.0118167119
0.9988795643
0.9904099444
0.9970456639
0.9952746406
0.9956925169
1.0020713190
1.0091301859
1.0074088491
0.9982033661
0.9964763284
1.0057001366
1.0106747681
1.0025173032
0.9944161689
0.9991547622
1.0074243917
1.0057262318
0.9961767196
0.9898132445
0.9984164682
1.0017405700
0.9998768677
0.9935181794
0.9934798418
0.9948499366
0.9957067691
0.9939308549
0.9932226521
0.9889049576
0.9874504937
0.9839761161
0.9794813798
0.9771793706
0.9771337253
0.9811157294
0.9835047280
0.9814380812
0.9906879465
1.0033684139
1.0090912891
1.0043233334
1.0047592416
0.9982777191
0.9887600112
0.9985091607
1.0004152241
1.0022167589
1.0059967905
1.0047324459
1.0017943573
1.0010683653
0.9994092671
0.9946327673
0.9884379190
0.9832555183
0.9834590497
0.9918346369
1.0002229584
1.0010584475
1.0047819869
1.0097452631
1.0144288477
1.0126504216
1.0054562766
1.0031932978
1.0063413742
1.0069011784
1.0045763664
1.0100375501
1.0136589050
1.0094722047
1.0053626965
1.0046473361
1.0006506635
0.9929111749
0.9915750721
0.9992530798
1.0047155407
1.0032109433
1.0023587531
1.0017910961
1.0107533946
1.0130498775
0.9910075306
0.9865983422
1.0061306689
1.0129447618
1.0001924864
0.9845116477
0.9815985569
0.9876344551
0.9880323006
0.9850397915
0.9906411728
1.0011887260
1.0043989025
1.0018552736
1.0018154703
1.0022186691
1.0029701032
1.0065727157
1.0109861911
1.0156868648
1.0142188240
1.0116344272
1.0087567925
1.0086135550
1.0086451856
1.0005998551
0.9951385112
0.9957836335
0.9972000162
0.9948477235
0.9920495067
0.9925736914
0.9917736518
0.9890853984
0.9913886982
0.9923284209
0.9984650011
1.0092577619
1.0119702658
1.0073961297
0.9984600486
0.9950235859
0.9952517439
0.9973191073
1.0009039323
1.0020691312
1.0004742492
1.0013752802
1.0046249837
1.0027148025
0.9966652563
0.9932544997
0.9932930242
0.9958192320
1.0007858097
1.0065485717
1.0092507342
1.0030262234
0.9983536557
0.9965300571
0.9968354826
0.9960610613
0.9936651905
0.9937760133
0.9947886193
0.9913850686
0.9804367048
0.9636990084
0.9420077726
0.9136039871
0.8793850842
0.8494276672
0.8355395504
0.8403304192
0.8630745878
0.9025888838
0.9466421018
0.9799569470
0.9966642545
0.9956636251
0.9951328857
1.0024504759
1.0018289708
0.9995519623
0.9936306247
0.9916420723
0.9947964109
0.9950798313
0.9897660312
0.9833463567
0.9841337701
0.9908272518
0.9964396577
1.0007205369
1.0025170855
1.0013183978
1.0016225233
1.0036442622
0.9949619882
0.9932895085
1.0057419508
1.0037353684
1.0010426806
1.0004027057
0.9967816548
0.9914992161
0.9874368694
0.9892569134
0.9964534222
1.0019212145
1.0011761743
0.9950217430
0.9836272260
0.9660616325
0.9471677051
0.9352287144
0.9330507515
0.9528277642
0.9743776164
0.9914116035
0.9949862683
0.9901677819
0.9911800248
0.9961547847
0.9984328931
0.9938318568
0.9890263433
0.9870136879
0.9880344311
0.9827450014
0.9798278040
0.9871139340
0.9954498022
0.9951332881
0.9889681142
0.9906108196
0.9870445496
0.9927312824
0.9972368635
0.9993808271
0.9971863477
0.9906212913
0.9912674745
0.9840506689
0.9913076737
0.9940031333
0.9964666811
1.0000222110
1.0001834805
1.0020922648
1.0026185132
0.9914445112
0.9736012523
0.9540006697
0.9243435705
0.8925792049
0.8720836519
0.8739184082
0.8956643053
0.9310081637
0.9672469283
0.9786345482
0.9867918444
0.9989645181
1.0057305710
1.0062722611
1.0000594154
0.9923713581
0.9889102247
0.9934832338
0.9994386788
1.0011971156
1.0038479047
1.0086666611
1.0083904693
1.0029021490
0.9968967617
0.9938207720
0.9957071830
0.9943422761
0.9889705858
0.9780860743
0.9665349954
0.9670405548
0.9652623002
0.9647347841
0.9639234244
0.9637519902
0.9702335546
0.9758346879
0.9769276663
0.9763343099
0.9678579081
0.9553604646
0.9507194413
0.9450408695
0.9414772251
0.9375754857
0.9448807796
0.9651507948
0.9855183142
0.9949826026
1.0067810874
1.0066914658
1.0073467699
1.0008940962
0.9954087562
0.9871391578
0.9791966793
0.9747127975
0.9615911404
0.9417596272
0.9265004017
0.9168317318
0.9103554572
0.8973381647
0.8688685260
0.8439601981
0.8204104071
0.8138313397
0.8265490121
0.8597802296
0.8907357199
0.9027015834
0.9025255931
0.9052586633
0.9225099475
0.9396047861
0.9548177209
0.9679381488
0.9746065648
0.9781165559
0.9819662442
0.9862932133
0.9878013326
0.9775905228
0.9687885042
0.9849454632
0.9832211229
0.9684384600
0.9587122691
0.9598585064
0.9549622996
0.9552111099
0.9761931880
0.9910601800
0.9950819265
0.9975057596
0.9981164773
0.9969033232
0.9966579984
0.9941828686
0.9894381755
0.9875892888
0.9872942572
0.9868017096
0.9889131019
0.9875972170
0.9916412759
0.9882777322
0.9867864260
0.9883819803
0.9906045259
0.9923652499
0.9986889082
1.0058256700
1.0047560181
1.0010564003
0.9921278106
0.9873680892
0.9899778911
0.9941307662
0.9911146870
0.9782795046
0.9687920574
0.9733066923
0.9798858776
0.9833088435
0.9866307118
0.9875929188
0.9947759520
0.9950245684
0.9913422448
0.9872310617
0.9924135662
0.9918145442
0.9883431450
0.9859121829
0.9860440324
0.9822803612
0.9831752730
0.9895171576
0.9937649219
0.9919233540
0.9874706038
0.9876884604
0.9872315887
0.9821198181
0.9880787596
0.9902478114
0.9893412789
0.9917549708
0.9852028355
0.9941894024
1.0012709052
0.9948703619
0.9944022482
0.9940977741
0.9931780848
0.9931763807
0.9937949938
0.9960020572
0.9969169427
0.9916905632
0.9765674314
0.9570336794
0.9446122206
0.9303281832
0.9221489329
0.9232868127
0.9158306438
0.9288208628
0.9479274049
0.9592438179
0.9713041834
0.9674735483
0.9791573920
0.9940972310
0.9910936215
0.9880706108
0.9891560199
0.9930595288
0.9985238624
1.0036218146
1.0053934350
1.0019892089
0.9985366444
0.9928640262
0.9864515706
0.9924581121
0.9960778765
0.9941904719
0.9952176212
0.9966406528
0.9843761723
0.9768949559
0.9796315107
0.9822885137
0.9787188748
0.9891224716
1.0009252316
1.0046639264
1.0000315107
0.9941812494
0.9921122085
0.9915393142
0.9944635213
0.9912475766
0.9835461376
0.9870564928
0.9962433992
1.0024895611
1.0004605688
0.9917045950
0.9931384458
0.9920837104
0.9953170844
0.9957140401
0.9935480527
0.9950259372
0.9909739961
0.9854951159
0.9882868285
0.9912320015
0.9855301136
0.9787520097
0.9758200741
0.9714192077
0.9605378657
0.9231005710
0.8684304937
0.7917475560
0.7149141330
0.6816516347
0.6971396820
0.7529699478
0.8343523700
0.9046388006
0.9501327226
0.9770834763
0.9864198589
0.9866993059
0.9883514583
0.9886476846
0.9887060568
0.9918647465
0.9897535426
0.9863680461
0.9893066207
0.9937818772
0.9912780388
0.9899873934
0.9904628315
0.9915458007
0.9879167652
0.9874051442
0.9818693960
0.9781224750
0.9780025303
0.9777109958
0.9798400066
0.9806733766
0.9825512358
0.9863857271
0.9934945329
1.0003867025
0.9982506407
0.9990738230
1.0047672274
1.0003316848
0.9979777189
0.9986944366
0.9971636866
0.9932153290
0.9870168730
0.9935948990
0.9991374488
1.0011014297
1.0017083012
1.0035889857
1.0034698061
0.9936762577
0.9822058331
0.9785450881
0.9798505166
0.9766134102
0.9649943799
0.9520603350
0.9436742699
0.9505452810
0.9616507919
0.9700708757
0.9782339294
0.9864024951
0.9948936759
1.0023667652
0.9981492930
0.9878613647
0.9858977090
0.9881285716
0.9906455707
0.9883384281
0.9803393235
0.9737972064
0.9722628777
0.9696739450
0.9628026432
0.9548141161
0.9472098824
0.9529598175
0.9739004515
0.9914228882
0.9982186122
1.0043322360
1.0036019803
1.0022135660
0.9968861517
0.9984355434
1.0094974361
1.0080237061
0.9953787726
0.9937711601
0.9971519946
0.9951287154
0.9882547199
0.9819243771
0.9796991667
0.9757260192
0.9699843094
0.9617010219
0.9528834371
0.9571524564
0.9670119182
0.9781887096
0.9784603101
0.9867475659
0.9919080516
0.9919218103
0.9890348837
0.9901914411
0.9896067916
0.9828396865
0.9807852370
0.9817997821
0.9835510595
0.9897541391
0.9952600506
0.9935799497
0.9853742768
0.9820147817
0.9851969529
0.9917424921
0.9886365432
0.9871649796
0.9966504466
0.9908828166
0.9678383303
0.9642728065
0.9591470983
0.9588181093
0.9682062685
0.9666448985
0.9606126339
0.9628314972
0.9732870769
0.9831858631
0.9860816184
0.9885777367
0.9926440886
0.9893675606
0.9818263620
0.9823587712
0.9792795610
0.9783607926
0.9895192719
0.9876641514
0.9816296972
0.9768819084
0.9782526019
0.9840220746
0.9906994701
0.9952723165
0.9923058974
0.9896267607
0.9909163937
0.9895451080
0.9860048725
0.9852965294
0.9870998355
0.9906538379
0.9934828003
0.9926193343
0.9900793408
0.9915492266
0.9970975725
0.9986640473
0.9942323902
0.9894994958
0.9854450829
0.9818666505
0.9789662338
0.9787843110
0.9708098825
0.9585527031
0.9557677618
0.9629902296
0.9756119014
0.9896665993
0.9917801102
0.9823556920
0.9791811415
0.9728794745
0.9657594838
0.9706768593
0.9837409032
0.9897880190
0.9903437869
0.9858604864
0.9891775183
0.9878493405
0.9855621068
0.9828542876
0.9812275312
0.9833133588
0.9814059792
0.9775189542
0.9782367862
0.9805627188
0.9864969863
0.9910453326
0.9928227871
0.9871734866
0.9833269903
0.9794247089
0.9837102794
0.9851568072
0.9902851944
0.9909768706
1.0006290378
1.0013497734
0.9934576558
0.9810808274
0.9752855944
0.9793031744
0.9804858846
0.9779658632
0.9788262950
0.9789548879
0.9791268936
0.9833067410
0.9841495930
0.9828555350
0.9881579878
0.9890308795
0.9752536067
0.9677337224
0.9664324349
0.9787400534
0.9868009842
0.9914838600
0.9901704400
0.9858440247
0.9827337582
0.9863321690
0.9867881035
0.9792710157
0.9721248309
0.9703784804
0.9763945230
0.9861432328
0.9897830437
0.9928437051
0.9989164962
0.9994016080
0.9964494534
1.0007266298
0.9981829238
0.9918453520
0.9865342166
0.9894314409
0.9907852281
0.9904516083
0.9953443536
0.9969909106
0.9920046958
0.9869530285
0.9850906979
0.9866642450
0.9892597654
0.9881589060
0.9881373563
0.9879700349
0.9842402624
0.9881893576
0.9789467141
0.9764444823
0.9842725618
0.9883104797
0.9940419191
0.9981627746
0.9960263133
0.9944211274
0.9927840992
0.9927390874
0.9909869961
0.9878386921
0.9843144320
0.9826950876
0.9872206451
0.9901875405
0.9921472791
0.9906431280
0.9821441441
0.9855147477
0.9806027308
0.9698396539
0.9696676361
0.9700154335
0.9716363477
0.9761723712
0.9674591581
0.9526318835
0.9355753921
0.9272589311
0.9297276845
0.9373844950
0.9516065141
0.9667364074
0.9726115348
0.9758654939
0.9760948426
0.9741239061
0.9801744560
0.9906813812
0.9877239582
0.9897919082
0.9988988783
0.9927403887
0.9956637580
1.0002120299
0.9931702042
0.9890749356
0.9844177531
0.9883804553
0.9929100978
0.9937035868
0.9957465091
0.9981320291
0.9986418633
0.9952615186
0.9935051649
0.9968455793
0.9896348052
0.9802981778
0.9796788559
0.9791419871
0.9642892301
0.9326152744
0.8982912831
0.8505647573
0.8036810464
0.7469868126
0.6974509182
0.6757995577
0.6982449646
0.7575655957
0.8320132870
0.8976943402
0.9407523632
0.9684746647
0.9860064044
0.9980036884
1.0003050024
1.0029688015
1.0043561734
1.0033375574
0.9891487665
0.9822024374
0.9828909420
0.9852451595
0.9792319861
0.9862474274
0.9926294610
0.9938594883
0.9987870320
1.0016560975
1.0023904071
1.0045376072
1.0012239157
0.9948768431
0.9882549472
0.9730197054
0.9627592037
0.9579523228
0.9555279082
0.9460309280
0.9470757157
0.9564543063
0.9609130227
0.9661715798
0.9803065871
0.9920627972
0.9886478640
0.9848668341
0.9869403511
0.9875469950
0.9882489494
0.9877261020
0.9830747283
0.9849928742
0.9913608211
0.9875134389
0.9762416564
0.9691961391
0.9621202701
0.9608674816
0.9646876603
0.9725559895
0.9679779815
0.9757571328
0.9834907036
0.9877949244
0.9974204278
0.9954032001
0.9914193261
0.9950944765
0.9983393198
0.9952368192
0.9886998939
0.9818596573
0.9727092953
0.9620561523
0.9600341078
0.9579427600
0.9470502239
0.9470212878
0.9545902724
0.9726462784
0.9824661947
0.9888214060
0.9955419789
0.9989359027
1.0014878569
0.9905579590
0.9782294811
0.9717045235
0.9694650377
0.9759053731
0.9832411912
0.9815544985
0.9834061377
0.9868381662
0.9851811204
0.9899727322
0.9972536128
1.0042407458
1.0115198858
1.0028552033
0.9903562770
0.9769408137
0.9653580600
0.9647652719
0.9699731690
0.9813073396
0.9871069232
0.9868031767
0.9901319334
0.9988214386
1.0071801990
1.0108683157
1.0088448722
1.0057437716
1.0102477506
1.0111342346
1.0064196277
1.0056960814
0.9979191324
0.9999138659
0.9921916712
0.9872928017
0.9889105947
0.9986572427
1.0076895084
1.0093412602
1.0098748122
1.0098496481
1.0070023657
1.0013294759
0.9952483518
0.9945778414
0.9974792615
0.9952778177
0.9969260928
0.9973665258
0.9945267511
0.9970387092
0.9962721211
0.9958793382
1.0036177002
1.0069592741
1.0086894426
1.0138285788
1.0160952188
1.0148050652
1.0060245931
1.0013527746
1.0070825442
1.0108293547
1.0078074198
1.0049096827
0.9987290440
0.9916519670
1.0010498059
1.0052104560
1.0013184516
0.9999816500
0.9913987326
0.9911110249
0.9905193944
0.9958260274
0.9984928777
0.9986215659
0.9913200253
0.9948340977
1.0004435761
0.9998593569
0.9967596547
0.9963260019
0.9991712258
1.0034985709
1.0038755645
0.9936195674
0.9833956027
0.9791959968
0.9757223002
0.9808587066
0.9911683001
0.9870351222
0.9922987864
0.9938529873
0.9886746336
0.9974334527
1.0096075568
1.0120802040
1.0086446354
1.0095478511
1.0153248303
1.0159596198
1.0114181720
1.0027165564
0.9893268105
0.9882820960
0.9941570168
0.9930565706
0.9885795149
0.9881043690
0.9863411523
