#flux
0.9943685662
0.9835633519
1.0079304280
1.0430065020
1.0278789306
0.9914333731
0.9869639465
1.0056028647
1.0103926134
0.9932512900
0.9750181115
0.9731806818
0.9798288357
0.9563715046
0.9770803190
0.9752122262
0.9572097135
0.9797241782
1.0334871771
1.0518963154
1.0112476026
1.0063420558
0.9858243184
0.9656285142
0.9792430104
0.9943413207
0.9838649776
0.9678248581
0.9637320985
0.9718527866
0.9788385662
0.9624219407
0.9597723821
0.9829500713
1.0056123264
1.0047406115
0.9911917520
0.9865173107
0.9827819747
0.9745782894
0.9841908821
0.9733709056
0.9713784115
0.9898612228
0.9963885205
0.9913065690
0.9946542863
0.9892084561
0.9666896059
0.9357849468
0.9177640413
0.9394164105
0.9630972836
1.0036748597
1.0040101738
0.9733312895
0.9715064988
0.9528874182
0.8801873089
0.8672813807
0.9026075203
0.9318622597
0.9395492004
0.9667919373
0.9945319764
0.9868624768
0.9636961950
0.9244904482
0.8609275691
0.8049297176
0.7792771258
0.7812049657
0.8161507328
0.8607370338
0.9040590999
0.9300392841
0.9216346034
0.9161635716
0.9122359410
0.9328429410
0.9510584799
0.9743268700
0.9896385165
0.9637355598
0.9417063438
0.9705770057
0.9744934732
0.9337412623
0.9133961480
0.9113946825
0.8982117785
0.9010626833
0.9193237178
0.9259413087
0.9437424054
0.9803108011
0.9824411857
0.9618476959
0.8893013876
0.8971292098
0.8338587321
0.8179757694
0.8218158934
0.8237984109
0.8505944030
0.8890724692
0.9200497363
0.9438370943
0.9581672956
0.9699097049
0.9949475567
1.0260396413
1.0305303316
1.0018923531
0.9867464380
0.9956422831
0.9920894802
1.0304204744
1.0177460813
0.9911152918
0.9596787116
0.9446789149
0.9470832544
0.9697679672
0.9935457473
0.9893175410
0.9722370162
0.9579902511
0.9769108416
0.9977122306
0.9939174174
0.9863193319
0.9869479606
0.9927388382
0.9829982386
0.9642557230
0.9775339586
1.0071619467
1.0166018507
0.9792752581
0.9744060034
0.9804362406
0.9549693496
0.9388440542
0.9714491228
1.0004835100
0.9745122769
0.9780258497
1.0064211905
1.0028523504
0.9799418029
0.9713441680
0.9710263005
0.9722283558
0.9847632559
0.9935423229
0.9804791375
0.9711784199
0.9428575890
0.8945280647
0.9421243582
0.9589411672
0.9590566736
0.9595794360
0.9568435886
0.9303803800
0.9033191571
0.9478765490
0.9529242958
0.9181217865
0.8901798458
0.8867949134
0.9074971927
0.9131180794
0.8868646651
0.8654608072
0.8740973548
0.8892669092
0.8950506059
0.8858652454
0.8709965061
0.8781385076
0.8956474884
0.8792735160
0.8839697872
0.9158087663
0.9214680197
0.9022826848
0.9054689707
0.9336765344
0.9307445497
0.9106908285
0.8937672314
0.8735407615
0.8731925862
0.8775019634
0.8580044740
0.8332777846
0.8325038050
0.8166606891
0.7623665796
0.7621412369
0.7349583453
0.7056656210
0.6366000375
0.5671828299
0.4796857503
0.3795595837
0.3276999503
0.2810513010
0.2037354264
0.1479592319
0.1406391009
0.1711685965
0.2206728001
0.2621648724
0.3144502917
0.3716407671
0.4118857208
0.4404783224
0.4774773025
0.5341854729
0.5545364401
0.6371871546
0.7636769026
0.8325069171
0.8999722638
0.9332131475
0.9137487100
0.9024841458
0.9162436126
0.9229957104
0.9215380375
0.9183419499
0.9337314550
0.9654113661
0.9618920206
0.9544722296
0.9346858968
0.9059803455
0.9071526901
0.9223537193
0.9001516147
0.9069928341
0.9069439275
0.8900154939
0.9192900907
0.9426116577
0.9660163356
0.9843542338
0.9748388471
0.9533400262
0.9554209279
0.9747918504
0.9821869020
0.9695781030
0.9424911993
0.9274459936
0.9520836833
0.9456202960
0.9329392386
0.9424549181
0.9620754895
0.9731523708
0.9487483346
0.9290351190
0.9584641872
0.9716890481
0.9576387788
0.9226866633
0.9161114846
0.9334574777
0.9529862497
0.9711379532
0.9824992956
0.9867030297
0.9779539964
0.9478013358
0.9470066472
0.9924665587
0.9891309242
0.9835709993
0.9739489520
0.9697955440
0.9833984832
0.9852235128
0.9590152318
0.9406648257
0.9635367084
0.9704033187
0.9382623866
0.9382912931
0.9399040376
0.9150874045
0.9078380089
0.9327772121
0.9598900943
0.9848357361
1.0004115394
0.9723520819
0.9518996190
0.9716433413
0.9694948013
0.9875903643
1.0058529316
1.0176124714
1.0070282063
0.9691502013
0.9427580840
0.9281895720
0.8803725028
0.8579386850
0.8504841377
0.8722451126
0.9139054009
0.9349938468
0.9203019716
0.8769235771
0.8288493248
0.7975175028
0.7777331031
0.7677989447
0.7898502043
0.8297905482
0.8851919877
0.9068632828
0.8949294107
0.9411763069
0.9627485961
0.9673477018
0.9751289397
0.9629912438
0.9410038562
0.9467683333
0.9569683473
0.9559025624
0.9646094781
0.9773741720
0.9660867027
0.9459929120
0.9654374517
0.9901005608
0.9794773981
0.9685293045
0.9563534517
0.9215310551
0.9513467509
0.9878877268
0.9799282068
0.9877955760
0.9715812828
0.9494273953
0.9307059783
0.9269870555
0.9424631348
0.9589548911
0.9703237429
0.9909709648
1.0016328321
0.9733190909
0.9522146278
0.9736909597
0.9801435096
0.9450608561
0.9503858153
0.9689247927
0.9794876937
0.9933838337
0.9938002449
0.9767445470
0.9743377504
0.9859890246
0.9934013614
0.9988516515
0.9819146077
0.9280803114
0.8661089752
0.8124954063
0.7616636621
0.7179614625
0.6873055642
0.6996695771
0.7707490807
0.8399041318
0.8689676166
0.9219713690
0.9912922339
1.0122532031
1.0131659747
1.0076813794
1.0371375306
1.0304517432
1.0099423668
1.0195223471
1.0345619497
1.0431838776
1.0452568837
1.0354797133
1.0154481920
0.9891958415
0.9544362284
0.9110891518
0.8652184592
0.8209103054
0.8186239260
0.8500960354
0.8821520513
0.9166431079
0.9538527436
0.9681190320
0.9546324561
0.9425982882
0.9514964452
0.9301807209
0.9064832210
0.8627715261
0.8002297225
0.7628824760
0.7709463692
0.8126602950
0.8730053316
0.9293102916
0.9600529323
0.9792384429
0.9985050575
1.0143533334
1.0059591640
1.0271247205
1.0149902456
0.9673092138
0.9558111961
0.9628749505
0.9759978253
1.0063019796
1.0142940411
0.9871300571
0.9811227106
0.9966959826
1.0074748674
1.0019396042
0.9732140552
0.9496659369
0.9605392899
0.9762895519
0.9793710811
0.9718694953
0.9639632400
0.9703084568
0.9814779946
0.9722647565
0.9503953910
0.9126841996
0.8993808637
0.9065487413
0.9291229622
0.9553969383
0.9865251710
1.0109041035
1.0095617095
0.9847051082
0.9629473616
0.9627936483
0.9691263843
0.9755855173
0.9982263090
0.9620966612
0.9423529139
0.9270246014
0.9620272120
1.0000717172
1.0144636263
0.9838353076
0.9474182824
0.9521581552
0.9919464947
1.0231320821
1.0100319199
0.9800734949
0.9724956876
0.9946275717
1.0029003450
0.9928727520
0.9918336303
0.9718940315
0.9752644479
0.9790928943
0.9788812543
0.9927241994
1.0024789945
0.9851184842
0.9620426991
0.9849862410
1.0133451310
1.0258506452
1.0256029131
1.0265476464
1.0287336943
1.0020113200
0.9587158469
0.9432712958
0.9678051500
0.9899577942
0.9712683156
0.9445769046
0.9586335657
0.9820747662
0.9898887157
1.0060141255
0.9962401063
0.9751920304
1.0023492562
1.0115736069
1.0047627485
1.0035069090
0.9919859853
0.9706446181
0.9471093650
0.9267705396
0.9225275126
0.9122194643
0.8635778217
0.8292784560
0.8674990840
0.9326437904
0.9629743382
0.9576397917
0.9783351415
1.0128253318
1.0065041992
0.9806215653
0.9760996621
0.9959128162
1.0138320572
1.0088008146
0.9959299398
0.9953815674
1.0191594284
1.0406150052
1.0114996948
0.9826526543
0.9620182528
0.9397777995
0.9329541365
0.9339097822
0.9372125141
0.9487144844
0.9652340955
0.9927331935
0.9996564510
0.9403521768
0.9500426826
0.9762457182
0.9956810820
1.0212591708
0.9779899341
0.9686744522
0.9703617677
0.9770186119
0.9854802421
0.9991658123
1.0030936900
0.9861807360
0.9712067096
0.9722867580
0.9733741041
0.9734812036
0.9756015325
0.9679834223
0.9928468878
1.0197829399
1.0037272813
0.9608561448
0.9378524967
0.9547168345
0.9561427653
0.9306654668
0.9550212158
0.9806414375
0.9477488962
0.9486363470
0.9856815612
0.9987726699
1.0219672453
1.0482086266
1.0337136392
1.0269582977
1.0428625006
1.0597945655
1.0073339186
0.9574510855
0.9241977697
0.9508025412
0.9935072765
0.9830905200
0.9662007793
0.9506905330
0.9241721631
0.9548966166
0.9866730616
0.9873839256
0.9736138257
0.9384442313
0.9021517338
0.8881899192
0.8807954199
0.8667799903
0.8700072388
0.9129810852
0.9414238181
0.9558060472
0.9811820830
0.9821154484
0.9737574315
0.9870183637
0.9886106091
0.9695320878
0.9387249719
0.9483651321
0.9954696610
1.0170448396
1.0123669089
1.0029486725
0.9940898722
1.0015006462
1.0277120463
1.0398100019
1.0196278260
0.9856572509
0.9562396436
0.9540429350
0.9886528972
0.9823315058
0.9895663885
1.0253309825
1.0495673309
1.0252945065
1.0093153649
1.0096711411
1.0179519848
1.0021948556
1.0254530306
1.0659337741
1.0690579496
1.0431697134
1.0134661110
0.9952529268
1.0070433048
1.0322229113
1.0301358010
1.0132459050
1.0018226473
1.0183109500
1.0078560769
0.9938604006
0.9581664286
0.9539953577
0.9533849312
0.9393752154
0.9614449439
1.0089510600
1.0323633224
1.0316913522
1.0263201903
1.0203688596
1.0230519467
1.0220899777
1.0011510800
0.9872851942
0.9998180458
1.0166036768
1.0120200581
0.9869137778
0.9567955942
0.9761709424
1.0023672063
0.9895182011
0.9943720212
1.0016910596
0.9831334893
0.9817420243
1.0042054273
1.0027208976
0.9914867632
1.0018911657
1.0035065332
0.9874701473
0.9687198627
0.9625569987
0.9943982177
1.0226780913
1.0154187823
1.0047580879
1.0255770985
1.0233275598
1.0077398297
1.0177244999
1.0061153363
0.9793315410
0.9719485584
0.9902643736
1.0033298901
0.9762532148
0.9567180581
0.9808089813
1.0067464599
0.9936495557
0.9675797441
0.9568353698
0.9377657568
0.8970021662
0.8572342158
0.8190114912
0.7866496404
0.7124080768
0.6370120348
0.6034958891
0.5995279003
0.6307293194
0.7150996060
0.8050721536
0.8456290967
0.8590560384
0.8784632776
0.9263691649
0.9684985678
0.9751589379
0.9650197280
0.9324491493
0.8566954909
0.7738507716
0.7290510578
0.7337586780
0.7496743114
0.7767325425
0.8166193512
0.8627077374
0.9077466951
0.9240683051
0.9374897503
0.9727661678
1.0000087820
1.0020190146
0.9873843368
1.0043825108
1.0186973886
1.0295985043
1.0289575384
1.0089963163
0.9929357855
0.9938551725
1.0008601332
0.9869801829
0.9903137619
1.0125979887
1.0231868277
1.0098945173
0.9816967279
0.9947118139
1.0191220113
1.0389505201
1.0390249032
0.9866715414
0.9618553246
0.9753157291
0.9730668717
0.9827883845
0.9879875166
0.9955528461
1.0444792112
1.0845457929
1.0607549050
1.0143928069
0.9856767795
0.9976857986
1.0129114286
1.0045002337
0.9581568496
0.9458514142
0.9998835333
1.0540124691
1.0538928187
1.0179899952
0.9845075930
0.9704827598
0.9860889194
1.0021172478
0.9938892616
0.9819102125
0.9789148537
0.9524406112
0.9045281852
0.8905823950
0.8951431738
0.8684885940
0.8548046588
0.9083150607
0.9180038721
0.9582838782
0.9988196748
1.0141753713
1.0346229251
1.0210753540
0.9777549053
0.9510411641
0.9643100086
0.9871865900
0.9711484990
0.9455550660
0.9541734111
0.9784408643
0.9801060996
0.9678926185
0.9715867577
0.9701230177
0.9541030564
0.9241114562
0.9105803615
0.8571018953
0.8445139742
0.8202004123
0.8609852798
0.9499757867
1.0050616489
1.0030328554
0.9872114795
0.9867868922
1.0009634514
1.0230599783
1.0401241738
1.0386780986
1.0248068240
1.0152542990
1.0135839990
1.0187964224
1.0302737168
1.0202301586
0.9696475958
0.9741466995
1.0148921971
1.0214480557
1.0351299037
1.0022342360
0.9816512208
0.9991560288
1.0047914071
0.9918735530
0.9866652086
0.9938570357
1.0025742129
1.0206535993
1.0353865797
1.0232118418
1.0121569000
1.0227236838
1.0098859312
0.9816735246
0.9883805143
0.9851321544
0.9801534251
0.9859711648
1.0122740980
1.0219341200
0.9716236776
0.9596393346
0.9829903367
1.0004000568
1.0206134810
1.0301741734
1.0236332633
1.0200554911
1.0139518857
0.9979653533
0.9839007975
0.9649043775
0.9480373014
0.9704698289
1.0027942386
1.0112214385
1.0077567042
1.0142312612
1.0158755449
1.0194344391
1.0224966160
0.9817808007
0.9558624281
0.9730151072
0.9831007301
0.9612977545
0.9568982175
0.9571666104
0.9691649000
0.9931240902
0.9978769309
1.0003873183
1.0024351043
0.9692400664
0.9403996118
0.9665110688
0.9830731710
0.9910969494
0.9668547362
0.9653949802
0.9590612681
0.9643702955
0.9940242621
0.9922311997
0.9823463940
0.9791392650
0.9515775924
0.9127144682
0.8909742003
0.8906774994
0.9166198784
0.9518579892
0.9586658972
0.9599591516
0.9868008027
0.9965913767
0.9978065500
1.0157049020
0.9936374944
1.0286706218
0.9734097150
0.9846527192
0.9661253518
0.9658052486
0.9686450963
0.9591519571
0.9552879460
0.9631634231
0.9612089500
0.9414261877
0.9185190943
0.9099246376
0.9177511618
0.9307431123
0.9574558022
1.0075585182
1.0339096188
1.0146860903
1.0097699874
1.0048503822
0.9958660580
1.0282306347
1.0241491069
1.0029466189
1.0201160192
1.0418309769
1.0505936608
1.0533134036
1.0613008037
1.0477033506
1.0181310230
1.0061789746
1.0039887736
0.9776781484
0.9393148253
0.9537295280
0.9736049779
0.9639586597
0.9726973978
0.9844999877
1.0034027900
0.9934563058
0.9493314546
0.9110522422
0.8885375266
0.8802598484
0.9079768552
0.9482715761
0.9944938090
1.0156167542
1.0130853905
0.9986685454
0.9826763276
0.9942368186
1.0196156500
1.0173674004
1.0032557814
1.0039106340
1.0102633697
0.9439052482
0.8967768126
0.8575889479
0.7947404143
0.7651552714
0.7950103887
0.8365409715
0.8667017862
0.8966610613
0.9127435653
0.9039391377
0.8934204380
0.8950586018
0.9006646210
0.9019837906
0.9244885626
0.9858710017
1.0168174456
1.0384794268
1.0254668724
1.0071953086
0.9908635609
0.9974028503
1.0173335453
1.0250134662
1.0364756663
1.0211809443
1.0158657836
1.0096963045
0.9821128636
0.9570281979
0.9598766064
0.9700237411
0.9597504773
0.9549920096
0.9828346142
1.0097930359
1.0158817000
1.0157956745
0.9941298573
0.9763109586
1.0045817660
1.0645875691
1.0722520353
1.0368244496
1.0151893572
0.9984490029
0.9958810554
1.0066078758
1.0313843921
1.0333967810
1.0141586944
0.9986738175
0.9904644093
0.9846138316
0.9948313241
1.0081756462
0.9926446982
0.9907448134
0.9967718373
0.9855978231
0.9816541124
0.9522866719
0.9916248398
0.9943589261
1.0068495732
1.0313659276
1.0236299521
1.0254194632
0.9918032596
1.0015152573
1.0306369972
1.0361337461
1.0216587800
1.0220736755
1.0278096351
1.0090509105
0.9842661515
0.9600025249
0.9484377415
0.9448986657
0.9506822044
0.9417548821
0.8979957216
0.9057201546
0.9457353955
0.9804647491
1.0077742193
0.9963623771
0.9811098015
0.9724707156
0.9742503387
0.9842795785
0.9687078484
0.9400257812
0.9360498051
0.9541994534
0.9693871279
0.9722693311
0.9816300130
0.9947990005
0.9827594658
0.9702185388
0.9986854477
0.9790783010
0.9956891241
0.9884983654
0.9959614685
1.0160831387
1.0108662982
0.9899385897
0.9792830924
0.9904129506
1.0011706332
0.9905928232
0.9828843868
0.9841573641
0.9906760942
1.0134501046
1.0138828845
0.9979289641
0.9994366082
1.0549088612
1.0382526887
1.0243153029
1.0524229700
1.0052856252
0.9542898282
0.9446433441
0.9326131598
0.9276185006
0.9840442225
1.0127138810
0.9974287744
0.9708564341
0.9662527782
0.9665347136
0.9491768745
0.9486525367
0.9720681676
0.9844913974
0.9959548195
1.0023833528
1.0166878909
1.0128207903
0.9933227075
0.9781664598
1.0015201879
0.9858410947
1.0181411520
1.0725041817
1.0519337600
1.0317454801
1.0171650109
0.9767400780
0.9626097593
0.9870215710
0.9873680655
0.9711539126
0.9948108038
1.0216379469
1.0075093456
1.0063158167
1.0062255174
0.9817421058
0.9793229556
0.9931430520
0.9531531419
0.9461572758
0.9652120996
0.9813350180
0.9976668681
0.9844630037
0.9671457208
0.9814699875
1.0095950107
1.0286504705
1.0301924421
1.0155328580
0.9958775660
0.9786891332
0.9753314149
0.9931623821
1.0110539200
1.0078758046
0.9601587103
0.9512348753
0.9847578518
0.9991487884
0.9862069740
0.9844472984
0.9892600972
1.0317525748
1.0475855023
1.0345006744
1.0438824303
1.0561075905
1.0596630671
1.0573321663
1.0413112637
1.0334581628
1.0353143814
1.0160361259
0.9819462358
0.9469262040
0.9372416015
0.9686527856
0.9782297885
0.9814407064
0.9857540268
0.9917439355
1.0152015480
1.0177925016
0.9893940559
0.9733374497
0.9938631249
1.0026812083
0.9699240160
0.9525762934
0.9725276928
0.9889194343
0.9907691749
0.9831270834
1.0095160752
1.0289840490
1.0223791901
0.9977344563
0.9767054407
0.9868706775
0.9997408421
0.9940069304
0.9587009417
0.9264070223
0.9527346443
0.9646643687
0.9643040434
0.9281275679
0.9013865269
0.9408958325
0.9859487333
0.9782774616
0.9801562302
1.0041389621
0.9675952279
0.9550582288
0.9630012473
1.0028618899
0.9681234828
0.9541790745
0.9807835211
0.9781126170
0.9901137086
1.0013481398
1.0062193650
0.9935946184
0.9814139380
0.9859299424
1.0115274868
1.0299946852
1.0337613394
1.0107923736
0.9620248122
0.9392582543
0.9483668887
0.9728781760
0.9680684875
0.9275980094
0.8455129747
0.8234587502
0.8234095194
0.8190388795
0.8790459454
0.9292906158
0.9542809530
0.9654771232
0.9307922333
0.9206285716
0.9371459248
0.9684917137
0.9869500850
1.0131478585
1.0379859132
1.0048465064
0.9750391868
0.9807163614
0.9870900140
1.0260730851
0.9951770913
0.9732124838
0.9558778839
0.9984965744
0.9885607217
0.9771893958
1.0089760263
1.0283627739
0.9927456741
0.9934697534
0.9955414227
1.0069497433
1.0006581628
0.9837903345
0.9994278841
1.0052739586
0.9744502053
0.9653528655
0.9746070116
0.9936921815
0.9890371740
0.9743105449
0.9156272538
0.8770735149
0.8952689578
0.8951449745
0.9269175448
0.9673034688
0.9991039010
1.0054436415
1.0156915762
1.0195163558
0.9571882272
0.9176133836
0.9638392408
1.0009008886
0.9778563198
0.9616815307
1.0018140444
1.0428933270
1.0390583267
1.0122021338
1.0380949992
1.0403367185
1.0273991979
1.0254093251
0.9885231756
0.9582312374
0.9794364259
0.9841003863
0.9643041338
0.9814844780
1.0227857186
1.0337465554
1.0218595815
1.0057796076
0.9913858041
0.9998124413
1.0117992871
1.0061263346
1.0108167020
0.9819119885
0.9292588100
0.8869973446
0.8986751028
0.9116090535
0.9112409275
0.9217499129
0.9391892511
0.9633669755
0.9843074178
0.9896952696
0.9831132547
0.9826794716
0.9914791733
0.9924441272
0.9900803387
0.9997231692
1.0041236551
0.9971070293
1.0016461483
0.9985390146
0.9813219658
0.9541286504
0.9668983320
0.9677166962
0.9680453109
0.9674354374
0.9530976434
0.9519431766
0.9698266961
0.9973985491
1.0149388889
1.0110394404
0.9853175156
0.9784575776
0.9903406707
0.9693110397
0.9495896567
0.9869154662
1.0028324062
0.9915882315
0.9849259086
0.9793748416
0.9816251510
0.9494445356
0.9378884957
0.9586817736
0.9946738745
0.9823458745
0.9822186188
0.9885569696
1.0309413701
1.0377548160
0.9897448134
0.9682415666
0.9680896666
0.9677549203
0.9827321985
0.9632838038
0.9258661838
0.9324427130
0.9208628284
0.8776496843
0.8827475549
0.8645860782
0.8186144397
0.7692945928
0.7687008623
0.8121925622
0.8250516425
0.8302715715
0.8363946112
0.8495050183
0.8795628252
0.9235907126
0.9717836426
1.0014284609
0.9928640199
0.9787757447
0.9981211852
1.0103578284
1.0009557492
0.9932767968
0.9758975458
0.9913889114
1.0049481375
0.9654227603
0.9374164879
0.9398126780
0.9412501068
0.9371579204
0.9415980379
0.9798510467
1.0166765770
1.0057865498
0.9827113219
0.9855549671
0.9796497597
0.9424078292
0.9058471552
0.9021877607
0.9600351274
1.0144577001
1.0381572718
1.0159697371
0.9569285477
0.9581433742
0.9530697855
1.0006184704
0.9766563808
0.9366431003
0.9452920441
0.9936388967
1.0076893547
0.9912837589
0.9696417899
0.9638009022
0.9798902346
1.0049718405
1.0243191200
1.0281302850
1.0185338450
0.9911642511
0.9708677922
0.9835466647
1.0114330878
1.0295333176
1.0119537968
0.9924881439
0.9862925820
1.0004100437
1.0149679989
1.0221543712
0.9887323379
0.9825478629
0.9955316531
0.9983700022
1.0151279061
1.0438371360
1.0556691004
1.0262899593
0.9598072221
0.9633846931
1.0005657948
1.0395364751
1.0475133445
1.0374082539
1.0392453035
1.0172533413
0.9617823022
0.9696668086
1.0115928074
1.0388290072
1.0337041216
1.0219383809
1.0120263534
0.9905874365
0.9611995740
0.9618307869
0.9875016792
1.0010305910
1.0085692423
1.0014858582
0.9821282627
0.9643918805
0.9543489450
0.9434335691
0.9377856709
0.9972903380
0.9935796662
0.9636320979
0.9789527169
0.9896098091
0.9831288571
0.9772967618
1.0049156317
1.0261998899
1.0421952734
1.0385591413
1.0020159120
0.9790902698
0.9941160058
1.0204771030
1.0370906630
1.0517643613
1.0407004073
1.0162569906
1.0058624740
1.0333060307
0.9854945418
0.9982074302
1.0325363118
1.0415037962
1.0228438093
1.0158805309
1.0278688707
1.0289088839
1.0238759809
1.0147732011
1.0028469227
0.9931409754
0.9935603712
1.0076448254
1.0054452528
0.9971571800
0.9855373326
0.9838704439
0.9946506565
1.0263690117
1.0262259338
0.9867246017
1.0037387926
1.0576101030
1.0623325748
1.0443811929
1.0296275096
1.0094942563
1.0099926682
1.0391735210
1.0570686502
1.0335429655
1.0028379260
1.0081564437
1.0181046669
1.0072469147
1.0249813035
1.0116826272
0.9720181884
0.8988231530
0.7946402594
0.7138019777
0.6723441347
0.6749526199
0.7412664198
0.8751367684
0.9417684231
0.9421431886
0.9382657958
0.9490834457
0.9771353435
1.0238439751
1.0605855595
1.0627433074
1.0409736919
1.0046687150
0.9818052171
0.9850595859
0.9743727189
0.9480121504
0.9623049618
0.9844725357
0.9674028165
0.9449845056
0.9868730304
1.0205950437
1.0327654465
1.0190690882
0.9848287924
0.9882866757
1.0215796771
1.0367937886
1.0324485071
1.0366038065
1.0365119052
1.0062607078
0.9837389006
0.9784558540
1.0011950930
1.0032254544
0.9870380860
0.9641877491
0.9873434360
1.0097883747
1.0145417932
1.0109627742
1.0249617162
1.0212767402
1.0115988854
0.9886050804
0.9577269474
0.9646012665
0.9845537919
0.9781408208
0.9675343609
0.9615400566
0.9621352651
0.9776903845
0.9665259517
0.9549864753
0.9390946962
0.9418431269
1.0198710392
1.0675226324
1.0324156764
1.0147889073
1.0204787292
1.0500533046
1.0640586099
1.0531492228
1.0477961640
1.0286109888
0.9951902193
0.9743422113
0.9580217087
0.9465559349
0.9466565943
0.9234986987
0.9319004762
0.9713881189
1.0039535900
1.0340868105
1.0127790916
1.0097095682
1.0227510530
1.0276669349
0.9974540826
0.9606099454
1.0225631354
1.0826702661
1.0447226608
0.9979803982
1.0056557993
1.0338654737
1.0433788642
1.0335263383
1.0337466689
1.0493164602
1.0343336390
0.9976964832
1.0129708157
1.0322474866
1.0464428657
1.0828126687
1.0196400792
0.9942639148
1.0080307723
0.9750787263
0.9324998711
0.9863937926
1.0305843435
1.0393296792
1.0522079447
1.0543490042
1.0298627756
1.0010640688
1.0021558629
1.0353970232
1.0469860802
1.0427609364
1.0471862033
1.0166030121
0.9933631980
0.9807801630
1.0003650224
1.0113204723
1.0213418911
1.0302512230
1.0096642391
0.9977453148
0.9914060410
1.0051175058
1.0104108247
1.0152719548
1.0212525577
1.0215304452
1.0238137148
1.0321536753
1.0512837539
1.0486636263
1.0260078880
1.0208443340
1.0029952886
1.0278032404
1.0039698317
1.0010545617
0.9855273395
0.9875542854
1.0147000291
1.0223275658
0.9932441887
0.9608251539
0.9692559896
1.0122628954
1.0402940991
1.0141025971
0.9768541434
0.9772893243
0.9993996062
1.0412190484
1.0499323341
1.0376485531
1.0327910742
1.0466754290
0.9896640059
0.9604168961
1.0171525699
1.0271549413
1.0228594859
0.9991158850
0.9817652732
0.9633303349
0.9441071915
0.9453890647
0.9873666742
1.0263055367
1.0221028694
1.0157740601
1.0181169005
0.9888822450
0.9868314365
1.0128476166
1.0154365823
0.9774543487
1.0183302204
1.0079260219
0.9983695698
1.0182106464
1.0417607671
1.0488586912
1.0231197306
1.0010861344
1.0046170522
0.9901595427
0.9641020125
0.9558378778
0.9616974187
0.9828807197
1.0025627945
0.9924606224
0.9893504231
1.0026578234
1.0455390089
1.0378814706
1.0113451976
0.9798745525
0.9731640530
1.0095390976
0.9997542412
1.0178175798
1.0358257836
1.0199937436
0.9987067833
0.9823129099
1.0000467369
1.0310484031
1.0435106266
1.0319064868
1.0076870452
0.9911339688
0.9954680370
1.0086515204
0.9818190729
0.9566470122
0.9573779014
0.9855296220
0.9840599185
0.9953596112
0.9862866998
0.9928366362
1.0279173230
1.0284814750
1.0277838717
1.0006833338
0.9809875076
0.9743157680
0.9655307175
0.9766821549
1.0000083508
1.0112177292
1.0311860773
1.0437826279
1.0099624532
0.9726105753
0.9991489763
1.0286733355
1.0215720423
0.9965782255
0.9798117107
0.9905717973
1.0101331302
1.0232515231
1.0031199779
0.9832600985
0.9783227851
1.0016855985
1.0308739376
1.0358450372
1.0222058724
1.0194763535
1.0186403658
1.0045365739
1.0151817661
1.0002046443
0.9814391026
0.9809573027
0.9708620575
0.9892628396
1.0072784777
1.0189583464
0.9849211329
0.9845298869
1.0027364270
0.9844024527
0.9665392031
0.9713400942
0.9917759039
1.0082710711
1.0046065136
0.9947387454
1.0155425759
1.0481858570
1.0311709942
0.9933041567
0.9600156129
0.9503616903
0.9587854771
0.9749173477
0.9669714449
1.0071053267
0.9639015298
0.9514678537
0.9564312387
0.9566140427
0.9487484305
0.9481992121
0.9527159619
0.9646942212
0.9680510803
0.9546979004
0.9655716573
1.0052454496
1.0182454722
1.0129016459
1.0071970248
0.9997307245
0.9948672508
1.0080512879
1.0096622843
1.0253041012
0.9888120771
0.9488623045
0.9284293830
0.9400842477
0.9899651572
1.0170109448
1.0182149395
1.0060311959
0.9911037617
0.9743548606
0.9648034959
0.9783769712
1.0028720681
1.0111194743
0.9956511375
0.9693958212
0.9614566852
0.8910237453
0.8365164694
0.8190980986
0.7594387820
0.7066778328
0.7078668039
0.7362428743
0.7896047857
0.8594845038
0.9265964105
0.9740660350
0.9823482247
0.9830733631
1.0043764308
1.0208747759
1.0223533256
1.0194014129
1.0064454713
1.0254674529
1.0453327574
1.0440609284
1.0403078861
1.0114029493
1.0185647689
1.0107041790
0.9667142537
0.9673867451
0.9984510833
1.0334261259
1.0399273105
1.0368495080
1.0308613427
1.0054729337
0.9780780035
0.9702853670
0.9666240207
0.9615663073
0.9734684404
0.9760300642
0.9372067063
0.9414379813
0.9857407518
0.9676436927
0.9524858505
0.9852580412
0.9958912172
0.9934679711
0.9704904663
0.9547676848
1.0041113915
0.9899358487
0.9852233787
0.9953922550
0.9873351695
0.9546350499
0.9372686736
0.9680490431
0.9860827775
0.9602689536
0.9452348224
0.9617913396
0.9786933260
0.9979604362
1.0012550619
1.0298474584
1.0199103834
0.9914777624
0.9721850491
0.9589781103
0.9737820563
0.9668073524
0.9625757441
0.9776485957
0.9890571335
0.9817272981
0.9608752366
0.9476009512
0.9628474118
0.9883323992
0.9943319420
1.0051314521
1.0198154661
1.0538335343
1.0454405846
1.0023508695
0.9560482952
0.9639705171
0.9957782454
1.0024058942
0.9995082510
0.9899599837
0.9765234243
0.9886428220
1.0103558455
1.0149323626
1.0130687083
1.0159105969
1.0222931359
1.0276771203
1.0114827567
0.9808765234
0.9626805334
0.9760359591
0.9831281945
1.0213415290
0.9885955602
0.9843750770
0.9879573514
1.0264400060
1.0532722298
1.0607047651
1.0563627376
1.0403231736
1.0215965540
1.0131658946
1.0270727771
1.0259502929
0.9795698938
0.9604461611
1.0086333099
1.0276382723
1.0131294040
0.9824749269
0.9961160756
0.9731688353
0.9662406659
0.9945711719
0.9912050392
0.9796984500
0.9708227131
0.9812686882
1.0292637799
1.0301977605
0.9931658892
0.9779763919
0.9793600517
0.9761700673
0.9822345366
0.9953765173
1.0040833976
1.0351191875
1.0772692982
1.0707234959
1.0286769415
1.0341395753
1.0381291449
1.0060711254
0.9907507313
1.0073399331
0.9964213082
0.9592241157
0.9674267810
0.9963593069
1.0329367968
1.0431261635
1.0138314101
0.9904176829
0.9915029802
1.0151712883
1.0239263824
0.9823434387
0.9800431060
0.9972196724
1.0072955769
1.0025970111
0.9827172323
0.9857900028
0.9987700442
0.9649463376
0.9845303686
0.9840793779
1.0012504512
1.0238426827
1.0295811436
1.0145575835
1.0016267593
0.9960967099
0.9818309151
0.9859256113
1.0099087974
1.0074041740
0.9973184271
0.9915083125
0.9779711011
0.9708450347
0.9932300379
1.0037361286
1.0134473795
1.0079365578
0.9988333943
1.0225271591
1.0394625841
1.0131596623
1.0046423443
1.0057698922
1.0016867959
0.9856835955
0.9680207938
0.9590989353
