#flux
0.9735735064
0.9664480952
0.9600035079
0.9776787606
0.9842736842
0.9664957826
0.9886289266
1.0063916467
1.0004370290
0.9918900957
0.9866348333
0.9711788729
0.9665252729
0.9722661928
0.9699452432
0.9812792281
1.0080941205
1.0086813451
0.9868472771
0.9744445204
0.9726923951
0.9632903984
0.9835538511
0.9733619881
0.9793940777
0.9745745853
0.9730561697
0.9849364624
0.9954052662
0.9927731950
0.9871493205
0.9719995592
0.9588932082
0.9628903630
0.9785060432
0.9980522172
1.0006600608
0.9864861433
0.9745869940
0.9758674414
0.9786033937
0.9500410282
0.9449898860
0.9725865569
0.9976227062
1.0199744274
1.0201235018
0.9953414722
0.9855481883
0.9886410382
0.9916869947
0.9850411586
0.9668165655
0.9558504868
0.9622033535
0.9663785659
0.9649699499
0.9743229722
0.9904243451
0.9812830708
0.9829494402
0.9694114058
0.9897647304
0.9795357520
0.9758125447
0.9821751115
0.9673517804
0.9408109947
0.9392974896
0.9343432283
0.9326040085
0.9325210114
0.9283222554
0.9380241781
0.9499195720
0.9577250575
0.9675533812
0.9885388318
1.0099173926
0.9651383804
0.9556612235
0.9783104800
0.9700211639
0.9740565208
0.9660182706
0.9444708069
0.9426956701
0.9433303632
0.9360975904
0.9298270113
0.9281703724
0.9221912582
0.9172400238
0.9234014730
0.9258303504
0.9253090787
0.9320293261
0.9428422544
0.9559136597
0.9320409753
0.9267802245
0.9242680403
0.9223097219
0.9389138549
0.9478192474
0.9353858448
0.9285280597
0.9330729285
0.9364028243
0.9456196788
0.9445147375
0.9327338888
0.9409557276
0.9531055674
0.9431945835
0.9322605007
0.9490137779
0.9682511735
0.9653642658
0.9826177815
0.9736312319
0.9613506312
0.9473394562
0.9485720056
0.9629262781
0.9637973402
0.9420697724
0.9360553862
0.9623248535
0.9771959561
0.9549600078
0.9301456119
0.9321523781
0.9475841629
0.9545435583
0.9381406563
0.9174603560
0.9307032031
0.9442228392
0.9354936794
0.9455048078
0.9434780030
0.9164819886
0.8974875019
0.9058977288
0.9170434050
0.9094708191
0.9063279949
0.9091797947
0.9169404108
0.9271959958
0.9168940097
0.9002638741
0.9058350957
0.8922741285
0.8966107936
0.9265184060
0.9030386493
0.8644183749
0.8950253629
0.8855228859
0.8877201046
0.8783853068
0.8798632826
0.8886569618
0.8862577818
0.8796471471
0.8863594039
0.8913666890
0.8900468618
0.8925094617
0.8845486932
0.8675900598
0.8679500594
0.8833735456
0.8779949751
0.8486344648
0.8242835659
0.8253407830
0.8444067103
0.8449926589
0.8329564420
0.8364647103
0.8342945865
0.8400641587
0.8454597214
0.8345860843
0.8187042657
0.8176497320
0.8229123286
0.8148843825
0.8022839840
0.7923987644
0.7651193352
0.7574855789
0.7576282989
0.7347920715
0.7223929196
0.7310513937
0.7204807626
0.7160459087
0.6845693171
0.6240485817
0.5711376962
0.5264788277
0.4707628885
0.4036256719
0.3356482954
0.2775222952
0.2428853413
0.2335208609
0.2258797850
0.2064695364
0.2023204068
0.2082260138
0.2244876156
0.2339873753
0.2431807632
0.2699041041
0.3074692886
0.3464363811
0.3953206387
0.4433779484
0.4823080821
0.5383375188
0.5969108998
0.6390641124
0.6729251183
0.7072184161
0.7387824133
0.7605906455
0.7678972221
0.7646771163
0.7641739364
0.7650928093
0.7684749619
0.7884616347
0.7973831775
0.7905020239
0.8074064321
0.8272178607
0.8266955082
0.8159434544
0.8028040428
0.8113483040
0.8352969397
0.8534147148
0.8571671847
0.8480023419
0.8340698301
0.8283620782
0.8467181292
0.8768826048
0.8882453477
0.8825362844
0.8909472959
0.8600624266
0.8459833735
0.8505101863
0.8828848151
0.8906146372
0.8798021459
0.8834062278
0.9003303002
0.9070411524
0.9002841438
0.8933367131
0.9006782497
0.9100418757
0.8997698209
0.8993433015
0.9044894408
0.9111307121
0.9142214347
0.9169389985
0.9138733958
0.9037388796
0.9094761759
0.9155742571
0.9026407788
0.9244259490
0.9562380665
0.9610994598
0.9464716816
0.9346015791
0.9295263290
0.9374409755
0.9659611201
0.9812460977
0.9578645653
0.9549384046
0.9584672866
0.9550372036
0.9576126694
0.9623689376
0.9574610033
0.9449055844
0.9347161239
0.9221336454
0.9073476084
0.9176404010
0.9478992428
0.9498245746
0.9427740716
0.9409433785
0.9454181000
0.9473048523
0.9376304626
0.9452537480
0.9580063206
0.9608461035
0.9673598945
0.9697926783
0.9628421206
0.9693911626
0.9587093572
0.9409683198
0.9624908111
0.9384140100
0.8753759165
0.8217192960
0.8123033789
0.8431723943
0.8789792141
0.9094132670
0.9328687511
0.9427924718
0.9510475010
0.9641391696
0.9749874916
0.9444938806
0.9141627149
0.9360336853
0.9607806888
0.9485725586
0.9497234130
0.9588750938
0.9689358302
0.9773111972
0.9771581810
0.9701919189
0.9712393317
0.9620984782
0.9631701736
0.9810656601
0.9791399432
0.9624397413
0.9562601123
0.9457934495
0.9416144393
0.9636743364
0.9510400006
0.9476510460
0.9721587123
0.9728475885
0.9526759264
0.9407966594
0.9503324601
0.9693645227
0.9823056585
0.9860075736
0.9770848961
0.9735774292
0.9901254577
0.9994169586
0.9884327907
0.9833859291
0.9812794844
0.9875961212
1.0039794887
0.9970532170
0.9727228908
0.9755523359
0.9714579545
0.9733985247
0.9475225850
0.9489918860
0.9184076966
0.9143876815
0.9281450288
0.9296839287
0.9203580263
0.9248320801
0.9527499765
0.9818327330
0.9939886502
0.9981133003
0.9992062365
1.0018179831
1.0033435610
1.0136144915
0.9796285108
0.9768396357
0.9884636844
0.9818332346
0.9769175572
0.9959885084
0.9993260629
0.9421884604
0.9028460251
0.9298610274
0.9434736866
0.9202355848
0.9019393982
0.8985001451
0.9177074517
0.9470154391
0.9625174464
0.9595812919
0.9548623884
0.9639108979
0.9823256137
0.9843334688
0.9562489211
0.9460692727
0.9207998171
0.8894923353
0.8914119281
0.9237046413
0.9385685869
0.9461070217
0.9635123253
0.9723700481
0.9778075267
0.9929050331
0.9943667123
0.9939567059
1.0040859323
0.9971893014
0.9841762613
0.9932988944
0.9975324716
0.9954702673
1.0003002871
0.9875180820
0.9745273953
0.9839404685
0.9853794711
0.9861252024
0.9878100941
0.9828418360
0.9665792838
0.9641470000
0.9882309305
0.9963992567
0.9937449407
1.0201789313
0.9999831280
0.9710713612
0.9967720219
1.0060612705
0.9833349176
0.9840915738
0.9978371677
0.9864990409
0.9702808192
0.9838904833
0.9909700691
0.9974508992
1.0080040785
1.0019506052
0.9833075898
0.9813107972
0.9975910395
1.0028067344
0.9933502242
0.9924053240
0.9818693574
0.9840391926
0.9766896989
1.0009093759
0.9979317978
1.0043490995
0.9938908856
0.9846833492
0.9935076545
0.9934522018
0.9753059241
0.9711830316
0.9835538354
0.9937284387
0.9964446835
0.9968524008
0.9899729338
0.9735773403
0.9914042339
0.9796942706
0.9765427516
0.9668655238
0.9504819556
0.9653665780
0.9974852384
1.0015269571
0.9812937688
0.9763097632
0.9879932691
0.9995425735
1.0037191704
0.9722617417
0.9647855706
0.9968085722
1.0075866813
1.0025296189
0.9912750778
0.9816689696
0.9880713880
1.0029700624
1.0051917598
1.0033389376
1.0000481234
0.9772958187
0.9823016717
0.9868040284
0.9851376218
0.9858594273
0.9844169123
0.9841172405
0.9870959134
0.9797558356
0.9566547585
0.9400563918
0.9505704133
0.9734863238
0.9814952133
0.9761447253
0.9807767830
1.0335713108
1.0496453805
1.0149095980
0.9941645183
0.9920573100
0.9915434832
1.0043242001
1.0062513177
0.9916022703
0.9845750035
0.9884052342
0.9943883408
1.0061801805
1.0162729322
1.0105011056
0.9967616367
0.9931004357
1.0009452374
0.9833403611
1.0027752081
1.0232649274
1.0169600739
1.0115740195
1.0072004643
0.9978505740
0.9926802752
0.9993851090
1.0225497822
1.0210269265
0.9960540830
0.9865201707
0.9870026786
0.9847902027
0.9906625954
0.9912534677
0.9705848882
0.9622773182
0.9777506830
0.9835027883
0.9767664301
0.9772976542
0.9927630639
1.0103720049
0.9927998412
1.0014882503
0.9876481972
0.9664479281
0.9672304668
0.9721232450
0.9835704317
0.9901574984
0.9833971040
0.9824264891
0.9937414896
0.9971781215
0.9919380597
1.0018859824
1.0153392320
0.9986809798
0.9766690627
0.9466167260
0.9927577724
0.9826659265
1.0179401069
1.0178229380
1.0237204227
1.0177125978
1.0132582611
1.0113469857
1.0085674178
1.0085165885
1.0106120202
1.0073732455
0.9971009857
0.9885890296
0.9797889343
0.9557541403
0.9501960409
0.9572079091
0.9392476585
0.9253540469
0.9648850870
0.9535850472
0.9760474328
1.0038808602
0.9971615149
0.9852510201
0.9854353195
0.9851964733
0.9888819908
1.0053066057
1.0136846714
1.0023663125
0.9946721668
1.0030288539
1.0167694397
0.9937763398
0.9709279465
0.9915791001
1.0335259715
1.0276735203
0.9823140322
0.9470487667
0.9577903391
0.9989965462
1.0278816425
1.0197907650
0.9957303034
0.9929827724
1.0052699907
1.0134620604
1.0182811832
1.0084112362
0.9853559178
0.9888192358
0.9867260255
0.9916806028
1.0111745563
1.0246224362
0.9900689268
1.0064936703
1.0107350676
0.9953090125
0.9996296986
0.9961182476
0.9877180627
0.9976501290
1.0001800558
0.9895935502
0.9946306423
1.0080770298
1.0119708980
1.0165894394
1.0126271852
1.0103748253
1.0281492457
1.0237603005
1.0087462903
0.9817510337
0.9937645717
0.9952174719
0.9911240458
1.0061826098
0.9951388712
0.9841460129
0.9699375183
0.9893240544
1.0238375781
1.0358574091
1.0245890149
1.0036778652
0.9902136270
0.9912110554
0.9927743208
1.0126841443
1.0170888852
1.0019327991
0.9809759556
1.0041728520
1.0149743887
0.9908433011
0.9862392738
0.9895371547
0.9999164004
1.0000607731
1.0058878041
1.0192688191
1.0071973969
0.9917108748
0.9881618946
0.9772812521
0.9830817399
1.0086358472
1.0209610944
0.9966756521
0.9991630590
1.0184508537
1.0174732432
1.0077161701
0.9931482770
0.9794271099
0.9858532334
0.9886850913
0.9697466986
0.9498828350
0.9075757596
0.8788373769
0.8476315013
0.7883585444
0.7418524526
0.7337449180
0.7647137723
0.8418936061
0.9338765407
0.9601509003
0.9675010204
0.9809991817
0.9944276053
0.9886050455
0.9849676658
0.9867675736
0.9565571295
0.9178715323
0.8669379929
0.8349032003
0.8166399703
0.8256888377
0.8578433127
0.9040719520
0.9558811351
0.9711504732
0.9705559399
0.9931202049
0.9775882558
0.9765214525
0.9926648287
1.0040040351
1.0048636104
1.0063373590
0.9982486728
0.9898251813
0.9967651991
0.9907263949
0.9722717038
0.9722465962
1.0031185267
1.0200203123
1.0137257763
1.0140056432
1.0128593072
1.0058575096
1.0086291064
1.0230224764
1.0281722644
1.0130831256
1.0178225253
1.0008869841
0.9860201420
0.9785353038
0.9896903113
0.9958812249
1.0011658309
1.0202881963
1.0207708374
1.0096399260
1.0006894358
0.9997494390
1.0017584280
0.9924457371
0.9898158417
1.0078810266
1.0054784032
1.0203074598
0.9994645398
0.9982065443
1.0014403709
1.0073227874
0.9942052927
0.9989481585
1.0006056872
0.9885977809
0.9873792866
1.0059072415
1.0070707336
0.9780823748
0.9579407857
0.9554981360
0.9465384634
0.9405354773
0.9511667434
0.9665465711
0.9909197990
1.0090288878
1.0108574041
1.0230727860
0.9884751847
1.0137540469
1.0017506185
0.9609081581
0.9562928887
0.9796765417
0.9828559247
0.9760023320
0.9871524492
1.0045114973
1.0055300072
0.9959934605
0.9860706950
0.9728851793
0.9704891858
0.9839905445
0.9709341973
0.9588395216
0.9728409753
0.9819742515
1.0104357280
0.9938103628
1.0047379363
1.0276575572
1.0286827777
1.0041851873
0.9727363201
0.9714004225
0.9939279811
0.9995399244
0.9905297037
0.9953557765
1.0143241914
1.0292425455
1.0131864030
1.0001599465
0.9927084302
0.9768141048
0.9836585894
0.9951706114
1.0042447790
1.0191327765
1.0390252725
1.0397711612
1.0139524495
0.9987478319
0.9921312282
0.9831566796
0.9802187250
0.9847847720
0.9893012196
0.9989240934
1.0107294627
1.0104841264
1.0257987939
1.0332245713
1.0178207852
0.9968694531
1.0007962339
1.0179878149
1.0079339245
1.0013749227
1.0023498415
1.0069594457
1.0071719045
0.9945639433
0.9949629067
1.0047211353
1.0130106412
1.0071314601
0.9912541729
0.9936099067
1.0025223226
1.0054384630
0.9992617418
0.9792506890
0.9849017558
0.9973790913
1.0088878505
0.9891249174
0.9930107488
0.9952732565
1.0036533709
1.0005434194
1.0010962168
1.0199707534
1.0172149460
0.9946142369
1.0009431649
1.0233665067
1.0149750615
0.9994883565
1.0107192644
1.0180747757
1.0018355015
0.9951011081
1.0033536046
0.9699902427
0.9799876396
0.9919529726
1.0041720139
1.0068657402
0.9996475734
0.9898847702
0.9916536944
0.9921044782
0.9899840243
0.9730232456
0.9567797496
0.9585920103
0.9579309137
0.9717264067
0.9855442386
0.9737502307
0.9904569910
0.9985760560
0.9937213692
0.9832943480
0.9817955742
0.9980099472
0.9827045389
0.9709740322
0.9941680305
1.0061683950
0.9945449455
0.9825357855
0.9813141734
0.9895432467
0.9975238499
0.9991025153
0.9941021040
0.9772736860
0.9894362355
0.9992331553
0.9822598064
0.9895874615
0.9917158152
1.0054291984
1.0019156045
0.9873093225
1.0025591657
1.0062327090
0.9930696537
0.9888650869
0.9828364847
0.9789253155
0.9856544922
0.9946140384
0.9917215825
0.9765192197
0.9731068611
0.9814899144
0.9881654840
1.0078616667
1.0208339318
1.0102244212
0.9937310949
1.0043536520
1.0111808641
0.9959472811
1.0143070819
1.0282969075
1.0132329864
1.0096189094
1.0128317719
1.0037833704
0.9786137799
0.9679168589
0.9903046678
1.0013081591
1.0009270509
0.9915527442
0.9824556677
0.9794234984
1.0087952343
0.9888472145
0.9917343007
1.0043268286
1.0050675797
0.9974344625
0.9849376550
0.9625219524
0.9146428259
0.8714438207
0.8672127697
0.8855768625
0.9058728885
0.9315022884
0.9458168507
0.9388108522
0.9499479013
0.9558618541
0.9566932936
0.9685054016
0.9766468545
0.9737535824
0.9877441897
1.0126237704
1.0258954362
1.0204777231
1.0046386012
1.0176556945
1.0080223488
0.9892531808
0.9800935739
0.9742440229
0.9698864346
0.9750274355
1.0001182718
1.0063589683
1.0083137791
0.9934913716
0.9869933931
1.0019908611
1.0074852522
1.0260715233
1.0131614904
0.9902604768
0.9940512651
1.0026448633
1.0023824658
1.0018937839
1.0115439233
0.9978771314
0.9752586007
0.9748682569
0.9831710289
0.9911626307
0.9956194184
1.0052405430
0.9961632844
1.0184088920
1.0137534762
1.0042626445
1.0047687629
1.0091042849
0.9967921975
0.9797623002
0.9888969270
1.0063535510
1.0130517665
1.0107864187
1.0141551034
1.0226872933
1.0180479247
1.0000440367
0.9871511142
0.9848152417
0.9924527416
0.9922226550
0.9836649332
0.9921959731
0.9974584554
0.9882707167
1.0045374450
0.9846394570
0.9976964871
1.0011267010
0.9988414384
0.9986687361
1.0094924194
1.0108150180
1.0086962230
1.0037184103
0.9997332299
1.0060045180
1.0053711896
0.9986348277
0.9745278555
0.9622359883
0.9757512928
0.9827349376
0.9872890615
1.0265331757
1.0225152004
0.9995127356
0.9847026118
0.9604677143
0.9951476548
1.0193733120
1.0156014308
1.0090185327
1.0087830945
1.0014115284
0.9913023639
0.9981488844
1.0033607979
0.9995175653
1.0109025839
1.0153440859
1.0113767116
0.9893895430
0.9805219001
0.9858365109
0.9937168419
0.9876637803
1.0004796866
1.0189907162
1.0128842184
1.0054414605
1.0167576183
1.0219050969
1.0109108028
1.0023569395
0.9985477716
0.9912507441
0.9848017108
0.9855656966
1.0029962983
0.9977794544
0.9724456191
0.9838360203
0.9864714912
0.9999699613
1.0081756133
1.0012373179
1.0022451507
0.9964926428
0.9890954839
0.9916339001
0.9893869223
0.9827279475
0.9869901954
0.9908083027
0.9865580097
0.9926667910
0.9985047256
1.0122105580
1.0114306651
0.9986120021
0.9921468297
0.9904769099
0.9847938636
1.0021799641
0.9969823596
1.0094458869
1.0115791854
1.0230857777
1.0128643306
0.9997775946
1.0054407765
0.9983256949
0.9788035793
0.9775695048
0.9906326095
1.0131970379
1.0109974558
1.0210641734
1.0082211999
1.0059033541
1.0010629613
0.9885594514
0.9964196228
0.9744648785
0.9735490214
0.9735698259
0.9873048196
0.9892944815
1.0083762199
1.0139514620
1.0104999770
1.0049346980
0.9904673436
0.9955994889
0.9951047251
0.9945789600
1.0108261540
0.9934552214
0.9781716615
1.0325835265
1.0216694065
0.9936902456
0.9886558328
1.0112468190
1.0309586230
1.0093989096
0.9833907086
0.9883574005
0.9999569260
0.9909444547
0.9767243492
0.9910050475
1.0140110020
1.0075785241
1.0098978583
1.0072292150
1.0085667302
1.0366450522
1.0482485098
1.0208181723
0.9855951410
0.9864859121
0.9887490746
0.9860310793
0.9924101097
1.0060450516
1.0028055681
0.9922751013
0.9977769837
1.0069257812
0.9997424458
0.9868098286
0.9848545808
0.9903465508
0.9984361105
1.0154806245
1.0000460112
1.0215717841
1.0625508175
1.0581095479
1.0202154132
0.9944402784
1.0069860669
0.9918881087
0.9958438281
1.0083756114
1.0021625815
1.0013626397
1.0107213158
1.0166313944
1.0148807269
1.0039488985
0.9989741997
1.0064987740
0.9980773712
1.0044822300
1.0225716737
1.0192640807
0.9907074133
1.0040698168
1.0042480600
0.9849950712
0.9814522848
0.9831037026
0.9870059583
0.9949635011
1.0071026064
1.0141984065
1.0068454677
0.9980717699
1.0016009445
1.0055168939
1.0024026540
0.9978033888
0.9887704726
0.9752329452
0.9768558728
0.9763949570
0.9591036076
0.9632791397
0.9613521485
0.9849816425
0.9876468073
0.9891191089
0.9998872486
1.0203022372
1.0246860219
1.0131799728
1.0012820566
0.9897302591
0.9802858169
0.9789571074
0.9865334147
0.9946470073
0.9932905881
0.9997853116
1.0112712250
0.9985199325
0.9876113320
0.9988373799
1.0042382108
0.9953751144
0.9881135802
0.9851660742
0.9937611014
1.0030884967
0.9966952914
0.9856162423
0.9988642100
1.0218233130
1.0217801367
1.0178784431
1.0070911157
1.0020917435
0.9803589868
0.9982926202
1.0074583533
1.0039770094
1.0031168452
0.9994836081
0.9694414412
0.9670851032
0.9713575244
0.9843817430
1.0020439321
0.9812449085
0.9643719639
0.9850524430
0.9970406439
0.9825996812
0.9713882586
0.9789463867
0.9777248851
0.9746195093
0.9943640432
0.9790292400
0.9647127253
0.9999290264
0.9951401530
0.9749155203
0.9735337064
1.0027090121
1.0143662783
0.9956738066
0.9909851010
0.9865284588
0.9825346704
0.9967983600
1.0009399107
0.9967317774
1.0141003740
1.0117492932
1.0205540224
1.0227890440
1.0389845530
1.0314300916
1.0054298311
1.0201200236
0.9750555789
1.0026029032
1.0031801246
0.9800360189
0.9672416956
0.9678653750
0.9672444375
0.9706454767
0.9916033832
1.0031648794
1.0002285078
1.0178637264
1.0048573215
0.9826710787
0.9672198299
0.9590552801
0.9925227113
1.0061897492
0.9837828109
0.9928445607
1.0031108486
0.9795882726
0.9727108268
0.9839618649
0.9949713927
1.0016482056
1.0022290373
1.0028403570
1.0149645751
1.0215410424
1.0086240400
1.0072116802
0.9960171678
0.9586401916
0.9720597361
1.0120174393
1.0018755213
1.0105180710
1.0267476561
1.0321528103
1.0279724241
0.9944971662
0.9948100234
0.9956604012
0.9800340588
0.9620186258
0.9646361670
0.9885721604
1.0063312487
1.0037592601
0.9924726502
0.9865692234
1.0032176141
1.0227348325
1.0175099234
1.0085869304
0.9578332409
0.9670240336
0.9713020881
0.9439695446
0.9491928938
0.9645550917
0.9602224334
0.9411272177
0.9270663031
0.9015181790
0.8702580201
0.8721833429
0.8998373527
0.9133519126
0.9184641651
0.9320873871
0.9445661522
0.9584491769
0.9581163285
0.9316230840
0.9530911209
0.9598760750
0.9700217426
0.9942366608
1.0138298205
1.0305557882
1.0161774358
0.9995857685
1.0033984926
1.0120335043
1.0163132083
1.0081593321
0.9840093289
0.9752292110
0.9896706361
1.0067885160
1.0064566429
0.9988862478
0.9873943659
1.0069602307
1.0032409876
1.0000542198
1.0154953548
1.0199237662
0.9964266417
0.9961936947
1.0008652144
0.9943458245
0.9757596304
0.9695381760
0.9798211429
0.9943776219
1.0052901637
0.9756932087
0.9702585642
0.9678913004
1.0026650655
0.9955821117
0.9751318428
0.9620403940
0.9786750681
1.0024867310
1.0023560219
1.0040125605
0.9983470700
0.9923261430
0.9901198846
0.9760241446
0.9745535211
0.9955913607
1.0110042655
1.0137105798
1.0026519077
0.9904389040
1.0008788742
1.0009103584
0.9804496665
0.9727240415
1.0002487571
0.9936301536
0.9863910756
0.9917468840
0.9838375484
0.9864176755
1.0037431242
1.0167806959
1.0153019803
1.0033572228
0.9910636813
0.9874129986
0.9922032343
1.0009352696
1.0142289992
1.0218773957
1.0143118661
0.9995532756
0.9915599722
0.9982596324
1.0092362248
0.9939347264
1.0096176597
1.0138082549
0.9943730357
0.9949667203
0.9980802997
1.0072308388
1.0190607528
1.0069233430
0.9885068910
0.9947025084
0.9955709235
0.9742695768
0.9754577041
0.9865372540
0.9916582819
1.0048619919
0.9759230188
1.0036305773
1.0137529644
0.9912010045
0.9980020566
1.0097826613
0.9994128107
1.0097324659
1.0272504465
1.0270943505
1.0055949478
0.9996790625
1.0232272187
1.0263860789
1.0066285596
1.0149700514
1.0095792895
1.0040766290
0.9825473791
0.9981771227
1.0074289627
0.9990934220
1.0003024406
1.0008497629
0.9973539753
0.9944902856
0.9879462513
0.9942960107
1.0060083757
0.9994234057
0.9886644515
0.9962113045
1.0123147193
1.0178691312
1.0164211371
1.0210062251
0.9887471722
1.0000433510
0.9883940256
0.9823089304
0.9931466511
0.9854964260
0.9969415239
1.0013072884
0.9950698899
1.0016981732
1.0008219032
0.9926498899
0.9919363168
1.0034197115
1.0210723742
1.0231759202
1.0052906962
1.0037775436
1.0134918553
0.9756376755
0.9108402633
0.8627510992
0.8422031481
0.8100659479
0.8315448475
0.8733360841
0.9129182469
0.9455796983
0.9677482585
0.9755950287
0.9998289009
1.0144489428
1.0073285898
0.9904971696
0.9956583400
1.0172699874
1.0158822621
1.0166721337
1.0116636460
1.0243582598
1.0177542828
1.0164537720
1.0209222006
1.0239017538
0.9997849214
0.9781683528
0.9593810513
0.9747883994
0.9751549325
0.9725412951
0.9771956712
0.9872549434
0.9974453730
0.9983445463
0.9983894887
1.0152799990
1.0305374454
1.0246690138
1.0318353838
1.0222690973
1.0290014312
1.0336602826
1.0128567659
0.9997149508
0.9925621197
0.9942546158
1.0090364684
1.0260754901
1.0244725700
1.0115403979
1.0098999058
1.0123749442
1.0078037158
1.0079656548
1.0020821510
0.9796077464
0.9814939720
0.9912356509
0.9953205203
0.9960839244
1.0155976587
1.0244931723
1.0087568619
1.0018155224
0.9897939800
0.9979974737
1.0114504691
1.0129743240
1.0260878549
1.0333342615
1.0040402479
0.9842575505
0.9997069898
1.0028306480
0.9924620854
0.9969175531
0.9785872039
0.9836431477
1.0054193839
1.0211661076
0.9973793669
0.9863278861
0.9756085259
0.9717944364
0.9843849355
0.9952510372
0.9842904460
0.9967304325
1.0094321697
0.9971045016
0.9849854503
0.9884850368
1.0014456619
1.0201911480
1.0163329590
0.9699487581
0.9529519433
0.9896733787
0.9994961485
1.0031072968
0.9946299820
0.9794884310
0.9713281943
0.9965191111
0.9925393481
0.9913746816
1.0007333466
0.9997335353
1.0032849292
0.9975989357
0.9902042432
0.9832640918
0.9680384806
0.9663796016
0.9881259483
1.0123367760
0.9915315483
1.0051393790
1.0144722907
1.0085068241
0.9986389561
1.0182676801
1.0060518891
0.9857584519
0.9842326367
0.9822874869
0.9895124423
1.0119688987
1.0040492396
0.9822512488
0.9827119457
0.9941815388
0.9948482153
0.9915867853
1.0014483612
0.9974601489
0.9992700112
0.9692374375
0.9802827044
0.9977816418
1.0059119688
1.0010444688
0.9948551156
1.0006863599
0.9999640757
0.9984587767
1.0085628777
1.0077591087
1.0022524248
0.9893932707
0.9766722282
0.9820066776
0.9984368622
1.0240643141
1.0402207954
1.0250424497
0.9998157859
1.0066338457
0.9996937739
1.0222935119
1.0021299169
0.9974028260
1.0102715893
1.0170324232
1.0145920003
0.9890444491
0.9791266920
0.9921335122
1.0022096728
0.9995517497
0.9882015449
0.9907085688
1.0170576911
1.0337987581
1.0602904315
1.0254936803
0.9833886713
0.9869447078
1.0132945073
1.0014387372
0.9844001430
0.9861976983
0.9880020638
0.9911848092
0.9841737493
0.9927192725
1.0032651528
1.0137929300
1.0125627028
0.9996616264
1.0029776239
1.0120764203
1.0030388948
1.0033372718
0.9960714798
0.9860220360
0.9867623003
1.0189962338
1.0124623290
1.0156936106
1.0020937971
0.9895383136
1.0031744235
1.0131771721
1.0172963910
1.0142871945
0.9942612097
0.9844230992
0.9978683988
0.9968920596
0.9827993453
0.9918742271
0.9917680909
0.9899098915
1.0011514775
0.9981850179
1.0134433656
1.0243483692
0.9662447846
0.9628925870
0.9858596947
0.9934720025
0.9903689656
1.0000877362
1.0083483704
1.0077464835
1.0003470542
0.9889698183
0.9770888122
0.9821579696
0.9951096841
0.9823745202
0.9933864928
1.0044630862
0.9729644000
0.9647722044
0.9788332952
0.9699937917
1.0029035218
0.9805750183
0.9734257105
0.9742388715
0.9986660017
1.0030287368
0.9886151866
0.9739490500
0.9765181669
1.0117450384
1.0332582734
1.0108867708
0.9886356394
0.9592616921
0.9715205408
0.9793078538
0.9919525658
1.0044399680
1.0000988122
1.0109079345
0.9907595007
0.9828754612
0.9779124481
0.9808329995
0.9868177411
0.9876691132
0.9768208910
0.9768133979
0.9818765268
0.9804466351
0.9946423683
1.0194488025
1.0227588123
1.0129225595
0.9824183712
0.9804175048
0.9894802439
1.0035686774
0.9862123193
0.9812329738
1.0013009452
1.0338377270
1.0150152021
0.9755363608
0.9716568152
0.9839090090
0.9896819559
0.9849882346
0.9738985099
0.9733502425
0.9892734920
0.9989785041
0.9957894513
1.0067696645
1.0264467467
1.0016887784
1.0103544769
0.9797432263
1.0103526064
0.9963848610
0.9944106052
0.9751449838
0.9621943027
0.9696830494
0.9743797685
0.9895478616
1.0050111123
1.0043010430
0.9970202126
1.0041432388
1.0189240284
1.0020511033
0.9791919651
0.9916474153
0.9859885294
0.9956673456
1.0154527870
0.9735891662
0.9756410147
1.0134188407
1.0043255330
0.9921769284
0.9767898356
0.9860744389
1.0013166866
0.9900848179
1.0039501787
1.0152445350
0.9792012072
0.9536249846
0.9427129309
0.9226738182
0.8870929674
0.8389690930
0.8231934641
0.8049286829
0.7985194565
0.8501540380
0.8945653560
0.9560891226
0.9614680302
0.9454282981
0.9646702144
0.9969765163
1.0178402953
1.0141935903
1.0005431183
1.0026512846
1.0176515679
1.0169412625
0.9904562184
0.9729368834
0.9635462084
1.0029131304
1.0208350895
1.0068335501
0.9679159522
0.9945301660
1.0141454754
1.0094413308
0.9865105625
0.9684361206
0.9694167220
0.9873344394
1.0020591381
1.0093677741
1.0066010362
0.9953054071
0.9957013671
0.9987892170
0.9747290325
0.9610558746
0.9724832581
0.9782170606
0.9984664421
0.9982611039
0.9904639491
1.0210400571
1.0179023977
0.9880872499
0.9617825775
0.9618222193
0.9729316265
0.9723232379
0.9915372935
1.0013062848
0.9850257558
0.9860250137
0.9863623932
0.9754793426
0.9860822010
1.0013417885
1.0147542008
1.0065742984
0.9905466033
0.9951402021
0.9831658731
0.9833098099
0.9896939719
0.9866528389
0.9775093149
0.9830208629
0.9792437935
0.9754336527
0.9827290716
0.9894195265
0.9878807351
0.9891530571
1.0023408306
1.0019614065
0.9912805650
0.9836007598
0.9821577058
1.0173398992
1.0118872010
0.9686265500
0.9694562559
0.9846338959
1.0067076366
1.0235142652
1.0124338794
0.9928103085
0.9934413481
1.0027073875
1.0021199993
0.9913361618
0.9740406761
0.9634542114
0.9736302544
0.9852116168
0.9872877504
0.9696792364
0.9756040698
0.9959148454
0.9948036182
0.9970751796
0.9891015709
0.9758960821
0.9934948335
0.9862212328
1.0045388168
1.0134605152
0.9975770732
0.9963449171
0.9947657794
0.9818662000
0.9919349879
0.9994302254
0.9822507290
0.9726076558
0.9980567258
1.0035862400
0.9961338369
0.9845383568
0.9951508570
1.0185599258
1.0019477173
0.9949557111
0.9952798206
0.9950296989
0.9966335701
1.0126701194
1.0177383731
0.9996973177
0.9745020126
0.9686612300
0.9890016909
0.9846821325
0.9706606607
0.9729909293
0.9782460117
0.9646175720
0.9782036823
1.0003773958
0.9937766688
0.9786583989
0.9922516671
1.0044321410
1.0009315946
0.9721590574
0.9648212136
0.9594579955
0.9540499161
0.9671195994
0.9825173914
0.9852764176
0.9825902878
0.9986519227
1.0055569996
1.0150628710
1.0083637238
1.0076851004
1.0203412836
1.0202418333
0.9934516263
0.9852359300
0.9783277085
1.0006354047
1.0050658424
1.0074059242
1.0018530187
0.9884565943
0.9880233370
0.9963989629
0.9977584445
1.0012360665
1.0064509856
0.9878076842
0.9952773713
0.9942491160
0.9744357943
0.9545169279
0.9588720877
0.9697920158
0.9900844213
0.9746286177
0.9830970543
0.9983586546
1.0073287951
0.9922019418
0.9707470457
0.9758150199
0.9733789432
0.9519125177
0.9698915854
1.0088221659
1.0154958614
0.9905939191
0.9681601732
