#flux
0.9966937927
0.9969096660
0.9929034812
0.9928581621
0.9946414888
0.9972662353
0.9916562277
0.9928851603
0.9980655036
1.0000712594
1.0020525884
1.0051904414
0.9999731099
1.0002630000
1.0002785068
0.9981250327
0.9956223786
0.9966357871
1.0047620093
1.0049034077
0.9968846312
0.9913885088
0.9876770260
0.9848888175
0.9778531139
0.9612072892
0.9547293829
0.9461505575
0.9398986102
0.9403874604
0.9430028716
0.9475634794
0.9644848366
0.9854747893
0.9942617741
0.9978988010
1.0017644613
1.0024594460
1.0022121558
1.0025499726
1.0011666301
0.9970506395
0.9935357322
0.9922625477
0.9884772721
0.9878487441
0.9944775474
0.9949071521
0.9892302968
0.9897115845
0.9956231933
0.9993248018
0.9999617755
0.9944156820
0.9908351846
0.9948138715
0.9924431939
0.9900389769
0.9934079864
0.9929671508
0.9939583252
0.9906026439
0.9831075549
0.9933840832
0.9988613073
0.9994814504
0.9914234013
0.9726409290
0.9499676299
0.9217626075
0.8970433559
0.8857484449
0.8929388802
0.9182121967
0.9425421432
0.9644816879
0.9802993146
0.9881254752
0.9908229447
0.9882703871
0.9825095937
0.9798817939
0.9832589779
0.9852952434
0.9800032217
0.9801122819
0.9741598361
0.9736447253
0.9766676192
0.9688507014
0.9487946105
0.9340360146
0.9341486442
0.9402347915
0.9470166037
0.9632153615
0.9750754131
0.9699290234
0.9497732349
0.9215101828
0.8938914634
0.8733067685
0.8631104297
0.8732734150
0.9079570686
0.9447413947
0.9630062237
0.9912434270
0.9892309533
0.9931326413
0.9864820004
0.9878226665
0.9879832805
0.9822637573
0.9805347729
0.9816271067
0.9837063928
0.9890003548
0.9949573702
0.9947479316
0.9935603862
0.9968635092
0.9962156459
0.9925690940
0.9890679797
0.9883469915
0.9949629572
1.0018128119
0.9881707507
0.9850460833
0.9944907098
0.9909193959
0.9903828386
0.9810318086
0.9752638480
0.9786595078
0.9764605655
0.9727719591
0.9729334891
0.9787865315
0.9865770021
0.9901270362
0.9886761057
0.9850862050
0.9865023437
0.9850003382
0.9768104152
0.9735297150
0.9789590121
0.9752402038
0.9831702883
0.9845146226
0.9863980622
0.9951335302
0.9916966334
0.9768748985
0.9568498659
0.9330868050
0.9045938953
0.8735626542
0.8554584934
0.8654149651
0.8919849670
0.9207410415
0.9537722733
0.9684486881
0.9695788335
0.9740603668
0.9806259643
0.9781647951
0.9681303666
0.9658173744
0.9713459656
0.9608706314
0.9500134963
0.9384303860
0.9290528450
0.9301329368
0.9365465968
0.9421623597
0.9466242745
0.9491418237
0.9509274848
0.9514854071
0.9524398996
0.9619170238
0.9602394583
0.9500146906
0.9329034417
0.9237882134
0.9232344845
0.9206233617
0.9108666944
0.8996865132
0.8927742215
0.8781645987
0.8555660551
0.8292493651
0.7964401699
0.7570938461
0.7046078635
0.6421473274
0.5775740804
0.5089911903
0.4395793162
0.3796351380
0.3286342431
0.2848548806
0.2484551309
0.2260933244
0.2130238163
0.1974888108
0.1860499544
0.1813673079
0.1810785476
0.1834529057
0.1879130847
0.1934239189
0.1991014693
0.2123938095
0.2375417287
0.2651852895
0.2966985921
0.3400052196
0.3950114012
0.4621362718
0.5370409623
0.6109073777
0.6788919331
0.7387782975
0.7826012705
0.8208627198
0.8607294729
0.8845919085
0.8993945907
0.9035453685
0.9128816284
0.9249005104
0.9332769924
0.9390315951
0.9433661595
0.9471117026
0.9465059100
0.9465038427
0.9532542079
0.9473365827
0.9319806893
0.9518261825
0.9652216288
0.9642046520
0.9638616155
0.9681963839
0.9700774657
0.9621887558
0.9620996125
0.9557543251
0.9534593176
0.9560023371
0.9591768897
0.9599135132
0.9620628538
0.9651224401
0.9685083776
0.9720404838
0.9729061627
0.9725346445
0.9719603178
0.9711729650
0.9802486098
0.9814063848
0.9830414476
0.9908948626
0.9918141833
0.9854972391
0.9800678701
0.9776880744
0.9759890212
0.9730328222
0.9686939917
0.9644121929
0.9611043674
0.9621751758
0.9648650851
0.9723498606
0.9862093104
0.9932235221
0.9884907856
0.9847551782
0.9818951207
0.9764930450
0.9791216724
0.9885366891
0.9946103532
0.9857060743
0.9834583703
0.9698771065
0.9497189669
0.9444995392
0.9565202998
0.9678633353
0.9726654741
0.9790958609
0.9863823904
0.9857424133
0.9839400525
0.9869544805
0.9885430562
0.9882542267
0.9928070812
0.9988111140
0.9901538550
0.9891852271
0.9854655756
0.9846645524
0.9892978811
0.9826983220
0.9772809921
0.9522649160
0.9103313076
0.8712036020
0.8385586065
0.8245806068
0.8394531880
0.8754311599
0.9102195733
0.9306060903
0.9442647800
0.9616986907
0.9777328109
0.9845446890
0.9882241605
0.9888243025
0.9843923218
0.9913051843
0.9872017733
0.9883226554
0.9944910063
0.9906070933
0.9860453272
0.9820536954
0.9779556989
0.9765138477
0.9729250833
0.9689787713
0.9722792185
0.9770798278
0.9772384484
0.9794021350
0.9811796793
0.9771766948
0.9814630733
0.9855256761
0.9865819143
0.9914213819
0.9950057006
0.9872905140
0.9791068736
0.9841066530
0.9906802848
0.9892302511
0.9894367636
0.9882797020
0.9935833739
0.9929667219
0.9883335422
0.9890589700
0.9952033969
0.9977929168
0.9914265683
0.9859962044
0.9898178301
0.9924827082
0.9944332953
0.9912517727
0.9877459779
0.9721785228
0.9538484722
0.9155889766
0.8587081927
0.8016724220
0.7765099531
0.7911568122
0.8304141853
0.8817728074
0.9306552572
0.9680787280
0.9870588561
0.9912373193
0.9925309806
0.9938046821
0.9928996587
0.9943894877
0.9975961609
0.9957377361
0.9961160708
0.9962207277
0.9935641197
0.9936887792
0.9846854986
0.9791131975
0.9670769585
0.9335142493
0.8782858768
0.8324045090
0.8024065585
0.8019808087
0.8363287281
0.8880933811
0.9314834067
0.9573635959
0.9742418687
0.9832877206
0.9797044269
0.9665842589
0.9299106530
0.8772358257
0.8085574146
0.7635821599
0.7658980469
0.8054117146
0.8577231775
0.9112188542
0.9441899177
0.9678564547
0.9847970731
0.9860110718
0.9859108644
0.9918457816
0.9939047856
0.9876512710
0.9845887802
0.9886056866
0.9913965797
1.0007336577
0.9978476271
0.9919850176
0.9884091294
0.9845825484
0.9844129856
0.9860338966
0.9856274698
0.9858184987
0.9852395676
0.9859945795
0.9905408182
0.9910492832
0.9877398124
0.9825670785
0.9874930611
0.9916602254
0.9906028094
0.9961585270
0.9966061908
0.9930571722
0.9926342346
0.9933240628
0.9921117171
0.9877402502
0.9859559757
0.9960547653
0.9980625051
0.9908605378
0.9967259852
0.9942867964
0.9886373105
0.9920558483
0.9932104593
0.9924719735
0.9914818941
0.9911407630
0.9927226979
0.9919134997
0.9888574907
0.9880103689
0.9868594377
0.9940322851
0.9927480632
0.9881490856
0.9878814260
0.9928031068
0.9901828873
0.9927785981
0.9921788260
0.9904642028
0.9901401002
0.9953097014
1.0015646085
0.9999037264
0.9957294472
0.9946949676
0.9927483163
0.9927381059
0.9948102932
0.9919033143
0.9915964005
0.9913386539
0.9859298272
0.9861382818
0.9886889947
0.9883140712
0.9808702558
0.9830467549
0.9882751103
0.9789739279
0.9702299742
0.9725814475
0.9739658553
0.9816463489
0.9876657094
0.9889320590
0.9890008663
0.9878281411
0.9836777527
0.9811371508
0.9859215632
0.9867847052
0.9720165044
0.9537820605
0.9302437120
0.8995095370
0.8778030190
0.8697743283
0.8817664200
0.9163818218
0.9559062953
0.9746807555
0.9824356946
0.9891533926
0.9878351376
0.9899779295
0.9976937702
0.9942459541
0.9896686089
0.9939251200
0.9900248521
0.9820689467
0.9781517019
0.9782214260
0.9870960648
0.9868056396
0.9881938422
0.9897769066
0.9911298229
0.9969552992
0.9971836537
0.9980684088
0.9935649558
0.9809030794
0.9837814226
0.9905426862
0.9904278851
0.9923165612
0.9988034309
0.9996313590
0.9899400077
0.9786984753
0.9780813856
0.9862753782
0.9875328022
0.9825430632
0.9720262644
0.9645522877
0.9772976965
0.9781453384
0.9816649406
0.9856707778
0.9826183969
0.9877273602
0.9916015495
0.9897392726
0.9897799014
0.9936287725
0.9967732320
0.9975037291
0.9964659043
0.9921466035
0.9894256815
0.9954549877
0.9948785209
0.9942558128
0.9870994047
0.9937575128
0.9979743150
0.9920487019
0.9984763839
0.9984444795
0.9962339524
0.9925785722
0.9891675347
0.9870162872
0.9835196581
0.9833458014
0.9890561837
0.9887667878
0.9803360403
0.9781991679
0.9833046389
0.9874412013
0.9957893989
0.9976833807
0.9837335381
0.9789656809
0.9606135885
0.9122446800
0.8566759731
0.8233600073
0.8174643995
0.8425058585
0.8879150144
0.9318112216
0.9584304291
0.9700164793
0.9832474828
0.9928558753
0.9951876764
0.9941178477
0.9860616698
0.9794629240
0.9844395526
0.9883300666
0.9909709160
0.9943765991
0.9952675264
0.9856787948
0.9853177222
0.9941476620
0.9899502857
0.9866722876
0.9937108982
0.9998842436
0.9994311472
0.9923889799
0.9884022682
0.9904276484
0.9926271795
0.9940736794
0.9941044991
0.9941781005
1.0000826023
1.0009616978
0.9949611241
0.9909432992
0.9908714870
0.9919539212
0.9885565850
0.9907532237
0.9972538933
0.9921328103
0.9879604463
0.9925840860
0.9903101579
0.9819144532
0.9782320524
0.9805227175
0.9878277277
0.9902040464
0.9896162532
0.9922559418
0.9926358562
0.9943253685
0.9907323456
0.9930322459
0.9926681207
0.9909293659
0.9862646580
0.9862672373
0.9892972834
0.9872784012
0.9914134495
0.9917387040
0.9858443351
0.9883101009
0.9936074724
0.9946998457
0.9953456279
0.9969002450
0.9993607653
1.0007240872
0.9968449655
0.9927634126
0.9958220645
1.0011825157
1.0027968161
0.9996412684
0.9901603649
0.9885435538
0.9829725605
0.9863280105
0.9804929558
0.9745894997
0.9756469816
0.9776298853
0.9787181057
0.9873290029
0.9975445204
0.9903508460
0.9790620397
0.9795046658
0.9848423477
0.9899949055
0.9903912768
0.9884775469
0.9934679748
0.9880337204
0.9864672822
0.9857245339
0.9803615755
0.9787308443
0.9675816726
0.9634228664
0.9481772329
0.9297527574
0.8901087100
0.8199636330
0.7340456510
0.6648046616
0.6448035448
0.6799793324
0.7532588737
0.8389402212
0.9066249785
0.9445886123
0.9676853807
0.9754485678
0.9810406525
0.9834196804
0.9801102898
0.9579273538
0.9183925023
0.8530546921
0.7789148740
0.7141955326
0.6983129407
0.7319115356
0.7969987229
0.8742500221
0.9357392109
0.9659550376
0.9785859974
0.9884192204
0.9902943781
0.9838364332
0.9838995218
0.9903650291
0.9929068975
0.9964011644
0.9937924005
0.9903060205
0.9859219585
0.9880560505
0.9910972653
0.9912628316
0.9922409958
0.9896628606
0.9841462842
0.9799041133
0.9796582976
0.9856510197
0.9918351974
0.9923144898
0.9908365995
0.9895820786
0.9862002676
0.9853658992
0.9889232378
0.9860710538
0.9802295180
0.9838010520
0.9935507222
1.0050105105
1.0045187059
0.9931615511
0.9928741395
0.9973198094
0.9951186755
0.9890373617
0.9919322302
0.9936103436
0.9950631642
0.9947392287
0.9896724042
0.9893250640
0.9925586537
0.9945298216
0.9981991118
1.0003447975
0.9990721348
0.9935198524
0.9941278960
0.9906223848
0.9725892724
0.9567286662
0.9425356372
0.9330218799
0.9397182827
0.9544624621
0.9697187290
0.9861908802
0.9956585831
0.9961750077
0.9941627720
0.9963123735
0.9989061418
0.9915828281
0.9865060695
0.9906440183
0.9928849496
0.9912446743
0.9837026242
0.9698390760
0.9597551010
0.9666054654
0.9747184777
0.9761853450
0.9859848505
0.9773539264
0.9545492093
0.9288709338
0.9095704333
0.9054769338
0.9131553247
0.9287138198
0.9529413791
0.9761006518
0.9887390232
0.9943573890
0.9925427923
0.9889710642
0.9941637307
0.9955612926
1.0009930910
1.0039222984
0.9970946296
0.9974709412
1.0057712487
1.0004319996
0.9978185296
0.9949849686
1.0061203774
1.0090325553
1.0030885534
1.0012373286
0.9985056604
0.9932059090
0.9886094782
0.9886307470
0.9935398971
0.9922992359
0.9876634326
0.9868952741
0.9821580205
0.9556909356
0.9714406234
0.9899198295
0.9953308939
0.9934725356
0.9890587387
0.9890460808
0.9879584621
0.9872246122
0.9883859515
0.9928187425
0.9995560893
1.0019447568
0.9975966863
0.9955838963
1.0010011193
1.0018178185
1.0088934879
1.0270029777
1.0381832268
1.0070878958
0.9891088643
0.9990573860
0.9933576789
0.9967546854
1.0034358316
0.9857521237
0.9873368433
0.9984847844
0.9979836916
0.9924777647
0.9915123216
0.9922153135
0.9961293810
1.0001707459
0.9899105671
0.9841537398
0.9885594059
0.9922289664
0.9903138420
0.9884229343
0.9880258800
0.9869847967
0.9917924468
0.9987842446
1.0017399070
1.0001309463
0.9948151094
0.9939865543
0.9967830243
0.9982782176
0.9979651920
0.9952468665
0.9883304958
0.9787157146
0.9656802578
0.9376408801
0.8893628981
0.8492708097
0.8268252730
0.8333207846
0.8674942490
0.9055743933
0.9379718881
0.9657790553
0.9783347223
0.9856157048
0.9881098948
0.9921030787
1.0000069415
1.0045231008
0.9995262259
0.9939718308
0.9932404901
0.9896175720
0.9842599059
0.9864621215
0.9915444420
0.9931625917
0.9927057134
0.9805947145
0.9679535187
0.9692379064
0.9763705239
0.9804987457
0.9896348964
0.9928727668
0.9879114121
0.9857228712
0.9905534075
0.9999540315
1.0028198254
1.0018582960
1.0002582535
0.9922794403
0.9786025169
0.9666021151
0.9574116037
0.9470813195
0.9433933543
0.9372388594
0.9505776843
0.9644149302
0.9729879961
0.9741155032
0.9813217811
0.9838972686
0.9902752211
0.9933421683
0.9889916784
0.9808851989
0.9758610299
0.9782584835
0.9737788747
0.9524421615
0.9303755645
0.9158581212
0.9059505863
0.9185392970
0.9422862418
0.9725164155
0.9849175506
0.9805978066
0.9772637508
0.9808869246
0.9874061970
0.9838026476
0.9836245069
0.9848129335
0.9799030019
0.9649521435
0.9289827882
0.8719125035
0.8141558280
0.7729726967
0.7648740135
0.7992350171
0.8554910752
0.9074052893
0.9469194113
0.9630170893
0.9557550248
0.9361923886
0.9175560449
0.9184824309
0.9345380061
0.9529611968
0.9679274042
0.9797548827
0.9910806174
0.9968096268
0.9951002887
0.9913334317
0.9892362187
0.9911827682
0.9944910724
0.9963626969
0.9967006350
0.9944180565
0.9915445720
0.9879012225
0.9867084664
0.9879790121
0.9862173677
0.9934878717
1.0002536157
0.9982566791
1.0046810675
0.9966849654
1.0015462907
1.0021218442
0.9955880342
0.9909791341
0.9949197910
1.0035327524
1.0012019599
0.9922344357
0.9915984496
0.9933988155
0.9919816259
0.9916298594
0.9889114137
0.9936163972
0.9938474960
0.9950177056
0.9930737471
0.9912779210
0.9964115809
0.9884251854
0.9837167918
0.9968493349
1.0026855825
0.9958086739
0.9891462767
0.9885154232
0.9920999205
0.9990895255
1.0012775899
0.9945222439
0.9886288761
0.9895362008
0.9982110840
0.9974796111
1.0043444275
0.9969094018
0.9851021440
0.9832297888
0.9788261382
0.9679227551
0.9538535969
0.9385532565
0.9260982697
0.9191909906
0.9144448733
0.9206068983
0.9432535737
0.9653540349
0.9816794523
0.9930736832
0.9931065168
0.9907699802
0.9920554199
0.9930613149
0.9906324915
0.9932465555
1.0011336012
0.9978402349
0.9936894704
0.9976273382
0.9969906954
0.9926702201
0.9873182675
0.9934694255
1.0018566737
0.9951932806
0.9880726886
0.9922526295
0.9985445252
0.9994731356
0.9973070784
0.9964645335
0.9989831515
1.0003110833
1.0014320368
1.0082315857
1.0342078280
1.0520293555
1.0175959185
0.9916639376
0.9929774395
0.9953461209
0.9955182509
0.9944044072
0.9980085267
0.9980573717
0.9961608514
1.0025419761
1.0024199186
0.9940384317
0.9932375535
0.9962574214
0.9936217881
0.9895662189
0.9863132894
0.9848151362
0.9900729084
0.9934845266
0.9922599326
0.9873599380
0.9878140012
0.9943231653
0.9940817629
0.9882180764
0.9839443870
0.9900080007
0.9970183340
0.9989608325
0.9926915553
0.9875822181
0.9916616507
0.9952988227
0.9934175416
0.9947178506
0.9962638184
0.9947778623
0.9949008886
0.9861656164
0.9832766148
0.9899037212
0.9847645212
0.9847973178
0.9858378764
0.9832958096
0.9884093511
0.9927074717
0.9929848392
0.9954161740
0.9971340853
0.9940481926
0.9894255273
0.9873438785
0.9908432264
0.9951653536
0.9922975128
0.9939429181
0.9960230302
0.9966154330
0.9918390450
0.9936776984
0.9944592333
0.9920806626
0.9946135543
1.0002567354
1.0020333106
1.0019515976
0.9972583625
0.9958115495
0.9954748396
0.9998281286
1.0020863901
0.9967087325
0.9961214623
1.0013037073
0.9977365563
0.9931012311
0.9976184100
1.0033338201
1.0018135761
1.0002300008
0.9967734021
1.0019501362
1.0036669616
0.9968180528
0.9927139922
0.9939571299
0.9942243921
0.9900209638
0.9943835332
1.0004317604
0.9997554401
1.0000346612
1.0007000290
0.9991561947
0.9995919606
0.9969044717
0.9933623975
0.9933690142
1.0001507131
1.0025347306
1.0039480006
1.0038235046
0.9966073729
0.9938456573
0.9939938646
0.9933099790
0.9929052532
0.9971448057
0.9957725817
0.9929446751
0.9951247645
0.9992532366
0.9983066848
0.9919499371
0.9882684758
0.9931084021
0.9996192050
0.9991665973
1.0009735489
0.9991767118
1.0033521862
1.0028206437
0.9990727375
0.9955807058
0.9963829090
0.9956821283
0.9907242675
0.9882955787
0.9888286587
0.9858124464
0.9789993809
0.9830642826
0.9902292837
0.9887574891
0.9878830206
0.9904437518
0.9900152334
0.9896658933
0.9854478356
0.9951810052
0.9924717720
0.9923602912
0.9933602973
0.9819672961
0.9922124774
0.9809058399
0.9690609499
0.9530280067
0.9276527575
0.9004828299
0.8808623224
0.8681951881
0.8842178545
0.9224475365
0.9515623822
0.9717585822
0.9907261161
0.9946339653
0.9914727735
0.9953425928
0.9974706980
0.9933113770
0.9988724528
0.9982945931
0.9910599916
0.9941093281
0.9970529444
0.9977476279
1.0004303442
0.9952024650
0.9895651255
0.9857004115
0.9861489766
0.9915191994
0.9947783596
0.9968823588
1.0009161973
0.9996908049
0.9974690363
1.0015440544
0.9989347670
0.9963053106
0.9976472595
1.0015052495
1.0031742637
1.0019604250
0.9941283083
0.9930167878
0.9919321056
0.9824333499
0.9763509946
0.9685954178
0.9595028848
0.9587114662
0.9639098779
0.9722921479
0.9836598505
0.9930626722
0.9968490676
0.9950377544
0.9999531614
1.0045855958
1.0054451829
0.9959369841
0.9911980155
0.9928922336
0.9857047460
0.9914960487
0.9923570970
0.9954303094
0.9917004401
0.9952208609
0.9946786720
0.9913787546
0.9914902114
0.9944244490
0.9903802003
0.9848601080
0.9901712109
0.9931390168
0.9948121126
0.9927443377
0.9972554770
0.9932848727
0.9889447590
0.9938650731
0.9834861719
0.9711616193
0.9461717842
0.9362670867
0.9350649400
0.9269401346
0.9072387293
0.8769558018
0.8619009095
0.8703102723
0.8955618419
0.9477850085
1.0209755465
1.0708662506
1.0711820824
1.0444368591
1.0405324072
1.0677668000
1.0638140805
1.0642548933
1.0580205424
1.0453531032
1.0286597614
1.0111759673
0.9981770385
0.9894535980
0.9852553209
0.9856220361
0.9904940742
0.9974679366
0.9997908905
0.9981882302
0.9973058278
0.9976198924
0.9948183564
0.9818682314
0.9769758075
0.9834734199
0.9894644446
0.9890242500
0.9884231741
0.9947930833
0.9899921536
0.9905966352
0.9908484266
0.9785872681
0.9650342766
0.9544994766
0.9547158962
0.9606508145
0.9687826952
0.9788261583
0.9869997268
0.9915855642
0.9939443824
0.9940440565
0.9938270313
0.9964282021
0.9995460392
0.9875022152
0.9878215254
0.9885471513
0.9818860231
0.9712076875
0.9560791029
0.9540053414
0.9422150692
0.9248162052
0.9018975631
0.8835273529
0.8740147981
0.8833814915
0.9065385500
0.9257634747
0.9363401423
0.9384508738
0.9367194680
0.9434519741
0.9568328413
0.9713743879
0.9798959113
0.9878326321
0.9962335276
0.9969773166
0.9951276063
0.9915532994
0.9978403640
0.9971745148
0.9926536626
0.9834153221
0.9748037511
0.9677081689
0.9599093752
0.9537965956
0.9597742187
0.9757634325
0.9825879685
0.9857069521
0.9908938458
0.9919420729
0.9901378400
0.9886512020
0.9860048182
0.9906367067
0.9947518605
0.9931515197
0.9980040210
0.9977090041
0.9964378065
0.9970214837
0.9947359612
0.9899582072
0.9909079890
0.9939441000
0.9916173958
0.9867489380
0.9856651867
0.9918076056
0.9975945241
0.9975946538
0.9945495248
0.9919797076
0.9911233313
0.9847146185
0.9903959350
0.9927167095
0.9841729977
0.9780831054
0.9859821480
0.9967155947
0.9934300292
0.9914866849
0.9945994687
0.9956309823
0.9957167047
0.9975801969
0.9990034097
0.9987729031
0.9967323168
0.9900501276
0.9901541284
0.9916869073
0.9920529035
0.9946101697
0.9961665332
0.9939823467
0.9880986474
0.9863251947
0.9833494446
0.9875165335
0.9915154630
0.9942733914
0.9987060436
1.0031944029
1.0019866771
0.9982652037
0.9980202124
0.9958730088
0.9888890700
0.9863563486
0.9899455678
0.9879249728
0.9940494553
0.9956756168
0.9979002617
0.9904892694
0.9801044731
0.9827353634
0.9758430715
0.9645400319
0.9543046390
0.9513749192
0.9566708565
0.9665933474
0.9747872269
0.9820967650
0.9871704529
0.9867938471
0.9873825680
0.9900171416
0.9906982099
0.9902735010
0.9894977777
0.9934094807
0.9896425714
1.0010338384
0.9961403472
0.9879968868
0.9882808348
0.9879938547
0.9931075526
0.9927199234
0.9936195720
0.9947908318
0.9901807312
0.9871823992
0.9942111712
0.9965028531
0.9879408649
0.9905049600
0.9982102247
0.9962463144
0.9916506068
0.9923693572
0.9926735188
0.9855563782
0.9914290208
0.9939753541
0.9861933413
0.9925867375
0.9879196141
0.9884722484
0.9942652868
0.9954492616
0.9984522225
0.9980098153
0.9959388073
0.9964980907
0.9939602082
0.9916652601
0.9937115451
0.9933723208
0.9892350659
0.9850112254
0.9771295302
0.9773154346
0.9761183961
0.9876302421
0.9795235262
0.9650419244
0.9436261315
0.8978914195
0.8178664609
0.7299969247
0.6653241306
0.6531711745
0.6927319300
0.7695748443
0.8539022282
0.9162122433
0.9567222882
0.9728099618
0.9770986236
0.9880047044
0.9951421283
0.9876599925
0.9853063521
0.9887485594
0.9904736812
0.9818425270
0.9819042194
0.9897243552
0.9966866353
0.9982446535
0.9940603660
0.9835891738
0.9709515794
0.9578656896
0.9443076581
0.9370918399
0.9401000347
0.9490135681
0.9624239140
0.9711007848
0.9824076527
0.9883846338
0.9859726549
0.9872786186
0.9925056599
0.9818200996
0.9898670738
0.9950482726
1.0002319986
0.9970349899
0.9886116574
0.9874484091
0.9894686295
0.9882688376
0.9922795454
0.9988062960
0.9988080351
0.9942145926
0.9865204692
0.9894664618
0.9883863407
0.9849064876
0.9805505236
0.9759670495
0.9613443202
0.9554119519
0.9492226441
0.9523031184
0.9657412182
0.9760917192
0.9876738937
0.9921153140
0.9851758443
0.9827004530
0.9883581457
0.9901021942
0.9883117964
0.9873825847
0.9881753389
0.9973945171
0.9944796512
0.9839130969
0.9686000231
0.9547904438
0.9373493996
0.9297673505
0.9351785173
0.9537929306
0.9772376798
0.9871811841
0.9853295319
0.9822034501
0.9779465136
0.9846382812
0.9957968384
0.9966995132
0.9913170163
0.9909804171
0.9941862882
0.9935613922
0.9923141094
0.9940803886
0.9955563307
0.9993967898
1.0013041189
0.9880487819
0.9894765650
0.9892452498
0.9848859048
0.9896121571
0.9945223836
0.9883024089
0.9872893735
0.9841577115
0.9857262116
0.9933927738
0.9934286396
0.9875351560
0.9870033138
0.9892473636
0.9879759557
0.9845244968
0.9898578968
0.9842326435
0.9796848595
0.9845650936
0.9837720202
0.9881766600
0.9829235552
0.9910076934
0.9949939800
0.9969924859
0.9923890274
0.9912644539
0.9891213833
0.9918805337
0.9924670849
0.9885137796
0.9905752288
0.9942971339
0.9933459519
0.9919456665
0.9898687309
0.9856273353
0.9849397354
0.9953554577
1.0020361160
0.9960266200
0.9902297578
0.9889250504
0.9959072375
0.9876477814
0.9866654985
0.9856579067
0.9873516010
0.9860815451
0.9822260278
0.9866324057
0.9965803898
0.9960474438
0.9877882258
0.9896370557
0.9949962687
0.9962742331
0.9907992931
0.9895419299
0.9988254170
0.9933052840
0.9960471599
0.9917009659
0.9869716253
0.9821533008
0.9849333953
0.9845968372
0.9803807944
0.9866409866
0.9909923304
0.9881606488
0.9875902947
0.9842071863
0.9771575672
0.9770730341
0.9746935682
0.9745838463
0.9876710493
0.9921846221
0.9983496888
0.9997549939
0.9940682659
1.0006943826
0.9921304415
0.9874588430
0.9808829646
0.9858904652
0.9905894261
0.9923490306
0.9911488719
0.9878904056
0.9896523792
0.9904561496
0.9867738372
0.9871437694
0.9894223482
0.9935791831
0.9946263984
1.0034943552
1.0018383996
0.9849211081
0.9921173159
0.9892835302
0.9829602395
0.9824545715
0.9925902642
0.9963349728
0.9906904939
0.9863188567
0.9837522155
0.9827126575
0.9823048793
0.9871369206
0.9928051326
0.9911594303
0.9887109652
0.9867321431
0.9820160220
0.9830638542
0.9894676465
0.9928912813
0.9861395122
0.9870380743
0.9877274551
0.9767242802
0.9819493143
0.9840669937
0.9896282444
0.9917423666
0.9959962423
0.9986222094
0.9995019768
0.9970079099
0.9902827351
0.9846375269
0.9830804946
0.9857786982
0.9913129471
0.9927284306
0.9967131598
0.9897010217
0.9932647131
1.0010498151
0.9863480082
0.9860325257
0.9901541979
0.9939534427
0.9930836708
0.9900238698
0.9935155076
0.9945947736
0.9870980682
0.9826072323
0.9872427279
0.9903616073
0.9877287919
0.9885064277
0.9914597316
0.9890881609
0.9906216815
0.9906652059
0.9921079820
0.9963202624
0.9983359095
0.9961538460
0.9913271745
0.9841485777
0.9825960948
0.9875863542
0.9859440672
0.9883017203
0.9951682150
0.9980127127
0.9905393528
0.9843526552
0.9877091053
0.9887808387
0.9841486813
0.9879862019
1.0005924689
1.0025941727
0.9995085056
0.9999833238
1.0045882202
0.9998950575
0.9981307250
0.9910832713
0.9948854194
0.9890239599
0.9863318599
0.9913742083
0.9888170242
0.9797278128
0.9822399056
0.9873645616
0.9844501745
0.9832598012
0.9850741727
0.9830922931
0.9806060943
0.9801961005
0.9858723335
0.9877382816
0.9987043707
0.9938560408
0.9955537095
0.9938856228
0.9881582115
0.9873781346
0.9880847053
0.9930709891
0.9978041090
0.9967542888
0.9960156527
0.9934762501
0.9911670064
0.9908095353
0.9902969911
0.9931699734
0.9986631029
1.0020358718
0.9967157674
0.9961611955
0.9999693223
0.9931524325
0.9877378679
0.9836920243
0.9695925769
0.9546051229
0.9274531374
0.8788861815
0.8173868488
0.7523610408
0.7015895470
0.6934530834
0.7285130209
0.7925745166
0.8647826801
0.9260906289
0.9696992597
0.9850887705
0.9890014604
0.9972261082
0.9946955172
0.9884362499
0.9866342648
0.9885309270
0.9848571124
0.9878505809
0.9830317746
0.9826087955
0.9884498955
0.9967467552
0.9966646840
0.9966740523
1.0004750151
0.9982655267
0.9932761056
0.9869154871
0.9784892653
0.9781326373
0.9731247922
0.9713199234
0.9769239850
0.9824938593
0.9777093108
0.9736621978
0.9845647092
0.9801496439
0.9793923155
0.9842760942
0.9913762812
0.9894160829
0.9922065387
0.9883593076
0.9894173212
0.9943315216
0.9955877122
0.9933566886
0.9918016444
0.9952994421
0.9963511806
0.9961511333
0.9999150575
0.9938057929
0.9836274511
0.9794973203
0.9812374319
0.9823446114
0.9783425643
0.9904766309
0.9961585163
0.9927275973
0.9939147456
0.9945143007
0.9920027652
0.9844912674
0.9767008566
0.9753580858
0.9738956069
0.9688348364
0.9696870837
0.9723829825
0.9722071001
0.9757979931
0.9820690316
0.9858194409
0.9919562340
0.9946802811
0.9993540130
1.0007080878
0.9882646705
0.9860396291
0.9839939210
0.9722773182
0.9678509114
0.9721940916
0.9735215212
0.9807616479
0.9911449521
0.9883602088
0.9815428232
0.9862073876
0.9941165700
0.9880048198
0.9960717036
1.0004540821
0.9928690672
0.9923365330
0.9862454054
0.9874321518
0.9937643560
0.9883126488
0.9857545250
0.9938626180
0.9936917189
0.9908698229
0.9909490886
0.9882968553
0.9873548469
0.9916118057
0.9976387222
1.0024730834
0.9990378779
0.9953620437
0.9950954414
0.9910565034
0.9946233234
1.0010318188
0.9971471488
0.9972583943
0.9967917749
0.9912158835
0.9983608439
1.0004275469
0.9974571067
0.9927855797
0.9924836278
0.9980001721
0.9978891076
0.9962097560
0.9990665520
0.9980513526
0.9918547244
0.9846072501
0.9896019261
0.9887080089
0.9804217245
0.9775204060
0.9824068812
0.9801408505
0.9819193753
0.9895428116
0.9953079001
0.9885975483
0.9885023943
0.9876052661
0.9907746722
0.9939840676
0.9923901347
0.9937936095
1.0008141718
1.0063273742
1.0052467702
0.9988006232
0.9936675095
0.9873157346
1.0003880539
0.9982284483
0.9903473979
0.9865860743
0.9961947781
0.9931246143
0.9956417985
0.9937234101
0.9970385004
0.9991077798
0.9975745511
0.9956859493
0.9958365524
0.9936334223
0.9916172402
0.9956339989
1.0017766553
1.0043714915
1.0011520224
0.9917923409
0.9886398999
0.9922994125
0.9921609024
0.9939183081
1.0055156005
1.0056212047
0.9974024550
0.9913955726
0.9892228397
0.9928510340
1.0028411194
1.0007570727
1.0018616423
1.0043517881
1.0002504181
0.9915597193
0.9895866240
0.9989690510
1.0025940127
0.9978472847
