#flux
0.9311826885
0.9403756164
0.9637700093
0.9670274734
0.9446906025
0.9395166407
0.9531293118
0.9586511630
0.9634783182
0.9855953626
1.0101695434
1.0104470343
0.9892628843
0.9859558492
0.9915369125
0.9808569160
0.9652042573
0.9577198070
0.9480289280
0.9462431072
0.9712814608
0.9684177082
0.9610025984
0.9664592683
0.9665633582
0.9500063466
0.9322418266
0.9329830015
0.9549614385
0.9726255546
0.9634680346
0.9586777448
0.9810618021
0.9707964551
0.9664416990
0.9755141359
0.9661671469
0.9772862204
0.9643786931
0.9565231304
0.9719608164
0.9864376117
0.9774070398
0.9693280716
0.9788136127
0.9762685308
0.9467783094
0.9465993902
0.9686643196
0.9750627590
0.9730085464
0.9659020369
0.9784833214
0.9908912379
0.9770045502
0.9555660305
0.9591134205
0.9672623816
0.9604269322
0.9577000862
0.9626233103
1.0007614629
1.0284745980
1.0199802748
1.0019022611
0.9819416957
0.9521591749
0.9446781907
0.9499244107
0.9372544143
0.9227200895
0.9222999838
0.9345267283
0.9496601176
0.9601396133
0.9622502445
0.9599848083
1.0136234602
0.9919241813
0.9781171382
0.9666578923
0.9401422137
0.9236981492
0.9377514684
0.9567060710
0.9596073432
0.9496116174
0.9293599713
0.9056582270
0.8858454731
0.8722457853
0.8701850256
0.8769090729
0.8798196027
0.8791650074
0.8981719988
0.9392414618
0.9394493599
0.8991306949
0.8811212971
0.8519782295
0.8429424160
0.8713487442
0.8851171517
0.9125572491
0.9288309012
0.9349200113
0.9475733234
0.9596197406
0.9527401928
0.9299365541
0.9154493461
0.9180008338
0.9282082929
0.9413781864
0.9387585468
0.9461902535
0.9537728054
0.9239308891
0.9141956284
0.9151864642
0.9024064809
0.9009480324
0.9317548993
0.9457493709
0.9459715410
0.9583033986
0.9615768561
0.9457102571
0.9340487333
0.9386311969
0.9467053879
0.9406810515
0.9308024194
0.9468677393
0.9598545218
0.9354250198
0.9449520255
0.9602782376
0.9483857599
0.9433784468
0.9498100782
0.9492413116
0.9645570225
0.9691276500
0.9707012954
0.9636274762
0.9487271891
0.9458023408
0.9436209855
0.9281609751
0.9216334213
0.9226056380
0.9148650902
0.9210987001
0.9020090267
0.8797103923
0.8913944132
0.8773559510
0.8549207634
0.8507021211
0.8571848290
0.8653329198
0.8745678805
0.8796474077
0.8976758756
0.8975537825
0.8986685422
0.9061105194
0.9089994487
0.9106853133
0.8989296433
0.8719572927
0.8471030287
0.8271089499
0.8074857776
0.8136944032
0.8302360898
0.8521196084
0.8544743296
0.8313141136
0.8311339697
0.8498711908
0.8497415532
0.8632215436
0.8699181586
0.8617475118
0.8445908236
0.8319194455
0.8276271275
0.8159311799
0.8004230831
0.8057362818
0.8126073519
0.7945906519
0.7901736195
0.7660518392
0.7204417543
0.6914163795
0.6787563574
0.6591387780
0.6111642679
0.5604717780
0.5220615028
0.4765242223
0.4291622746
0.3792814784
0.3259372714
0.2863731229
0.2693597271
0.2598541523
0.2469413312
0.2380507107
0.2400516312
0.2496261593
0.2513187427
0.2412731795
0.2601403918
0.2692251119
0.2807606786
0.3185921222
0.3528545187
0.3843890615
0.4271290047
0.4856340559
0.5385524675
0.5623857964
0.5970874980
0.6524219029
0.6842155249
0.6921422592
0.7114585842
0.7379423867
0.7589319174
0.7752484666
0.7921887750
0.8002475924
0.7893666977
0.7981991762
0.8312323865
0.8452723304
0.8519762095
0.8419129757
0.8430265365
0.8456524654
0.8356032736
0.8245339308
0.8224240235
0.8234586419
0.8374562460
0.8764223461
0.8960584819
0.8769065720
0.8865669670
0.8929063261
0.8911855329
0.8822046787
0.8594135842
0.8417480577
0.8635458165
0.9135976133
0.9183927385
0.9347162032
0.9207320031
0.8966430384
0.8988508103
0.9066035058
0.8988450442
0.8989068449
0.9235579249
0.9433514446
0.9419476114
0.9387341825
0.9434547096
0.9602322202
0.9307958630
0.9440563062
0.9650675621
0.9535067629
0.9422702796
0.9439241818
0.9327550130
0.9274238970
0.9466108864
0.9512493674
0.9359647614
0.9245991088
0.9272884457
0.9260679712
0.9278246559
0.9424912962
0.9399783152
0.9248638099
0.9434519599
0.9570175161
0.9582127740
0.9704870047
0.9620884274
0.9329142087
0.9735607646
0.9977481096
0.9690567356
0.9398783638
0.9342207819
0.9612032304
0.9881189224
0.9593484013
0.9518590542
0.9688003354
0.9738328966
0.9786899297
0.9757021883
0.9480424186
0.9261276932
0.9236594238
0.9175172666
0.9225068000
0.8936017030
0.8513428804
0.8405540919
0.7946479316
0.7937796683
0.8217191164
0.8776777423
0.9241116467
0.9351659369
0.9597921435
1.0037735413
1.0100856851
0.9813491985
0.9653963233
0.9678947745
0.9634472385
0.9556044610
0.9733551824
0.9852856139
0.9850777928
0.9869604374
0.9726267046
0.9504462314
0.9675864163
0.9482011509
0.9511664068
0.9597919241
0.9601391624
0.9515862754
0.9455757664
0.9535319365
0.9689477706
0.9775825819
0.9788416320
0.9706080348
0.9518498421
0.9492825526
0.9703450050
0.9789513516
0.9932652707
0.9985707513
0.9821962113
0.9595895587
0.9513075599
0.9534849231
0.9696201374
1.0124472808
1.0143387640
1.0071405126
0.9878392367
0.9593051352
0.9539173851
0.9619152351
0.9639895132
0.9760935518
0.9947779652
0.9821065051
0.9476660362
0.9550143168
0.9804920869
0.9393331849
0.8835891313
0.8800758531
0.8700078577
0.9064555197
0.9205141119
0.9352684386
0.9526906705
0.9562941999
0.9620795149
0.9650051149
0.9705621203
0.9701784325
0.9592518384
0.9592043650
0.9701445356
0.9705681239
0.9730841928
0.9821272190
0.9656733649
0.9441525892
0.9356222228
0.9112880759
0.9209465863
0.9303876942
0.8891818127
0.8824267112
0.8956463648
0.9319446942
0.9490874440
0.9517965625
0.9616517725
0.9755910351
0.9886872225
0.9986918495
0.9835604124
0.9362113014
0.8873013793
0.8371900398
0.8164351666
0.8235615032
0.8371782209
0.8381271511
0.8938826713
0.9760249277
1.0023844399
0.9841756727
0.9741049499
0.9597409728
0.9566602299
0.9592052340
0.9706141473
0.9728574075
0.9732237270
0.9829407070
0.9864056248
0.9852655137
0.9775185902
0.9587281241
0.9387689523
0.9440246074
0.9669624761
0.9391206506
0.9485467030
0.9619436254
0.9637631059
0.9932387067
0.9803418115
0.9533842851
0.9626642782
0.9971580273
1.0191574224
1.0152128665
1.0001036029
0.9939571077
1.0036340617
1.0174591960
1.0002804832
0.9431534780
0.9551803111
0.9831566185
0.9838227855
0.9857623488
1.0010219774
1.0017576837
1.0118671863
1.0236993226
0.9991002841
1.0033163176
1.0081186799
0.9922392352
0.9809138637
0.9874194972
0.9974129697
0.9959218911
0.9930977608
0.9975423078
0.9892190396
0.9820248206
0.9998963363
1.0136164511
0.9989774738
1.0105404433
1.0026581927
0.9940808859
1.0111630876
1.0101334574
0.9911956030
0.9981462141
0.9935932142
0.9903872451
0.9891526992
0.9762376398
0.9680154585
0.9749893552
0.9853509766
0.9812878000
0.9641632428
0.9860702102
1.0144634156
1.0276944339
1.0025739637
0.9786064218
0.9778831234
1.0012095972
1.0014060356
0.9847366009
0.9701178858
0.9592630330
0.9883369973
1.0228053078
1.0100346131
0.9757551709
0.9655858029
0.9706582050
0.9691128837
0.9736407341
0.9867439367
0.9800340728
0.9634509298
0.9440232577
0.9382163636
0.9442886091
0.9210760656
0.9462720983
0.9716299731
0.9720966966
0.9828287638
1.0015178767
0.9966132958
0.9740938698
0.9683756065
0.9827383439
0.9992121535
1.0093159309
1.0140370377
1.0114613836
0.9994833934
0.9993722329
1.0270780789
1.0043543149
0.9939133101
0.9750027163
0.9633348214
0.9620300977
0.9935428793
1.0086085687
1.0052499570
1.0021088390
0.9945980618
0.9812375027
0.9801916410
0.9923116285
0.9969027946
0.9973216005
1.0028220109
1.0034130527
0.9974715989
0.9819899263
0.9637493998
0.9731066747
0.9776196889
0.9883956878
0.9936472388
0.9712051620
0.9559284219
0.9725042203
0.9834059587
0.9741097876
0.9826927680
0.9802307445
0.9898643866
1.0082557900
1.0153417295
1.0022198837
0.9863272838
0.9880095972
0.9970347477
1.0083438076
0.9953643482
0.9725011155
0.9866090056
1.0185172658
1.0207604902
1.0174996616
1.0242905192
1.0219067703
1.0301306702
1.0064683147
0.9964992553
0.9817105905
0.9767480407
0.9888759772
1.0039751816
1.0157548225
1.0115368862
0.9887214707
0.9887183527
1.0160676175
1.0065480596
1.0128485832
1.0401960209
1.0277219459
1.0150711773
0.9967403176
0.9590471653
0.9192554823
0.8911799444
0.8774136924
0.8937351498
0.9227679525
0.9359205813
0.9373404459
0.9521674993
0.9882078834
1.0145601733
1.0010974135
0.9839756650
0.9992600890
0.9848929167
0.9787243993
0.9941687515
1.0178554285
1.0053717237
1.0151564875
1.0264777371
1.0191693646
0.9948253921
0.9819598524
0.9883056833
0.9794655920
0.9752424330
0.9870180062
0.9926676045
0.9987058276
0.9915851770
0.9717782224
0.9848932649
1.0055067760
1.0255930076
1.0190712044
1.0119681370
1.0134526356
1.0124648811
1.0113958660
1.0032322518
0.9809447524
0.9717725224
0.9942246068
1.0093556218
0.9970325210
0.9949054726
1.0044604602
1.0017831245
0.9865911891
0.9893262641
1.0150275507
1.0288030478
1.0155366670
0.9843151991
0.9846094938
1.0181602221
1.0414815622
1.0384389801
1.0189039504
1.0061259852
0.9849535672
0.9829547820
1.0035311150
1.0073520526
1.0008709094
0.9932439630
0.9956666605
1.0019011269
1.0109690928
1.0210787230
1.0235949440
1.0213471176
1.0190723347
1.0164693647
1.0006166705
0.9831596732
0.9998692917
0.9972649775
0.9870773563
1.0003658601
1.0091083978
0.9907767404
0.9832544659
0.9923286559
0.9993540170
0.9890282265
0.9690396184
0.9778282272
1.0102606240
1.0280698618
1.0204763049
1.0073289535
1.0122911540
1.0198562135
0.9935345425
0.9803435368
1.0021919190
0.9921003068
0.9836535120
1.0050992405
1.0066724891
0.9991365042
0.9828078333
0.9595119330
0.9529366139
0.9552357930
0.9451163776
0.9112229132
0.8632768095
0.8302256730
0.8086916088
0.7575960753
0.7013063690
0.7247756070
0.8049740704
0.8804182966
0.9211874392
0.9777103067
0.9908794136
0.9444529473
0.9599909391
0.9939128649
1.0042267849
0.9828210156
0.9490734185
0.9015845426
0.8410680425
0.7899332229
0.7711081542
0.7844230901
0.8165025322
0.8575391618
0.8960192167
0.9286773451
0.9763462180
1.0125357267
1.0154895315
0.9855971714
0.9799966110
0.9785611827
0.9891823402
0.9931433701
1.0008386196
0.9945407093
0.9727939408
0.9744416080
0.9875380866
0.9860233328
0.9698101048
0.9582356322
0.9698270596
0.9905004157
0.9907972500
0.9808331591
0.9678255347
0.9618318516
0.9789612420
0.9773483971
0.9706315025
0.9570737982
0.9711256810
0.9855228934
0.9970877311
0.9965837374
0.9985079685
0.9935853712
0.9932452586
1.0047330544
1.0021185888
0.9834408040
0.9791147756
0.9914775668
1.0070002137
1.0273370803
1.0242323152
1.0079756512
0.9990072883
1.0219321879
0.9924859656
0.9858498730
0.9928147640
1.0072069773
1.0020295135
0.9747134339
0.9669988963
0.9850195552
0.9767875307
0.9467588937
0.9173845128
0.8986592759
0.9022789122
0.9198799090
0.9329385981
0.9554968523
0.9922289575
1.0114892088
1.0128830737
1.0030431329
1.0169066146
1.0287153198
1.0361694682
1.0315410756
1.0041122668
0.9811878970
0.9541819114
0.9466916334
0.9602758044
0.9657345044
0.9699442996
0.9771693417
0.9751678084
0.9714007455
0.9785476226
0.9894625600
0.9854810861
0.9817140171
0.9984445407
1.0006807205
1.0432700166
1.0371224282
1.0204869505
1.0297364607
1.0413699940
1.0222363821
0.9962918829
0.9937027228
1.0258699109
1.0305990694
1.0063523870
0.9943920428
0.9912532981
0.9920969634
1.0009187495
0.9927528525
0.9883794448
0.9966308947
0.9944282480
0.9973557458
0.9962795928
0.9790237159
0.9996961901
1.0143727517
1.0160147852
0.9997837020
0.9856367652
0.9884920487
0.9962975092
1.0096932033
1.0104619671
1.0082418470
0.9969977708
0.9825963068
1.0014836377
1.0139769216
1.0113527059
1.0162804379
1.0287740605
1.0003185327
0.9815766342
1.0282610231
1.0516473953
1.0137880158
0.9984158947
1.0150731411
1.0237203683
1.0391294229
1.0304209474
1.0278149359
1.0259780045
1.0099002785
1.0081277461
1.0232484216
1.0239741585
1.0161237819
1.0220430679
1.0387471429
1.0183597784
1.0319834124
1.0110245311
0.9798995369
0.9948911921
1.0058529302
1.0222909384
1.0251488361
1.0205762487
1.0160254979
1.0050913402
0.9976468557
0.9975193702
1.0011052422
1.0145390163
1.0273694646
1.0257917542
1.0274002339
1.0232780055
1.0017151776
1.0037383821
1.0092392200
1.0143063629
1.0004326595
1.0012402348
1.0088675044
1.0109015846
0.9812084900
0.9489414260
0.9191797806
0.8985987980
0.9000577025
0.9290162399
0.9610948225
0.9653697194
0.9597688344
0.9774426076
0.9941858136
0.9902952726
1.0019309970
1.0000034934
0.9744995727
0.9930189274
1.0074141642
1.0236513266
1.0120550044
0.9977323412
0.9786066074
0.9876873360
0.9916311785
1.0018077913
0.9902589583
0.9671828175
0.9696634025
0.9748740743
0.9700486042
0.9697237342
0.9507008868
0.9434602185
0.9763355236
0.9817532127
1.0006357285
1.0002045237
1.0299657557
1.0163549527
1.0077627296
1.0034119243
0.9935713511
0.9790200059
0.9639899934
0.9640065200
0.9762893954
0.9860506304
0.9886508325
0.9938573427
1.0022411504
1.0066457998
1.0125067921
1.0178257680
1.0085681572
0.9916899045
0.9789549060
1.0007992090
1.0112104520
1.0370830426
1.0092675196
0.9817930711
0.9531094914
0.9416686531
0.9567651520
0.9862053379
1.0079234663
0.9974386765
0.9817082607
0.9959974240
1.0068004326
0.9823881561
0.9671617117
0.9818390234
0.9893089646
0.9950382605
0.9693384502
0.9434340749
0.9254397506
0.8627900004
0.8259381921
0.8203754631
0.8301551808
0.8710027231
0.9108904743
0.9452665773
0.9535748264
0.9667401502
0.9708993642
0.9719052691
0.9769232338
0.9756837953
0.9899751168
1.0079487970
1.0303049482
1.0130673638
0.9810205307
0.9653285253
1.0022659889
1.0008519287
1.0013122731
0.9956021668
0.9885550539
0.9948877934
0.9980669337
0.9880006982
0.9891105793
1.0065860251
0.9989452090
0.9739324276
0.9721250474
0.9859988234
0.9938730903
0.9948335993
0.9836414339
0.9802951527
0.9937623884
1.0178978541
1.0307060497
0.9987852753
0.9806156668
0.9949335020
1.0033025392
0.9880457342
0.9848441556
0.9841915549
0.9955512199
1.0022579336
1.0049013140
1.0065564469
1.0093336522
1.0084810462
0.9908217381
0.9770218938
0.9819049544
0.9999039273
1.0335722141
1.0546610685
1.0440872866
0.9953242400
0.9871132637
0.9916610145
0.9904374579
1.0071614772
1.0107552658
1.0149970960
1.0187426402
1.0241204958
1.0300848169
1.0221786057
1.0171836986
1.0169068201
0.9939739966
0.9767371494
0.9827924698
0.9946037007
0.9818829825
0.9700848082
0.9976682353
1.0079813739
0.9888708264
0.9850638349
0.9910863750
0.9921024237
0.9945829983
0.9950361937
0.9872335066
0.9911410091
1.0031950709
1.0074129275
1.0015688667
0.9966804152
0.9930152033
0.9771485071
0.9676658518
0.9797224140
1.0001149392
1.0419865190
1.0286703038
0.9784278255
1.0021311212
0.9603042532
0.9771354320
1.0025031469
0.9896361141
1.0091308708
1.0326821181
1.0230361636
1.0105626101
1.0074889245
1.0030023391
0.9957509497
0.9940876139
1.0036372592
0.9999944069
0.9992811878
1.0226991761
0.9995629754
0.9839356105
0.9838428446
0.9963811011
1.0044907395
0.9949629259
1.0042481580
1.0198728060
1.0066551578
0.9984550583
1.0043605242
1.0076952853
1.0158442645
1.0113547168
0.9893785731
0.9892295903
0.9998687350
0.9921003809
0.9991404961
1.0130503322
1.0095840196
1.0022768805
1.0146366848
1.0063133878
0.9829499351
0.9901534635
0.9880130135
0.9883102920
0.9959012631
0.9945262208
0.9873448733
0.9784656738
0.9839466307
0.9978935494
1.0081680081
1.0167641546
1.0117539477
0.9970458927
0.9914887951
0.9946702310
0.9779199429
0.9729425420
0.9938159545
1.0243979584
1.0325466320
1.0173132098
1.0073358485
1.0111306592
1.0030985132
1.0116311432
1.0123514704
1.0072058686
0.9890360296
0.9633929296
0.9504415581
0.9562755283
0.9727521116
0.9800863899
1.0025080158
1.0025237882
1.0295869037
1.0137336564
0.9802939414
0.9931083608
1.0391545845
1.0435694532
1.0149933526
0.9906719425
0.9882202631
1.0150038299
1.0158483457
1.0121662179
1.0149718824
1.0121946590
1.0118855084
1.0196334670
1.0249764504
1.0162597133
1.0112371455
1.0324890631
1.0316010262
1.0184917070
1.0103609367
1.0238853877
1.0051624733
0.9933968153
1.0234903878
1.0184974098
1.0055095044
1.0086141645
1.0139313945
1.0075156581
1.0097220394
1.0125875859
1.0059337073
1.0148944597
1.0268261552
1.0138986701
1.0198018576
1.0211798511
0.9931434149
0.9786698916
0.9939238453
1.0247953677
1.0207806474
1.0104927591
1.0015538494
1.0048970124
1.0167631639
0.9996146658
0.9854856314
0.9939493016
1.0042124193
0.9973157732
0.9924223499
1.0006544275
0.9977256937
0.9871514634
0.9921479098
1.0072684245
1.0017248971
1.0085720278
0.9953295804
0.9743502427
0.9832506483
0.9825659382
0.9696469784
0.9822931557
0.9994515537
0.9821483404
0.9712817269
0.9794756107
0.9841905864
0.9889815332
1.0015296555
1.0126480971
1.0119147866
0.9991379099
0.9998698961
1.0071267365
1.0088660481
0.9965123823
0.9775948704
0.9799297114
0.9872950394
0.9974425753
0.9858446586
0.9624490701
0.9636915952
0.9759545127
0.9678726737
0.9669465449
0.9946264559
1.0191734441
1.0174369762
1.0120351164
1.0222689910
1.0319316911
1.0230042927
1.0029387558
0.9874922410
0.9852730698
0.9837557117
0.9930499905
1.0017729481
0.9802689821
0.9691249463
0.9891130480
0.9998832992
0.9883893965
0.9752537462
0.9792770601
1.0039444683
1.0256255257
1.0199295524
1.0011684348
0.9908393649
0.9795621882
0.9742698022
0.9928031030
0.9985440883
0.9826005437
1.0148839031
1.0428440026
1.0192617631
1.0155756066
0.9964844559
0.9743774424
0.9606481953
0.9412868036
0.9344523228
0.9196120482
0.9014573429
0.9146458798
0.9604577736
1.0001975512
1.0052617586
0.9931967216
0.9956600914
0.9934896984
0.9857949565
1.0072603007
1.0092616016
1.0132227884
1.0006001781
0.9772179021
0.9736711650
0.9673286653
0.9915063856
1.0080590570
1.0142850216
1.0130477741
1.0002116053
0.9907569756
1.0012715302
1.0143255682
1.0096986193
1.0006704856
1.0026322364
1.0150804080
0.9978259100
0.9764105318
0.9904950905
1.0088338684
1.0253651174
1.0170748616
0.9881402906
0.9869258029
1.0058861180
1.0132883046
1.0078419951
0.9936053506
0.9986475502
0.9993401709
0.9939694728
1.0042469455
1.0196896334
1.0195539236
0.9855948509
0.9726144504
0.9870128913
0.9737344876
0.9805852400
0.9817074929
0.9922243272
1.0078613602
1.0032071300
0.9834884611
0.9638442274
0.9823108263
1.0169243934
1.0023642382
0.9810237867
0.9805799732
0.9796513204
0.9904255260
0.9959530228
0.9634213000
0.9550042732
0.9690422913
0.9904796022
0.9830334899
0.9691883959
1.0035099030
0.9772282899
0.9935290364
0.9894459542
0.9790241323
0.9674776505
0.9514392658
0.9585209599
0.9645810170
0.9602634035
0.9535438719
0.9526377832
0.9709983643
1.0063610998
1.0171661672
0.9929591847
0.9968524323
0.9846764135
0.9750887697
0.9727092764
0.9866569685
1.0072909899
0.9903133124
0.9679804444
0.9365457106
0.9223104470
0.9248898293
0.9131229461
0.8881168582
0.8580383277
0.8297337964
0.8216904385
0.8368070732
0.8529319405
0.8681231087
0.8881361853
0.8876305760
0.9035723990
0.9204287283
0.9221773023
0.9300741907
0.9530382398
0.9893195789
1.0006487000
0.9699410726
0.9408445777
0.9568832231
0.9857974738
0.9874800310
0.9792045400
0.9553643821
0.9514132994
0.9626935916
0.9518725930
0.9613576302
0.9903306300
0.9859620721
0.9936191204
0.9929070138
0.9858171108
0.9956460631
0.9853454071
0.9804898365
0.9865374489
0.9526093313
0.9396238011
0.9739231635
1.0167933462
1.0129515211
1.0115152524
0.9930364551
0.9675836392
0.9694862681
0.9824084758
0.9851486094
0.9788295570
0.9904502715
0.9814391274
0.9810151814
0.9903977669
0.9985248103
1.0042441460
0.9936040860
0.9877631555
0.9785737313
0.9957725612
1.0019772756
0.9899012712
0.9864072577
0.9911977676
0.9885288162
0.9852745020
1.0024985577
1.0217185818
1.0172650239
1.0158513041
1.0161235508
0.9900630380
0.9875326893
0.9915059155
0.9851805883
0.9824637361
0.9819368769
1.0032937100
0.9951233243
1.0070920001
0.9834657520
0.9855626917
0.9877370267
0.9790672378
0.9870759112
1.0120751809
1.0172788971
1.0078401338
1.0063133918
0.9916529905
0.9788553581
0.9704214773
0.9531160606
0.9726529664
0.9977457341
1.0253073189
1.0291894544
1.0125809029
0.9944403072
0.9969328615
1.0022998942
0.9881236867
0.9885366866
0.9671865358
0.9312822420
0.9312408865
0.9521356888
0.9481464930
0.9437085375
0.9694866943
0.9805310308
0.9805492936
0.9805936716
0.9653068781
0.9600113208
0.9884727474
1.0200535879
0.9975262826
0.9864735087
0.9760203032
0.9876236264
0.9916336488
0.9857415799
0.9959010594
1.0023057612
1.0007839826
1.0166528391
1.0284842942
1.0110304379
0.9907863999
0.9800978557
0.9926951044
0.9806111955
0.9648145120
0.9838641100
1.0042441757
0.9681588401
1.0070618714
1.0107388385
1.0096336228
1.0070420126
1.0251634563
1.0143408105
1.0022509626
1.0086369822
1.0026459415
0.9959587674
0.9922304175
0.9834761351
0.9962352705
0.9969805869
0.9765898449
0.9728753503
0.9769665245
1.0059574934
1.0157481007
1.0100439638
0.9879975690
1.0068591324
1.0002046307
0.9792843418
0.9590730181
0.9724518278
0.9644957568
0.9446351530
0.9245899133
0.8851916311
0.8445882372
0.8228326227
0.7878064441
0.7371127162
0.7326668929
0.7847284724
0.8645857846
0.9276169938
0.9451643816
0.9543005993
0.9649826446
0.9805122953
0.9814691188
0.9612336008
0.9514373319
0.9592936812
0.9926650984
1.0064625059
0.9994527191
0.9844962021
0.9866590065
1.0035461490
0.9980914765
0.9970198554
0.9944318214
0.9928841336
0.9586569805
0.9508728598
0.9517883404
0.9410099373
0.9492542463
0.9789898270
1.0026033855
1.0096609490
1.0070731525
0.9956991563
0.9922399778
1.0092132937
1.0230346917
1.0068806903
0.9784606344
0.9828938632
1.0069559548
1.0064903676
1.0188226836
1.0150145244
1.0102578319
0.9812163311
0.9993714912
0.9905417917
0.9921342222
1.0266208980
1.0465684044
1.0599785382
1.0002590810
0.9718907699
0.9747745220
0.9724661788
0.9774435457
0.9830202313
0.9739193242
0.9691890969
0.9778773968
0.9838451470
0.9961131903
1.0219589412
1.0117624215
0.9814862993
0.9957004879
1.0117395191
0.9600702162
0.9786451171
1.0006266690
0.9992575662
0.9984477527
0.9889258095
0.9630453691
0.9530987234
0.9653955740
0.9607923248
0.9445615539
0.9458394238
0.9565943809
0.9720600252
0.9948430290
1.0346611861
1.0610129956
1.0367654763
1.0064245909
0.9988373347
1.0136616229
1.0122445859
1.0095330302
1.0163701137
0.9927485412
1.0030219739
1.0095324901
0.9939841163
0.9901897589
0.9878815789
0.9879086791
0.9962145680
0.9872238784
0.9765856912
0.9846338534
0.9971943387
1.0163954981
1.0047564917
0.9881838899
1.0180904180
1.0172959426
1.0026654896
0.9811048691
0.9794800842
0.9971134684
0.9904846077
0.9790135189
0.9829016858
0.9876065053
0.9760034780
0.9811277403
0.9914093785
0.9879920948
1.0088476470
1.0051279591
1.0064704561
1.0040682933
0.9813826532
0.9844907063
0.9884377263
1.0072055003
1.0011608526
0.9751973404
0.9795434307
1.0095496826
1.0091921362
1.0160036639
1.0204289928
1.0027730384
0.9903983975
1.0199986253
1.0436157650
1.0223074758
1.0107494295
1.0105062221
1.0120805168
0.9868350712
0.9868073547
0.9879162090
0.9708942005
0.9808208170
1.0050840703
0.9990158776
0.9738757192
0.9470551517
0.9518971449
0.9833887207
0.9993236221
0.9761153856
0.9582747345
0.9596840164
0.9888315926
1.0315400368
1.0317436581
1.0237614471
1.0081464040
1.0176720657
1.0172581571
0.9937749902
0.9928523951
0.9814759522
0.9697047055
0.9865027448
0.9795164957
0.9899920130
1.0151288427
0.9816034689
0.9944363642
1.0282424398
1.0260826349
0.9986810664
0.9894751983
1.0129695076
1.0276551731
1.0210933192
1.0176631112
1.0138338262
0.9965493497
0.9909646417
0.9845978833
0.9648331853
0.9603390296
0.9888744188
1.0030947473
1.0159464515
1.0169666289
0.9989078315
1.0025337217
1.0029023643
0.9894684995
0.9986777594
1.0011409053
0.9885394376
1.0050771024
1.0054625315
1.0063825249
0.9965914066
0.9835128357
1.0107376298
0.9776304973
0.9758798735
0.9881732171
1.0031710597
1.0201049987
1.0186098490
1.0211046330
1.0151487345
1.0149654458
1.0139838594
1.0091471255
0.9915471572
0.9640595806
0.9568139428
0.9786360061
0.9978884453
0.9950864793
0.9959121263
0.9894636572
0.9956246006
1.0105652618
0.9859133271
1.0160911240
1.0141584936
0.9905443737
1.0173212348
1.0171544833
1.0061530977
1.0055984400
1.0039698003
0.9972291918
0.9931289851
0.9997187025
1.0171021165
1.0247502136
1.0098616536
0.9964822287
0.9809990462
0.9834514739
0.9937360379
0.9665727967
0.9845017106
1.0014467059
0.9865139787
0.9857023767
0.9876246351
0.9965481852
0.9868774174
0.9559232529
0.9624996944
0.9903450894
0.9821980926
0.9693964330
0.9904392684
0.9994764127
0.9856120357
1.0003338917
1.0250222160
1.0282237103
1.0111341572
0.9842673703
0.9965805291
0.9949731650
1.0046546414
0.9826283359
0.9749783011
0.9843855121
0.9958164653
0.9985359679
1.0107012405
1.0145590637
1.0002329116
0.9870133733
0.9836107918
0.9962651939
1.0261368097
1.0376727723
1.0263868975
1.0027714922
1.0125939381
1.0161855130
0.9872247216
0.9819478283
0.9898525274
0.9806417052
0.9854885950
0.9846164758
0.9975525749
0.9841947660
0.9709559985
0.9761587434
0.9916266813
1.0088973162
1.0137998182
1.0045687039
1.0033562921
1.0146197318
1.0134443853
0.9804725808
0.9828665167
0.9957890917
1.0207019224
0.9851621430
0.9967093522
1.0006787410
1.0040790203
0.9999132691
0.9746521228
0.9958256494
1.0059683269
0.9947657016
0.9869295945
0.9935146603
1.0047840398
0.9927405188
0.9669077775
0.9637912620
0.9637851150
0.9380592763
0.9002784620
0.8598171498
0.8245503244
0.7736076579
0.7308515807
0.7356821740
0.7517464477
0.8069461453
0.8768170978
0.9142816845
0.9453219758
0.9755321968
0.9869976591
0.9860742932
0.9813771259
0.9850089933
1.0101245202
1.0173878122
0.9967379820
1.0149192196
1.0136036215
1.0075971283
0.9839031028
0.9993945885
1.0002907630
0.9879609361
0.9730268778
0.9743899149
0.9988867162
1.0059451731
0.9868912046
0.9523200524
0.9438018007
0.9728482834
0.9955018331
0.9843495325
0.9690679569
0.9749800858
0.9730097749
0.9770636735
1.0095622680
1.0154299153
0.9582953566
0.9921073037
1.0017384170
1.0031719133
0.9781835050
0.9611403743
0.9757255058
0.9915729690
0.9898266629
0.9769081613
0.9662398056
0.9782819098
0.9968706172
0.9994029471
0.9948585960
0.9786368639
0.9728524956
0.9809364111
0.9858893240
0.9620294207
0.9710938587
0.9935750225
1.0286863809
1.0005615823
0.9800840908
0.9961646889
1.0038322531
0.9936968071
0.9706000682
0.9777656982
0.9869356936
0.9531945976
0.9229949129
0.9408404026
0.9680770966
0.9843354538
1.0012050416
0.9909085287
0.9823318642
0.9871488727
0.9921790902
0.9907993117
0.9832557032
0.9491421041
0.9490044926
0.9699638451
0.9812859037
0.9753542037
0.9847207305
0.9832616441
0.9856802471
0.9895838472
0.9860940370
0.9900232824
0.9936371885
0.9940638061
1.0026008077
1.0158421076
1.0101204597
0.9955473474
0.9651369031
0.9640265114
0.9781081740
0.9741551605
0.9777464024
0.9746580770
0.9627942168
0.9834370485
1.0110087548
1.0003337100
0.9788878734
0.9875271377
1.0058745699
1.0176445690
1.0174727661
0.9915853484
0.9983313837
1.0127974379
1.0140815770
1.0037990088
1.0070955271
1.0177793639
0.9972150087
0.9829019030
0.9831804023
0.9973478820
0.9874411717
0.9723516687
0.9684747379
0.9786858944
0.9871295007
1.0048822909
1.0113432421
1.0044480189
1.0205782567
1.0259010472
1.0019802862
0.9730877102
0.9504886900
0.9523840674
0.9726000324
0.9690370304
0.9657886780
0.9635448442
0.9528663890
0.9562915969
0.9554617490
0.9684522961
0.9780981730
0.9831738954
0.9926164049
0.9761003028
0.9645514569
0.9857028032
0.9828980076
0.9632888385
0.9759173126
0.9731397398
0.9776736295
0.9882407724
0.9866589427
0.9920589561
0.9918624954
1.0095513765
0.9874444838
0.9526699594
0.9561957742
0.9863991965
0.9868786587
1.0164468113
1.0307165687
1.0044839458
0.9946960747
1.0037458774
0.9953729135
0.9887758447
1.0005623951
1.0074719565
1.0060809745
0.9853687416
1.0047142192
1.0195661787
1.0238775611
1.0228929515
1.0000912454
1.0037156163
1.0277843320
1.0188788176
1.0033612077
0.9985959468
0.9920321019
0.9783092701
0.9783865239
0.9946483231
0.9942191162
0.9777867551
0.9804306448
