#flux
0.9911776778
0.9917371273
0.9857482072
0.9742743195
0.9826892973
0.9873582649
0.9920493957
0.9815080902
0.9755341038
0.9692115344
0.9744102633
0.9875062910
0.9831359359
0.9821316122
0.9882187388
0.9893089117
0.9879851903
0.9948837133
1.0030004082
1.0005191475
0.9907740248
0.9828897367
0.9733065570
0.9627942773
0.9667425618
0.9743293939
0.9772692253
0.9815012486
0.9781348151
0.9718598501
0.9706874989
0.9708091981
0.9790721710
0.9869245568
0.9954852953
1.0134959025
1.0180714669
1.0148855932
1.0031909723
0.9816094826
0.9696094714
0.9687225018
0.9644774896
0.9574197760
0.9533712751
0.9594600934
0.9538068040
0.9493455673
0.9530428139
0.9470959700
0.9324421262
0.9438137413
0.9359243591
0.9447184858
0.9593069442
0.9695858137
0.9693708196
0.9678480681
0.9702497770
0.9707464279
0.9677488735
0.9586875424
0.9500776819
0.9544437964
0.9604916338
0.9579728537
0.9595351334
0.9506439871
0.9487628270
0.9575342048
0.9337385830
0.9251940939
0.9186000211
0.9328090571
0.9464667861
0.9514620852
0.9537211733
0.9553661292
0.9588261791
0.9628905770
0.9556197413
0.9488841524
0.9506309679
0.9484654929
0.9475393045
0.9484478851
0.9344396535
0.9139913987
0.8927703456
0.8674372116
0.8564959912
0.8635639843
0.8658539636
0.8775919972
0.8938530102
0.9110684553
0.9242951006
0.9228701946
0.9100174731
0.9027520869
0.9039679970
0.9060942035
0.9133944214
0.9252813451
0.9296315854
0.9263418358
0.9207573798
0.9305970268
0.9488341897
0.9567804921
0.9609961024
0.9564337681
0.9369583398
0.9176823836
0.9127920779
0.9264611771
0.9317379647
0.9289245522
0.9313199946
0.9354904853
0.9350646146
0.9363438497
0.9421774629
0.9429267365
0.9352527240
0.9311491936
0.9358177244
0.9374554630
0.9404406763
0.9460400300
0.9381827023
0.9270601820
0.9200837611
0.9181028896
0.9165949199
0.9197314063
0.9167217869
0.9130719452
0.9116215375
0.9131376932
0.9216073689
0.9245775225
0.9185220814
0.9102651953
0.9074539601
0.9153250192
0.9166866224
0.9035493775
0.8942743452
0.9067322628
0.9190383422
0.9017437278
0.9024222348
0.8909300844
0.8864497154
0.8798150841
0.8749443059
0.8691803127
0.8643743511
0.8635538323
0.8610391672
0.8501665998
0.8408624233
0.8444301735
0.8528296874
0.8576611505
0.8638552011
0.8668392915
0.8636462804
0.8616527748
0.8615187839
0.8557659612
0.8406017362
0.8216648540
0.8163269023
0.8186629057
0.8248353348
0.8174231706
0.8094952766
0.8109377470
0.8142942082
0.8120655692
0.8058308512
0.7992726684
0.8016559096
0.8054555381
0.7946294973
0.7929143393
0.7967953654
0.7964992935
0.7869007161
0.7740811111
0.7644257521
0.7591553345
0.7580173289
0.7439083558
0.7258193418
0.7237280477
0.7106901418
0.6935071672
0.6686602304
0.6344436911
0.5943051338
0.5473826665
0.4988172164
0.4557743193
0.4183585692
0.3862838976
0.3548304797
0.3370121027
0.3215222660
0.3056424348
0.2909928233
0.2823813689
0.2821671871
0.2844610818
0.2889120570
0.3023707053
0.3102505128
0.3279592771
0.3601363031
0.3958737541
0.4293415528
0.4623390183
0.4972658157
0.5356160826
0.5783113625
0.6224449641
0.6589450029
0.6800052328
0.6895249651
0.6989721441
0.7167123982
0.7318071413
0.7396417596
0.7437108009
0.7472722613
0.7552211615
0.7688393104
0.7759603421
0.7734447513
0.7788007153
0.7908278715
0.7920268715
0.7937290349
0.8089689267
0.8204957959
0.8206510687
0.8196984057
0.8166170140
0.8087714680
0.8108608910
0.8345162783
0.8422696579
0.8511580375
0.8566568987
0.8499310710
0.8460183900
0.8473092826
0.8515930553
0.8670117355
0.8690641634
0.8654959980
0.8682366968
0.8729470019
0.8747380131
0.8786594938
0.8893598912
0.8923242743
0.8790362197
0.8723483112
0.8867335803
0.8965164455
0.9064872265
0.9066153572
0.9069794240
0.8928702152
0.8937174387
0.8945712863
0.8938372278
0.8987695265
0.9024127207
0.9013548230
0.9091139522
0.9170999253
0.9174240383
0.9201506319
0.9213310929
0.9144967145
0.9129846001
0.9197118685
0.9153434615
0.9172030796
0.9300177140
0.9301704259
0.9245910925
0.9189884077
0.9222091463
0.9262588073
0.9418179516
0.9544125157
0.9438612916
0.9286883928
0.9309117364
0.9406466125
0.9400895283
0.9329661095
0.9281276514
0.9286864117
0.9398347128
0.9452699337
0.9464049275
0.9359486490
0.9206822047
0.9027877742
0.8992057193
0.8792506966
0.8462557854
0.8284630468
0.8058001443
0.7942616792
0.7942048044
0.8146161271
0.8449795096
0.8762612607
0.9062811560
0.9244417472
0.9292394647
0.9332122840
0.9347619031
0.9321257183
0.9389129707
0.9483586506
0.9393890608
0.9466429352
0.9518802780
0.9504308222
0.9508345414
0.9490198238
0.9453556462
0.9514189323
0.9603219253
0.9596868799
0.9573135658
0.9545231527
0.9524072265
0.9471174343
0.9349924823
0.9300205990
0.9387206247
0.9460435064
0.9485996518
0.9499267167
0.9531848794
0.9560674482
0.9482084786
0.9373529888
0.9542028753
0.9736169742
0.9842934944
0.9879607541
0.9888665314
0.9783306158
0.9670073621
0.9689449163
0.9731708777
0.9674671788
0.9583318139
0.9504635280
0.9503260632
0.9681430928
0.9714049342
0.9619564052
0.9570590552
0.9516810594
0.9472740684
0.9334808750
0.9161961047
0.8994296743
0.8889157408
0.8910626601
0.9045089062
0.9253097854
0.9352965951
0.9422424982
0.9620988539
0.9744742127
0.9686550453
0.9604854164
0.9560409206
0.9612874881
0.9690045670
0.9700672331
0.9656327797
0.9611176647
0.9620593413
0.9720044270
0.9715693245
0.9689227933
0.9643654495
0.9480682378
0.9382937197
0.9339228323
0.9253835272
0.9247391875
0.9380236992
0.9529979897
0.9678449808
0.9794661931
0.9794846861
0.9782227519
0.9712818804
0.9497664179
0.9279400592
0.8989711723
0.8640438540
0.8477576769
0.8466591816
0.8535411604
0.8683509185
0.8900897851
0.9183414104
0.9294808454
0.9457149010
0.9773698521
0.9875894404
0.9791452111
0.9755165557
0.9816291648
0.9887647869
0.9844264661
0.9809495636
0.9843158093
0.9897765616
0.9919525233
0.9751808882
0.9752685825
0.9782070083
0.9761792781
0.9748834301
0.9759078064
0.9839227990
0.9827504320
0.9747473806
0.9653290119
0.9645856033
0.9765421086
0.9826901150
0.9724845987
0.9671546664
0.9754973752
0.9777784038
0.9787439270
0.9800463532
0.9879785825
0.9931409884
0.9754074310
0.9701947527
0.9798594919
0.9925132165
0.9913372317
0.9780175088
0.9846558026
0.9919728380
0.9940518508
0.9946176125
0.9923724449
0.9918176563
0.9921282942
0.9941401041
0.9991069904
0.9967113812
0.9969569215
1.0011644334
0.9981908327
0.9897490885
0.9893255316
1.0011631879
1.0122047585
0.9977654271
0.9860127611
0.9891383911
0.9850939359
0.9769754130
0.9782357454
0.9849141846
0.9900116395
0.9936815571
0.9962899002
0.9982231915
1.0001773793
0.9933431784
0.9745323850
0.9700717306
0.9787417187
0.9848275384
0.9860748075
0.9804736442
0.9834565434
0.9759907423
0.9764056268
0.9794766726
0.9793654241
0.9832761173
0.9871997904
0.9828031661
0.9839955762
0.9956467994
0.9966150611
0.9872320783
0.9851609040
0.9893199820
0.9942394613
0.9871188519
0.9740716706
0.9685564856
0.9671774861
0.9507183219
0.9390411406
0.9455540700
0.9432035488
0.9489185647
0.9475230336
0.9582954030
0.9683275565
0.9712481517
0.9766355981
0.9801388633
0.9806209774
0.9919656624
1.0079919354
1.0085075788
0.9979487102
0.9856026906
0.9804806704
0.9839104623
0.9813170541
0.9913227250
0.9870532987
0.9897143013
0.9751470570
0.9811280975
0.9915964758
0.9976586644
0.9942173856
0.9882888643
0.9867063534
0.9847708668
0.9799556027
0.9789210415
0.9844633889
0.9911254856
0.9937621498
0.9856621947
0.9699403136
0.9801607926
0.9805910260
0.9898159052
0.9787059809
0.9829087633
0.9723547119
0.9626540955
0.9665550000
0.9768676465
0.9775378886
0.9740519856
0.9799943068
0.9856863770
0.9887159644
0.9874643295
0.9876612894
0.9908483844
0.9885105883
0.9898134848
0.9856771793
0.9795738189
0.9954980764
1.0227481942
1.0397837412
1.0354081598
1.0132403668
0.9969587187
1.0043164615
1.0128239053
1.0006434459
1.0006521447
1.0080293726
1.0036512406
0.9985248504
1.0016143482
1.0055330631
1.0014043997
0.9936893703
0.9912745162
0.9822797456
0.9751872039
0.9851478773
1.0031233184
1.0066132378
0.9908674734
0.9773969882
0.9766301652
0.9716235427
0.9400076518
0.9120230254
0.9084830458
0.9080110000
0.9216046737
0.9402246271
0.9445728598
0.9466296508
0.9602813917
0.9732102760
0.9759076773
0.9795496911
0.9923898078
0.9945952264
0.9779126755
0.9797136937
0.9866973152
0.9924964980
0.9871654829
0.9967220611
1.0059909564
0.9810269063
0.9698196535
0.9598818734
0.9553609851
0.9587340721
0.9691438489
0.9830293032
0.9923488312
0.9951773431
0.9970497569
0.9985152206
0.9937036829
0.9891711475
1.0039225637
1.0071022921
1.0026899539
0.9860825315
0.9815166081
0.9871299984
0.9831123169
0.9945659678
1.0058540160
1.0002655344
0.9955126487
0.9944432838
0.9953571641
0.9948881382
0.9856910646
0.9764868365
0.9755799977
0.9754141162
0.9820824983
0.9854101271
0.9966165180
0.9912763856
0.9800223961
0.9815833032
1.0016047867
1.0039814894
0.9868706414
0.9813474073
0.9880034121
0.9886638064
0.9888902592
0.9946513771
0.9990995126
0.9997125491
0.9973326435
0.9925044674
0.9884798305
0.9871071916
0.9876611684
0.9916063207
1.0009808179
1.0002023328
0.9998821885
1.0030582801
0.9899433818
0.9880743126
0.9921169879
0.9909244100
0.9882838339
0.9785435986
0.9694784503
0.9717725448
0.9747243786
0.9691023954
0.9640752306
0.9725574994
0.9892800901
0.9979333036
0.9952304422
0.9891435011
0.9914036836
0.9975007169
0.9976081893
1.0003208523
1.0014896592
0.9984955303
0.9888009290
0.9759950208
0.9655640598
0.9641278915
0.9614283890
0.9475498029
0.9298219089
0.9122085047
0.8894250920
0.8515901559
0.7977364741
0.7451796124
0.7171237527
0.7258498067
0.7644477526
0.8193293822
0.8778033412
0.9111235761
0.9383844643
0.9671014779
0.9697113346
0.9635321210
0.9562116352
0.9485002396
0.9354056175
0.9060290685
0.8589519112
0.8108006135
0.7856733177
0.7915983563
0.8194389051
0.8614311435
0.9073325295
0.9387399677
0.9561413528
0.9662463656
0.9788459643
0.9829531724
0.9931079092
0.9957063519
0.9930518505
0.9921139184
0.9952382141
0.9923955932
0.9932514900
0.9918953362
0.9860736038
0.9848401501
0.9851998534
0.9860576315
0.9878623784
0.9864412963
0.9842791647
0.9853127537
0.9880910284
0.9925951013
1.0018350688
1.0037152570
0.9988661993
0.9921006036
0.9977008081
0.9906202454
0.9939314531
0.9856605640
0.9772103400
0.9787707945
0.9825680246
0.9805457337
0.9774201668
0.9807835068
0.9895272179
0.9981232591
1.0052244321
1.0137062946
1.0167696546
0.9979582483
0.9903807953
0.9916347924
0.9901610765
0.9860009682
0.9861310435
0.9820867192
0.9942659263
0.9942196427
0.9924041790
0.9699857784
0.9446900719
0.9222062127
0.8971409917
0.8806000654
0.8846440675
0.9047341052
0.9277022810
0.9461624404
0.9644508040
0.9824838864
0.9895283917
1.0002879370
1.0035167774
0.9928200514
1.0001753649
1.0020898925
0.9884750675
0.9749405834
0.9620942744
0.9436567728
0.9269511478
0.9244356467
0.9431902922
0.9610904260
0.9700021006
0.9808030718
0.9874250980
0.9791321144
0.9660122314
0.9624546699
0.9689865261
0.9798915078
0.9848284842
0.9832145329
0.9876730961
0.9854092716
0.9915362632
1.0031235934
1.0147209218
1.0119599953
1.0039907322
0.9977047734
0.9991725312
0.9979506055
0.9946005008
0.9902369045
0.9871432180
0.9926985230
0.9979508928
0.9989460867
0.9954660864
0.9849651104
0.9929395152
1.0020854246
0.9980935224
0.9967677198
1.0019174398
1.0002525143
0.9984217499
1.0097472233
1.0145787884
1.0063304627
0.9977276502
0.9951344004
1.0003992681
1.0060095992
1.0009811859
0.9958687736
1.0028940780
1.0051910452
1.0004395179
0.9985224843
1.0048705595
1.0015890362
1.0000300379
1.0002338688
1.0092588030
1.0029746604
0.9906592056
0.9846143874
0.9896828049
0.9962091594
0.9969428641
0.9959170910
0.9960046454
0.9991617030
1.0055734155
1.0064205598
0.9982872563
0.9941814452
0.9983995894
1.0076264548
1.0195163044
1.0100495123
0.9935592701
0.9890718698
0.9916771767
0.9899124336
0.9981713080
1.0057209435
1.0051040831
0.9993931787
0.9922368496
0.9913799978
0.9970079422
1.0032982436
0.9986494023
0.9966337344
1.0061105017
1.0024758225
0.9986843713
0.9928723542
0.9938691115
1.0033539407
0.9872549829
0.9709662632
0.9800949713
0.9648641630
0.9370251956
0.9259401191
0.9162089693
0.9114953054
0.9274139630
0.9472880023
0.9595576637
0.9723309514
0.9876765665
0.9980721850
0.9997832672
0.9983408537
0.9995575250
0.9959612058
0.9961874649
0.9862449105
0.9882616895
0.9741564178
0.9787863442
0.9815675482
0.9787015594
0.9755689402
0.9761750387
0.9799055919
0.9769779457
0.9741472033
0.9748498323
0.9810932735
0.9910702770
0.9956023072
0.9935503091
0.9954054130
1.0039663768
1.0113878738
1.0110934400
1.0068200055
1.0009646661
0.9890195109
0.9944596582
0.9905841008
0.9978779988
0.9959868207
0.9837961083
0.9732650307
0.9611859712
0.9657280013
0.9889296250
1.0035515854
0.9983958390
0.9968894482
1.0032944650
0.9984881111
0.9877587127
0.9825597886
0.9893409561
0.9945713066
0.9931272216
0.9842318774
0.9664062968
0.9718639862
0.9666021362
0.9621665567
0.9651672592
0.9737074688
0.9850631255
0.9962265521
0.9982862346
0.9951453825
0.9951090293
0.9957959655
0.9958432108
0.9918473440
0.9769894624
0.9628108564
0.9503674130
0.9210828469
0.8938826502
0.8544081374
0.8436217284
0.8412691375
0.8594050913
0.9075464389
0.9286273428
0.9451868414
0.9570548603
0.9644814551
0.9734701107
0.9902418198
0.9914850512
0.9772800743
0.9724021565
0.9781864604
0.9860912001
0.9961960735
0.9976673375
0.9933626701
0.9928891175
0.9917390274
0.9951184564
1.0021213981
0.9934437268
0.9875122142
0.9982569456
1.0059557738
1.0038945808
1.0032409674
1.0047266528
1.0109060006
1.0177774210
1.0153649063
1.0067478661
0.9962870981
0.9850157999
0.9841317906
0.9900859841
0.9888188519
0.9964843698
1.0085374191
1.0076722021
0.9935203981
0.9937135667
0.9927737550
0.9930240323
0.9950067423
0.9891980202
0.9929925802
1.0005359438
0.9971003999
0.9966809158
1.0040556017
0.9937928017
0.9800240355
0.9919289787
1.0059088320
1.0059956213
1.0011840698
1.0086693386
1.0061634089
1.0128489417
1.0004102890
0.9986392021
1.0029066155
1.0106300025
1.0028944380
1.0021864949
1.0012881571
0.9903115882
0.9853885843
0.9794109534
0.9736522311
0.9725804536
0.9678564413
0.9653221071
0.9713079936
0.9707058201
0.9692501793
0.9648214965
0.9677431866
0.9692372477
0.9730728679
0.9893407441
0.9886400226
0.9852239898
0.9967433861
1.0077948831
1.0123838770
1.0133917851
1.0070026366
1.0028256391
1.0071602561
1.0056434294
0.9945595802
0.9877192459
0.9914304947
1.0003594383
1.0029293501
0.9987083336
1.0088510490
1.0080284919
0.9984915704
0.9985855541
0.9994767557
1.0049210378
1.0141394203
1.0147955559
1.0091885084
1.0024653412
0.9958392625
0.9973992144
0.9996464191
1.0022941571
1.0022134496
0.9996888755
1.0001937776
1.0007740846
1.0034192683
1.0035842406
1.0022578574
0.9896680997
0.9907900759
1.0064815406
0.9888410755
0.9939212024
1.0018470908
0.9997369606
1.0025704224
0.9977603011
0.9989016433
0.9971569766
1.0012364109
1.0021937122
0.9977947564
0.9917521314
0.9877963827
0.9937614121
0.9988067996
0.9973947587
0.9950604049
0.9938664043
1.0034242841
1.0033941513
0.9946242082
0.9864034964
0.9981160296
0.9928491849
0.9929098351
0.9940762191
0.9881935129
0.9911657048
0.9985658670
1.0084527989
1.0098935576
1.0083858881
1.0141483416
1.0149506171
1.0047538379
0.9909414005
0.9894638884
0.9990281462
0.9994951205
0.9908351090
0.9981498249
1.0123758272
0.9988960598
0.9993322075
1.0068425706
1.0066353103
1.0060044080
0.9990416469
0.9868870447
0.9771578378
0.9769468012
0.9805996100
0.9846610231
0.9937128451
1.0001717375
0.9967477056
0.9978671681
1.0104472475
1.0248218393
1.0134151763
1.0003772327
1.0038182240
1.0048827896
1.0020491141
1.0049261956
1.0104682944
1.0027735797
0.9997321969
1.0077134624
1.0097943395
1.0040439635
1.0020288544
1.0041165171
1.0040332292
1.0030925022
0.9993649134
0.9878485699
0.9867356786
0.9913387603
0.9868004319
0.9908698727
0.9987302868
1.0069475954
1.0027882610
0.9971852150
0.9995991147
1.0025479316
1.0035799635
1.0037510868
1.0107398982
1.0175101388
1.0168253894
1.0087626789
1.0041440577
1.0111890726
1.0126790007
1.0004812574
1.0001521366
1.0020215581
1.0008516937
0.9920870947
0.9863824863
0.9929342081
0.9930911124
0.9945593181
0.9948754242
0.9919822411
0.9844567007
0.9861762133
0.9959776691
1.0105415846
1.0206207049
1.0192316589
1.0152372010
1.0150827824
1.0136141770
1.0125497078
1.0099569817
1.0019242313
1.0058336058
1.0121693794
1.0119983877
0.9994552111
0.9864556294
0.9818266845
0.9873698167
0.9960257488
1.0009499190
1.0069645792
1.0070656257
1.0059542423
1.0065416772
1.0025312256
0.9975607511
0.9964092326
0.9963995948
1.0000576845
1.0000457302
0.9879260910
0.9742924697
0.9652412668
0.9656200262
0.9708737751
0.9754737284
0.9830959286
0.9839443931
0.9859165671
0.9926828482
1.0013305666
1.0091924554
1.0119982332
1.0101995982
1.0115742207
1.0138671577
1.0130170941
1.0156256570
1.0196016391
1.0132318599
1.0011420250
0.9965729546
0.9980568097
0.9938078947
0.9975016865
0.9937922970
1.0010619937
1.0096972361
1.0061054283
1.0070810065
1.0000164669
1.0010770916
1.0096535777
1.0068309197
1.0035354240
1.0077469748
1.0111217177
1.0079959771
0.9999023705
0.9976610566
0.9975673240
0.9921453466
0.9773445292
0.9630901955
0.9669948097
0.9360891407
0.9347447977
0.9453210739
0.9545224191
0.9616948894
0.9732839444
0.9825385579
0.9800152627
0.9866540549
0.9955119000
0.9916804142
0.9854656234
0.9906370587
0.9967058017
0.9895473969
0.9910290748
1.0075033810
0.9984991250
0.9934118692
1.0180069906
1.0111447066
0.9940790088
1.0010221415
1.0057162201
1.0089992125
1.0125585952
1.0011278177
0.9963269964
1.0034772396
1.0018504867
0.9964699988
0.9970232129
1.0025381493
1.0061244686
1.0029542752
1.0079611756
1.0026319137
0.9836481091
0.9786569747
0.9850213548
0.9941922430
0.9994273517
0.9819542939
0.9905575611
0.9923580401
0.9969486545
1.0075276976
1.0064364917
1.0013972267
1.0014512495
1.0010363050
0.9971878665
0.9983388145
1.0055219281
1.0097975926
1.0102157872
1.0035844025
0.9906449295
0.9861876110
0.9874166315
1.0051849451
1.0031704610
0.9843350873
0.9804773095
0.9835976420
0.9755857567
0.9750003839
0.9836395902
0.9899398711
0.9954386115
0.9974696416
0.9926623591
0.9885344881
0.9933604578
0.9982474168
0.9921629842
0.9892949795
0.9924584659
0.9924364067
0.9931100733
0.9929397626
0.9858549374
0.9783083616
0.9824523569
0.9833636644
0.9981558961
1.0012208335
1.0081291820
0.9994425150
0.9911599769
0.9886197747
0.9950021171
0.9949657628
0.9836969544
0.9744954419
0.9616012238
0.9544787405
0.9478085154
0.9312423541
0.9114798337
0.8989968980
0.8798846008
0.8604612804
0.8303693274
0.8113715951
0.8149970694
0.8283616229
0.8504682095
0.8694921954
0.8777199314
0.8792798226
0.8878625631
0.9093668480
0.9358628876
0.9549187460
0.9646450876
0.9727157021
0.9770104250
0.9847887905
0.9895518401
0.9886810516
0.9906434110
0.9877516636
0.9846778210
0.9701945417
0.9558165194
0.9438680796
0.9423174121
0.9452034946
0.9491427625
0.9651585715
0.9800279362
0.9880893389
0.9853383829
0.9757276241
0.9722925741
0.9707599872
0.9778128211
0.9739392016
0.9692195124
0.9731859345
0.9864129151
0.9943761745
0.9892192841
0.9965705626
1.0115550876
0.9920327209
0.9842055719
0.9815493469
0.9888847043
0.9908868465
0.9899729439
0.9933099605
1.0030651446
1.0076600968
1.0003042559
0.9998270424
1.0071584357
1.0096365608
1.0052843139
0.9933159956
0.9992230377
1.0032782213
1.0048170439
1.0069876830
1.0071861928
1.0012908572
0.9927359243
0.9926776652
0.9916864954
0.9899301876
0.9871854849
0.9832030886
0.9843564424
0.9884593107
0.9870328784
0.9848700229
0.9863071032
0.9875084841
1.0021452067
1.0027303820
0.9966536876
0.9963655468
0.9871187699
0.9900085054
0.9906580368
0.9863934540
0.9830330836
0.9906340886
0.9919190552
0.9939070733
1.0008066230
1.0006718071
0.9948700495
0.9981661189
1.0043112733
1.0041747147
1.0059969428
0.9989506409
0.9942309383
0.9989451597
0.9843739147
0.9554241342
0.9411017233
0.9318300545
0.9278762454
0.9354322939
0.9423989797
0.9564369843
0.9792390788
0.9879806086
0.9947376335
1.0012495462
1.0013864465
1.0002432526
0.9932219426
0.9837161043
0.9899940496
0.9934363218
0.9828804210
0.9809135677
0.9799891711
0.9857085358
0.9889015075
0.9961895199
1.0028658167
1.0064947549
0.9975669893
0.9912660480
0.9991776084
1.0045636336
1.0062060866
1.0006221879
0.9915403171
0.9923028687
0.9975077034
0.9967073239
0.9975115235
1.0017612706
1.0064169431
1.0101983003
1.0013243156
0.9937640398
1.0015367442
1.0007601492
1.0003289366
1.0133574014
0.9916412078
0.9933847138
0.9976745852
0.9955125910
0.9921518476
0.9843959845
0.9777141888
0.9825151992
0.9930560541
0.9965389280
0.9942891790
0.9943597136
0.9934492468
0.9854383417
0.9847341153
0.9872211640
0.9838264177
0.9690158941
0.9407126711
0.8942480955
0.8419875672
0.7984347135
0.7850344724
0.7976180706
0.8371886444
0.8768314824
0.9173487199
0.9444719003
0.9570596367
0.9706465717
0.9838054784
0.9901583066
0.9816493069
0.9732010467
0.9765358919
0.9802363649
0.9856210608
0.9910588195
0.9881742976
0.9858294957
0.9869049284
0.9910984640
0.9933807403
0.9934213096
0.9939422799
0.9865694168
0.9790192946
0.9803262020
0.9804429659
0.9837419254
0.9941802490
0.9962953771
0.9949349366
0.9913526560
0.9890643281
0.9980738169
1.0063378071
1.0091932558
1.0126503162
1.0061326898
0.9928366678
0.9871325924
1.0005283446
1.0096931536
1.0041221182
0.9951967108
1.0041233513
1.0124623035
1.0119096905
1.0060506819
1.0003042241
0.9982668891
0.9897526842
0.9827197984
0.9736691054
0.9807591804
0.9775041151
0.9719374635
0.9738082394
0.9843518453
0.9855195043
0.9882177929
0.9917227459
1.0009651499
0.9963215095
0.9838939590
0.9825000044
0.9918304870
1.0002163938
1.0008874237
0.9978684195
0.9981049522
0.9997934911
0.9987605854
0.9966707762
0.9907423270
0.9867831420
0.9941637049
0.9968138644
0.9947155361
0.9923697188
0.9927772552
0.9886097008
0.9879744358
0.9902391062
0.9981126763
0.9967142069
0.9943992162
0.9983599565
1.0030915159
1.0014978844
0.9902968596
0.9830176562
0.9951060005
1.0069630925
1.0080768336
0.9949912044
0.9894274789
0.9948840937
1.0048764484
0.9898264984
0.9847403250
0.9905714468
0.9925560923
0.9892145507
0.9840044268
0.9916994242
1.0051492732
1.0047846481
1.0043179661
1.0039442447
1.0006709728
1.0055852395
1.0048234509
1.0016924458
0.9998429893
1.0143735985
1.0120737628
0.9975658180
0.9955818370
1.0007885312
0.9992166229
1.0002598030
1.0102735723
0.9952789037
0.9903172749
0.9884834808
0.9866004541
0.9941058728
1.0071780411
1.0143961508
1.0085590107
0.9966200381
0.9903895671
0.9898388093
1.0032637751
1.0070393166
0.9925756531
0.9852794260
0.9906211184
0.9970178962
1.0030103695
1.0075400553
1.0053433240
1.0017800292
0.9997760646
0.9889481840
0.9808042759
0.9736424708
0.9840686605
0.9991178764
1.0046694956
1.0094937165
1.0064266621
1.0014591973
1.0085580850
1.0036113628
0.9755983588
0.9708694674
0.9850059021
0.9876290185
0.9936376536
0.9851025192
0.9774627796
0.9854650561
0.9884790445
0.9942338964
1.0081958940
1.0077821747
0.9958644318
0.9856410607
0.9791447658
0.9730003869
0.9655252004
0.9621988446
0.9660872120
0.9767422309
1.0025808623
1.0021057548
0.9958529346
0.9984366397
0.9965304813
1.0027277177
0.9856472017
0.9843092770
0.9811088029
0.9825217058
0.9887085500
0.9965282428
0.9932079206
0.9906280736
0.9939510643
0.9936168147
0.9942985176
0.9978671090
0.9976853926
1.0014911229
1.0019092135
1.0012170898
0.9984615678
0.9826128951
0.9807669126
0.9957969583
0.9931712095
0.9943771904
0.9851634024
0.9812742331
0.9871839312
0.9864750699
0.9822461459
0.9840236124
0.9900431093
0.9911132052
0.9860514371
0.9865609762
0.9912175564
0.9841882910
0.9852894517
0.9854552517
0.9741116195
0.9805445806
0.9849682890
0.9831388643
0.9948838203
0.9890575332
0.9829759611
0.9885663485
0.9915015043
0.9861901073
0.9872240412
0.9884968062
0.9856682545
0.9832132248
0.9851294549
0.9895770739
0.9906200199
0.9931371911
0.9892688370
0.9881320657
0.9951785642
0.9978454048
1.0061987059
1.0033218476
1.0095867501
1.0051578993
1.0165684728
1.0137158838
1.0058471007
0.9976810732
0.9999768424
0.9974965662
0.9884624625
0.9853082718
0.9871319113
0.9889082635
0.9897540340
0.9868586906
0.9833316434
0.9818920066
0.9925721595
1.0056015572
0.9992430510
0.9972765512
1.0000987279
1.0035148858
0.9937176138
0.9938290313
0.9976526836
0.9913078013
0.9862489821
0.9884593656
0.9920021073
0.9887242699
0.9853960885
0.9888325072
0.9902142789
0.9865095262
0.9851469672
0.9997128978
1.0139904724
1.0045318379
0.9975583654
0.9815036066
0.9823693467
0.9848475117
0.9902086663
0.9801045160
0.9711942190
0.9786990325
0.9816031274
0.9720722776
0.9678904303
0.9642913098
0.9593539293
0.9616727962
0.9667387424
0.9719774015
0.9750367981
0.9802501294
0.9973952307
0.9892924416
1.0064111401
0.9933789426
0.9948068805
1.0001294860
0.9882290664
0.9811497600
0.9869165609
0.9946142654
0.9886544593
0.9846802931
0.9841728498
0.9852250568
0.9876297306
0.9915024109
0.9918293630
0.9871121472
0.9948522952
1.0052272581
1.0020431879
0.9898850490
0.9793509153
0.9807354312
0.9851475809
0.9817235843
0.9676050654
0.9475311163
0.9080846705
0.8632167878
0.8260250246
0.7916316307
0.7599139081
0.7522404018
0.7737979680
0.8167355857
0.8715524991
0.9175778159
0.9486592491
0.9761024085
0.9846945346
0.9814035560
0.9857588467
0.9866890505
0.9823929007
0.9879675948
0.9947890507
0.9920641198
0.9951935382
0.9990034877
0.9952614391
0.9818113916
0.9798108839
0.9857480339
0.9916083207
0.9928452405
0.9998013088
1.0058880240
0.9873417992
0.9799515571
0.9749375421
0.9749575392
0.9857454370
0.9933402718
0.9687401679
0.9615342902
0.9644481404
0.9826912522
0.9941880954
0.9967929257
0.9819214504
0.9870008618
1.0063428530
1.0092365217
0.9945432938
0.9870448199
0.9872202623
0.9920464913
1.0035772586
0.9981756466
0.9993147016
0.9973446618
0.9986303052
0.9967044129
0.9893860583
0.9837389840
0.9845126224
0.9853985781
0.9845409688
0.9877040136
0.9937298920
0.9904433565
0.9844446737
0.9813991562
0.9828544615
0.9860472434
0.9777984639
0.9668631833
0.9712396018
0.9716693657
0.9651089803
0.9646837167
0.9663500863
0.9730969158
0.9779973699
0.9726886689
0.9669229569
0.9732702428
0.9813311649
0.9847538108
0.9926026413
0.9930736870
0.9885800122
0.9865784149
0.9867488582
0.9886287178
0.9848044515
0.9722677871
0.9695633777
0.9813346953
0.9844204888
0.9863243585
0.9798687032
0.9700882935
0.9797232179
0.9941428418
0.9864524829
0.9800384277
0.9788429985
0.9790700052
0.9843783309
0.9910503717
0.9829956987
0.9815016603
0.9875971031
0.9920647916
0.9991053546
1.0087647043
1.0093950758
0.9985948976
0.9887369145
0.9853719041
0.9865097446
0.9932100673
0.9942437319
0.9906630900
1.0028618101
1.0028954932
0.9993313252
0.9957719386
0.9959707736
0.9900123169
0.9821266082
0.9863241913
0.9957135788
0.9960677435
0.9938692840
0.9973452301
1.0005927513
1.0011804718
1.0037757416
1.0040308794
0.9943703747
0.9973842437
0.9897527653
0.9811745388
1.0038600840
1.0034792955
0.9927219546
0.9951092067
1.0024854909
1.0045087443
0.9971214048
0.9870539759
0.9838063667
0.9792245123
0.9798492633
0.9833982492
0.9799461812
0.9802515671
0.9917260294
1.0041854006
1.0016174349
0.9907317464
0.9908738398
0.9868710058
0.9704240643
0.9713940572
0.9801716141
1.0082914523
1.0206649832
1.0162948029
1.0014670807
1.0040945630
1.0023764465
0.9919484760
0.9907078218
1.0022637226
1.0128910598
1.0114480565
1.0039396915
1.0013849914
0.9975945367
0.9917370066
0.9945827675
0.9894697602
0.9947845922
1.0018860997
0.9902271944
0.9902140147
0.9874017920
0.9892103816
0.9981354312
0.9959627171
0.9883776560
0.9913756066
1.0030589101
1.0014926577
0.9894141086
0.9876655670
0.9914872934
0.9918329205
0.9943013857
0.9905619501
0.9933292639
0.9964280211
0.9999537097
