#flux
0.9656216904
0.9701452747
0.9720403557
0.9736852110
0.9759642892
0.9645042539
0.9481055713
0.9492505615
0.9683994423
0.9877726938
0.9983515909
1.0036421514
1.0024785880
0.9856254941
0.9790651213
0.9700393179
0.9735454532
0.9878823485
0.9903182421
0.9844169901
0.9931298561
0.9872620575
0.9691703633
0.9608684897
0.9548991625
0.9437792649
0.9344617285
0.9300732926
0.9316043753
0.9443480896
0.9602567299
0.9583424619
0.9634084218
0.9863344953
0.9891626883
0.9755311473
0.9783197976
0.9946272831
0.9988043492
0.9943718501
0.9803776186
0.9739785621
0.9693907842
0.9720558040
0.9729108806
0.9702288917
0.9729349371
0.9789098302
0.9826957727
0.9850257699
0.9822222627
0.9738189527
0.9690661241
0.9791417184
0.9833099964
0.9792971825
0.9757036503
0.9749599428
0.9751633672
0.9762118677
0.9824819825
0.9815104473
0.9706139221
0.9692117540
0.9728620810
0.9679657703
0.9547111725
0.9357830492
0.9061821180
0.8733353759
0.8589863122
0.8636813878
0.8841676922
0.9121389661
0.9436898580
0.9684156339
0.9756388459
0.9687051166
0.9612122799
0.9618019549
0.9646677622
0.9625587988
0.9559402246
0.9519846550
0.9588502347
0.9678858189
0.9717374812
0.9683695170
0.9447384892
0.9058787820
0.8792252144
0.8661218068
0.8827078427
0.9046726262
0.9163892406
0.9279932663
0.9356254757
0.9324235252
0.9196031948
0.8836165712
0.8425013791
0.8418408319
0.8617618832
0.8796567670
0.9089662207
0.9432871998
0.9671632808
0.9805340237
0.9827370577
0.9714598799
0.9569155156
0.9460494887
0.9367829267
0.9384678011
0.9469646910
0.9551008576
0.9647128225
0.9717316687
0.9738694970
0.9741938780
0.9679600182
0.9720245730
0.9811269908
0.9750302888
0.9689517930
0.9682132388
0.9646219136
0.9627495404
0.9677209967
0.9667016084
0.9612080456
0.9661768647
0.9578760242
0.9490802318
0.9376800999
0.9357673368
0.9463262661
0.9495226069
0.9567011291
0.9671446361
0.9573294522
0.9654716094
0.9692421157
0.9689918949
0.9682988365
0.9632960220
0.9618055771
0.9611856927
0.9588252105
0.9632196717
0.9681865844
0.9674701992
0.9700093356
0.9518525468
0.9419690746
0.9450472916
0.9275631826
0.9036766367
0.8766691439
0.8462522278
0.8251255931
0.8303634558
0.8641254741
0.8933942323
0.9110913848
0.9196120419
0.9256041842
0.9280121208
0.9258005001
0.9215205203
0.9149655906
0.9078129226
0.9022373145
0.8974777482
0.8938278735
0.8773835068
0.8682686800
0.8561634362
0.8725815975
0.8843183535
0.8983797086
0.9159619392
0.9168105951
0.9078063682
0.9029735064
0.9078233422
0.9101114801
0.9003421279
0.8851044132
0.8739878992
0.8717851711
0.8766339619
0.8771364363
0.8705820755
0.8614782482
0.8412811033
0.8182080487
0.7990492613
0.7721401164
0.7481703023
0.6998371127
0.6426986791
0.5870811935
0.5269254714
0.4642610500
0.4057939331
0.3439697712
0.2940700539
0.2612774371
0.2380180958
0.2255040454
0.2169148010
0.2033691963
0.1950556242
0.1927122251
0.1893483031
0.1921948619
0.2109341883
0.2247974902
0.2404473064
0.2685819292
0.3036002249
0.3477030439
0.4023708809
0.4632250759
0.5255802194
0.5876813459
0.6509170910
0.7160940539
0.7712779403
0.8027522438
0.8134359315
0.8247693977
0.8489919906
0.8528722264
0.8531914672
0.8733622521
0.9012659930
0.9217690390
0.9304662238
0.9126279318
0.9054684765
0.9172236866
0.9307023835
0.9354095881
0.9192374195
0.9086719489
0.9150492052
0.9282855913
0.9413473486
0.9471086586
0.9410490269
0.9342978649
0.9367350983
0.9374788497
0.9256035930
0.9203384720
0.9260209376
0.9177038956
0.9149155744
0.9237361610
0.9372234926
0.9582236632
0.9657007090
0.9585818057
0.9557466514
0.9573488261
0.9628629101
0.9692545193
0.9627440543
0.9517172161
0.9580741130
0.9707360149
0.9665459423
0.9581578120
0.9689626070
0.9717873713
0.9553770481
0.9613660445
0.9719207942
0.9775632771
0.9680238983
0.9623928878
0.9615309773
0.9632721314
0.9687025518
0.9682298984
0.9589596141
0.9612393471
0.9742191601
0.9769290398
0.9677176196
0.9619859850
0.9651654039
0.9738126794
0.9901340755
1.0010321900
0.9921588501
0.9799152847
0.9891721910
0.9981866057
0.9820162946
0.9788049232
0.9685019667
0.9696447000
0.9736608549
0.9703491528
0.9710782410
0.9804328773
0.9849499974
0.9774966722
0.9669964150
0.9649024498
0.9697925162
0.9683088697
0.9574003511
0.9363582275
0.9031083833
0.8398875659
0.7843130381
0.7614202349
0.7673461815
0.8011927437
0.8482028711
0.8864453826
0.9176941845
0.9532047439
0.9789649153
0.9860284573
0.9863921004
0.9795590747
0.9682028471
0.9691148303
0.9769702463
0.9710166571
0.9576981791
0.9644615454
0.9847156701
0.9876716484
0.9746417439
0.9794845877
0.9679119096
0.9688388563
0.9592290264
0.9349694000
0.9298506821
0.9439870498
0.9497006587
0.9512474810
0.9597073573
0.9706916182
0.9811745754
0.9843574291
0.9753952966
0.9693232230
0.9697329111
0.9696200844
0.9675363535
0.9699953323
0.9847086932
0.9985227119
0.9957834748
0.9965382384
0.9868061968
0.9838608562
0.9877011507
0.9864382271
0.9875244122
0.9930055680
0.9884823847
0.9803107159
0.9832560322
0.9873871010
0.9772381045
0.9603436064
0.9452969456
0.9220763594
0.8925255116
0.8438112084
0.8117886005
0.7975178592
0.8155837864
0.8585864007
0.9115942667
0.9445185368
0.9541554025
0.9631594776
0.9789215681
0.9925371052
0.9929950920
0.9896375926
0.9859338085
0.9856320438
0.9927988922
0.9977225931
0.9992769121
0.9947917032
0.9855911653
0.9823105566
0.9788638971
0.9561626655
0.9083553358
0.8414008377
0.8115189018
0.7959435729
0.8179185002
0.8505127617
0.8910905072
0.9415243918
0.9720473325
0.9774250145
0.9700550578
0.9525956212
0.9229320626
0.8741649461
0.8102568902
0.7709161097
0.7700133822
0.7698591192
0.8101800221
0.8747848166
0.9301352271
0.9554231369
0.9764933294
0.9803456103
0.9850436840
0.9924196655
0.9891225440
0.9888560902
0.9879494215
0.9896207874
0.9887636362
0.9783674976
0.9657051889
0.9700102530
0.9863623390
0.9779211422
0.9717800026
0.9739705208
0.9691907501
0.9650840948
0.9635901891
0.9581697724
0.9720193454
0.9796888269
0.9874789334
0.9894535229
0.9778321633
0.9884779530
1.0072473970
1.0043369489
0.9940624849
0.9934409074
0.9942599870
0.9929603581
0.9942392868
0.9899802533
0.9777926683
0.9820524605
0.9987769584
0.9970610897
0.9798275312
0.9847346400
0.9838877867
0.9962528961
0.9888834274
1.0008033968
1.0141261514
1.0133708300
1.0090061867
1.0016524961
0.9941143790
0.9919040483
0.9940089400
0.9928990338
0.9898723663
0.9887585264
0.9733504735
0.9673622910
0.9971495219
1.0157442722
1.0151316082
1.0082307287
1.0073284981
1.0135324568
1.0146939555
1.0094016013
1.0064992950
0.9916909175
0.9714679433
0.9656870601
0.9775964659
0.9977142115
1.0123264321
1.0154445196
1.0130697805
1.0060740282
0.9920140097
0.9842359654
0.9853667185
0.9799369613
0.9698602693
0.9731540722
0.9830138183
0.9829447443
0.9785326809
0.9823653667
0.9813931767
0.9894369589
1.0000177806
0.9983618917
0.9886571397
0.9837079547
0.9856285616
0.9857663202
0.9757621695
0.9551906784
0.9296579581
0.9013219647
0.8717305577
0.8582724654
0.8570807697
0.8942594617
0.9240984049
0.9526272187
0.9826797843
0.9971686682
0.9902825553
0.9852766496
0.9952391687
1.0168020306
1.0316674010
1.0176522978
0.9874686975
0.9708132073
0.9773060502
0.9886737219
0.9855187363
0.9876706001
0.9938785586
0.9942512925
0.9884325614
0.9883435391
0.9844241943
0.9980667861
1.0079768985
0.9867140995
0.9661706903
0.9727617608
0.9880484626
1.0017450995
1.0093928180
1.0231713080
1.0324398547
1.0176265767
0.9966768059
0.9918933631
0.9880499299
0.9757805730
0.9700070635
0.9691445812
0.9598456909
0.9497094255
0.9551128219
0.9730254111
0.9922150130
1.0015725777
0.9961727559
0.9946216260
0.9834836313
0.9829993236
0.9875294863
0.9837437688
0.9758257236
0.9757014789
0.9761596690
0.9740919690
0.9891864185
1.0098338436
1.0041456169
0.9864595961
0.9891925999
1.0022037935
1.0144694595
1.0007066517
0.9885249324
0.9869832744
0.9821928235
0.9799609431
0.9816192443
0.9807422256
0.9826411644
0.9860670949
0.9940611702
1.0034278647
1.0060483617
1.0054951206
1.0065533741
1.0028513793
0.9930350579
0.9831186251
0.9624227775
0.9189830628
0.8848616144
0.8452316513
0.8226271035
0.8267203298
0.8485425493
0.8911945264
0.9457018926
0.9786886735
0.9994105680
1.0018288831
0.9927703382
0.9895115305
0.9879081070
0.9899222137
1.0021838055
1.0073735400
1.0093794336
1.0125728634
0.9979281759
0.9926345688
0.9815058155
0.9839832968
0.9825483125
0.9867348873
0.9792804226
0.9927584500
0.9971282214
0.9904802041
0.9905740602
1.0005346250
1.0111533076
1.0099540625
1.0003973007
0.9971377103
1.0002893062
1.0029481277
1.0045392315
0.9949286294
0.9926547200
0.9997157358
0.9942691062
0.9864593518
1.0012643471
1.0215528012
1.0253041078
1.0089920324
0.9852370962
0.9772966220
0.9798184634
0.9778586488
0.9796802727
0.9867591279
0.9929658023
1.0021650657
1.0082586375
0.9976471312
0.9888471591
0.9968889700
0.9896470863
0.9936774956
0.9959269299
0.9860238374
0.9847357577
0.9952431064
0.9946117046
0.9931859041
1.0013104737
1.0124341400
1.0162715888
1.0110806416
1.0058676821
1.0038033481
1.0044144662
1.0047238346
1.0005056047
0.9985800560
1.0025168011
0.9943029643
0.9858691684
1.0029347857
1.0077038060
0.9962848333
0.9820074469
0.9722711902
0.9707964994
0.9693944734
0.9653172131
0.9708274263
0.9838381989
0.9901218460
0.9928705913
0.9963619045
0.9950890352
0.9979460515
1.0021931019
0.9958985263
0.9907293672
0.9812371018
0.9676462697
0.9768489615
0.9874894247
0.9852303713
0.9764910848
0.9513882657
0.9420156464
0.9371574664
0.9205079369
0.9001336916
0.8756407677
0.8277944127
0.7577473333
0.6961946676
0.6615906487
0.6571094374
0.6988471603
0.7827839717
0.8640284267
0.9198912701
0.9562608939
0.9759998154
1.0030132435
0.9897837704
0.9883097667
0.9558026818
0.9289664253
0.8790877846
0.8017520053
0.7342854983
0.6952366252
0.6955952940
0.7393314959
0.8077411252
0.8750123223
0.9309567557
0.9735406270
0.9928864656
0.9960214040
1.0042901911
1.0008775814
0.9928204482
1.0067489295
1.0118884838
1.0089127092
1.0046321267
0.9992629776
0.9991192780
0.9864589304
0.9841358333
0.9891801426
0.9878206337
0.9870397741
0.9883477509
0.9928469443
0.9976818321
0.9975827684
0.9983991068
0.9985100026
0.9908606024
0.9944525689
0.9975852331
0.9834748101
0.9722322290
0.9629000769
0.9559845812
0.9723941395
0.9736724370
0.9788492402
0.9836365447
0.9871684654
0.9882850467
0.9929338592
0.9972619541
1.0019154196
0.9942774557
0.9847981903
0.9911815634
0.9967445897
0.9934971444
1.0001784690
1.0035517569
0.9875904774
0.9778383409
0.9792545481
0.9715522512
0.9918744396
0.9937678964
0.9817859425
0.9556587991
0.9147048912
0.8816525172
0.8810302425
0.9153794269
0.9435664895
0.9633596104
0.9861599561
1.0025720596
1.0039719503
0.9990746343
1.0034533384
1.0083807418
1.0041154746
0.9975351261
0.9967467729
0.9920900812
0.9724662863
0.9465593674
0.9231122451
0.9265802505
0.9323705902
0.9506480974
0.9663422100
0.9700334922
0.9639551359
0.9484020202
0.9210348579
0.9032512420
0.9077605300
0.9194997213
0.9401598784
0.9695672431
0.9866873273
0.9994894841
1.0062562260
1.0114265114
1.0018007035
0.9989457141
0.9972976403
0.9983465711
1.0016399508
1.0002943180
1.0005247646
1.0062333051
1.0156205941
1.0186753638
1.0133511811
1.0044391748
0.9996676270
0.9946848827
0.9828808970
0.9837607590
0.9913877703
0.9910192126
1.0028948148
1.0142444179
1.0125707203
0.9939601373
1.0029256824
0.9985644550
0.9911468458
0.9992023656
1.0015769708
0.9927141636
0.9885657928
0.9920301624
0.9896506173
0.9835615797
0.9866858893
0.9957503402
0.9986466474
0.9949443587
0.9919766965
0.9942291923
0.9955440189
0.9990494763
1.0160374642
1.0181192564
1.0044839431
0.9991175733
0.9865894789
0.9760465646
0.9684860566
0.9746385744
1.0023142298
1.0159486398
1.0092756612
1.0117411276
1.0198257423
1.0150338355
1.0047086348
0.9925739822
0.9864378713
1.0049147725
1.0044495524
0.9864861525
0.9833366708
0.9815893841
0.9832943650
0.9849957067
0.9857309342
0.9922379603
0.9999587926
1.0086398151
1.0161129218
1.0202958298
1.0208701346
1.0157631099
1.0109322669
1.0066059660
1.0017053913
0.9969762037
0.9807034723
0.9798893942
0.9842960817
0.9453046336
0.9034746953
0.8469931281
0.8244187844
0.7970415504
0.8188426490
0.8692525104
0.9147997268
0.9611503164
0.9831168565
0.9829321931
0.9978409976
1.0087528854
1.0056920230
1.0056137803
1.0004100265
0.9887361116
0.9902747939
0.9965819599
0.9877297417
0.9810923587
0.9878805320
0.9932504113
0.9812839184
0.9567743869
0.9565527512
0.9684281830
0.9723417939
0.9788327044
1.0006266209
1.0197886987
1.0354758932
1.0349274820
1.0124912077
0.9929692167
1.0049654018
1.0362691318
1.0249956854
0.9633409214
0.9579670361
0.9509956694
0.9303348790
0.9266294369
0.9107391904
0.9355818158
0.9442638496
0.9494269244
0.9522063620
0.9503290546
0.9589227276
0.9680508961
0.9797628207
0.9979865767
1.0090507363
1.0020534014
0.9901752729
0.9887987231
0.9865122031
0.9672735102
0.9420395386
0.9179448646
0.9030810800
0.9090119095
0.9211366174
0.9423345536
0.9654709381
0.9753312887
0.9859428361
1.0005387294
1.0120062236
1.0150531741
1.0083173770
0.9911487885
0.9834316508
0.9835930735
0.9574247276
0.9053192991
0.8446140446
0.7776235486
0.7611476427
0.7618815175
0.7995654579
0.8627550463
0.8944548729
0.9211830662
0.9373084661
0.9398115030
0.9107517685
0.9013840044
0.9055900622
0.9199714572
0.9450173228
0.9575669139
0.9683127952
0.9880035336
1.0048843827
1.0094695952
1.0044525027
1.0028791920
1.0070960488
1.0057992110
1.0041893841
1.0042550870
1.0020836765
1.0064756936
0.9944430787
0.9729937244
0.9718563723
0.9887115409
0.9980395935
0.9983579712
0.9952088497
0.9930051130
0.9975076476
0.9921298497
0.9786329919
0.9784542385
0.9868885063
0.9884732484
0.9841839494
0.9848858254
0.9946545624
0.9934386137
0.9826128283
0.9827941002
1.0007216740
0.9934869049
0.9971360963
0.9981732235
1.0073885836
1.0081776112
0.9957882380
0.9897703041
0.9958320776
1.0062914374
1.0104767193
1.0085372512
1.0027283044
0.9959194441
0.9981194120
0.9924160741
0.9961490318
0.9862055380
0.9706997877
0.9905227621
0.9857477426
0.9940926260
0.9998714667
0.9926409975
0.9756557923
0.9599811935
0.9512023760
0.9578099065
0.9720974330
0.9620752293
0.9405322099
0.9254205326
0.9102840052
0.9068518227
0.9232212433
0.9497463260
0.9658392959
0.9676636034
0.9846134703
1.0041091797
0.9887594441
0.9814491840
0.9900141961
0.9848426711
0.9768229806
0.9787571833
0.9868112059
0.9924204834
0.9967192190
0.9963713349
0.9883475907
0.9798755707
0.9829473474
0.9994363421
1.0133227260
1.0131419093
1.0155168222
1.0181282226
1.0145069037
1.0027641631
0.9861581917
0.9941635122
1.0066874659
1.0016972529
0.9968598800
0.9941774398
0.9913820932
0.9936973483
1.0019800606
1.0051324870
1.0081673040
1.0059968258
0.9976415042
0.9941021303
0.9935679666
0.9996490345
1.0007343872
1.0012994374
0.9983655684
0.9859973294
0.9856683906
0.9911809768
0.9726623842
0.9893039745
0.9818142434
0.9763603438
0.9805159037
0.9781451208
0.9774679719
0.9896359628
1.0006850692
0.9956385139
0.9904693643
0.9952783231
0.9932111609
0.9887945488
0.9925182647
0.9864664753
0.9763493561
0.9735359763
0.9929604992
0.9864953374
0.9917610195
0.9810431668
0.9742206280
0.9911491727
0.9956122570
0.9702595691
0.9737728532
0.9813777764
0.9857275243
0.9966351255
1.0032957923
0.9978676484
0.9953812859
1.0050625524
0.9975513710
0.9857892619
0.9935352570
0.9981761036
0.9813552726
0.9676295357
0.9661901351
0.9802258604
0.9937375855
1.0043227348
1.0017568029
0.9852188180
0.9763061025
0.9684194056
0.9706024399
0.9781090049
0.9782637464
0.9787289646
0.9841802787
0.9915660319
1.0042999311
1.0046535781
0.9970851395
0.9928333078
0.9890162457
0.9938793846
0.9889028970
0.9843013647
0.9830557141
0.9890864725
1.0025873863
1.0051083470
1.0022161739
1.0079946292
1.0158713324
1.0054399671
0.9938186440
0.9907489334
0.9792545904
0.9727746079
0.9880439797
1.0056224760
1.0057073970
0.9926637607
0.9922009119
1.0005395104
1.0114756309
0.9972124307
0.9896872616
0.9945588756
1.0052475389
1.0142692809
1.0011703957
0.9925498004
0.9940929428
0.9988340424
1.0027944652
1.0043083596
1.0044019123
0.9995678221
0.9936230899
1.0000026775
0.9935291464
0.9920594610
0.9981476029
0.9994659648
0.9917907476
0.9868802270
0.9823062667
0.9694054139
0.9665734626
0.9857267144
0.9944754319
0.9987019131
1.0001369397
0.9966369110
0.9961692808
0.9948464654
0.9868872317
0.9789516337
0.9710545515
0.9677093876
0.9793201564
0.9777662685
0.9836659999
0.9935960159
0.9908271581
0.9737192133
0.9806103923
0.9840966949
0.9879512112
0.9679502498
0.9639946732
0.9718625129
0.9773281952
0.9741374696
0.9739384979
0.9691915136
0.9545277503
0.9398400500
0.9215878978
0.9036013231
0.8913536166
0.8837185749
0.8828876643
0.8985770090
0.9335177982
0.9578787946
0.9568289415
0.9889230464
0.9898371616
0.9822615552
0.9977146575
1.0148672998
0.9980652569
0.9859905078
0.9861343812
0.9851144501
0.9840613508
0.9882271966
0.9945156547
0.9889194183
0.9803459679
0.9749303178
0.9756742948
0.9885419885
1.0017413105
1.0019884510
1.0037052950
1.0038881109
1.0015541878
1.0030132981
1.0062758595
0.9985192017
0.9864998978
0.9909477208
1.0002090286
0.9928165787
0.9897674055
1.0057641747
1.0150239594
0.9997684977
0.9685334980
0.9543889888
0.9201413298
0.9028787735
0.9141687877
0.9161879659
0.9436864978
0.9883897838
0.9983309702
1.0064842167
1.0043605026
0.9999092901
0.9967339796
0.9838869028
0.9752880349
0.9740227971
0.9772519432
0.9863987446
0.9938605847
0.9951342087
0.9943886639
0.9944204026
1.0063416806
1.0045759711
0.9977404754
0.9957024194
0.9936616647
0.9879270513
0.9886981863
0.9862616288
0.9747778561
0.9797969611
0.9878520454
0.9920698636
0.9915347423
0.9931210355
1.0029228596
1.0088178724
1.0044946967
0.9959420155
0.9790269972
0.9650530046
0.9546622607
0.9456315801
0.9516488692
0.9446459416
0.9480950766
0.9622378923
0.9792787203
0.9947212367
0.9873201481
0.9935167624
0.9934851887
0.9953677144
0.9981420499
1.0053680101
1.0010141803
0.9968081155
0.9987370094
0.9826881856
0.9676083226
0.9632012541
0.9652647713
0.9808690678
0.9849132702
0.9817990235
0.9782640936
0.9649261413
0.9713035236
0.9615256203
0.9721438558
0.9726525911
0.9653610456
0.9596238151
0.9523684410
0.9541756403
0.9696708390
0.9839803197
0.9867963167
0.9850267492
0.9834417431
0.9762121030
0.9647331193
0.9514236270
0.9392282613
0.9388732001
0.9241914128
0.9330966247
0.9559531796
0.9636505919
0.9707693805
0.9954479186
0.9992306159
1.0043067360
1.0085957133
1.0080512005
1.0013694825
0.9872250986
0.9628882022
0.9410695362
0.9306484545
0.9118030126
0.8989924865
0.8918027384
0.8646229433
0.8274708082
0.8113561094
0.8067299525
0.8194039076
0.8555599645
0.8754992701
0.8744693097
0.8781817720
0.8831962512
0.8903901066
0.9037990910
0.9275991027
0.9549673388
0.9809854137
0.9988844567
1.0012922963
1.0002106363
0.9988125392
0.9864418663
0.9704249258
0.9704507192
0.9736162334
0.9677313639
0.9535726105
0.9402787789
0.9411239597
0.9474913923
0.9546957334
0.9665595350
0.9716772510
0.9777499170
0.9855725210
0.9698862628
0.9549693097
0.9633830706
0.9634620728
0.9554446769
0.9672275735
0.9898399887
0.9877603624
0.9815526390
0.9733967299
0.9671460668
0.9746165033
0.9742712017
0.9647023463
0.9802897131
0.9971507670
0.9940425267
1.0025004597
1.0082057377
0.9989888845
0.9882770582
0.9833128783
0.9815289738
0.9796897504
0.9756962976
0.9753735110
0.9820549843
0.9897388400
0.9865765407
0.9930374863
0.9921466033
0.9920621698
1.0023372793
1.0086131075
1.0052698541
0.9914117272
0.9897261307
0.9887801705
0.9866220594
0.9804947022
0.9757353586
0.9842702460
0.9960635389
0.9861485995
0.9665170217
0.9625720365
0.9588686442
0.9788215719
0.9819378834
0.9858323890
1.0003701550
0.9834292631
0.9856084327
0.9966867704
0.9948843723
1.0050478862
1.0059681925
1.0051133187
1.0011791336
0.9970156334
0.9979116094
0.9974426385
0.9893865668
0.9785825886
0.9742984415
0.9773976852
0.9738868751
0.9529038256
0.9201573530
0.9130630121
0.9141792936
0.9203214607
0.9232971298
0.9329089344
0.9536475130
0.9760002798
0.9782280635
0.9691253197
0.9719459703
0.9872978519
1.0009002773
0.9981589759
0.9840373630
0.9789850197
0.9877020381
0.9937836913
0.9936598580
1.0029534409
1.0091345618
0.9865812653
0.9904658843
1.0164695194
1.0072019271
1.0045613517
1.0120035966
1.0092410322
0.9997650222
1.0041107853
1.0010148727
1.0044002338
1.0030533512
0.9879028472
0.9838410218
0.9911366426
0.9913956278
0.9936954258
1.0029416006
1.0054204770
0.9878136140
0.9860442649
0.9801582271
0.9913133668
1.0060553282
0.9938948721
1.0060349181
0.9964999078
0.9926872737
0.9987987011
0.9938819076
0.9801016074
0.9790444504
0.9958401613
1.0005876252
0.9850266274
0.9716120982
0.9730944227
0.9796960240
0.9705003017
0.9647722560
0.9600106941
0.9244179046
0.8658008019
0.7855267742
0.7079688197
0.6573717637
0.6659622328
0.7035374626
0.7855232151
0.8627939292
0.9245340878
0.9657496819
0.9827756664
0.9818853346
0.9858596542
0.9913133639
0.9863639282
0.9876638312
0.9915300733
0.9940476724
0.9889482418
0.9949325216
0.9939373429
0.9804927238
0.9973341262
0.9891529858
0.9870547460
0.9839808246
0.9672491753
0.9546638193
0.9431265099
0.9448117615
0.9473541321
0.9584489425
0.9771665478
0.9931467426
1.0066741042
1.0133849635
1.0119719654
1.0052146299
1.0001511058
1.0012599442
0.9986446459
0.9888187175
0.9817201986
0.9986874963
1.0041192953
0.9982281738
0.9943850287
0.9970744859
0.9989445268
0.9903015424
0.9827636725
0.9812536721
0.9806836014
0.9781250656
0.9733746611
0.9650860367
0.9550318115
0.9513936740
0.9471310299
0.9297905015
0.9483675150
0.9736833780
0.9747227050
0.9831929427
0.9922841211
0.9834924348
0.9880406203
0.9888698799
0.9899818813
0.9960582772
0.9946843899
0.9933112969
0.9976878218
0.9966165652
0.9831654611
0.9607932573
0.9393561002
0.9334966917
0.9377086999
0.9376261980
0.9449587628
0.9745598374
0.9818486021
0.9796181847
1.0010950221
1.0060166656
0.9968000098
1.0037263994
1.0150316655
1.0245295593
1.0258520510
1.0136200702
1.0034764758
1.0071225476
1.0106279080
1.0025124146
0.9940356739
0.9922472571
0.9885285494
0.9908821949
1.0074965475
1.0100737616
0.9984481960
0.9896668841
0.9581364915
0.9649861161
0.9880865288
0.9994993139
1.0018132915
1.0095161812
1.0146345671
1.0117964618
1.0046826715
0.9919783336
0.9804352197
0.9731526275
0.9681500875
0.9737326728
0.9769517175
0.9743718106
0.9751492504
0.9832871540
0.9756070421
0.9888145872
0.9856679296
0.9957884773
0.9960864789
0.9878404549
0.9803677596
0.9821469267
0.9845344210
0.9912077190
0.9905632363
0.9843175699
0.9849751574
0.9943979804
0.9994603622
0.9871563771
0.9728157272
0.9745799561
0.9931352255
0.9940883980
0.9976026003
1.0127822057
0.9868897957
0.9872671852
0.9933292825
0.9890461015
0.9773990574
0.9802092177
0.9915165516
0.9971304761
0.9927071069
0.9965856369
1.0098526653
1.0039108762
0.9859603767
0.9847802007
0.9844583378
0.9849259793
0.9783924398
0.9983725424
0.9944431897
1.0020950877
1.0095528223
1.0144661781
1.0008757354
0.9796994358
0.9831666875
0.9930142288
0.9913665867
0.9825616257
0.9776054082
0.9656845502
0.9590915604
0.9713999579
0.9789129123
0.9739154705
0.9793508010
0.9916886680
1.0073677942
0.9887630316
0.9830183338
0.9975347452
0.9990993970
0.9863552992
1.0031447332
1.0101253715
1.0082481493
1.0027134710
1.0086087508
1.0135231620
1.0094774128
0.9973958470
0.9924182439
0.9935480885
0.9924429294
0.9915029577
0.9890685262
0.9912628421
0.9925426234
0.9786928967
0.9853479029
0.9908700548
1.0003246971
0.9970343094
0.9835902568
0.9875967336
0.9883086730
0.9972352966
1.0106899972
1.0130017752
1.0019043673
0.9957766207
0.9866747330
0.9733343908
0.9749170651
0.9815140824
0.9770562531
0.9799671640
0.9819089430
0.9755459447
0.9734162882
0.9794320591
0.9763452818
0.9818611239
0.9842293145
0.9799399874
0.9828448930
0.9895053024
0.9964385361
0.9941052503
1.0010880287
1.0056231800
0.9935689635
0.9844465097
0.9906540287
1.0011724615
1.0039550774
1.0015020052
1.0119926729
1.0055363748
0.9939577168
0.9834003518
0.9744269188
1.0005596672
1.0018376430
0.9869935828
0.9930564241
0.9909609198
0.9844565073
0.9747012543
0.9707360106
0.9791419775
0.9869276762
0.9896623890
0.9939437254
0.9992094049
1.0027805813
1.0027768864
0.9944541624
0.9899348977
0.9981221643
0.9867585607
0.9879315838
0.9844436210
1.0011288671
0.9763603436
0.9666743835
0.9847718660
0.9959711055
0.9995807904
0.9912210316
0.9939176211
0.9906003266
0.9930574102
0.9970814859
0.9940711650
1.0016989708
1.0095218094
1.0049364765
0.9920357218
0.9967375433
0.9931564781
0.9861802664
0.9736788746
0.9809533181
0.9775638851
0.9811147508
0.9860379310
0.9837445599
0.9860848594
0.9795342950
0.9698598643
0.9649762266
0.9635945745
0.9531371275
0.9422239312
0.9495098841
0.9695360954
0.9868811669
0.9870613622
0.9906175632
0.9959915177
1.0102629414
1.0092702738
0.9962911744
0.9982601221
1.0075244591
1.0125695002
1.0032536039
0.9992315619
0.9833265861
0.9841281655
0.9906008294
0.9904138111
0.9959736432
0.9985753809
0.9904405442
0.9863171560
0.9881789962
0.9992602198
1.0088170716
0.9938015719
0.9683225863
0.9581472907
0.9571011248
0.9471803040
0.9141564331
0.8682780062
0.8227604396
0.7606230262
0.6987007490
0.6669744226
0.6832789329
0.7429269874
0.8177014734
0.8870272156
0.9398927544
0.9736265324
0.9936551322
0.9965059455
1.0004172558
1.0001369334
0.9902086849
0.9936758057
0.9875814260
0.9652999359
0.9720491505
0.9881403310
0.9875150521
0.9905638316
0.9945119810
0.9964169361
0.9984458821
0.9980933779
0.9930226065
0.9888602423
0.9889875002
0.9866203426
0.9792051412
0.9748830564
0.9709325717
0.9588406345
0.9616465249
0.9657098937
0.9707173379
0.9745212512
0.9950022721
0.9878148933
0.9748232128
0.9702641372
0.9741359792
0.9806419794
0.9858861167
0.9903670941
0.9905514855
0.9898465084
1.0030241372
1.0192234739
1.0131668695
0.9961845298
0.9873698224
0.9888613754
0.9803690596
0.9870703455
0.9680540599
0.9691666502
0.9997523572
0.9940373788
0.9675729812
0.9684697766
0.9737787643
0.9832407162
0.9878013537
0.9888083859
0.9881557102
0.9755213265
0.9567073275
0.9537689281
0.9663157713
0.9704998769
0.9633814642
0.9646529722
0.9547404548
0.9537548723
0.9596540294
0.9736402843
0.9771092334
0.9843017673
0.9945555811
0.9986692627
0.9913176060
0.9870571514
0.9780897209
0.9758500808
0.9804927514
0.9796539588
0.9703037184
0.9697064459
0.9820427300
0.9862492571
0.9864340735
0.9961492826
0.9902338668
0.9769114179
0.9886862659
0.9995523781
0.9871184423
0.9845636602
0.9872769235
0.9830160085
0.9847178068
0.9832121766
0.9852484925
0.9884100669
1.0026749761
1.0096745177
1.0068464790
1.0002499516
0.9974929014
0.9985917134
0.9790523384
0.9702008907
0.9863006501
0.9864671185
0.9848350176
1.0053276689
1.0207361892
1.0013736948
0.9897009434
0.9940887069
1.0095976263
1.0198021615
1.0062718017
1.0065819689
1.0117160147
1.0063385898
0.9938403901
0.9897440866
0.9956233545
0.9925374787
0.9873844968
0.9999815637
0.9988520933
0.9925463217
0.9823176269
0.9833349255
0.9779124207
0.9949855565
0.9914653871
0.9683123321
0.9721565421
0.9935702203
0.9977363555
1.0017880623
1.0018179575
0.9995528430
1.0038329025
0.9950134155
0.9784620209
0.9834199948
0.9949389281
0.9937218138
0.9884756608
0.9893350956
0.9887056248
1.0027409753
1.0107329410
0.9944291137
0.9956691456
0.9980353694
0.9995381606
0.9977653406
1.0043248677
1.0025964151
1.0026879486
0.9966889059
0.9893990378
0.9877072320
0.9983216390
1.0096925483
1.0058563411
1.0041708715
0.9939755051
0.9893511806
1.0070171510
1.0172018854
1.0182492986
1.0201587940
1.0043492902
1.0116964247
1.0124096681
0.9824631835
0.9869807420
0.9876017849
0.9891464828
0.9961642776
0.9951345240
0.9900830486
0.9865027306
0.9921685203
1.0083030204
1.0078456224
0.9967177382
1.0074398428
1.0141714153
