#flux
0.9690141446
0.9998844845
1.0098978018
0.9824366412
0.9489172065
0.9377482909
0.9491497414
0.9691245360
0.9763887824
0.9927471370
0.9926597921
0.9698794026
0.9529913020
0.9647979361
0.9933547537
1.0071245254
1.0000307563
0.9756382981
0.9558483108
0.9535238417
0.9614594764
0.9701551798
0.9697733841
0.9482335924
0.9178137070
0.9195400279
0.9393383114
0.9527508289
0.9777485217
0.9721720277
0.9448002478
0.9328101904
0.9405981274
0.9774915318
0.9757896100
0.9596712105
0.9730053566
0.9857897369
0.9719865077
0.9547336266
0.9603928430
0.9774610752
0.9799623358
0.9651187398
0.9554266113
0.9718941467
0.9824992961
0.9635345053
0.9442494912
0.9546291604
0.9838979961
0.9834507095
0.9349454629
0.9031693217
0.9317780696
0.9695017073
0.9815532891
0.9596040802
0.9333366479
0.9311830928
0.9441704209
0.9510311310
0.9409740983
0.9221884295
0.9132526635
0.9114913577
0.9268268512
0.9370416787
0.9330140345
0.9080270818
0.8723038206
0.8763204771
0.8962508946
0.9213323366
0.9277064203
0.9352509404
0.9450393421
0.9525993880
0.9523417249
0.9442155675
0.9382393581
0.9346805658
0.9305368632
0.9325323166
0.9374811408
0.9318270970
0.9143040356
0.8850331432
0.8552299856
0.8215676899
0.7881996347
0.8093892591
0.8275638790
0.8516663342
0.8724712127
0.8793022258
0.8857994455
0.8967136091
0.8963330742
0.8765007716
0.8572165128
0.8581643723
0.8779537671
0.9030953712
0.9163753667
0.9193379614
0.9380983302
0.9518291576
0.9499954809
0.9312848222
0.8930331969
0.8844070828
0.8907169189
0.9024958034
0.9039850669
0.8859235978
0.8787726431
0.8933180258
0.9071846311
0.9138740674
0.9288295774
0.9281971810
0.9096089484
0.9057803151
0.9086750086
0.9058556784
0.9173776878
0.9120538796
0.8897129246
0.8941417462
0.9267738086
0.9289636250
0.9039491840
0.9092850162
0.8992278756
0.8905552067
0.8858586776
0.8952200358
0.9095228682
0.9116849032
0.9111639945
0.9170877528
0.9143890895
0.9029070360
0.9019966154
0.9104085296
0.9102495719
0.8929468908
0.8849580596
0.8958916534
0.8933573975
0.8723976741
0.8962723870
0.9160539094
0.9091247172
0.8953660239
0.8822263676
0.8622779361
0.8361242684
0.8212104523
0.8281565264
0.8453511405
0.8645920933
0.8734332273
0.8629909435
0.8621026146
0.8837512809
0.8820303371
0.8678230819
0.8526099516
0.8397382191
0.8423352710
0.8468594718
0.8279987595
0.8046105592
0.7906308732
0.7734652653
0.7633116841
0.7692153374
0.7989610525
0.8271095466
0.8249756316
0.8173070016
0.8213254710
0.8219722327
0.8211378043
0.8244828120
0.8197908673
0.8147727554
0.8098616141
0.7994719329
0.7882695766
0.7919614030
0.8101095110
0.8000527098
0.7551076532
0.7247581889
0.7205885874
0.7075187483
0.6870211407
0.6584294428
0.6261480104
0.5973622321
0.5562801946
0.4941398167
0.4267317136
0.3608531752
0.3009356671
0.2638987002
0.2349758177
0.2219901888
0.2152319099
0.1933919460
0.1649981492
0.1601226880
0.1709788592
0.1852675774
0.2227544779
0.2388844600
0.2581952761
0.2912754544
0.3349701069
0.3834464679
0.4384537386
0.5047940926
0.5692434362
0.6152046867
0.6497743707
0.6793951810
0.6977215627
0.7139589685
0.7445048573
0.7457352494
0.7413143701
0.7547221644
0.7683040437
0.7809495707
0.7869508907
0.7915127988
0.7963723457
0.7950245749
0.7982645003
0.8059761908
0.8219757662
0.8406601850
0.8480830727
0.8466394834
0.8430092094
0.8387201171
0.8465351240
0.8537571966
0.8363012575
0.8092207143
0.8127488773
0.8195556575
0.8257932893
0.8315802247
0.8314670238
0.8387325712
0.8629757168
0.8866614515
0.9020986830
0.9230532236
0.9273240412
0.9050006305
0.8848561853
0.8746333808
0.8567916210
0.8416559779
0.8498780799
0.8720298280
0.8825354610
0.8635831278
0.8722253598
0.8906011820
0.8880259371
0.8941133555
0.8902807075
0.8991529559
0.9173359485
0.9204176186
0.9237012794
0.9313040761
0.9170548008
0.9048931999
0.9137438323
0.9243180465
0.9226595608
0.9132643972
0.9151168081
0.9239850317
0.9227308845
0.9255023997
0.9456767287
0.9418143506
0.9427090505
0.9282454790
0.9262984698
0.9262458215
0.9266252865
0.9261740593
0.9181355553
0.9060881545
0.9068919350
0.9256604983
0.9410192816
0.9362242653
0.9212650648
0.9270653447
0.9521625582
0.9432534156
0.9369236866
0.9161612536
0.9044060060
0.9039635842
0.8965261942
0.8849334718
0.8521047798
0.8046764973
0.7275677925
0.6881009042
0.7006571114
0.7554028882
0.8117017093
0.8511701323
0.8819476893
0.9068129657
0.9196611781
0.9209503601
0.9195425156
0.9231802834
0.9330701843
0.9383856325
0.9226530908
0.9355631984
0.9691067897
0.9593572022
0.9350611338
0.9120761414
0.9060820292
0.9204624729
0.9110611058
0.9204129879
0.9361815394
0.9264775329
0.9106398705
0.9113424096
0.9264319734
0.9374352220
0.9319138614
0.9287981134
0.9290044704
0.9156185198
0.9129580018
0.9462833371
0.9554159855
0.9496598342
0.9351345050
0.9415070116
0.9549945978
0.9588240079
0.9496533069
0.9504633666
0.9601699597
0.9619231826
0.9651222626
0.9701444323
0.9628600418
0.9492620828
0.9536753326
0.9734548895
0.9726999544
0.9603100744
0.9579317680
0.9578167537
0.9532478528
0.9417121231
0.9047727029
0.8474033043
0.8232158420
0.8443526164
0.8394172673
0.8622460684
0.9029274956
0.9196546535
0.9243489806
0.9347511460
0.9578321451
0.9839027074
0.9831819369
0.9597941881
0.9557115166
0.9660842580
0.9633401477
0.9627191603
0.9588184333
0.9464438697
0.9311063717
0.9374239804
0.9513348491
0.9472408789
0.9200669664
0.8860124472
0.8607430720
0.8534586749
0.8700363120
0.8849249239
0.9048760432
0.9346824008
0.9526039466
0.9595570901
0.9648738706
0.9652962099
0.9438949961
0.8983048293
0.8324489145
0.7641596046
0.7342476971
0.7560062355
0.8515383646
0.8854145772
0.9080988851
0.9521687670
0.9730407897
0.9838848168
0.9849223802
0.9723412180
0.9617273586
0.9627945912
0.9683227901
0.9734164203
0.9757536952
0.9819491376
1.0093914037
0.9918618865
0.9645877110
0.9725902961
0.9629089913
0.9162029168
0.8962363821
0.9259994861
0.9544748158
0.9673650884
0.9897320038
0.9947365610
1.0001118011
0.9992664100
0.9798393819
0.9558171953
0.9534041781
0.9654321939
0.9732173030
0.9861309769
0.9834872701
0.9762018104
0.9724305501
0.9645419911
0.9704839476
0.9784278772
0.9839983066
0.9737411769
0.9588563588
0.9333432791
0.9499299702
0.9686386405
0.9629474698
0.9568013556
0.9645184035
0.9795389302
0.9932245808
0.9969004763
0.9884644584
0.9763833758
0.9651948970
0.9610738319
0.9707673171
0.9886453647
0.9788608746
0.9772802401
0.9732254284
0.9708417932
0.9791529188
0.9754432634
0.9676937343
0.9765944419
0.9793445335
0.9717083179
0.9739791428
0.9789023740
0.9695235050
0.9655667345
0.9721744241
0.9661991460
0.9690126551
0.9898801867
1.0073348139
1.0073031247
1.0077980432
1.0090078842
0.9784972744
0.9308554618
0.9068541613
0.9211615465
0.9272584565
0.9201138802
0.9150532466
0.9258459140
0.9333430722
0.9439586976
0.9582315695
0.9651020460
0.9737682273
0.9904386790
1.0000293930
0.9962803847
0.9828149227
0.9588031053
0.9634129779
0.9451862252
0.9253087949
0.8878175853
0.8816021419
0.8914993260
0.9182885127
0.9485444425
0.9521827705
0.9435966092
0.9449810474
0.9477355821
0.9541956357
0.9696930258
0.9794837678
0.9858565885
0.9975763477
0.9910239291
0.9807694370
0.9836240459
0.9978186180
0.9948970246
0.9816321161
0.9938810432
0.9834814046
0.9523659354
0.9565601826
0.9685511098
0.9623550590
0.9656532508
0.9704856954
0.9870080783
1.0022254115
0.9960559471
0.9732117368
0.9551687728
0.9535339117
0.9546335949
0.9534195680
0.9509301175
0.9349824227
0.9115009893
0.9028424272
0.9059563540
0.9233941846
0.9341759385
0.9339897476
0.9623378215
0.9586808812
0.9493039229
0.9484691827
0.9480460093
0.9528632759
0.9658759664
0.9764793409
0.9810075613
0.9843420597
0.9819936807
0.9723435327
0.9692422769
0.9745456171
0.9863966725
0.9950744241
0.9953692644
0.9790300707
0.9887990882
0.9855062414
0.9864286620
0.9815752173
0.9895525944
1.0006622917
0.9901604020
0.9649650704
0.9484500832
0.9434625086
0.9399093169
0.9440679710
0.9656452617
0.9849289633
0.9783775293
0.9640353064
0.9700688229
0.9741630596
0.9660123483
0.9523723716
0.9542664221
0.9109039609
0.8369853245
0.7915603817
0.8057563245
0.8611525004
0.9181531169
0.9672250609
0.9840675302
0.9749772900
0.9751852334
0.9809589040
0.9759555513
0.9701552176
0.9627003325
0.9709201817
0.9730003925
0.9640571700
0.9650615637
0.9801699127
1.0035499967
1.0006188302
0.9614781829
0.9318241863
0.9284801429
0.9495282441
0.9769259290
0.9881401049
0.9856150657
0.9849535327
0.9873519510
0.9873193222
0.9860277388
0.9846463441
0.9778948711
0.9625012279
0.9646322090
0.9803788341
0.9937522108
0.9974413012
0.9908819286
0.9921531134
0.9773030518
0.9736661844
0.9839367425
1.0123583507
0.9969206674
0.9845339283
0.9813692731
0.9765964069
0.9898195645
1.0030919249
0.9990456429
1.0038503825
1.0137731640
1.0171189866
1.0045649531
0.9848364204
0.9999775157
1.0227136405
0.9993327060
0.9933670993
0.9782081163
0.9750077659
0.9779906025
0.9682100958
0.9891259607
1.0034818578
1.0001328798
0.9998224180
1.0017621430
1.0000310553
0.9992417369
0.9967612846
0.9889644174
0.9846441571
0.9864771349
0.9906868733
1.0108728768
1.0308092253
1.0075060681
0.9841180916
0.9717816618
0.9674382552
0.9539086389
0.9352240465
0.9466950007
0.9713837032
0.9779481248
0.9728539492
0.9647687160
0.9587121871
0.9590897785
0.9660426924
0.9755928859
0.9724190846
0.9583297703
0.9698249937
0.9803961163
0.9901838600
0.9966498928
0.9919720163
0.9659771183
0.9512425565
0.9461374045
0.9257154203
0.9262968046
0.9285052707
0.9115602087
0.8834906089
0.8431429971
0.7767562389
0.6999668985
0.6566466022
0.6692646925
0.7261368923
0.8100655918
0.8958943029
0.9484993005
0.9620645339
0.9636419490
0.9589942271
0.9769094432
0.9837733632
0.9470975232
0.9394310239
0.9017320716
0.8334719244
0.7672828046
0.7226425717
0.7175903198
0.7622989987
0.8392137192
0.9078917402
0.9383607084
0.9427561469
0.9575346839
0.9824670719
0.9849516833
0.9788574331
0.9710855904
0.9699242348
0.9691847795
0.9836592549
0.9754913043
0.9996867767
1.0157443642
0.9923844798
0.9808313416
0.9966107488
1.0100452496
1.0084211953
1.0007718362
0.9909444330
0.9875595155
1.0032446819
1.0162334172
0.9958933374
0.9747217503
0.9822444195
0.9833279567
0.9584511559
0.9495276822
0.9669691422
0.9726343705
0.9910932033
0.9942375915
0.9828188633
0.9765592475
0.9959703522
1.0008199799
0.9931270225
0.9849736205
0.9775330563
0.9808638132
0.9900220357
0.9873688941
0.9800285265
0.9774568073
0.9758445290
0.9888067766
1.0025535111
0.9964339915
0.9806048065
0.9882836008
0.9725628367
0.9481472588
0.9205525766
0.8934559294
0.8786760491
0.8614766340
0.8470229145
0.8555775670
0.8925328966
0.9351597526
0.9592205608
0.9644533048
0.9613109830
0.9646586964
0.9823685936
0.9941554926
0.9908015511
0.9874793380
0.9756510052
0.9730948472
0.9661076807
0.9548698098
0.9344708200
0.9088430859
0.9046860935
0.9333810662
0.9688667233
0.9978093714
1.0059501550
0.9909293154
0.9705119884
0.9616649647
0.9617333273
0.9508789164
0.9529093304
0.9737771208
0.9980556814
1.0203858597
1.0392204898
1.0300298877
0.9996385727
0.9927558006
1.0017197068
1.0056615132
1.0028752504
1.0044683286
1.0085470982
1.0084904059
1.0177932521
1.0295358199
1.0226590387
1.0058535653
1.0002596498
1.0078128526
1.0150642141
1.0062604082
1.0043764880
1.0070184994
0.9839979825
0.9865223775
0.9955528220
0.9997116531
0.9982625692
0.9894286277
1.0003931295
1.0249789690
1.0191945851
0.9879251601
0.9676750885
0.9667361130
0.9883157736
1.0128687574
1.0118253391
1.0147020763
1.0288786381
1.0216218471
1.0114735405
1.0088242936
1.0015874370
0.9814113590
0.9682696614
0.9768540812
0.9958996944
0.9844177949
0.9850463196
1.0016337149
1.0144331705
1.0250764401
1.0330520048
1.0235945890
1.0069157925
1.0060035093
1.0115488458
1.0056211644
0.9986693990
0.9982045015
0.9998218073
1.0020569582
1.0074021654
1.0085127583
1.0434400616
1.0596281043
1.0207564727
0.9808830429
0.9764920729
0.9920768832
1.0107769048
1.0284220546
1.0299240484
1.0210961949
1.0044217608
1.0004719664
1.0132483838
1.0143711733
1.0194996516
1.0248511967
1.0066350177
0.9956295354
1.0109003888
0.9993608581
0.9258011823
0.8847491602
0.8908755123
0.8975968579
0.9218288415
0.9382421039
0.9643647711
0.9854139547
0.9863673382
0.9883837278
1.0098513455
1.0283289026
1.0289437137
1.0164422368
1.0003511958
1.0104772872
1.0136906314
1.0026173211
0.9777662630
0.9645478822
0.9813070061
0.9866367030
0.9994360195
0.9848911965
0.9772064716
0.9848555733
0.9798173226
0.9788276772
0.9868698592
1.0010273204
0.9984045067
0.9830648843
0.9915068758
1.0158430533
1.0176003639
1.0088892178
1.0067611466
1.0013148384
0.9987312313
0.9809336372
0.9749611058
0.9707246081
0.9672276604
0.9777576352
0.9866955843
1.0041324815
1.0100011743
1.0078107452
1.0096972969
1.0001401113
0.9974438789
0.9960216638
0.9844726529
0.9818075248
0.9922964001
1.0025294893
1.0007407021
0.9717562551
0.9493135628
0.9257533715
0.9517304887
0.9867841589
0.9947305299
0.9885790494
0.9903674234
1.0172806095
1.0216398608
0.9998079783
0.9873324637
0.9912058981
0.9919593421
0.9844418337
0.9830729034
0.9786990450
0.9509099663
0.9119950148
0.8693920084
0.8115031900
0.7753226988
0.7822526584
0.8224652877
0.8885967534
0.9473058779
0.9643220371
0.9577033198
0.9495972409
0.9255811536
0.9365608597
0.9578631480
0.9723511542
0.9758311790
0.9852068979
0.9949874202
0.9897934477
0.9863653709
0.9950823593
0.9970165544
1.0009138382
1.0191671023
1.0198401694
1.0037352511
1.0066987344
1.0229974278
1.0020849156
1.0068895587
1.0448390667
1.0400842904
1.0184744710
0.9979728513
0.9830914398
0.9857310617
0.9942490733
0.9964126583
1.0007020032
1.0145905728
1.0201646067
0.9996185870
0.9810973113
0.9960747865
1.0147201396
1.0284166155
1.0212832767
0.9975271262
0.9985705111
1.0068333810
1.0174218055
1.0192379197
1.0059104467
0.9853940326
0.9770851485
0.9803514653
0.9742168345
0.9647026306
0.9770450397
0.9983357947
1.0030774553
1.0052791216
1.0203725126
1.0349344035
1.0264155057
0.9967183307
0.9971948583
0.9998308983
1.0001197894
0.9959323954
0.9746114478
0.9886972654
0.9746422672
0.9769737763
0.9828914880
0.9738367015
0.9522645280
0.9498966417
0.9558919663
0.9508467046
0.9416172368
0.9277199492
0.9151304513
0.9303603664
0.9748349113
0.9989409178
0.9993642452
1.0060647136
1.0040513762
1.0092992859
1.0261716799
1.0188102185
1.0059925304
1.0000052729
0.9893505145
0.9907481221
0.9898584310
0.9820399706
0.9922811858
1.0095289065
1.0131648978
1.0047253088
0.9936618699
1.0046676720
1.0221215564
1.0324067601
1.0318735722
1.0049488345
1.0093748510
1.0295258863
1.0204494034
1.0100476598
0.9815416634
0.9843664660
1.0010797098
1.0046989324
1.0108849153
1.0181492103
1.0155169726
1.0008751454
0.9875153167
0.9825557936
0.9900305487
1.0083735478
0.9989940383
0.9953607268
1.0316371907
1.0225057557
1.0091736308
1.0150748547
1.0064916229
0.9815606092
0.9700717114
0.9878834622
0.9685560708
0.9561674506
0.9650690878
0.9779634297
1.0036898571
1.0120592701
0.9980266349
1.0005265473
1.0096922531
0.9919698312
0.9685178753
0.9702067862
0.9912738798
1.0131444267
1.0378582572
1.0330971810
1.0067903523
0.9884573339
0.9892594731
1.0050849983
0.9911399045
0.9742677043
0.9756729726
0.9803083380
0.9926313786
0.9968877436
0.9840278275
0.9847772951
1.0039194331
1.0057390303
0.9941695660
1.0070492828
1.0469030399
1.0380167747
1.0031913761
1.0014118520
0.9915729215
0.9992769282
0.9932100556
0.9835523070
0.9952583163
1.0087664129
1.0195474210
1.0092461226
0.9929803629
0.9870895701
0.9827040051
0.9817645719
0.9906816995
1.0054260543
1.0171514048
1.0074134184
0.9997532925
0.9974277977
0.9881385441
0.9818075395
0.9852557105
0.9882829073
1.0021029376
0.9949624029
1.0110718701
1.0362867698
1.0244058634
1.0068146407
0.9975965015
1.0058086206
1.0520917706
1.0610800267
1.0179576965
0.9920401960
0.9826009487
0.9937283278
0.9986644525
0.9939951650
0.9756954616
0.9841311231
0.9709698283
0.9503521527
0.9729365311
0.9923578718
0.9683092064
0.9529923888
0.9787804812
0.9924524437
0.9776473645
0.9790009330
1.0060448877
1.0216068049
1.0097327864
0.9990578069
1.0001326096
0.9940295419
0.9944064944
0.9921563734
0.9949465723
1.0008489726
1.0129672660
0.9948002443
0.9848089502
0.9794711469
0.9746155446
0.9708817191
0.9696941844
0.9903419872
1.0088714669
1.0067484206
1.0053429762
1.0052625987
1.0070281723
1.0066358131
1.0004758772
0.9994237453
0.9835499903
0.9675197356
0.9718597916
0.9711531200
0.9792278565
1.0001124209
1.0223425490
0.9955246866
0.9865888089
0.9913837889
0.9747196623
0.9739796534
0.9924498384
0.9963774121
0.9912697102
0.9989443197
0.9985063146
0.9895145999
0.9867954294
0.9673348097
0.9338978125
0.9181573405
0.9227685134
0.9274136764
0.9488506115
0.9676779215
0.9705900580
1.0027441767
0.9855648458
0.9681118516
0.9708792770
0.9944880152
1.0037718963
1.0045318140
1.0075704996
1.0050122850
0.9981090026
1.0053222723
1.0185739664
1.0051077436
0.9815614897
0.9917991927
1.0034901015
1.0070448489
0.9935771595
0.9815048546
1.0034180720
0.9851764927
0.9885976455
1.0085875913
1.0142699645
1.0211451528
1.0094301941
0.9770472258
0.9736071625
1.0015057616
1.0234427408
1.0200142914
1.0125032782
1.0075268239
0.9832677058
0.9494987870
0.9169840020
0.8948519011
0.8690401857
0.8830492708
0.9032250839
0.9279642983
0.9545953412
0.9704840474
0.9688527196
0.9624432431
0.9705642557
0.9967342145
1.0175081526
1.0278671239
1.0227603314
0.9975540546
0.9750848740
0.9756255410
0.9841446471
0.9938121169
1.0213570721
1.0422461890
1.0274644097
1.0002427818
1.0014467172
1.0070731561
0.9964443777
1.0029636330
0.9967012602
0.9928351436
1.0003291338
1.0005230243
1.0046011808
1.0119062871
1.0098210656
1.0088473760
1.0133288637
1.0159084012
1.0049737921
0.9761183663
0.9639633740
0.9784519494
0.9786412758
0.9721867242
0.9638225454
0.9561186926
0.9602867514
0.9871761165
0.9791070386
0.9796621987
0.9930387813
1.0059429549
1.0109644956
1.0100123398
1.0022853904
0.9963341186
0.9804003411
0.9635480748
0.9673553949
0.9792142952
0.9783116871
0.9527436921
0.9455698372
0.9540368790
0.9632535655
0.9870836907
0.9714241628
0.9616740131
0.9808079725
0.9698224763
0.9750381456
0.9733566840
0.9555050584
0.9537015898
0.9855492228
0.9984163816
0.9787101816
0.9746099035
0.9947980255
1.0065326954
1.0061196043
0.9946120650
0.9596656149
0.9371681105
0.9593675475
0.9544589428
0.9616405766
0.9736609680
0.9664114198
0.9609510820
0.9797459162
0.9766861357
0.9548879059
0.9527307449
0.9702198754
0.9849095417
0.9703084985
0.9390436451
0.9132603034
0.8927283518
0.8829991737
0.8879898462
0.8861984274
0.8528449898
0.7991086671
0.7623421179
0.7340423652
0.7631836036
0.8282758116
0.8475380353
0.8497745675
0.8512104461
0.8636640770
0.8773641065
0.8882226774
0.9131079028
0.9358692227
0.9538679212
0.9758380071
0.9839802682
0.9837115239
0.9996418013
1.0050169707
1.0063247868
1.0013167426
0.9942496845
0.9647843955
0.9153163261
0.9018633375
0.8847599889
0.8931845351
0.9251514850
0.9627428977
0.9722540382
0.9704661824
0.9692450307
0.9513471611
0.9180030897
0.9114786874
0.9387807355
0.9721263674
0.9897641861
0.9683577237
0.9617162874
0.9954796885
0.9999133838
0.9785207688
0.9774491219
0.9819600905
0.9786165146
0.9706795398
0.9867297993
1.0159331983
1.0165501398
1.0002968243
0.9831469675
0.9839394035
0.9925332816
0.9909848786
0.9813148927
0.9871335478
1.0060260152
1.0045182289
0.9918564119
0.9700328026
0.9982335986
1.0139679637
1.0179256075
1.0229096517
1.0075591470
0.9886254331
0.9859197190
0.9781498282
0.9637071586
0.9521182418
0.9645514651
0.9779208998
0.9726569881
0.9560377738
0.9547899337
0.9789701002
0.9982831758
0.9932531169
0.9861357187
0.9779405786
0.9660323711
0.9524015768
0.9825830903
1.0173648374
1.0044018383
0.9884347171
0.9946491284
0.9909272347
0.9832404956
0.9871518810
0.9918354738
0.9888733431
0.9698927794
0.9771812685
0.9926608876
0.9911743915
0.9785229274
0.9560665273
0.9466319829
0.9184893490
0.9129430775
0.9309148926
0.9194324966
0.8993171291
0.9214851713
0.9689779576
1.0010706747
1.0058876056
0.9786958447
0.9793160143
0.9911568944
0.9927476128
1.0118635263
1.0251137470
1.0076906078
0.9835764647
0.9851819473
1.0025932506
0.9954546390
0.9696669651
0.9721031235
0.9981318667
1.0192130176
1.0266503192
1.0098117946
1.0095710212
0.9947265447
0.9741703881
0.9989515780
1.0294448760
1.0240714342
1.0105146867
1.0032905238
0.9955356428
0.9744113319
0.9729615464
1.0035311569
1.0164873389
1.0001611226
0.9983948803
1.0124244986
0.9966176554
0.9828787414
0.9722573838
0.9944990770
1.0157228701
0.9776519658
0.9700673820
0.9910274644
0.9856985766
0.9760299803
0.9801695279
0.9912207056
1.0162173964
1.0194010845
0.9980090736
0.9743548914
0.9650386443
0.9765593394
0.9726380313
0.9519973939
0.9565434331
0.9021609489
0.8162585462
0.7572849579
0.6991940822
0.6884114490
0.7585137950
0.8318994744
0.8743593950
0.9278203413
0.9790281748
0.9999202077
0.9973459881
0.9923399999
0.9803569909
0.9701284329
0.9763545732
0.9870190887
0.9876094775
0.9844341473
1.0014924222
1.0179010677
1.0002106518
1.0004371084
0.9820936412
0.9845993349
0.9835785437
0.9783590781
0.9620732586
0.9328807533
0.9725309493
0.9984152849
0.9990959878
0.9859618979
0.9879363851
1.0071674885
1.0084086321
0.9878821672
0.9754158832
0.9771353018
0.9829792040
0.9879143492
0.9903515287
0.9724995685
0.9712856840
0.9828705749
1.0000804045
0.9757244638
1.0108624711
1.0251207069
1.0109351232
1.0014972036
1.0004288005
1.0042085402
0.9977621522
0.9882444300
0.9810722413
0.9653937602
0.9386104089
0.9202544338
0.9380234403
0.9639234134
0.9723764640
0.9904050210
0.9997568315
0.9768713489
0.9964073214
1.0016557949
1.0141686402
1.0125502565
0.9806221315
0.9717460581
0.9686026964
0.9787202357
0.9981266931
0.9780019414
0.9522102700
0.9517632057
0.9471397521
0.9526470575
0.9803618039
0.9994547950
0.9795577557
0.9590288110
0.9652282241
0.9899029661
0.9925500176
0.9984996794
1.0047895774
1.0127290228
1.0129242814
1.0006903407
0.9982270877
1.0111621267
1.0258106678
1.0221684643
0.9998004110
0.9918288647
0.9999069087
0.9942782713
0.9878666366
0.9915746688
0.9935310587
0.9947940401
0.9964452306
1.0095334032
1.0066073757
1.0197351304
1.0131235613
0.9898190856
0.9816897366
0.9852657538
0.9924790700
0.9863149426
0.9864772125
1.0034030277
1.0114192774
1.0046595270
0.9949118757
0.9875212829
0.9898337203
0.9978161544
0.9989586833
0.9737751671
0.9681120983
0.9910160298
0.9910099868
0.9738991711
0.9698668737
0.9796843352
0.9920991843
0.9936161461
0.9829018373
0.9859131934
1.0104523449
1.0073642390
0.9787778960
0.9641809500
0.9652803989
0.9681230115
0.9701825325
0.9717167717
0.9806703443
0.9707430670
0.9707814924
0.9632739602
0.9536525510
0.9535378179
0.9685917348
0.9836769513
0.9817662502
0.9636954305
0.9470108819
0.9774243188
1.0068359473
1.0064360877
0.9959699821
0.9720466734
0.9529607228
0.9666499762
0.9865349483
0.9847731242
0.9724783261
0.9583454457
0.9648941065
0.9823482685
1.0041084123
0.9934044516
0.9808483329
1.0049370068
0.9840701153
0.9591786125
0.9564371676
0.9379591316
0.9346595994
0.9221508226
0.9196945668
0.9313567827
0.9422887263
0.9551697516
0.9700177163
0.9810584307
0.9879013193
0.9886141933
0.9962790452
0.9966518081
1.0111547296
0.9974124619
0.9960924841
1.0009503000
0.9919762182
1.0057026500
1.0144134620
1.0162406101
1.0033314362
1.0026472862
1.0134102798
1.0048149071
0.9893240837
0.9881534125
0.9903486118
0.9798333124
0.9622994707
0.9667467393
0.9906076203
1.0074880315
0.9925526677
0.9775161322
0.9812823845
0.9607780456
0.9693391080
0.9854066354
1.0003603221
0.9886990943
0.9732245942
0.9719731380
0.9690813953
0.9687272532
0.9871003774
1.0074739822
1.0088891974
0.9997366158
0.9922101708
0.9890408256
0.9874845100
0.9757577267
0.9809697318
0.9923492638
1.0068617490
1.0063071320
0.9865246319
0.9953452005
1.0075061874
0.9844407991
0.9695933935
0.9646330781
0.9937064998
1.0070111222
0.9833788090
0.9670958493
0.9795062045
0.9845300387
0.9732690213
0.9890476808
1.0180086056
1.0186968195
0.9937247513
0.9768469201
0.9836918655
0.9731191114
0.9785259744
0.9871701629
0.9876641276
0.9686449362
0.9713565331
0.9571221044
0.9649314506
0.9666045391
0.9596909521
0.9674648985
0.9802201750
0.9811657793
0.9810625074
0.9937870079
1.0030175557
0.9823855232
0.9524865490
0.9405845887
0.9336084218
0.9669610768
0.9805229904
0.9749885248
0.9872777848
0.9631933120
0.9441370902
0.9494164244
0.9569667038
0.9705577310
0.9926511872
0.9916519509
0.9777047354
0.9685249039
0.9636431480
0.9634217447
0.9538045443
0.9632781900
0.9908609104
1.0032849679
0.9980117079
0.9947923059
0.9862841484
0.9761102171
0.9599723570
0.9291147620
0.9139522133
0.9196180846
0.9262990129
0.9437362538
0.9478708548
0.9414937812
0.9468113171
0.9620227901
0.9734965121
0.9784563689
0.9843374953
0.9908092858
0.9761827066
0.9604438398
0.9561888324
0.9647485643
0.9964223092
0.9936969556
0.9754367968
0.9691216248
0.9780336528
0.9758171123
0.9722798784
0.9846404304
0.9788597977
0.9698729532
0.9739449201
0.9873832374
1.0060618629
1.0073033612
0.9849145781
0.9706253347
0.9531810584
0.9412171426
0.9086841483
0.8594461348
0.8206600784
0.7815416594
0.7318764056
0.6850484192
0.6694122754
0.7073008245
0.7799803023
0.8640884431
0.9228169397
0.9570453602
0.9817690821
0.9922067487
0.9890826115
0.9783958817
0.9711264006
0.9869812026
1.0016453102
0.9936724152
0.9947881288
0.9771014278
0.9880374865
0.9922341519
0.9739745358
0.9817802603
0.9707416638
0.9658304211
0.9556792425
0.9473153054
0.9556196624
0.9609039873
0.9712980653
0.9887123687
0.9835056648
0.9599071357
0.9475288271
0.9546373186
0.9754422712
0.9666770482
0.9628228529
0.9634970755
0.9533302271
0.9757956270
0.9573574339
0.9277348422
0.9283488199
0.9449906048
0.9635038242
0.9715558107
0.9689712070
0.9817775665
0.9881363879
0.9871615810
0.9810113039
0.9679684662
0.9563636875
0.9501252832
0.9547539908
0.9668805135
0.9784575771
0.9816053942
0.9574627317
0.9575749201
0.9720790890
0.9924301958
0.9734788622
0.9766531586
0.9764028552
0.9720893216
0.9719967748
0.9705796002
0.9586913955
0.9460432943
0.9377716319
0.9548964594
0.9688350073
0.9448755186
0.9379258093
0.9534992764
0.9563399386
0.9315166957
0.9368369080
0.9422536942
0.9517032100
0.9785017891
0.9905611487
0.9644849535
0.9687987882
0.9705596050
0.9546189726
0.9539834318
0.9697418928
0.9786001090
0.9655329540
0.9488089049
0.9534330104
0.9771084203
0.9985407128
0.9886890207
0.9472921248
0.9527671617
0.9820774063
0.9868985534
0.9479921340
0.9414037641
0.9630355576
0.9653648086
0.9736600336
0.9896998173
0.9948769916
0.9807673881
0.9767829137
0.9878418061
0.9957031818
0.9909550797
0.9812724722
0.9777453967
0.9755260312
0.9662626857
0.9566082372
0.9428936046
0.9619101181
0.9832788282
0.9814818485
0.9830045327
0.9812848792
0.9891136959
1.0178068040
1.0116312475
0.9991347880
0.9973322318
0.9978041957
0.9897583468
0.9771029661
0.9758021413
0.9785708195
0.9801170111
0.9944833865
1.0091071208
1.0007255419
0.9921039554
1.0028768433
1.0012226069
0.9783131810
0.9315270640
0.9558273828
0.9758852967
0.9840967910
1.0005356361
1.0064418536
1.0038792202
0.9954821892
0.9972408845
0.9843344155
0.9763459804
0.9909479645
1.0019423940
0.9929123083
0.9806720070
0.9865298369
0.9972381892
0.9714594587
0.9548969812
0.9595213377
0.9686144927
0.9918103564
1.0315823824
1.0209300416
1.0403156890
1.0495746645
1.0289921835
0.9830469565
0.9576199236
0.9632324223
0.9714531422
0.9764646677
0.9802684909
0.9808386987
0.9811708791
0.9904708246
1.0064386644
0.9798370333
0.9639219773
0.9754380373
0.9793216376
0.9716021509
0.9991108595
1.0007602887
1.0007290093
1.0005587084
1.0060238431
0.9779775446
0.9718683466
0.9643659817
0.9672604842
0.9840490099
0.9840205971
0.9772139660
0.9984597361
