#flux
0.9982038900
0.9939941397
0.9962362695
0.9906531236
0.9834261476
0.9686748009
0.9626602180
0.9699887871
0.9796635762
0.9865176419
0.9902364901
0.9935192446
1.0035280405
1.0156383835
1.0042194495
0.9829985463
0.9778731503
0.9846696741
0.9764836583
0.9642724086
0.9612002092
0.9572343496
0.9537815964
0.9456573405
0.9297040229
0.9073196944
0.8795715274
0.8565583068
0.8452255096
0.8474791123
0.8675383178
0.8974370951
0.9201594507
0.9394712610
0.9487528473
0.9230505333
0.8842952264
0.8408123194
0.8027722123
0.7783490632
0.7714734856
0.7880136693
0.8098361425
0.8355337490
0.8592688698
0.8752127873
0.8976823250
0.9223104883
0.9379323892
0.9526871615
0.9701460902
0.9763996234
0.9754540753
0.9824605246
0.9779122152
0.9853636122
0.9954897307
0.9965344579
0.9917056629
0.9880256737
0.9927025615
1.0062244005
0.9997580243
0.9716747351
0.9624057340
0.9690761178
0.9541156309
0.9072253286
0.8534139578
0.8172411309
0.8013653098
0.7981838862
0.8131233754
0.8555512053
0.8997457527
0.9226794322
0.9516113424
0.9877862137
0.9975549922
0.9807489813
0.9743422217
0.9644108272
0.9494090049
0.9552048154
0.9539378449
0.9517758311
0.9479290525
0.9386827758
0.9255064792
0.9121399115
0.9095656175
0.9146487258
0.9024081104
0.8807448932
0.8797022990
0.8774083123
0.8827213872
0.8704630212
0.8403206769
0.8166357317
0.8041240120
0.8067060238
0.7986562990
0.8089359100
0.8444371372
0.9015386712
0.9441714152
0.9682464752
0.9853509493
0.9870018169
0.9695999363
0.9461610821
0.9307271996
0.9301700862
0.9284115627
0.9417535328
0.9615982227
0.9704265348
0.9664868911
0.9702413757
0.9841479438
0.9873861785
0.9979556126
1.0072715511
1.0046817166
0.9992389826
1.0005584343
1.0001822500
0.9946771790
0.9879375645
0.9747429521
0.9526741483
0.9364357177
0.9307269214
0.9207894429
0.9168651591
0.9058032973
0.9181517180
0.9404501861
0.9630646502
0.9840839099
0.9905018959
0.9895292871
0.9895346548
0.9941608395
0.9979680327
0.9958243306
0.9961188941
1.0023243876
1.0030009308
0.9941661822
0.9918799286
1.0042421078
1.0134822806
1.0114749372
1.0087276480
0.9846370099
0.9536511080
0.9358345159
0.9247162002
0.9083440607
0.8933983843
0.8998831405
0.9303276349
0.9545351340
0.9707954933
0.9853270705
0.9965332141
0.9958037114
0.9813374731
0.9658884627
0.9586636897
0.9513540602
0.9411066720
0.9439808915
0.9525507482
0.9304318463
0.9166010206
0.9249441310
0.9563027274
0.9768867689
0.9907348979
0.9989346776
1.0044232615
1.0201508561
1.0290612714
1.0320557042
1.0184138654
1.0004611468
0.9841234467
0.9653299522
0.9521692470
0.9503490768
0.9511710207
0.9425865753
0.9315198321
0.9355774177
0.9377002891
0.9270536429
0.9093435889
0.8717263145
0.8209862408
0.7611205089
0.6901385169
0.6077904192
0.5245177880
0.4529866668
0.3915199786
0.3415452867
0.2977988221
0.2584336954
0.2302828323
0.2136341513
0.2043399451
0.1991334622
0.1937286815
0.1903377957
0.1980768712
0.2198431821
0.2555894186
0.2986782018
0.3389246095
0.3796695900
0.4376203171
0.4985753786
0.5623675855
0.6331948018
0.7041813338
0.7691371549
0.8245363483
0.8607601908
0.8761506950
0.8779663056
0.8693251459
0.8586221791
0.8552633011
0.8797194801
0.9090177925
0.9238450015
0.9406808397
0.9577881913
0.9620834518
0.9726970503
0.9841508785
0.9958483339
0.9949335592
1.0001380002
1.0059031685
1.0031730433
1.0027663479
1.0129521085
1.0222098797
1.0159559735
0.9966702455
0.9757680906
0.9547089085
0.9334071927
0.9102061515
0.8962577876
0.8985888268
0.9073056855
0.9089026851
0.9160401123
0.9470381734
0.9776315582
0.9879529100
0.9872233986
0.9869731319
0.9902180612
0.9946894163
0.9934750854
0.9895302872
0.9926318649
0.9978652371
0.9990511828
1.0089489034
1.0265504491
1.0187397616
0.9929584496
0.9931409880
1.0024067115
0.9989993341
0.9983320304
1.0004486978
1.0022365712
1.0030268611
0.9971956710
0.9926198235
0.9995842940
0.9859043069
0.9515289257
0.9319558709
0.9306388390
0.9350828947
0.9468136185
0.9620580670
0.9842954530
1.0019022856
1.0040140045
1.0258224605
1.0440961556
1.0284664978
1.0393816934
1.0338664637
1.0247487684
1.0264154571
1.0373345674
1.0376054813
1.0199968303
1.0063357475
1.0114987345
1.0120798707
0.9886281640
0.9650538833
0.9624014223
0.9548348931
0.9119406336
0.8603598343
0.8245901719
0.7841261018
0.7377883084
0.7306327541
0.7775972336
0.8381064859
0.8830418279
0.9194969674
0.9547163866
0.9867328714
1.0003780938
0.9979131108
0.9856668313
0.9679563879
0.9602177458
0.9707408508
0.9787046458
0.9681584245
0.9624743742
0.9667201178
0.9512078876
0.9497113420
0.9571237436
0.9581212568
0.9504969075
0.9438623632
0.9323960482
0.9271376550
0.9372330850
0.9472603652
0.9521356972
0.9566458278
0.9491635037
0.9336228089
0.9225496908
0.9206670461
0.9404445446
0.9725657424
0.9951845144
0.9942257765
0.9929033575
1.0056917216
1.0178024421
1.0330901917
1.0255823168
1.0192321890
1.0211718800
1.0207714482
1.0190732715
1.0164833688
1.0099365738
0.9939572206
0.9821520894
0.9895220535
1.0012250095
0.9966394792
0.9794307828
0.9475177467
0.8855039595
0.8147922034
0.7504616006
0.6968031885
0.6489955179
0.6473164775
0.7093892510
0.7905485239
0.8589982967
0.9150268588
0.9618756845
0.9994355935
1.0152456529
1.0224357510
1.0240678386
1.0197085419
1.0204492363
1.0261506934
1.0260394427
1.0193967878
1.0100312611
1.0005315583
0.9883446721
0.9729319431
0.9568624428
0.9120173237
0.8288435448
0.7652530296
0.7323570444
0.7487424507
0.7940268400
0.8413691562
0.8849536670
0.9180864249
0.9386511496
0.9482744575
0.9394419696
0.9058572253
0.8504209810
0.7839867398
0.7332540513
0.6971373159
0.6795209715
0.6983495943
0.7586262915
0.8206657338
0.8806979433
0.9296128627
0.9579153580
0.9707384617
0.9778411167
0.9871319729
0.9921388877
0.9798525689
0.9402874965
0.8988462509
0.8753719250
0.8518079231
0.8234346189
0.8141128928
0.8249567207
0.8358222270
0.8540886214
0.8872873129
0.9099741642
0.9201100966
0.9424104876
0.9592944479
0.9721056058
0.9656212788
0.9645787099
0.9585610493
0.9636685632
0.9730408962
0.9758531777
0.9840260010
0.9983829353
1.0001105696
0.9918364464
0.9931441844
1.0003605840
1.0093547024
1.0135772882
1.0182507997
0.9912616326
1.0023407433
1.0183196541
1.0258355261
1.0134895698
1.0027709404
1.0097907984
1.0292068303
1.0368315886
1.0173086241
1.0104082828
1.0193882321
1.0186102033
1.0030515649
0.9925121830
1.0074295519
1.0166208973
1.0077314871
0.9936924887
0.9942696521
0.9895302533
0.9781306790
0.9845372031
0.9945453026
0.9971324438
0.9985984949
0.9980599665
0.9925046265
0.9909738387
1.0009425720
1.0100447769
1.0141146833
1.0139466514
1.0104147399
1.0093424164
1.0098884369
1.0090440025
1.0079451046
1.0003799785
0.9846513529
0.9793852810
0.9597768228
0.9547666711
0.9435916048
0.9367347002
0.9466497841
0.9640001944
0.9897504918
1.0104673465
1.0122024463
1.0076536540
1.0104638699
1.0032981179
0.9710527994
0.9376896141
0.9164420368
0.8775750950
0.8258045892
0.7800613078
0.7577603373
0.7490604732
0.7704862206
0.8198588470
0.8680237781
0.9053648019
0.9374718076
0.9686853302
0.9932328954
1.0016710083
0.9990894721
0.9998624096
0.9993298110
0.9883652538
0.9708029505
0.9640897032
0.9692706548
0.9667077428
0.9781901000
0.9877522871
0.9906948619
1.0068380588
1.0021583954
0.9807469626
0.9716464061
0.9602091263
0.9612692370
0.9648538314
0.9601534509
0.9535790201
0.9504864611
0.9500833533
0.9615159576
0.9782127679
0.9909406817
0.9991102229
0.9958311999
0.9839757493
0.9749048427
0.9738131490
0.9698803759
0.9598673971
0.9566787715
0.9501688415
0.9581459913
0.9702577453
0.9797595830
0.9933016379
1.0083532535
1.0188691966
1.0245234499
1.0215472761
1.0045599237
0.9865128481
0.9796599225
0.9784688742
0.9793304970
0.9836443805
0.9846654754
0.9868639999
1.0046475994
1.0145009932
1.0142314285
1.0166573447
1.0160429532
1.0319654416
1.0433676300
1.0281396974
1.0098860548
0.9898293144
0.9759260428
0.9697316917
0.9677400535
0.9704994977
0.9724748940
0.9697113364
0.9719095209
0.9824341822
0.9927890250
1.0063158376
1.0193266890
1.0056588762
0.9659680046
0.8979567358
0.8249084919
0.7784057074
0.7578770694
0.7649328944
0.7937862653
0.8393215983
0.8909501320
0.9361075168
0.9742345396
0.9969834979
0.9957814720
0.9941197434
1.0093058800
1.0153675158
1.0040524138
0.9945055374
1.0053816045
1.0224301061
1.0108432511
0.9836434114
1.0051551128
1.0228589361
1.0133358311
0.9983913560
0.9923288597
0.9964861513
1.0029684543
1.0119375385
1.0122807113
1.0016952631
1.0032012911
1.0174737805
1.0173102244
1.0066655354
1.0108104057
1.0246026805
1.0255840775
1.0291008422
1.0328005998
1.0306234269
1.0249275359
1.0192187376
1.0173011075
1.0224972149
1.0255499836
1.0163497546
1.0000606153
0.9717889955
0.9652379118
0.9661328626
0.9679983517
0.9829616458
0.9893452071
0.9800854701
0.9777044186
0.9891876781
1.0042096352
1.0227927121
1.0329424001
1.0225596985
1.0112467942
1.0050049489
0.9974982166
0.9968929697
0.9995428907
1.0134281867
1.0249644827
1.0289147600
1.0302340467
1.0288011081
1.0282839996
1.0274514657
1.0235473022
1.0217709372
1.0193611663
1.0201615984
1.0290642237
1.0337256086
1.0259719715
1.0275889797
1.0310144034
1.0235201820
1.0197429646
1.0021272995
0.9759178460
0.9600053254
0.9601197971
0.9582518615
0.9714687228
0.9812525833
0.9861656394
0.9960900724
1.0024623595
1.0138091281
1.0302601191
1.0317016508
1.0230585844
1.0202319499
1.0153592637
1.0045367736
1.0036710517
0.9994419074
0.9773286517
0.9465183810
0.9031493409
0.8739810018
0.8469331684
0.8328306030
0.8175134529
0.7761190354
0.7123177921
0.6529037767
0.6089163360
0.5942172265
0.6356862387
0.7023564830
0.7716040090
0.8509860007
0.9126577969
0.9568361579
0.9685470087
0.9459888711
0.9289048263
0.9177001427
0.8935072859
0.8369193970
0.7638574218
0.6907851671
0.6454844619
0.6477413646
0.6877851781
0.7556357842
0.8458209359
0.9272579976
0.9683475659
0.9812686273
0.9881505800
0.9982675414
1.0030603167
1.0078845984
1.0056122223
1.0012578907
1.0108612902
1.0121186804
1.0045767495
1.0085704472
1.0046370240
0.9885206253
0.9624677106
0.9509922457
0.9433807039
0.9329128615
0.9311181661
0.9296868387
0.9329267540
0.9553428850
0.9750453875
0.9920462203
0.9949788282
0.9777610701
0.9568787564
0.9415287335
0.9384792205
0.9378222656
0.9453395998
0.9671388560
0.9864240924
0.9951662490
1.0045633919
1.0176279264
1.0182534025
0.9978546056
0.9895777410
1.0068463424
1.0158101599
1.0237573660
1.0334270496
1.0357013587
1.0376217310
1.0379073246
1.0210486745
1.0214089790
1.0126629698
1.0165686147
1.0031167673
0.9785510909
0.9575284597
0.9341774824
0.9033457194
0.8727119593
0.8558789146
0.8653636005
0.9014048261
0.9456212858
0.9813117292
1.0028881267
1.0007851232
1.0005555425
1.0100559185
1.0181865766
1.0069127737
0.9831665530
0.9741392118
0.9535790783
0.9387805198
0.9091525732
0.8888984981
0.8863565911
0.8970157966
0.9214142145
0.9446230994
0.9444607250
0.9165764531
0.8716990010
0.8240226159
0.7893297270
0.7768157060
0.7930324596
0.8496233487
0.9244710734
0.9702387730
0.9868506396
1.0025690835
1.0035767893
1.0106975076
1.0161544199
1.0165241634
1.0097270319
1.0097395838
1.0169960568
1.0287472541
1.0304494781
1.0276299677
1.0318968865
1.0293436297
1.0166371285
1.0010319440
1.0033311524
1.0073371344
0.9980563253
1.0006643236
1.0098920313
1.0121420762
1.0169415129
1.0165221747
1.0145825388
1.0187863776
1.0283151003
1.0312344612
1.0278250463
1.0125897979
1.0038993629
1.0123358026
1.0216747913
1.0217708646
1.0158261149
1.0167209898
1.0177315621
1.0233113031
1.0403185261
1.0386256238
1.0407549416
1.0328548084
1.0305623402
1.0056281893
0.9908998896
0.9979498788
1.0028650477
0.9980314780
0.9870376803
0.9762427481
0.9741033952
0.9828031076
0.9926216056
0.9906112844
0.9792925682
0.9749234852
0.9738364771
0.9706183614
0.9695496113
0.9636213798
0.9642898646
0.9662754995
0.9479178034
0.9335266191
0.9373390930
0.9294019700
0.9313800401
0.9452001014
0.9519146937
0.9702255049
1.0014685784
1.0228112185
1.0280883341
1.0346382316
1.0507181926
1.0512841273
1.0346030505
1.0254130724
1.0256581671
1.0219809439
1.0187358206
1.0038816098
0.9644668345
0.9242571281
0.8831605488
0.8396300625
0.8238883277
0.8365950196
0.8708034687
0.9158493306
0.9651486852
1.0035192486
1.0270634839
1.0428486660
1.0445731938
1.0384198629
1.0344318753
1.0264232222
1.0156227478
0.9958022275
0.9744768943
0.9639853979
0.9601718179
0.9483821219
0.9520937862
0.9391270017
0.9048553654
0.8686979382
0.8531126111
0.8582895130
0.8797041970
0.9077610832
0.9376069151
0.9689441578
0.9931646519
1.0094774718
1.0206934922
1.0199037056
1.0144109111
1.0028404102
0.9851155801
0.9789918686
0.9645910463
0.9439559525
0.9316785713
0.9293268950
0.9486942972
0.9576119101
0.9623119766
0.9689167858
0.9641362760
0.9569898341
0.9645246938
0.9782945572
0.9861258960
0.9924282961
0.9976320635
0.9899775750
0.9752039543
0.9652734949
0.9266816967
0.8732776619
0.8296223794
0.8118279696
0.8206320655
0.8552285309
0.9051081915
0.9538662805
0.9838082580
0.9926248694
1.0058190889
1.0264334581
1.0341184552
1.0286520255
1.0185550272
0.9961472040
0.9625343824
0.9220667872
0.8576615604
0.7798289919
0.7142132102
0.6622115787
0.6701121612
0.7209062138
0.7840462031
0.8363143945
0.8499277606
0.8394291307
0.8079825494
0.7774520658
0.7566487632
0.7543784360
0.7854310445
0.8373212877
0.8842761192
0.9193998271
0.9423401060
0.9728523186
1.0038713897
1.0066857944
1.0087179710
0.9969702176
1.0118248589
1.0096731635
1.0088734388
1.0009213109
0.9964250258
0.9899993723
0.9868366673
0.9904804484
0.9971111171
1.0022062176
1.0116161857
1.0228880295
1.0220372034
1.0113213600
1.0045094130
1.0098523451
1.0147585156
1.0210282084
1.0213706251
1.0300598088
1.0249229765
1.0099907603
1.0149746866
1.0134801892
1.0001559268
0.9893093615
0.9717788273
0.9550249759
0.9597013549
0.9695497781
0.9703865022
0.9707858791
0.9758255324
0.9877958734
1.0043255245
1.0165731913
1.0170542309
1.0123973289
1.0199081008
1.0294739851
1.0299128179
1.0392148957
1.0323541342
1.0194405390
0.9982109006
0.9827879651
0.9819408644
0.9788985066
0.9716227771
0.9610615805
0.9341568630
0.9140783588
0.9116452892
0.8922453579
0.8761194600
0.8622847612
0.8126785879
0.7774996594
0.7716132811
0.7987682186
0.8641583680
0.9248263524
0.9633818534
0.9834034078
0.9954387921
0.9985175631
1.0027504209
1.0102825530
1.0145541107
1.0043796552
0.9778437366
0.9663585718
0.9847009408
0.9958683008
0.9894604599
0.9925528738
0.9975385085
0.9894781695
0.9894073058
1.0016593946
1.0122305182
1.0086078041
0.9984877323
1.0030224423
1.0168635769
1.0189139140
1.0030875285
0.9868021791
0.9900748714
1.0010773415
1.0033289841
1.0017723283
1.0013467118
0.9981075102
0.9960576408
1.0008356578
1.0116791130
1.0120538186
1.0080900125
1.0122375035
1.0122484425
1.0170790200
1.0188575290
1.0148311588
1.0056173975
0.9792858699
0.9468735601
0.9307602124
0.9327670410
0.9306065761
0.9234724942
0.9290005030
0.9474897104
0.9681220211
0.9853198328
0.9901612205
0.9853859169
0.9884225463
0.9797782209
0.9723109748
0.9563347683
0.9418980637
0.9427754626
0.9556339257
0.9704453784
0.9767749601
0.9856445954
1.0088113641
1.0152441402
1.0046439463
0.9848011181
0.9619280061
0.9540364109
0.9565196441
0.9497809418
0.9528789903
0.9826385758
1.0169219393
1.0368724300
1.0367114191
1.0179925992
1.0135239800
0.9938315085
0.9916412670
0.9864764080
0.9848700582
0.9863948037
0.9934354349
0.9876235118
0.9852033845
0.9943414050
1.0062327603
1.0083716146
0.9998362788
0.9973109836
0.9950603588
0.9892670734
0.9783339456
0.9768470833
1.0061396573
1.0292147432
1.0398961095
1.0414977187
1.0233592761
1.0166352082
1.0107285237
1.0146857049
1.0191265896
1.0135559020
1.0126041475
1.0125079661
1.0079058277
1.0086882973
1.0122744822
1.0123173612
1.0117471935
0.9971601923
0.9851044998
0.9875586335
0.9836519669
0.9862085014
0.9913072852
0.9896737566
0.9934913601
1.0029557407
0.9991345889
0.9948277458
0.9957931598
0.9955162556
0.9940137545
0.9962013664
0.9922004265
0.9909914247
0.9954283907
0.9845621027
0.9718535834
0.9570428312
0.9637258046
0.9727027474
0.9777511975
0.9782544539
0.9872570413
0.9827945406
0.9859632607
0.9904573098
0.9857655135
0.9844521686
0.9892044429
0.9988271084
0.9858440746
0.9710755941
0.9686402186
0.9727609688
0.9771323713
0.9696675081
0.9676245877
0.9791021184
0.9751560722
0.9689871364
0.9701931798
0.9586206378
0.9622556662
0.9654383377
0.9332951357
0.9164652156
0.9121812330
0.9096830990
0.9178340481
0.9392920957
0.9576684800
0.9554247865
0.9430298681
0.9297317472
0.9147280574
0.9083114188
0.9135803586
0.9208657896
0.9214582938
0.9091853747
0.8664058107
0.8071276646
0.7605513678
0.7057401851
0.6762485699
0.6596337520
0.6745688883
0.7336832369
0.8103233484
0.8749290202
0.9196868725
0.9534826108
0.9747494292
0.9785306463
0.9777474985
0.9844362743
0.9885635798
0.9841104485
0.9862465051
1.0054051505
1.0012343536
0.9961881403
0.9934984405
0.9725165426
0.9760648063
0.9498819427
0.9454091985
0.9464095617
0.9489355929
0.9545030697
0.9742325515
0.9953071759
1.0052957096
1.0040794820
1.0074079224
1.0138426221
0.9990399820
0.9885218924
0.9952524409
1.0031978905
1.0068882457
0.9832019730
0.9568874985
0.9543528531
0.9321013238
0.8974822681
0.8426521231
0.8046607623
0.8003260716
0.8334064067
0.8779396065
0.9116368002
0.9449086638
0.9722491961
0.9792218079
0.9771441452
0.9730765457
0.9621649674
0.9540633701
0.9609240835
0.9680161769
0.9681764508
0.9649551734
0.9680431724
0.9757343606
0.9751902722
0.9754186124
0.9689894943
0.9567701258
0.9504705097
0.9454169148
0.9374875299
0.9340103114
0.9414619598
0.9571464221
0.9714711120
0.9766608412
0.9774067147
0.9836912037
0.9916869223
0.9886370463
0.9682108402
0.9500116129
0.9443178020
0.9415074344
0.9112694267
0.8637150861
0.8031606005
0.7594099729
0.7559424663
0.7849850511
0.8373134259
0.8988568547
0.9439836259
0.9618463589
0.9664034324
0.9745252205
0.9827834906
0.9745827596
0.9736148042
0.9641223472
0.9542675009
0.9514127000
0.9603249715
0.9610816086
0.9603928826
0.9545395378
0.9273720501
0.9189551733
0.9155899038
0.9204416351
0.9226623776
0.9158059757
0.9198011978
0.9254242678
0.9021261742
0.8679134609
0.8592368502
0.8670965307
0.8695038131
0.8698072813
0.8882924012
0.8980803812
0.8957939607
0.8882369618
0.8900566076
0.8753087774
0.8562174678
0.8424863504
0.8348150223
0.8379848051
0.8509466984
0.8761898827
0.9104954261
0.9348649584
0.9397991665
0.9396310440
0.9424769369
0.9391491114
0.9295567732
0.9138985187
0.8924514895
0.8686231974
0.8368988409
0.8031946609
0.7901130856
0.7763097737
0.7646493863
0.7494428282
0.7281366008
0.7015211787
0.6922640993
0.7151391109
0.7548218842
0.7735865643
0.7711277557
0.7702545397
0.7620552048
0.7601101156
0.7816614827
0.8341290598
0.8651255292
0.8901820707
0.9307155596
0.9480852795
0.9522017607
0.9309748441
0.9261633339
0.9363857807
0.9324260066
0.9067350294
0.8751333637
0.8381786735
0.8103473947
0.8111627628
0.8379218589
0.8717782364
0.8975234094
0.9154620139
0.9248854041
0.9361387222
0.9329038990
0.9251586006
0.9197311305
0.9221405909
0.9290525610
0.9392881731
0.9496480669
0.9497910689
0.9522248400
0.9416320722
0.9263613699
0.9220028881
0.9245493838
0.9328969048
0.9465491732
0.9574024201
0.9598770833
0.9560903099
0.9653318885
0.9604503486
0.9479614429
0.9389738199
0.9528654961
0.9632906894
0.9640870668
0.9480880108
0.9352902706
0.9402761815
0.9519495424
0.9582738896
0.9605492324
0.9513919138
0.9433369563
0.9426023139
0.9428507771
0.9414806895
0.9322033129
0.9191177320
0.9176137668
0.9241690076
0.9244591240
0.9129774153
0.9211891290
0.9297716071
0.9207517843
0.9027562161
0.9094819200
0.9210784839
0.9278561918
0.9327247924
0.9510515417
0.9632368918
0.9643940742
0.9656593767
0.9673336969
0.9634077050
0.9593643788
0.9640418611
0.9665141030
0.9727371195
0.9480372312
0.9383852690
0.9485044835
0.9252202314
0.9190017054
0.8943102792
0.8698166839
0.8354677910
0.7839398305
0.7405215105
0.7236706463
0.7258019913
0.7364653509
0.7636301332
0.8168330896
0.8737316240
0.9045006372
0.9210948444
0.9369938056
0.9328670834
0.9369838770
0.9445185412
0.9334180858
0.9305523870
0.9528076988
0.9613949897
0.9479150737
0.9375310400
0.9529665729
0.9447956106
0.9514483428
0.9625671776
0.9594906063
0.9519582402
0.9440944170
0.9361018572
0.9356077672
0.9402678865
0.9436501374
0.9500869076
0.9552308331
0.9533380689
0.9514501600
0.9602720081
0.9670193431
0.9643156961
0.9642142683
0.9559349397
0.9444926715
0.9522700674
0.9640204653
0.9675487628
0.9656809340
0.9654450067
0.9621871827
0.9511154822
0.9430253400
0.9446786784
0.9477934596
0.9484150454
0.9414884045
0.9424288652
0.9304922508
0.9316304573
0.9444761862
0.9282568108
0.9120388864
0.9255473764
0.9291748382
0.9080121001
0.8549252287
0.7733565122
0.6795121585
0.5925529456
0.5368016700
0.5374489766
0.5983102053
0.6939457804
0.7929431608
0.8753501655
0.9233350070
0.9543829946
0.9770456629
0.9743895512
0.9652725100
0.9400554890
0.9385965575
0.9458710223
0.9451134205
0.9460277957
0.9513138847
0.9603144583
0.9603886501
0.9579467552
0.9622493107
0.9622645545
0.9483137299
0.9297822054
0.9166508677
0.9057063528
0.9046797808
0.9003390383
0.9136532793
0.9257220133
0.9225582705
0.9208546730
0.9282122484
0.9641381698
0.9764017386
0.9693704090
0.9628481611
0.9606228941
0.9545304443
0.9481770219
0.9430389701
0.9444285271
0.9507399840
0.9505151216
0.9545700322
0.9580792396
0.9580583818
0.9681333578
0.9736787096
0.9675354793
0.9497067658
0.9416685409
0.9310684028
0.8923966288
0.8553266648
0.8328081693
0.8382815835
0.8477709345
0.8838575157
0.9329023949
0.9601146180
0.9698834714
0.9780980013
0.9828231890
0.9846913714
0.9881726179
0.9775445681
0.9626911817
0.9636124738
0.9561651815
0.9355454831
0.8973767918
0.8531528250
0.8079808981
0.7714912240
0.7567683740
0.7793654154
0.8235197233
0.8717002080
0.9089439616
0.9288641015
0.9411387700
0.9518685400
0.9585465341
0.9656485771
0.9716825672
0.9726175397
0.9697061386
0.9771815663
0.9800942411
0.9673620661
0.9700171433
0.9742181094
0.9570538355
0.9434263150
0.9451231139
0.9418923131
0.9329613421
0.9347653150
0.9485951269
0.9545119067
0.9495157490
0.9521014540
0.9643226893
0.9696975289
0.9687279196
0.9752681519
0.9687884067
0.9640203747
0.9709768748
0.9747097767
0.9608471951
0.9467587981
0.9580503553
0.9599413386
0.9611199137
0.9557901742
0.9561137894
0.9624948966
0.9749929016
0.9780826194
0.9674945703
0.9558181750
0.9461603246
0.9437006616
0.9604968569
0.9856852600
0.9791292064
0.9618289345
0.9451018482
0.9506881226
0.9558146510
0.9617596770
0.9687624739
0.9649531939
0.9597053379
0.9522908318
0.9538354292
0.9494379286
0.9474783254
0.9553970420
0.9569073499
0.9510459673
0.9432245096
0.9305387899
0.9369619984
0.9614600583
0.9826592042
0.9896452948
0.9742908454
0.9712125791
0.9630825020
0.9776528914
0.9798593030
0.9735824945
0.9644777768
0.9549839823
0.9547798974
0.9636891505
0.9601110469
0.9532547892
0.9487926728
0.9392516816
0.9331639865
0.9398462474
0.9570556664
0.9631609140
0.9305485813
0.9142367150
0.9029713860
0.8862886514
0.8846858063
0.8942809664
0.9139707992
0.9392858527
0.9478370748
0.9407923773
0.9371250514
0.9410076105
0.9475363050
0.9550662854
0.9634246022
0.9578998074
0.9443173911
0.9513048753
0.9663972739
0.9693409713
0.9561917419
0.9407490975
0.9352406842
0.9374290576
0.9561352590
0.9683434656
0.9517185250
0.9324500288
0.9454857290
0.9659343257
0.9746846891
0.9800695396
0.9888149319
0.9951016620
0.9863426383
0.9734472986
0.9712894765
0.9753925527
0.9825972788
0.9792293182
0.9720917266
0.9642993215
0.9533687561
0.9560276583
0.9535880114
0.9417469954
0.9312777782
0.9142317895
0.9026307868
0.9012661966
0.9050794340
0.9077485915
0.9143488633
0.9146010007
0.9020343893
0.8954486874
0.9082982668
0.9192275974
0.9145840437
0.9277850696
0.9572071803
0.9608933566
0.9715052847
0.9589077791
0.9466966587
0.9340288211
0.9398576654
0.9493467152
0.9509587149
0.9607542034
0.9671976976
0.9749425637
0.9776631673
0.9751358325
0.9784083289
0.9803294400
0.9736736477
0.9632139465
0.9564451424
0.9693245425
0.9710653262
0.9693767786
0.9600386665
0.9558001374
0.9582654249
0.9681531960
0.9619342884
0.9580121206
0.9558186274
0.9546577398
0.9585454701
0.9687925518
0.9630321548
0.9559572461
0.9616394012
0.9627608339
0.9457764419
0.9230195715
0.9191032550
0.9350014853
0.9342740079
0.9383630332
0.9500487959
0.9430025306
0.9321345844
0.9258945038
0.9175685851
0.9226658945
0.9305611005
0.9362720106
0.9447309553
0.9529521820
0.9538184446
0.9533554941
0.9532991190
0.9541791336
0.9564503451
0.9600538545
0.9652079867
0.9608516657
0.9420935380
0.9126527574
0.8845905303
0.8857145824
0.8748748952
0.8583923503
0.8556546550
0.8698992168
0.9029344813
0.9242183859
0.9286891848
0.9447957065
0.9476375971
0.9461533345
0.9484283178
0.9478208812
0.9454877084
0.9461505606
0.9539489323
0.9696306307
0.9844106493
0.9860974255
0.9740323685
0.9833918344
0.9980452101
0.9941222630
0.9834911352
0.9658162173
0.9626464056
0.9735958627
0.9821890147
0.9916115822
0.9862034508
0.9817836739
0.9812196645
0.9531638966
0.9045872067
0.8638858347
0.8208658677
0.7622758037
0.6891507238
0.6270097206
0.5761628637
0.5601613658
0.5907874778
0.6587603926
0.7394116555
0.8158732228
0.8843048214
0.9316960523
0.9580181687
0.9681078882
0.9710562728
0.9802731924
0.9812604453
0.9644276543
0.9374206049
0.9156462158
0.9094150043
0.9128589059
0.9351267506
0.9730213220
0.9817389834
0.9889595973
0.9926461508
0.9878714679
0.9967859586
0.9784460759
0.9582001933
0.9503881263
0.9360213145
0.9258109663
0.9146221196
0.8899394186
0.8661921515
0.8535522235
0.8482604086
0.8515588800
0.8693868684
0.9022662544
0.9349571855
0.9431364372
0.9320371633
0.9212135586
0.9274807120
0.9320084458
0.9292365536
0.9160249017
0.9251216467
0.9479520888
0.9533988044
0.9386586778
0.9173381518
0.8925845831
0.8769502520
0.8797368995
0.8859516717
0.8892308249
0.8989457505
0.9135966728
0.9351676135
0.9522256250
0.9524098608
0.9432375702
0.9295814788
0.9218361825
0.8883621139
0.8765328315
0.8539870412
0.8354539401
0.8455936568
0.8647982607
0.8797786532
0.8804514898
0.8773416663
0.8772374513
0.8888403830
0.9100952110
0.9285566202
0.9451157494
0.9478319215
0.9323840500
0.9311542499
0.9296193609
0.9022283022
0.8758701803
0.8735381655
0.8934075114
0.9169554462
0.9372816081
0.9467849397
0.9445826757
0.9390555924
0.9370141541
0.9338672909
0.9350561396
0.9320911694
0.9211755567
0.9122387408
0.9021931062
0.8935110554
0.8880935305
0.8962681596
0.9199909334
0.9520215173
0.9680753639
0.9629833195
0.9733222484
0.9854122444
0.9783948778
0.9764717335
0.9820132223
0.9859843276
0.9928814850
0.9964413214
0.9926396677
0.9849105978
0.9705936330
0.9527651441
0.9450658089
0.9504589927
0.9626681092
0.9636977728
0.9708286789
0.9980485219
1.0005568240
0.9886921771
0.9936539661
1.0028590661
0.9862481383
0.9763370682
0.9769279889
0.9853077395
0.9820767739
0.9644527999
0.9558213890
0.9683292558
0.9858651663
0.9885263945
0.9721265428
0.9506193349
0.9447917118
0.9455716443
0.9547757303
0.9615838770
0.9626243295
0.9617251533
0.9688883697
0.9737321766
0.9723218969
0.9629889543
0.9591609905
0.9614054549
0.9582897821
0.9537145461
0.9494025035
0.9479292507
0.9554395713
0.9660594413
0.9692854425
0.9704957205
0.9852865002
1.0146739874
1.0027422051
0.9886409487
0.9734838470
0.9630644170
0.9709102832
0.9934872877
0.9994296035
0.9831504100
0.9714302889
0.9731882438
0.9787842375
0.9846803214
0.9762390038
0.9736425907
0.9866096821
0.9884054747
0.9765570867
0.9696953790
0.9648407724
0.9535044002
0.9365435629
0.9409092978
0.9581811797
0.9634697861
0.9649471940
0.9728311839
0.9782588372
0.9733206446
0.9754644942
0.9810768563
0.9806376375
0.9775866082
0.9690959311
0.9640446615
