#flux
0.9587344993
0.9529354227
0.9493885039
0.9422109720
0.9380533234
0.9457593169
0.9544400844
0.9690763106
0.9846810781
0.9873707392
0.9865127064
0.9936300531
1.0010736803
0.9994252253
0.9944356562
0.9894866790
0.9837474676
0.9843255195
0.9776059867
0.9688179385
0.9537845726
0.9370130503
0.9133922634
0.8750761578
0.8324808602
0.7858385106
0.7345635673
0.6979874305
0.7016765994
0.7431809696
0.8059036678
0.8744293990
0.9314000671
0.9613301509
0.9701860186
0.9779184256
0.9931890033
1.0073943296
1.0006458337
0.9819368648
0.9707807825
0.9661380516
0.9585276602
0.9550678328
0.9617931530
0.9592151386
0.9597050946
0.9540847743
0.9644245374
0.9758993102
0.9755570305
0.9666900162
0.9566300148
0.9594814481
0.9729389771
0.9823872265
0.9878309733
0.9891833682
0.9831881350
0.9719191909
0.9674812481
0.9741441604
0.9811135861
0.9772132761
0.9639603977
0.9561738647
0.9326130313
0.8773407734
0.7879662465
0.6930488694
0.6250195560
0.6093928979
0.6616036808
0.7578593531
0.8491574742
0.9126538890
0.9476399631
0.9516358517
0.9408904245
0.9226844989
0.9036577590
0.8946320990
0.9013839591
0.9200532015
0.9368416792
0.9508179665
0.9515328041
0.9423691544
0.9330058756
0.9188135144
0.9031030049
0.8970402775
0.8958368675
0.8943433538
0.9022068021
0.9146129096
0.9048797587
0.8584581670
0.7790244518
0.6855170214
0.6076679592
0.5665600311
0.5788286416
0.6651339895
0.7720939244
0.8785595758
0.9548684806
0.9847734181
0.9938121616
0.9910459736
0.9741451793
0.9484968785
0.9191806081
0.8920376678
0.8898389199
0.9175339234
0.9495259203
0.9677486342
0.9657723955
0.9589077325
0.9594673172
0.9625164127
0.9548078336
0.9406859563
0.9528110625
0.9589559448
0.9663554956
0.9714741350
0.9680336917
0.9560131115
0.9398840861
0.9174115766
0.8853493644
0.8547670291
0.8364582123
0.8462833738
0.8796486694
0.9052947848
0.9245409536
0.9380599005
0.9596849393
0.9772988976
0.9722637470
0.9714582048
0.9910115356
0.9877411153
0.9816890447
0.9825455376
0.9875770043
0.9940258525
0.9950118829
0.9923645457
0.9945553998
1.0016419706
1.0077188095
1.0043209214
0.9777037325
0.9245994514
0.8684391484
0.8341990969
0.8259260806
0.8478499405
0.8859127360
0.9169182977
0.9480222376
0.9847981882
0.9952913335
0.9879709156
0.9651016396
0.9548139093
0.9523002272
0.9480646815
0.9442533466
0.9417030317
0.9335936573
0.9165158713
0.9031119038
0.9097499958
0.9315024006
0.9501375637
0.9587255194
0.9612624829
0.9715793471
0.9825737128
0.9863244729
0.9894743666
0.9815933730
0.9866913207
0.9810974075
0.9730021637
0.9634721340
0.9662924502
0.9705360040
0.9669058201
0.9631420723
0.9580021269
0.9413174784
0.9151637315
0.8831020803
0.8376379421
0.7830064505
0.7291904880
0.6667614525
0.5886925100
0.5140624759
0.4416838740
0.3643826936
0.3064109030
0.2632599294
0.2354351116
0.2100516646
0.1927699873
0.1881762884
0.1831214642
0.1730382777
0.1701311288
0.1804542226
0.1953076280
0.2088094164
0.2264837410
0.2525536459
0.2900502277
0.3222067042
0.3704957049
0.4247859890
0.5021163596
0.5995223575
0.6900270427
0.7588192597
0.8130352604
0.8557257998
0.8703665995
0.8791007524
0.8795704860
0.8758086494
0.8815656648
0.8912018328
0.8975147601
0.9072555723
0.9216712576
0.9292210850
0.9288230952
0.9344253996
0.9616279295
0.9880774301
0.9976349031
0.9933489584
0.9954238913
1.0031088298
1.0021710963
0.9914759044
0.9854692931
0.9880340414
0.9826406983
0.9648729613
0.9470027277
0.9215033521
0.8793367890
0.8447732361
0.8389722226
0.8585397774
0.8805190944
0.8867822074
0.8815692280
0.8725214961
0.8682861880
0.8904750293
0.9130529998
0.9324607637
0.9598087688
0.9850028203
1.0011919834
1.0080745795
1.0068539452
1.0013604794
0.9920374094
0.9836454760
0.9757349351
0.9637777376
0.9617884875
0.9712759781
0.9826680701
0.9938650331
1.0014393679
0.9983101160
0.9863890972
0.9773771874
0.9718487616
0.9701219506
0.9772061791
0.9805481593
0.9906861634
0.9988042048
1.0011320408
1.0074122942
1.0182797354
1.0212721891
1.0132310157
1.0081469151
1.0120621605
1.0104252641
1.0016831271
1.0027763178
1.0059621494
1.0084757251
1.0130496327
1.0162977678
1.0157008841
1.0128569425
1.0037352531
0.9869620042
0.9771048070
0.9604947324
0.9429831832
0.9354692122
0.9287919206
0.9107221102
0.8721464559
0.8110034574
0.7440737051
0.6912891442
0.6804640605
0.7310017593
0.7968230023
0.8558495334
0.9125396096
0.9514235642
0.9665609193
0.9708630824
0.9677987232
0.9667623146
0.9643052448
0.9544949517
0.9451281894
0.9441464719
0.9540014344
0.9686613020
0.9765062787
0.9757315381
0.9748811454
0.9747136859
0.9710515110
0.9628051240
0.9494874070
0.9330457225
0.9223674573
0.9205176189
0.9207856139
0.9362329850
0.9443821193
0.9375172658
0.9257019092
0.9219076654
0.9263839367
0.9401349970
0.9612762242
0.9810810929
0.9920383562
0.9936209008
0.9905574530
0.9874358491
0.9884112183
1.0016028945
1.0036279764
1.0031488520
1.0022036545
1.0067551348
1.0078314815
0.9954662052
0.9812009039
0.9758526031
0.9760849588
0.9805562310
0.9735741483
0.9485814037
0.9087589515
0.8405130873
0.7318440037
0.6000630465
0.4843296013
0.4248590563
0.4398482695
0.5326130683
0.6743565801
0.8087137763
0.9105260903
0.9632856379
0.9918547271
1.0075085796
1.0181205966
1.0181861201
1.0231077881
1.0217671116
1.0150202862
1.0066667130
0.9933933540
0.9805422570
0.9733769292
0.9592122385
0.9298326802
0.8889370225
0.8205876810
0.7293318836
0.6375488984
0.6011526458
0.6359286673
0.7279419788
0.8358992476
0.9234469496
0.9715141236
0.9758664794
0.9553967517
0.9287667007
0.8970599933
0.8378605133
0.7475019455
0.6546203715
0.5891329443
0.5736177834
0.6179403924
0.7000899787
0.7912123560
0.8773571368
0.9443162817
0.9777312367
0.9961328522
1.0181414825
1.0211367344
1.0122264860
0.9978991134
0.9878672861
0.9875067639
0.9854540976
0.9870181067
0.9897697307
0.9821421557
0.9667967627
0.9504206577
0.9326527797
0.9248775374
0.9341467337
0.9360141742
0.9331323198
0.9370312449
0.9493717677
0.9542448031
0.9572278005
0.9576117373
0.9565325011
0.9642783400
0.9816557885
0.9965874565
1.0062083742
1.0177267545
1.0152534752
1.0137263550
1.0138109578
1.0073166727
0.9952232880
0.9812950069
0.9766205227
0.9815770279
0.9916450114
0.9990203391
0.9983207574
0.9993501869
1.0043576098
0.9973497955
1.0033567372
1.0000999064
0.9997709192
1.0029833486
0.9999904498
0.9998658993
1.0000110688
0.9960102323
0.9925856457
0.9874364716
0.9739524350
0.9604288020
0.9525820242
0.9379471832
0.9235324819
0.9215819969
0.9372518707
0.9570492492
0.9832814342
0.9922129383
0.9956721588
0.9841175550
0.9766205157
0.9845403344
0.9932467956
1.0001742785
1.0082826528
1.0064308560
0.9994991615
0.9989943649
0.9984086854
0.9924933009
0.9861659842
0.9729797742
0.9511697759
0.9350579276
0.9346099289
0.9487631838
0.9641002010
0.9764448934
0.9843905258
0.9817302160
0.9927146612
0.9862340033
0.9536950315
0.9073893246
0.8559849179
0.8123056302
0.7781333200
0.7423703902
0.7036582230
0.6740477830
0.6629008055
0.6787281337
0.7346475862
0.8194931428
0.8867849881
0.9213930086
0.9519125749
0.9734665890
0.9789340769
0.9676664082
0.9752927533
0.9805108589
0.9711038498
0.9576853872
0.9441392737
0.9367235510
0.9429650759
0.9569678985
0.9713698377
0.9888630122
1.0010795264
0.9983004961
0.9978318816
0.9915687380
0.9841559136
0.9703331005
0.9622803363
0.9506860279
0.9599029239
0.9740838329
0.9681553997
0.9622408937
0.9678081631
0.9667882148
0.9582532475
0.9555681149
0.9572569157
0.9653791628
0.9735489465
0.9687351525
0.9616512786
0.9666403088
0.9741495245
0.9808192438
0.9788353683
0.9804679771
0.9968487234
1.0074033418
1.0022987723
0.9939445962
0.9914020962
0.9955244445
0.9785313502
0.9595496936
0.9564301258
0.9593593147
0.9563791783
0.9519844000
0.9496446943
0.9551974696
0.9717509578
0.9880990137
0.9994420262
0.9976851649
0.9865889728
0.9782303562
0.9748491943
0.9704146815
0.9540234313
0.9546690698
0.9568775996
0.9538989511
0.9510899806
0.9511672010
0.9583550687
0.9650968082
0.9733931648
0.9862782636
0.9983289900
0.9998404615
0.9855413412
0.9522139337
0.8902550508
0.8026381843
0.7179165439
0.6616636046
0.6735239641
0.7505626852
0.8364564697
0.9050656037
0.9536338972
0.9802843850
0.9971268698
0.9971666749
0.9916004439
0.9818572463
0.9765693643
0.9781984732
0.9773184848
0.9739274288
0.9749876121
0.9807003726
0.9920953270
1.0033159613
0.9991708004
0.9960299231
0.9916325045
1.0033864590
1.0041852970
0.9922428498
0.9945349029
0.9959833868
1.0007308103
0.9983257330
0.9940751648
1.0010435241
1.0103560873
1.0127762770
1.0140639893
1.0136628927
1.0105786935
1.0083150133
1.0012909990
0.9946733474
0.9890123251
0.9891537329
0.9951760924
0.9912232415
0.9908423095
0.9771131785
0.9687315878
0.9596703846
0.9452189323
0.9388700385
0.9403013293
0.9430728403
0.9510770570
0.9611139828
0.9681010985
0.9708457159
0.9734796356
0.9763003239
0.9751769161
0.9729621301
0.9572274030
0.9556351655
0.9674630946
0.9660786161
0.9713480446
0.9882051735
1.0048479147
1.0112296378
1.0092886306
1.0081323903
1.0063900443
1.0024028044
1.0027877523
1.0029633623
0.9956710363
0.9874847327
0.9907669979
1.0052324285
1.0150453493
1.0110349275
1.0027612265
0.9784033634
0.9546146022
0.9303866354
0.9060568368
0.9030905986
0.9119295763
0.9209048039
0.9343806504
0.9499361989
0.9629726736
0.9714423563
0.9701592790
0.9674111034
0.9723189928
0.9752885429
0.9706320773
0.9776066700
1.0040279200
1.0149596552
0.9885850854
0.9632482237
0.9413144731
0.8976097889
0.8574640564
0.8349375023
0.8277539284
0.8135886107
0.7603579062
0.6660675257
0.5632429056
0.5022049959
0.5109630158
0.5850694067
0.6986547889
0.8083727137
0.8916633353
0.9467630813
0.9659186115
0.9613398144
0.9544459658
0.9401934307
0.9233562297
0.8940559317
0.8353622699
0.7369126025
0.6269148725
0.5525029323
0.5426478177
0.6034012920
0.7090596779
0.8168388097
0.9030478150
0.9525813170
0.9748275614
0.9835273549
0.9833368019
0.9812402016
0.9833598221
0.9864558371
0.9865554385
0.9844171075
0.9785647428
0.9841408999
0.9790456392
0.9692043100
0.9582194413
0.9577350745
0.9584361367
0.9536214185
0.9564488132
0.9601529109
0.9541514052
0.9539393260
0.9676092461
0.9889842757
0.9978598374
0.9790277512
0.9500417969
0.9285348651
0.9037019315
0.8904410096
0.8906594399
0.9136398165
0.9415325423
0.9450069063
0.9567665355
0.9631129695
0.9734833431
0.9770219015
0.9816392209
0.9848111652
0.9793499326
0.9753291440
0.9775553834
0.9860287739
0.9917968959
0.9919052225
0.9912777549
0.9831679790
0.9698278686
0.9626810380
0.9675761940
0.9729384961
0.9618472327
0.9380340574
0.8898540581
0.8460239344
0.8079326182
0.8002909789
0.8286403844
0.8737506844
0.9228923712
0.9574533373
0.9747004486
0.9858329969
0.9927507745
0.9928010762
0.9924713794
1.0010814475
1.0125026527
1.0017031166
0.9776441429
0.9484523006
0.9026892057
0.8676638447
0.8616267841
0.8689458017
0.8897236696
0.9009162174
0.8969831834
0.8577760569
0.7753199091
0.6806334815
0.6118119497
0.6014685641
0.6617012326
0.7676537039
0.8724083957
0.9432729650
0.9767628724
0.9861142205
0.9951479259
1.0078560410
0.9980503029
0.9933986900
0.9957190198
0.9913286377
0.9916404921
1.0016219031
0.9944266699
1.0003885189
0.9989238031
0.9920301835
0.9870837862
0.9895283266
0.9935274752
0.9969387010
1.0049223759
1.0098041542
1.0055048371
1.0040237255
1.0110399462
1.0117557221
1.0061779901
1.0069010184
1.0080668917
1.0034082051
0.9977762522
0.9957463646
0.9967604037
0.9894586808
0.9742866072
0.9568288316
0.9580518391
0.9721768159
0.9836793566
0.9965051866
1.0074926721
1.0023606016
0.9917508664
0.9931493584
0.9987337587
0.9947286207
0.9910700749
0.9890837975
0.9929749067
0.9826835587
0.9769854964
0.9657893421
0.9520008163
0.9671618039
0.9938936787
1.0047147206
1.0022198301
1.0002794313
1.0025410376
1.0013777324
0.9942514172
0.9858012351
0.9735355332
0.9560897064
0.9412643097
0.9284327893
0.9133732581
0.9102387311
0.9267815106
0.9487448678
0.9851800181
1.0063734019
0.9982830745
1.0037476109
1.0083456856
1.0082587953
1.0089651342
1.0091537503
1.0083926307
1.0096599708
1.0087638991
1.0021183008
0.9912047175
0.9673434642
0.9287772012
0.8752451462
0.8069063803
0.7469529730
0.7226987172
0.7501621747
0.8151430146
0.8906058827
0.9562789435
0.9852568632
0.9974656259
1.0023430326
1.0019228777
1.0025118928
0.9996425209
0.9925666119
0.9850550106
0.9767074726
0.9626089602
0.9407908660
0.9328921536
0.9252208519
0.9242597821
0.9022307904
0.8315116858
0.7541877469
0.6942199138
0.6781798724
0.7113893516
0.7841324292
0.8682231263
0.9412841960
0.9838313805
0.9913239083
0.9824828745
0.9756443584
0.9734008755
0.9736025001
0.9723549195
0.9594351750
0.9350678115
0.9126728494
0.8926648964
0.8811812063
0.8922547946
0.9125241081
0.9348820532
0.9586402910
0.9530215277
0.9443813321
0.9428299453
0.9556990443
0.9748354792
0.9855412596
0.9770496547
0.9429204579
0.8977455677
0.8553181654
0.8054490565
0.7502368194
0.7155231459
0.7224618141
0.7519039809
0.8088968026
0.8885449708
0.9582611559
0.9848028110
0.9886435012
0.9973194142
0.9995361369
0.9951845254
1.0001000812
0.9990917810
0.9785831098
0.9482721743
0.9055118262
0.8344601125
0.7394089481
0.6470796331
0.5910454654
0.6008808954
0.6697502223
0.7564311784
0.8335880756
0.8708694473
0.8426123345
0.7749829224
0.7016913988
0.6609165538
0.6698738012
0.7227599399
0.8133726458
0.8987652048
0.9501054294
0.9763986032
0.9926329021
0.9997544621
1.0015483598
1.0065652075
1.0084911349
1.0000071858
0.9932588699
0.9881759275
0.9780502225
0.9725528839
0.9625478023
0.9601614759
0.9581427915
0.9740386009
0.9814865859
0.9902624649
0.9977118657
1.0025010474
0.9995807525
1.0003533821
1.0018012053
0.9944072964
0.9897936682
0.9942320325
0.9968807169
1.0022496432
1.0099895274
1.0123109259
1.0123479115
0.9977407926
0.9695753076
0.9476139704
0.9543353935
0.9614274791
0.9498846196
0.9555571459
0.9642215864
0.9711854360
0.9822025524
0.9941571515
0.9915494746
0.9868926797
0.9896598248
0.9881895656
0.9861682950
0.9897354502
0.9933039660
0.9728321887
0.9706786840
0.9731629613
0.9839195555
0.9842108132
0.9884609749
0.9599431537
0.9344389044
0.9157408772
0.8985244991
0.8804603184
0.8545469639
0.8211677960
0.7728152670
0.7190978463
0.6887741811
0.6974883033
0.7444664741
0.8193649697
0.8963334691
0.9584263301
0.9973962747
0.9920641647
0.9894921793
0.9822180618
0.9746747454
0.9773916135
0.9781908525
0.9766841664
0.9836196789
0.9874651081
0.9917870139
0.9984102984
0.9988130496
0.9935519312
0.9900739414
0.9911793294
0.9961339975
1.0016541434
1.0049721680
1.0055952409
0.9961070298
0.9790747948
0.9799421938
0.9952769836
1.0045150803
1.0087564718
1.0001721918
0.9902906015
0.9957016607
1.0007676728
0.9994194327
0.9920722891
0.9929218248
0.9964664678
0.9961573950
0.9987829831
1.0000920448
0.9964348817
0.9999325074
1.0088273180
1.0007020326
0.9875781822
0.9657002941
0.9461670391
0.9317797389
0.9303482257
0.9314832686
0.9305162199
0.9409268356
0.9602478457
0.9678461956
0.9591013762
0.9536818243
0.9660571370
0.9793271400
0.9809370389
0.9764621191
0.9668487456
0.9601536239
0.9545277349
0.9566717073
0.9486076117
0.9554149479
0.9667239220
0.9803302683
0.9952062803
0.9849936279
0.9750737909
0.9741634037
0.9661275814
0.9643472054
0.9618823377
0.9664386510
0.9746234375
0.9802506504
0.9849730041
0.9920233296
1.0002066440
0.9963001851
0.9884126446
0.9793901877
0.9685687075
0.9551150101
0.9530251359
0.9443957968
0.9517954465
0.9600166192
0.9687024480
0.9740653383
0.9757538501
0.9769333404
0.9783436467
0.9829601481
0.9885360751
0.9953334902
1.0028167542
1.0041251860
1.0032775520
1.0117489126
1.0205690142
1.0243574881
1.0228358355
1.0053118489
1.0007998052
0.9985342692
1.0017276699
1.0096876095
1.0118471229
1.0037990835
0.9952528699
0.9954162564
0.9980833555
0.9945132257
0.9766771073
0.9593926438
0.9572725767
0.9622086354
0.9682238597
0.9780978971
0.9894572493
1.0025987697
1.0077782859
1.0097672488
1.0114878153
1.0073424746
0.9970722343
0.9829550012
0.9779695340
0.9825995616
0.9868621998
0.9918325727
0.9928240840
0.9844034739
0.9748120442
0.9774833343
0.9859862402
0.9826926567
0.9754136237
0.9802655124
0.9803984812
0.9753196896
0.9735011749
0.9637034169
0.9574953257
0.9511455999
0.9552748542
0.9585425615
0.9607191928
0.9708001425
0.9844056949
1.0010548987
1.0081267048
0.9994674527
0.9871876613
0.9726697792
0.9546177964
0.9394135521
0.9269916301
0.9135411700
0.8978679334
0.8801238158
0.8779652199
0.8946922858
0.9202843135
0.9412168237
0.9590625610
0.9675587051
0.9646957280
0.9575292887
0.9442432878
0.9333520568
0.9252240750
0.9247418415
0.9332414288
0.9246413588
0.8754133619
0.7938371417
0.6985791190
0.6048470652
0.5342879755
0.5020105000
0.5225393799
0.5896592457
0.7013654223
0.8174063167
0.8935713705
0.9454170274
0.9684407084
0.9873179053
1.0068752821
0.9990648127
0.9886355723
0.9874108086
0.9906996113
0.9947250624
0.9914778687
0.9811908030
0.9715190717
0.9658047239
0.9682566900
0.9676511585
0.9626811853
0.9687145175
0.9794913651
0.9916472045
0.9873634347
0.9853503392
0.9972229074
1.0021971743
1.0091815376
1.0090495552
1.0033459264
0.9994413539
1.0020731272
1.0037719332
1.0022231739
0.9965760599
0.9880086470
0.9809323592
0.9651223294
0.9364062049
0.9024881659
0.8759765611
0.8480475651
0.8485420185
0.8725438590
0.9063188419
0.9346897597
0.9667046946
0.9825011550
0.9747903525
0.9727061248
0.9743262806
0.9750695923
0.9790303163
0.9788239190
0.9740274083
0.9694265120
0.9699554101
0.9833024706
0.9892530116
0.9920752205
0.9783658858
0.9678827131
0.9690619942
0.9522941314
0.9381595247
0.9410130515
0.9534206237
0.9543864014
0.9608888928
0.9749235263
0.9872301159
0.9900839766
0.9859535309
0.9863152246
0.9890890258
0.9928497504
0.9945357224
0.9747013809
0.9402825861
0.8920578311
0.8206127761
0.7365826841
0.6764885845
0.6715283120
0.7293703107
0.8240491333
0.9138362969
0.9708499968
0.9941624676
0.9992203545
1.0006142160
0.9931713129
0.9847486761
0.9871544451
0.9931958919
0.9896304371
0.9774531148
0.9644545430
0.9531282421
0.9439789028
0.9270386531
0.9182888175
0.9164991715
0.9227041393
0.9371248368
0.9599442327
0.9755404121
0.9837579273
0.9782027379
0.9602674488
0.9282173418
0.8982085907
0.8828499852
0.8825608424
0.8914822650
0.9011785826
0.9162047809
0.9399947629
0.9455027536
0.9212643209
0.8760585589
0.8330698993
0.7877865294
0.7839487915
0.8140183160
0.8658419185
0.9134305107
0.9592735285
0.9908339272
1.0049599653
1.0072862529
1.0133357464
1.0042740108
0.9804595586
0.9563110370
0.9285707407
0.8917466086
0.8484890108
0.8119546039
0.8082505619
0.8204137710
0.8267811007
0.8263567252
0.7845999114
0.7443932201
0.7318949535
0.7568338133
0.7989643331
0.8373515477
0.8405432454
0.8236887768
0.8096335924
0.8146176817
0.8447699446
0.8876048091
0.9288212420
0.9590070048
0.9711942879
0.9733484152
0.9769880427
0.9845588134
0.9882487317
0.9833372888
0.9797627765
0.9548500483
0.9138788944
0.8925955907
0.8740945782
0.8668121953
0.8828969017
0.9161857323
0.9520063513
0.9727963183
0.9691587338
0.9603980501
0.9547143559
0.9508957648
0.9588034151
0.9677307242
0.9706568154
0.9834155146
0.9923838061
0.9920323553
0.9901473153
0.9874658689
0.9827438901
0.9672520478
0.9554888263
0.9441220499
0.9424157441
0.9523221060
0.9713856314
0.9847979143
0.9873965765
0.9819091000
0.9781636899
0.9797571059
0.9794205896
0.9763342893
0.9725094074
0.9710216403
0.9663640065
0.9726432288
0.9864838153
0.9933801046
0.9940920838
0.9960053342
0.9949035246
0.9953806286
0.9842884819
0.9876787261
0.9780143332
0.9602538065
0.9512387150
0.9519121913
0.9552613398
0.9554203286
0.9531958682
0.9602914109
0.9741930577
0.9667746898
0.9735245560
0.9755623726
0.9547277318
0.9559485412
0.9694889296
0.9756574979
0.9785042331
0.9860731626
0.9984116964
1.0016665928
0.9997386317
1.0033703389
1.0032431486
0.9976696855
0.9932893673
0.9940180351
0.9961041289
0.9869567629
0.9658485049
0.9413815733
0.8998372109
0.8517406527
0.8123785874
0.7781192912
0.7649755319
0.7690930900
0.7961604255
0.8365779611
0.8863517300
0.9267741552
0.9579020303
0.9740294875
0.9798954397
0.9952840694
1.0072605039
0.9961468935
0.9823422481
0.9798612005
0.9802966908
0.9993107105
1.0027716752
1.0016694623
0.9914435711
0.9970975659
1.0122362585
1.0127022404
1.0063066524
0.9943632182
0.9803119482
0.9569690170
0.9504721012
0.9553572626
0.9530301770
0.9542036157
0.9715525027
0.9918964255
1.0025381098
1.0043059631
1.0011262563
1.0032255639
0.9973890015
0.9989712149
1.0118423350
1.0063736248
1.0016873021
0.9890224232
0.9911000748
0.9948644003
0.9744671093
0.9704326053
0.9639380306
0.9583447846
0.9627184347
0.9730459691
0.9773907009
0.9768668112
0.9778534797
0.9753050224
0.9729680666
0.9843715493
0.9909708448
0.9711168450
0.9501681624
0.9323972970
0.8943585304
0.8009788057
0.6773670806
0.5529195693
0.4827098733
0.4945336950
0.5750181728
0.6921733500
0.8139075101
0.9041779152
0.9409858515
0.9369891442
0.9290322658
0.9355119398
0.9529013054
0.9780074142
0.9783183468
0.9765750238
0.9851838914
0.9952874000
1.0073441157
1.0062768842
0.9928295131
0.9841406347
0.9760417521
0.9587814539
0.9329595354
0.9074470555
0.8763118559
0.8583469270
0.8602043410
0.8696780125
0.8839715711
0.9091449673
0.9386898428
0.9565086161
0.9686327482
0.9766060605
0.9881566356
1.0001291939
1.0010458510
0.9853133436
0.9736873611
0.9737408625
0.9841973330
0.9852800034
0.9842102567
0.9840219562
0.9805781482
0.9786571549
0.9823025443
0.9865235028
0.9914639242
0.9918459057
0.9740568547
0.9472418632
0.9169388761
0.8671159590
0.8207786884
0.7930322786
0.7979724945
0.8359437336
0.8901497173
0.9441980207
0.9756274157
0.9833750639
0.9775464843
0.9760933585
0.9801829132
0.9824876212
0.9877224006
0.9904086546
0.9826199197
0.9698886013
0.9508055062
0.9118631551
0.8495608312
0.7767820067
0.7173782404
0.7211797164
0.7651135127
0.8346270978
0.9152264710
0.9692669895
0.9868254572
0.9946745559
0.9942517755
0.9938250312
0.9984726056
1.0037585378
1.0044253153
1.0010134225
0.9938187632
0.9892007983
0.9929015402
0.9945414061
0.9897041351
0.9805500621
0.9750038369
0.9674005353
0.9634251899
0.9591806904
0.9618565712
0.9705983367
0.9750704253
0.9849432042
0.9988527374
1.0043799088
1.0059529306
1.0026438108
0.9962396645
0.9856146180
0.9741570217
0.9690005028
0.9601463584
0.9429202890
0.9389781963
0.9372487709
0.9364644556
0.9451688327
0.9666550732
0.9718428598
0.9833693979
0.9861364375
0.9767198352
0.9719695547
0.9717209784
0.9720568796
0.9621471624
0.9551566854
0.9474944801
0.9370513453
0.9342064591
0.9392548284
0.9402670797
0.9386240093
0.9474481335
0.9576767570
0.9736368754
0.9767008399
0.9756551886
0.9771016260
0.9687863855
0.9572010655
0.9460816542
0.9429027318
0.9474409701
0.9432237131
0.9450045325
0.9556610488
0.9686284812
0.9799691290
0.9841096250
0.9821326697
0.9840455543
0.9876568675
0.9824738835
0.9784194128
0.9807502639
0.9808567521
0.9825851619
0.9707666658
0.9667877660
0.9556136677
0.9483131769
0.9542907909
0.9596751329
0.9575815913
0.9610275995
0.9642317090
0.9585437366
0.9439244540
0.9316565565
0.9175526235
0.8953864645
0.8845633016
0.8957179255
0.9210803047
0.9493680631
0.9658900193
0.9546085921
0.9432649143
0.9374301254
0.9350906144
0.9426929119
0.9583159271
0.9661112366
0.9698984807
0.9865764492
0.9936629445
0.9974547701
0.9967245956
0.9863159055
0.9807368810
0.9848914934
0.9863588723
0.9882635917
0.9968485034
0.9966611109
0.9873538547
0.9917309224
0.9916893973
0.9830250096
0.9691113300
0.9750560620
0.9896198131
0.9874763550
0.9837323346
0.9760263435
0.9733260421
0.9759221923
0.9753185732
0.9706938136
0.9621248787
0.9521162860
0.9489578678
0.9477293547
0.9383077218
0.9334410485
0.9350719217
0.9358277819
0.9447987617
0.9568310427
0.9476311131
0.9248505947
0.8886523130
0.8655407349
0.8702327016
0.8945966526
0.9195862049
0.9366545255
0.9486243268
0.9561168766
0.9598372011
0.9608341779
0.9585325686
0.9565026356
0.9585770149
0.9620279433
0.9616834157
0.9720689693
0.9807057219
0.9873697250
0.9991423030
1.0117862503
1.0111654849
1.0017246212
0.9832650535
0.9733658732
0.9686285005
0.9690656124
0.9707195434
0.9731503635
0.9775312674
0.9844353552
0.9921437626
0.9906845142
0.9799276331
0.9771001089
0.9730813692
0.9713115690
0.9790744501
0.9698387859
0.9780043479
0.9887353379
0.9955774340
0.9800348648
0.9732154090
0.9695452785
0.9569511127
0.9542595164
0.9567361314
0.9528586759
0.9431130762
0.9351563252
0.9356731495
0.9430002432
0.9519897433
0.9595897009
0.9644420292
0.9701072718
0.9725608476
0.9764414855
0.9586952862
0.9593078937
0.9684346022
0.9658627599
0.9460806633
0.9385626682
0.9445659492
0.9539770555
0.9539107907
0.9393099418
0.9124686127
0.8813342384
0.8568110191
0.8464303853
0.8564969956
0.8883768152
0.9197149142
0.9332292076
0.9428621563
0.9547170331
0.9668487272
0.9769384933
0.9867091919
0.9866488057
0.9805570403
0.9877555002
0.9872732503
0.9790349338
0.9746672885
0.9809617428
0.9904681359
0.9904942645
0.9793312358
0.9615748540
0.9465100541
0.9498265875
0.9582075702
0.9725442261
0.9865355020
1.0135455287
0.9944414007
0.9812164151
0.9739784385
0.9443998805
0.9240519072
0.8938581475
0.8499840392
0.7858476839
0.7096623874
0.6193535387
0.5477660217
0.5179753517
0.5335043768
0.6041343024
0.7128365906
0.8288691084
0.9087303541
0.9482344315
0.9608438078
0.9692557699
0.9881939776
0.9953778558
1.0049058414
0.9882976430
0.9634678433
0.9567749162
0.9472609589
0.9450936059
0.9549845975
0.9643450653
0.9669110673
0.9675854922
0.9747427817
0.9877994142
0.9954706699
0.9980528385
1.0014035125
0.9903859430
0.9739995673
0.9499150120
0.9250546113
0.8981290097
0.8761992566
0.8352887817
0.8204194494
0.8355300301
0.8713654090
0.9092803522
0.9442167121
0.9558487803
0.9448079139
0.9336054134
0.9341845063
0.9400932979
0.9425424735
0.9441651789
0.9461354503
0.9464989831
0.9431663946
0.9396507954
0.9187277471
0.8706214756
0.8484542767
0.8335151368
0.8349643501
0.8643748726
0.9035769420
0.9393780827
0.9663107535
0.9770354264
0.9652919798
0.9422432338
0.9262178229
0.9161383918
0.8985798012
0.8727983034
0.8439876932
0.8188749637
0.8206126969
0.8291549841
0.8485328596
0.8606363568
0.8614700036
0.8641579305
0.8779256974
0.9041387318
0.9295473531
0.9531264022
0.9586848851
0.9490779325
0.9277698698
0.9018313087
0.8785959785
0.8685615949
0.8805708651
0.9025387351
0.9273091614
0.9441152665
0.9507354984
0.9576092990
0.9567897495
0.9536864142
0.9549649642
0.9664136249
0.9696378136
0.9792765718
0.9669023376
0.9316435151
0.9122970943
0.9159543931
0.9272625814
0.9337243591
0.9392062521
0.9496655668
0.9625867599
0.9754550748
0.9825030727
0.9928282055
1.0059861280
1.0077295571
1.0097999252
1.0115545631
0.9998706187
1.0005243298
0.9900243496
0.9928899307
0.9802039502
0.9809324891
0.9775449107
0.9831893657
0.9993122424
1.0054910282
1.0051030512
1.0049415299
0.9995809995
0.9978785324
1.0015177766
0.9993643426
0.9810423168
0.9665757358
0.9725533199
0.9825149413
0.9863963232
0.9710290135
0.9780604784
0.9720233802
0.9646707034
0.9633329208
0.9618833799
0.9568751529
0.9576302403
0.9647831098
0.9752754955
0.9903776060
0.9978170231
0.9929283578
0.9979363663
0.9966526090
0.9823971232
0.9690633830
0.9715537971
0.9773115674
0.9826587354
0.9745559800
0.9661423022
0.9642820308
0.9649433056
0.9687311711
0.9738750779
0.9834685646
0.9967089206
1.0062320910
1.0024793490
0.9942999597
0.9973370632
1.0011821120
0.9937969489
0.9883258796
0.9802725227
0.9713573447
0.9706658673
0.9771471391
0.9792161300
0.9731218728
0.9677011934
0.9638394016
0.9668960031
0.9697775273
0.9769636316
0.9784884035
0.9746978228
0.9689885859
0.9741458198
0.9863503063
0.9918520441
0.9944329179
0.9932352819
0.9925977997
0.9964237104
0.9912116922
0.9746922546
0.9666701126
0.9614465710
0.9520321986
0.9588431942
