#flux
1.0141760684
0.9769161219
0.9372627006
0.9011253827
0.8955629420
0.9137354771
0.9414468385
0.9605582366
0.9715689359
0.9921737342
1.0058353978
1.0052038932
1.0044823726
1.0072226133
0.9972063457
0.9804552260
0.9846388758
1.0026598307
1.0066531483
0.9958386377
0.9928373171
0.9957077190
1.0288284988
1.0036267440
0.9770903539
0.9785490889
0.9902095814
0.9852977950
0.9660691910
0.9724799660
0.9861020939
0.9786942359
0.9875163569
1.0119167769
1.0193852636
1.0168543782
1.0257664986
1.0373625919
1.0255913698
0.9996697410
0.9961616542
0.9909768365
0.9737582827
0.9704280951
0.9593323900
0.9554418562
0.9493768466
0.9287564275
0.9247357631
0.9094170383
0.8893409111
0.8648839200
0.8636989144
0.8903799878
0.9316731643
0.9696707474
0.9853812982
0.9934113475
1.0142367575
1.0160270852
0.9965707356
1.0144320415
1.0176408771
0.9933548884
0.9910028607
0.9905550810
0.9745181407
0.9734195838
0.9723899235
0.9112867930
0.8671612922
0.8579540922
0.8685851247
0.9136996541
0.9601993284
0.9765928857
0.9912626441
1.0059860664
1.0050389068
1.0188417016
1.0031368803
0.9882723666
0.9773288703
1.0084313753
1.0120697936
0.9916616162
0.9889089539
0.9875104172
0.9675790397
0.9519081311
0.9372647946
0.9034432945
0.9082902363
0.9306264901
0.9422624908
0.9558051262
0.9687210961
0.9641236502
0.9372796629
0.9027053844
0.8899303936
0.8885651796
0.8718472716
0.9106241970
0.9729379391
1.0144883223
1.0131897241
0.9929390809
1.0013326607
0.9967994021
0.9746508054
0.9578672367
0.9693498606
0.9725633228
0.9730794947
0.9889378991
1.0076092996
1.0197440038
1.0170580578
1.0048528902
1.0066572214
0.9738240067
0.9830254894
0.9852101085
0.9796684606
0.9807842288
0.9826443363
0.9895584274
1.0041768821
1.0007012460
0.9875821848
0.9731622857
0.9625691407
0.9479258597
0.9353226247
0.9309241113
0.9403499374
0.9585801165
0.9583805791
0.9427938765
0.9524883482
0.9732078415
0.9947865959
0.9869871006
0.9712571149
0.9777996989
0.9987416192
0.9936122830
0.9688937139
0.9644949790
0.9739878724
0.9759262260
0.9808776428
1.0073645233
1.0106000153
1.0038793270
0.9962414984
0.9662934047
0.9257164790
0.8867744341
0.8675772763
0.8959427719
0.9296230876
0.9574191717
0.9638573228
0.9900766547
0.9942296392
0.9860635150
0.9706234990
0.9540259387
0.9392656236
0.9196613579
0.9170073837
0.9149675339
0.9178028665
0.9239199367
0.8986700563
0.8695374609
0.8838711063
0.9116678436
0.9257064738
0.9262957737
0.9164152625
0.9155270064
0.9210931919
0.9475236826
0.9631122108
0.9628640109
0.9262230090
0.8981738643
0.8979948202
0.9178378630
0.9415629667
0.9425941338
0.9293708999
0.9212746995
0.9144119177
0.9017636118
0.8818325174
0.8502462402
0.8097582176
0.7644434839
0.7081121125
0.6396197145
0.5654670671
0.4740823195
0.3936102804
0.3454016459
0.2959478576
0.2421396629
0.2030357171
0.1910646549
0.1918834512
0.1777787955
0.1527751068
0.1544375720
0.1727125567
0.1853729072
0.1888309702
0.2037833939
0.2457541076
0.2919979803
0.3657425469
0.4212543158
0.4725115832
0.5581050578
0.6514543875
0.7403040443
0.7666314858
0.8001459236
0.8314745619
0.8578468655
0.8549491858
0.8484866265
0.8511499273
0.8591362584
0.8715457815
0.8884794529
0.9089387227
0.9186872518
0.9186277540
0.9288632817
0.9219547761
0.9141697149
0.9255887740
0.9223941348
0.9243763452
0.9413644257
0.9630832356
0.9931716670
0.9865870006
0.9676674872
0.9758267154
0.9617068807
0.9344461693
0.9360549971
0.9410187882
0.9297366885
0.9174241460
0.9174374484
0.9394141765
0.9654483990
0.9569894614
0.9472261398
0.9539106735
0.9852305071
0.9887243341
0.9876866548
0.9946633808
0.9988508082
0.9921956803
0.9830733284
0.9868314458
0.9911437012
0.9703772813
0.9804911566
0.9804419284
0.9529194633
0.9380611377
0.9451442949
0.9621499410
0.9806914898
0.9820377104
0.9716398649
0.9785064267
0.9916262071
0.9814028479
0.9749784418
0.9837425275
1.0039193559
0.9913302762
0.9807003757
0.9945075687
1.0137497076
1.0204317032
1.0157858291
1.0093632028
1.0120033142
1.0140119988
1.0068054213
0.9924343825
0.9800416087
0.9782909223
0.9681356053
0.9648986717
0.9803396907
0.9911563032
1.0047088098
1.0382416640
1.0281672853
1.0130909706
1.0217844567
1.0150393158
1.0053373747
0.9867798382
0.9848575824
0.9782974666
0.9336299362
0.8647384229
0.8117594923
0.7848232046
0.7661425665
0.7673891378
0.8169985344
0.8793454010
0.9285292043
0.9777891745
0.9743579757
0.9712583246
0.9865134428
0.9853084917
0.9803519013
0.9870718863
0.9711518324
0.9405535281
0.9549018317
0.9777659083
1.0096987919
1.0243141557
1.0110571348
0.9988215784
0.9942282282
0.9814432027
0.9537689543
0.9328237533
0.9318553205
0.9314173673
0.9290759984
0.9304239962
0.9349073945
0.9559988553
0.9576876970
0.9585392130
0.9714597765
0.9751259412
0.9720051016
0.9765262431
0.9924319784
1.0132656520
1.0217052259
1.0107984750
0.9986088840
0.9924374467
0.9858914895
0.9973314810
1.0063052509
0.9859133298
1.0121081768
1.0395509103
1.0438323079
1.0325243532
1.0038970377
1.0208294035
1.0136178677
0.9951015525
0.9761446514
0.9398842357
0.8863570710
0.8381602154
0.7968996807
0.7688069093
0.7751187744
0.8215344213
0.8937762137
0.9608804780
0.9897660318
0.9902318157
1.0076253424
1.0393061280
1.0392584603
1.0236823395
1.0149381070
1.0275234452
1.0379447593
1.0291438645
1.0248402820
1.0384269437
1.0426142164
1.0214931498
0.9959899656
0.9728747389
0.9351849263
0.8929424784
0.8728839907
0.8641787607
0.8579261868
0.8911268297
0.9470628202
0.9800998135
0.9869151438
0.9798245295
0.9841051742
1.0197920355
0.9839105415
0.9107587150
0.8524863669
0.8075768108
0.7898704491
0.8028261100
0.8385764863
0.8854648173
0.9277622933
0.9529579794
0.9646256510
0.9762279224
0.9865162048
0.9896593800
1.0083836753
1.0242511999
1.0116221882
0.9935166066
0.9846720545
0.9757056175
0.9757632883
0.9730899132
0.9833338933
0.9801584918
0.9566527814
0.9556676431
0.9751100836
0.9744019551
0.9517684567
0.9427886765
0.9463694184
0.9414427341
0.9406135083
0.9327273512
0.9442890439
0.9674418656
0.9779123876
0.9872239097
0.9940918344
0.9916729241
1.0054624259
1.0227625428
1.0136260477
1.0178345962
1.0259530813
1.0126993760
0.9907984355
0.9883704596
0.9893419407
0.9886598010
1.0016167082
1.0173383037
1.0296446340
1.0345750875
1.0263309123
1.0215083455
1.0291598341
1.0339641226
1.0136285705
1.0175403476
1.0212215772
1.0234333605
1.0246710146
0.9999301728
0.9748300447
0.9722627972
0.9795346537
0.9804249065
0.9780250687
0.9825938728
0.9992850260
1.0203577527
1.0275125050
1.0219190200
1.0157398868
0.9811846373
0.9822813168
0.9969166751
1.0003930214
1.0135631632
1.0133522193
1.0014146365
0.9987893851
1.0007629003
0.9953916863
0.9895369261
0.9909395578
1.0020633059
1.0167955291
1.0052147052
0.9867193514
0.9968201460
1.0108089458
1.0115402361
0.9983855953
1.0201540467
1.0388304357
1.0181693265
0.9913798428
0.9671802423
0.9327147720
0.9206110527
0.9320689511
0.9159466629
0.8895588610
0.8681476331
0.8572209477
0.8728408488
0.8844486587
0.9057962314
0.9546640419
0.9955533433
1.0135469788
1.0239321019
1.0273724794
1.0231081779
1.0213700824
1.0056572567
0.9849727526
0.9873875077
0.9918324970
0.9898994884
0.9827125063
0.9599999385
0.9776093231
0.9911807019
0.9984721769
1.0042673824
1.0063274566
1.0058738938
0.9936941271
0.9703881803
0.9555689649
0.9577386138
0.9700742506
0.9752987128
0.9764314541
0.9802181607
0.9913238694
1.0040738651
0.9885836301
0.9721382689
0.9830025333
1.0072681314
1.0126802898
0.9946941386
0.9773584072
0.9717235489
0.9720366953
0.9827835754
0.9894625023
0.9850180619
0.9943946699
0.9974757316
0.9653931515
0.9740900384
1.0001001726
1.0116518075
1.0025796825
0.9897065602
0.9792683067
0.9810014452
0.9726659881
0.9619359042
0.9845850986
0.9843312272
0.9905674063
0.9995478718
1.0109545472
1.0154007620
1.0165562587
1.0209470476
1.0147247723
0.9935575046
0.9855215981
0.9994851943
0.9817172462
0.9523945901
0.9625686841
0.9648494160
0.9291932379
0.9382498444
0.9574758866
0.9546707657
0.9689775323
0.9876677751
1.0104001323
1.0281897145
1.0083149079
0.9652135539
0.9149864126
0.8595850927
0.8280099986
0.8469021032
0.8953250269
0.9429337011
0.9774519064
0.9881465405
0.9864328224
0.9973970824
0.9910440328
1.0064671409
1.0109627080
1.0126458861
0.9934820479
0.9874430930
0.9797774692
0.9770569303
0.9726758158
0.9739706606
0.9808834906
0.9929760115
1.0027463901
0.9953577932
0.9796971469
0.9737662626
0.9703936161
0.9674153123
0.9689697584
0.9418637617
0.9623401010
0.9807228013
0.9821922149
1.0012842350
1.0051113247
1.0017773981
1.0138502019
1.0157040692
1.0143593479
1.0058463138
0.9969047153
1.0035179438
1.0233667294
1.0394830967
1.0366863796
1.0097018257
0.9735289269
0.9602923494
0.9835429190
0.9726957851
0.9487795288
0.9872621450
0.9641403014
0.9745534660
0.9949493604
0.9755606222
0.9894441496
0.9869562212
0.9686262635
0.9666203811
0.9740204601
0.9684725093
0.9582750124
0.9687763006
0.9947974302
1.0077478223
1.0078016893
1.0150102360
1.0294897753
1.0329345945
1.0256161458
1.0192736207
1.0218190332
1.0333830122
1.0257430107
0.9988526613
0.9945772666
0.9989937517
1.0164916544
1.0234970746
1.0034275623
0.9882369265
1.0004399799
1.0097846632
0.9861509919
0.9502911651
0.9363278876
0.9397464128
0.9426832816
0.9499233809
0.9399990551
0.9502272267
0.9886480075
1.0254057952
1.0450510616
1.0249143628
1.0139659811
1.0215993872
1.0326222679
1.0404182085
1.0511851087
1.0521726050
1.0340154747
1.0184032758
1.0114808249
0.9937533501
0.9783920644
0.9668924580
0.9083631813
0.8633032190
0.7824071087
0.6849247246
0.6312830319
0.6691972757
0.7196686999
0.8277911934
0.9232499874
0.9653445949
0.9903610573
1.0178711867
1.0305996198
1.0204144398
1.0106073686
0.9992625587
0.9524473598
0.8763334670
0.8070286923
0.7425562312
0.6930325185
0.7037347372
0.7848095143
0.8671430179
0.9130133787
0.9716658729
0.9938675355
0.9853317158
0.9918221271
1.0180522752
1.0135250346
1.0055948941
1.0017520238
0.9980290795
0.9982509253
1.0089688790
1.0202281340
1.0101672197
0.9811308097
0.9597290628
0.9508629638
0.9467901734
0.9605907006
0.9738493360
0.9819970966
0.9649290944
0.9598505784
0.9777909452
1.0166895970
1.0193654215
1.0150203319
0.9966509147
0.9705721347
0.9525417105
0.9467587977
0.9437978408
0.9377097360
0.9311709105
0.9346457232
0.9493328169
0.9512692166
0.9471406111
0.9782293398
1.0255696924
1.0287230480
1.0030634972
1.0242553542
1.0265411144
1.0162457212
1.0294430381
1.0210912143
1.0112108176
0.9908159233
0.9781642428
0.9752303547
0.9788612192
0.9865796976
0.9878921292
0.9729732757
0.9362423049
0.8924587924
0.8815775670
0.8898060334
0.9133060100
0.9397146560
0.9606755173
0.9763485551
0.9778093815
0.9873029379
0.9937244075
1.0056899159
1.0159108819
1.0280870142
1.0373391098
1.0281658431
1.0060456522
0.9823063429
0.9784933569
0.9808593597
0.9632301973
0.9577544720
0.9672878270
0.9831520144
1.0127047022
1.0038736145
0.9795735235
0.9305874217
0.9075329512
0.9018613633
0.9048050447
0.9357350982
0.9638442549
0.9823049930
1.0044314528
1.0117912757
1.0107598683
0.9992619462
0.9905121763
1.0023874292
1.0123742162
1.0089314442
1.0095408003
1.0003012605
1.0029526918
1.0037083579
0.9860992084
0.9897871494
0.9631236477
0.9767173096
1.0002942081
1.0097429659
1.0006066360
1.0050074633
1.0059026232
1.0090844056
1.0192086926
1.0186193085
1.0024993164
0.9834969040
0.9674803744
0.9626628309
0.9823929065
1.0074401950
1.0080472134
0.9929065595
0.9588176401
0.9793438261
0.9929763685
0.9949942648
0.9891233470
0.9841951620
0.9930034841
0.9853144050
0.9634975742
0.9788119770
1.0045186322
1.0143901991
1.0032165759
0.9894217539
0.9815595405
0.9688238263
0.9638359600
0.9655575660
0.9652979437
0.9815490241
0.9861248877
0.9892895170
1.0068950373
1.0228831848
1.0004810574
0.9828246362
0.9922566022
0.9869955632
0.9933857737
0.9910960489
0.9695635991
0.9368560650
0.9167590892
0.9038383947
0.9042671352
0.9263068318
0.9435208331
0.9583424479
0.9629852130
0.9737646074
0.9828299842
1.0068644837
1.0454544407
1.0312566733
0.9955768075
0.9834570616
1.0020758580
1.0082759733
0.9993680623
0.9659884506
0.9481768433
0.9160612110
0.8539980777
0.8120059171
0.8180946185
0.8534170722
0.8933589390
0.9244687096
0.9639582373
1.0068449166
1.0092374435
1.0039100268
1.0167347019
1.0238036298
1.0348606734
1.0188944516
0.9938408692
0.9921926603
0.9969371289
0.9862145264
0.9867452665
0.9765185523
0.9746475605
0.9785787148
0.9675056036
0.9558268009
0.9665241014
0.9813881464
0.9745867483
1.0000978311
1.0085127565
0.9998644902
0.9790580601
0.9887824463
1.0191876445
1.0214107056
1.0127493688
0.9968352045
0.9644489016
0.9307798141
0.9221776844
0.9117578565
0.8965849344
0.8994747087
0.9227778732
0.9490726111
0.9683673702
0.9813225924
0.9817722008
0.9649256111
0.9569223169
0.9652855354
0.9936615367
0.9773512236
0.9780770176
0.9843154673
1.0029599547
1.0113412238
0.9768002148
0.9627372866
0.9479747742
0.9386892673
0.9363541609
0.9489483043
0.9811374416
1.0113481006
1.0210119127
1.0237332050
1.0303658392
1.0322643507
1.0444110076
1.0345220576
1.0215568098
1.0021866939
1.0122975502
0.9758367321
0.9279758542
0.8815157689
0.8124183865
0.7594806274
0.7580451476
0.8056200845
0.8658485089
0.9088600667
0.9418963146
0.9595808024
0.9510338805
0.9355875008
0.9238222033
0.9107358935
0.9153483130
0.9375691290
0.9626245042
0.9805451619
0.9766860154
0.9813574343
0.9930729240
1.0074749742
1.0226690293
1.0257256259
1.0043869670
0.9948705364
0.9973629556
0.9848704855
0.9869775781
0.9938635916
0.9746503788
0.9629070001
0.9679008239
0.9617493133
0.9891979209
1.0190824254
1.0275573602
1.0097396803
1.0345782932
1.0291209360
0.9986160659
0.9702089942
0.9854791840
0.9859584383
0.9925461336
0.9890411699
0.9932262357
1.0037497101
0.9881576013
0.9649602102
0.9586402683
0.9654257441
0.9796632793
0.9952989163
1.0228269509
1.0366232165
1.0101511983
0.9873749676
0.9983401868
1.0253841060
1.0047423439
0.9912175441
1.0055661635
1.0142291357
1.0050222887
1.0082235964
1.0075354377
0.9952349601
0.9933434594
0.9953810916
0.9895779242
0.9900801065
0.9930270598
0.9771281063
0.9618825828
0.9645788057
0.9495120766
0.9250271018
0.9112170877
0.8813804855
0.8367170294
0.8390839251
0.8556447119
0.8924116515
0.9314223077
0.9607190388
0.9762977108
0.9770259851
0.9780271100
0.9976857806
1.0088475211
1.0047244003
0.9951806020
0.9840562125
0.9966100279
0.9928687723
0.9912988218
1.0056218703
0.9966838635
0.9755770995
0.9865302162
0.9858150850
0.9916699608
0.9819327535
1.0127848676
0.9897247077
0.9928295424
1.0051747636
1.0062550612
0.9819325458
0.9743220224
0.9858615259
0.9922739783
0.9932308768
0.9809359303
0.9944729281
1.0016645407
1.0058812158
1.0168868532
0.9925210184
0.9740174324
0.9722867645
0.9909926857
1.0043744431
0.9744525471
0.9805295572
0.9990728566
0.9822325838
0.9755250759
0.9718361609
0.9581016022
0.9475702640
0.9550734020
0.9677471698
0.9694587831
0.9784436965
0.9697483218
0.9657457874
0.9755489320
0.9666331276
0.9759946135
0.9913924867
0.9764843772
0.9721274989
0.9777418918
0.9706170918
0.9786723271
0.9739821848
0.9648097359
0.9679556634
0.9866139843
1.0093217217
1.0146382649
1.0068080937
1.0040698740
0.9983841620
0.9863622243
0.9609588285
0.9576693375
0.9580418702
0.9515248246
0.9655050761
0.9784112457
0.9827779939
0.9849070477
1.0007950444
1.0042832673
1.0005332002
0.9930551434
0.9804975132
0.9675375350
0.9710111311
0.9881892219
0.9851040642
0.9618898199
0.9583099195
0.9668690933
0.9692690861
0.9649661141
0.9616513810
0.9720332983
0.9729178510
0.9755533977
0.9905796244
1.0074103238
1.0097048392
1.0013909277
0.9971803279
0.9881664678
0.9870935796
0.9947571014
1.0040925135
1.0180876647
1.0221138273
1.0079307271
0.9936293668
0.9787747895
0.9765041870
0.9950173873
0.9994340555
1.0008413959
0.9924611792
0.9864909984
0.9972015798
0.9970965108
1.0042166002
0.9998994803
0.9893153943
0.9950479243
0.9971690578
0.9926103765
0.9925783948
1.0014931906
1.0048988536
0.9921987684
0.9856176557
0.9982452084
0.9960372072
0.9765125349
0.9761720331
0.9681910832
0.9671680976
0.9640036186
0.9718999145
0.9757175936
0.9886880558
1.0257903551
1.0175145334
0.9806309095
0.9691418129
0.9750999872
0.9863679429
1.0020280866
1.0102239480
1.0061773110
1.0060008659
1.0106826982
1.0038231923
1.0037434504
1.0022638806
0.9821736098
0.9706323317
0.9733384209
0.9845681672
0.9803617527
0.9826917569
1.0013566318
0.9952296603
0.9786503940
0.9786641486
0.9965174642
1.0046203498
0.9908769052
0.9790059977
0.9763445013
0.9681235518
0.9531674961
0.9345497310
0.9263907042
0.9393453252
0.9546000148
0.9537341984
0.9573246412
0.9485681350
0.9168185947
0.9143653336
0.9089527817
0.8904453816
0.8727816983
0.8882544743
0.9052267125
0.9255390116
0.9579839138
0.9732109281
0.9778319991
0.9947839252
0.9990162624
0.9840916563
0.9856096813
1.0000473800
0.9844312544
0.9722295676
0.9881672928
0.9994628835
0.9746410753
0.9745408297
0.9732139846
0.9574745700
0.9463774317
0.9726529143
0.9780210752
0.9749232903
0.9657914411
0.9627580343
0.9692489040
0.9642481550
0.9672624463
0.9981578940
1.0099949757
1.0006009681
0.9866684419
0.9979618816
0.9967233441
0.9841885423
1.0189804767
0.9943888709
0.9877832281
0.9579236297
0.9347871423
0.9222708702
0.9280684814
0.9434208784
0.9667418171
0.9670142296
0.9741067300
1.0056980489
1.0189554886
1.0136803884
1.0054387581
0.9920352362
0.9998106883
0.9787934584
0.9857464712
0.9833339226
0.9864303180
0.9947489283
0.9947138622
0.9910416767
0.9886375719
0.9856318725
0.9763240851
0.9582997310
0.9383671431
0.9262377220
0.9137635558
0.9308189321
0.9749513346
0.9928822111
0.9881610950
0.9772195596
0.9910813200
1.0008788663
0.9862879383
0.9911848727
1.0145338209
0.9937661868
0.9757525847
0.9645793601
0.9728299286
0.9978260777
0.9856200589
0.9728681080
0.9830856728
0.9880339802
0.9856559480
1.0001624885
1.0207885710
1.0221355261
1.0106249777
1.0037320992
1.0073202442
0.9976433208
0.9941556275
0.9685244777
0.9706210421
0.9781020371
0.9780690740
0.9814117071
0.9888791305
0.9900032660
0.9754737291
0.9764741801
0.9825195818
0.9620300399
0.9547637289
0.9736291514
0.9894658374
0.9909528510
0.9883650411
0.9910267279
0.9744046020
0.9538822596
0.9565721901
0.9657470344
0.9558916304
0.9728594038
0.9619132663
0.9688496866
0.9758126349
0.9490223035
0.9335678890
0.9482449531
0.9528577157
0.9310138160
0.9421923532
1.0012553631
1.0371608452
1.0179955030
1.0014640632
1.0209347983
1.0279812962
0.9981600669
0.9821399931
0.9846707948
0.9818362310
0.9732244634
0.9551406633
0.9359093606
0.9156069476
0.9180714492
0.9129602402
0.8842066344
0.8351107443
0.8032992786
0.8017001585
0.8275687278
0.8672860334
0.9003677551
0.9194611016
0.9168191208
0.8807666733
0.8473054642
0.8662125707
0.9180589220
0.9530430718
0.9608613516
0.9742772136
0.9837319949
0.9933666064
0.9994933835
0.9792342510
0.9765747183
0.9692001881
0.9664154630
0.9433446118
0.9331115108
0.9378242915
0.9325814202
0.9305826615
0.9401120863
0.9525325910
0.9613848489
0.9557342755
0.9465532969
0.9712292511
0.9666659747
0.9540445186
0.9685208137
0.9790541405
0.9966095795
1.0006449274
0.9794792479
0.9688916878
0.9836384890
0.9969052179
0.9758844845
0.9584356299
0.9758303135
0.9891902999
0.9700290135
0.9486109301
0.9557410029
0.9821275360
0.9889219803
0.9655967140
0.9758132077
0.9864346719
1.0020877974
0.9782841018
0.9468956552
0.9230088838
0.9218067369
0.9322640333
0.9474128657
0.9727640704
0.9978166875
1.0041141829
0.9802253154
0.9527448057
0.9445858093
0.9337411762
0.9169141816
0.9063828225
0.8909747257
0.9037981453
0.9140474126
0.9352479704
0.9502695895
0.9634351978
0.9696859845
0.9660839682
0.9620249424
0.9600223183
0.9629932218
0.9684216385
0.9639498346
0.9527124056
0.9742368149
1.0083727417
1.0047713490
0.9936284369
0.9934064711
0.9731682889
1.0026148688
1.0150015865
0.9985536383
0.9644177082
0.9644613908
0.9793077703
0.9620781394
0.9478921781
0.9184344802
0.8981571893
0.8809257787
0.8856100560
0.9057354238
0.9150150995
0.9133189713
0.9222674969
0.9390713983
0.9444619261
0.9472690344
0.9610103153
0.9660450344
0.9636654744
0.9811149209
0.9416031521
0.9310865482
0.9559504463
0.9962378888
1.0028549720
0.9989492599
0.9978743616
0.9989432447
0.9839890694
0.9707928127
0.9658743982
0.9818954604
0.9960317004
1.0000073466
1.0091765234
1.0119018689
1.0080864037
1.0000811750
0.9964790463
0.9995338580
0.9946018285
1.0103136534
1.0219748293
1.0000110113
0.9895677277
1.0064268318
0.9887164633
0.9841027734
0.9891871852
0.9983568306
1.0045731939
1.0017117026
0.9733057939
0.9484472088
0.9493322415
0.9487231532
0.9452258411
0.9483384472
0.9676445927
0.9781616459
0.9694068023
0.9705356122
0.9881789099
0.9974173047
0.9899182624
0.9674545340
0.9604845107
0.9781144652
0.9553086917
0.8916799398
0.8016258019
0.7130954935
0.6556772448
0.6570045253
0.7206643405
0.8140762862
0.8948438716
0.9428631243
0.9743558079
0.9857102652
0.9831081998
0.9836627124
0.9701330415
0.9637955690
0.9443560350
0.9573151934
0.9598998881
0.9715795471
0.9803142902
0.9749891484
0.9860830807
0.9868141602
0.9613550989
0.9252740052
0.9080291213
0.9105961484
0.9043596964
0.8967078997
0.9069298131
0.9294774282
0.9353952876
0.9698348423
0.9520720832
0.9728649858
1.0067248762
1.0056411876
1.0063643581
0.9935564125
0.9894658256
0.9832551691
0.9743197754
0.9728611382
0.9827405528
0.9846557540
0.9778215383
0.9704582089
0.9622397867
0.9762181580
1.0108763104
1.0108865381
0.9931875845
0.9576529022
0.9606996381
0.9515782787
0.9561118851
0.9439847240
0.9506453437
0.9433606120
0.9263150111
0.9471967377
0.9664488422
0.9708318548
0.9693658142
0.9623803725
0.9541832823
0.9537136950
0.9647372928
0.9859046974
1.0026604865
0.9982762318
0.9886335743
0.9687660225
0.9651812728
0.9667505279
0.9168443003
0.9088726816
0.8852577363
0.8731577182
0.8908027409
0.9282371397
0.9518302360
0.9669038223
0.9841619809
0.9877037011
0.9740731033
0.9588438842
0.9549729555
0.9622799333
0.9669455354
0.9662286783
0.9734608362
0.9866454770
0.9754306625
0.9475985963
0.9751765647
0.9644888032
0.9423721339
0.9491036865
0.9544485535
0.9604158839
0.9635053554
0.9481672093
0.9573717085
0.9780028708
0.9926892723
1.0053882192
1.0096226725
0.9931241591
0.9756214720
0.9845366136
0.9655024252
0.9573148361
0.9584836913
0.9261640061
0.9341949222
0.9279078886
0.9191827071
0.8966878975
0.8797298865
0.8944260624
0.9376071140
0.9794541708
0.9891564169
0.9654480493
0.9505538507
0.9534344731
0.9539204104
0.9584051756
0.9625254045
0.9412878240
0.9257491900
0.9354305076
0.9231316407
0.9378705576
0.9785466566
1.0169093746
0.9957729901
0.9685375487
0.9533642744
0.9784567126
0.9897254755
1.0045588423
0.9940051377
0.9854605620
0.9695951799
0.9592668138
0.9658848252
0.9721981485
0.9691008444
0.9526942943
0.9565801005
0.9830928652
0.9764426509
0.9454327205
0.9340303203
0.9312495295
0.9518136021
0.9419586130
0.9493319878
0.9411063412
0.9463543912
0.9670825590
0.9854242168
0.9835966573
0.9604408291
0.9396937356
0.9459648372
0.9688345707
0.9808945990
0.9782403143
0.9672131221
0.9495437897
0.9459129703
0.9695762431
0.9388333694
0.9963894961
0.9825022426
0.9943722874
0.9850990478
0.9885967009
0.9703251936
0.9630790318
0.9630077513
0.9743446881
0.9880459435
0.9847418900
0.9624208336
0.9537762439
0.9665848931
0.9692805749
0.9626422962
0.9497666818
0.9388994620
0.9874759374
0.9940603866
0.9787300410
0.9883474675
0.9835882189
0.9418589475
0.9422134612
0.9527214423
0.9443942754
0.9265457650
0.9365032967
0.9610191209
0.9786508911
0.9883133181
0.9848670691
0.9733786860
0.9714536023
0.9783765389
0.9866900478
0.9821542086
0.9668237651
0.9638229130
0.9480487117
0.9361246645
0.9165493061
0.9223778874
0.9574570076
0.9436863386
0.9276906434
0.9306565343
0.9136454256
0.9154948596
0.9416266609
0.9486994212
0.9400322741
0.9519498138
0.9737954072
0.9754854522
0.9712715074
0.9735853321
0.9741852296
0.9659580142
0.9575419138
0.9678478934
0.9743086189
0.9785465852
0.9916001588
0.9978853399
0.9881656447
0.9723456737
0.9557928162
0.9568745390
0.9924406243
1.0157110383
0.9921297370
0.9618668321
0.9515484791
0.9488244732
0.9562057603
0.9585775521
0.9702772662
0.9509741650
0.9613731455
0.9741716827
0.9761424345
0.9622418755
0.9419258014
0.9607308847
0.9663154711
0.9724971932
0.9945435182
0.9745611606
0.9418422320
0.9294734024
0.9318925668
0.9365719667
0.9429674054
0.9462147198
0.9361778015
0.9315237481
0.9420189086
0.9435488682
0.9440826524
0.9593428693
0.9564622659
0.9540902913
0.9643146117
0.9610115182
0.9667942859
0.9811044996
0.9961516190
0.9868312342
0.9667862163
0.9827402251
0.9842641921
0.9805690350
0.9818922016
0.9636112961
0.9593486781
0.9531600215
0.9536990413
0.9638150327
0.9502640628
0.9582498355
0.9586839581
0.9395405953
0.9613398481
0.9761524571
0.9853447324
0.9884261822
0.9843722713
0.9799128559
0.9630753869
0.9552465898
0.9721537936
0.9863683439
0.9796497277
0.9817881934
0.9956168989
0.9818480082
0.9760253988
1.0062093627
0.9925744566
0.9516689605
0.9228831565
0.9354955415
0.9557167490
0.9636573620
0.9991738746
0.9654277488
0.9475533703
0.9713768724
0.9651705398
0.9360909637
0.9162776877
0.8836475992
0.8232847140
0.7532457045
0.7007668983
0.6792350789
0.6788496352
0.7308491751
0.8164557462
0.9021236414
0.9688983825
0.9646037435
0.9721349337
0.9762845506
0.9779440326
0.9801463227
0.9660860930
0.9610320071
0.9373233274
0.9283844691
0.9384975150
0.9431615686
0.9488817344
0.9692246132
0.9902553319
0.9935425621
0.9815462537
0.9751292425
0.9834887203
0.9773351470
0.9746415256
0.9777724680
0.9741402729
0.9383464974
0.9278201761
0.9287264655
0.9204521053
0.9212049648
0.9438661122
0.9558569942
0.9579692649
0.9576155483
0.9477591821
0.9396262648
0.9383905465
0.9325249939
0.9385950951
0.9604196919
0.9613946445
0.9603618733
0.9532432390
0.9648365727
0.9738296600
0.9503882270
0.9490729609
0.9576477296
0.9477051888
0.9305213116
0.9491036839
0.9627592975
0.9605404714
0.9489844955
0.9444522622
0.9594941344
0.9930321691
1.0059137236
0.9787757453
0.9720887411
0.9632481934
0.9390868825
0.9342079259
0.9097752906
0.9124649446
0.9286768336
0.9459905240
0.9364700539
0.9401712462
0.9563085383
0.9708103217
0.9743326772
0.9501802559
0.9514155383
0.9755366283
0.9787355683
0.9721496118
0.9815233080
0.9827299533
0.9699096036
0.9779953858
0.9519497006
0.9364537346
0.9760314148
0.9618503225
0.9491575374
0.9758931194
0.9875417861
0.9553106099
0.9383478961
0.9487227413
0.9530273802
0.9606512495
0.9554135995
0.9632468620
0.9787376933
0.9643277932
0.9409332701
0.9355472009
0.9349774437
0.9478057463
0.9421193055
0.9443367061
0.9538605005
0.9612336927
0.9746502770
1.0044720794
0.9785466959
0.9773578116
0.9821732384
0.9804994359
0.9675430920
0.9516147411
0.9438552828
0.9565745169
0.9539453117
0.9506957899
0.9689496258
0.9712360664
0.9620001826
0.9762906169
0.9875739610
0.9742973531
0.9607575476
0.9687235241
0.9374711556
0.9138554738
0.9211662307
0.9144514410
0.9109337477
0.8984462676
0.8987794888
0.9193995960
0.9214052815
0.9220518464
0.9416945320
0.9626601968
0.9702906352
0.9749265213
0.9718066946
0.9581312860
0.9716534103
0.9727408943
0.9783166238
0.9483300364
0.9659159286
0.9557717961
0.9645798389
0.9688931425
0.9628888651
0.9428812987
0.9509139362
0.9712525247
0.9708032060
0.9685138576
0.9776833340
0.9799179086
0.9702405985
0.9709245099
0.9843122337
0.9896974974
0.9783066308
0.9437556917
0.9520235742
0.9516726616
0.9324005525
0.9303470356
0.9276135169
0.9523538746
0.9431227602
0.9489669739
0.9344396703
0.9284441073
0.9417975712
0.9497062252
0.9448715758
0.9411548629
0.9488648212
0.9530178941
0.9632036877
0.9874606985
0.9879820291
1.0005835000
0.9822181340
0.9678996687
0.9786588159
0.9730012778
0.9721024709
0.9468134101
0.9543112408
0.9621088214
