#flux
0.9831696226
0.9725352173
0.9714200925
0.9780422877
0.9791455953
0.9692105750
0.9665322423
0.9764406256
0.9776600391
0.9763633176
1.0009836446
1.0082461786
0.9915706011
0.9924274966
1.0009674682
0.9991576865
0.9861819849
0.9708992661
0.9799725142
0.9824919149
0.9768122203
0.9620330054
0.9457360433
0.9288741373
0.9090849339
0.8851425179
0.8587012387
0.8405141450
0.8343680238
0.8402971545
0.8803515933
0.9253835970
0.9379327544
0.9582646777
0.9856246541
0.9958560369
0.9961816861
1.0039712981
1.0043650903
0.9810595829
0.9697823552
0.9756056395
0.9910340857
0.9999761672
1.0009196906
1.0023370128
1.0000134198
0.9904373059
0.9849825811
0.9812261478
0.9707943655
0.9817039072
0.9946802733
0.9920662025
0.9911912089
0.9943515879
0.9886499620
0.9940031924
0.9951187210
1.0003410678
0.9921752728
0.9896750231
1.0023491115
1.0018152950
0.9865671015
0.9763765918
0.9621270596
0.9257420069
0.8662115045
0.8014490108
0.7570448538
0.7370997348
0.7686613807
0.8179487283
0.8757859825
0.9234653314
0.9419808890
0.9630221740
0.9719478449
0.9649712861
0.9523980842
0.9407926484
0.9443895653
0.9557204182
0.9686594578
0.9793487829
0.9802139572
0.9709856825
0.9511252143
0.9254832875
0.9155744121
0.9190387457
0.9153040441
0.9283775010
0.9363884804
0.9416797530
0.9484909382
0.9264930191
0.8799043330
0.8168395877
0.7597371692
0.7128372203
0.7164005890
0.7604513289
0.8193634004
0.8750699483
0.9217835004
0.9619389786
0.9905697927
1.0023152172
0.9971716777
0.9735300213
0.9530524047
0.9580935601
0.9646003146
0.9535854209
0.9520112709
0.9677800880
0.9678600594
0.9754782136
0.9774448635
0.9651667730
0.9852630979
1.0018463931
1.0087589046
1.0081781820
0.9973594522
0.9826820862
0.9774075612
0.9815974437
0.9745104391
0.9595145231
0.9621743681
0.9409569996
0.9255794136
0.9278923101
0.9425428916
0.9456872258
0.9440757173
0.9689089945
0.9852499337
0.9596674168
0.9750782073
0.9941739416
0.9909170520
0.9834721975
0.9817081558
0.9794969513
0.9779243036
0.9843844061
0.9909803109
0.9827968760
0.9727660688
0.9777858432
0.9696810743
0.9685244090
0.9464071675
0.9075915733
0.8630660737
0.8320205783
0.8307804188
0.8484221366
0.8708969240
0.9202943373
0.9628269174
0.9705290372
0.9703495335
0.9747791052
0.9762211957
0.9729243925
0.9653973132
0.9516628800
0.9371771043
0.9364104418
0.9467067631
0.9402232942
0.9268580089
0.9183675156
0.9179998009
0.9402759840
0.9620596507
0.9612547513
0.9500675703
0.9536856456
0.9659789122
0.9690743187
0.9670035469
0.9673501912
0.9638668077
0.9548467228
0.9502913806
0.9506361404
0.9467704399
0.9432134492
0.9441586302
0.9322618470
0.9090270840
0.8897933418
0.8703359130
0.8390261533
0.7903893948
0.7337127629
0.6608869208
0.5877028281
0.5252100722
0.4635399394
0.4103044447
0.3597985291
0.3094946383
0.2709455962
0.2444920306
0.2280429283
0.2251651759
0.2254382329
0.2221500459
0.2188675783
0.2191116266
0.2210645426
0.2260946616
0.2416212208
0.2688369352
0.3018937046
0.3360742756
0.3964506014
0.4576121071
0.5175578893
0.5889945964
0.6699933459
0.7465428414
0.8059896249
0.8510407379
0.8850501498
0.9083298708
0.9172177247
0.9049570959
0.9029157305
0.9156112540
0.9220712668
0.9286611555
0.9603675632
0.9975312580
0.9916519724
0.9865917845
0.9785696916
0.9794700695
0.9839953579
0.9834653185
0.9836000034
0.9880942294
0.9925987124
0.9896752851
0.9773164702
0.9656378544
0.9631451468
0.9621044015
0.9538760127
0.9410593545
0.9400456982
0.9360559212
0.9264176504
0.9247345495
0.9293396888
0.9359723088
0.9488428126
0.9605986773
0.9612270397
0.9612766693
0.9556834106
0.9668878539
0.9813784761
0.9807616324
0.9747182919
0.9736547495
0.9797433489
0.9931543724
0.9985713787
0.9886020214
0.9926258617
0.9913415016
0.9764864517
0.9831629635
0.9650792071
0.9815703707
0.9942367020
0.9972392034
1.0032903776
1.0062554994
1.0003461008
0.9950689482
0.9877715415
0.9851313038
0.9947134158
0.9960373652
0.9840136554
0.9909857568
1.0100293863
1.0006064600
0.9913358283
0.9996966905
1.0004199100
0.9941707688
1.0079531827
1.0125444330
1.0024848343
0.9897402892
1.0047297533
1.0025853325
0.9940936572
0.9802852101
0.9782673307
0.9897242217
0.9980101115
1.0008088598
0.9935430082
0.9780502742
0.9756334423
0.9691619474
0.9303697450
0.8739851282
0.8174718379
0.7765418688
0.7677160092
0.7918847706
0.8443397908
0.9034499311
0.9436258369
0.9737077451
0.9910328221
0.9944666058
0.9938643108
0.9869953960
0.9775958385
0.9722708401
0.9743328919
0.9811523810
0.9848245598
0.9837336340
0.9807813718
0.9845942199
1.0003480425
0.9947356239
0.9703324143
0.9630779773
0.9570395775
0.9404426755
0.9479510528
0.9634385382
0.9782419103
0.9823743966
0.9827031541
0.9863595243
0.9770295637
0.9688113650
0.9773596553
0.9910338926
0.9998773047
1.0009066661
0.9968381622
1.0036189612
1.0251990399
1.0143651477
0.9990394229
1.0102770178
1.0210362250
1.0221131011
1.0247625825
1.0075635111
0.9947600621
0.9879006376
0.9978481514
1.0018002980
1.0016683546
0.9936733414
0.9804779897
0.9686677698
0.9492702224
0.9114015715
0.8448150747
0.7507057426
0.6616621764
0.5981547641
0.6151410946
0.6838660853
0.7568336885
0.8321870424
0.9000442677
0.9466580119
0.9746021341
0.9824843156
0.9899987536
1.0112190876
1.0226796477
1.0231596094
1.0219313016
1.0072992001
0.9862647813
0.9816995495
0.9865608753
0.9907225568
0.9851627306
0.9519300263
0.8895271466
0.8081097733
0.7261847983
0.6861913667
0.7163109397
0.7789309368
0.8326276773
0.8775627573
0.9290425134
0.9718978285
0.9834246999
0.9820796856
0.9617195955
0.9056432469
0.8300567242
0.7614484107
0.7135502624
0.6978587975
0.7193092562
0.7638319435
0.8284441650
0.9027562035
0.9466844256
0.9817062970
1.0057490139
1.0251273024
1.0016528499
0.9942652585
1.0038213571
1.0039062411
0.9980975150
0.9950880278
0.9934899488
0.9980773540
0.9971638151
0.9825668649
0.9714476807
0.9723414051
0.9779587755
0.9723513844
0.9755074261
0.9830315318
0.9752645666
0.9724401178
0.9714643909
0.9665348353
0.9751041474
0.9824277341
0.9879299124
0.9984243189
1.0027326355
1.0107110367
1.0049469353
0.9978326042
0.9998543466
0.9974331387
0.9931567750
0.9989757662
1.0093552148
1.0105282900
1.0003932646
0.9953045286
1.0066329947
1.0074434644
1.0027857058
1.0073968608
1.0109782252
1.0133802640
1.0007522559
1.0006376510
1.0077693759
1.0101537752
1.0041606751
0.9963270110
0.9955127405
1.0013336110
1.0058050886
1.0050207622
1.0002758656
0.9905438382
0.9824929069
0.9981125318
1.0049356887
0.9999911015
0.9936590125
0.9944419808
0.9877981324
0.9847503494
0.9912287083
0.9931185479
0.9898223121
0.9929432229
0.9948616503
0.9949131228
1.0030839448
1.0040588050
0.9912285530
0.9887743363
0.9917731734
0.9750369433
0.9624977175
0.9629521493
0.9662094391
0.9595788934
0.9646282438
0.9771571792
0.9838055812
1.0005708264
1.0027081692
0.9950273049
0.9886584903
0.9915827763
0.9818465204
0.9548498515
0.9382639230
0.9239301323
0.8868944085
0.8396733274
0.8012587464
0.7708749335
0.7645332338
0.8032416747
0.8727648928
0.9279842468
0.9433792378
0.9540586327
0.9820000817
0.9845990699
0.9996786518
1.0055716827
0.9830499329
0.9877932282
0.9914328362
0.9795063118
0.9613929571
0.9610756532
0.9804536468
0.9962852466
1.0009576050
1.0021234211
1.0029896537
1.0088621083
0.9993763481
0.9796195100
0.9844924187
0.9852134643
0.9783514477
0.9811501933
0.9860136614
0.9858048633
1.0025523812
0.9902733255
0.9765436725
0.9818590001
0.9913297655
1.0038336378
1.0090505623
1.0008721878
0.9876758090
0.9732688820
0.9647632662
0.9588095000
0.9474981775
0.9543996278
0.9741406944
0.9976898018
1.0065678990
0.9913445379
1.0005434392
1.0071886628
1.0087277788
1.0076545833
0.9896932508
0.9762646712
0.9805637154
0.9922436741
0.9951245438
0.9911480147
0.9961146195
1.0058063997
1.0069199509
1.0059738884
0.9973974434
0.9987026845
0.9932833887
0.9836122469
0.9880424141
0.9903364681
0.9811387262
0.9759380694
0.9719941112
0.9640791901
0.9665342514
0.9767496527
0.9962376696
1.0017875904
0.9921801263
0.9887372519
0.9948880514
0.9946644758
0.9636637753
0.8986088913
0.8431076886
0.7947666118
0.7447899169
0.7450426980
0.8014722866
0.8622538513
0.9122222079
0.9533492422
0.9770457661
0.9850470594
0.9818661454
0.9916497374
1.0141607846
1.0109519099
1.0093557519
1.0080280873
1.0044921074
1.0103187552
1.0081281108
0.9988594904
1.0002305798
1.0007341830
1.0006634873
1.0016264108
0.9962142358
0.9906144994
0.9863375306
0.9949731125
1.0000703696
0.9826463122
0.9920791372
0.9846975345
0.9862488949
0.9997258063
0.9953686891
0.9969427591
1.0046089517
1.0073080074
1.0030444418
0.9853266438
0.9784254879
0.9803954178
0.9892584204
1.0030704675
1.0009695636
0.9935683564
0.9836225698
0.9977816932
1.0060756832
0.9956814389
1.0019592167
0.9945234731
0.9905355353
0.9862381402
0.9905858566
0.9975494497
0.9956207013
0.9894694092
0.9903291869
0.9946324302
0.9929622904
0.9955820107
1.0068592835
1.0087856584
0.9960597728
0.9846118511
0.9855423903
1.0037306380
1.0134311314
1.0086725513
1.0113045543
1.0154316310
0.9948518648
0.9945257108
1.0009943441
1.0012308984
1.0031915859
1.0059952561
1.0085204014
1.0107042564
1.0089658788
1.0035506974
0.9861079959
0.9722420934
0.9761697590
0.9674284427
0.9560775119
0.9675430104
0.9868540446
0.9769595396
0.9692414351
0.9579906041
0.9610962882
0.9723691291
0.9893423233
0.9903292628
0.9906663534
0.9844019460
0.9748678121
0.9844914565
0.9997173475
0.9969714136
0.9782101694
0.9544522897
0.9251796468
0.9077686824
0.9080112394
0.8879150775
0.8657718034
0.8141381114
0.7114073016
0.6417768020
0.6049835745
0.6030196726
0.6484644811
0.7251992579
0.8182844396
0.8825481161
0.9183575209
0.9535926912
0.9796612944
0.9861114283
0.9750189702
0.9473050894
0.9124347101
0.8697203358
0.7959420914
0.6936497592
0.6247350274
0.6287909903
0.6721872437
0.7527333901
0.8489675241
0.9009423418
0.9449381853
0.9699051950
0.9671611799
0.9765308266
0.9916901211
0.9941045009
0.9965887975
1.0027660455
1.0016470285
0.9932515249
0.9972571192
0.9785105691
0.9705652204
0.9774509590
0.9870288342
0.9886697118
0.9779602533
0.9660295467
0.9602778971
0.9718738851
0.9849324971
0.9920824921
0.9970787062
0.9904337715
0.9817564632
0.9700625553
0.9610558307
0.9512735326
0.9317359060
0.9405372894
0.9572842789
0.9633998269
0.9686933830
0.9706825237
0.9933535095
0.9936125510
0.9907165256
0.9842963620
0.9804212842
0.9829502100
0.9895866707
0.9956676141
0.9978623637
1.0031847020
1.0105136768
1.0115732039
0.9963959462
0.9786593470
0.9797079381
0.9906774887
1.0040211786
1.0068360240
0.9809518101
0.9345589416
0.8847177508
0.8663176507
0.8551106885
0.8803396996
0.9038513105
0.9416215693
0.9628715184
0.9697083821
0.9694441952
0.9872424807
1.0043274655
0.9994526453
0.9832783844
0.9680824541
0.9612017757
0.9698216077
0.9780099902
0.9604400720
0.9192867668
0.9038019004
0.9103735006
0.9420616993
0.9428538645
0.9486827991
0.9215908002
0.8578735441
0.7876775309
0.7521058624
0.7296704517
0.7588126714
0.8209134719
0.8845893998
0.9386797590
0.9663458802
0.9768104315
0.9932822005
1.0004799876
0.9971436216
0.9976550903
0.9934670709
0.9867273413
0.9960290849
1.0073802649
0.9986995965
0.9941949191
0.9978338619
0.9932343777
0.9939638414
0.9882305344
0.9911394368
0.9923050459
0.9991995729
1.0023187069
1.0040860624
1.0022487475
0.9872344504
0.9840168403
0.9971021435
1.0016299152
0.9988291754
1.0135658683
1.0213770822
1.0062310600
0.9987260837
0.9989516031
0.9873510163
0.9817651663
0.9792211275
0.9869279048
0.9949806116
0.9992826886
0.9916886703
0.9812893237
0.9851844680
0.9886788767
0.9898902144
1.0038556966
1.0048224041
0.9902571596
0.9831894717
0.9815553614
0.9770551701
0.9786306172
0.9945546213
0.9904525433
0.9964602062
0.9873018091
0.9886171019
0.9910876157
0.9860982950
0.9841899623
0.9870091743
0.9906540892
0.9940961236
0.9836406147
0.9709635029
0.9781269116
0.9876829781
0.9870454750
0.9781592241
0.9799795402
0.9885384925
0.9926957594
0.9891427705
1.0004334729
1.0191773638
1.0127043562
1.0098502258
1.0145482244
1.0015523175
0.9988118290
1.0119800381
1.0224326887
1.0005485664
0.9680382837
0.9486414494
0.9181778740
0.8640216521
0.8145422011
0.7987277932
0.8162617550
0.8554079132
0.8980479559
0.9324825513
0.9629294993
0.9799295484
0.9994304091
1.0094270061
0.9940617664
0.9910622822
0.9836393441
0.9807776308
0.9742772846
0.9660524366
0.9660027982
0.9710241291
0.9714515642
0.9645323086
0.9502266949
0.9236583000
0.8893440273
0.8700359961
0.8678674602
0.8794582623
0.9018170152
0.9244173336
0.9576755506
0.9883079877
1.0038116005
1.0099882735
1.0040534503
0.9896155036
0.9873678953
0.9874629209
0.9743748882
0.9544697621
0.9393313241
0.9259302668
0.9083717826
0.8973729258
0.9084133142
0.9364868226
0.9570850320
0.9708411064
0.9643003661
0.9899308961
0.9857202954
0.9821511214
0.9900491709
0.9765880881
0.9709979985
0.9723235363
0.9573591876
0.9342027965
0.8887580859
0.8399829562
0.8127335105
0.8140606187
0.8441404038
0.8862559870
0.9320880750
0.9636840589
0.9755246106
0.9945796430
0.9969036812
0.9988169038
1.0080497036
0.9988139668
0.9915424182
0.9678545016
0.9365132629
0.8996879875
0.8250549045
0.7405228988
0.6866633123
0.6934479461
0.7407642020
0.7940127337
0.8452254885
0.8817699927
0.8798722949
0.8418259353
0.8071980864
0.7836770089
0.7928205268
0.8196212225
0.8617624122
0.8821507983
0.9272599508
0.9792937134
0.9905480751
0.9850645902
0.9909210834
0.9985735416
1.0004019784
0.9949237106
0.9946762559
0.9980059186
0.9969324322
0.9956570028
0.9919446516
0.9872652918
0.9894200908
0.9948666668
0.9832112950
0.9857916026
0.9798223868
0.9856802716
0.9987106108
0.9847097321
0.9953412484
0.9909245202
0.9894234876
0.9869378876
0.9831336784
0.9839584093
0.9916954755
0.9948395216
0.9958365486
1.0015135374
1.0001885235
0.9937128028
0.9903727330
0.9851656208
0.9759710158
0.9778954782
0.9931258967
1.0000819511
0.9944810181
0.9832277012
0.9799188091
0.9848709809
0.9903578698
0.9955700257
0.9959668990
0.9905821519
0.9844979987
0.9845994987
0.9845363496
0.9858314947
0.9958350894
1.0013591295
0.9996709975
0.9972144652
0.9925677827
0.9748753115
0.9496420500
0.9421936830
0.9515835860
0.9291879082
0.8894648289
0.8450058739
0.8163565761
0.8120186887
0.8291789161
0.8760752559
0.9267323512
0.9711882081
0.9832199479
0.9802004094
0.9929097302
0.9969074205
1.0058390516
1.0116547971
0.9968360299
0.9995821110
0.9904450023
0.9763939787
1.0026233829
0.9967428987
0.9851561967
0.9988797215
0.9952340726
0.9894739918
1.0015142255
1.0095675167
1.0026756343
0.9945483838
1.0012745911
1.0140342475
1.0172073263
1.0088510112
0.9980087063
1.0026612438
1.0063797252
0.9956422995
1.0016438991
0.9867815132
0.9971360499
0.9848622298
0.9867209508
0.9916229480
0.9943786132
1.0010033537
1.0033034954
1.0022784990
1.0075500833
0.9969572070
0.9833370893
0.9896523973
0.9954017193
0.9850558855
0.9751748117
0.9762123320
0.9894608590
0.9791735531
0.9758137389
0.9862707612
0.9746436062
0.9779908647
0.9853370797
0.9882276412
0.9839531925
0.9736283950
0.9704517540
0.9694518173
0.9617711539
0.9606453394
0.9715214231
0.9735325797
0.9652969328
0.9662279706
0.9739123507
0.9804716635
0.9907488406
0.9884099221
0.9764280974
0.9784600961
0.9889227898
0.9881026333
0.9898772530
0.9910774382
0.9882105239
0.9954036385
1.0020473033
1.0058071301
0.9901395472
0.9818595487
0.9866557689
0.9888609704
0.9859627188
0.9817796630
0.9777256686
0.9793291747
0.9850526747
0.9822860062
0.9769639616
0.9805643537
0.9821906270
0.9829804158
0.9739331649
0.9703536130
0.9830616145
0.9895228201
0.9925347522
0.9909752004
0.9821149786
0.9772362285
0.9816766274
0.9895062356
0.9958242565
1.0030450233
1.0146003937
1.0221630920
1.0159008120
1.0100431180
1.0170082847
1.0263874150
1.0183875024
1.0099514944
1.0063079019
1.0043752240
0.9995635166
0.9880288451
0.9844611891
0.9805431406
0.9909570512
1.0091555399
1.0096881213
0.9987581102
0.9933425154
0.9971373305
1.0028593682
1.0075966910
1.0121443135
1.0085949825
1.0032782304
1.0036707628
1.0076247703
1.0137741166
1.0043585444
1.0013081689
0.9910165303
0.9778261902
0.9796245435
0.9900190233
0.9795038259
0.9702873731
0.9726206978
0.9889886973
0.9927939249
0.9897724192
0.9918950456
0.9831864580
0.9745227729
0.9829202334
0.9800338687
0.9724024843
0.9733599343
0.9767518760
0.9685632634
0.9708849360
0.9669011794
0.9830986391
0.9805156700
0.9617626655
0.9461829949
0.9469045513
0.9507924161
0.9471301125
0.9453212894
0.9542769351
0.9726256287
0.9810198270
0.9685064970
0.9611346987
0.9735177397
0.9781159645
0.9591317114
0.9526563153
0.9583055331
0.9759738589
0.9710486476
0.9495997060
0.9239340928
0.8803862155
0.8215211935
0.7563206410
0.7036480235
0.6880782469
0.7270684271
0.7852555290
0.8416996602
0.9010434090
0.9535882456
0.9863276476
0.9963419089
0.9924265973
0.9914409813
1.0009731092
1.0023077784
1.0054122163
0.9931335245
0.9967988242
1.0117840804
1.0040437992
1.0045761111
0.9902871460
0.9833505243
0.9915103414
0.9879850966
0.9893674168
0.9892360841
0.9858205653
0.9877766113
0.9924123363
1.0024133259
1.0031671602
1.0061231051
1.0013228205
0.9945712476
0.9891081342
1.0001665167
1.0034706508
1.0057796749
1.0110571426
0.9933134559
0.9809755807
0.9743103281
0.9493515404
0.9092910879
0.8898214519
0.8892002862
0.9060019142
0.9379283411
0.9611016816
0.9738438964
0.9922815847
1.0077261554
1.0112809319
0.9989870671
0.9960867067
0.9921432353
1.0038952730
0.9994983661
0.9810845953
0.9742135012
0.9888784654
0.9822795145
0.9833681113
0.9928909057
0.9912402333
0.9782091098
0.9741769715
0.9741179099
0.9681716586
0.9728954473
0.9881515413
0.9947379074
1.0026589153
1.0152782677
1.0067531785
0.9930554400
0.9784466029
0.9862889775
0.9860988946
0.9991879198
0.9812754153
0.9735149745
0.9518633749
0.9065412033
0.8534753272
0.8275261939
0.8306259293
0.8585969607
0.8976333961
0.9314155431
0.9635528617
0.9887743070
1.0046293338
1.0034454890
1.0058062654
1.0124032748
1.0078488396
0.9804513286
0.9990781605
0.9861621988
0.9835411363
0.9762318158
0.9794651944
0.9713210924
0.9599313135
0.9611619584
0.9716779457
0.9698649493
0.9634733271
0.9696069873
0.9765373515
0.9702937627
0.9552616457
0.9586949932
0.9666316605
0.9639174884
0.9609876068
0.9671637550
0.9855552826
0.9734487272
0.9701267745
0.9765940954
0.9599482535
0.9422673727
0.9075147849
0.8763757353
0.8638155753
0.8689919125
0.8990022159
0.9304788199
0.9509798300
0.9767917582
0.9815047783
0.9820869943
1.0013257081
0.9932812434
0.9875392548
1.0170910540
0.9796759118
0.9501682292
0.9299580048
0.9140744780
0.8901961837
0.8796165783
0.8628703604
0.8457433500
0.8198899994
0.7915813178
0.7742567535
0.7874785856
0.8279948861
0.8560337257
0.8612443610
0.8663524474
0.8668083683
0.8834866260
0.9058083122
0.9223565227
0.9598089284
0.9756936249
0.9788900413
0.9945422965
0.9926466754
0.9877783727
0.9889497162
0.9953580856
0.9783292418
0.9515334106
0.9386878962
0.9204692706
0.9100770067
0.9264147906
0.9382065547
0.9449458433
0.9503654334
0.9825201936
0.9868086612
0.9839917199
0.9848600917
0.9751456408
0.9558316939
0.9741966208
0.9998764001
0.9977405647
0.9858742367
0.9828875469
0.9876254022
0.9841127857
0.9764934161
0.9723045656
0.9777706563
0.9900323840
0.9980253060
0.9977604734
0.9834677794
0.9748174312
0.9768439863
0.9779925903
0.9976843289
1.0063411675
0.9896668667
0.9859502457
1.0005779932
0.9857830169
0.9803687835
0.9822041964
0.9926842239
0.9933555169
0.9882910067
0.9954532372
0.9931835654
0.9827502122
0.9901871756
0.9981847110
1.0014767569
1.0090172754
1.0011654965
0.9851581945
0.9830712422
0.9783318307
0.9957006126
1.0178190621
0.9893310974
0.9798338298
0.9856669787
0.9897151418
0.9834752232
0.9860716790
0.9936825736
0.9858915479
0.9769827614
0.9908923189
1.0101923704
1.0127345663
1.0095326383
1.0003279217
0.9887562388
1.0022244174
1.0073670410
0.9931645553
0.9774636253
0.9758589624
0.9768870408
0.9654024933
0.9503893480
0.9152140399
0.8935752392
0.8737944769
0.8513632657
0.8493884660
0.8829616482
0.9106793420
0.9224385862
0.9479734385
0.9722368253
0.9837620382
0.9795685650
0.9738593593
0.9817155342
0.9952902013
0.9915892384
0.9774343821
0.9759050027
0.9791210591
0.9731079788
0.9810928184
0.9885212096
1.0022255309
1.0161729279
1.0115170748
1.0076757327
1.0005950613
0.9882441006
0.9787832840
0.9655643826
0.9648799090
0.9778884296
0.9921442004
1.0064527921
0.9990631486
0.9893811702
0.9878819994
0.9946897896
0.9941397546
0.9859868466
0.9939466616
1.0011342064
0.9988870125
1.0022332861
1.0169129763
1.0128808827
0.9995856266
0.9834725319
0.9750434906
0.9832552272
0.9801264641
0.9780278514
0.9820910586
0.9808915643
0.9848289091
1.0090156378
1.0048888121
0.9976600888
0.9866540119
0.9828998292
0.9883958255
0.9819863168
0.9680599328
0.9267443472
0.8487711203
0.7416148778
0.6404251169
0.5824340762
0.5903678711
0.6557648785
0.7478560363
0.8416248130
0.9023095792
0.9333789459
0.9757375316
0.9748983403
0.9815499298
0.9830370909
0.9888822499
0.9864593080
0.9928182613
0.9877516154
0.9785977607
0.9873720621
0.9871121073
0.9823485215
0.9810953717
0.9882063045
0.9838292554
0.9588709670
0.9383714340
0.9219701829
0.9012050084
0.9105450334
0.9426986190
0.9625667662
0.9807723801
0.9731459975
0.9777098787
0.9980628656
0.9898503708
0.9916498996
0.9950128229
1.0035596983
1.0165301972
1.0067135400
0.9885149443
0.9809400537
0.9834660326
0.9884580612
0.9914415290
0.9968417713
1.0058044750
1.0055071343
0.9931003965
0.9802959579
0.9992913976
0.9759779810
0.9773363726
0.9510645737
0.9129710927
0.8814006781
0.8770291152
0.8780710010
0.8885059618
0.9156617358
0.9513547298
0.9781126670
0.9960328713
1.0000370319
0.9933903925
0.9892854700
0.9840984390
0.9859794408
0.9880958434
0.9772407913
0.9837406325
0.9677194956
0.9628859630
0.9097636517
0.8738364989
0.8459712151
0.8357711370
0.8559305426
0.8926227428
0.9262035348
0.9555854437
0.9707553113
0.9809710532
0.9867849353
0.9848129408
0.9939941287
1.0096404821
1.0030004965
0.9934699381
0.9912360956
1.0045185602
1.0204185138
0.9958975541
0.9761102551
0.9976731710
1.0084341808
0.9895848133
0.9845499460
0.9952857806
0.9870323350
0.9762809782
0.9869865647
0.9935036148
0.9888208109
0.9949284907
1.0132242422
1.0266530587
1.0208488637
0.9965296260
0.9879140695
0.9994502315
0.9999478048
0.9872707857
0.9725915304
0.9729036015
0.9785062377
0.9614141557
0.9700147188
0.9926926353
1.0031866288
1.0010399359
1.0025344167
0.9923877175
0.9847268326
0.9830862086
0.9729251032
0.9610222379
0.9676461756
0.9904612314
0.9877564767
0.9829365961
0.9715297538
0.9799750882
0.9959627373
1.0095177772
0.9844952869
0.9752676180
0.9781521633
0.9915414376
0.9842140798
0.9896850003
0.9981401901
0.9856770114
0.9789158048
0.9827882983
0.9831699580
0.9884972420
0.9958102016
0.9899686303
0.9912250496
1.0084799343
0.9963777854
0.9862651991
0.9838368527
0.9856223686
0.9824876408
0.9871823319
0.9834633732
0.9927648349
0.9878610223
0.9906918804
0.9854527366
0.9929065515
0.9970716541
0.9915796272
0.9852223824
0.9747450004
0.9643833347
0.9618007042
0.9571614282
0.9459674639
0.9308628672
0.9285899811
0.9406861039
0.9468345902
0.9489551714
0.9745120534
0.9801555965
0.9791580610
0.9666562792
0.9799616908
0.9813670342
0.9764444165
0.9763883861
0.9839255710
0.9957622684
0.9996518746
0.9977538952
1.0003743837
0.9980964859
0.9922788647
0.9937960045
0.9878563193
0.9990541526
0.9973507839
0.9988294603
0.9914983750
0.9770440284
0.9931251419
0.9950410301
0.9834025473
0.9775636511
0.9968838040
1.0146238889
1.0013880553
0.9924287408
0.9951453452
0.9971283102
0.9956934483
0.9815412404
0.9786426252
0.9792540755
0.9783295281
0.9695511139
0.9737694984
0.9606395916
0.9784876345
0.9820567051
0.9730698571
0.9553781642
0.9730374018
0.9753531663
0.9548551630
0.9406130876
0.9340191343
0.9475183760
0.9700410381
0.9764622842
0.9756066691
0.9853089230
0.9984748778
0.9959122964
0.9697608224
0.9683931124
0.9654167944
0.9910515070
0.9982477301
0.9830988264
0.9868168465
1.0040137376
0.9926144790
0.9824639931
0.9806270142
0.9849485385
0.9893329025
0.9939004755
0.9956712143
0.9972375812
0.9938611399
0.9858222920
0.9853193041
0.9809745277
0.9840828128
1.0066658442
0.9943508037
0.9945163908
0.9968195623
1.0020734066
0.9968232356
1.0046541581
0.9978325199
0.9890203474
0.9928132208
0.9873087230
0.9781498079
0.9850881278
0.9891584546
0.9822677971
0.9793383575
0.9837828736
0.9835397359
0.9730782469
0.9686220985
0.9690416800
0.9744023902
0.9913171495
1.0006706053
0.9913652713
0.9992709727
0.9932807096
0.9789714511
0.9678802994
0.9713883142
0.9856705919
0.9892365300
0.9763519967
0.9687784946
0.9765022622
0.9763550668
0.9677775542
0.9617344010
0.9442877586
0.9297802692
0.9268931506
0.9256102196
0.9302271370
0.9537663598
0.9587951116
0.9868365407
0.9850802083
0.9970001560
0.9985758406
0.9964604520
0.9895670077
0.9938716249
0.9975382169
1.0044130450
1.0040339595
0.9971335912
0.9961743060
0.9947772542
0.9922761236
0.9956801454
0.9898533915
0.9892134087
0.9792339273
0.9765903590
0.9761098288
0.9945751570
0.9957690064
0.9870027425
0.9959482311
0.9816306638
0.9890503593
0.9651927911
0.9292138038
0.8819819661
0.8367380579
0.7774199266
0.7038088379
0.6443919714
0.6151219904
0.6254070703
0.6746953102
0.7669372179
0.8626365635
0.9125132335
0.9289039408
0.9405626191
0.9752407858
0.9860654305
0.9940250916
0.9829602443
0.9677718194
0.9599727382
0.9723476707
0.9739391124
0.9624910539
0.9572046545
0.9641836230
0.9834085636
0.9994579037
0.9986308765
1.0012852120
1.0044559463
0.9923197863
0.9905295542
0.9863178477
0.9596029387
0.9688252367
0.9731457868
0.9675574030
0.9427514335
0.9356028030
0.9306038742
0.9158219381
0.9153893961
0.9283450316
0.9474746535
0.9684454820
0.9749353118
0.9703613246
0.9712271728
0.9736825572
0.9732850202
0.9588159918
0.9772517755
1.0053180836
1.0026227056
0.9773749821
0.9697984965
0.9482472219
0.9205177708
0.9106240024
0.9194865683
0.9423052470
0.9579464893
0.9529020085
0.9664296911
0.9800407563
0.9837818605
0.9893206351
0.9800998726
0.9605367183
0.9528934510
0.9376572928
0.9090897625
0.9080630701
0.9093396224
0.9069331152
0.9144574073
0.9075796999
0.8998035093
0.9038983141
0.9332661163
0.9600922894
0.9636473765
0.9613047924
0.9677959477
0.9686423572
0.9682756645
0.9546921916
0.9166838380
0.8940642874
0.9064938269
0.9229182639
0.9397661487
0.9532620640
0.9722948877
0.9677155400
0.9766157362
0.9850217472
0.9744046670
0.9767185333
0.9654556895
0.9648664749
0.9780165090
0.9805522467
0.9674416698
0.9589527011
0.9586368685
0.9707669313
0.9793480206
0.9744366849
0.9785068682
0.9855054923
0.9932823897
0.9994352153
1.0104329277
1.0079954798
1.0186353767
1.0162807414
0.9904046753
0.9868268961
0.9895507458
0.9852657831
0.9794704561
0.9915519363
0.9961337363
0.9907492094
0.9936425450
0.9955587264
0.9896601636
0.9888333362
0.9940289064
0.9974173056
0.9980727407
0.9934190395
0.9927136991
0.9970274058
0.9794686251
0.9857888094
0.9794038461
0.9603367945
0.9627229473
0.9771547147
0.9777973335
0.9755310129
0.9736584982
0.9713539162
0.9603729611
0.9538139640
0.9592594927
0.9686416626
0.9856546035
1.0034302330
0.9951162276
0.9754850457
0.9660541529
0.9675298750
0.9725017992
0.9809926736
0.9787406463
0.9665427695
0.9842982876
0.9771568614
0.9677182882
0.9723592816
0.9660342656
0.9690825708
0.9854174794
1.0018965889
1.0098611363
1.0023692260
0.9884208517
0.9893691441
0.9963325613
0.9802877431
0.9562651513
0.9658421876
0.9808081738
0.9764697853
0.9880163292
0.9854662991
0.9895417056
1.0001794361
0.9717216883
0.9557376215
0.9597181500
0.9551480088
0.9569034438
0.9657923577
0.9707998574
0.9809061056
0.9934749572
0.9898363848
0.9783446886
0.9857427368
1.0032312523
0.9846987789
1.0105838891
0.9915048795
0.9770390511
0.9678511233
0.9698174289
