#flux
0.9532509523
0.9616489057
0.9652460804
0.9575085180
0.9577858903
0.9745662092
0.9806041002
0.9758779080
0.9728391910
0.9678283527
0.9648333012
0.9619768257
0.9714818710
0.9745534304
0.9665453936
0.9673531211
0.9694951161
0.9586082942
0.9520199766
0.9561873575
0.9672892880
0.9811350018
0.9763026748
0.9634303148
0.9537773626
0.9477522673
0.9504092086
0.9649230528
0.9712170479
0.9468465830
0.9556217758
0.9589155580
0.9674830849
0.9548227651
0.9400570138
0.9418664710
0.9483890214
0.9492015586
0.9555730531
0.9607585155
0.9572598281
0.9570126729
0.9601461659
0.9630568321
0.9573236151
0.9474938815
0.9438401720
0.9430049099
0.9379689113
0.9366070959
0.9425039564
0.9485911183
0.9546297073
0.9573575725
0.9523038538
0.9448440157
0.9441045247
0.9406585989
0.9455325173
0.9600559457
0.9642410159
0.9578628791
0.9529733223
0.9474513846
0.9422797536
0.9430793266
0.9404524243
0.9160780848
0.9128434298
0.9211911718
0.9249466040
0.9225117604
0.9372228699
0.9506649490
0.9470412338
0.9456652806
0.9479540702
0.9491319373
0.9406217221
0.9333576218
0.9339520274
0.9328807904
0.9331290133
0.9376918482
0.9401413411
0.9359379447
0.9331200270
0.9310447396
0.9138644743
0.8940788029
0.9044096625
0.8980324727
0.8908206292
0.9015811577
0.9147864337
0.9186433521
0.9211618294
0.9080272417
0.8983322684
0.9026835052
0.9079225711
0.9133813300
0.9198791117
0.9175018882
0.9065902158
0.9027210817
0.9115214034
0.9331522042
0.9119638509
0.9145772612
0.9250402666
0.9299548800
0.9224395383
0.9154171194
0.9167022026
0.9087681542
0.9141484392
0.9137035372
0.9126521577
0.9107623787
0.8981838534
0.8950873403
0.9102133256
0.9150527651
0.9105701795
0.9178583686
0.9033316202
0.9124345746
0.8983852565
0.8813626243
0.8953703634
0.9045578875
0.8954128443
0.8872341714
0.8959545220
0.9076561210
0.9036174885
0.8999368087
0.8901762161
0.8919144904
0.8951621888
0.8856306567
0.8869526849
0.8918763690
0.8913708537
0.8949425885
0.8893710384
0.8787148694
0.8978098321
0.8790350540
0.8752369475
0.8808751790
0.8680916221
0.8586781634
0.8657174875
0.8604351868
0.8479827965
0.8341339562
0.8250606325
0.8204626824
0.8213255732
0.8321893355
0.8463119011
0.8501841366
0.8432955718
0.8354535592
0.8309871862
0.8302925017
0.8378909141
0.8211923561
0.8185578387
0.8253912129
0.8230088764
0.8112864467
0.7982393300
0.7918315927
0.7920413546
0.7835009348
0.7768806021
0.7825831316
0.7877726107
0.7883185307
0.7853374341
0.7748991565
0.7702966207
0.7680312295
0.7605448737
0.7606094366
0.7505526673
0.7492837927
0.7477367335
0.7463315232
0.7377330152
0.7342091961
0.7225648089
0.6979062345
0.6784453719
0.6689118903
0.6477593608
0.6265338827
0.6098222045
0.5799718557
0.5375384992
0.4956164347
0.4515990052
0.3971982120
0.3440475256
0.3061465612
0.2749446366
0.2454002130
0.2299847673
0.2280965868
0.2155407496
0.2120905023
0.2183560325
0.2220339646
0.2255552129
0.2380307183
0.2611670368
0.2945833442
0.3302940784
0.3702015175
0.4179628539
0.4642173859
0.5052650756
0.5440610560
0.5898910693
0.6352985119
0.6660347824
0.6870304803
0.7117342811
0.7150993949
0.7252916004
0.7250435505
0.7338064565
0.7392615258
0.7519953674
0.7618411666
0.7600924911
0.7608095639
0.7709890150
0.7730683063
0.7656687847
0.7637991987
0.7627823635
0.7604424687
0.7612367577
0.7769748245
0.7902025239
0.8042177393
0.8214743631
0.8174578404
0.8027677661
0.8107660767
0.8109417295
0.8171323402
0.8270325177
0.8266826121
0.8245392341
0.8247436204
0.8296690763
0.8417288336
0.8504931308
0.8491967277
0.8450524079
0.8429811436
0.8473018870
0.8336592040
0.8473626205
0.8579351086
0.8498410217
0.8402352209
0.8497307104
0.8661142778
0.8679717348
0.8757308694
0.8714875903
0.8739836973
0.8776140614
0.8795033929
0.8856542659
0.8957326815
0.9006815309
0.8913672955
0.8759700622
0.8812942818
0.9050170787
0.9027362202
0.9080631169
0.8919245454
0.8687393157
0.8844346395
0.9012603666
0.8918298230
0.8794009134
0.8830071659
0.8956064110
0.9076105638
0.9130812881
0.9145793336
0.9090215796
0.9003369119
0.9023020106
0.9064447057
0.9026622493
0.9107934122
0.9222874523
0.9210572743
0.9200033345
0.9346855548
0.9465278881
0.9257983953
0.9091940148
0.9238585487
0.9193971409
0.9126528337
0.8988690051
0.8812063209
0.8672049335
0.8538194692
0.8395972225
0.8330919418
0.8417420632
0.8663340014
0.8914419444
0.9007862662
0.9116101251
0.9201348574
0.9194261978
0.9217766950
0.9304766964
0.9346979576
0.9339525873
0.9399680505
0.9507787206
0.9468899963
0.9409786895
0.9251272281
0.9233604401
0.9351215070
0.9468082574
0.9472074179
0.9408865369
0.9434265867
0.9486338945
0.9401925553
0.9331340361
0.9360750341
0.9359283847
0.9231323063
0.9309071081
0.9390961416
0.9512076040
0.9499004657
0.9457944283
0.9515629882
0.9485150827
0.9392666974
0.9482416168
0.9434610297
0.9340922022
0.9340927073
0.9382458745
0.9444057485
0.9467985474
0.9437599961
0.9477420037
0.9520250853
0.9482514959
0.9480396635
0.9397949947
0.9344515368
0.9421945097
0.9609751071
0.9541743958
0.9542393991
0.9460923903
0.9277807967
0.9157917108
0.9207317622
0.9284855527
0.9227303874
0.9243757665
0.9412151042
0.9572261182
0.9718626196
0.9742588342
0.9621699293
0.9557231864
0.9617944138
0.9586360915
0.9657086492
0.9815884375
0.9749773183
0.9670002368
0.9699113659
0.9636875075
0.9738203166
0.9661640516
0.9607621760
0.9502297860
0.9451458738
0.9481244278
0.9476784227
0.9463772611
0.9490516006
0.9617960454
0.9775697737
0.9664391393
0.9539917939
0.9513692225
0.9467384175
0.9586556121
0.9437581378
0.9334268571
0.9157329265
0.9071210314
0.9050488583
0.9120646841
0.9389014257
0.9576724692
0.9678489958
0.9741513518
0.9668581859
0.9610974114
0.9727195144
0.9789160864
0.9728109561
0.9710305459
0.9701554553
0.9710174080
0.9824916872
0.9986810527
0.9970614264
0.9744695197
0.9575413969
0.9589289643
0.9818596552
0.9772256411
0.9665079402
0.9696048143
0.9718746377
0.9701859836
0.9667445210
0.9619171237
0.9623159425
0.9569266271
0.9428961041
0.9623300520
0.9737838427
0.9806587987
0.9750514429
0.9519900826
0.9670496093
0.9879215616
0.9666966159
0.9597190375
0.9743494520
0.9739797810
0.9653936600
0.9682482597
0.9693552258
0.9615824645
0.9694880284
0.9861427600
0.9888807960
0.9908893398
0.9869354009
0.9759900864
0.9753909010
0.9902160257
1.0040469929
0.9910850714
0.9703465270
0.9796723158
0.9696732493
0.9795198538
0.9900081740
0.9851234961
0.9866692908
0.9881012917
0.9820748514
0.9667815139
0.9586396724
0.9669530772
0.9740268857
0.9706493316
0.9643911397
0.9536996520
0.9500031163
0.9836201681
0.9892027072
1.0079199227
0.9746176092
0.9594608589
0.9557155625
0.9660734078
0.9774163299
0.9786958541
0.9768232860
0.9726701807
0.9678163509
0.9758827221
0.9825190333
0.9823871835
0.9839455125
0.9784820229
0.9770740603
0.9851012308
0.9798769490
0.9830436033
0.9857943627
0.9924830721
0.9990860920
0.9897489387
0.9703175545
0.9647683259
0.9744509219
0.9675368085
0.9595511472
0.9649854398
0.9719744650
0.9718977936
0.9696928674
0.9666232558
0.9710068912
0.9881067758
0.9949296201
0.9866011848
0.9870506311
1.0014193817
1.0086206327
1.0067561345
0.9990407745
0.9848231070
0.9866611453
0.9954798662
0.9902202750
0.9786090018
0.9745945011
0.9834719526
0.9872170694
0.9810963415
0.9803973669
0.9855589703
0.9795189303
0.9654086319
0.9656199094
0.9790602138
0.9894526996
0.9917644111
0.9787370861
0.9799882197
0.9779464537
0.9744296996
0.9764944683
0.9881482325
0.9865690578
0.9776013489
0.9705746155
0.9651549417
0.9678682199
0.9753428435
0.9773000096
0.9686250631
0.9627370506
0.9669740637
0.9736204372
0.9858351183
0.9842144625
0.9806455933
0.9791923209
0.9904144117
0.9823812503
0.9770861369
0.9839773304
0.9830513549
0.9936369749
1.0002031010
0.9927246146
0.9924315325
0.9893737083
0.9957487321
0.9964393546
0.9900184122
0.9905254897
0.9878448261
0.9812536076
0.9834160765
0.9857202557
0.9832383813
0.9922848937
1.0087561801
0.9976972409
0.9705296560
0.9839956226
1.0109264680
0.9970687915
0.9943986389
0.9878331501
0.9701137866
0.9685135123
0.9749935280
0.9616037390
0.9445333954
0.9479166292
0.9596071313
0.9627889094
0.9605105056
0.9662084158
0.9815930312
0.9850489800
0.9913837588
1.0018938391
0.9803096249
0.9741806387
0.9640414819
0.9830139024
1.0024884744
0.9956111087
0.9890753147
0.9859381177
0.9838116246
0.9838519327
0.9850817145
0.9845267035
0.9749586177
0.9606604463
0.9603573475
0.9730179487
0.9938602329
1.0043247888
0.9950651691
0.9877584681
1.0051892603
0.9943963755
0.9829325544
0.9885496300
0.9800003110
0.9736723505
0.9767208438
0.9820059819
0.9890258426
0.9917813920
0.9932760116
0.9936653433
0.9952607806
0.9955735164
0.9885706822
0.9906331900
0.9796742828
0.9931427823
0.9819260726
0.9759912478
0.9902462461
0.9995258645
1.0040192948
1.0026357330
0.9834014836
0.9731488261
0.9894132377
1.0022744391
1.0124377028
1.0129531995
1.0031581650
0.9943259115
0.9953610062
0.9944973702
0.9854487068
0.9910069996
0.9878056738
0.9969075467
1.0086622962
0.9992282486
0.9919081027
1.0012696663
1.0069217027
0.9999481927
0.9843477707
0.9810226947
1.0053723137
1.0116942735
1.0082157677
1.0020321482
0.9976535275
0.9892315391
0.9848163994
0.9918029282
0.9847134386
0.9706725650
0.9790179542
0.9815257521
0.9873022344
0.9898348445
0.9788339681
0.9711892416
0.9857938577
1.0042963939
1.0020856581
0.9974110559
0.9862494923
0.9820227819
0.9829712475
0.9844894103
0.9897943086
0.9962777139
0.9907486655
0.9789129486
0.9800624808
0.9802944461
0.9604472657
0.9359396027
0.8891237401
0.8329812559
0.7957237588
0.7772186952
0.7891873519
0.8362213987
0.8964111213
0.9519938356
0.9743766500
0.9813460745
0.9839217649
0.9990103753
0.9936853582
0.9747313348
0.9712450765
0.9606123295
0.9307358508
0.9050486888
0.8775042830
0.8621768228
0.8662363057
0.9020982919
0.9383699198
0.9583474259
0.9832903249
0.9757561505
0.9641188398
0.9792168423
0.9843961986
0.9792621852
0.9744271104
0.9845703865
0.9846391771
0.9815124908
0.9938925903
1.0035596897
0.9975307504
0.9946734521
1.0028503463
0.9952302970
0.9821304509
0.9750674897
0.9728674477
0.9819827985
0.9880220992
0.9820875394
0.9820966626
0.9866596733
1.0010076638
0.9876439240
0.9886047400
0.9979828909
0.9959655651
0.9946692585
1.0046270839
1.0151343803
1.0123567700
0.9965906304
0.9868193989
0.9958051863
1.0012112780
0.9956554241
0.9970819245
0.9968405911
0.9937742344
0.9811031164
0.9712084426
0.9840579495
0.9836251216
0.9924971935
0.9873013297
0.9819864105
0.9848328076
0.9891078516
0.9903816605
0.9862859637
0.9763505683
0.9656493364
0.9592485920
0.9546380167
0.9486832295
0.9438292305
0.9598520140
0.9618440638
0.9563513212
0.9622747801
0.9695745903
0.9751326521
0.9794950207
0.9783221200
0.9780239661
0.9891666782
0.9971688285
0.9948203781
0.9913707889
0.9961858871
0.9917096292
0.9694152415
0.9644700403
0.9758084194
0.9962643896
0.9964236841
0.9836016794
0.9913914824
0.9942406714
0.9856272718
0.9726626538
0.9749294432
0.9809719684
0.9913611326
0.9998382521
1.0006473699
0.9994429968
0.9893617621
0.9786317276
0.9795674184
0.9894323870
0.9979807187
0.9994970723
1.0041645124
1.0000450197
0.9982733884
0.9934248180
1.0028299393
0.9953290161
0.9982035970
1.0072332652
1.0171609850
1.0184451741
1.0127321873
1.0042362845
0.9982412229
0.9997768640
0.9934571466
0.9858965435
0.9920295130
0.9965951106
0.9968288045
1.0115563363
1.0130894869
0.9901185074
0.9955807473
1.0056503549
1.0074398471
1.0117207971
1.0062193441
0.9831040053
0.9745978865
0.9876080329
0.9977261223
0.9816422382
0.9785375210
0.9805463742
0.9826464384
0.9811360357
0.9758198820
0.9708555463
0.9730822940
0.9897715514
1.0052759091
1.0118996502
1.0125810737
1.0042245362
0.9910471830
0.9837437955
0.9901377732
0.9941206663
0.9915563138
0.9943961449
0.9926159245
0.9999291608
1.0127426821
1.0109238704
0.9857471087
0.9763431816
0.9825727290
0.9850552301
0.9885038881
0.9950720174
1.0111523127
1.0104139129
0.9917765236
0.9839597953
0.9981338497
1.0038755568
0.9980445211
1.0070815167
1.0221267956
1.0215312262
1.0128596414
1.0048393671
1.0016766865
1.0074326807
1.0054753179
0.9856712441
0.9619471257
0.9442025074
0.9312691599
0.9308605638
0.9464011369
0.9603022808
0.9626201301
0.9602437510
0.9776839500
0.9707925248
1.0004105952
0.9837197585
0.9698848261
0.9829856004
1.0151399679
1.0167543008
0.9986236065
0.9950090138
1.0035542472
1.0102331173
1.0024798283
0.9902512146
0.9926033098
1.0011235155
0.9977331737
0.9809996393
0.9622890533
0.9679167451
1.0049658094
1.0212980037
0.9926866973
0.9877385318
1.0029407316
1.0096146715
1.0293972414
1.0098540770
1.0064251212
0.9937816220
0.9958539056
1.0062456448
0.9980975103
0.9856634748
0.9899122086
1.0051190660
1.0152773502
1.0005995846
0.9720725370
0.9849427279
0.9877361061
0.9936392886
0.9928235531
0.9975851067
0.9955971127
0.9865329591
0.9892417302
0.9895293599
0.9936235380
0.9882698137
0.9702073772
0.9637330913
0.9710112071
0.9797993154
0.9840995843
0.9792343250
0.9795142121
1.0001237117
1.0076473329
1.0108532998
1.0131298269
1.0070958127
1.0163570569
1.0053542924
1.0087019528
1.0191777852
0.9941620080
0.9632893694
0.9325983707
0.9187119775
0.9202386390
0.9245507330
0.9380622352
0.9572109483
0.9761315716
0.9863503132
0.9765392597
0.9688600235
0.9693613681
0.9762145247
0.9810695300
0.9767104806
0.9874814774
1.0244140668
1.0303996749
1.0133033019
1.0030967653
1.0063436097
1.0112851695
1.0165480101
1.0158043439
1.0107585739
1.0091682344
1.0019352640
0.9971323249
1.0092018975
1.0177908941
1.0109883350
1.0004968280
0.9815437534
0.9663720951
0.9662527107
0.9607389671
0.9897844000
0.9974093820
1.0127210033
1.0154203257
1.0188477956
1.0063578189
0.9888907320
0.9863137018
0.9935624701
0.9942329638
0.9963822154
0.9937459292
0.9825770284
0.9850081923
0.9944503805
1.0000834060
1.0069120268
1.0017056460
1.0043783448
1.0015384997
1.0031594659
0.9944174545
0.9959983588
1.0020984598
1.0073108912
1.0012740462
0.9888769981
0.9835206592
0.9968010049
1.0102006974
1.0094243364
1.0045589706
1.0027246831
1.0026875576
1.0056615445
1.0042069708
0.9979277008
0.9979115175
0.9968233783
0.9862207189
0.9884193937
0.9983215298
0.9935168813
0.9913465871
0.9891174206
0.9807437651
0.9739252482
0.9866207898
0.9899030616
0.9768508888
0.9764662119
0.9880304073
0.9900875818
0.9880700360
0.9889529311
0.9901696192
1.0076696181
0.9990099165
0.9941468602
1.0072539513
0.9954777727
1.0025544790
1.0053209872
1.0106559984
1.0044013014
0.9974013620
0.9975777980
1.0088326976
1.0089067536
1.0019408881
0.9937028187
0.9899334676
0.9953693732
1.0094506813
1.0110628710
0.9810088584
0.9777328065
0.9855023025
1.0001991560
1.0008669107
0.9938491634
0.9969490783
0.9990391159
0.9955539694
0.9994705539
0.9960611178
0.9989479496
1.0054902016
1.0042280432
0.9964515191
0.9996057510
1.0116851557
1.0113114619
1.0033461873
1.0062010401
1.0093930631
1.0089260947
1.0085403086
1.0003676504
0.9924609000
0.9918276482
0.9957384240
0.9969291264
1.0054987362
1.0063251847
0.9981655884
0.9933964857
0.9998821819
0.9980817091
0.9941096270
1.0055118373
1.0111539016
1.0055767196
1.0069793499
1.0140136213
1.0157818041
0.9970287973
0.9877818466
1.0052491273
1.0139946048
1.0000984677
1.0121532056
0.9945860952
0.9909200059
0.9816314170
0.9883183767
0.9913135673
0.9851486168
0.9821854104
0.9915387388
0.9970747397
0.9912705813
0.9826368821
0.9788182356
0.9930577081
1.0108759912
0.9888984363
0.9770039338
0.9794094148
0.9801539909
1.0042923387
1.0140653163
1.0023011249
0.9905464219
1.0183191958
1.0183639003
1.0074321752
0.9994877582
0.9994694623
1.0005298499
0.9971414886
0.9926381121
0.9936723090
1.0013293607
1.0005868920
0.9932123936
1.0051765684
1.0061766056
1.0108628200
1.0023576084
1.0012861834
0.9995685519
1.0176771381
1.0065663959
0.9983560954
0.9968878839
1.0043133447
1.0100890506
1.0193282071
1.0176285272
1.0100556548
1.0061947025
1.0061765162
1.0077835546
1.0077927556
1.0009454567
0.9952201740
1.0053267047
0.9935793705
0.9952970913
0.9941015667
0.9983694010
0.9997049072
1.0136088927
1.0037038437
0.9941524757
1.0027886535
1.0094110261
0.9996951676
0.9989217935
1.0029893109
1.0084822628
1.0089929772
1.0006721961
1.0029830983
1.0199344146
1.0246467276
1.0176607766
1.0136788713
1.0109397735
1.0052144525
0.9958577865
1.0022432766
1.0145242527
1.0114057936
1.0246931199
1.0248540746
1.0130422441
1.0002975206
0.9874552875
0.9957565556
1.0100105596
1.0045748477
0.9936447497
0.9932481743
0.9907121179
0.9836782643
0.9885438531
1.0026222839
0.9954350669
0.9980003980
1.0016636921
0.9929185875
1.0021861623
1.0009882154
0.9960509118
1.0031880513
0.9991302800
0.9863126916
0.9904590344
0.9966987303
0.9880929865
0.9812530124
0.9846614429
0.9871950202
0.9953341351
1.0094297678
1.0007181779
0.9886407056
0.9862363188
0.9889416486
0.9924529198
1.0019070918
1.0144125134
1.0238090533
1.0209748359
1.0146646667
1.0169334182
1.0200625686
1.0169634483
1.0080481361
1.0035421626
1.0074583257
1.0082854426
1.0029484284
1.0021011439
1.0038854892
0.9982708220
0.9912327576
0.9979866779
1.0097494268
1.0139074896
1.0010467364
0.9959433570
0.9932260681
0.9979874503
0.9847295421
0.9887762722
0.9941675680
0.9966622872
0.9945563790
0.9849314299
0.9726475703
0.9687389052
0.9714959308
0.9720301227
0.9750806830
0.9883688654
1.0022249709
0.9918724350
0.9786232456
0.9886271404
0.9947027730
0.9848024904
1.0027152523
1.0009469092
0.9991140605
1.0057433357
0.9991191770
1.0058223568
0.9995829372
0.9963370960
1.0098849446
1.0091321874
0.9987327009
1.0031397637
1.0025596028
0.9964031978
1.0024258190
0.9972844890
1.0230724986
1.0219534568
0.9993595469
1.0123195884
0.9948832772
1.0073899573
0.9995477063
0.9962561426
0.9978368065
0.9972092861
1.0065401235
1.0177745694
1.0019867638
0.9986074546
1.0051192288
0.9950937805
0.9957692948
0.9949685843
0.9924557644
0.9916182542
1.0048503702
1.0020881209
1.0124378595
1.0112842966
0.9968211543
1.0058555992
0.9964387440
1.0089302776
1.0161566198
1.0112152717
1.0170551953
1.0147189772
1.0000141218
1.0061179288
1.0118817282
0.9942703911
0.9860197680
0.9872898932
0.9803503262
0.9766432886
0.9920602950
0.9992198018
0.9993240407
0.9821475109
1.0067045441
0.9944135955
0.9961234360
0.9995847646
0.9844993529
0.9838628908
1.0002684909
1.0132273153
1.0093442361
0.9972899297
0.9935163805
0.9937602794
0.9909518271
0.9975110799
1.0096346643
1.0089542233
0.9995552312
0.9967196596
1.0033603030
0.9874535955
0.9957331347
0.9974656672
0.9876054456
0.9900061543
0.9895809455
0.9786396423
0.9669659887
0.9668766221
0.9726917136
0.9805583093
0.9715345796
0.9493238141
0.9291618995
0.9150219182
0.9233143046
0.9139436676
0.9261086070
0.9582311528
0.9560602251
0.9586302330
0.9651218747
0.9683562132
0.9851582143
0.9825661831
0.9876622861
0.9883323951
0.9798168657
0.9903453792
1.0002989180
0.9999834092
0.9918878579
0.9923582523
1.0000226222
0.9885311101
0.9753056346
0.9739627431
0.9820367308
0.9861060377
0.9747417019
0.9816131569
0.9960745981
0.9919839810
1.0033809927
0.9897381928
0.9912923752
0.9988821067
0.9799240049
0.9742074939
0.9832891284
0.9850829600
0.9881819668
0.9971995130
0.9993475084
0.9934027147
0.9858912492
0.9848179900
0.9966576854
1.0203063404
1.0020603699
0.9905896565
0.9906391451
1.0094197696
1.0131408493
0.9959761079
0.9901888224
1.0013983524
0.9974652349
0.9982368849
1.0048855989
1.0110106859
1.0048827793
0.9961193506
0.9997984383
0.9997463877
0.9966296069
1.0082221907
0.9974258534
1.0087502638
1.0230465081
0.9770563914
1.0087905376
1.0013157410
0.9955580018
0.9941958511
0.9971296411
0.9997521324
0.9962046211
0.9828706883
0.9851204175
0.9934170381
0.9947041539
0.9940164468
0.9958701582
0.9984702503
0.9971167823
0.9965729507
1.0083853436
1.0120950465
1.0113691048
0.9995703225
0.9949931472
0.9824200094
0.9888636773
1.0134448062
1.0134090400
0.9998551937
0.9970541653
1.0049570458
1.0156445437
1.0087069514
0.9898409305
0.9858102531
0.9882508856
0.9806634606
0.9773804358
0.9802165391
0.9886303957
0.9951174329
0.9901501583
0.9843385569
0.9975004483
0.9853681991
0.9730484462
0.9727065935
0.9886380559
0.9930439379
1.0041927926
1.0164391902
1.0221257596
1.0239695958
1.0230188834
1.0144352519
1.0068821520
1.0058961365
0.9942214494
0.9808191484
0.9965616901
1.0003827966
0.9939922674
1.0006261071
1.0117186450
1.0063957607
0.9881851729
1.0035980767
1.0098434358
1.0004114678
1.0002373487
1.0023179020
0.9958605118
0.9924002711
1.0054795480
0.9997533836
0.9939574104
1.0145145632
1.0180832314
1.0054759297
0.9976085327
1.0056915166
0.9958174346
0.9998807390
1.0126946550
0.9993783145
0.9964186005
1.0060443548
0.9774251227
0.9840160254
1.0057794595
1.0128198499
1.0008258843
0.9912667746
0.9927816983
0.9965625055
1.0000706137
0.9904301523
0.9571874203
0.9234015820
0.8962963201
0.8665791213
0.8450794836
0.8537650035
0.8839219595
0.9164525626
0.9544333441
0.9641021233
0.9738631515
0.9748161456
0.9785828966
0.9719770261
0.9820319107
0.9959384278
0.9979360526
1.0059535959
1.0075949734
0.9986744341
1.0043973736
1.0137936899
1.0142688143
1.0032347634
0.9933603343
0.9895106601
0.9955853730
1.0098409504
0.9976808279
0.9883161964
0.9724996831
0.9835796990
0.9857012807
1.0001070913
1.0026902412
1.0059900947
1.0072714030
1.0008656876
0.9938177443
0.9942610316
0.9952400958
0.9897163500
0.9915036270
0.9948229311
1.0036476318
1.0094424567
0.9921503305
0.9847920552
0.9802381572
1.0012783370
1.0028755461
0.9956409202
1.0240581535
1.0112390679
0.9852047385
0.9919998036
0.9963239388
0.9901496632
0.9920616242
0.9980604897
0.9857585027
0.9699753284
0.9913386592
1.0073242177
1.0185059492
1.0212926299
1.0239935015
0.9939624006
0.9826787281
0.9933309388
1.0047528870
1.0243107812
1.0151244883
1.0128633763
1.0061303498
0.9978357592
0.9920927713
0.9920525345
0.9909340749
0.9938271214
1.0035064790
1.0010251861
0.9853630969
0.9780231209
0.9922171432
0.9918619863
1.0013089014
1.0051621899
1.0150385626
1.0117672420
1.0108564815
1.0113375767
1.0028600578
0.9899685880
0.9903858850
1.0095279001
1.0149028380
1.0108272771
1.0075724632
1.0084248236
1.0076804883
1.0041608923
1.0101855921
1.0030416672
0.9914897101
0.9993703083
1.0018760163
1.0045723731
0.9955651370
0.9851761008
1.0037354840
1.0044933402
0.9971105191
0.9939909414
1.0078561624
1.0094746543
0.9979185751
0.9974750420
0.9886865997
0.9879493872
1.0027082444
1.0007644986
1.0025505063
1.0135767228
1.0133369404
1.0121878937
1.0072520044
0.9957325674
0.9975555050
0.9961120328
1.0013481785
0.9893495767
0.9851034537
0.9942964693
0.9842682960
0.9814100622
0.9900040714
1.0077376901
1.0076396261
0.9984111759
1.0013991678
1.0014514126
0.9960179296
0.9996616769
1.0056239658
0.9979306976
0.9922000004
0.9948382490
0.9961545221
0.9990553036
0.9864303521
0.9931440921
0.9820123380
0.9981650608
1.0160634324
0.9969526866
0.9852886537
0.9852233130
0.9867856818
0.9899449338
0.9908411436
0.9928714099
0.9996855313
0.9998705980
0.9956291072
1.0008608461
0.9971104861
1.0029695181
0.9844370075
0.9884898502
1.0159906653
1.0176818151
0.9908815526
0.9906732030
0.9852651508
0.9780659203
0.9846819124
0.9907912464
0.9849584891
0.9874788088
1.0038650941
1.0124791104
1.0059511874
0.9941163748
0.9909008465
1.0024354950
0.9955509546
0.9895175503
0.9954749269
1.0039970824
1.0070119616
1.0084633890
1.0174158235
1.0101799885
0.9994608837
1.0146263256
1.0114273893
1.0048046338
0.9947897359
0.9845278045
0.9846912014
0.9866793582
0.9848117470
0.9789908738
0.9689918508
0.9791810234
1.0045217239
0.9859286533
0.9801841532
1.0097831801
1.0086051882
0.9977183509
0.9908111278
1.0023487546
0.9922602538
1.0043624978
1.0038267642
0.9927960071
0.9923497908
0.9960247560
0.9901675866
0.9857653803
0.9889304473
0.9904372304
0.9966325975
0.9869445101
0.9793369031
0.9879843862
1.0071772808
1.0096787579
0.9985790540
1.0004896482
0.9931778406
0.9816224631
0.9892259171
0.9902098131
0.9852165179
0.9897028888
0.9876805525
0.9850136089
0.9850471650
0.9886880568
0.9963896463
0.9993359918
1.0093901753
1.0095743900
1.0044694487
1.0128302376
1.0196249024
1.0245353712
1.0037881806
1.0008740890
0.9788550704
0.9734757243
0.9883629771
1.0016737870
1.0124388827
0.9982932013
0.9934845157
1.0031343650
0.9980495558
0.9909032205
0.9968639792
0.9930515073
0.9824642806
0.9854677474
0.9934374524
0.9933801408
0.9929490658
0.9880100265
1.0200319453
1.0115152798
0.9982410306
1.0002108689
0.9975205669
1.0035948649
1.0005592743
1.0066762201
1.0059828851
0.9928354883
0.9928650478
0.9992012076
0.9956388505
0.9935680597
0.9882545109
0.9813900908
0.9883616571
0.9873926906
0.9959859339
0.9918635122
0.9731650282
0.9729934350
0.9907842928
0.9846610770
0.9843771542
0.9937264784
0.9940400878
0.9827485640
0.9912686676
0.9891896886
0.9863515112
0.9951546362
0.9907514884
0.9805801530
0.9762652850
0.9725902972
0.9866348961
0.9933857367
0.9947548471
1.0080319428
1.0105834784
0.9791014809
0.9935776751
1.0037862689
1.0051760858
1.0159874413
1.0135002862
1.0055609849
1.0013478618
1.0012978907
0.9961704725
0.9888240129
0.9854763849
0.9821066934
0.9831811395
0.9908564723
0.9915701020
0.9871489670
0.9464955350
0.9513355941
0.9438245325
0.9122567701
0.8969279053
0.8792675851
0.8625984991
0.8748558186
0.8882760921
0.9157504528
0.9453837620
0.9685587221
0.9805850730
0.9861064177
0.9916338843
0.9942935336
0.9960727624
0.9984946288
0.9939212137
0.9956262447
1.0016463873
1.0159217061
1.0136814177
1.0097595146
0.9955873476
1.0006861009
0.9978480372
1.0101602807
1.0072124065
0.9951375480
0.9851919517
0.9770480450
0.9845440866
0.9887276231
0.9909867600
1.0006148810
0.9904142786
0.9809102479
0.9897831540
0.9943882096
0.9886253453
1.0062108519
1.0035010858
0.9800224971
0.9843581285
0.9937316795
0.9964528393
0.9830698743
0.9747297071
0.9924065810
0.9886811444
0.9825935452
0.9919290741
0.9902383397
0.9766119232
0.9768943458
0.9888108684
0.9941553098
0.9906090298
0.9870094857
0.9880560873
0.9829428864
0.9894869405
0.9874096003
1.0054056352
1.0100547336
1.0012191525
1.0030190005
0.9987433372
0.9903794309
0.9953085344
1.0011366408
0.9994737386
0.9843082968
0.9712858088
0.9770621237
0.9770247212
0.9671046785
0.9830238798
0.9851216180
0.9751784614
0.9762730101
0.9827630683
0.9791005369
0.9816411204
0.9784576565
0.9906573072
0.9780662672
0.9737831480
0.9944717254
1.0000687580
1.0104542645
1.0259049337
1.0179942281
1.0025314391
1.0014192861
0.9963341902
0.9844310326
0.9849735379
0.9897560021
0.9955105318
0.9762819182
0.9827810623
0.9786547944
0.9851512836
0.9931644903
0.9977306983
1.0075181171
1.0155629873
1.0044562769
0.9833583285
0.9825602372
0.9942822709
0.9927728769
0.9874827127
0.9931445584
0.9917886812
0.9904024656
1.0103967287
1.0001712846
1.0031374977
0.9989125406
1.0082540772
1.0100050360
0.9967642609
0.9890701750
0.9843949693
0.9781355846
0.9837116089
0.9862415926
0.9742624045
0.9907998163
1.0008503287
0.9937802165
0.9865555292
0.9773928989
0.9716705109
0.9831303907
0.9985075285
0.9905995739
0.9861978350
0.9917930286
0.9827799729
0.9937930291
0.9883701506
0.9928754650
1.0006605114
0.9912758321
0.9781145533
0.9790422068
0.9919640845
0.9968457097
0.9918077254
0.9906251763
0.9880332809
0.9888837517
0.9929414184
0.9889960143
0.9884151308
0.9845288967
1.0039574282
1.0061132829
1.0165905738
1.0125753343
1.0051449399
1.0044503405
1.0061753915
1.0004256658
0.9897427024
0.9986212188
0.9937884788
0.9913344723
1.0025315586
0.9964126203
0.9851367469
0.9919360528
0.9994905695
0.9933607984
0.9868610893
0.9929362172
0.9955390816
0.9941457515
1.0022973021
0.9895633323
0.9882628534
0.9874609465
0.9871046107
0.9845130705
0.9799359169
0.9958976009
0.9938945510
0.9955391242
0.9897836991
0.9846352258
0.9875175621
0.9905397882
0.9894760297
0.9896476671
0.9887290670
0.9783935194
