#flux
0.9655014037
0.9687855574
0.9637891997
0.9669091518
0.9553739804
0.9468831903
0.9567210873
0.9766638977
0.9849405424
0.9736644797
0.9609838845
0.9660278730
0.9693424980
0.9720952974
0.9747521858
0.9797159497
0.9781349066
0.9712850576
0.9662357008
0.9618905423
0.9631954703
0.9695122097
0.9616552000
0.9532543987
0.9483016703
0.9413630737
0.9458225954
0.9445144852
0.9289967612
0.9314983978
0.9563370590
0.9650887950
0.9544878447
0.9485300820
0.9518227529
0.9470695574
0.9459179769
0.9581484362
0.9632889673
0.9587709726
0.9632907578
0.9663420234
0.9581102374
0.9606336936
0.9620529579
0.9679878173
0.9771112517
0.9835581932
0.9784443093
0.9541313952
0.9477991956
0.9550044710
0.9683788557
0.9733209008
0.9691438693
0.9638036809
0.9668160016
0.9700914184
0.9506614666
0.9261154777
0.9310652310
0.9454368132
0.9419087034
0.9367888425
0.9353432464
0.9348246512
0.9358867395
0.9337876229
0.9209415619
0.9130362711
0.9129200374
0.9244849388
0.9292373028
0.9419748235
0.9607086321
0.9623538064
0.9470641772
0.9422975559
0.9503490534
0.9529000694
0.9420600612
0.9258701635
0.9214810521
0.9232634852
0.9199291031
0.9212721197
0.9282270925
0.9147414085
0.8705717696
0.8291748198
0.8051286899
0.7832390437
0.7977649960
0.8292551257
0.8734638468
0.9171081240
0.9317987225
0.9200174852
0.8993380430
0.8796092490
0.8672243909
0.8638273972
0.8674064361
0.8798825856
0.8993391868
0.9118090740
0.9145319933
0.9208569318
0.9310724543
0.9471885466
0.9328452944
0.9142018941
0.8935158965
0.8815991248
0.8865522482
0.8976218955
0.9060714142
0.9202129525
0.9343940224
0.9338363249
0.9257412065
0.9243557135
0.9238260628
0.9212684437
0.9302218743
0.9342901816
0.9247472098
0.9262899734
0.9334199571
0.9326296680
0.9400260704
0.9099686732
0.9040654654
0.9144922346
0.9111953126
0.8960663923
0.8898685330
0.8948104837
0.8938316125
0.8943092039
0.8947217589
0.8811486425
0.8778804148
0.8877320214
0.8960095234
0.8913671469
0.8797201499
0.8807953200
0.8980586489
0.8999075727
0.8966597828
0.9026010805
0.9138071481
0.9209152762
0.9084709004
0.8851967488
0.8702983770
0.8640326328
0.8515124419
0.8300615786
0.8176474874
0.8236485332
0.8392335683
0.8589895864
0.8667891590
0.8713642453
0.8718049459
0.8567922663
0.8352931056
0.8312543993
0.8404902888
0.8376094800
0.8298869836
0.8160670482
0.7872223813
0.7709894210
0.7707359978
0.7710047951
0.7749408839
0.7855853391
0.7968651673
0.8083382458
0.8131897948
0.8037398883
0.8010785107
0.8045342927
0.7961748417
0.7771727404
0.7669042374
0.7737520491
0.7763391617
0.7609201118
0.7451649305
0.7353279887
0.7366387433
0.7375049208
0.7288378050
0.7125256352
0.6942599436
0.6772068840
0.6573888520
0.6249817960
0.5841108067
0.5429099309
0.4795292596
0.4208097431
0.3684092272
0.3166733907
0.2679289773
0.2327216470
0.2167322653
0.2107476796
0.2039453187
0.1996539587
0.2010394487
0.2059515937
0.2165778387
0.2328787975
0.2533276235
0.2810784823
0.3201169221
0.3689127819
0.4261049816
0.4941653657
0.5637028557
0.6189561209
0.6798099175
0.7016300536
0.7066647611
0.7111064583
0.7212799830
0.7314473230
0.7322288230
0.7289908686
0.7268694975
0.7397158991
0.7573859523
0.7683803265
0.7734362092
0.7823589556
0.7963426778
0.8032448879
0.7987098860
0.7943564906
0.7970574062
0.8016656655
0.8144970511
0.8146675846
0.8019373376
0.7992824729
0.8252364640
0.8419966631
0.8365509728
0.8309250094
0.8379211993
0.8460961082
0.8463017921
0.8399248246
0.8436737081
0.8484948249
0.8367719901
0.8243195561
0.8286632437
0.8406054364
0.8560535312
0.8670519193
0.8690621799
0.8793101013
0.8843143090
0.8963607412
0.8859210102
0.8746791908
0.8756090026
0.8833306766
0.8940228853
0.9005650419
0.8966223224
0.8899951616
0.8926721986
0.8977073912
0.9005092896
0.9081581980
0.9168712079
0.9157463747
0.9067728776
0.9063172642
0.9126437813
0.9134861128
0.9123851095
0.9182039487
0.9199297669
0.9190539993
0.9177433993
0.9145744708
0.9092821742
0.9074612712
0.9031865081
0.9000471245
0.9013744498
0.9065297339
0.9171138336
0.9286566897
0.9319818658
0.9261092758
0.9188525592
0.9278102467
0.9351181588
0.9288558555
0.9179856807
0.9168900490
0.9159389251
0.9174292183
0.9239396882
0.9196567918
0.9161505877
0.9046685914
0.8851148239
0.8484129501
0.7954947112
0.7453075058
0.7177940392
0.7246917442
0.7703009231
0.8391218090
0.8918019596
0.9130977472
0.9339670584
0.9358260640
0.9321931339
0.9545940367
0.9410652014
0.9185978721
0.9133868349
0.9189841061
0.9338520318
0.9487318638
0.9519991744
0.9500620648
0.9366541273
0.9239804529
0.9330658886
0.9481688604
0.9475720068
0.9407093305
0.9272026643
0.9024010280
0.8910699705
0.9044531365
0.9270314351
0.9422132998
0.9323870082
0.9277754730
0.9320775944
0.9295478363
0.9332618749
0.9425073991
0.9554125008
0.9637229899
0.9636675648
0.9604445284
0.9576665344
0.9521842634
0.9441330103
0.9436980675
0.9507143179
0.9537979659
0.9802818991
0.9724599166
0.9631083015
0.9587131079
0.9559648256
0.9511506128
0.9509939513
0.9648284397
0.9753738328
0.9616246551
0.9296555589
0.8971828165
0.8735614349
0.8601172448
0.8540440220
0.8629126472
0.8902924386
0.9191168638
0.9414842749
0.9611609746
0.9758938700
0.9789506782
0.9673963346
0.9558339145
0.9557076986
0.9395624839
0.9435371819
0.9578457176
0.9596921075
0.9613179935
0.9732569376
0.9823840031
0.9764610250
0.9616252692
0.9429369041
0.9135877578
0.8742744254
0.8489971375
0.8532095158
0.8650176835
0.8938873399
0.9410004714
0.9659971077
0.9591221874
0.9497439720
0.9604235492
0.9712357259
0.9458587573
0.8947645642
0.8398291435
0.7980011465
0.7646940801
0.7695019006
0.8248931757
0.8996629939
0.9549586221
0.9816903397
0.9909889399
0.9833852878
0.9677755244
0.9694458000
0.9765184592
0.9794964865
0.9806455199
0.9838672531
0.9994703232
0.9899728783
0.9907267562
0.9834416338
0.9791432310
0.9798052742
0.9711800881
0.9585432519
0.9546551538
0.9691943605
0.9932156687
1.0012302119
0.9908239970
0.9862755049
0.9904190152
0.9912038719
0.9829457905
0.9726200559
0.9591699222
0.9628895017
0.9875668282
0.9975928757
0.9930020907
0.9903705986
0.9928294976
0.9948887493
0.9967272645
0.9905255035
0.9798932586
0.9844384971
0.9971114623
0.9984756369
0.9953541123
0.9957443818
0.9950749507
0.9949246369
0.9993372725
1.0052700684
1.0154349298
1.0182680320
1.0202814833
1.0035249449
0.9961564012
0.9978190631
0.9913925000
0.9928848199
1.0026626737
1.0001715551
0.9865895780
0.9822462815
0.9885879298
0.9885019682
0.9764165946
0.9630524516
0.9592317845
0.9647047373
0.9637311138
0.9593601853
0.9771172424
0.9951503970
0.9865959735
0.9825556099
0.9909114719
0.9876455505
0.9808837490
0.9775033125
0.9816542516
0.9805372684
0.9771199883
0.9690228337
0.9607039697
0.9614465806
0.9629101731
0.9600686587
0.9615734304
0.9683801637
0.9768668157
0.9855321032
0.9916863630
0.9952444974
0.9890150269
0.9846309674
0.9873813459
0.9670329805
0.9594853422
0.9543532065
0.9419349845
0.9374736749
0.9310028756
0.9177959696
0.9167798009
0.9372394434
0.9652179453
0.9808012733
0.9781873520
0.9749001757
0.9749064711
0.9730033393
0.9728869633
0.9607029934
0.9682699277
0.9683475088
0.9765450640
0.9899474783
0.9823333036
0.9655424767
0.9651313013
0.9756006176
0.9793619336
0.9721361338
0.9689531188
0.9788414054
0.9870437822
0.9822140037
0.9768851932
0.9799367461
0.9847287594
0.9702740499
0.9580184108
0.9583265375
0.9777904793
0.9910995421
0.9789391682
0.9753152866
0.9836270358
0.9737038649
0.9588102109
0.9596505223
0.9557771692
0.9380351663
0.9261746249
0.9278940005
0.9370906243
0.9456261089
0.9432779513
0.9498663461
0.9729853405
0.9947659083
0.9966156065
0.9761691659
0.9689972206
0.9745453178
0.9760884269
0.9754722107
0.9569958884
0.9561188012
0.9659803273
0.9695505692
0.9767746621
0.9866843158
0.9880002812
0.9921371072
1.0035008101
0.9972223153
0.9795499273
0.9873940282
0.9985564968
0.9885995618
0.9851672729
1.0113413866
1.0069680788
0.9872620496
0.9878023906
0.9806505858
0.9818431008
0.9856908288
0.9819598174
0.9861126834
0.9885726939
0.9747612244
0.9582924410
0.9384025553
0.8961002453
0.8455248892
0.8253413489
0.8470385562
0.8828133603
0.9317661756
0.9705361820
0.9646889437
0.9701604612
0.9744570643
0.9779415929
0.9813589015
0.9877411534
0.9944645272
0.9964606882
0.9935786703
0.9856086578
0.9819072678
0.9889010998
0.9934623447
0.9899328194
0.9767354320
0.9445800566
0.9221564762
0.9228665992
0.9367210698
0.9547253116
0.9720097148
0.9726695312
0.9787454541
0.9832752835
0.9781357284
0.9804904665
0.9859005253
0.9885884548
0.9896761797
1.0007234605
1.0147729014
1.0124778275
1.0031031353
0.9955706310
0.9861932831
0.9919022236
1.0102545703
1.0183713837
1.0063079673
1.0013565333
0.9922872348
0.9707647695
0.9691585628
0.9751917945
0.9729898996
0.9793067522
0.9810181355
1.0049815742
1.0045464389
1.0095431639
1.0153294696
1.0056396175
1.0015231086
1.0059615383
1.0071606547
1.0073885266
0.9928037928
0.9781578035
0.9712661297
0.9914713716
1.0235777039
1.0290301502
1.0296287662
1.0060046957
0.9916038361
0.9883078261
0.9980315231
1.0005962231
1.0083214461
1.0055076957
0.9934604858
0.9897650730
1.0016815476
1.0136239693
1.0058254132
0.9895298948
0.9830647173
0.9640413313
0.9305231168
0.9224452706
0.9465565612
0.9737364442
0.9839074498
0.9829392117
0.9761618302
0.9724762491
0.9759477536
0.9805955140
0.9724910913
0.9793656714
0.9864496779
0.9899897238
0.9949328053
0.9923223720
0.9787872012
0.9598597641
0.9358288280
0.8914524664
0.8522476118
0.8653988251
0.8895899546
0.8696006623
0.8127255960
0.7358926990
0.6891211029
0.6393483537
0.6541694822
0.7292096559
0.8193665416
0.8978345703
0.9424513085
0.9587832701
0.9640055011
0.9639705832
0.9672266528
0.9712946333
0.9539311537
0.9254102249
0.8857504878
0.8158791202
0.7582754263
0.7310427930
0.7478779988
0.7965770711
0.8633086810
0.9286515740
0.9569324892
0.9799484424
0.9886999968
0.9556532084
0.9313603468
0.9230286845
0.9219106157
0.9336652660
0.9631228444
1.0040548209
1.0212904545
1.0162491280
1.0064714818
0.9879287437
0.9762192732
0.9786053607
0.9975289793
1.0221680273
1.0261814070
1.0033093303
0.9907126246
0.9954342720
1.0062531090
1.0094893399
0.9997935622
0.9815858002
0.9677376508
0.9626065784
0.9703270752
0.9912960290
0.9992054077
0.9853054798
0.9759815261
0.9785512128
0.9787267171
0.9927625371
1.0218055753
1.0168887086
1.0044497414
1.0073313328
1.0201794692
1.0176712880
1.0095521633
1.0023885018
0.9972394764
0.9956356523
1.0005980951
1.0047959891
1.0035940011
1.0066655801
1.0113661514
1.0016157658
0.9793505224
0.9484996798
0.9149418999
0.8861281577
0.8662690937
0.8770585898
0.9077970121
0.9348694047
0.9720224705
0.9826882774
0.9857395605
0.9878251785
0.9958850465
0.9984317019
0.9819497655
0.9644054078
0.9582895306
0.9593241616
0.9661747248
0.9565197622
0.9377297422
0.9058351050
0.8965846366
0.9160543429
0.9436586574
0.9627189186
0.9643091565
0.9644124304
0.9720992462
0.9638866625
0.9481462357
0.9604699127
0.9800381812
0.9859731092
0.9890675904
1.0017462725
1.0103004723
1.0083014968
1.0134688731
1.0186047274
1.0178611221
1.0177168640
1.0214886924
1.0161253441
0.9991331165
1.0015983855
1.0099802227
1.0149858259
1.0088609499
0.9992587608
0.9977008639
0.9996084132
1.0017758815
1.0025353043
0.9966765663
0.9879584798
0.9845091148
0.9881586524
0.9927664800
0.9892375038
0.9902234093
0.9964994189
0.9738605016
0.9856393227
0.9965182832
0.9995377189
0.9939183489
1.0052415695
0.9896699880
0.9810583448
0.9786103112
0.9844697699
0.9990630711
1.0200184608
1.0169178758
0.9919492568
0.9797826788
0.9834825908
0.9861347137
0.9839150461
0.9748361030
0.9675289816
0.9770388841
0.9992974427
1.0062200775
0.9852240957
0.9786716347
0.9936273648
0.9970600693
1.0081508307
1.0159386261
1.0258323063
1.0104784653
0.9781617239
0.9707000905
0.9829123564
0.9906423595
0.9885441701
0.9772834549
0.9735173387
0.9732796870
0.9629073102
0.9654918017
0.9748875915
0.9868943833
0.9929868473
0.9886117495
0.9901373356
1.0024567082
1.0106294283
1.0053781228
1.0076224390
1.0236951802
1.0332878411
1.0237263528
1.0077180351
0.9908366573
0.9715481104
0.9545386667
0.9336340970
0.9060639710
0.8681683163
0.8520183481
0.8692525529
0.9004160277
0.9541477826
0.9770464406
0.9896457349
1.0201713368
1.0226670628
1.0187176219
1.0303334029
1.0324108871
1.0069626793
0.9838482771
0.9855431549
0.9884636528
0.9767974281
0.9686584647
0.9637938605
0.9522557332
0.9616551869
0.9833975812
0.9817003879
0.9930117351
0.9949948322
0.9841772757
0.9764981687
0.9794628383
0.9803146718
0.9878787127
0.9842010024
0.9840119537
0.9975034724
1.0096721848
1.0151815684
1.0069022824
0.9866130701
0.9759091621
0.9745037348
0.9704469578
0.9622144363
0.9569506463
0.9633204423
0.9625660931
0.9748589775
0.9811252597
0.9801142840
0.9877074142
0.9965939025
0.9905790014
0.9714628699
0.9575495475
0.9630413020
0.9773102637
0.9803899803
0.9688854182
0.9484402929
0.9324368012
0.9309306119
0.9300403021
0.9529433094
0.9924253562
1.0132899469
1.0104224794
1.0282263456
1.0191491352
1.0087451819
0.9929875601
0.9880794287
0.9952637078
0.9951566540
0.9701911856
0.9399841775
0.9000509948
0.8540149224
0.8078744849
0.7829024203
0.8063515109
0.8557371980
0.9025325400
0.9379165378
0.9596868554
0.9636904540
0.9522525241
0.9372245321
0.9314359721
0.9323797829
0.9415974438
0.9589615701
0.9776168227
0.9910515664
1.0000340012
1.0120159529
1.0212662286
1.0172106462
1.0032631951
0.9886440943
0.9855645570
0.9991768889
1.0053023990
0.9967261852
0.9945732654
0.9910218468
0.9792994812
0.9853407617
0.9995922537
0.9920990742
1.0061793234
0.9947590421
0.9897414156
0.9988414626
1.0065434073
1.0161563898
1.0230618804
1.0162616289
1.0068591529
1.0004316436
0.9977644596
1.0034702326
0.9991381240
0.9950962744
0.9892798832
0.9948957711
1.0269790517
1.0156905335
0.9777802451
0.9790587840
0.9862957295
0.9924600029
0.9909064831
0.9990591932
1.0127153208
1.0124515585
1.0086476996
1.0093042121
1.0068115496
1.0005873488
0.9985054857
1.0022105553
1.0092352013
1.0190921219
1.0188334722
0.9935801074
0.9954411925
0.9915248191
0.9926264486
0.9772061628
0.9546272361
0.9467540124
0.9424241235
0.9474696708
0.9598220833
0.9520265869
0.9465011664
0.9526964611
0.9578512505
0.9611048259
0.9771684440
1.0030535154
1.0109533060
1.0122948952
1.0221153335
1.0237467666
1.0099851435
0.9907074765
0.9890724322
0.9998628053
1.0019426859
1.0047918512
0.9921422922
1.0004457215
1.0026464537
0.9960044002
0.9986770561
1.0035649638
0.9881981701
0.9731667148
0.9847799001
1.0013322602
1.0049098822
1.0010192380
0.9997058426
1.0131363952
1.0117131931
1.0090628771
1.0084231298
1.0079439773
0.9926388981
0.9881195436
0.9960277941
1.0033985975
1.0135043193
1.0066116479
0.9909502769
0.9863848530
0.9971210862
1.0093941988
1.0088551126
1.0029115017
0.9999065573
0.9879678945
0.9912997577
1.0116808831
1.0261663288
1.0200830908
0.9934539776
0.9647280080
0.9684606274
0.9704327827
0.9767181914
0.9963135844
1.0076324904
0.9968471795
0.9925146759
0.9961295999
0.9981306951
0.9909130521
0.9759449514
0.9663446683
0.9641084278
0.9675789779
0.9700702220
0.9760940649
0.9921370925
1.0108696416
1.0125069883
1.0121699769
1.0076270280
0.9928191345
0.9864763060
0.9826678011
0.9859788708
0.9966780911
0.9966030736
0.9991839409
1.0095582019
1.0145562450
1.0138916297
1.0088659811
1.0005507403
1.0030989298
1.0047122077
1.0129272858
1.0125336289
1.0078392981
1.0099908934
0.9905467924
0.9967322187
0.9923721420
0.9875942905
0.9869124496
0.9779410346
0.9743248964
0.9710834554
0.9734500496
0.9837478451
0.9981397930
1.0070483622
1.0096974756
1.0192942838
1.0280083765
1.0276280326
1.0135385690
0.9996631255
0.9929900755
1.0030809503
1.0206126443
1.0180625130
1.0095304282
1.0111011366
0.9894767429
0.9858630328
1.0077192322
1.0180477349
1.0110476075
1.0044817937
0.9998740533
0.9994630340
1.0037420285
0.9935621689
0.9777637942
0.9890197981
0.9990348284
0.9968038761
0.9919036784
0.9889982372
1.0063386035
1.0094995337
1.0023338323
1.0003698682
0.9983176209
0.9891385635
0.9778683498
0.9765672668
0.9806617923
0.9887530751
0.9903829917
0.9788408775
0.9695206029
0.9733150486
0.9782946370
0.9719691149
0.9761895712
0.9821578666
0.9617533021
0.9789058685
0.9936133776
0.9768222735
0.9868744706
1.0165448175
1.0310952460
1.0279101596
1.0072443316
0.9932297587
0.9973199338
1.0052040886
1.0065406032
1.0017777705
0.9927222668
0.9874166688
0.9902395370
0.9857383155
0.9730209988
0.9690661295
0.9760472681
0.9838028709
0.9859648606
0.9890813958
0.9829461284
0.9709116004
0.9593695702
0.9683046861
0.9869380014
0.9955400452
0.9921512348
0.9818292870
0.9743573999
0.9739452955
0.9699006426
0.9562605736
0.9450526160
0.9431379676
0.9411174888
0.9358355389
0.9606423304
0.9985926102
0.9997272840
1.0036177662
1.0070534289
0.9917035330
0.9868635943
0.9889282835
0.9990035467
1.0027749217
0.9979702283
0.9991405819
1.0025920233
1.0039798936
1.0009770825
0.9865385304
0.9787058603
0.9920665718
0.9980709209
0.9793036752
0.9703215206
0.9688383529
0.9696789420
0.9857101392
0.9807793663
0.9856732465
0.9881232793
0.9951991029
0.9941389933
0.9889160128
0.9952614691
1.0009626385
1.0032363092
0.9997321999
0.9920131825
0.9867947175
0.9634041328
0.9252377968
0.9116055079
0.9064992655
0.8958734723
0.9071593313
0.9505738610
0.9795652278
0.9954445831
0.9807665556
0.9720813061
0.9780745501
0.9962359378
0.9908072483
0.9777985499
0.9791287175
0.9792020137
0.9755418071
0.9773451720
0.9840057807
0.9997717873
1.0074322788
0.9892443614
0.9725351827
0.9749413775
0.9983970225
0.9989831068
0.9958610411
0.9855040638
0.9808343136
0.9972391763
1.0079336430
0.9974598844
0.9850456993
0.9852325339
0.9948388836
0.9990535717
0.9904663031
0.9845389340
0.9759016371
0.9511064949
0.9477970725
0.9531677548
0.9607859870
0.9673465603
0.9627864996
0.9772028238
0.9776637662
0.9929800786
0.9993871941
1.0028956051
0.9930004226
0.9815681784
0.9734252714
0.9787616124
0.9893326290
0.9887804807
0.9801336624
0.9712894342
0.9647689432
0.9633394699
0.9667223637
0.9844898272
0.9980980987
0.9842667358
0.9688295688
0.9743952869
0.9860373121
0.9811359264
0.9752774588
0.9717639190
0.9711948204
0.9666046606
0.9518633319
0.9490418961
0.9606519696
0.9681417449
0.9652261934
0.9619968327
0.9641547629
0.9722707137
0.9854500425
0.9848016630
0.9670821684
0.9562292604
0.9643771491
0.9790723397
0.9835027370
0.9845416386
0.9840565983
0.9779587745
0.9771160336
0.9826540615
0.9725855854
0.9704674796
0.9738065855
0.9740953759
0.9637079302
0.9392852158
0.9089482068
0.8818329032
0.8681956668
0.8675028266
0.8573417576
0.8325349586
0.7861720507
0.7523439235
0.7515284616
0.7889111351
0.8315927630
0.8401610684
0.8487463609
0.8392878283
0.8359523074
0.8425309575
0.8773386936
0.9230114631
0.9475065961
0.9583871028
0.9695574125
0.9729787166
0.9721609254
0.9763257785
0.9839100868
0.9848525271
0.9736343817
0.9649959685
0.9417800399
0.9213052719
0.8949394346
0.8786194379
0.8815176846
0.9081468911
0.9395449555
0.9609043666
0.9773709982
0.9854822558
0.9686379288
0.9384188237
0.9312454223
0.9467768191
0.9535608604
0.9590142373
0.9736336205
0.9723376015
0.9747882995
0.9709026894
0.9726938537
1.0031059248
0.9944349662
0.9699422743
0.9752818997
0.9701768579
0.9770207054
0.9876105624
0.9976575684
0.9938856178
0.9774905320
0.9650618153
0.9738174067
0.9918369178
0.9898074105
0.9933592739
1.0128186108
1.0325271385
1.0154755992
0.9904020976
0.9655511424
0.9702911579
0.9968647728
0.9883625500
0.9872632699
0.9902008621
0.9817986183
0.9775891256
0.9783391080
0.9845816875
0.9855947326
0.9711067772
0.9602135568
0.9714160742
0.9881455235
0.9908981765
0.9844323375
0.9954659262
0.9935366798
1.0108180008
1.0175632492
0.9743722478
0.9720648355
0.9857032672
0.9920237571
0.9948001705
0.9906582864
0.9842184063
0.9849776224
0.9836514137
0.9854306836
0.9845428651
0.9714643926
0.9624950488
0.9613599095
0.9506408345
0.9341943677
0.9166792674
0.8938982073
0.8771624746
0.8807340249
0.9089168680
0.9242961585
0.9307001198
0.9391806075
0.9472612179
0.9500088166
0.9608872739
0.9821786461
0.9987699975
0.9935158736
0.9871740284
0.9864473340
0.9786825346
0.9809792339
0.9916884343
1.0024434595
1.0123114474
1.0012442278
0.9830661487
0.9889301959
0.9927548304
0.9928739366
0.9957332922
1.0005234271
0.9873870174
0.9904462385
0.9988928632
0.9903492631
0.9841380296
0.9963270920
1.0140366405
1.0212357449
1.0162172499
1.0098417281
1.0079060553
0.9940055501
0.9766769808
0.9810551992
0.9917491799
0.9864195175
0.9819677427
0.9899245413
0.9973004516
0.9906049435
0.9816418366
0.9710295678
0.9811849896
0.9882057262
0.9883971160
0.9834298115
0.9818991892
0.9845054506
0.9827443293
0.9740222381
0.9627372856
0.9712750600
0.9680717593
0.9814154231
0.9599146981
0.9247923947
0.8622983071
0.7730926891
0.7081158233
0.6745014737
0.6897593980
0.7621059530
0.8511130313
0.9191052579
0.9565113486
0.9741052246
0.9831168427
0.9777762414
0.9595788454
0.9531690451
0.9595006992
0.9534973286
0.9517286837
0.9533931693
0.9661317535
0.9877850207
1.0000025330
1.0085514711
1.0114563642
0.9951261289
0.9756720333
0.9739527938
0.9679645906
0.9529942406
0.9457113509
0.9569490531
0.9693266129
0.9697169082
0.9643843384
0.9671574957
0.9851601547
0.9941789724
0.9889599957
0.9827225199
0.9817264364
0.9749668424
0.9804278186
0.9624959859
0.9535862533
0.9808336645
0.9897724981
0.9995202336
0.9955500487
0.9783072453
0.9704453379
0.9848633444
0.9977537385
0.9927141045
0.9862608139
0.9863676023
0.9844279292
0.9817616106
0.9675623599
0.9474993324
0.9243983348
0.9371199361
0.9667575047
0.9844010405
1.0056134264
1.0165531970
1.0091893352
0.9999553925
0.9879892822
0.9914493505
0.9958508751
1.0042668903
1.0012899602
0.9810775152
0.9727821646
0.9828007702
0.9840340817
0.9706913528
0.9633086791
0.9520634840
0.9539791653
0.9710692264
0.9926661657
0.9831572172
0.9831480826
0.9814941562
0.9840840257
0.9931703163
0.9948917071
0.9895413813
0.9999397316
1.0072438025
1.0091098011
1.0097870272
1.0011445954
0.9947764926
0.9962515782
0.9860475421
0.9801325367
0.9917131674
0.9923501015
0.9851488431
0.9818949854
0.9928990048
1.0001560428
0.9970340441
1.0013485071
1.0026018463
0.9973455089
0.9828296578
0.9750722451
0.9815588324
0.9849837094
0.9835669309
0.9871832913
0.9881113387
0.9840549723
0.9835634349
0.9799929696
0.9978827583
1.0194036209
1.0084270317
0.9983173821
0.9928541327
0.9989618652
1.0097241202
1.0053097683
0.9902198090
0.9835555072
0.9773230345
0.9742721913
0.9754366082
0.9836259057
0.9979891994
1.0016112776
0.9891060099
0.9841790607
0.9940064697
0.9935702428
0.9822846715
0.9824064272
0.9836320609
0.9981562840
1.0075116143
1.0149135204
0.9870245507
0.9718286270
0.9782653432
0.9854254502
0.9670917515
0.9711637717
0.9862449341
0.9883287680
0.9962833805
0.9965621481
0.9808707656
0.9853538497
0.9933531265
0.9900355560
0.9896109277
0.9882351204
0.9897300362
0.9981360458
1.0069805355
0.9978155684
1.0002786869
1.0011366434
0.9983458087
0.9885956920
0.9792098661
0.9629676524
0.9553724432
0.9533564522
0.9431377564
0.9281633889
0.9284323248
0.9474892664
0.9627154129
0.9725010800
0.9690259129
0.9645790650
0.9621374761
0.9811051503
0.9935169539
1.0038151481
0.9971960681
0.9868526570
0.9733765583
0.9734742051
0.9758480339
0.9813593516
1.0025010379
1.0145482365
1.0056599820
0.9909052643
0.9826669262
0.9790574405
0.9744852761
0.9825189957
0.9922164406
0.9885130194
0.9817452136
0.9736910880
0.9818530279
0.9976569288
0.9951616197
0.9944964992
1.0087940717
1.0068806001
0.9995078730
0.9886444636
0.9852413700
0.9924842975
0.9900706255
0.9774940377
0.9729598248
0.9748158294
0.9702385422
0.9603354958
0.9686012475
0.9886764455
0.9945906134
0.9889622094
0.9846078619
0.9881252898
0.9966573163
0.9895830270
0.9773820331
0.9780573782
0.9917859236
0.9949987676
0.9876946778
0.9844077652
0.9800682454
0.9747143963
0.9748201447
0.9840347246
0.9969473931
0.9850013253
0.9720703077
0.9773226970
0.9729087363
0.9881455549
1.0042001864
0.9951942763
0.9952728878
0.9949489875
0.9968705341
1.0004595496
1.0022641101
0.9896763418
0.9840203840
0.9896471081
0.9982901816
1.0073414939
1.0030678158
0.9880103395
0.9933474465
1.0080738481
1.0009403124
0.9903493274
0.9843039068
0.9840264630
0.9879033590
1.0104693953
1.0094067092
0.9907534308
0.9921216598
0.9852892959
0.9811445659
0.9665564394
0.9647363305
0.9711431636
0.9744263010
0.9759632189
0.9746507315
0.9799904131
0.9987140385
1.0083053372
1.0077182238
0.9990922167
0.9966871974
1.0005318151
0.9700189089
0.9536995915
0.9778421150
0.9826202433
0.9642056685
0.9578186023
0.9782577692
0.9883923995
0.9883690973
0.9724502961
0.9526391728
0.9456739662
0.9387636413
0.9263433876
0.9251891511
0.9286423148
0.9261585445
0.9287705566
0.9425959035
0.9668484204
0.9746624425
0.9858470321
0.9790858255
0.9731310070
0.9738039247
0.9718676690
0.9656633196
0.9706745895
0.9797902264
0.9874740513
0.9852173212
0.9861782723
0.9942451343
0.9977538842
0.9978336350
0.9927394272
0.9885008520
0.9723473472
0.9838463520
1.0074317096
1.0037084198
0.9850308955
0.9711840975
0.9590868139
0.9605353452
0.9503419004
0.9212772428
0.8809966879
0.8325439338
0.7850399630
0.7435288669
0.7211690801
0.7164032156
0.7273225416
0.7737324929
0.8452687863
0.9036450532
0.9377181722
0.9683676751
0.9865541362
0.9979558022
0.9913524002
0.9778138165
0.9844335847
0.9952619639
0.9925521696
0.9853236518
0.9784438828
0.9749673591
0.9809860549
0.9859533372
0.9835808616
0.9936367448
1.0008660953
0.9863153164
0.9874619123
0.9885554271
0.9842959148
0.9681122744
0.9611800861
0.9654434600
0.9500913681
0.9398375557
0.9451999147
0.9267381157
0.9321478869
0.9572366931
0.9637461146
0.9542186546
0.9572723032
0.9673939753
0.9748036276
0.9802899288
0.9773515373
0.9679385071
0.9658992481
0.9747130814
0.9991910309
0.9967278844
0.9746034799
0.9945842578
1.0027537886
0.9960290968
0.9761563973
0.9512402778
0.9516936649
0.9677512773
0.9739347743
0.9679693385
0.9707518495
0.9767562512
0.9808738459
0.9723202457
0.9588988789
0.9643437074
0.9731448434
0.9755126795
0.9816654067
0.9785031309
0.9704523340
0.9620588421
0.9434060197
0.9427815896
0.9502283552
0.9329941413
0.9368001682
0.9521689691
0.9792414801
0.9971417096
1.0012075405
0.9946154708
0.9890941658
0.9806458960
0.9582201061
0.9450608857
0.9629605569
0.9810667110
0.9820684251
0.9799534001
0.9812796590
0.9878536300
0.9764838256
0.9915404316
0.9955702665
0.9864799968
0.9887831958
0.9917230045
0.9737158116
0.9581127411
0.9621277642
0.9712366540
0.9751230352
0.9880400929
1.0022240687
0.9979599161
0.9875156141
0.9832305762
0.9894531632
0.9875177826
1.0003847624
1.0145872185
1.0091730720
1.0068279410
1.0120765481
1.0163543268
1.0220595279
1.0102062401
0.9871027607
0.9780471213
0.9830050510
0.9823768950
0.9751178108
0.9763035528
0.9913712020
1.0020518641
0.9958163537
0.9932812699
0.9991531745
1.0003346960
0.9875205124
0.9825365758
0.9909497602
1.0101272003
0.9986341995
0.9924061239
0.9938584789
0.9811839321
0.9768635174
0.9762246130
0.9814194744
0.9811838983
0.9760025172
0.9675701512
0.9626880151
0.9710690775
0.9835895740
0.9867766988
0.9774355604
0.9744317454
0.9808899307
0.9812327616
0.9645080976
0.9689863635
0.9749504188
0.9866994454
0.9897143434
0.9901054206
0.9831828459
0.9743975780
0.9820630173
0.9908749440
0.9965613754
1.0008244153
1.0036779066
1.0023196307
0.9938008706
0.9909559173
0.9911560294
0.9781956439
0.9626534315
0.9672573553
0.9806468986
0.9970224610
1.0083980894
0.9949374864
1.0047464621
0.9907836066
0.9887598164
0.9967214613
0.9883251468
0.9807769298
0.9792661766
0.9823159312
0.9853584010
0.9836496971
0.9819934198
0.9838628771
0.9976905348
1.0052923823
0.9921020709
0.9817035768
0.9731508466
0.9695675654
0.9814080275
0.9797419203
0.9824088103
