#flux
1.0048465869
1.0007920700
0.9997730017
0.9966077462
1.0037293442
1.0009449885
0.9982387809
0.9999058780
1.0046550678
1.0165219309
1.0189088085
1.0173980393
1.0073077317
1.0054416964
1.0076495068
1.0074612516
1.0100880365
1.0117841381
1.0057232906
1.0097823563
1.0201813248
1.0134311281
1.0021269332
1.0044899778
1.0041541089
0.9984647963
0.9942924256
0.9919512824
0.9903683335
0.9940850651
0.9969455557
0.9958463297
1.0005486947
1.0025875601
1.0021687223
1.0034508994
1.0031729156
0.9993273126
0.9992506674
0.9988772001
0.9986610392
1.0011002476
1.0020145857
1.0075577347
1.0157834604
1.0122920133
1.0040029681
1.0061231839
0.9993424752
0.9872717112
0.9937314658
1.0074982558
1.0060406621
1.0006934360
0.9925396199
0.9884489829
0.9969338412
1.0015188117
0.9943266526
0.9915051353
0.9987224127
1.0045189560
1.0048942223
1.0012659179
0.9884957758
0.9678703594
0.9518381644
0.9384587406
0.9025958199
0.8780948844
0.8915113151
0.9133367996
0.9323630986
0.9543554717
0.9741023796
0.9862345195
0.9945186502
0.9976276631
0.9971110551
0.9959439556
0.9905420009
0.9851896944
0.9895400176
0.9976688325
1.0006968612
0.9992759945
0.9967223232
0.9917036882
0.9891041856
0.9934723569
0.9902883628
0.9920375685
0.9803717253
0.9799637541
0.9899956517
0.9908380984
0.9846677562
0.9699416889
0.9472921835
0.9144869536
0.8857013629
0.8784848334
0.8918110950
0.9177133455
0.9451196835
0.9708221476
0.9936487271
0.9982751917
0.9782007609
0.9684262555
0.9857366545
0.9861170292
0.9826972314
0.9793365329
0.9749859141
0.9741916168
0.9803335737
0.9887180806
0.9882069894
0.9946834640
1.0037526541
1.0013548249
0.9918320493
0.9773537950
0.9714747637
0.9782109243
0.9894296728
0.9995646885
0.9984449063
0.9972931863
0.9864469455
0.9769794393
0.9754768876
0.9795989094
0.9789110838
0.9740058276
0.9757144458
0.9826852910
0.9845653424
0.9865407936
0.9892027703
0.9832849401
0.9709842843
0.9656136994
0.9720727808
0.9761558683
0.9741356298
0.9752229286
0.9738557938
0.9738007872
0.9716238861
0.9780918047
0.9819598186
0.9810575112
0.9752102439
0.9643395542
0.9572755531
0.9570398627
0.9497827155
0.9460176930
0.9478912807
0.9548461786
0.9626092381
0.9585272826
0.9577191663
0.9505587308
0.9466155501
0.9508888136
0.9492654613
0.9564803518
0.9464548263
0.9551106788
0.9476578716
0.9405932696
0.9450862142
0.9398941114
0.9299998652
0.9227679331
0.9141141654
0.9180891970
0.9266920690
0.9320015629
0.9366230785
0.9303750487
0.9250438394
0.9253215668
0.9174506103
0.9114587371
0.9102427483
0.9020456070
0.9020012654
0.9011981539
0.8864937158
0.8875829675
0.8841568160
0.8729698423
0.8631758415
0.8583388923
0.8531061538
0.8413437845
0.8204663545
0.7885629884
0.7519942761
0.7067075021
0.6365503667
0.5645265427
0.4883290931
0.4290118515
0.3730124249
0.3201277484
0.2881474454
0.2719832014
0.2633973551
0.2553307367
0.2507678513
0.2544808659
0.2595127822
0.2659924687
0.2850850948
0.3267767338
0.3892387085
0.4607189752
0.5325708398
0.6061159188
0.6780570505
0.7331284104
0.7709103601
0.7911329913
0.8027918114
0.8150840806
0.8321909603
0.8511158411
0.8578772400
0.8498987444
0.8480763179
0.8513726458
0.8569603652
0.8727481468
0.8872356566
0.8908222269
0.8906606159
0.8920595625
0.8951792740
0.9016556768
0.9062277931
0.9082220697
0.9195854858
0.9132363048
0.9054327267
0.9170053156
0.9310473975
0.9246910808
0.9207172714
0.9278043283
0.9356139648
0.9399012824
0.9444046330
0.9482289142
0.9495653904
0.9576806953
0.9681166607
0.9671629634
0.9668325246
0.9764635368
0.9757255151
0.9721165106
0.9761631682
0.9776867616
0.9836126403
0.9878419009
0.9811603885
0.9823407512
0.9719149150
0.9692075849
0.9810841541
0.9871489120
0.9907121946
0.9965806649
0.9958214035
0.9929335921
0.9892276002
0.9817185076
0.9779271164
0.9830200864
0.9886882837
0.9901893059
0.9954202732
0.9969132684
0.9936550629
0.9955663692
0.9989543387
1.0054888209
1.0343581882
1.0288227486
1.0108903906
0.9950391289
0.9867042108
0.9890671451
0.9891249707
0.9917795007
1.0006078033
0.9982257471
0.9845238185
0.9813207370
0.9851889683
0.9835596056
0.9908837032
0.9929489934
0.9884137725
0.9968843615
1.0059162216
1.0042817967
1.0007347933
0.9973498815
0.9895021883
0.9776207205
0.9576499061
0.9379046264
0.9049140321
0.8670933353
0.8469410574
0.8543369246
0.8852194415
0.9235365153
0.9532868172
0.9741335428
0.9825119429
0.9744432811
0.9836253985
0.9894485440
0.9954859266
0.9919074050
0.9883512223
0.9876613820
0.9947558612
1.0015959727
0.9998635097
0.9955184311
0.9990784380
1.0061998555
1.0050505033
1.0032214423
1.0055248662
1.0035113008
1.0018236943
1.0015053758
0.9989610928
0.9996932949
1.0046486507
1.0075312373
1.0011288171
0.9878770429
0.9851500921
0.9924185422
1.0024303450
1.0075958583
1.0094565246
1.0029137059
0.9959480153
0.9953834749
0.9986302637
1.0007351562
1.0024998989
1.0081889885
1.0136435591
1.0117024921
1.0097511720
1.0036403590
0.9997441759
1.0072776672
1.0053951962
1.0036642215
1.0048241841
1.0059885517
1.0035166800
0.9989365914
0.9814636253
0.9275991566
0.8700394708
0.8382365786
0.8358997847
0.8577348481
0.8958476772
0.9415202739
0.9783227766
0.9923111670
1.0050619660
1.0155129758
1.0171017074
1.0267264874
1.0223902291
1.0134126319
1.0073343529
1.0175967567
1.0143805505
1.0199170972
1.0100639617
1.0032781582
1.0021149350
0.9979519712
0.9869456071
0.9664550195
0.9443919511
0.9281813173
0.9193154037
0.9341041366
0.9634222903
0.9787659958
0.9914720034
0.9925267146
0.9982092745
1.0150051088
1.0093054058
0.9754194604
0.9407034072
0.9109211014
0.8737185898
0.8511393406
0.8594402761
0.8935084973
0.9417754499
0.9813954840
1.0030343154
1.0145857796
1.0124310671
0.9996018597
0.9938982170
1.0007244033
1.0059520673
1.0051322274
1.0100015665
1.0108135116
1.0048436666
1.0076295230
1.0174928792
1.0084056810
0.9986982907
0.9888241405
0.9937025268
1.0130022694
1.0250951472
1.0215736018
1.0111210511
1.0011429999
0.9954064368
0.9939009934
0.9917390546
0.9918327362
1.0034581039
1.0171763918
1.0174345145
1.0030533234
1.0035840502
1.0031542995
1.0015440109
1.0084380616
1.0048695855
0.9944125893
0.9883819874
0.9898584244
0.9932352336
0.9918545112
0.9883262816
0.9882071667
0.9920710492
0.9968443105
0.9944006090
0.9969579819
0.9976560278
0.9879192409
0.9883207499
0.9967723043
1.0033103633
0.9935187348
0.9938143285
0.9967035503
1.0000628194
1.0048609755
1.0200939622
1.0302438622
1.0296695916
1.0234160037
1.0145682736
1.0111871607
1.0151745906
1.0146363117
1.0102769857
1.0090975788
1.0055783847
1.0187819628
1.0266483667
1.0448568316
1.0494564969
1.0316145328
1.0217553386
1.0161198128
1.0126924760
1.0134882110
1.0117371083
1.0073552531
1.0041143221
1.0048418872
0.9990350800
0.9879214868
0.9872713633
0.9894954139
0.9918954395
0.9911655369
1.0065348514
1.0088786790
0.9957279254
0.9947761752
1.0003971616
1.0016502800
1.0062206082
1.0058633129
1.0005864783
0.9897294919
0.9716140656
0.9587150535
0.9546100773
0.9621506199
0.9780448045
0.9892457352
0.9939994685
0.9975562472
0.9962457312
0.9915720701
0.9921241983
0.9995373138
1.0082663348
1.0016515599
0.9986285045
1.0003843473
0.9898608913
0.9992433253
1.0066257056
1.0070143216
1.0038781006
1.0012592641
1.0018714746
1.0027397449
0.9993368455
0.9952594640
0.9981488555
1.0045067964
1.0042530567
1.0035950826
1.0109421958
1.0144010154
1.0114726759
1.0099431343
1.0067562414
1.0138668652
1.0135106871
1.0121158162
1.0096843453
1.0098813046
1.0147821319
1.0158201125
1.0104893962
1.0020471412
0.9949392050
0.9922451273
0.9919987510
0.9941231177
1.0021213458
1.0072053758
1.0079808207
1.0148204096
1.0233916672
1.0143616358
0.9937436942
0.9901430158
0.9965046826
1.0008667209
1.0115246834
1.0185412683
1.0196116646
1.0159921746
1.0154780253
1.0078852198
0.9978547935
0.9988732842
1.0048592379
1.0166041517
1.0285890079
1.0287776781
1.0353786845
1.0428309106
1.0367106782
1.0215201733
1.0076344496
1.0085446502
1.0124453803
1.0066262752
1.0065171058
1.0108368515
1.0213217436
1.0245072090
1.0170516839
1.0049463102
0.9863125552
0.9654293986
0.9458518713
0.9227877377
0.9189169869
0.9437724132
0.9721852907
0.9878977506
0.9928485016
0.9992320193
1.0063527414
1.0116578275
1.0067070186
1.0032678561
0.9945734193
1.0032696243
1.0192472382
1.0283125639
1.0243638341
1.0107353050
1.0009110978
1.0058291398
1.0206680521
1.0298881108
1.0255171910
1.0179045272
1.0137522888
0.9989412640
0.9975149820
0.9902324549
1.0099249011
1.0179328536
1.0267400027
1.0211831846
1.0160535048
1.0139763675
1.0149811422
1.0127422462
1.0097756708
1.0096561969
1.0107015553
1.0137122896
1.0190459734
1.0223268782
1.0203926470
1.0101361684
1.0063939501
1.0090637105
1.0026333283
1.0077394738
1.0134496832
1.0100523714
1.0105490267
1.0127953237
1.0171452517
1.0136747620
1.0083339206
1.0040990441
1.0005504871
1.0067410504
1.0217832835
1.0281435241
1.0218791438
1.0186441114
1.0211212394
1.0181828378
1.0138997123
1.0179858759
1.0143265397
1.0080982738
1.0192996580
1.0175382187
1.0076458443
1.0005810451
1.0064225395
1.0137503969
1.0104787478
1.0072854147
1.0128312751
1.0157488877
1.0091181319
1.0023758349
1.0033159863
1.0087924713
1.0143152634
1.0170316076
1.0050863999
0.9988975242
0.9986071026
0.9939191656
0.9944511172
0.9903965721
0.9854428367
0.9847964513
0.9869748877
0.9920875406
0.9963838688
0.9987890633
1.0010785317
0.9983051487
0.9944036214
1.0005494696
1.0104071429
1.0078802944
0.9902568466
0.9655917668
0.9632591744
0.9705790205
0.9536856977
0.9241361871
0.8711658940
0.7842341607
0.7152231000
0.6895091681
0.7076351535
0.7686365539
0.8440107231
0.9049193218
0.9481283776
0.9734004717
0.9858436205
0.9896811348
0.9826294863
0.9734899147
0.9700014373
0.9560314709
0.9168506612
0.8565410729
0.8029484492
0.7720823901
0.7745322647
0.8209135603
0.8899576501
0.9422243010
0.9744867493
0.9909866656
0.9962221453
0.9953926869
0.9938239017
0.9949893543
0.9929221867
0.9868733105
0.9872779679
0.9937093764
0.9944767759
0.9920359691
0.9985469470
1.0012989552
0.9948770620
0.9920164886
0.9864762654
0.9955282844
1.0091175186
1.0037275534
0.9947039697
1.0012368945
1.0089333794
1.0085136475
1.0052200357
1.0067106456
1.0091779983
1.0012412454
0.9898424116
0.9879369263
0.9888252587
0.9995450948
1.0136613118
1.0203290375
1.0115461996
1.0127663709
1.0122897855
1.0091512062
1.0106877315
1.0085651533
1.0116892124
1.0158179072
1.0122317331
1.0048113645
1.0020645522
1.0028205382
1.0014345962
0.9988788030
0.9985176155
0.9974320257
0.9939577510
0.9962032845
1.0023397027
0.9882625059
0.9596415474
0.9464021668
0.9353415411
0.9488480303
0.9622304060
0.9730067696
0.9842817393
0.9946818518
0.9961849892
1.0003103854
1.0108162398
1.0211395763
1.0192100215
1.0110318086
1.0083321717
1.0054606059
0.9999009973
0.9920653370
0.9874979099
0.9908966951
0.9878968517
0.9864875895
0.9881898011
1.0007512334
1.0051606195
0.9895008611
0.9665411989
0.9505386618
0.9332094690
0.9286342547
0.9447044975
0.9757371218
1.0030278103
1.0122595199
1.0027550353
0.9855281389
0.9804965837
0.9909643649
1.0032327263
1.0062655014
0.9992779636
0.9987937535
1.0006251446
0.9941298410
0.9862431094
0.9849039283
0.9926339117
0.9905822376
0.9999016277
1.0062637280
1.0022377769
0.9916274369
0.9831529336
0.9825263217
0.9875560668
0.9962436564
1.0015978776
0.9934778711
0.9935837579
1.0002073892
0.9911483273
1.0058373474
1.0111385595
1.0140858332
1.0166724706
1.0137850154
1.0127973208
1.0060090691
0.9943264807
0.9889532917
0.9926374097
1.0006118203
1.0075488938
1.0134786131
1.0173824030
1.0155897252
1.0094720211
1.0018373156
1.0015095530
1.0073510286
1.0074245715
1.0153376702
1.0069985882
1.0021399443
1.0055759104
1.0083725665
1.0152984782
1.0234296045
1.0230227912
1.0108341239
0.9938628493
0.9905224830
1.0037352766
1.0155461458
1.0165461112
1.0123302779
1.0032997757
0.9938215462
1.0021362995
1.0137019663
1.0054091370
1.0044745397
1.0140091565
1.0209060308
1.0115886691
1.0039150148
0.9974501625
1.0041210580
1.0045067491
1.0078537457
1.0185348962
1.0177117903
1.0083135417
1.0046438914
0.9981679501
0.9853083785
0.9762290702
0.9603217115
0.9464641011
0.9409616697
0.9554077586
0.9667057415
0.9744265558
0.9948974948
0.9959481565
0.9707727003
0.9614425025
0.9740624973
0.9933714390
1.0097061818
1.0136019616
1.0096026943
1.0061940690
1.0004389632
0.9931401584
0.9928462281
0.9956691921
0.9952712826
0.9958421717
0.9850916860
0.9807780648
0.9891568426
1.0022220409
0.9953673481
1.0074953659
1.0197295454
1.0156350299
1.0070423079
1.0057098186
1.0032585226
1.0072495328
1.0113849635
1.0126746441
1.0161662104
1.0141281478
1.0042160147
0.9975839241
0.9925936766
0.9990123904
1.0132817361
1.0129649319
0.9980558335
0.9911611684
0.9930510183
0.9964781712
1.0037257404
1.0059198472
1.0067678383
1.0075308356
0.9961671590
0.9888029858
0.9965643316
1.0031694104
0.9984234370
0.9861306016
0.9707584912
0.9605796045
0.9604110159
0.9676970765
0.9800354262
0.9951509119
1.0138264358
1.0278738792
1.0218753124
1.0072036419
0.9867215968
0.9768206551
0.9782240462
0.9834946842
0.9929177660
0.9965162740
0.9822891600
0.9483769479
0.9041553864
0.8599236872
0.8323809094
0.8416114338
0.8823593528
0.9353534313
0.9775141095
0.9862368302
0.9861328641
0.9867811898
0.9858193758
0.9864633861
0.9818617342
0.9862111278
0.9894423491
0.9922669681
0.9992601437
1.0025812269
1.0085692470
1.0121531325
1.0124958758
1.0076412795
0.9985182529
0.9994149384
1.0035336899
1.0104012084
1.0094483100
0.9968479279
1.0007328993
1.0084927430
0.9976367343
0.9992035867
0.9889494322
1.0002470188
1.0081314313
1.0072328095
1.0081272239
1.0086884951
1.0056831902
1.0086421894
1.0089121829
1.0077350314
1.0192591884
1.0270277370
1.0184180887
1.0077678945
1.0051621486
1.0044695708
0.9994978648
1.0005504101
1.0035015377
0.9992947490
1.0043067823
1.0111493633
1.0070022142
1.0023371895
1.0085229991
1.0186278936
1.0229275730
1.0223432732
1.0205587520
1.0186628135
1.0176959744
1.0169845624
1.0123835780
1.0034904268
1.0004337736
1.0051123593
1.0035367897
1.0000091700
1.0004190539
1.0090944043
1.0116209024
1.0077052921
0.9962456015
0.9897536502
0.9947549844
1.0016495068
0.9940410379
0.9821219688
0.9873227839
0.9969034415
0.9926383619
0.9931061274
1.0058324982
1.0108587227
1.0201362329
1.0106347605
1.0052475446
1.0162083646
1.0217075496
1.0229355478
1.0143851180
1.0103131082
0.9979371988
0.9830697828
0.9926789779
0.9978514042
1.0066428619
1.0201334065
1.0237930380
1.0206573501
1.0167319557
1.0111227656
1.0091583818
1.0115763721
1.0191099954
1.0261499175
1.0100848628
0.9956446019
0.9963067345
1.0098231952
1.0054184082
1.0057078149
1.0110450010
1.0012188941
1.0009304877
1.0053150171
1.0007732623
0.9972719456
0.9951977881
0.9917111335
0.9940768034
1.0008993144
1.0083794140
1.0148536076
1.0086510904
1.0006429891
1.0042321027
1.0041110923
0.9926503356
0.9969397884
1.0032854409
1.0012987476
1.0016931380
1.0064575704
1.0122453304
1.0096200862
1.0011977625
0.9950722090
0.9943149855
0.9973217005
0.9965697708
0.9913778022
0.9927764020
0.9985034781
1.0074638290
1.0032267832
1.0043987650
0.9960791716
0.9951025340
1.0025154193
1.0051255799
1.0155020076
1.0205819882
1.0080937467
1.0015739462
0.9978247884
0.9999108093
1.0035371878
1.0036838722
1.0078647944
1.0119392693
1.0058400486
1.0033859234
1.0063383393
0.9964441300
0.9970679652
0.9851427314
0.9824690819
0.9938598620
1.0058277947
1.0049299109
0.9988634364
0.9911179168
0.9967245668
0.9996031435
1.0059815174
1.0097685263
1.0155000434
1.0200712840
1.0132785779
1.0046616020
1.0050976328
1.0055250851
1.0019419325
1.0004740967
1.0072250143
1.0003992280
0.9933351303
0.9853563200
0.9988284010
1.0142647674
1.0200311340
1.0203450969
1.0151390896
1.0083688999
0.9969200054
0.9948870847
1.0038504922
0.9983455238
0.9871694255
0.9931377992
1.0024020020
1.0062519461
1.0109930389
1.0103362331
1.0096162659
0.9986045217
0.9918387912
0.9877929575
0.9852854338
0.9945893078
1.0024178435
1.0077277204
1.0003951256
0.9995861724
0.9980517996
0.9968248698
0.9990767056
1.0023884204
1.0014505000
0.9905640627
0.9803685694
0.9850321014
0.9886386170
0.9922991510
1.0026284837
1.0013219122
0.9942741857
0.9964031908
1.0017461409
0.9953084295
0.9931744767
1.0001628213
1.0080810937
1.0081295477
1.0092444851
1.0069018253
1.0035464448
1.0023328148
0.9964367528
0.9888143674
0.9896512585
0.9932206476
0.9936241881
0.9947989986
0.9872704105
0.9843061924
0.9830650379
0.9837070565
0.9948032046
0.9989166606
1.0061346505
1.0058295200
1.0062763734
1.0037156233
0.9978870964
0.9963561165
0.9972403653
0.9964293041
0.9913654373
0.9844661351
0.9793457475
0.9719259587
0.9606223983
0.9519601578
0.9574122245
0.9612409733
0.9607180189
0.9741091390
0.9813636008
0.9955654375
0.9879708971
0.9861600219
0.9938524508
1.0030360592
1.0129499847
1.0135677652
1.0143761342
1.0096899375
0.9995376291
0.9858089463
0.9719050680
0.9743976316
0.9789485145
0.9805176684
0.9842920730
0.9977019461
1.0058081779
1.0060907237
0.9919254971
0.9832116657
0.9960505260
1.0100278064
1.0134581109
1.0146591495
1.0057575282
1.0011539597
0.9992142202
0.9997348846
1.0016833807
1.0013291580
1.0007605493
1.0007084919
1.0012674569
0.9956974464
0.9771553156
0.9609364080
0.9657530594
0.9729080403
0.9899295686
0.9904488163
0.9881546508
0.9993051194
1.0082356916
1.0014702974
0.9937899831
0.9830998470
0.9832285925
0.9933524109
1.0007320855
1.0009673839
0.9913177756
0.9810625939
0.9852159557
0.9861402102
0.9881382838
0.9845298662
0.9784009833
0.9972401700
0.9993300239
0.9839539026
0.9863751861
0.9996587907
1.0018809387
0.9911011055
0.9872348600
0.9987404649
1.0022856268
0.9892738896
0.9834884599
0.9889954906
0.9895368840
0.9914636978
0.9975904749
0.9917988658
0.9852387954
0.9793064628
0.9771083273
0.9736506750
0.9645412028
0.9630521476
0.9848473912
0.9909579412
0.9871845917
0.9864046830
0.9874005174
0.9938186772
0.9986498870
0.9954170786
0.9863923447
0.9803194308
0.9850850460
0.9951202555
0.9954232470
0.9865125147
0.9850053964
0.9904871145
1.0018370713
1.0032085864
0.9926266509
0.9707016232
0.9727590834
0.9901758218
0.9970379548
1.0019782892
0.9952305645
0.9887604001
0.9826342325
0.9742775732
0.9735299961
0.9765762497
0.9714633131
0.9722502766
0.9843061290
0.9790853468
0.9798858480
0.9668387310
0.9608819753
0.9687913344
0.9672334824
0.9753720870
0.9807572863
0.9898356553
0.9872783029
0.9868508351
0.9870422053
0.9849052680
0.9968030555
1.0035681581
1.0011143660
0.9997322190
0.9996609924
0.9965045008
0.9754722161
0.9555099500
0.9558094430
0.9599874259
0.9543055734
0.9252729319
0.8848350268
0.8583198390
0.8652070406
0.8824497555
0.9085608810
0.9303237291
0.9313261358
0.9324539987
0.9341649368
0.9364531663
0.9527285443
0.9769364346
0.9870527530
0.9775866518
0.9659043007
0.9745522745
0.9876807495
0.9824915977
0.9687624902
0.9695693675
0.9764502426
0.9831483548
0.9786017200
0.9649763540
0.9598343618
0.9620613806
0.9629306540
0.9638313221
0.9701986740
0.9836729269
0.9897195718
0.9868680256
0.9876049214
0.9888701177
0.9832447005
0.9744289941
0.9751002896
0.9819495833
0.9808954709
0.9818187568
0.9816554333
0.9906848838
0.9995679989
0.9993106809
0.9990450139
0.9965305926
0.9926355612
0.9926506533
0.9950183437
0.9951273803
0.9895091740
0.9828348312
0.9755848296
0.9700918071
0.9782251293
0.9856621705
0.9844847630
0.9785739923
0.9715638323
0.9737909471
0.9776713869
0.9789069120
0.9876208620
0.9807515820
0.9869977470
0.9896603363
0.9864666144
0.9806700863
0.9663267397
0.9652858320
0.9768035141
0.9827253498
0.9869330537
0.9907475308
0.9871579216
0.9888160010
0.9914632840
0.9906079604
0.9963485154
0.9870627696
0.9783964256
0.9859200322
0.9879306478
0.9877869480
0.9933690450
0.9976574866
0.9967235089
0.9934662971
0.9883909629
0.9832059952
0.9831119485
0.9911606040
0.9973380635
0.9917450611
0.9855397548
0.9888497398
0.9928915491
0.9953748987
0.9905768069
0.9769664247
0.9714848735
0.9519546831
0.9526015991
0.9522559584
0.9645917946
0.9661631054
0.9715815323
0.9850683793
0.9943435835
0.9884702312
0.9780700482
0.9701854875
0.9636179111
0.9634511406
0.9713467770
0.9806110791
0.9781951005
0.9775744421
0.9847923557
0.9928248386
0.9846573240
0.9808481994
0.9915996010
0.9971760410
0.9904919777
0.9909063565
0.9889965696
0.9858662532
0.9793067333
0.9752155994
0.9744374031
0.9802999397
0.9905650306
0.9910914310
0.9844458637
0.9798777065
0.9693455934
0.9704309930
0.9768275166
0.9773360637
0.9796504775
0.9904606198
0.9909720873
0.9770523263
0.9819495331
0.9846547110
0.9820780084
0.9743529216
0.9712173352
0.9737475038
0.9746559055
0.9734292423
0.9709249421
0.9724743919
0.9860636721
0.9982163537
1.0000287476
0.9974147055
0.9974920270
0.9749958773
0.9677786347
0.9752465016
0.9665318707
0.9157565286
0.8426496921
0.7799157792
0.7499504425
0.7547235777
0.7997926596
0.8718826237
0.9293784653
0.9643753436
0.9863820139
0.9889540366
0.9838991899
0.9840765278
0.9805548942
0.9890441127
0.9970945757
0.9876342681
0.9661371385
0.9720435013
0.9870563789
0.9941203083
0.9989229094
0.9898617429
0.9785522405
0.9791324525
0.9846920460
0.9792351454
0.9754597300
0.9673679228
0.9561073191
0.9635045940
0.9717797748
0.9696228489
0.9807156679
0.9772105775
0.9722431073
0.9847925787
0.9844992698
0.9768760162
0.9787962343
0.9801098938
0.9769159483
0.9806719856
0.9880294779
0.9866349975
0.9792002547
0.9859166810
0.9983223416
1.0044305832
0.9986842906
0.9876103100
0.9882759085
0.9896828075
0.9895792164
0.9858052508
0.9750177155
0.9742358494
0.9675161293
0.9749793078
0.9721177541
0.9767064159
0.9794477119
0.9743440550
0.9694063131
0.9772837687
0.9810533273
0.9774171232
0.9720490769
0.9698666022
0.9715462265
0.9761588432
0.9749030567
0.9561670580
0.9451116926
0.9501077508
0.9680073839
0.9698934850
0.9745347053
0.9682890321
0.9843550869
0.9852922256
0.9752873800
0.9691996662
0.9832337599
0.9970895430
0.9949721955
0.9927898898
0.9913988429
0.9820678463
0.9765832054
0.9872725985
1.0059788460
1.0145923990
0.9976238398
0.9776094076
0.9690740296
0.9743044103
0.9815348841
0.9783127727
0.9649419721
0.9638698352
0.9638703901
0.9642917546
0.9753510307
0.9864484681
0.9897245735
0.9834837124
0.9785767578
0.9826353920
0.9867637266
0.9846786097
0.9832182137
0.9852644933
0.9885356431
0.9883913084
0.9801162719
0.9856068207
0.9953734365
0.9876895805
0.9867327426
0.9838381109
0.9781783665
0.9851493851
0.9961714570
0.9992296478
0.9990790823
0.9950771769
0.9838445543
0.9722396539
0.9675771651
0.9673073148
0.9711573359
0.9797043650
0.9810018032
0.9813556372
0.9754692436
0.9721192871
0.9793654347
0.9907386898
0.9798534299
0.9692238678
0.9625348977
0.9711640075
0.9812673296
0.9933888858
1.0020780032
1.0057324257
1.0075243569
1.0065621527
0.9964463242
0.9863320326
0.9849023353
0.9804616703
0.9815971487
0.9802945204
0.9787522747
0.9812730225
0.9894901246
0.9937394463
0.9812628685
0.9779464472
0.9705502707
0.9690857589
0.9794810214
0.9833959534
0.9941091719
1.0514677111
1.0577273271
1.0068792696
0.9799980730
0.9795860092
0.9771300406
0.9714960104
0.9770552510
0.9855072651
0.9807965077
0.9733715720
0.9737378667
0.9669980685
0.9647358412
0.9679001372
0.9711386175
0.9861107350
0.9851760651
0.9753773897
0.9806963364
0.9914529381
0.9884514666
0.9772223769
0.9722111677
0.9754097441
0.9805005241
0.9785204200
0.9708820273
0.9787056222
0.9808977289
0.9815248101
0.9855655478
0.9852734405
0.9853451986
0.9953730019
0.9839905416
0.9846461357
0.9817428952
0.9788895715
0.9739308141
0.9772051907
0.9936916957
1.0054938909
1.0023377912
0.9951737038
0.9906522094
0.9857313564
0.9830337051
0.9834036768
0.9827694334
0.9889159979
1.0055794070
0.9964314299
0.9804233886
0.9833296514
0.9870867377
0.9913028151
0.9831767544
0.9724098378
0.9718243426
0.9777851969
0.9873996561
0.9903319068
0.9889937750
0.9918663012
0.9920915403
0.9858237834
0.9817391798
0.9898428091
0.9826099141
0.9831592349
1.0021176992
0.9975858170
1.0036011222
1.0009742609
0.9835845505
0.9792170514
0.9903156639
0.9953662853
0.9929293140
0.9945416482
0.9981888943
0.9951747243
0.9865058902
0.9844877230
0.9882686340
0.9842602089
0.9795418736
0.9768823477
0.9823898279
0.9927417047
0.9956162236
0.9913329395
0.9857740333
0.9799823736
0.9917373317
0.9999452963
0.9933248789
0.9890358205
0.9876267915
0.9851960401
0.9832572553
0.9882820277
0.9913770684
0.9871147880
0.9810903841
0.9771603406
0.9861037368
0.9878716946
0.9804835817
0.9781775140
0.9646757929
0.9752472389
0.9936443004
0.9909647855
0.9926807280
0.9960447840
0.9867491873
0.9799931876
0.9699571236
0.9610738132
0.9556900259
0.9549657578
0.9727716222
0.9942975716
0.9908016525
0.9792801139
0.9754047863
0.9692158833
0.9758517918
0.9758258218
0.9665571549
0.9790207231
0.9949121271
1.0007133515
1.0004833550
0.9939099818
0.9911812377
0.9984552530
0.9992482140
0.9948213960
0.9954071107
0.9948149720
0.9967864434
1.0025397167
0.9977438833
0.9893578337
0.9903653374
0.9855708670
0.9848229485
0.9933313273
1.0105872759
1.0005858629
0.9978394143
0.9856033416
0.9828390248
0.9822076908
0.9832966899
0.9946547547
0.9915555956
0.9830238728
0.9692079463
0.9547260780
0.9423138442
0.9141105918
0.8604288653
0.8031112291
0.7714289854
0.7740925237
0.8023725268
0.8710805544
0.9356095739
0.9659755601
0.9778568323
0.9834728261
0.9801970577
0.9745244563
0.9831285505
0.9822487406
0.9892567277
0.9928060931
0.9988110015
1.0023573777
0.9987642384
0.9975524427
1.0037074072
1.0056480493
0.9901108347
0.9833794970
0.9955164454
0.9868834301
0.9830503698
0.9755935641
0.9799909637
0.9848151857
0.9870060094
0.9840560455
0.9773126761
0.9736645630
0.9733562943
0.9772411421
0.9778266059
0.9781919652
0.9826529595
0.9831314289
0.9808931432
0.9836793870
0.9841448874
0.9877331310
0.9931872238
0.9932873562
1.0027546560
0.9973647170
0.9860836807
0.9860752391
0.9888740094
0.9992975198
0.9847640743
0.9633471080
0.9494793144
0.9471471864
0.9568611688
0.9700167598
0.9846994280
0.9923850354
0.9856947877
0.9829019812
0.9908330888
0.9896749444
0.9839587908
0.9827169827
0.9779024971
0.9692414677
0.9700888375
0.9771499162
0.9796682619
0.9842559923
0.9869807727
0.9830779130
0.9776576069
0.9746466984
0.9800905492
0.9878286304
0.9961165261
1.0010640904
0.9909521071
0.9761003022
0.9770203724
0.9810688168
0.9808684330
0.9831314079
0.9793739881
0.9802144845
0.9829192871
0.9927802760
0.9872523550
0.9893291924
0.9973613301
0.9942263215
0.9879611348
0.9794861677
0.9869800544
0.9922574470
0.9832287568
0.9731983278
0.9683452303
0.9693292625
0.9765953512
0.9837363389
0.9845662498
0.9843817192
0.9923783092
0.9920373333
0.9753618075
0.9723106613
0.9776262864
0.9857042752
0.9770100952
0.9748121620
0.9898540669
1.0060416487
1.0087971128
1.0061910317
0.9973603779
0.9899879663
0.9946447274
0.9960691561
0.9909405430
0.9923293174
0.9907200539
1.0015544092
1.0064447244
1.0099948626
0.9978433232
0.9838796940
0.9856518613
0.9904104578
0.9886115271
0.9844714467
0.9815332584
0.9866114812
0.9785109852
0.9711607573
0.9818485904
0.9997712806
1.0085097783
1.0014790524
0.9917299132
0.9962252351
0.9933484350
0.9825279209
0.9782442242
0.9813546573
0.9780699130
0.9972122394
1.0065435316
0.9993799528
0.9870372834
0.9845808164
0.9847293320
0.9775828836
0.9714314550
0.9753438411
0.9843977151
0.9924484621
0.9987642190
1.0039205499
1.0077801658
1.0036119730
0.9914100703
0.9900942760
0.9867791842
0.9809305455
0.9739064471
0.9868033794
0.9970498959
0.9925518686
0.9870277095
0.9844021150
0.9848315003
0.9882516780
0.9914207963
0.9993939570
1.0043766895
0.9964429624
0.9870243580
0.9894779251
0.9970307913
1.0008862699
1.0026493747
0.9961621398
0.9896390864
0.9813532922
0.9909800662
0.9843056522
0.9774916211
0.9834948427
0.9801089565
0.9720629570
0.9729708195
0.9817882049
