#flux
0.9795494946
0.9756033463
0.9969921220
0.9849942690
0.9765462570
0.9660262627
0.9804689602
1.0050762990
1.0116760107
1.0124237378
1.0152433112
1.0076014625
0.9939848485
0.9916335775
0.9857459105
0.9858698712
0.9895285613
0.9859043779
0.9863724599
0.9980101557
0.9972129435
0.9913940145
1.0076764320
0.9957416757
0.9780114039
0.9535123278
0.9363679168
0.9374486279
0.9393672532
0.9430681284
0.9739909922
1.0141423545
1.0406192038
1.0348229627
1.0127309894
1.0070885952
1.0082220869
0.9886814395
0.9773064157
0.9804316587
0.9752839505
0.9666579140
0.9560129181
0.9577552623
0.9665174973
0.9762843609
0.9932234548
1.0209413894
1.0433703523
1.0434465377
1.0114679272
1.0109468946
0.9988841391
0.9837946122
0.9758347184
0.9772523301
0.9823632360
0.9795411797
0.9783185818
0.9795913169
0.9938046947
1.0156959413
1.0018321736
0.9774894835
0.9662048639
0.9492626928
0.9359275603
0.9473354679
0.9110226725
0.8558335475
0.8175547845
0.8163869263
0.8490277232
0.9028028217
0.9526974978
0.9841035560
1.0025467037
1.0094157324
0.9851050689
0.9522808939
0.9444305134
0.9531722082
0.9626953910
0.9663312845
0.9665979709
0.9534703558
0.9323454516
0.9171630239
0.8725758177
0.8550343452
0.8212258426
0.8021161908
0.8368262545
0.8696006318
0.9004025468
0.9312435145
0.9341095238
0.9126491701
0.8776874072
0.8367264806
0.8034378080
0.7906666083
0.8061572270
0.8521302441
0.9165542150
0.9713250449
0.9953126698
0.9916553547
0.9699915621
0.9411035017
0.9354556092
0.9255079778
0.8916701305
0.8689120658
0.8827105936
0.9237031278
0.9618613550
0.9764838132
0.9808066638
0.9739902118
0.9598829789
0.9539452840
0.9517350646
0.9510242225
0.9600622745
0.9719797170
0.9628245440
0.9375470094
0.9357682869
0.9322989982
0.9603213375
0.9457208275
0.9479067363
0.9408273780
0.9264110612
0.9268549508
0.9336266372
0.9302599788
0.9366260472
0.9498144948
0.9560658622
0.9583963657
0.9590012808
0.9531461026
0.9399797667
0.9399371743
0.9436765223
0.9523367068
0.9688578216
0.9496106177
0.9503783768
0.9524840296
0.9621601631
0.9617141082
0.9454818281
0.9388048437
0.9344258330
0.9155733473
0.8952340238
0.8892157241
0.8915934121
0.8924244449
0.9073197495
0.9294255027
0.9189746484
0.9208560085
0.9324361670
0.9284927054
0.9208221074
0.9207092753
0.9012586222
0.9017927915
0.8957636732
0.8914602565
0.8526242776
0.8373733747
0.8360277731
0.8329871273
0.8386157467
0.8546654284
0.8677640609
0.8751382966
0.8872326692
0.9017754247
0.9059264758
0.9039414367
0.8953795193
0.8796424338
0.8743382872
0.8803094431
0.8748945747
0.8617732534
0.8629352766
0.8458915134
0.8346001102
0.8227544031
0.8103126026
0.8064828993
0.8080390419
0.8083480919
0.7987263753
0.7677794233
0.7193224291
0.6631110738
0.5957638046
0.5222490408
0.4492199327
0.3878859685
0.3324551074
0.2942392090
0.2736738108
0.2584827970
0.2489810424
0.2500115856
0.2518631815
0.2591960315
0.2645098812
0.2776979616
0.3173697881
0.3701039255
0.4240882519
0.4817103052
0.5406769537
0.5960383966
0.6485187272
0.6993488079
0.7479875226
0.7949978045
0.8166082350
0.8277925512
0.8391223967
0.8176201809
0.8009044061
0.7905321003
0.7835508936
0.8102641227
0.8362350282
0.8514497559
0.8566798022
0.8610693364
0.8662655001
0.8788397010
0.8968428802
0.9079237550
0.9111352527
0.9063160909
0.9024485024
0.9068594478
0.8924438403
0.8993726779
0.9386469597
0.9273753906
0.9315796985
0.9137049887
0.9085440986
0.9013554730
0.8795064800
0.8661710469
0.8588346773
0.8667334432
0.9004413920
0.9306326681
0.9368162658
0.9321210214
0.9341321216
0.9470589949
0.9465006445
0.9512010935
0.9658726330
0.9666539337
0.9676599564
0.9539635843
0.9484639582
0.9735368936
0.9776922464
0.9826663947
0.9722917514
0.9686658505
0.9740106182
0.9808193611
0.9835624487
0.9692874113
0.9601980421
0.9625773037
0.9603704038
0.9708242961
0.9732932112
0.9769478903
0.9669164878
0.9613737708
0.9628466689
0.9625940121
0.9742678157
0.9949235968
0.9878951257
0.9887972096
0.9916049708
0.9832368937
0.9791025610
0.9841162975
0.9871022918
0.9882761930
0.9895031812
0.9812063909
0.9633336716
0.9559484170
0.9703421808
0.9881703818
0.9863584669
0.9627410627
0.9685494226
0.9643024855
0.9579605378
0.9598871806
0.9595243520
0.9528284906
0.9231107277
0.8511791554
0.7755743640
0.7158007838
0.6822746502
0.6997967014
0.7588247395
0.8236309523
0.8825800313
0.9348356021
0.9653164771
0.9692981143
0.9667002999
0.9747086565
0.9766031753
0.9500194854
0.9443370215
0.9468368600
0.9461923650
0.9503747207
0.9623207734
0.9674447139
0.9728484605
0.9744225357
0.9719024235
0.9774319790
0.9722462025
0.9582598719
0.9462769697
0.9374936473
0.9474982394
0.9412168168
0.9605071667
0.9492552571
0.9469902570
0.9541836090
0.9507046763
0.9603216008
0.9796092331
0.9836738504
0.9946854069
1.0062200151
0.9953413638
0.9801628953
0.9779630803
0.9953659753
1.0043645010
0.9937615358
0.9860973494
0.9848538531
0.9803436840
0.9778560177
0.9793579034
0.9834794514
0.9765831044
0.9703676333
0.9622361867
0.9612791052
0.9548996414
0.9540069476
0.9315901938
0.8687826534
0.7936915553
0.7443729872
0.7304037648
0.7585681826
0.8212922855
0.8909296252
0.9533795987
0.9985451021
1.0148602613
1.0168910465
1.0006866152
0.9961543216
0.9902633368
0.9786443186
0.9815921297
0.9743114668
0.9753132598
0.9850711651
0.9877794187
0.9962318569
0.9847477280
0.9695120402
0.9507194686
0.9090865963
0.8511717938
0.8062643895
0.8004869730
0.8405955502
0.9019338332
0.9530163767
0.9955733261
1.0188392840
1.0025403178
0.9771719906
0.9567872569
0.9353824086
0.8842627304
0.8250160377
0.7607871756
0.7184440380
0.7315347639
0.7894992709
0.8680837535
0.9322631662
0.9682120644
0.9844994162
0.9914706079
0.9945284125
0.9977586296
0.9968247321
0.9868637939
0.9974850765
1.0052044908
0.9927419224
0.9791120727
0.9738076356
0.9920450860
0.9853553960
0.9918853039
0.9712560729
0.9539254995
0.9691255654
0.9969740609
1.0133433990
1.0233274606
1.0238852583
1.0164655893
1.0238715568
1.0387930831
1.0198434618
0.9816049990
0.9844554636
1.0012720500
0.9976774105
0.9983953946
1.0011052423
0.9976521306
1.0040235584
1.0135738915
1.0067837637
0.9965092525
1.0005236406
1.0070435956
1.0138578648
1.0368395092
1.0366596831
1.0155671995
1.0033258828
0.9972991165
1.0034837619
1.0081910768
1.0127874820
1.0264383947
1.0317494216
1.0384355804
1.0366744559
1.0106684940
1.0006607647
1.0112478057
1.0195796595
1.0123546625
1.0029450438
0.9901060946
1.0089986828
1.0151617976
0.9928837356
0.9888208763
1.0038032048
1.0062549304
1.0077408660
1.0177785059
1.0138481234
0.9977975698
0.9941375101
0.9988518403
1.0131279061
1.0325147952
1.0313073090
1.0345400156
1.0214068818
0.9939712484
0.9766644210
0.9801997125
0.9809724702
0.9601796920
0.9399988384
0.9488933704
0.9691834077
0.9727666512
0.9749222017
0.9929686469
1.0058245491
1.0013131167
0.9856173399
0.9750384867
0.9753912438
0.9844729255
0.9683884297
0.9563281972
0.9307147713
0.8794088255
0.8555668054
0.8613105711
0.8669772546
0.8887376472
0.9329589388
0.9745451630
0.9913944211
0.9886823314
0.9892875080
0.9970957366
0.9938880089
0.9858861473
0.9717685505
0.9790207639
0.9966241621
0.9942465202
0.9906973955
0.9651111012
0.9662828023
0.9774776428
0.9887173492
0.9997781745
1.0099792509
1.0063872005
0.9863503800
0.9610916134
0.9482396481
0.9424052688
0.9233365318
0.9098106999
0.9380039806
0.9824364772
0.9964946146
1.0103419963
1.0099612414
0.9969530851
1.0137243860
1.0090533015
1.0084707338
0.9866071619
0.9638890487
0.9486094672
0.9304616983
0.9231225669
0.9326028243
0.9442504885
0.9622224976
0.9942385195
1.0099520527
1.0065294851
1.0226326736
1.0180919487
1.0069662439
1.0007691931
0.9806562164
0.9848051664
0.9873969872
0.9711783938
0.9711046518
0.9867540391
1.0001358641
1.0056614893
1.0134786123
1.0259912800
1.0295022068
1.0261033548
1.0301364592
1.0310083014
1.0193077750
1.0080931345
1.0053370558
1.0157830054
1.0130704347
1.0072788187
0.9823103779
0.9947676330
1.0061616038
1.0336591447
1.0376414937
1.0072219106
0.9911032560
0.9736812107
0.9590701545
0.9243919199
0.8585647409
0.8052139285
0.7838460147
0.8002419495
0.8551288505
0.9186322334
0.9683820866
0.9986269388
1.0062734870
1.0138835399
1.0092585914
0.9947158197
0.9939467581
0.9960021944
0.9879444374
0.9872231545
0.9984562145
1.0081657604
1.0013756669
1.0003387185
1.0023406515
0.9995853763
0.9917945062
0.9978863334
1.0137854479
1.0191621082
1.0148761613
0.9939256122
0.9802407216
0.9884758712
1.0029907825
1.0096116227
1.0101718782
1.0172689895
0.9984152983
0.9870435919
0.9953474694
1.0002426193
0.9978949487
0.9909437632
0.9939275293
1.0042031809
1.0022467481
1.0106454545
1.0248735146
1.0149277771
1.0037133561
1.0057665496
1.0109743261
1.0055616387
0.9858772911
0.9861755156
0.9891366141
1.0056835312
1.0142397695
1.0228368617
1.0357356728
1.0269203071
1.0008709428
1.0066149271
1.0052823259
1.0049613005
0.9988647512
0.9930637771
0.9965430868
0.9959699245
0.9927453605
0.9945532254
1.0025257416
1.0122211921
1.0086124853
1.0297411558
1.0229229132
1.0012781475
1.0175359079
1.0019201291
1.0040538805
1.0188947683
1.0068567565
1.0053561068
1.0202069562
1.0196340667
1.0040612650
0.9815189333
0.9600277922
0.9521676755
0.9574732942
0.9687861964
0.9795418821
0.9804524556
0.9881365132
0.9934260272
0.9765273610
0.9892132026
0.9761667469
0.9876215508
0.9950566720
0.9900714537
0.9892025342
0.9829810836
0.9744999611
0.9729190958
0.9608121446
0.9349088681
0.9066810314
0.8786660400
0.8570034668
0.8475346737
0.8294830016
0.7832822933
0.7171725130
0.6317909955
0.5798724577
0.5717257666
0.6467762833
0.7519674834
0.8436240238
0.9097604850
0.9597259737
0.9713606066
0.9716392419
0.9680931457
0.9572970702
0.9416345698
0.9170147924
0.8657974476
0.7825195254
0.6989770365
0.6562900138
0.6641706187
0.7255137937
0.8340174267
0.9114513806
0.9871721696
1.0019297059
0.9903512510
0.9968622413
0.9952856036
0.9827523720
0.9919112647
0.9843056390
0.9763830637
0.9862185199
1.0001118902
1.0014753202
0.9957603488
0.9902007776
0.9818417928
0.9801239292
0.9931700583
1.0005842228
0.9906636180
0.9794543029
0.9748851487
0.9985867203
1.0059457396
1.0512840727
1.0409800758
0.9936733819
0.9730869135
0.9518657839
0.9492589002
0.9573821785
0.9730167820
0.9871778816
1.0036271942
1.0180374933
1.0122468516
1.0094558875
1.0265664578
1.0323577074
1.0180082583
1.0002210879
0.9932363251
1.0103494906
1.0131615656
1.0160224032
1.0006363886
0.9785406096
0.9798563670
0.9767914414
0.9927298551
0.9911726140
0.9864773982
0.9991944501
1.0055681342
0.9803653501
0.9227765749
0.8608975340
0.8279714896
0.8126879231
0.8376582246
0.8985474978
0.9622293625
1.0105725509
1.0232293714
0.9995608188
0.9920354438
1.0047387350
0.9923365230
0.9990442923
0.9965240905
0.9762362423
0.9607747004
0.9408967573
0.9271455766
0.9169373357
0.8910597602
0.8847564645
0.9214028871
0.9536980495
0.9545752111
0.9605212670
0.9298190508
0.8982893306
0.8828373397
0.8874744498
0.9209044146
0.9552363961
0.9801232829
0.9991844875
1.0097504746
1.0122774430
1.0053249451
0.9988457460
0.9977457862
0.9943545597
0.9908826531
0.9924544708
0.9979687032
1.0171748007
1.0278177466
1.0201645598
1.0095718941
1.0112888785
1.0170688725
1.0247335185
1.0187219335
1.0254403393
1.0239159789
1.0164117944
1.0029222124
1.0040762217
1.0127651404
1.0065394461
0.9971064431
1.0016076009
1.0062638394
1.0006192226
0.9969709539
0.9978568598
1.0066803638
1.0282221356
1.0167778969
0.9981014861
0.9839059253
0.9809572009
0.9925377083
1.0265603705
1.0321056416
1.0164776075
1.0122597365
1.0038336076
1.0096583575
1.0209325937
1.0169039243
1.0083161223
0.9966063136
0.9743832011
0.9654413738
0.9814790091
1.0014854254
1.0086869572
1.0003580141
0.9980483732
0.9966969040
0.9993830693
1.0067676743
0.9992684928
1.0123075135
1.0214696705
1.0065864136
0.9946268557
0.9928748933
0.9828477990
0.9800056921
0.9808699702
0.9944983805
1.0155143608
1.0023490415
0.9882402724
1.0016924341
1.0156581947
1.0011909158
0.9968007126
1.0165414923
1.0242948342
1.0071506883
0.9975817338
1.0124250801
0.9981494272
0.9983959794
0.9940217634
0.9693964105
0.9422388504
0.9183832147
0.8980369160
0.8896264405
0.8984340385
0.9302075135
0.9861731073
1.0271200965
1.0122123542
0.9985799377
1.0126688369
1.0163538781
0.9878284625
0.9940454881
1.0065957360
1.0014108068
0.9705923447
0.9607619879
0.9505797265
0.9453934724
0.9534917190
0.9621609282
0.9704504341
0.9735222351
0.9625642816
0.9479248443
0.9390089861
0.9421983386
0.9763790975
1.0073706526
0.9994699431
1.0018479182
1.0302925144
1.0393837957
1.0100344415
0.9931311698
0.9906013338
0.9844216216
0.9827735839
0.9864168811
0.9838446583
0.9729452424
0.9727637380
0.9789827840
0.9801640982
0.9881237569
1.0027494671
1.0021498724
0.9881113363
0.9968945755
0.9893233242
0.9933209306
1.0217300823
1.0080595905
1.0031962354
0.9842005737
0.9685809001
0.9494890509
0.9183956536
0.8856546923
0.8730081773
0.8876426927
0.9182334747
0.9661703444
0.9941606463
0.9817318876
0.9853031263
1.0018947999
0.9714327542
0.9235040575
0.9214898046
0.9111436127
0.8997122151
0.9208421962
0.9286505883
0.8783026560
0.7921184022
0.7337330249
0.7169160723
0.7422979523
0.8091692470
0.8722925130
0.9072832614
0.9231306126
0.9257083849
0.9076869112
0.8856870889
0.8921402836
0.9068048295
0.9198361170
0.9548840749
0.9606071823
0.9742400403
1.0094250812
1.0243739453
1.0066140806
1.0090186519
1.0018222708
1.0154485517
1.0145329739
1.0090856644
0.9941145766
0.9857518713
1.0015952459
0.9963986017
0.9870281738
1.0103829197
1.0085668809
1.0073401120
1.0217088906
1.0175142978
1.0158175769
1.0312902436
1.0138184163
0.9907611040
0.9960192365
1.0085514207
1.0107203652
1.0217768142
1.0224799668
1.0115123905
1.0091784800
1.0135160616
1.0089875303
0.9955512428
0.9901245625
0.9954282342
0.9937077465
0.9831247728
0.9753379138
0.9726047663
0.9900050674
1.0113030666
1.0209310487
1.0248171439
1.0377743557
1.0216186270
1.0146360178
1.0072628091
1.0082919049
1.0086514403
1.0123677835
1.0073486873
1.0093726607
1.0213015469
1.0123459925
0.9902008260
0.9715734095
0.9439942806
0.9486118056
0.9457508318
0.9289000952
0.9434702468
0.9369972377
0.9344714977
0.9301954169
0.9232950910
0.9291878433
0.9542567840
0.9770449665
0.9863469326
0.9981378520
0.9998884776
0.9966224035
1.0005091942
1.0055273824
1.0092590256
1.0075398863
0.9918266525
0.9905577883
1.0103827335
1.0034979373
1.0132053830
1.0018907212
1.0100684343
1.0099982960
1.0087570995
1.0133629121
1.0043833609
1.0076012499
1.0099707093
1.0132880173
1.0158273614
1.0094103270
1.0023750124
1.0051898778
1.0126546941
1.0140747251
1.0085443728
1.0014764325
0.9910239808
0.9941996171
1.0145957229
1.0097277174
1.0059716778
1.0195839555
1.0147572840
1.0016353289
0.9957529202
1.0062653679
0.9972273701
0.9895085589
1.0022132271
1.0210895259
1.0156185982
0.9896623530
0.9755691512
0.9797089363
0.9860877713
0.9892117443
0.9784165887
0.9650843526
0.9700079173
0.9924443441
1.0004092428
1.0074239516
1.0146310683
1.0017479566
0.9687204664
0.9660263677
0.9655831508
0.9543071312
0.9736184862
0.9881114800
0.9914507860
0.9978988583
1.0024264873
1.0043157312
1.0103915641
1.0138155016
0.9964423268
0.9881321574
0.9784052506
0.9814655927
0.9826226204
1.0046206111
1.0017745280
1.0050742268
0.9900886685
0.9879622470
0.9962778293
1.0078057753
1.0319201985
1.0276547149
1.0124785293
0.9982595515
0.9910443102
1.0000726247
1.0123173461
1.0261852896
1.0236642726
0.9901421846
0.9832022376
0.9768957435
0.9828642919
1.0026061779
1.0117535658
1.0068139609
1.0228623314
1.0363382376
1.0228861766
1.0165170620
1.0223211758
1.0089308264
0.9926474730
1.0003022836
1.0151010340
1.0172247253
1.0152578258
1.0151860324
1.0162560868
1.0189541632
1.0019469474
1.0109867365
0.9982977551
0.9949036666
1.0075927792
0.9891173243
0.9802598412
0.9796741233
0.9881882599
1.0049142664
0.9997374603
0.9823283755
0.9830447872
0.9989694359
1.0058239055
1.0080819849
1.0155088453
1.0160926473
1.0125960708
1.0096615732
1.0145165207
1.0058350074
0.9825466476
1.0162608748
1.0037287982
0.9880746572
0.9974684052
0.9991026596
0.9917668692
0.9935799113
0.9997752201
1.0078961059
1.0117769195
1.0073798307
1.0054586685
1.0120164949
1.0095625275
1.0003439862
1.0044005145
1.0001278673
1.0105056592
1.0021297219
1.0162815133
1.0109407438
0.9993300028
0.9979576346
0.9678830558
0.9592273625
0.9611112331
0.9625013053
0.9498017854
0.9813477699
1.0033183175
0.9826954588
0.9548661400
0.9476082354
0.9569920795
0.9678978238
0.9737009461
0.9793805451
0.9843178230
0.9965188336
1.0025322660
1.0258366517
1.0049125012
1.0481034936
1.0438619760
0.9843833041
0.9236414385
0.8849593107
0.8546204397
0.8429877714
0.8563315611
0.8951379182
0.9452666752
0.9939260478
1.0199892823
1.0294121494
1.0474374991
1.0296550193
0.9842319195
0.9781474044
0.9844565144
1.0186435296
0.9969276398
1.0079211624
0.9939638112
0.9704504913
0.9897932566
0.9935622087
0.9797405175
0.9841726252
0.9843392340
0.9746705270
0.9881059425
1.0148350491
1.0210341927
1.0092284301
0.9995811958
1.0043817656
1.0206378507
1.0230248265
0.9941118210
0.9834710677
0.9860048528
0.9953874062
0.9928839498
0.9955474175
0.9972454314
0.9826132095
0.9626745650
0.9223038201
0.8768771071
0.8571697177
0.8579765438
0.8781232121
0.9262245263
0.9815303048
1.0099808105
1.0057377291
0.9867450475
0.9712965330
0.9784242989
0.9806121885
0.9866309072
0.9985831636
0.9809229276
0.9897008435
1.0012760933
1.0103427134
1.0117975203
1.0007131649
1.0023016355
0.9876410782
0.9644014385
0.9698751906
0.9750533754
0.9642256687
0.9659895264
0.9683993951
0.9768725083
0.9881810789
1.0057434150
1.0057006739
1.0033549046
1.0262564763
0.9989716564
0.9868508798
0.9871212445
0.9820797588
0.9684546973
0.9440530956
0.9260717439
0.9126830718
0.9036493991
0.9051277926
0.9200591597
0.9448323360
0.9715605324
0.9891757658
0.9932927150
0.9967506777
0.9896768973
0.9833071073
0.9636275442
0.9705103068
0.9949202331
0.9761671090
0.9837600494
0.9629409742
0.9545502572
0.9597429487
0.9459872299
0.9577621742
0.9899525700
0.9942164051
0.9859682474
0.9771024429
0.9639924918
0.9689799072
0.9706930992
0.9634756407
0.9586412748
0.9678283367
0.9597851833
0.9583443240
0.9499459748
0.9435428204
0.9439729099
0.9632118718
0.9658476785
0.9649129496
0.9548214578
0.9221238763
0.8935909255
0.8952254388
0.9184315562
0.9469187536
0.9713257147
0.9836255830
0.9857290531
0.9858462393
0.9896730202
0.9926924521
0.9874182721
0.9835239753
0.9739013742
0.9612067919
0.9177113770
0.8608769328
0.8319390349
0.8190163878
0.8218436020
0.8187919091
0.7916798545
0.7558604263
0.7306772341
0.7246832923
0.7455261577
0.7922365838
0.8349211485
0.8356916334
0.8104342959
0.7952441295
0.8127884881
0.8497295705
0.9144378978
0.9586926235
0.9708612265
0.9767094979
0.9732453093
0.9668844090
0.9648026140
0.9837576777
0.9791925207
0.9703056908
0.9543050499
0.9216038875
0.8890401456
0.8742176199
0.8780326616
0.8775153216
0.9062228518
0.9583947449
0.9748046652
0.9711648521
0.9732630063
0.9504904731
0.9484080642
0.9583370262
0.9627630105
0.9629070802
0.9801145037
0.9785725952
0.9763636400
0.9803212724
0.9834913120
0.9773074081
0.9711181683
0.9755343831
0.9769877747
0.9751342800
0.9791378697
0.9785024934
0.9798794249
0.9858918406
1.0040361102
1.0169930855
0.9890974557
1.0034847734
1.0014790620
1.0011505466
1.0214462141
1.0281297889
1.0093748707
0.9939755062
0.9932957401
0.9867546534
0.9857947595
0.9903143777
0.9818883574
0.9891623621
0.9912379902
0.9717585909
0.9675765600
0.9748579090
0.9836938360
0.9935202969
0.9849137956
0.9728324021
0.9752600919
0.9932240459
0.9859299897
0.9886612944
0.9985155947
1.0040689849
0.9995938891
0.9966806179
0.9926434970
0.9834984484
0.9905904621
1.0090384575
1.0039354501
0.9875137717
0.9829841544
0.9983563868
0.9925532611
0.9788357143
0.9770576547
0.9761096242
0.9552101712
0.9492282535
0.9171565135
0.8928199167
0.8717020130
0.8611352036
0.8427396904
0.8298170761
0.8395240118
0.8646576755
0.8999636387
0.9372799875
0.9690495684
0.9918755739
0.9892719260
0.9912201673
0.9970942931
0.9924239837
0.9849753311
0.9689612225
0.9870605107
1.0002081805
0.9984391852
0.9946760681
0.9933984488
1.0014832400
0.9969227535
0.9964156538
0.9954207340
0.9830585708
0.9817608432
0.9970893454
1.0034723859
0.9808891684
0.9878413795
0.9894729858
0.9826612041
0.9765497108
0.9806686667
1.0061809019
1.0177209591
0.9983932440
0.9884440973
1.0036766043
1.0094244171
0.9997504363
0.9862440575
0.9847454125
0.9884169559
0.9896395662
0.9936471736
0.9893612100
0.9823761466
1.0014602190
0.9858790294
0.9648420282
0.9724183430
0.9961977381
0.9944606128
0.9906078472
1.0004876634
0.9916914919
0.9819199106
0.9850135144
0.9642675106
0.9588988572
0.9391391077
0.9162112405
0.8674484651
0.7706716702
0.6777856615
0.6295337195
0.6346616654
0.7115889281
0.8133434271
0.9061727259
0.9836073175
1.0113021239
0.9950286977
0.9995505729
0.9809637802
0.9810247777
0.9642151964
0.9769708117
0.9893382340
0.9862909791
0.9888138679
0.9968050217
1.0043566937
1.0070382731
0.9896157775
0.9668831968
0.9665060915
0.9657082626
0.9689129771
0.9735223351
0.9591494075
0.9418610831
0.9611330999
0.9661823382
0.9614451298
0.9549372980
0.9570594883
0.9691747168
0.9887659743
1.0051108431
0.9997827629
0.9978672763
0.9980414752
0.9859977687
0.9804636027
0.9893330462
0.9930500661
0.9922571011
0.9983516747
1.0167637823
1.0032133611
1.0187337553
0.9972816948
0.9987242456
1.0014963779
0.9904213437
0.9836805027
0.9662915021
0.9341681583
0.9159440297
0.9125168631
0.9159130522
0.9376370450
0.9619046241
0.9665358587
0.9757153016
1.0058172102
1.0217394083
1.0133503812
1.0000903740
0.9939756050
0.9953911652
0.9869889340
0.9720972373
0.9544718037
0.9675011164
0.9702115769
0.9323055597
0.9068373160
0.9095082389
0.9303879137
0.9507870226
0.9740673267
0.9979374264
1.0163530471
1.0165503383
0.9994641955
0.9975985101
1.0047291650
0.9887226900
0.9637082928
0.9858112757
1.0003043020
0.9863424873
1.0014170001
1.0083484413
0.9969507264
0.9921919625
0.9855970824
0.9924504646
1.0048418734
1.0187663679
1.0206729612
1.0022545243
0.9905045491
0.9981696179
1.0053501734
1.0101103340
1.0178094047
1.0212600947
1.0225847341
1.0042489206
1.0115988127
1.0271724838
1.0090516406
1.0058382165
1.0047006627
1.0001780839
0.9995413566
0.9929264956
0.9830210534
0.9939466594
0.9950806181
0.9982892094
1.0050507813
0.9959667617
0.9879300303
0.9946468830
0.9977638956
0.9878761754
0.9842037428
0.9969642120
0.9873821667
0.9890899108
0.9994193439
0.9922172296
1.0094774287
1.0099280796
0.9871686707
0.9766527819
0.9783741712
0.9897677861
0.9963831836
1.0042147567
1.0012463516
0.9931898985
0.9962435568
0.9987989883
0.9936887640
0.9705687836
0.9546960401
0.9743113359
1.0128421357
1.0344670313
1.0046874082
0.9909992858
0.9874803468
0.9906694312
1.0079512859
1.0043356076
1.0017003782
1.0015241322
1.0082059525
0.9974546510
0.9853771752
0.9882940095
0.9846269780
0.9766544836
0.9835992316
0.9940958708
1.0028974479
1.0026182536
0.9817373758
0.9739486148
0.9577926960
0.9249625249
0.9194746270
0.9357674414
0.9644498680
1.0009072427
0.9967040551
0.9927882238
0.9966709170
0.9959476716
0.9938961775
1.0029789870
1.0171924526
1.0171889947
1.0066438710
1.0024688290
0.9995485494
0.9960950145
0.9802353644
0.9853413318
0.9872542738
0.9824624859
0.9989552258
1.0028976005
1.0006227562
1.0008753367
1.0032295641
1.0210187828
1.0186245650
1.0022103703
1.0006837371
1.0043801612
1.0052617877
1.0006521353
0.9804431503
0.9766578294
1.0073253386
1.0182080592
0.9895415999
0.9875486506
0.9873761089
0.9888304854
0.9836277430
0.9614366702
0.9632463747
0.9694264893
0.9858492419
0.9908931518
0.9915197619
1.0058334648
1.0052721576
0.9864637317
0.9755876766
0.9660306694
0.9520711726
0.9571146913
0.9746157828
0.9928431094
0.9953034936
0.9974506374
0.9886332148
0.9629754944
0.9506958286
0.9972786367
0.9928780706
0.9866536342
0.9864242735
0.9988359631
1.0032674771
1.0139617614
1.0068170391
1.0045371755
1.0087664448
1.0086001381
1.0152715301
1.0034577898
0.9848874150
0.9788397424
0.9894054019
0.9876196632
0.9936234960
0.9945615616
0.9940569322
0.9894699316
0.9907363385
1.0152316196
1.0243724301
1.0095304026
0.9954830755
0.9938327210
0.9954100004
0.9868944400
0.9755918208
0.9796106560
0.9870738351
0.9806328060
0.9833600672
0.9946904285
0.9929534910
0.9939367507
0.9723987985
0.9664197256
0.9562166273
0.9561467746
0.9799940919
0.9889735532
0.9989796678
1.0064400103
1.0012698746
0.9898495501
0.9877250623
0.9852168296
0.9937229272
0.9940893066
0.9767066882
0.9790249724
0.9797182740
0.9690348398
0.9484289707
0.9294060150
0.9064463839
0.8875780071
0.8700011511
0.8713510049
0.9047316841
0.9279856478
0.9447366458
0.9597424810
0.9812002237
0.9880610782
0.9969604497
1.0088004760
1.0026100070
0.9952141815
1.0022262031
1.0027921502
0.9965193880
0.9915613735
0.9862679025
1.0156333675
1.0115883591
0.9834103431
0.9774567579
0.9628524724
0.9710554388
0.9909573114
0.9834436080
0.9783655907
1.0071133789
1.0043874979
0.9782445123
0.9689405053
0.9721826318
0.9714587901
0.9624466930
0.9329158644
0.8805914387
0.8247851004
0.7533340680
0.6728495740
0.6438315100
0.6465246097
0.6679517795
0.7283877813
0.8215192945
0.9282055130
0.9772972640
0.9934848335
0.9987271393
0.9946832641
0.9720814186
0.9552102107
0.9607053958
0.9624326521
0.9525485037
0.9594342271
0.9694139589
0.9554159724
0.9662156574
0.9825851854
0.9889617792
0.9986613839
0.9817475600
0.9883499307
1.0021055275
0.9763417031
0.9655802115
0.9632744194
0.9596909828
0.9554333722
0.9512423216
0.9454487924
0.9433489300
0.9410574663
0.9357547087
0.9400568652
0.9592462962
0.9773700975
0.9793209841
0.9714627388
0.9748034069
0.9763101795
0.9793470325
0.9810681862
0.9623498857
0.9730926188
0.9931554535
0.9916194195
0.9794510343
0.9726791977
0.9519518354
0.9367933000
0.9368453172
0.9371810121
0.9364438475
0.9504800916
0.9748532022
0.9870188541
0.9900393835
0.9898130373
0.9946519791
1.0047656916
0.9762789884
0.9532605972
0.9435485139
0.9399967545
0.9400969888
0.9377624284
0.9306495361
0.9218085199
0.9365719848
0.9441888766
0.9403910843
0.9265680890
0.9232597011
0.9428405622
0.9586358856
0.9623479283
0.9676813603
0.9793323966
0.9841577967
0.9742557793
0.9670375500
0.9485292420
0.9427175574
0.9357772893
0.9648593427
0.9732135074
0.9618925949
0.9624468081
0.9652572231
0.9455920282
0.9386403612
0.9500860352
0.9631961874
0.9659077699
0.9517150086
0.9373361879
0.9311812481
0.9241582593
0.9371290561
0.9642072623
0.9757424003
0.9942446061
1.0099361391
1.0013789825
0.9851502752
0.9829910369
0.9965826687
1.0010810095
0.9958915597
1.0050063685
1.0100023120
1.0022494057
0.9883889651
0.9740631697
0.9700990974
0.9778604015
0.9882437329
1.0003123346
0.9964786505
0.9968080483
0.9952186977
1.0007868063
0.9836303210
0.9939296947
1.0063614935
0.9823966050
0.9841678959
0.9874411420
0.9864145768
0.9907766540
1.0039947942
1.0221743899
1.0323696598
1.0156106149
0.9886659604
0.9793821827
0.9742193363
0.9730522300
0.9820274924
0.9926693113
0.9751397048
0.9731203837
0.9698676063
0.9554120211
0.9861072158
0.9866035110
0.9662300157
0.9614247271
0.9835602745
1.0054462628
0.9944658768
0.9690007815
0.9797834326
0.9819616596
0.9647189881
0.9704328631
0.9792391854
1.0116560666
1.0104284002
0.9986038679
0.9824716111
0.9891500196
0.9975749249
1.0119781751
0.9852367740
0.9731440438
0.9845593514
0.9794572369
0.9696572407
0.9711077409
0.9796059920
0.9874404865
0.9994437859
0.9999842341
0.9905242862
0.9862743210
0.9816335255
0.9838069008
0.9839363571
0.9876904228
0.9673519055
0.9933084762
0.9818218540
0.9714052224
0.9838187935
0.9949484318
1.0013069621
0.9903177074
0.9958287964
0.9974794430
0.9811057734
0.9943242613
0.9955130083
