#flux
0.9892989337
0.9863640565
0.9723266506
0.9652107402
0.9669073033
0.9715197788
0.9693574892
0.9560559619
0.9487972189
0.9559458273
0.9676037548
0.9727369690
0.9686090172
0.9646650742
0.9730457615
0.9853128291
0.9861980110
0.9810481551
0.9818517372
0.9699373506
0.9613987394
0.9634106031
0.9629948462
0.9625312131
0.9578139348
0.9499198992
0.9490617207
0.9507908450
0.9500111047
0.9532445638
0.9666896743
0.9819422764
0.9826634000
0.9715016934
0.9701373991
0.9759307494
0.9719511788
0.9682723259
0.9650485563
0.9768360923
0.9658581942
0.9544877524
0.9597873966
0.9715342762
0.9734755519
0.9672724989
0.9603440569
0.9409527002
0.9295574555
0.9392778976
0.9570373797
0.9643489838
0.9605044945
0.9604619067
0.9686725779
0.9758556574
0.9748623627
0.9693627396
0.9628977424
0.9678596035
0.9639176217
0.9612554897
0.9552439113
0.9487829951
0.9521492900
0.9609466368
0.9599688204
0.9558043569
0.9393311769
0.9234701895
0.9213994523
0.9254515038
0.9273217991
0.9294690008
0.9363633026
0.9470236202
0.9539394983
0.9465647917
0.9412489590
0.9490905625
0.9447412827
0.9401371280
0.9362919490
0.9291067808
0.9270175080
0.9304321279
0.9253266262
0.9166975579
0.9032104136
0.8862410698
0.8699944919
0.8615196957
0.8670449624
0.8843024463
0.9045979243
0.9215857290
0.9356716504
0.9431534131
0.9284032030
0.9071635852
0.9025560175
0.8992671379
0.8992201485
0.9093964867
0.9225446267
0.9284250389
0.9298808188
0.9371359703
0.9445191858
0.9367141383
0.9146865725
0.9043724207
0.9061047992
0.9008185944
0.8947221791
0.8975286221
0.9097685320
0.9271035186
0.9341180732
0.9400796348
0.9355604469
0.9224958736
0.9230399890
0.9293703621
0.9323469977
0.9354449500
0.9333835851
0.9210450562
0.9202668444
0.9142815088
0.9112117480
0.9117095590
0.9043035150
0.8997337344
0.9065320560
0.9107282107
0.9049104993
0.8989186584
0.9008264108
0.9075541663
0.8976336246
0.8941472504
0.9054423016
0.9001986978
0.8899938143
0.8913449645
0.8865823567
0.8732150406
0.8773186877
0.8818437132
0.8926901234
0.9096823761
0.9177452978
0.9155372539
0.9066849997
0.8911871250
0.8754609118
0.8623417268
0.8498655686
0.8394027924
0.8317623601
0.8337377023
0.8426955486
0.8525259994
0.8588954053
0.8723103778
0.8787119565
0.8693487495
0.8571346681
0.8520768311
0.8480343659
0.8443073136
0.8339346451
0.8139741262
0.8038843631
0.8074951031
0.8020933187
0.7961949558
0.8008844882
0.8089820335
0.8166073471
0.8243747155
0.8150190601
0.8135240274
0.8005063703
0.7921102713
0.7824490567
0.7851123048
0.7902629027
0.7830768549
0.7712419990
0.7675787527
0.7678741502
0.7609998191
0.7478879042
0.7298795598
0.7070323869
0.6934575123
0.6788311461
0.6640801591
0.6476860266
0.6163962021
0.5691612087
0.5210492590
0.4697845694
0.4184840807
0.3631502976
0.3108811668
0.2703557867
0.2405422686
0.2218060521
0.2121696272
0.2047557923
0.1978578407
0.1969444937
0.2030744076
0.2127478152
0.2273234548
0.2480241466
0.2788063770
0.3150388006
0.3569896579
0.4060215065
0.4644802979
0.5250571463
0.5719489601
0.6093606913
0.6477621043
0.6773019711
0.6901886987
0.7029736322
0.7256751229
0.7407145944
0.7450390861
0.7544199384
0.7640603318
0.7606923250
0.7596419158
0.7760598072
0.7894886071
0.7899644227
0.7928941126
0.8078240580
0.8112780211
0.8118566523
0.8125412873
0.8125562826
0.8159416124
0.8188219625
0.8258128579
0.8323021889
0.8369027707
0.8421864419
0.8441829644
0.8436202518
0.8448279301
0.8473757513
0.8513838178
0.8521656918
0.8511268490
0.8593647191
0.8616052777
0.8574914406
0.8675612820
0.8754903274
0.8762061564
0.8763668875
0.8734922516
0.8702276395
0.8762082394
0.8828043603
0.8743059678
0.8704456831
0.8820505473
0.8959827463
0.9037555514
0.9049575545
0.9010818155
0.8997213321
0.9042486885
0.9070395267
0.9110587752
0.9144343150
0.9092545522
0.9161035080
0.9108570546
0.9060402088
0.8997557590
0.9036970118
0.9127675358
0.9190955787
0.9197062103
0.9175983351
0.9168149163
0.9193701573
0.9233140838
0.9218300620
0.9195989022
0.9245633342
0.9165560262
0.9146748960
0.9206503412
0.9318264047
0.9283438021
0.9208472595
0.9238556490
0.9266911264
0.9274858178
0.9363642329
0.9406560311
0.9328447082
0.9289518266
0.9276847144
0.9279295306
0.9309486251
0.9308669966
0.9172219549
0.8806677921
0.8248961988
0.7749745017
0.7572837598
0.7685289834
0.7946297157
0.8322855933
0.8739709172
0.8991033471
0.9225757513
0.9304054649
0.9327826575
0.9392929825
0.9427763558
0.9419399458
0.9448610121
0.9487203528
0.9533849457
0.9578745395
0.9548800256
0.9511597559
0.9574419075
0.9600708389
0.9542216391
0.9453178720
0.9373041814
0.9357474532
0.9415521711
0.9405944449
0.9366107200
0.9484193763
0.9496858155
0.9457414779
0.9459901814
0.9446619220
0.9439455627
0.9433365477
0.9403011935
0.9405501692
0.9489092207
0.9581868055
0.9619326593
0.9618387655
0.9528188001
0.9431875658
0.9569586301
0.9643108563
0.9622720967
0.9580756329
0.9609752852
0.9601568916
0.9614208668
0.9655335560
0.9590412428
0.9516713035
0.9477497576
0.9507227026
0.9544176232
0.9538346493
0.9409453413
0.9164845021
0.8980525328
0.8937467777
0.9055153487
0.9221226822
0.9367403187
0.9481714248
0.9462540213
0.9460592132
0.9562663777
0.9627265130
0.9689225972
0.9738204205
0.9768318416
0.9716225464
0.9674113637
0.9704622180
0.9711395218
0.9661027856
0.9653855175
0.9702595778
0.9745454857
0.9747962745
0.9629831593
0.9469211146
0.9220293409
0.9133961710
0.9018290770
0.9018108285
0.9122481569
0.9360348339
0.9654179870
0.9821432337
0.9831695687
0.9785121042
0.9769983736
0.9609685177
0.9287815498
0.8880382624
0.8500515689
0.8320268680
0.8413389647
0.8685485366
0.9011000952
0.9334328152
0.9597289508
0.9698806056
0.9683463561
0.9747740107
0.9816227753
0.9897007635
0.9846851357
0.9797441935
0.9747426401
0.9727035721
0.9718240719
0.9745572576
0.9797221851
0.9836693794
0.9801814428
0.9670185635
0.9594871777
0.9714465038
0.9833973217
0.9755691878
0.9717961411
0.9860293491
0.9886680793
0.9767028806
0.9674803624
0.9660259709
0.9666088805
0.9688887928
0.9734916916
0.9800826325
0.9835243960
0.9777853160
0.9743676879
0.9778207673
0.9806781427
0.9799053436
0.9765186235
0.9753493286
0.9838248090
0.9906878312
0.9832588103
0.9773347891
0.9733953085
0.9730768864
0.9844830149
0.9864001824
0.9826328733
0.9817512929
0.9801365193
0.9866156861
0.9854721512
0.9862793838
0.9908320534
0.9974908365
1.0024020274
1.0013357659
0.9954377328
0.9888217180
0.9851519935
0.9861096091
0.9860171524
0.9782589293
0.9774986572
0.9910119958
0.9996441264
0.9976233637
0.9812619315
0.9724597501
0.9792449925
0.9905881657
0.9908522935
0.9832352214
0.9766251975
0.9743682256
0.9786220279
0.9883888235
0.9959945124
0.9872545488
0.9683565972
0.9672339001
0.9717900226
0.9725691929
0.9711599504
0.9723911369
0.9693324592
0.9695100754
0.9715260161
0.9781236958
0.9857853196
0.9853747364
0.9806651027
0.9733410357
0.9721429961
0.9755014575
0.9758643318
0.9678838044
0.9513333756
0.9385913691
0.9383277168
0.9450499340
0.9649764324
0.9869267087
0.9941273924
0.9993306505
1.0041592972
0.9961322378
0.9989434998
0.9994771671
0.9931751828
0.9983163169
1.0027750458
1.0054626891
1.0055674145
1.0036207008
0.9960570777
0.9925064459
0.9981806046
0.9965343503
0.9840941171
0.9831558241
0.9916922707
0.9820716415
0.9623211220
0.9574374425
0.9607842727
0.9688747868
0.9867902419
0.9869698203
0.9921408325
0.9940044924
0.9931316050
0.9912236856
0.9861390608
0.9840841320
0.9877735908
0.9905481837
0.9873673767
0.9785492619
0.9653781072
0.9552482741
0.9607396733
0.9748347249
0.9758611386
0.9805401561
0.9893660707
0.9930579259
0.9856846543
0.9864309740
0.9807731730
0.9839093836
0.9958679314
0.9969473010
0.9902102632
0.9870640477
0.9859443365
0.9877513735
0.9876148524
0.9843156103
0.9836587043
0.9867524502
0.9897393164
0.9825337538
0.9782229505
0.9855770437
0.9926549015
0.9957661446
0.9919046854
0.9976487113
1.0046456269
0.9976410004
0.9900902758
0.9920218935
0.9929258277
0.9944133914
0.9978177247
0.9956163037
0.9947400531
1.0014859386
1.0041437875
0.9896399447
0.9602075380
0.9299446939
0.9062921495
0.8982512062
0.9060431039
0.9224515071
0.9436920692
0.9556290608
0.9654017431
0.9862324582
0.9923735374
0.9915000179
0.9872153707
0.9888412682
1.0032632098
1.0114115893
1.0081684732
1.0017447921
0.9994886178
1.0024348622
1.0061466882
1.0095711989
0.9975739305
0.9777698731
0.9632011988
0.9585264314
0.9651564133
0.9733702019
0.9842037460
0.9937242713
0.9962725536
0.9954071767
0.9924450905
0.9937555789
0.9970645550
0.9981792845
0.9974939523
0.9937246863
0.9922919355
0.9959204745
0.9966844107
0.9953615576
0.9931213532
0.9911847219
0.9940580414
1.0004976980
1.0071379722
1.0090055469
1.0001304202
0.9946049218
1.0048467223
1.0045701534
1.0055352016
1.0015700276
0.9949412649
0.9917018723
0.9935222051
0.9963379533
0.9976759034
0.9970055085
0.9952322416
0.9957337603
0.9954452151
0.9931943450
0.9974907663
1.0031711364
0.9978284169
0.9971011049
0.9999322566
0.9991900186
0.9984856444
1.0018321367
1.0019344871
1.0019689628
0.9989985294
0.9982719638
0.9999285217
1.0011644994
0.9995476144
0.9937510576
0.9887253221
0.9917914356
1.0002651528
1.0024766361
0.9930219013
0.9782711091
0.9683306591
0.9720109246
0.9832106312
0.9894124723
0.9928154293
0.9913019681
0.9959044009
0.9949473506
0.9958006722
0.9980466591
0.9965920644
0.9944825177
0.9963719106
0.9995648206
0.9975394478
0.9903255725
0.9845770659
0.9805211554
0.9741108403
0.9645251629
0.9540295988
0.9529381190
0.9446552257
0.9170213967
0.8729609708
0.8107709019
0.7410497808
0.6935932173
0.6971984335
0.7498783037
0.8243497630
0.8873960696
0.9337931402
0.9678735202
0.9851025529
0.9901942510
0.9929738870
0.9910431804
0.9813538094
0.9641896502
0.9311536378
0.8761305127
0.8122420561
0.7722734443
0.7767042872
0.8233019388
0.8893944622
0.9419492222
0.9726010611
0.9832205963
0.9864911828
0.9883327274
0.9901676841
0.9919510721
0.9912655990
0.9925721256
0.9972262671
0.9915767044
0.9852751397
0.9918124266
1.0009723739
1.0031748531
1.0091798302
1.0176463813
1.0089136126
1.0010882146
0.9991537295
1.0069429374
1.0197109068
1.0159636727
1.0027646977
1.0007348104
1.0057090150
1.0064669878
1.0005988823
0.9909099192
0.9857519903
0.9850236280
0.9784333206
0.9782923430
0.9873235716
0.9995424514
0.9938421849
0.9866096439
0.9942795181
0.9965098946
0.9981904208
1.0038076122
1.0059423918
1.0029250586
0.9989649808
0.9943559707
0.9957036495
1.0054767295
1.0143458425
1.0144442370
1.0067494189
0.9983256945
0.9953048581
0.9883839963
0.9843667413
0.9763745311
0.9477205846
0.9077038703
0.8840674797
0.8723364286
0.8925311936
0.9293545312
0.9603916845
0.9836062620
0.9952753330
1.0007419260
1.0052068517
1.0086689936
1.0051419384
0.9966298925
0.9965804480
1.0012004363
0.9884076501
0.9624937581
0.9451623124
0.9343046338
0.9357066081
0.9484088421
0.9699685550
0.9746518545
0.9773063573
0.9847961287
0.9886047402
0.9785575993
0.9765791101
0.9777109207
0.9832611378
0.9947695137
1.0000365566
0.9972640906
0.9974014104
1.0038964543
1.0123677889
1.0120595793
1.0075816892
1.0069833951
0.9997177984
0.9961088603
1.0013228105
1.0073329265
1.0037486444
1.0148466335
1.0186114603
1.0091907343
1.0058892931
1.0061121695
1.0002843272
0.9978258953
0.9976582987
0.9947561068
0.9953995287
1.0026742160
1.0146167807
1.0208700763
1.0113878097
1.0038631806
1.0037761574
1.0061818159
1.0058120035
0.9938443172
0.9906621980
0.9919479583
0.9956572821
0.9948120859
0.9878780007
0.9873081665
0.9971675391
1.0037513955
1.0023783648
1.0003431977
0.9999372841
0.9971933837
0.9963282564
1.0047914810
1.0047260833
0.9999467485
1.0025704874
0.9970574635
0.9876553041
0.9978055826
1.0115002210
1.0212276547
1.0151934654
1.0077158271
1.0052304410
1.0060557411
1.0110215740
1.0103755476
1.0031960845
1.0006990981
1.0003256961
0.9944005051
0.9889977693
0.9891659425
1.0001019138
1.0100776744
1.0020265426
0.9868333018
0.9898653921
0.9916681229
1.0006377902
1.0060031551
1.0016989143
0.9924434508
0.9890199537
0.9842449533
0.9881863622
0.9967261071
1.0031335214
1.0025607539
0.9922447887
0.9795926541
0.9703875725
0.9559035175
0.9299928539
0.9046322062
0.9055421800
0.9213749015
0.9314074204
0.9582286100
0.9927744417
0.9993976732
0.9892126005
0.9844985112
0.9888066653
0.9970219467
1.0032695497
1.0040057077
0.9961667273
0.9853549375
0.9836623651
0.9918291371
0.9945676874
0.9857270615
0.9797659432
0.9782547957
0.9804756058
0.9805070858
0.9803194076
0.9870018601
0.9890758665
0.9870191378
0.9972145115
0.9910697855
0.9855301753
0.9832716797
0.9978223880
1.0082600605
1.0025858158
0.9918665326
0.9880959513
0.9862620740
0.9820080004
0.9840785868
0.9857217489
0.9764648276
0.9641529057
0.9646020184
0.9735609899
0.9845054445
1.0024649472
1.0033304573
0.9935116216
0.9970695512
0.9988880742
0.9962114660
0.9894205060
0.9891211068
0.9940885424
0.9989681104
0.9940935943
0.9796695455
0.9651137838
0.9527914810
0.9522284486
0.9661541603
0.9665319224
0.9792665221
0.9873290661
0.9992363216
0.9994156986
0.9909892713
1.0052574128
1.0122067026
1.0079068905
1.0046349278
0.9901278877
0.9668923553
0.9302664897
0.8821984000
0.8407524052
0.8236863866
0.8347776689
0.8691473444
0.9174847796
0.9595511625
0.9778651956
0.9691185184
0.9573093189
0.9642944588
0.9748443725
0.9782541850
0.9895149321
0.9983018677
0.9973071705
0.9940528364
0.9898476122
0.9877711347
0.9931358341
1.0060776169
1.0118165217
1.0093738301
1.0075809991
1.0062889046
1.0048212057
0.9973621899
0.9863725096
0.9847979875
0.9955199435
1.0009170562
0.9988131279
0.9883402447
0.9940694150
1.0120710085
1.0154465276
1.0187800019
1.0139844561
1.0005710352
0.9916287229
0.9950478283
1.0030693907
1.0063817945
1.0097091016
1.0069915672
0.9909588744
0.9897206563
0.9998806406
0.9936471300
0.9902744269
0.9970627853
1.0009723895
0.9982769878
0.9990880011
0.9851496620
0.9890274506
1.0021524672
1.0119002918
1.0101231614
1.0061967195
1.0079976553
1.0038892316
0.9996168258
0.9991280100
0.9977583033
1.0008758112
1.0019075616
0.9953475758
0.9851870736
0.9824825753
0.9887370807
0.9848674776
0.9806503511
0.9740588148
0.9623380274
0.9667948068
0.9783121735
0.9823737015
0.9802309644
0.9751423728
0.9722574960
0.9763891766
0.9882019313
1.0049443336
1.0143471131
1.0084546537
1.0002857464
0.9976187909
0.9946826059
0.9892045128
0.9906231320
1.0045257508
1.0017841689
0.9997363985
0.9961009489
0.9984171516
0.9980811464
0.9868737523
0.9840329166
0.9918047308
1.0050644423
1.0090646929
1.0078964672
1.0065117303
1.0021847982
1.0007310427
1.0047668603
1.0083705978
1.0141641483
1.0196851191
1.0088162882
0.9939809410
1.0082273226
1.0187571434
1.0063307170
1.0037849075
1.0060046703
1.0070327191
1.0005207634
0.9957469290
0.9952593928
0.9974287275
0.9980978247
0.9971327937
1.0003623281
1.0033938174
1.0018756272
1.0043276856
1.0008723991
0.9951719989
0.9956348034
0.9982519460
0.9967612882
0.9825616537
0.9793577088
0.9792127731
0.9965310075
1.0066944107
1.0002763376
0.9927210611
0.9916737652
0.9902461556
0.9856933308
0.9877723333
0.9939008702
0.9930004186
0.9887529586
0.9882721353
0.9893207672
0.9903945799
0.9993117201
1.0086354549
1.0135577862
1.0091071980
0.9998554387
1.0077281198
1.0148552968
1.0076775290
1.0059096980
1.0025175901
0.9926957323
0.9890528379
0.9962108854
1.0024918633
0.9989430071
0.9917915815
0.9939425885
1.0044319280
1.0065342922
1.0019616193
1.0072239899
1.0053639848
0.9998183222
1.0105981148
1.0101382670
0.9952487855
0.9866863626
0.9832800377
0.9832243104
0.9811967241
0.9852867638
0.9991764739
1.0087598981
1.0094629206
1.0094846589
1.0123549706
1.0149016074
1.0146643492
1.0115767469
1.0069938796
1.0010640991
0.9925605206
0.9925950898
0.9962774306
0.9927881831
1.0058829989
1.0129394752
1.0143918460
1.0233684119
1.0173198590
1.0009792433
0.9931786027
0.9948502522
0.9993647247
1.0021002596
1.0018498590
1.0004708669
0.9973186964
0.9914235503
0.9885732212
0.9889509858
0.9930378149
1.0043645098
1.0127499675
1.0007631263
0.9882267679
0.9873387764
0.9879514992
0.9965729924
1.0111737854
1.0113551740
0.9980009820
0.9940875403
0.9998342412
1.0015190302
1.0016662149
1.0034367826
1.0029528219
1.0035367818
1.0029761987
1.0003375093
1.0000465228
0.9971505463
0.9982680123
1.0058998142
1.0038068800
0.9972408931
0.9972407418
1.0033007810
1.0054593548
1.0026714407
1.0048747998
1.0116648563
1.0117485854
1.0052920752
0.9986240148
0.9926403260
0.9884179305
0.9877285982
0.9894641345
0.9956471533
0.9991406841
0.9908887180
0.9918242340
1.0008855300
0.9983239566
0.9935704117
0.9939042222
0.9928778939
0.9991859097
1.0006493384
1.0010918095
1.0008723358
0.9950806575
0.9843236621
0.9731567717
0.9635473156
0.9578676511
0.9618560353
0.9742791358
0.9845909679
0.9942626158
1.0055942984
1.0021909997
1.0034809917
1.0086413486
1.0137268458
1.0119531004
1.0008916036
0.9984839892
0.9958941947
1.0002750834
1.0051618654
1.0084047396
1.0080697463
1.0053920963
1.0024406766
0.9974816748
0.9922669942
0.9956765347
1.0048975100
1.0021622596
1.0118976187
1.0237032350
1.0192713038
1.0022284896
1.0022283235
0.9985754509
0.9899679318
0.9824897743
0.9905938706
1.0013921532
1.0078307120
1.0063726277
1.0025251529
0.9934727465
0.9793699478
0.9642607197
0.9466550622
0.9353223986
0.9414994686
0.9513235646
0.9637588225
0.9776920793
0.9957632347
1.0012515525
0.9958149666
0.9923517528
1.0007736190
1.0033708907
1.0088280783
1.0099789720
1.0069838544
1.0058067509
1.0051658132
1.0044280645
1.0055484310
1.0064649497
1.0058705610
1.0039576924
1.0015238898
1.0038129017
0.9967927593
0.9951217872
1.0062924516
1.0175037846
1.0212462492
1.0049335548
0.9978981624
0.9985771510
0.9912794807
0.9905702507
0.9980279551
1.0077832012
1.0068618230
1.0010501997
0.9994053271
0.9980286991
0.9949591293
0.9924651779
0.9880580348
0.9834766279
0.9793040481
0.9749525577
0.9711376076
0.9726880772
0.9864679965
0.9906266801
0.9994104646
1.0034741669
1.0025428444
0.9940104774
0.9856523060
0.9805230419
0.9829840018
0.9935781933
1.0007545174
0.9979875540
0.9912916665
0.9921057333
1.0016294020
1.0058318985
1.0055755694
0.9952451069
0.9928025343
0.9926119171
0.9909610032
0.9928999538
0.9968728850
0.9991725565
0.9943255450
0.9891719349
0.9879811957
1.0032269097
1.0042327843
0.9948801097
0.9816978976
0.9789117918
0.9885362959
0.9908577322
0.9843485066
0.9776970584
0.9763816542
0.9863930956
1.0038906685
0.9980062143
0.9961064294
0.9960476517
0.9938245353
0.9975776644
0.9932458760
0.9894033586
0.9862618464
0.9771913330
0.9586214853
0.9452732830
0.9418268283
0.9412623435
0.9335222595
0.9149083446
0.8862347221
0.8487673035
0.8209796221
0.8184585262
0.8379808149
0.8704812326
0.8931999233
0.8956533341
0.8999023409
0.9111190941
0.9163498237
0.9293185869
0.9632750665
0.9824459515
0.9840456181
0.9832476910
0.9946486563
1.0045509066
1.0063864237
1.0051127215
0.9997254110
0.9898288640
0.9725294403
0.9648560032
0.9567254713
0.9430690267
0.9463686604
0.9529202972
0.9571793649
0.9695404986
0.9840789079
0.9804524590
0.9785225925
0.9757629053
0.9674888592
0.9668309900
0.9658434443
0.9664107021
0.9755971323
0.9845293057
0.9883960327
0.9936774852
0.9973718368
0.9952129680
0.9913791354
0.9845170887
0.9885613214
0.9903832801
0.9948399752
0.9978643960
0.9966874241
0.9970515032
1.0002234339
0.9918349224
0.9828010510
0.9825832877
0.9926316338
1.0085021183
1.0155247257
1.0128514217
1.0116205937
1.0071963954
0.9953675466
0.9886673053
0.9878867360
0.9974310751
1.0051591860
1.0146969782
0.9992672499
0.9940789254
0.9956206791
0.9935276608
0.9946277276
0.9866056258
0.9931779612
0.9982931236
0.9877473696
0.9799244502
0.9844158491
0.9917207427
0.9923441462
0.9892378852
0.9951959810
1.0061618202
1.0029015025
0.9950040817
0.9912470837
0.9877299773
0.9877802080
0.9867180566
0.9990492457
1.0057829595
1.0008343447
0.9869618992
0.9926634601
1.0036948247
0.9999309302
0.9937077368
0.9878489329
0.9739734642
0.9580448765
0.9458940765
0.9358303372
0.9370206483
0.9493340847
0.9549479106
0.9570992729
0.9724347640
0.9860813119
0.9837855927
0.9915332624
1.0027073194
1.0123484015
1.0066883904
0.9971433993
0.9927182810
0.9962906390
0.9920161087
0.9916388189
0.9977494723
0.9996541869
0.9985781952
0.9972402998
0.9987867841
1.0028925213
1.0020748689
1.0053917470
1.0084547117
1.0131737325
1.0098267936
1.0150318991
1.0029916448
1.0041569250
1.0072957507
1.0003220591
1.0010910069
1.0003499044
0.9948783014
0.9925971038
0.9953095021
0.9967246845
0.9951236023
0.9969230584
0.9991587190
0.9932249467
0.9934119826
0.9867005588
0.9830735877
0.9925168988
0.9907025778
0.9915091822
0.9881579215
0.9968619652
1.0014009523
0.9977656433
0.9942908924
0.9973660922
0.9972474414
0.9944033562
0.9959985928
0.9942997435
0.9894286412
0.9836278369
0.9594790864
0.9104068946
0.8412682064
0.7815836166
0.7426015618
0.7446768547
0.8095394714
0.8892146096
0.9442592498
0.9697197186
0.9921594537
1.0118032423
1.0091569850
0.9934543217
0.9854596223
0.9820985671
0.9863660936
0.9941726615
0.9992863470
1.0028256500
1.0015219389
0.9946131357
0.9848740573
0.9862266210
0.9957871540
0.9941780553
0.9976465235
0.9901050771
0.9803829491
0.9715019411
0.9824739636
0.9989900933
0.9993184507
0.9956600216
0.9881056963
0.9853640825
0.9873310157
0.9912941667
1.0004520790
1.0082081363
1.0048640420
0.9991049573
1.0004495906
1.0023398208
1.0036600751
1.0079464944
1.0023153848
1.0039731711
1.0101996968
0.9938932546
0.9909012882
0.9952909687
0.9953452351
0.9808668446
0.9759398947
0.9814342629
0.9892949937
0.9896551784
0.9896165152
0.9946003369
0.9955665354
0.9965132061
0.9993849464
0.9935067732
0.9940919643
1.0070111764
1.0044605056
1.0096886518
1.0031993929
0.9957225944
0.9969685771
1.0069938612
1.0103479063
1.0058024169
1.0072308971
1.0065854581
0.9973479480
0.9880776908
0.9822139160
0.9840130112
0.9950045157
0.9991356883
0.9925139391
0.9904649970
0.9857287996
0.9879127759
0.9872313050
0.9888282335
0.9852300003
0.9842128400
1.0043929076
1.0105051044
1.0094553923
0.9995314043
1.0070006042
1.0070818735
0.9949279302
0.9853739323
0.9855084973
0.9879158087
0.9908973572
0.9943498180
0.9874110583
0.9837969692
0.9933748391
0.9955714867
0.9982659218
1.0038060397
0.9937522716
1.0024639621
1.0053165297
1.0006089139
1.0001135729
1.0024661486
1.0031743694
0.9921448578
0.9866016394
0.9919090766
0.9996459957
1.0055765332
1.0097445097
1.0123871498
1.0119309985
1.0056308419
0.9976654577
0.9976576031
1.0042096422
1.0003827797
0.9963296656
0.9969913038
0.9917142586
0.9955631803
1.0011631717
0.9974330889
1.0068724570
1.0149618831
1.0039836122
0.9897136420
0.9867238992
0.9905549961
0.9925569516
0.9967041379
1.0083760013
1.0128216048
1.0026372115
0.9949394751
0.9959255942
0.9952721059
0.9931702605
1.0042843460
1.0122662541
1.0123202031
1.0026593821
1.0018318716
1.0007707500
0.9998560244
0.9988506714
0.9960138307
0.9937055720
0.9914585519
0.9898512478
0.9937862753
0.9989507071
0.9951058716
0.9913270941
0.9998956275
1.0017672839
1.0033008484
1.0114916480
0.9992039385
0.9974101060
1.0015866287
0.9952623417
0.9848303637
0.9805174366
0.9785950139
0.9881686064
1.0011663396
1.0071333804
1.0125515246
1.0170900760
1.0086711047
0.9977098533
1.0004165905
1.0000508806
1.0002559942
1.0060158804
1.0088884586
1.0091378566
1.0000570340
0.9910496338
0.9885205580
0.9936663045
0.9988720402
0.9986666417
0.9897145204
0.9888109247
0.9953605339
1.0015864288
1.0042941364
1.0054007870
1.0056283543
1.0027543557
0.9980685528
0.9966146092
1.0004431830
1.0058607069
1.0074946540
0.9863934331
0.9955157039
1.0061833229
1.0040731422
0.9904587713
0.9906700743
0.9895667873
0.9886579144
0.9937253215
0.9993255667
1.0030859259
1.0020157401
0.9993945693
0.9937284168
0.9850665363
0.9838364197
0.9905262073
0.9985077641
0.9932141831
0.9909066374
0.9930323594
0.9893923814
0.9767049946
0.9883645996
1.0026182269
1.0000712951
1.0051511471
0.9979094540
0.9874282087
0.9807303512
0.9814844702
0.9940043958
1.0056892591
1.0079904656
1.0033886178
0.9987594968
1.0009536754
0.9992186237
1.0004424790
1.0005755916
1.0047103939
1.0075821421
1.0068819046
1.0137793844
1.0015136559
0.9872384267
0.9851792106
0.9928607344
1.0053756179
1.0066874782
0.9940520585
0.9814011470
0.9781609808
0.9838940398
0.9880840868
0.9895881053
0.9990648748
1.0057471052
1.0029381758
0.9978032728
0.9894275010
0.9964425024
1.0139498026
1.0102215620
1.0055422751
0.9985282097
0.9940779199
0.9833806077
0.9810073720
0.9909816324
1.0033834556
1.0027161332
0.9929997803
0.9902339229
0.9950404703
0.9952658957
0.9894628650
0.9882716903
0.9930951548
0.9914465082
0.9908338213
0.9982368859
1.0013176413
0.9935615807
0.9862398106
0.9821643443
0.9815568976
0.9787839208
0.9683760558
0.9755855613
0.9803835411
0.9799086980
0.9769364319
0.9833990685
1.0009857552
1.0022812473
0.9861760495
0.9899976945
1.0048234318
1.0011602259
0.9964921377
0.9972345308
0.9996897942
0.9934354631
0.9915100488
1.0029573386
0.9929122172
0.9939840051
1.0036020797
0.9999078112
0.9889299826
0.9873425817
0.9971407697
1.0085493700
1.0105191047
1.0037449196
0.9991759199
1.0025819270
1.0048483305
0.9865597846
0.9629965357
0.9355976351
0.8902596462
0.8497273983
0.7811557296
0.7519833061
0.7424670488
0.7598607197
0.8133165005
0.8870664367
0.9451978851
0.9729551506
0.9773291169
0.9768520583
0.9813928478
0.9918295478
0.9985326098
0.9942708161
0.9905485468
0.9840668850
0.9888995304
1.0064067747
1.0106838094
1.0048264123
1.0093472595
1.0056997931
1.0009981543
0.9851689662
0.9762870733
0.9876543737
0.9922424854
0.9927279128
0.9944614764
0.9912320043
0.9848604586
0.9810246547
0.9840835962
0.9912710663
0.9874114336
0.9746279759
0.9694778584
0.9769009047
0.9935238207
0.9984261110
0.9845745754
0.9769201078
0.9837348031
0.9824950780
0.9927138341
0.9956208299
0.9940390567
0.9876849158
0.9869316960
0.9899720955
0.9921320417
0.9902349661
0.9880322974
0.9895912983
0.9897820175
0.9899853422
0.9855239077
0.9876576309
0.9780766342
0.9788311409
0.9929744728
0.9925248284
0.9838275278
0.9738634925
0.9830033117
0.9902566594
0.9874551776
0.9761922447
0.9686647023
0.9696437632
0.9730959287
0.9749730283
0.9759776198
0.9714686516
0.9664560422
0.9790664190
0.9936091964
0.9979732820
0.9902870925
0.9874472771
0.9982489269
0.9998078406
0.9954885175
0.9898560150
0.9878515157
0.9909949954
0.9916231352
0.9915130621
0.9972649209
0.9971201061
0.9951089350
0.9961409479
0.9953416050
0.9926019165
0.9859404198
0.9786433639
0.9867013309
0.9868856302
0.9807236925
0.9723727157
0.9790010974
0.9857710430
0.9728359341
0.9841845707
0.9978624006
0.9983486402
0.9947241564
1.0003963486
1.0087024709
1.0086404399
1.0025681826
0.9967636168
0.9954972974
0.9981327503
0.9988055901
0.9984022365
0.9999093789
0.9926987296
0.9896790517
0.9955466314
0.9902610072
1.0023389188
1.0081091093
1.0036972287
0.9892095800
0.9891486512
0.9912461327
0.9962984582
1.0005031592
0.9941143300
0.9890274194
0.9905489216
0.9933525979
0.9916001409
0.9854547112
0.9829345069
0.9858878836
0.9902350685
0.9823144329
0.9753010035
0.9707743167
0.9741003481
0.9859594936
0.9928948654
0.9960644316
0.9960344314
0.9903211005
0.9921642106
0.9872601026
0.9861196162
0.9878368216
0.9920853743
0.9949154172
0.9916425888
0.9854435609
0.9833486429
0.9896417596
0.9900018192
0.9807420166
0.9826290050
0.9839145630
0.9830697057
0.9923523653
1.0022394590
1.0099272675
1.0057137743
1.0003636585
0.9966296198
0.9951175293
0.9905778689
0.9895780596
0.9920068282
0.9953629272
1.0011725226
1.0045927158
0.9968190589
0.9852904956
0.9861109894
0.9902754758
0.9976663186
0.9998844831
1.0067826031
1.0046952867
0.9962270262
0.9975101370
0.9968381203
0.9947499053
0.9888866955
0.9870652323
0.9886823923
0.9876579275
0.9858146537
0.9819669007
0.9831326675
0.9902895960
0.9922744116
