#flux
0.9973792977
0.9889671950
0.9841570490
0.9868399378
0.9833245942
0.9702617347
0.9653829474
0.9657564745
0.9785977509
0.9957101483
0.9976922086
1.0048419785
1.0105830305
1.0056686335
1.0040384404
1.0014761176
0.9977946712
0.9973405614
0.9984928296
0.9984982787
1.0011963699
1.0106531184
1.0176111332
1.0068481544
0.9859075047
0.9718850629
0.9536383999
0.9459531955
0.9503611974
0.9480263215
0.9665014862
0.9885462643
0.9885553377
0.9829677150
0.9755546151
0.9771343503
0.9874320018
0.9918577443
0.9859104212
0.9832657614
0.9871506683
0.9856112442
0.9798328398
0.9812636868
0.9902957733
0.9930720685
0.9967105111
1.0024999753
0.9941134165
0.9736253366
0.9663960957
0.9672345958
0.9735909303
0.9732112352
0.9725564715
0.9748801081
0.9758675144
0.9752046495
0.9774001586
0.9776837007
0.9604321787
0.9191658904
0.8653417435
0.8090137305
0.7565975158
0.7364330505
0.7498242563
0.7854046342
0.8352188123
0.8697951446
0.8888321142
0.8984940833
0.9157249651
0.9355558999
0.9442738935
0.9477093631
0.9531507962
0.9606406496
0.9692169657
0.9697148366
0.9618686133
0.9601952228
0.9650521167
0.9626160856
0.9552484749
0.9545456975
0.9490908886
0.9232575637
0.8858507031
0.8527716223
0.8259926886
0.8225901874
0.8390454864
0.8593910367
0.8840832768
0.9020446150
0.9089478286
0.9135485042
0.9141643238
0.9015691433
0.8869334858
0.8848636289
0.8911980717
0.9054406677
0.9293072170
0.9491095416
0.9562022915
0.9591776371
0.9620996595
0.9498441042
0.9354336650
0.9342906101
0.9159445620
0.8995700240
0.8995778680
0.9163571760
0.9350271976
0.9455979692
0.9553000596
0.9694341408
0.9824352087
0.9827674533
0.9736782214
0.9715161815
0.9692376760
0.9620551131
0.9555039120
0.9500843309
0.9489630955
0.9540661998
0.9443896813
0.9470800984
0.9429773014
0.9405122083
0.9397961939
0.9381399712
0.9347505920
0.9329600187
0.9333622801
0.9321332778
0.9331590678
0.9380122961
0.9387956299
0.9365234916
0.9376988746
0.9390648026
0.9447833582
0.9424114451
0.9327984386
0.9329089009
0.9341450084
0.9284699500
0.9341721386
0.9359075886
0.9414733189
0.9320364564
0.9134520405
0.8909450138
0.8670917442
0.8508083558
0.8462398661
0.8520776091
0.8680362324
0.8867854111
0.8971300733
0.9043071953
0.9141577324
0.9100414365
0.8967478325
0.8903232403
0.8888564629
0.8821991981
0.8732229933
0.8583410847
0.8397059483
0.8166473747
0.8061301750
0.8078565740
0.8234091656
0.8470039665
0.8623671210
0.8652613935
0.8636193663
0.8617655741
0.8641775427
0.8691908346
0.8589786856
0.8501344041
0.8476176163
0.8436853011
0.8419723180
0.8449791381
0.8395892926
0.8196850845
0.7998557208
0.7924080739
0.7855087193
0.7794577261
0.7676038370
0.7489604401
0.7248209774
0.6921397102
0.6471692588
0.5888217167
0.5265691324
0.4719441842
0.4134270530
0.3607799693
0.3182012014
0.2773921434
0.2476544483
0.2280434315
0.1991784669
0.1495005119
0.0810052474
0.0056917018
-0.045756587
-0.050464431
-0.011574537
0.0634745521
0.1573881346
0.2536641597
0.3428015704
0.4169805245
0.4788042860
0.5379830147
0.5946023208
0.6421211581
0.6844753230
0.7179228495
0.7346140611
0.7438195173
0.7517810261
0.7635054483
0.7787844611
0.7940870838
0.8072886224
0.8174702433
0.8250700320
0.8338412871
0.8435604420
0.8560663995
0.8641647295
0.8607859479
0.8571140955
0.8616735846
0.8787877019
0.8959183376
0.8962858393
0.8940736253
0.8974823005
0.9019554027
0.9002288064
0.9000184414
0.9064243437
0.9050273931
0.9003554452
0.8983672431
0.8989739545
0.9032506958
0.9100872870
0.9185381473
0.9229372489
0.9212849411
0.9190030856
0.9155274968
0.9161485624
0.9196664398
0.9212208429
0.9237187093
0.9296724185
0.9348345739
0.9353211589
0.9298758417
0.9386686758
0.9414976902
0.9440926888
0.9518037086
0.9526972377
0.9468634982
0.9386821757
0.9338352904
0.9418876416
0.9567080729
0.9582120312
0.9477920254
0.9440937078
0.9465167391
0.9432280898
0.9461783993
0.9572552887
0.9580364855
0.9543560634
0.9567457071
0.9582850879
0.9539813836
0.9510635715
0.9639996693
0.9765342204
0.9727246299
0.9663714567
0.9665553042
0.9656603841
0.9651990504
0.9727037956
0.9785153558
0.9707345254
0.9620259036
0.9672356388
0.9675459135
0.9582000340
0.9618764951
0.9702411525
0.9638562762
0.9494329312
0.9162698599
0.8670153304
0.8091292877
0.7494988619
0.7084297093
0.7005482710
0.7260854990
0.7779176535
0.8417037166
0.8996470354
0.9368836728
0.9478333679
0.9496547138
0.9492818276
0.9473597642
0.9500076803
0.9544130709
0.9519487237
0.9543349995
0.9476672132
0.9560954845
0.9675051596
0.9780400639
0.9772187019
0.9739589742
0.9734954014
0.9734782442
0.9699316286
0.9581796276
0.9446339333
0.9398034790
0.9373857350
0.9374415950
0.9464707472
0.9506536198
0.9522991684
0.9509682856
0.9488699609
0.9449442348
0.9513988870
0.9686198816
0.9774346391
0.9782497854
0.9806491786
0.9859261181
0.9671229190
0.9438203025
0.9457980552
0.9567294591
0.9612140125
0.9725682441
0.9868644733
0.9877183108
0.9842137542
0.9927617713
0.9983566978
0.9936618616
0.9802003922
0.9792468816
0.9767415904
0.9701356092
0.9533228249
0.9211794169
0.8843312004
0.8562028556
0.8481153067
0.8665255610
0.9030974842
0.9410504429
0.9699694091
0.9854932750
0.9887151039
0.9916119383
0.9974761237
0.9965105527
1.0003096521
1.0051281354
1.0013640815
0.9970290291
0.9979375592
0.9962433020
0.9937941295
0.9962001368
0.9933260063
0.9865710754
0.9699853169
0.9399125231
0.9045671661
0.8768722653
0.8684027472
0.8852564347
0.9213962668
0.9602310564
0.9860326535
0.9939165189
0.9912721092
0.9935890533
0.9987080445
0.9713998630
0.9232825232
0.8653973954
0.8148851499
0.8089769166
0.8349968355
0.8617228698
0.8867843181
0.9188528058
0.9493422924
0.9672591233
0.9739650163
0.9795433718
0.9915126531
1.0031960071
1.0058703366
1.0006308386
0.9948120174
0.9871021659
0.9890190793
0.9928551753
0.9896124926
0.9911508558
0.9919085929
0.9840014833
0.9757834449
0.9740390613
0.9780579001
0.9806862249
0.9826825220
0.9902383188
0.9978941016
1.0003477011
1.0041258165
1.0089623218
1.0114143701
1.0130666106
1.0105436722
1.0038220129
0.9993695620
0.9921513570
0.9847245274
0.9632233196
0.9215352505
0.8871698022
0.8721339884
0.8650058016
0.8680726981
0.8887958719
0.9187712979
0.9481821845
0.9768766624
0.9951066925
0.9956462870
0.9961182236
1.0000834759
0.9979554338
0.9941232256
0.9922120868
0.9975678817
0.9963307792
0.9909499455
0.9907684814
1.0008619400
1.0081292499
1.0000486687
0.9964865313
0.9944210658
0.9922545861
0.9938881158
1.0048034093
1.0165414206
1.0187066109
1.0132058467
1.0058195854
1.0068299892
1.0105781927
1.0065178694
0.9993603174
1.0010343138
1.0109564827
1.0127262129
1.0024757383
1.0018660409
0.9971463765
0.9996954952
0.9989329086
0.9870039335
0.9747919358
0.9652083249
0.9608131441
0.9687217522
0.9837235217
0.9943016962
1.0028636240
1.0115178143
1.0108634973
1.0134243440
1.0145402485
1.0023355832
1.0008696323
1.0033048415
0.9945754343
0.9730597085
0.9550225604
0.9332680427
0.9085783900
0.8969860054
0.9078824150
0.9340549512
0.9601082708
0.9770878095
0.9851146909
0.9842160380
0.9790411572
0.9838801649
0.9950676624
0.9950030800
0.9968667487
0.9942120257
0.9939902262
0.9977842262
0.9989467087
0.9998370895
1.0041111940
1.0089819834
1.0088782008
1.0029775314
0.9998515975
0.9966972112
0.9939815859
0.9930102883
0.9945152032
1.0004285095
1.0065576629
1.0076835665
1.0072861069
1.0084414423
1.0082646648
1.0032584914
0.9935032131
0.9861849825
0.9898323991
0.9924668487
0.9837275765
0.9771232034
0.9592502585
0.9394308305
0.9274774110
0.9265712637
0.9388554456
0.9587567552
0.9750245600
0.9835979967
0.9872441454
0.9870951452
0.9858204226
0.9884062707
0.9949535390
1.0008644737
0.9938525388
0.9840968288
0.9900253680
0.9813141840
0.9765699234
0.9813779948
0.9915101584
0.9938833776
0.9954862342
0.9967107268
1.0042323479
1.0186613836
1.0235332204
1.0135608123
1.0054500625
1.0107396820
1.0221619135
1.0218040224
1.0090539486
1.0018908377
0.9986038237
1.0001232955
1.0035141197
0.9980065474
0.9989820611
1.0033791712
1.0104804483
1.0088830325
0.9898944296
0.9582041213
0.9151896722
0.8671277602
0.8393502367
0.8433866381
0.8722036656
0.9167123028
0.9519966180
0.9733884097
0.9946440942
1.0129148715
1.0060475129
1.0052280437
1.0038571940
0.9996330151
1.0007148915
1.0033355545
1.0014641818
0.9955633141
0.9829023114
0.9651652090
0.9625067048
0.9723354268
0.9724740045
0.9604710865
0.9545803824
0.9613355062
0.9725500606
0.9870547461
0.9942173070
0.9975510518
1.0031042398
1.0091061559
1.0085354447
1.0092602393
1.0071983687
1.0019461775
1.0084045741
1.0155884194
1.0152581243
1.0179615199
1.0155194791
1.0143642177
1.0150741581
1.0143677568
1.0162234962
1.0174195493
1.0157267165
1.0144192190
1.0136910969
1.0140433518
1.0137560531
1.0030363660
0.9920287255
0.9946607444
1.0019497318
1.0075947028
1.0088162128
1.0121436432
1.0146385037
1.0157084793
1.0140639185
1.0069967273
0.9991798270
0.9946669380
0.9964727697
1.0081209937
1.0193173846
1.0165607993
1.0105777113
1.0101739625
1.0081593760
1.0019893497
0.9990024467
1.0004289679
1.0027295159
1.0043840715
1.0028502627
1.0120860244
1.0184769816
1.0115048158
1.0080002316
1.0083510736
1.0048440021
0.9944497210
0.9834621879
0.9726726391
0.9595339854
0.9627310149
0.9765564450
0.9913804599
1.0027457409
1.0062932942
1.0024579926
0.9988514740
1.0021276073
1.0000631382
0.9974433513
1.0063907452
1.0269692893
1.0261409365
1.0068580895
0.9904080741
0.9737466933
0.9492371736
0.9220436536
0.9053574284
0.9053817415
0.9045380075
0.8850059311
0.8428300323
0.7843757303
0.7217627441
0.6776803921
0.6774654768
0.7258570967
0.8094420466
0.8919297954
0.9394195919
0.9604814453
0.9741321710
0.9809468632
0.9843184961
0.9853927354
0.9757051979
0.9464089137
0.8915187736
0.8160308984
0.7488043788
0.7195444265
0.7342298437
0.7924687966
0.8649562931
0.9284812365
0.9735373899
0.9877838440
0.9918684946
0.9974740111
0.9950111636
0.9894604775
0.9906235468
0.9907824258
0.9902720471
0.9901238950
0.9896166464
0.9904307502
0.9957729879
1.0023957703
1.0053971268
1.0091849492
1.0048502454
1.0000697546
1.0006949569
1.0027564698
1.0006652442
1.0017390637
1.0106839455
1.0170151796
1.0155622317
1.0071828156
0.9936018307
0.9857150308
0.9862516826
0.9853109957
0.9882412376
0.9937618872
0.9926527665
0.9878544353
0.9872636582
0.9926215717
0.9858206339
0.9846715677
0.9967764818
1.0120152644
1.0157103354
1.0073212769
0.9986715705
0.9913604657
0.9815217519
0.9757759632
0.9734642380
0.9723807612
0.9819215656
0.9925972863
0.9998915223
1.0081310063
1.0037884134
0.9723619086
0.9242669554
0.8790254952
0.8571482872
0.8624665879
0.8906280213
0.9301510745
0.9726032343
1.0006897879
1.0164372160
1.0171437295
1.0140760689
1.0142018866
1.0074944995
0.9915259851
0.9771823101
0.9718014531
0.9668065513
0.9503460795
0.9267865410
0.9101191564
0.9088403529
0.9250014812
0.9500679601
0.9731280158
0.9935793828
0.9984790178
0.9755091175
0.9594353031
0.9549084731
0.9636398534
0.9738068050
0.9778754396
0.9888616760
0.9965281970
1.0020898387
1.0051423945
1.0019043923
0.9989846908
1.0030530896
1.0052914711
1.0009095435
1.0016269494
1.0059513255
1.0079603909
1.0153109486
1.0089431555
0.9960972745
0.9928248647
1.0093009110
1.0105243324
1.0026225236
1.0029059422
1.0134276549
1.0168276029
1.0158319388
1.0172061130
1.0110921008
1.0065248233
1.0091003829
1.0047080163
0.9935172950
0.9888110787
0.9894294278
0.9887979976
0.9967514370
1.0093600975
1.0161881896
1.0079118943
0.9996101777
1.0022190585
1.0045906580
1.0112459378
1.0202247121
1.0197717620
1.0100171303
1.0056286695
1.0074545201
1.0104089228
1.0085811070
1.0039775574
1.0072001251
1.0133094420
1.0058015733
0.9920752735
0.9934120098
1.0089461152
0.9992806451
0.9810910393
0.9798493864
0.9927956505
1.0027097572
1.0110774024
1.0191489387
1.0148065337
1.0075851502
1.0030301827
0.9991762326
0.9987714368
0.9989582055
0.9936380641
0.9908458422
1.0003501989
1.0097163127
1.0041402296
0.9944866534
0.9943257659
1.0028215103
1.0138596486
1.0195076179
1.0290282695
1.0163789385
1.0006788496
0.9875624366
0.9720524029
0.9607723942
0.9409396776
0.9109672353
0.8687564105
0.8209729811
0.7941074621
0.8021722989
0.8341678120
0.8808981564
0.9345493802
0.9823908660
1.0004728546
1.0060188220
1.0091939467
1.0003864339
0.9939843821
0.9936057688
0.9908539251
0.9893196112
0.9891146355
0.9829350794
0.9703075082
0.9621804128
0.9661517495
0.9718202673
0.9732454700
0.9747059124
0.9785853637
0.9846311924
0.9836008974
0.9781213984
0.9840276635
0.9973792228
1.0123063120
1.0034174078
1.0067403308
1.0049073959
1.0009214721
0.9998760088
1.0035428300
1.0044906220
0.9999659356
0.9895271969
0.9791938749
0.9703942859
0.9658774742
0.9670184861
0.9688826776
0.9725544644
0.9807062010
0.9889176653
0.9965752842
0.9995417175
0.9937424650
0.9898574095
0.9934259883
1.0005960507
1.0090464835
1.0080558786
0.9936677437
0.9724835394
0.9483045698
0.9299201076
0.9275110142
0.9359514350
0.9559218989
0.9829277578
1.0032480734
1.0141825224
1.0157051782
1.0184206362
1.0143636713
1.0021986059
0.9988003005
0.9966109995
0.9956015008
0.9825194692
0.9518864278
0.8959750405
0.8288708889
0.7802762622
0.7649599247
0.7877060926
0.8300600821
0.8817171926
0.9276659883
0.9494165194
0.9476274978
0.9389803624
0.9352151743
0.9293562032
0.9312746891
0.9512489692
0.9746736625
0.9894135395
0.9936692105
0.9946326510
1.0010121873
1.0068857756
1.0130794816
1.0201991766
1.0175144133
1.0102303993
1.0046593791
1.0026657503
1.0041370298
1.0082785352
1.0111426074
1.0098803463
1.0066953765
0.9999249263
0.9935577725
1.0000495093
1.0137435659
1.0155096347
1.0151551828
1.0119171397
1.0194458729
1.0161584675
1.0252975063
1.0290180870
1.0284869048
1.0300163938
1.0254300455
1.0191383425
1.0139833585
1.0130617972
1.0112410732
1.0019940635
0.9985778653
0.9965588191
0.9873392844
0.9921151142
0.9899288432
0.9950838750
1.0083012722
1.0033810236
1.0057769058
1.0116406618
1.0054715173
0.9971417044
1.0020805400
1.0122174140
1.0152887624
1.0177900428
1.0205649568
1.0169111082
1.0102637955
1.0070449265
1.0038304047
0.9939997227
0.9766277908
0.9622155884
0.9552636502
0.9525191956
0.9619761427
0.9727784736
0.9702519676
0.9634379034
0.9594366430
0.9546131342
0.9527645729
0.9671865075
0.9880862899
1.0019285531
1.0099138312
1.0139054005
1.0096230264
1.0049835463
1.0088283119
1.0103550488
1.0105896870
1.0064785508
1.0036029680
0.9980132052
1.0089045543
1.0087101617
1.0047910966
1.0011385808
1.0161017570
1.0241838653
1.0155068413
1.0039990435
1.0006946924
1.0063947305
1.0102418781
1.0111701455
1.0106480530
1.0051032365
1.0000498602
1.0042455346
1.0120444188
1.0053435197
0.9938165816
0.9911301659
0.9912493973
1.0000319218
1.0121799869
1.0034044504
0.9926811628
0.9914645168
0.9968067910
0.9947740492
0.9973357437
1.0096583650
1.0148086042
1.0141959016
1.0155324453
1.0112847949
1.0021844528
0.9975311947
0.9922586683
0.9882245634
0.9945253525
0.9948038528
0.9952748464
1.0010830779
1.0083145387
1.0114819845
1.0058082586
0.9940914378
0.9923181315
0.9971790415
0.9957850816
0.9892764828
0.9821096433
0.9804533798
0.9838141307
0.9890819157
0.9967911858
1.0022498370
0.9998458070
0.9919670047
0.9888043234
0.9886211562
0.9832701752
0.9817416721
0.9847952785
0.9971767056
1.0077948781
1.0091328131
1.0046465265
1.0024487697
1.0111710940
1.0184656757
1.0134617985
1.0038675573
0.9994573819
1.0001023983
1.0027821387
1.0039953900
1.0010294321
1.0000578793
0.9997114039
0.9945588096
0.9907326787
0.9879580546
0.9888980600
0.9989840844
1.0040264087
1.0020618831
1.0093487657
1.0161993656
1.0132792310
1.0064701886
1.0070179185
1.0158006606
1.0208185702
1.0130710702
1.0053370433
1.0067356551
1.0031506152
1.0032781766
1.0106835714
1.0140097185
0.9980562083
0.9955238062
1.0032696535
1.0006146519
0.9997577021
1.0008345978
1.0013773728
1.0037468004
1.0020449584
0.9995894287
1.0040702778
1.0088966867
1.0084242110
1.0040222284
1.0008785357
1.0017811812
1.0012340247
1.0009832003
1.0042331294
1.0076404197
1.0047287373
1.0028088236
0.9984284891
0.9941810077
0.9942573475
0.9972865134
1.0004382028
1.0021415411
1.0043758320
1.0010650805
0.9981149054
0.9965241067
0.9989277903
1.0023417914
1.0055304313
1.0118134482
1.0112357322
1.0017156854
0.9953681086
0.9949376184
0.9952628412
0.9975919867
0.9949664741
0.9997000336
1.0007421105
0.9927011093
0.9934841021
1.0024288455
1.0029567123
0.9978932682
0.9983196581
0.9936966643
0.9787180086
0.9720461362
0.9799247746
0.9905420687
0.9996881878
1.0005794482
0.9938282358
0.9891975636
0.9845283413
0.9837706654
0.9817996739
0.9912060646
1.0036238779
1.0099318894
0.9951799483
0.9716904037
0.9538424579
0.9383278417
0.9232762925
0.9149027927
0.9163214085
0.9287235799
0.9517350227
0.9738445048
0.9827203273
0.9837314464
0.9846309923
0.9883684616
0.9957605397
1.0010917992
1.0007184525
0.9975889296
0.9862527470
0.9848348336
0.9953686103
1.0008727776
0.9987759421
0.9947274224
0.9913200107
0.9950917141
0.9998074699
0.9978732967
0.9924785563
0.9924026189
0.9968961823
0.9946260794
0.9897445198
0.9877654731
0.9865806898
0.9925281089
1.0000848213
1.0007119920
1.0009651166
0.9950053822
0.9925716133
0.9972737720
0.9963890158
0.9862935576
0.9616117337
0.9275872336
0.8987562020
0.8870567659
0.8911530346
0.9075814264
0.9359763733
0.9616601909
0.9689500127
0.9704395744
0.9727346516
0.9758718600
0.9865600574
0.9980471773
0.9994240247
0.9894543026
0.9900747120
0.9888234337
0.9967002135
1.0013362651
1.0007869686
1.0018766260
1.0024914704
0.9969892291
0.9895396899
0.9821091070
0.9791235856
0.9865941400
0.9863129791
0.9806478600
0.9819490673
0.9892312581
1.0003164997
0.9925762392
0.9951815300
0.9961991691
0.9848771112
0.9842379845
0.9870640707
0.9840961764
0.9809152330
0.9823959336
0.9815429641
0.9692445062
0.9622486125
0.9695040963
0.9718547467
0.9705690875
0.9820523505
0.9901986487
0.9933222195
1.0042457128
1.0014256126
0.9919656305
0.9885932901
0.9997686815
0.9999091074
0.9921851133
0.9884582316
0.9753552179
0.9697456351
0.9687125851
0.9660404495
0.9674865018
0.9751240980
0.9781288709
0.9730702502
0.9720583823
0.9788485576
0.9843754732
0.9806361218
0.9666103744
0.9572993897
0.9608571023
0.9647850143
0.9614606962
0.9544850990
0.9477863856
0.9499350308
0.9660775232
0.9788431508
0.9757272846
0.9664522082
0.9529598952
0.9368972364
0.9309366064
0.9396346540
0.9548985432
0.9677717677
0.9709554364
0.9777797263
0.9926263169
0.9967309623
0.9966133091
0.9983607992
0.9964212781
0.9737413953
0.9422129730
0.9164288787
0.8997669831
0.8850748446
0.8746589831
0.8677761068
0.8555629520
0.8327609719
0.8038170519
0.7776143357
0.7635517562
0.7736151807
0.8096512440
0.8402784947
0.8391273211
0.8200853199
0.8031974605
0.8071433903
0.8403107195
0.8850082252
0.9181206337
0.9412812574
0.9485588026
0.9429881826
0.9362318032
0.9388102413
0.9488375203
0.9554963035
0.9579078592
0.9509552525
0.9226236252
0.8865840545
0.8693703929
0.8735894995
0.8988647695
0.9355169789
0.9610920259
0.9697069327
0.9699565657
0.9594433065
0.9465520685
0.9442208947
0.9384773768
0.9472685787
0.9633858108
0.9707255205
0.9710269070
0.9723951263
0.9777597538
0.9891641868
0.9972166778
0.9939542623
0.9909819559
0.9836875959
0.9896969146
0.9926441626
0.9830402411
0.9827594154
0.9845851491
0.9972856980
1.0024797442
0.9968444684
0.9909788638
0.9914456509
0.9846717223
0.9774345322
0.9799529615
0.9836579253
0.9800955656
0.9781129350
0.9878345668
1.0014118287
1.0057864867
1.0015841238
0.9891145740
0.9803482075
0.9882946609
0.9891281163
0.9854450974
0.9723166057
0.9762924611
0.9701059645
0.9706085921
0.9746174896
0.9748667061
0.9699069243
0.9727125450
0.9819747584
0.9799926384
0.9806308422
0.9877208103
0.9831490851
0.9837500730
0.9871539854
0.9863248252
0.9840775551
0.9863141138
0.9832277930
0.9840866616
0.9826182324
0.9871475217
0.9844074766
0.9773761338
0.9739271629
0.9680995097
0.9535739714
0.9309794607
0.9093281167
0.8884782716
0.8705523962
0.8621382030
0.8611972914
0.8691367986
0.8923625787
0.9187897687
0.9408923522
0.9591190820
0.9789262203
0.9901231280
0.9958981389
0.9931425832
0.9892383923
0.9843052275
0.9797858232
0.9748674385
0.9744900315
0.9805159600
0.9844758144
0.9854139282
0.9891514126
0.9957815895
0.9963788528
0.9838521661
0.9696356017
0.9717155334
0.9830665046
0.9870723327
0.9895998252
0.9942288161
0.9848727251
0.9828491814
0.9855371708
0.9914525879
0.9884162733
0.9905276075
0.9905238272
0.9941900859
0.9954334082
0.9910257600
0.9859462977
0.9849041270
0.9859305736
0.9848143097
0.9841470902
0.9835786060
0.9846269644
0.9794943398
0.9738586774
0.9762152171
0.9817730525
0.9814650905
0.9758830197
0.9769426033
0.9783033626
0.9825763750
0.9827674625
0.9814748969
0.9792715962
0.9771461585
0.9678080826
0.9372012427
0.8778392003
0.7937381654
0.7082669401
0.6641300326
0.6812927840
0.7410880948
0.8277365335
0.8990321360
0.9373442506
0.9603457761
0.9693931625
0.9705383907
0.9693068008
0.9658265393
0.9640540449
0.9650560836
0.9732785188
0.9808955757
0.9828880670
0.9808155163
0.9754382903
0.9738547467
0.9807044120
0.9830694178
0.9776291829
0.9683761087
0.9630769627
0.9596496623
0.9517211251
0.9463934479
0.9554464312
0.9574890311
0.9548563388
0.9611902617
0.9746295197
0.9873850827
0.9901060231
0.9862666472
0.9795436159
0.9780658115
0.9856323694
0.9859061698
0.9725193859
0.9671860162
0.9720044247
0.9732521991
0.9687324834
0.9687844089
0.9812769755
0.9884232489
1.0020315057
0.9926105112
0.9810178757
0.9775105952
0.9732784369
0.9607767287
0.9511607395
0.9428216003
0.9304987793
0.9275974605
0.9421650760
0.9597354137
0.9702848371
0.9764734850
0.9767184237
0.9831003644
0.9981439386
1.0020381437
0.9892743632
0.9779719883
0.9841652167
0.9832217176
0.9835884604
0.9657152218
0.9581027368
0.9605102720
0.9541550409
0.9416740725
0.9335144370
0.9354412782
0.9468040409
0.9584892741
0.9655490072
0.9734097535
0.9799763633
0.9837810059
0.9814510214
0.9744776570
0.9862484672
0.9870186953
0.9937884945
0.9824409513
0.9782954478
0.9912155652
0.9991257522
0.9968046448
0.9894286798
0.9905666994
0.9863905588
0.9743401210
0.9693194300
0.9697626337
0.9710778338
0.9781514858
0.9824811271
0.9859731495
0.9937216318
0.9864937830
0.9848059452
0.9810824973
0.9851777750
0.9766004590
0.9733631613
0.9767235376
0.9797980764
0.9774056116
0.9737535270
0.9744098290
0.9742263897
0.9728851197
0.9773985712
0.9862321555
0.9922163088
0.9946692120
0.9939484268
0.9879740407
0.9743920958
0.9665567983
0.9599677381
0.9723279457
0.9814219026
0.9867901176
0.9811147031
0.9810377210
0.9813281117
0.9827800131
0.9857686624
0.9933888455
0.9946126584
0.9877483342
0.9846826889
0.9889530802
0.9874869021
0.9796325761
0.9833054784
0.9804320746
0.9637777066
0.9572313350
0.9618747208
0.9649929145
0.9723117486
0.9879681938
0.9871205790
0.9858237863
0.9898759082
0.9921241550
0.9852257444
0.9831154630
0.9754788245
0.9670809384
0.9705604716
0.9742119865
0.9683766143
0.9626479704
0.9619652869
0.9681892632
0.9745623357
0.9768473884
0.9769560777
0.9755390501
0.9658462125
0.9678278697
0.9465248052
0.9355443522
0.9379971337
0.9479209619
0.9593494958
0.9695370286
0.9733885897
0.9738302172
0.9766229196
0.9822741363
0.9823358545
0.9763840129
0.9752318606
0.9742521176
0.9850787803
0.9919054828
0.9830374558
0.9723834875
0.9765078329
0.9895927529
0.9988628339
0.9915389684
0.9817776735
0.9806495889
0.9775115469
0.9734263394
0.9722318051
0.9706442569
0.9724657912
0.9713906071
0.9656791143
0.9670019840
0.9710835173
0.9710492021
0.9657166496
0.9763886929
0.9856477269
0.9919676738
0.9907821707
0.9782808715
0.9804214184
0.9826011629
0.9720298054
0.9813041990
0.9855125990
0.9763102598
0.9678190223
0.9732716951
0.9785396668
0.9751734675
0.9729339325
0.9734411311
0.9727902323
0.9743228499
0.9780590559
0.9803101926
0.9909493938
0.9883616151
0.9771157535
0.9888120713
0.9948427050
0.9909366678
0.9808782732
0.9770042510
0.9812140862
0.9860566874
0.9961844549
1.0008895899
0.9948154910
0.9888262559
0.9830324101
0.9821226442
0.9951871500
1.0015007368
0.9991660143
0.9913953308
0.9962606234
0.9979773962
0.9879917057
0.9889841816
0.9951739638
0.9941057460
0.9953982554
0.9958712502
0.9926519049
0.9916703086
0.9923828585
0.9903728756
0.9857859030
0.9812887617
0.9814348985
0.9847375654
0.9841048117
0.9785841087
0.9710221004
0.9748378745
0.9774534759
0.9730230207
0.9761899166
0.9686543650
0.9734998915
0.9755995124
0.9657354759
0.9576693067
0.9666711151
0.9850118006
0.9898614566
0.9898770282
0.9937103499
0.9939574539
0.9908535443
0.9911231078
0.9912410924
0.9895368414
0.9897271875
0.9820326609
0.9814758568
0.9767174724
0.9725121967
0.9616373372
0.9467404843
0.9271097539
0.9168326789
0.9164545828
0.9216991391
0.9274127509
0.9394059268
0.9528573264
0.9680750644
0.9797257283
0.9820409806
0.9808222773
0.9807498951
0.9814285331
0.9865124741
0.9934740744
1.0011032193
1.0016768720
0.9918176199
0.9853954817
0.9875477215
0.9820119624
0.9820969599
0.9847741844
0.9856178757
0.9906259762
0.9905734439
0.9860124731
0.9879565939
0.9904257259
0.9863461137
0.9848378642
0.9839953333
0.9709204077
0.9489426675
0.9111418966
0.8621281754
0.8170656544
0.7666986416
0.7053382571
0.6763983646
0.6789361649
0.7021499283
0.7589239662
0.8460986747
0.9232933446
0.9516603424
0.9562670816
0.9678012043
0.9780332031
0.9804456695
0.9824188151
0.9806395722
0.9706632695
0.9592772861
0.9516929327
0.9627282625
0.9845022797
0.9746164283
0.9706997392
0.9785372642
0.9867589943
0.9881527519
0.9863014249
0.9805417999
0.9813801237
0.9713027404
0.9652614676
0.9603386779
0.9558784064
0.9546256447
0.9517800763
0.9504234491
0.9583024254
0.9694358592
0.9760043715
0.9791979948
0.9885085131
0.9804499330
0.9741961509
0.9740557873
0.9820046772
0.9792372209
0.9822968249
0.9963981208
0.9978374055
0.9852056066
0.9845004915
0.9922634115
0.9924866909
0.9876021241
0.9780762696
0.9655704405
0.9557434710
0.9475223896
0.9541688487
0.9707790220
0.9834347186
0.9840445047
0.9782535829
0.9733413168
0.9797376343
0.9887356338
0.9856166590
0.9789889740
0.9629614332
0.9475086745
0.9375094722
0.9384363996
0.9439516286
0.9401853811
0.9268249927
0.9181726744
0.9256141422
0.9438513554
0.9571630148
0.9639042042
0.9703464933
0.9814271163
0.9760961294
0.9712952423
0.9610458679
0.9547747116
0.9560938613
0.9508944655
0.9582840565
0.9593090441
0.9647118730
0.9708512256
0.9732045156
0.9707635562
0.9663777674
0.9621650936
0.9616020223
0.9701745503
0.9785499897
0.9733363161
0.9628311323
0.9589391204
0.9595571713
0.9680503319
0.9750607443
0.9831034765
0.9854296313
0.9903544227
0.9918822381
0.9883308336
0.9872987087
0.9912655045
0.9947431952
0.9923546696
0.9867170251
0.9902825215
0.9996897687
0.9961409110
0.9871946158
0.9902108133
0.9942047749
0.9913503243
0.9829251759
0.9791979935
0.9911889224
0.9904296720
0.9913614950
0.9951334215
0.9987321090
0.9929644075
0.9837278094
0.9806175408
0.9850707974
0.9878372660
0.9924937711
1.0026835884
1.0044598206
0.9957304802
0.9913101414
0.9855634024
0.9759906751
0.9623581419
0.9597650992
0.9752186376
0.9732702261
0.9622097108
0.9694854993
0.9810234342
0.9786469598
0.9736404952
0.9746576268
0.9781447957
0.9703040073
0.9568427506
0.9539043817
0.9616112269
0.9694368638
0.9715065295
0.9739204514
0.9837235995
0.9798259250
0.9738926136
0.9818313682
0.9847784259
0.9909734320
1.0014139055
1.0049494573
0.9958637517
0.9974277139
0.9998916295
1.0026622136
0.9969624267
0.9836886867
0.9788683855
0.9841596762
0.9841356160
0.9822458844
0.9896702138
0.9941267088
0.9901605079
0.9908816777
0.9956739763
0.9926770031
0.9861171359
0.9826788486
0.9809520147
0.9992036972
1.0018064717
0.9940826392
0.9921197605
0.9968877847
1.0027631271
1.0016408666
0.9995169608
0.9997847190
0.9981428302
0.9998321885
1.0052166608
