#flux
0.8261363593
0.8337199755
0.8390820770
0.8468036559
0.8558027963
0.8644407313
0.8811431620
0.9022525596
0.9204377113
0.9329015344
0.9392739984
0.9427237999
0.9515089542
0.9518664514
0.9525932356
0.9429489966
0.9399524579
0.9333616330
0.9156022271
0.8927273076
0.8717366348
0.8488521816
0.8215244340
0.7983511492
0.7711617390
0.7421095102
0.7221076296
0.7070036528
0.6993955200
0.7055590532
0.7273170992
0.7594734448
0.7956925583
0.8417354808
0.8764376216
0.9133310437
0.9334468339
0.9418419429
0.9511912757
0.9547706782
0.9466417745
0.9354494454
0.9225369180
0.9188022487
0.9182163003
0.9149682517
0.9118379864
0.9101955848
0.9122335976
0.9156138447
0.9183978261
0.9209303305
0.9231156885
0.9256401351
0.9414324752
0.9472641946
0.9522588162
0.9628078604
0.9614058869
0.9502715104
0.9352350481
0.9197829613
0.9038753325
0.8795156551
0.8537014258
0.8238341254
0.7877220167
0.7480228849
0.7041591857
0.6650123470
0.6391822542
0.6282607532
0.6260453229
0.6326163280
0.6595979694
0.6907016043
0.7467814437
0.7960539826
0.8469938595
0.8976161570
0.9252416702
0.9372340226
0.9471999070
0.9536256062
0.9590790494
0.9528734593
0.9453102259
0.9410615551
0.9297658553
0.9189962402
0.9123201442
0.9076890379
0.8919855135
0.8626586170
0.8279612068
0.7847369356
0.7287026610
0.6702385712
0.6168509116
0.5612641087
0.5088863720
0.4737790300
0.4606091435
0.4716661504
0.5081174831
0.5664442491
0.6434847204
0.7283933404
0.8087878303
0.8774553448
0.9287684317
0.9657387973
0.9898657948
1.0004404197
1.0020017085
0.9972858313
0.9870846498
0.9807661531
0.9786362111
0.9653602983
0.9516038094
0.9437681212
0.9394325333
0.9410580689
0.9469084007
0.9590692363
0.9732248723
0.9730763635
0.9581829808
0.9362857478
0.9091039802
0.8865934857
0.8673839549
0.8519022252
0.8482777000
0.8460626442
0.8584700558
0.8831532968
0.9009001396
0.9210537282
0.9384248269
0.9475382186
0.9466805834
0.9433191511
0.9336991942
0.9240027718
0.9195143018
0.9271740482
0.9479737587
0.9728129084
0.9990285013
1.0212294469
1.0192519836
1.0015992300
0.9870168638
0.9613870769
0.9309719724
0.8988623661
0.8699902616
0.8606955574
0.8667556809
0.8724691370
0.8839815188
0.9106347831
0.9368244952
0.9496455171
0.9460883636
0.9379822030
0.9312468581
0.9252207106
0.9212237153
0.9174086677
0.9121770492
0.9097252019
0.9111438763
0.9123200637
0.9276249004
0.9457904839
0.9405040198
0.9449111734
0.9667856020
0.9913281656
1.0083927706
1.0255026504
1.0447007539
1.0525148947
1.0579782005
1.0655184475
1.0741564390
1.0843200071
1.0974146184
1.1080538907
1.1132389902
1.1194656904
1.1104452419
1.0887631401
1.0719523390
1.0562207625
1.0422452420
1.0115709835
0.9792447875
0.9387665311
0.8971921070
0.8681257066
0.8493769849
0.8235868469
0.7816495442
0.7345231522
0.6979729653
0.6718087650
0.6453307125
0.6174458423
0.5979229000
0.5877099225
0.5795996231
0.5804918154
0.5818252770
0.5897110817
0.6019322837
0.6136728053
0.6295462786
0.6505745645
0.6731592281
0.6892801308
0.7085226901
0.7246409731
0.7413497667
0.7680513617
0.7964584339
0.8153901705
0.8261695416
0.8329707849
0.8355533813
0.8371650062
0.8443098896
0.8582880061
0.8814241086
0.9046036207
0.9226787735
0.9375129441
0.9457122907
0.9595421972
0.9653284546
0.9676486107
0.9728681762
0.9697489560
0.9630221857
0.9587908903
0.9583227659
0.9589380908
0.9643148749
0.9726612243
0.9747704477
0.9696716647
0.9616001652
0.9510320396
0.9398640960
0.9304170029
0.9245498649
0.9231449115
0.9063048902
0.8897258168
0.8764727429
0.8593165849
0.8564078510
0.8617040537
0.8816641105
0.9099698840
0.9373820862
0.9629705609
0.9863593278
1.0039898787
1.0088742970
1.0007683168
0.9856307469
0.9640653914
0.9420504214
0.9199026450
0.8998390223
0.8779980176
0.8710809006
0.8801245018
0.8890022556
0.8936974908
0.9006209146
0.9152366594
0.9233888435
0.9400291792
0.9595985074
0.9695694520
0.9669430658
0.9560217425
0.9507248728
0.9573550517
0.9663765949
0.9739870408
0.9820396839
0.9852392917
0.9812623268
0.9768649792
0.9778041245
0.9882290642
1.0045688492
1.0208664044
1.0403682190
1.0577501525
1.0551979283
1.0406179839
1.0282111336
1.0133157375
0.9884318091
0.9606696576
0.9386762541
0.9124397904
0.8815508333
0.8606715752
0.8406708800
0.8130716702
0.7844704149
0.7660711928
0.7557979500
0.7522353027
0.7633050473
0.7870452005
0.8073474492
0.8249025341
0.8431476621
0.8643227801
0.9088174851
0.9598378120
0.9497678760
0.9245932385
0.9207465708
0.9178633283
0.9139349117
0.9202810590
0.9299155643
0.9295104001
0.9245153530
0.9303941032
0.9372226462
0.9389292617
0.9348561778
0.9395039250
0.9287788166
0.9210832690
0.9061967677
0.8996602619
0.8974664141
0.8967546033
0.9056022101
0.9092446429
0.9027271606
0.9025307450
0.9090112702
0.9125052789
0.9181472916
0.9281748137
0.9400571428
0.9570887530
0.9725937257
0.9817938093
0.9922444269
1.0102653767
1.0189345081
1.0163137034
1.0290929422
1.0351466130
1.0292624034
1.0127898668
0.9929673212
0.9699970280
0.9388635193
0.8898796361
0.8194646780
0.7402138620
0.6686604026
0.6082963572
0.5555252918
0.5130660899
0.4832941255
0.4611208577
0.4533360035
0.4615135719
0.4994373210
0.5588609939
0.6369996851
0.7328889926
0.8230373675
0.9042482986
0.9683088559
1.0048295707
1.0130720559
1.0037922872
0.9880463746
0.9608392438
0.9175716301
0.8677515087
0.8200487070
0.7795348349
0.7375151909
0.6903273755
0.6623621545
0.6370033850
0.6207928513
0.6194967677
0.6301658556
0.6542405407
0.6884636152
0.7239560221
0.7552034272
0.7752376742
0.7761201849
0.7610325953
0.7393065169
0.7188585422
0.7000717037
0.6849091920
0.6803966392
0.6835439157
0.6947743580
0.7252478600
0.7709412531
0.8163976232
0.8631324711
0.9129091153
0.9461726817
0.9679199989
0.9792491527
0.9823204331
0.9887860061
0.9904928862
0.9834670190
0.9713894936
0.9606763675
0.9443127433
0.9292045656
0.9252056612
0.9151706045
0.8965144905
0.8871651359
0.8696010502
0.8598883608
0.8634542666
0.8672547625
0.8738764780
0.8958346494
0.9121931603
0.9342754296
0.9600786373
0.9905384545
1.0063398380
1.0080198096
1.0108816418
1.0142514725
1.0134613755
1.0130450069
1.0119313435
1.0067084119
1.0037123260
0.9995622495
0.9834892575
0.9709966366
0.9623394092
0.9456279805
0.9317604758
0.9279469107
0.9344361309
0.9459459165
0.9584576777
0.9658484263
0.9689686827
0.9818675575
0.9983826316
1.0020454788
0.9989716085
0.9937013931
0.9756820174
0.9492819357
0.9263671578
0.9050405300
0.8897053761
0.8748432238
0.8631533471
0.8653895388
0.8704942874
0.8694415775
0.8735868614
0.8843656443
0.8942904354
0.9027205061
0.9146494922
0.9269518172
0.9354947712
0.9344740394
0.9466721830
0.9579326456
0.9550601014
0.9558907251
0.9691555643
0.9852951417
0.9919322736
0.9850020025
0.9837579863
0.9888255893
0.9789156658
0.9765767231
0.9649911538
0.9531525820
0.9280220966
0.9034354703
0.8836062397
0.8570035467
0.8272406429
0.7960851919
0.7663453401
0.7345936241
0.7030484173
0.6800153466
0.6705156038
0.6745364696
0.6891720411
0.7131436128
0.7450436303
0.7761724409
0.8109285663
0.8463938161
0.8830673890
0.9033692538
0.9164594265
0.9286028713
0.9349297872
0.9457127870
0.9553254480
0.9686769985
0.9783655652
0.9883933470
0.9988053529
0.9994911091
0.9952885165
0.9950862968
0.9893513515
0.9737789637
0.9641443905
0.9648392170
0.9462596588
0.9442769497
0.9566129445
0.9410015767
0.9374267244
0.9472755784
0.9412207475
0.9360298761
0.9345650616
0.9374212660
0.9364607016
0.9310688426
0.9356993275
0.9503501937
0.9584480349
0.9546779134
0.9531384965
0.9604479701
0.9686299924
0.9846134712
0.9962157250
0.9913344430
0.9541330549
0.9605978070
1.0362757373
1.0582862640
1.0267317407
0.9967450365
0.9904839939
0.9976678201
0.9986118362
0.9923336487
0.9912376797
0.9948441601
0.9978986385
0.9965622665
0.9947895902
1.0002466071
1.0042040481
0.9982652278
0.9923090389
0.9898218744
0.9858489348
0.9677491268
0.9340384818
0.9339821294
0.9372110669
0.9326206703
0.9352842012
0.9461412233
0.9582399401
0.9687893406
0.9760501107
0.9727041364
0.9551340328
0.9242711191
0.8822452653
0.8382797228
0.8032806397
0.7792921658
0.7707202797
0.7761705167
0.7915026357
0.8150126922
0.8552618842
0.8912593907
0.9245042497
0.9507888826
0.9726678310
1.0022293386
1.0234155043
1.0184872074
1.0065463565
1.0056721459
1.0133942261
1.0176990855
1.0176504458
1.0219172129
1.0306277070
1.0364997373
1.0399483600
1.0417614706
1.0303655418
1.0315662832
1.0266074449
1.0188589988
1.0164372262
1.0292949668
1.0421199086
1.0613734323
1.0740145862
1.0727957408
1.0693436491
1.0597024206
1.0520794087
1.0484409309
1.0378138506
1.0270624453
1.0272468259
1.0257796394
1.0128994920
0.9984737374
0.9948351114
0.9808557240
0.9726545659
0.9519918062
0.9424013034
0.9395582215
0.9402847430
0.9363170242
0.9296794879
0.9339665048
0.9414404536
0.9434391928
0.9454174954
0.9508889263
0.9622121403
0.9727615065
0.9778488983
0.9852048605
0.9963666172
1.0081390694
1.0195648614
1.0268287289
1.0461856446
1.0652752608
1.0744827964
1.0842612178
1.0840603185
1.0900093158
1.0899897393
1.0850383147
1.0655631469
1.0393877924
1.0199204594
1.0075761224
1.0015110537
0.9983128578
0.9915842874
0.9845178832
0.9763855661
0.9580163005
0.9434324847
0.9321089667
0.9248202806
0.9045931349
0.8965350289
0.9080806825
0.9246964796
0.9343474906
0.9445323656
0.9574816281
0.9681675183
0.9779101658
0.9845141527
0.9921272038
0.9952212721
0.9907247991
0.9852536863
0.9775114134
0.9569452154
0.9231683586
0.8872657986
0.8548818503
0.8205845757
0.7815264442
0.7457299237
0.7180832204
0.6914176628
0.6616671072
0.6442498084
0.6472103911
0.6587297184
0.6791265684
0.7017447274
0.7267078834
0.7506370255
0.7731981975
0.7913690826
0.8001438217
0.8002650369
0.7885893624
0.7581755826
0.7198272425
0.6913580764
0.6807681402
0.6753611261
0.6649756314
0.6687964560
0.6798372095
0.6905535081
0.7177254219
0.7467270496
0.7768225693
0.8146070571
0.8469309632
0.8803800445
0.9106233392
0.9413224435
0.9564938317
0.9515714065
0.9570659234
0.9703224775
0.9659492565
0.9486582865
0.9346353545
0.9278305140
0.9175449537
0.9120737096
0.9034304729
0.9127255459
0.9290328853
0.9360982879
0.9501364330
0.9649238696
0.9686550399
0.9610706883
0.9443177697
0.9370603025
0.9282438419
0.9124659775
0.9055541399
0.9047753584
0.9069903019
0.9164087124
0.9391395352
0.9452634658
0.9668755995
0.9857846942
0.9907122672
0.9961033605
1.0008140680
1.0039454855
1.0041770321
0.9970760270
0.9900424123
0.9842199494
0.9774422641
0.9740813037
0.9754992164
0.9747662555
0.9655471669
0.9514520608
0.9358871122
0.9101584903
0.8815980187
0.8816624163
0.8956361424
0.9066890158
0.9205451034
0.9346170735
0.9555355684
0.9779659666
0.9830687285
1.0025328760
1.0155075310
1.0194008561
1.0255184193
1.0252809844
1.0165382897
1.0030739413
0.9896166890
0.9814751033
0.9770834284
0.9649892105
0.9342014843
0.8976283432
0.8573787351
0.8164843691
0.7752068254
0.7309467051
0.6912371706
0.6524894011
0.6229184355
0.6094677864
0.6057102847
0.6169262449
0.6465387264
0.6931162144
0.7547448254
0.8147538207
0.8689644802
0.9278540143
0.9763250865
0.9964967366
1.0066617250
1.0098593408
1.0056381223
1.0020813269
0.9982134465
0.9842073587
0.9832662638
0.9924284580
0.9923046990
0.9928668537
1.0044525798
1.0105870988
1.0029981810
0.9941078089
0.9965805704
1.0026252077
1.0016509308
1.0020506299
1.0058137385
1.0030294284
0.9992929065
0.9985768877
0.9974388107
0.9909358287
0.9819415570
0.9805218691
0.9865899741
0.9967164401
1.0032022121
1.0048157340
1.0122141409
1.0243883697
1.0314233297
1.0370893511
1.0361380644
1.0345259042
1.0371833007
1.0306668505
1.0084796132
0.9836943804
0.9681431604
0.9639190268
0.9650959776
0.9653153119
0.9663155501
0.9775049125
0.9728440166
0.9735345006
0.9921869414
0.9944763062
0.9978412476
0.9916901570
0.9865528291
0.9799283942
0.9698607041
0.9617658516
0.9583558338
0.9557172319
0.9508400054
0.9496128613
0.9578823589
0.9701181871
0.9801922201
0.9910595567
1.0075227815
1.0150120002
1.0173433276
1.0250580400
1.0270641763
1.0336182641
1.0351782979
1.0306521259
1.0228014722
1.0144024946
0.9989956595
0.9671899440
0.9333233489
0.9048944004
0.8819106212
0.8634498151
0.8499439087
0.8468268669
0.8551345178
0.8730791465
0.8962845335
0.9240631922
0.9414655898
0.9590372446
0.9784849866
1.0041954951
1.0015653651
0.9968229740
0.9923293278
0.9900422829
0.9858020192
0.9693926904
0.9248533581
0.9122708141
0.9212325628
0.9123595517
0.8840521356
0.8583391185
0.8607763229
0.8574561527
0.8517110864
0.8467359741
0.8540111331
0.8732307667
0.8865866353
0.9003555210
0.9134988477
0.9186182595
0.9267438477
0.9328633381
0.9376351168
0.9367454776
0.9238203198
0.9122407418
0.9130191562
0.9188784485
0.9171043287
0.9093251148
0.9073110377
0.9100358963
0.9113548940
0.9228211090
0.9380580144
0.9421669471
0.9428885191
0.9374361972
0.9278052024
0.9208146993
0.8968771358
0.8566046521
0.8192319956
0.7974340186
0.7893577880
0.7821201464
0.7946930323
0.8322230596
0.8749571516
0.9045699397
0.9254253266
0.9482855006
0.9589376440
0.9636794364
0.9637966737
0.9522969490
0.9408976771
0.9303361711
0.8922580636
0.8589045091
0.8229865786
0.7876504100
0.7554445478
0.7400138245
0.7332972728
0.7280565572
0.7196884183
0.7135330995
0.7085744013
0.7025466651
0.6998949090
0.6974072111
0.6955801424
0.7111598974
0.7340418249
0.7516020527
0.7779512552
0.8144141782
0.8430026188
0.8767526799
0.8963091146
0.9119606797
0.9257134999
0.9387403649
0.9324439813
0.9256580081
0.9222691323
0.9183652546
0.9185307994
0.9305582254
0.9529028335
0.9742671556
0.9902305910
1.0044533873
1.0141842003
1.0309559538
1.0456272024
1.0448412195
1.0322765624
1.0128992265
1.0055945179
1.0031750515
1.0023617119
1.0104438443
1.0184099277
1.0179211421
1.0255200645
1.0310832795
1.0214650080
1.0105656513
1.0037643967
0.9935242074
0.9860434954
0.9863850026
0.9889780991
0.9927456743
1.0040145140
1.0270529714
1.0482594473
1.0680029169
1.0723305426
1.0825790782
1.0869304466
1.0831610358
1.0723185592
1.0543235969
1.0413270848
1.0350106270
1.0306460957
1.0358014250
1.0468101061
1.0468954550
1.0296298158
1.0002603292
0.9693393040
0.9430548950
0.9086876196
0.8599394374
0.8150952603
0.7727114657
0.7453351264
0.7315308038
0.7413802041
0.7570086795
0.7847643175
0.8233487879
0.8613692168
0.8915632580
0.9129560442
0.9325718836
0.9461535481
0.9570939457
0.9697609474
0.9809709059
0.9968045085
1.0120553151
1.0236552920
1.0249063919
1.0254942001
1.0302587557
1.0254625967
1.0355301707
1.0142511502
1.0114725424
0.9962653960
0.9976076885
0.9937444738
0.9844361811
0.9811880997
0.9820353683
0.9862449619
0.9879418847
0.9864179688
0.9921311053
1.0014805528
1.0047713927
1.0073271247
0.9994599414
0.9895844232
0.9838810572
0.9898259003
1.0043904806
1.0090613885
0.9950710014
0.9919525328
0.9804303097
0.9704686385
0.9688774255
0.9626831360
0.9535532843
0.9506555756
0.9472459816
0.9450632996
0.9547288476
0.9703545591
0.9803612531
0.9838279379
0.9883062681
1.0007863300
1.0136100659
1.0075653842
0.9970619521
1.0020954043
1.0126245974
1.0101414736
1.0043702781
1.0088035501
1.0140252289
0.9977676840
0.9846192677
0.9771459554
0.9640143202
0.9527496364
0.9427490181
0.9314399762
0.9311810327
0.9368994977
0.9379715585
0.9364158404
0.9381073647
0.9384323004
0.9329425694
0.9378645863
0.9339125269
0.9216289036
0.9277948955
0.9292251479
0.9306919991
0.9409014993
0.9413484456
0.9399045640
0.9562951674
0.9726432117
0.9776174711
0.9783738159
0.9743661045
0.9737622652
0.9780455505
0.9733806151
0.9889952275
0.9895738624
0.9708052941
0.9741282141
0.9855131555
0.9947321294
0.9976840668
1.0050861384
1.0044319751
1.0036579808
0.9988545082
0.9934138497
0.9958889784
0.9959625204
0.9919988373
0.9979772156
1.0103392879
1.0147531521
1.0171529362
1.0209704451
1.0124213282
1.0109458783
1.0076942961
1.0064135654
1.0052936808
0.9991519029
1.0097777286
1.0188212854
1.0225920127
1.0237131940
1.0322997044
1.0381810915
1.0307355535
1.0160480152
1.0008581079
0.9821925147
0.9649329044
0.9562096478
0.9522215347
0.9558102265
0.9666317008
0.9766323589
0.9796899479
0.9826767438
0.9897579137
0.9857112336
0.9807015145
0.9704120998
0.9605995207
0.9486642332
0.9432256132
0.9404756574
0.9294500165
0.9232913125
0.9284359742
0.9367787304
0.9473660076
0.9605451937
0.9684441367
0.9689202890
0.9651207165
0.9608461043
0.9696227367
0.9740917839
0.9499736452
0.9333114580
0.9164982858
0.9088379807
0.9232885562
0.9268774727
0.9367772544
0.9413943213
0.9485088286
0.9436151215
0.9374498620
0.9414238728
0.9458644095
0.9436385007
0.9355348049
0.9239539262
0.9120856227
0.8903481990
0.8592614846
0.8256770391
0.7903268232
0.7478949684
0.7150134277
0.6884907619
0.6732302993
0.6719831798
0.6689770834
0.6831609675
0.7189242696
0.7557206888
0.7988117658
0.8516296808
0.8950399008
0.9232554609
0.9487336288
0.9652684087
0.9660613464
0.9681909299
0.9577280740
0.9494038855
0.9261024198
0.8979086125
0.8787992552
0.8643462112
0.8594420750
0.8614825071
0.8779752912
0.8928805952
0.9001059978
0.9065114416
0.9222006278
0.9346682233
0.9417877688
0.9498501161
0.9573025851
0.9603919681
0.9588713131
0.9552922810
0.9517898344
0.9517553315
0.9426511195
0.9242974740
0.9131652785
0.9095055601
0.9054382650
0.8918815550
0.8874798984
0.8927979549
0.9145973504
0.9326683202
0.9495524072
0.9621738803
0.9727604333
0.9873235033
0.9950262527
0.9878015109
0.9783856569
0.9763912513
0.9736427810
0.9588130070
0.9513823813
0.9513193213
0.9526382483
0.9419803815
0.9538377017
0.9695168044
0.9718126366
0.9679315685
0.9630891817
0.9632813184
0.9686066330
0.9724913894
0.9717713376
0.9746362822
0.9783842900
0.9805500393
0.9802671916
0.9775751446
0.9845470749
0.9839667214
0.9680858587
0.9576955914
0.9609733614
0.9383123087
0.9079926412
0.8810688618
0.8504611841
0.8265386891
0.8179940177
0.8227554954
0.8329466730
0.8604441598
0.8950746917
0.9200165650
0.9426432215
0.9684019929
0.9872379365
0.9953463095
1.0035152900
1.0142154447
1.0059407012
1.0032463285
1.0021693582
0.9883119757
0.9973812280
0.9870605201
0.9755049338
0.9706992009
0.9835626032
0.9940703678
1.0019371817
1.0088346691
1.0160139985
1.0188220738
1.0104547264
1.0000588330
0.9917965330
0.9799159366
0.9657581430
0.9493012694
0.9371319092
0.9377549889
0.9359804513
0.9325041954
0.9224923624
0.9154945585
0.9061414627
0.9058646877
0.9204161098
0.9378236495
0.9479609814
0.9693488670
1.0000852643
1.0279726753
1.0495710705
1.0596226499
1.0594431540
1.0586911557
1.0489065541
1.0238841105
1.0067836938
0.9853711964
0.9487294619
0.9255922073
0.9197330325
0.8996432130
0.8726127901
0.8665617846
0.8604631551
0.8547081775
0.8463854965
0.8512395550
0.8551189197
0.8632927893
0.8756092116
0.8833761637
0.8852946207
0.8876635675
0.8938720117
0.9031933126
0.9113145854
0.9162998021
0.9363165403
0.9509496341
0.9619171829
0.9782279853
0.9796691354
0.9826580816
0.9850425924
0.9814670520
0.9839531017
0.9776856077
0.9691134312
0.9572089540
0.9449029505
0.9332703765
0.9211162816
0.9115562367
0.9039244346
0.8940551156
0.8845083232
0.8805580122
0.8876322584
0.9018428758
0.9103708370
0.9135542563
0.9191036898
0.9253204570
0.9268799254
0.9213723956
0.9264115773
0.9341816470
0.9338660219
0.9387361659
0.9295530895
0.9246955478
0.9349434704
0.9394671956
0.9387592461
0.9422874038
0.9382278826
0.9308830937
0.9341309170
0.9372604933
0.9432810904
0.9387151006
0.9497840023
0.9574660979
0.9551919281
0.9554822150
0.9680910013
0.9791010117
0.9845464496
0.9844338020
0.9838862223
0.9722196296
0.9566074839
0.9416870438
0.9315053609
0.9276364896
0.9227120173
0.9134606409
0.9031715821
0.9051431354
0.9256763024
0.9421915895
0.9621021912
0.9678880432
0.9741987747
0.9953726430
1.0076888603
1.0079810952
1.0252915384
1.0272251943
1.0238154330
1.0217000323
1.0167904773
1.0127664600
1.0086774359
1.0051357522
1.0008963472
0.9946067180
0.9951543733
0.9949263522
0.9830909231
0.9614841641
0.9509453289
0.9315011711
0.9164038049
0.8902616880
0.8654961602
0.8643183692
0.8728171072
0.8836337888
0.9029294927
0.9210425754
0.9383899833
0.9471808496
0.9511289277
0.9573843177
0.9632276745
0.9683629422
0.9749146416
0.9774382145
0.9771573680
0.9899456480
1.0077038011
1.0127384736
1.0203749539
1.0420880295
1.0450889600
1.0503672132
1.0363925531
1.0423888709
1.0603985024
1.0530503520
1.0480700593
1.0428393142
1.0339055079
1.0285882105
1.0322735749
1.0404311662
1.0435753319
1.0364942871
1.0203493571
1.0200791520
1.0281865927
1.0320794710
1.0464805886
1.0453909343
1.0487331130
1.0730456077
1.0716018865
1.0599494804
1.0411605363
1.0313983899
1.0156869761
1.0119739889
1.0168525299
1.0258563591
1.0348848473
1.0318534698
1.0185804329
1.0134242977
1.0215713940
1.0206519910
0.9967580227
0.9797461413
0.9681069836
0.9384419430
0.9058686450
0.8625209906
0.8340987804
0.7827200850
0.7480954678
0.7267880228
0.7182676103
0.7145270975
0.7190654662
0.7409128269
0.7733561054
0.8062431005
0.8364724871
0.8606091631
0.8825599100
0.9137007704
0.9469577285
0.9763324655
1.0017163214
1.0191539565
1.0245932200
1.0314062718
1.0381819410
1.0243348798
0.9986168612
0.9843834678
0.9721846206
0.9595560263
0.9456993181
0.9410204767
0.9375735727
0.9286863436
0.9243086130
0.9326325060
0.9499676454
0.9658763997
0.9731271203
0.9750422192
0.9923857338
1.0129896015
1.0212336030
1.0291986681
1.0184174874
1.0169392161
1.0247374273
1.0379484032
1.0326136675
1.0370284053
1.0454353728
1.0460706236
1.0451436587
1.0443082179
1.0446029739
1.0419559001
1.0280317994
1.0072799916
0.9833922465
0.9572307652
0.9349975718
0.9225169977
0.9093941158
0.9182209124
0.9368267321
0.9446248937
0.9575132022
0.9773269630
0.9995098784
0.9803795473
0.9557211564
0.9677951482
0.9995241541
1.0196962800
1.0114415608
0.9857897505
0.9600352747
0.9290284720
0.8917078165
0.8605105440
0.8328400811
0.8173432509
0.8093943541
0.8154015544
0.8431758325
0.8672509863
0.9004502990
0.9294438099
0.9517545269
0.9731307015
1.0022108184
1.0344417921
1.0431880988
1.0381475080
1.0406123678
1.0545148803
1.0633131211
1.0602935669
1.0591384853
1.0541419472
1.0398197130
1.0245939594
1.0214383957
1.0248457328
1.0167379802
1.0053381158
1.0040258664
0.9876292737
0.9845273482
0.9695128256
0.9598735302
0.9561700742
0.9560723875
0.9528564084
0.9503583156
0.9512087620
0.9522274519
0.9498357089
0.9398045631
0.9270104450
0.9245807025
0.9257828689
0.9235709535
0.9444456659
0.9482754444
0.9600673472
0.9524580273
0.9487669839
0.9561210870
0.9531048065
0.9298522858
0.9056895712
0.8776555531
0.8436452902
0.8122628236
0.7819967551
0.7455805227
0.7088057709
0.6888449981
0.6907423538
0.7006294832
0.7108338757
0.7188277830
0.7337526804
0.7513375005
0.7670504644
0.7829334662
0.7882088887
0.7836537706
0.7856858477
0.7932917734
0.7984219454
0.8001994813
0.8094358955
0.8232224669
0.8371164204
0.8408404827
0.8410234454
0.8490559874
0.8556056185
0.8549166196
0.8514109452
0.8479882442
0.8399996998
0.8387586027
0.8389409645
0.8414030143
0.8594295270
0.8654614489
0.8920510976
0.9019961308
0.9052563785
0.9053735158
0.9076425904
0.9170041688
0.9143107314
0.9056301370
0.9052930354
0.9113827408
0.9124260509
0.9083534044
0.9109179981
0.9075292027
0.9152359588
0.9140329582
0.9127596495
0.9146570094
0.9185223675
0.9172818227
0.9265120667
0.9368910991
0.9388258204
0.9453120252
0.9559360576
0.9666243066
0.9694799942
0.9643212429
0.9529129847
0.9447499228
0.9456412269
0.9463471456
0.9397274729
0.9253346946
0.9098232777
0.9061053391
0.9027176942
0.8993883943
0.8956230880
0.9079301622
0.9067963948
0.8989122961
0.8992377959
0.8883381156
0.8945996384
0.8977736234
0.8955861686
0.8941084443
0.8956242803
0.9024097031
0.9021718430
0.8873886502
0.8714792641
0.8593725611
0.8550172978
0.8602387520
0.8534280685
0.8494627062
0.8568341920
0.8732268278
0.8782527297
0.8802583105
0.8869601144
0.8882975383
0.8968439897
0.8978824670
0.8952076488
0.8894772547
0.9014755636
0.9200870911
0.9266317045
0.9254237571
0.9224621732
0.9228521394
0.9229260906
0.9150358925
0.9225346678
0.9294159537
0.9359613739
0.9420411944
0.9485590547
0.9353080577
0.9362418640
0.9301365777
0.9200582156
0.9229981396
0.9223867899
0.9180076638
0.9224277571
0.9362669136
0.9445846164
0.9386135406
0.9332799579
0.9285474908
0.9063179379
0.8983412010
0.9049565143
0.8903247715
0.8971748871
0.9127401229
0.9100637230
0.9046027688
0.9085608471
0.8952651253
0.8746216302
0.8760622363
0.8842177151
0.9016587828
0.9177337033
0.9254025250
0.9255338181
0.9327015076
0.9470520869
0.9547053414
0.9584976889
0.9589618320
0.9577698809
0.9555876385
0.9558401439
0.9540075380
0.9440897640
0.9268687581
0.9287777702
0.9403131081
0.9456661244
0.9572899326
0.9607563098
0.9527567513
0.9432576222
0.9371980625
0.9362989076
0.9345112684
0.9216747306
0.9110201682
0.9223473800
0.9452402040
0.9681232038
0.9844976535
0.9923305745
0.9836007050
0.9764829325
0.9697964778
0.9484297294
0.9426314340
0.9450978268
0.9445738953
0.9581348222
0.9788419239
0.9803252959
0.9810474082
0.9795857651
0.9687055473
0.9536021470
0.9438889544
0.9425125146
0.9472849117
0.9543897299
0.9477358025
0.9466696263
0.9283870227
0.9144520303
0.9033323087
0.8614106475
0.8269611125
0.7872453217
0.7655630679
0.7408855368
0.7261844005
0.7179982880
0.7226472850
0.7316825419
0.7422363095
0.7609132647
0.7837460597
0.8046047668
0.8252197776
0.8475183260
0.8770407889
0.9105582757
0.9364449890
0.9590429772
0.9779565546
0.9822500528
0.9921063639
0.9985364155
0.9868783910
0.9744943433
0.9673770048
0.9522406000
0.9497854977
0.9596925680
0.9816477991
1.0033919223
1.0124252733
1.0211756954
1.0340314750
1.0317954790
1.0083216353
0.9656319519
0.9239442660
0.8979036089
0.8840390927
0.8749278002
0.8772382865
0.9015176189
0.9131423061
0.9358470077
0.9569999935
0.9851342403
1.0099861236
1.0221334383
1.0164401896
1.0019810827
0.9823208586
0.9640155215
0.9478885271
0.9247968665
0.9036410596
0.9013034524
0.9223514904
0.9379251737
0.9584527389
0.9759240372
1.0127052463
1.0489888874
1.0559510477
1.0379472936
1.0251954635
1.0054326306
0.9736623144
0.9358401276
0.9007076968
0.8821639178
0.8725646318
0.8715723924
0.8814508347
0.8988337687
0.9212774624
0.9374977739
0.9562652330
0.9752296546
0.9754877180
0.9837246349
0.9823566160
0.9701801490
0.9549911310
0.9542364630
0.9685477264
0.9819428269
0.9953236701
1.0004327278
1.0134582899
1.0220791948
1.0361313444
1.0512888543
1.0508085137
1.0445717872
1.0356902864
1.0113446066
0.9888452909
0.9766933252
0.9731593676
0.9830517836
0.9904042712
1.0126986899
1.0276312815
1.0351862919
1.0411502750
1.0312474855
1.0267522497
1.0267169822
1.0159544759
1.0128047776
1.0197542161
1.0235871458
1.0287694235
1.0356943285
1.0351242543
1.0342216247
1.0395435894
1.0429057161
1.0448452535
1.0458092475
1.0442834477
1.0441124879
1.0338405279
1.0407852029
1.0482787430
1.0389657352
1.0324904968
1.0446927539
1.0584353442
1.0660187862
1.0720996899
1.0748028848
1.0693773747
1.0592518225
1.0558537008
1.0542562488
1.0410808665
1.0286725617
1.0198998731
1.0179332717
1.0068824289
1.0051287075
1.0107394162
1.0105538882
1.0059108192
1.0091940222
1.0240624945
1.0318832500
1.0448063009
1.0621711264
1.0782124718
1.0836144881
1.0846325384
1.0831191043
1.0748624527
1.0660724026
1.0632346307
1.0576606556
1.0430329913
1.0381959518
1.0292993356
1.0189495036
1.0175193377
1.0299008677
1.0494022869
1.0676315820
1.0778727990
1.0881005628
1.0964159135
1.1019497675
1.1012377084
1.0923322696
1.0820887839
1.0810260555
1.0718002658
1.0476681770
1.0242360238
0.9998336366
0.9749678926
0.9502991894
0.9334822854
0.9288146805
0.9411767412
0.9560709621
0.9789259768
0.9998017392
1.0190960600
1.0357383701
1.0587273243
1.0759426210
1.0861640050
1.0940260060
1.0903980032
1.0702581468
1.0498408013
1.0373806593
1.0229266356
1.0013435518
0.9816925796
