#flux
0.8898706542
0.8860038062
0.8744561322
0.8601378801
0.8553343361
0.8600366663
0.8631451765
0.8701927890
0.9005045938
0.9242537604
0.9440676822
0.9570944182
0.9676853065
0.9701872496
0.9655651109
0.9624115762
0.9629845167
0.9660764927
0.9661889826
0.9595117899
0.9486621247
0.9283809877
0.8993461865
0.8552670570
0.7987094261
0.7418809503
0.6937433802
0.6520982518
0.6259687438
0.6358757340
0.6819647443
0.7440177085
0.8080366959
0.8678707947
0.9125569132
0.9402414919
0.9633612924
0.9844908105
1.0000490926
1.0036594348
0.9963228845
0.9896176487
0.9688041991
0.9495394554
0.9520200140
0.9649818732
0.9601970194
0.9374004465
0.9351805160
0.9225648076
0.9206183406
0.9211342611
0.9238006405
0.9411332951
0.9614756984
0.9648066597
0.9588312178
0.9663894596
0.9762145064
0.9744215812
0.9678494278
0.9598654892
0.9585536330
0.9517095315
0.9359431833
0.9045333712
0.8584182291
0.8030332050
0.7346355444
0.6660051576
0.6148352764
0.5819546907
0.5973445050
0.6527468288
0.7203933396
0.7855106027
0.8459358654
0.8961815698
0.9285120335
0.9461206343
0.9535535312
0.9507137034
0.9480720134
0.9552280428
0.9619497856
0.9571194749
0.9517839425
0.9552517609
0.9597117849
0.9567878848
0.9438863875
0.9080781000
0.9075730753
0.8960551529
0.8716992361
0.8381980956
0.7958382607
0.7397935282
0.6666799527
0.5889033720
0.5283859219
0.4956083544
0.4947853984
0.5345586524
0.6056079004
0.6878584112
0.7638559638
0.8434593105
0.9140229569
0.9545409352
0.9738211571
0.9848812016
0.9903437432
0.9769482401
0.9702997641
0.9579630264
0.9500860598
0.9519211295
0.9577327106
0.9575139761
0.9475616582
0.9396549857
0.9403995221
0.9374042873
0.9317624178
0.9413699309
0.9625547483
0.9683638735
0.9731909787
0.9605369260
0.9428176361
0.9326087277
0.9035745017
0.8684167988
0.8513165779
0.8569712550
0.8630966959
0.8811150252
0.9096425962
0.9348117555
0.9530776715
0.9680971882
0.9782165490
0.9784685302
0.9746792995
0.9762309017
0.9727710912
0.9691544123
0.9675975269
0.9705975365
0.9838393159
0.9999850815
1.0071265070
1.0053266696
1.0000490549
0.9836507148
0.9486358741
0.9118619865
0.8727881639
0.8429475370
0.8265774998
0.8321913901
0.8567766801
0.8805952600
0.9090390759
0.9446802897
0.9658563745
0.9719835649
0.9745010512
0.9670826732
0.9591296410
0.9501108106
0.9485170326
0.9589384174
0.9663112573
0.9691842892
0.9702443999
0.9651394636
0.9638667725
0.9704372996
0.9876883013
1.0021471497
1.0113083451
1.0280009135
1.0485921412
1.0660889874
1.0817529715
1.0954421065
1.1013070324
1.1072234291
1.1311284181
1.1382502119
1.1434006187
1.1494453238
1.1435067279
1.1436586517
1.1180354056
1.0554430763
0.9595896812
0.8346286885
0.6970875801
0.5682927694
0.4568578081
0.3748914983
0.3266638323
0.2990963660
0.2964526851
0.3137283080
0.3390402588
0.3706009172
0.4047259109
0.4423773185
0.4992713580
0.5741189097
0.6462752597
0.7306579697
0.8241645437
0.9099582561
1.0039314105
1.0881773872
1.1577460039
1.2046244597
1.2198914089
1.2087618417
1.1696279871
1.1025103176
1.0332444563
0.9764129199
0.9326891725
0.9193433953
0.9239649815
0.9299372118
0.9395951341
0.9508197755
0.9642372155
0.9744843778
0.9737431393
0.9703155751
0.9695438653
0.9748063491
0.9790888835
0.9859783165
0.9914028954
0.9892401001
0.9803027285
0.9729472615
0.9753749219
0.9803165997
0.9846875953
0.9961017495
1.0044304877
1.0198633712
1.0295144290
1.0250002092
1.0213166929
1.0151231463
0.9872286763
0.9539084783
0.9244144885
0.8975322910
0.8846178248
0.8917621240
0.8950957508
0.8898054946
0.8867665748
0.8934264989
0.9048730388
0.9140950686
0.9407314078
0.9753831891
1.0077804490
1.0252271311
1.0221670756
1.0166121049
1.0151597927
0.9887017641
0.9658097393
0.9411085802
0.9128407017
0.8828558763
0.8697712055
0.8706435686
0.8849960956
0.9086392761
0.9355087480
0.9657518622
0.9907883165
0.9996194421
0.9993867127
0.9955976428
0.9943725993
0.9982247718
0.9883882317
0.9966664651
1.0091790786
1.0194980123
1.0242660994
1.0229964484
1.0218970323
1.0273821233
1.0369792348
1.0329465971
1.0347471962
1.0412991355
1.0412147270
1.0418487140
1.0436331233
1.0366846650
1.0228896664
1.0051099096
0.9878093753
0.9759837505
0.9661331657
0.9514661249
0.9357488175
0.9230040036
0.9017849304
0.8691347438
0.8226028454
0.7679181460
0.7316285268
0.7156892455
0.7156380731
0.7331979057
0.7683823788
0.8133797157
0.8553089510
0.8888471872
0.9154936931
0.9352413905
0.9510367271
0.9602604964
0.9725768564
0.9760149970
0.9658180622
0.9570213999
0.9639459071
0.9742539074
0.9755108078
0.9794205535
0.9863955690
0.9907616526
0.9775105974
0.9646665047
0.9537862455
0.9412887264
0.9295143330
0.9215530803
0.9159857805
0.9095197322
0.9083204814
0.9129904684
0.9168849388
0.9266927900
0.9444829765
0.9504306465
0.9655089372
0.9872329457
1.0074369504
1.0236947546
1.0213690451
1.0196385075
1.0240907083
1.0241044163
1.0233187406
1.0274762735
1.0289320952
1.0312985896
1.0325535549
1.0195552251
1.0065517600
0.9975533345
0.9628880519
0.9236562563
0.8711660087
0.7991931234
0.7159161981
0.6275244850
0.5454972284
0.4896330943
0.4671370491
0.4702781094
0.5024880071
0.5608589476
0.6446735308
0.7398136794
0.8270173353
0.9005994309
0.9579571600
0.9978184575
1.0266517837
1.0416789847
1.0356002478
1.0203010190
1.0046851063
0.9795477393
0.9603639045
0.9337382141
0.8875639209
0.8372390008
0.7714654249
0.6786870992
0.5889324495
0.5249588053
0.4976295057
0.5016778962
0.5297030078
0.5834514605
0.6598344160
0.7396137300
0.8041057916
0.8465142535
0.8578894309
0.8314712737
0.7789234781
0.7143329298
0.6479942150
0.5990547857
0.5853519995
0.6091116645
0.6543416511
0.7094652102
0.7727623678
0.8375995117
0.8919662160
0.9365915461
0.9728881553
0.9961059395
1.0067279106
1.0063640645
1.0051985462
1.0064101288
0.9912165673
0.9707205876
0.9586865435
0.9457402608
0.9435060783
0.9480095916
0.9376704696
0.9189115477
0.8929106167
0.8760780692
0.8705000911
0.8617510529
0.8769544523
0.9057706500
0.9208668702
0.9334027276
0.9500287381
0.9684840590
0.9847421298
0.9938555245
1.0011009940
1.0077046824
1.0130033947
1.0242312070
1.0256927843
1.0154127452
1.0006475572
1.0033598757
0.9941581388
0.9812164991
0.9726925516
0.9757043675
0.9726603064
0.9747697475
0.9872066359
0.9957934132
0.9976881575
0.9995477140
0.9992058337
0.9992274472
1.0036662406
1.0051234652
1.0018129824
0.9877603448
0.9928063479
0.9833686601
0.9654633030
0.9543098699
0.9435548461
0.9199837950
0.8977575529
0.8909470948
0.8990151059
0.9123712386
0.9240946044
0.9347869333
0.9428500394
0.9485189967
0.9548615227
0.9672456239
0.9815030098
0.9884074029
0.9935466276
0.9990504502
1.0040037452
1.0037710465
0.9969645044
1.0039524953
1.0078981811
0.9933930959
0.9895547076
0.9951746118
0.9987829943
0.9971166761
0.9929684862
0.9844254386
0.9667348897
0.9561928382
0.9452478129
0.9201297662
0.8823451808
0.8381708096
0.7957227345
0.7517819626
0.7079600664
0.6640439393
0.6189528717
0.5823198977
0.5643246307
0.5742749737
0.6158327312
0.6825929329
0.7498996521
0.8074134000
0.8638085573
0.9135462983
0.9510764731
0.9740751167
0.9848232360
0.9944730783
1.0013725790
0.9968011717
0.9914411454
0.9941116692
0.9925122660
0.9889879130
1.0028567845
1.0153451922
1.0119723614
0.9993817754
0.9947844291
0.9967049946
0.9878831725
0.9781885682
0.9761831377
0.9848694408
0.9963647731
1.0031299780
1.0103684139
1.0254647198
1.0478361496
1.0702854693
1.0874743050
1.1040267684
1.1243212037
1.1393166769
1.1495307171
1.1496193459
1.1562171228
1.1574423392
1.1558818182
1.1446738826
1.1293492699
1.1155364472
1.1023906028
1.0925658439
1.0782266257
1.0613744059
1.0430479823
1.0241387443
1.0118847966
0.9994533167
0.9791570409
0.9636307719
0.9598457989
0.9608488152
0.9631204917
0.9648896559
0.9669649961
0.9837972409
0.9907918780
0.9969171615
0.9893747986
0.9865639813
0.9839560040
0.9784557488
0.9641471848
0.9515777331
0.9488556218
0.9425741680
0.9372786867
0.9398493211
0.9388440715
0.9368495502
0.9489498503
0.9634928008
0.9641316192
0.9548351858
0.9465301424
0.9187095349
0.8752066150
0.8055193127
0.7430925459
0.7150138035
0.7054448810
0.7233692313
0.7660501743
0.8133784654
0.8679013548
0.9284427078
0.9766116658
1.0089178568
1.0246701878
1.0202231834
1.0080948516
1.0004657384
0.9968549184
1.0011657821
0.9993209649
0.9955520948
1.0016050658
1.0103742168
1.0199740814
1.0316814601
1.0322607611
1.0236624100
1.0240363981
1.0253229109
1.0168315336
1.0121702413
1.0122082775
1.0156504956
1.0211388357
1.0238437875
1.0300238440
1.0399731370
1.0375932986
1.0328608438
1.0289463795
1.0217185270
1.0269049304
1.0068671167
0.9989183010
0.9937010343
0.9952452097
0.9959000452
0.9969590156
0.9903901772
0.9712778597
0.9545819230
0.9418311619
0.9322102853
0.9299605635
0.9310058920
0.9311361145
0.9355269495
0.9400156084
0.9361885724
0.9363637182
0.9338460580
0.9418493621
0.9466107976
0.9507163436
0.9492403371
0.9587012007
0.9675737461
0.9838805107
1.0016556631
1.0159464249
1.0316545618
1.0458488348
1.0560093167
1.0585450821
1.0477827593
1.0349779303
1.0268079382
1.0156719954
1.0123765250
1.0150051499
0.9991479465
0.9971890081
1.0065752189
1.0084197020
0.9897375739
0.9870439460
0.9626573835
0.9333780852
0.8943118530
0.8660055305
0.8590770573
0.8636787916
0.8760334620
0.8975975522
0.9199940434
0.9358455285
0.9516766001
0.9687744599
0.9745691570
0.9703552860
0.9732430174
0.9854703101
0.9814388661
0.9798506338
0.9735085168
0.9473746229
0.9147782946
0.8719268513
0.8405373219
0.8029404476
0.7523518633
0.6892543652
0.6225625847
0.5703155873
0.5388687475
0.5281548410
0.5430882035
0.5833033826
0.6382085122
0.6981934019
0.7555357197
0.8029078220
0.8417892002
0.8711062083
0.8865381811
0.8679774110
0.8171518136
0.7449403675
0.6775701494
0.6160764868
0.5688983609
0.5513346342
0.5594537952
0.5941679557
0.6507876603
0.7099930384
0.7741479988
0.8464824890
0.9031814862
0.9353216617
0.9625152121
0.9858575447
0.9953744401
1.0007210755
1.0055440849
0.9961032144
0.9790762145
0.9738137031
0.9616072792
0.9526558930
0.9446060500
0.9298101663
0.9267493045
0.9297159745
0.9340085009
0.9361616633
0.9401659695
0.9542364470
0.9767510552
0.9937573468
0.9943434323
0.9843658208
0.9722915250
0.9580681157
0.9429480966
0.9429457692
0.9413170119
0.9436457745
0.9443418336
0.9358607595
0.9431621222
0.9623084971
0.9783355487
0.9921192417
0.9995313379
1.0029573888
1.0073641154
1.0051058428
1.0000905565
0.9982166830
0.9940366615
0.9926538721
0.9877356748
0.9781349082
0.9802976018
0.9669839134
0.9620192985
0.9478511351
0.9357925002
0.9160559169
0.8918381786
0.8769289112
0.8710640723
0.8736123141
0.8960053746
0.9250060776
0.9521900762
0.9770644896
0.9944858773
1.0067416632
1.0172658809
1.0197585276
1.0171950699
1.0146491142
1.0112746192
1.0000952941
0.9783531450
0.9551627096
0.9328579245
0.9069626709
0.8840617417
0.8502797785
0.8081955300
0.7476269404
0.6928713153
0.6437465930
0.5890466291
0.5507471175
0.5414398814
0.5626745215
0.6135906651
0.6867925663
0.7765637310
0.8583586479
0.9136678391
0.9524211431
0.9832836091
1.0019941959
1.0074887997
1.0068348066
1.0108226249
1.0104854587
1.0028216372
0.9993843593
0.9945775680
0.9981180367
1.0033362529
0.9979071608
0.9957270684
1.0014094554
1.0056992667
1.0076016531
1.0069684623
1.0014860229
0.9961664046
1.0073624778
1.0047500786
0.9944476465
0.9934739441
1.0130442277
1.0042094749
1.0023017283
0.9988851632
1.0054545481
1.0116539941
1.0073583185
1.0092660042
1.0114059111
1.0064766165
0.9958604570
0.9912647582
0.9992775141
1.0095249043
1.0146833650
1.0177645090
1.0186880316
1.0130556303
1.0052603263
1.0072080150
1.0056942993
0.9901380122
0.9650748419
0.9679412716
0.9609982422
0.9658462811
0.9777183098
0.9843226967
0.9973416408
1.0002728419
1.0022823263
1.0089547480
1.0094741715
1.0041569733
0.9955429714
0.9799898100
0.9552396634
0.9347997006
0.9235227988
0.9251717460
0.9404195498
0.9488963969
0.9531810161
0.9684106925
0.9843557898
0.9936741485
0.9909282998
0.9927009276
1.0050769085
1.0194717156
1.0293549635
1.0330789000
1.0309904261
1.0252248780
1.0087205165
0.9712121643
0.9237984790
0.8761870541
0.8225467408
0.7802755226
0.7549657528
0.7469744920
0.7641028644
0.8031352058
0.8554903894
0.8979406267
0.9461049191
0.9740578778
0.9924444753
1.0042958980
1.0037332632
1.0049036305
1.0052949526
0.9885178702
0.9692458910
0.9624573013
0.9522586114
0.9383654348
0.9137329119
0.8838734005
0.8457143584
0.8139340507
0.7890709685
0.7632650538
0.7553716894
0.7803397759
0.8222004409
0.8679532038
0.9139559635
0.9417296864
0.9557414667
0.9638672888
0.9650125467
0.9630158696
0.9601972199
0.9510963562
0.9331595000
0.9100793044
0.8925192669
0.8851521601
0.8796274231
0.8901386338
0.9018946347
0.9012092907
0.9070893967
0.9242283157
0.9392411616
0.9479385509
0.9603673758
0.9531642181
0.9331194226
0.9151826974
0.8888601801
0.8455088765
0.7938271765
0.7430279329
0.7058795081
0.6949292405
0.7042277912
0.7386489717
0.7845731875
0.8388113437
0.8809794312
0.9113535133
0.9494759507
0.9700597727
0.9724604173
0.9738657485
0.9631393828
0.9436152939
0.9125240090
0.8644964538
0.7974571739
0.7271635943
0.6703763860
0.6312363159
0.6092123754
0.6117090913
0.6402261493
0.6685644076
0.6893703600
0.6918408092
0.6804804404
0.6515092941
0.6319144662
0.6164773978
0.6320796118
0.6774754285
0.7249963243
0.7819015123
0.8463206439
0.9026566779
0.9302755074
0.9539932233
0.9759423703
0.9839601696
0.9852144306
0.9859209371
0.9814505762
0.9688536378
0.9627416071
0.9553407323
0.9548571857
0.9732880702
0.9778126314
0.9938959240
1.0032612493
0.9972532002
1.0051859523
1.0167087088
1.0169159115
1.0117919685
1.0087612903
1.0031020278
0.9933154338
0.9937381083
1.0072121452
1.0122880682
1.0049748741
1.0047407481
1.0028819753
0.9883596113
0.9707694997
0.9663727565
0.9634904586
0.9700084556
0.9825259319
0.9847896113
0.9990164256
1.0119554153
1.0265979566
1.0349767001
1.0347115798
1.0333479400
1.0253868384
1.0142453072
1.0111841709
1.0107604520
1.0110856154
1.0208936396
1.0270678052
1.0265318957
1.0314651871
1.0199713970
1.0086387544
0.9828338417
0.9432017801
0.9042435343
0.8684774296
0.8269440165
0.7752541200
0.7219166715
0.6623279623
0.6259578841
0.6233589833
0.6536744343
0.7037257161
0.7630057791
0.8235858053
0.8713564950
0.9097129532
0.9466577105
0.9659609855
0.9850515976
0.9975447985
1.0027733110
1.0021204054
1.0167850874
1.0165502704
1.0076831349
1.0036725211
0.9982071460
0.9963780994
1.0009197583
0.9952086826
0.9900936610
0.9909634008
0.9854936446
0.9831572033
0.9906645347
0.9973401936
1.0034672517
0.9942122601
1.0007713461
1.0025929181
1.0057838748
1.0156272922
1.0019710374
0.9956622128
0.9951409556
0.9982163384
1.0034410770
0.9931669396
0.9883574231
0.9923802178
0.9917688223
0.9848296111
0.9791025184
0.9789569899
0.9797527758
0.9748465322
0.9658685807
0.9604044495
0.9618313189
0.9530080770
0.9505431761
0.9517219028
0.9577092363
0.9656370680
0.9706847815
0.9886091264
0.9949866866
1.0026516264
1.0162284655
1.0187687097
1.0055974183
0.9943111929
0.9916381680
0.9915352513
0.9888982310
0.9882120473
0.9879871178
0.9806856479
0.9832770387
0.9860494548
0.9837674887
0.9691105617
0.9695774626
0.9618273523
0.9504225627
0.9424485171
0.9430675222
0.9459749142
0.9447016711
0.9441304283
0.9449080262
0.9590890828
0.9685152944
0.9730474125
0.9700775442
0.9624247446
0.9582842115
0.9468091755
0.9447651792
0.9587319906
0.9703605830
0.9797711822
0.9850780029
0.9841978162
0.9798527117
0.9710871437
0.9751878514
0.9670367842
0.9724518597
0.9814920133
0.9907201509
0.9967321712
0.9982782821
1.0055791622
1.0095933971
1.0105030726
1.0187475374
1.0232019951
1.0206280311
1.0190301201
1.0104892540
1.0166002868
1.0272192126
1.0212903506
1.0274415062
1.0143310501
1.0136048229
1.0075229101
1.0010791098
0.9921350778
0.9857486445
0.9913717858
0.9958639034
1.0120660565
1.0345100325
1.0372740747
1.0309144563
1.0386857139
1.0437202858
1.0343907718
1.0316989859
1.0182965546
1.0091895211
1.0027326993
0.9945878970
0.9804063469
0.9831871663
0.9785784084
0.9969749015
0.9922116364
0.9899801991
0.9891956949
0.9872106587
0.9754043542
0.9653178848
0.9556245848
0.9457782211
0.9392407662
0.9338374901
0.9359456099
0.9424360394
0.9513340672
0.9571825814
0.9678263800
0.9813103192
0.9867797314
0.9917843062
0.9785927299
0.9818889452
0.9639215380
0.9562784850
0.9490486961
0.9394909543
0.9275907038
0.9203469404
0.9191089622
0.9237645750
0.9372705165
0.9551010337
0.9665240176
0.9669042300
0.9578914638
0.9467158449
0.9370891874
0.9242994482
0.9057780684
0.8980392726
0.8968568335
0.8765871501
0.8374105461
0.7827682756
0.7146451459
0.6483688989
0.5935355206
0.5556042217
0.5361917707
0.5434784704
0.5825849630
0.6467961891
0.7261786276
0.8060978164
0.8665822757
0.9080092595
0.9441682582
0.9635169760
0.9663460983
0.9785984057
0.9926450638
0.9857210582
0.9640924320
0.9523633880
0.9421499679
0.9358102728
0.9186358983
0.9247386807
0.9321475245
0.9369868328
0.9476347068
0.9516013588
0.9546212233
0.9680391905
0.9766006306
0.9796225116
0.9787122990
0.9888060171
0.9883809646
1.0006963077
0.9967659787
0.9898229779
0.9754712547
0.9762256359
0.9697641858
0.9604837679
0.9545537186
0.9372668200
0.9177457241
0.9095972205
0.9039095606
0.8970960961
0.9036633241
0.9271904918
0.9544702116
0.9798173336
0.9991929016
0.9986419947
0.9944928259
0.9809516583
0.9689358600
0.9674641454
0.9623155389
0.9723505039
0.9766101893
0.9900322963
1.0031131790
1.0012266415
1.0024947590
0.9985469337
0.9822119719
0.9683156813
0.9575697791
0.9468264450
0.9462334879
0.9559797076
0.9706677866
0.9764397646
0.9713934418
0.9815198487
0.9956475459
0.9968862003
0.9872329955
0.9975241242
0.9905147703
0.9682011103
0.9500564035
0.9135980798
0.8691603580
0.8094478086
0.7554455267
0.7158922636
0.6950574573
0.7147748916
0.7708000486
0.8279046795
0.8796296426
0.9336952482
0.9664508715
1.0013518547
1.0118237295
1.0014716123
1.0143542929
1.0105544493
0.9961411760
0.9930509001
0.9852803536
0.9900122061
0.9818760955
0.9666271489
0.9599312913
0.9640983437
0.9705384598
0.9784989887
0.9946673165
1.0049403888
0.9987257329
1.0029493433
1.0057619096
0.9868926354
0.9645269251
0.9466304989
0.9401601870
0.9413784863
0.9494116056
0.9479229831
0.9457113021
0.9453351873
0.9306882576
0.9047554645
0.8856191356
0.8776237303
0.8703911650
0.8739153305
0.8969935126
0.9299909411
0.9610461161
0.9864224778
1.0136021889
1.0212635687
1.0245943196
1.0244644694
1.0131878899
0.9967537951
0.9734130172
0.9324293750
0.9004619854
0.8775936615
0.8742475623
0.8672214281
0.8513724884
0.8338932936
0.8177298030
0.7901836264
0.7578051461
0.7603051873
0.7957331058
0.8159007844
0.8224853137
0.8315191449
0.8409334545
0.8534457737
0.8650837758
0.8921138354
0.9078230865
0.9264127265
0.9641022613
0.9739254752
0.9811583353
0.9914270512
1.0072717568
1.0085920160
0.9965392874
0.9786816562
0.9606187226
0.9473098550
0.9416044306
0.9398755328
0.9347563270
0.9314664470
0.9373450521
0.9478144787
0.9459579028
0.9491275441
0.9606959748
0.9627809101
0.9744763274
0.9734710691
0.9723879177
0.9903637614
0.9932232196
0.9880939988
0.9859786926
0.9817727580
0.9762971124
0.9723735196
0.9678453917
0.9638116368
0.9630746695
0.9643678802
0.9690868427
0.9765761190
0.9714693975
0.9703975597
0.9755240312
0.9842208149
0.9812578036
0.9709700526
0.9677115101
0.9673978634
0.9584859789
0.9550656846
0.9545872559
0.9577046893
0.9678323551
0.9846648788
0.9998911986
1.0029642908
0.9931505351
0.9762511760
0.9569103255
0.9401493621
0.9176546398
0.9058108450
0.9018300849
0.9180160773
0.9364447654
0.9488619444
0.9717300682
0.9768607719
0.9807918603
0.9880451723
0.9954165545
1.0005923933
1.0102692988
1.0159639816
1.0159114348
1.0213249962
1.0237114292
1.0119198143
1.0023161155
1.0042276062
1.0169895898
1.0138820901
1.0124893302
1.0093307443
1.0190946807
1.0134641674
0.9825383934
0.9622727109
0.9337235170
0.9021780709
0.8669799197
0.8454255525
0.8413901201
0.8405546189
0.8427547723
0.8568382420
0.8766243081
0.8977314400
0.9221399959
0.9404948579
0.9614845985
0.9772461565
0.9859702893
0.9958239981
0.9999857414
0.9946667094
0.9997530119
1.0056567990
1.0236287292
1.0351723933
1.0394385393
1.0359186182
1.0296322152
1.0298426876
1.0266241898
1.0219565951
1.0159912835
1.0053993961
1.0005861878
1.0018336694
1.0013584238
0.9948289025
1.0001665601
1.0066512878
1.0011743244
1.0103019353
1.0261199974
1.0346105547
1.0321223561
1.0289364113
1.0354312084
1.0499196053
1.0377622700
1.0263816811
1.0131432111
0.9992569949
0.9931195752
0.9895306691
0.9833328068
0.9804846016
0.9894802779
0.9935103497
0.9888545159
0.9858619722
0.9817387894
0.9808570926
1.0030695294
1.0017180062
0.9787161847
0.9555233214
0.9280042393
0.8805321600
0.8252869976
0.7597005834
0.6858905504
0.6153581290
0.5697979179
0.5606904479
0.5850514171
0.6302087597
0.6843006711
0.7531291814
0.8212472568
0.8796000754
0.9201257627
0.9425942186
0.9539631091
0.9655948972
0.9807125108
0.9894726386
0.9915970424
0.9985973732
0.9952787567
0.9937171992
0.9887033835
0.9790768190
0.9670546972
0.9490570491
0.9194146656
0.8866560053
0.8647328980
0.8522948076
0.8511184918
0.8578049845
0.8765005971
0.8953684057
0.9137412354
0.9416909532
0.9680574322
0.9827365206
0.9992841134
1.0121410962
1.0245980436
1.0168689108
1.0020244193
1.0019039495
1.0057212256
1.0043634119
1.0039987377
1.0126493882
1.0283366186
1.0346243818
1.0266915840
1.0247318796
1.0280276499
1.0109060770
0.9969778181
0.9734907106
0.9277257165
0.8901177498
0.8493245941
0.8351569509
0.8359412750
0.8549343386
0.8793006196
0.8994652545
0.9224943584
0.9396142769
0.9498941581
0.9636792030
0.9786516830
0.9861434961
0.9880872389
0.9911410007
0.9831530294
0.9525873373
0.9098100133
0.8557534019
0.8011103093
0.7404519318
0.6953236907
0.7038746090
0.7297746720
0.7573880947
0.7996832931
0.8636134960
0.9208369491
0.9597575412
0.9824932219
0.9912178214
0.9969211854
1.0085465477
1.0167273113
1.0167867074
1.0209219822
1.0181407539
1.0185620035
1.0073899440
1.0160399583
1.0172619846
1.0050739012
0.9875009379
0.9804675504
0.9727014890
0.9770810371
0.9753185512
0.9681185791
0.9702278769
0.9805495602
0.9921394327
0.9999218222
0.9979825313
0.9963860896
1.0019817739
0.9904856542
0.9755157214
0.9575698205
0.9343961592
0.9312552623
0.9259301487
0.9172424100
0.9154099198
0.9247259410
0.9370986178
0.9544623590
0.9629307808
0.9696519932
0.9639591451
0.9590911973
0.9489787384
0.9275750158
0.9010047031
0.8675371250
0.8348104149
0.8136733926
0.7960179304
0.7966021645
0.8055505613
0.8118876906
0.8281830558
0.8393115749
0.8522784731
0.8812572370
0.8985389502
0.8916067685
0.8998473550
0.8889993741
0.8775791124
0.8784181119
0.8886327553
0.9059598493
0.9172982991
0.9128661453
0.9098385625
0.9214347959
0.9260664308
0.9136245848
0.9100281640
0.9170401727
0.9182250257
0.9147928295
0.9149737812
0.9172097136
0.9102513117
0.9138426874
0.9271424990
0.9432060889
0.9469501008
0.9531027442
0.9564457677
0.9500733605
0.9458452353
0.9437818068
0.9382656319
0.9353462801
0.9283008043
0.9127884324
0.9081548437
0.9163347864
0.9252052468
0.9244962285
0.9374512565
0.9354006854
0.9291697435
0.9315729195
0.9294185835
0.9423306353
0.9390229159
0.9356189678
0.9477516229
0.9596538295
0.9708096250
0.9783784561
0.9774525826
0.9765781904
0.9777875711
0.9785628482
0.9737313253
0.9678254782
0.9640592839
0.9515712713
0.9318511080
0.9335109682
0.9204597893
0.9158946094
0.9035194834
0.8947884369
0.8985863297
0.9066992233
0.9191896916
0.9273729135
0.9363760226
0.9509395756
0.9646554893
0.9692796041
0.9647647825
0.9541930373
0.9358346246
0.9271636028
0.9151211940
0.9104779021
0.9150972899
0.9051929027
0.9031487776
0.8973696315
0.8958091804
0.8824426562
0.8625191027
0.8645560711
0.8665864984
0.8772165379
0.8931641596
0.9068539635
0.9275390899
0.9442060163
0.9480289369
0.9527052307
0.9471549065
0.9376376400
0.9394517560
0.9432958473
0.9556387641
0.9554004640
0.9553478353
0.9589635038
0.9792053045
0.9901174230
0.9902527592
0.9860966306
0.9727464261
0.9581822932
0.9491925601
0.9533489529
0.9602125326
0.9555020818
0.9539502221
0.9629357180
0.9632597934
0.9614280298
0.9551922057
0.9403948051
0.9301868235
0.9205799456
0.9225262151
0.9349787348
0.9402649342
0.9494820740
0.9406611222
0.9240149903
0.9049618354
0.8931095789
0.8924939167
0.8886009478
0.8807080311
0.8864438412
0.9011722027
0.9170340851
0.9372613240
0.9457545287
0.9496259886
0.9640970980
0.9743391515
0.9865110277
0.9829573175
0.9781058440
0.9625624061
0.9574455933
0.9657803337
0.9590614545
0.9529027672
0.9746401364
0.9759893500
0.9650607884
0.9632780313
0.9613162443
0.9423524905
0.9135059955
0.8955277351
0.8968067695
0.9126596262
0.9264164765
0.9374212918
0.9485885886
0.9737001191
0.9951610444
0.9898788862
0.9825946272
0.9740938627
0.9621571812
0.9698713075
0.9877451121
0.9833050335
0.9771064524
0.9825324706
0.9950345343
1.0010734157
0.9973020670
0.9846292813
0.9654594593
0.9570541079
0.9573282287
0.9508740418
0.9519730486
0.9621957057
0.9700655314
0.9708579764
0.9653809847
0.9494995808
0.9346540379
0.9163302671
0.8761661256
0.8272306364
0.7613233983
0.6909317031
0.6339252638
0.5893621769
0.5562663717
0.5498628699
0.5720510058
0.6121159737
0.6771418883
0.7513301000
0.8112639229
0.8613070378
0.9092443067
0.9542192372
0.9811433543
0.9956289990
0.9785805948
0.9669589757
0.9688207273
0.9607753195
0.9524167580
0.9468897582
0.9538534103
0.9709524938
0.9719765165
0.9711598545
0.9963573029
1.0268611284
1.0368245132
1.0308171766
1.0308185832
1.0235691537
0.9974273346
0.9651751415
0.9258939740
0.8822092646
0.8403809873
0.8198126027
0.8209983586
0.8369782777
0.8683289860
0.8980313485
0.9282172125
0.9480830165
0.9545937775
0.9603343117
0.9635313900
0.9569872544
0.9488499502
0.9431122161
0.9382213926
0.9360869378
0.9256087003
0.9226058146
0.9101347301
0.8944690734
0.9060269845
0.9257969786
0.9541094837
0.9845361469
1.0023287989
1.0169453008
1.0117670208
0.9885579996
0.9652184230
0.9400506827
0.9104088380
0.8888799467
0.8695377938
0.8391811198
0.8186267927
0.8140742840
0.8268290756
0.8448357205
0.8586110652
0.8800216855
0.8832325402
0.9084520214
0.9193586441
0.9201204232
0.9445608748
0.9678301846
0.9814174511
0.9790617641
0.9703911477
0.9656777540
0.9708297101
0.9739920017
0.9688021277
0.9699806619
0.9776421301
0.9844271066
0.9831078928
0.9740719224
0.9778440483
0.9753096257
0.9774323247
0.9832872454
0.9874205078
0.9936203326
0.9873207895
0.9825852521
0.9802351136
0.9755011076
0.9669947806
0.9629809371
0.9660235818
0.9740123429
0.9763871444
0.9719972266
0.9792712452
0.9983668443
1.0164845526
1.0241174719
1.0396589239
1.0507465788
1.0349790543
1.0233515287
1.0177260223
1.0170694202
1.0043311805
0.9977013774
1.0013513557
1.0014953189
1.0038608245
1.0157767664
1.0269210709
1.0291630284
1.0326375486
1.0406877927
1.0428722241
1.0320507353
1.0081451512
0.9982650333
0.9864637705
0.9509072179
0.9384383862
0.9296886433
0.9245174609
0.9255761096
0.9357260116
0.9383906735
0.9497231560
0.9690633918
0.9929494276
1.0214565793
1.0426603161
1.0549413172
1.0574348652
1.0530769937
1.0492884097
1.0403434398
1.0303510063
1.0336939559
1.0215352015
1.0085005262
1.0036852098
0.9953485909
0.9824666618
0.9658111975
0.9607045894
0.9859903954
1.0080210567
1.0266258164
1.0390017378
1.0471793322
1.0470864073
1.0444591289
1.0332424684
1.0188663535
1.0102011885
0.9986386325
0.9871897657
0.9769802593
0.9537568473
0.9359488985
0.9178509310
0.9019768479
0.8822543118
0.8671831875
0.8946430381
0.9106848928
0.9207550136
0.9467562026
0.9623019630
0.9707834086
0.9887986091
1.0119993805
1.0278073216
1.0311136040
1.0254001686
1.0183290217
1.0114246729
0.9933029927
0.9610084911
0.9390312794
0.9235815676
0.9226281995
