#flux
1.0051213956
1.0062413664
1.0040239058
0.9994855440
0.9752356426
0.9800486496
0.9841852076
0.9955425552
1.0326167194
1.0361441926
1.0102233937
1.0105794834
1.0255733117
1.0316921062
1.0383680253
1.0281077510
1.0116432180
1.0141867508
0.9865751299
0.9763663258
1.0017064648
1.0285027488
1.0280125321
1.0048271555
0.9853970472
1.0078171093
0.9953633779
0.9741626034
0.9627824234
0.9515089100
0.9447966569
0.9513795932
0.9566057427
0.9484337219
0.9715036486
1.0410318327
1.0315656723
0.9861796122
0.9178865757
0.8522339008
0.7560907968
0.6311277536
0.5552232037
0.5740370459
0.6805261355
0.8301916922
0.9215962407
0.9690612738
0.9890234494
0.9896989921
0.9796792350
0.9777007876
1.0098272170
1.0495229245
1.0373670895
1.0013329144
1.0028530166
1.0140985312
1.0083139770
1.0001616868
1.0056109508
1.0008736690
0.9741738670
0.9737622158
0.9774274965
0.9731943504
0.9794573146
0.9665972577
0.9363395965
0.9072032736
0.9087819411
0.9422663074
0.9611609116
0.9648300554
0.9825716632
0.9824001521
0.9827841476
0.9956052267
0.9967128648
0.9978361088
1.0005198220
0.9949208992
0.9733899468
0.9450587330
0.9521050731
0.9699585598
0.9996039322
0.9830973169
0.9428256605
0.9301253611
0.9435958991
0.9512838186
0.9470210911
0.9470883219
0.9545511641
0.9680070026
0.9812457020
0.9485085200
0.9132955753
0.9109755541
0.9388226143
0.9473767634
0.9310522853
0.9498105552
0.9738782289
0.9742717685
0.9700471743
0.9824245035
1.0029578398
1.0051829961
0.9882517088
0.9696909827
0.9615986776
0.9666275374
0.9778534683
0.9879941382
0.9925058073
0.9779459821
0.9768805122
0.9912484930
1.0050794177
0.9861626426
0.9673000113
0.9820228665
0.9889276101
0.9953852038
0.9786317739
0.9643769095
0.9795670417
0.9748822324
0.9537901294
0.9612958174
0.9856286412
0.9787656201
0.9484993094
0.9320842888
0.9295830557
0.9527241164
0.9824530358
0.9789353579
0.9740387620
0.9713300198
0.9468421047
0.9558387064
1.0056988704
1.0117225941
1.0063622743
0.9993114569
1.0029529488
0.9931154952
0.9792635159
0.9685174316
0.9598372973
0.9583528903
0.9615217107
0.9566575016
0.9452202596
0.9439354158
0.9401673225
0.9103462094
0.8902505211
0.8932845365
0.9189119744
0.9342639244
0.9317773086
0.9459460694
0.9731608978
0.9560065038
0.9382226717
0.9004393089
0.8877971158
0.9165355633
0.9314873948
0.9155839880
0.9036802408
0.9111952805
0.9253123259
0.9268591137
0.9150569666
0.9124639905
0.9107954960
0.9324174512
0.9146746072
0.9187307367
0.9039454516
0.9068758447
0.9205532269
0.9221926536
0.9212654859
0.8965578281
0.8363330127
0.7515780030
0.6720325867
0.5895553745
0.5159244587
0.4937967814
0.5238525349
0.5927591493
0.6670457410
0.6900855514
0.6611666012
0.6686739904
0.6285943877
0.5586198751
0.4878607529
0.4252793604
0.3899377758
0.3584879147
0.3180862284
0.2780863094
0.2416450468
0.2082524467
0.2024301914
0.2173896402
0.2474062199
0.2753893938
0.2792200286
0.2899477218
0.3009789592
0.3275788577
0.3670852989
0.4024769636
0.4480177389
0.5222839054
0.5925871120
0.6768564182
0.7046351131
0.7308412567
0.7556660011
0.7801152435
0.8116597504
0.8224108700
0.8070875075
0.8109107341
0.8339203542
0.8512985421
0.8565919440
0.8409603183
0.8348896771
0.8432865987
0.8500987590
0.8640389012
0.8683374789
0.8659835733
0.8748013884
0.8798061497
0.8740371170
0.8724128842
0.8626724664
0.8679949497
0.8905373650
0.9078938083
0.9119721495
0.9136335006
0.9099421698
0.8982678188
0.9001325440
0.9123756537
0.8954428374
0.8709810981
0.8854055003
0.9004880565
0.8972626277
0.8881770493
0.9093787301
0.9320949919
0.9380033666
0.9462276518
0.9511694636
0.9297500755
0.9323736385
0.9464292911
0.9363301039
0.9217543492
0.9115795781
0.9177745357
0.9453100779
0.9584522464
0.9484296578
0.9301878809
0.9236796520
0.9353292290
0.9433474157
0.9902512054
0.9731647236
0.9896750689
0.9494166070
0.9567816919
0.9719285968
0.9697995545
0.9614034894
0.9578139476
0.9487406240
0.9145909880
0.8811114227
0.8633779025
0.8886940820
0.9447461979
0.9637301075
0.9879017698
0.9775727917
0.9893167440
0.9988414009
0.9749411549
0.9591503417
0.9638594340
0.9629632624
0.9876178320
0.9775810652
0.9748885278
0.9517337304
0.9478990788
0.9603039279
0.9574098389
0.9542486747
0.9615366411
0.9466547319
0.9030099241
0.8672323005
0.8563724916
0.8633982311
0.8458078973
0.8475423477
0.8855702802
0.9130831103
0.9628762457
0.9631664331
0.9499361719
0.9637908716
0.9705273713
0.9603718256
0.9540540953
0.9586995043
0.9896798791
1.0193972447
1.0229252437
0.9987480247
0.9857559084
1.0103974038
1.0110614796
0.9765986424
0.9418793997
0.9360670784
0.9636633756
0.9713773053
0.9897513553
0.9862316242
0.9808411477
0.9940569352
1.0034174430
0.9797156064
0.9526993376
0.9476111411
0.9605279991
0.9743912231
0.9776075525
0.9765666669
0.9827536708
1.0051094076
1.0397578882
1.0431803374
1.0082448624
1.0265118061
1.0298426557
0.9947233827
0.9855607053
1.0061465793
1.0073163094
0.9900272908
0.9776760453
0.9641154113
0.9546853544
0.9547574806
0.9597012311
0.9610133656
0.9525897938
0.9281496303
0.8958293667
0.8770656180
0.8793124979
0.8974863183
0.9297824735
0.9633276778
0.9746046071
0.9826986994
0.9525185818
0.9719964441
1.0011670377
0.9843064435
1.0104599143
1.0278759374
1.0181101805
0.9904362032
0.9723338104
0.9882272519
1.0208930042
1.0341005728
1.0022579550
0.9648137465
0.9770813820
0.9931590185
0.9684295686
0.9216293499
0.8933621886
0.9095483308
0.9510941324
0.9599559981
0.9765091970
0.9991502071
0.9718666031
0.9877249291
0.9593329420
0.9570718874
0.9572532370
0.9246682279
0.8954636599
0.8757217701
0.8634889574
0.8837329528
0.9307407344
0.9707455196
0.9858195635
0.9838997026
0.9775081195
0.9755926858
0.9803190629
0.9490399690
1.0143381137
1.0157423309
1.0158459029
0.9985928365
0.9786398211
0.9513220589
0.9050431015
0.8471855546
0.7997340111
0.7809341224
0.7940697629
0.8237772948
0.8444120698
0.8700499379
0.9369207027
0.9923056442
1.0246289838
1.0035055529
0.9647170132
0.9760285805
1.0088178407
1.0255792450
1.0099184952
0.9885072348
0.9961181471
0.9953244114
0.9887602205
0.9987185170
0.9871077972
0.9898400711
1.0085479482
0.9939644870
0.9824848923
1.0066647466
1.0107479734
1.0089746168
1.0129290470
1.0096479506
0.9925275070
0.9810866988
1.0201256010
1.0099820295
1.0192205306
1.0229006114
1.0244564865
1.0117582640
1.0024215939
1.0177592915
1.0215109209
0.9955507859
0.9721226230
0.9764352538
0.9941894466
0.9980618024
0.9795357115
0.9622959125
0.9799949164
0.9969913561
0.9645045597
0.9569610444
0.9655724074
0.9739070031
1.0172481165
1.0253879025
0.9975221730
0.9876371509
0.9947596350
1.0029628871
1.0115142167
1.0033036172
0.9870155377
0.9835752748
0.9881433773
0.9831932312
0.9672571334
0.9687938118
0.9920923796
0.9637326830
0.9760007806
0.9989109510
1.0067816894
1.0023083992
0.9962471588
0.9950173648
0.9993321206
1.0136092270
1.0072176413
0.9729684865
0.9539773083
0.9473509555
0.9488655144
0.9650234003
0.9652453576
0.9602226131
0.9927147129
1.0107649067
0.9983597735
0.9934526653
1.0068234386
1.0127711123
1.0131142287
1.0178794838
0.9784822259
0.9962230491
1.0127169423
1.0216924551
0.9965216758
1.0059045347
1.0257808668
1.0201514731
0.9889986670
0.9919120869
1.0256060981
1.0305570392
1.0190950758
1.0177296280
1.0159346058
1.0340594088
1.0511091124
1.0271118164
0.9910861431
0.9694216032
0.9958543584
1.0147003934
1.0120655557
0.9784950044
0.9771668242
1.0117862355
1.0274364735
1.0290990552
1.0253831193
1.0108774079
1.0019069911
0.9944081166
0.9819551885
0.9865959720
0.9994658108
1.0338390041
1.0247989701
1.0135186141
0.9879619313
0.9920223351
0.9998469829
0.9994502870
0.9931376147
1.0143729483
1.0326029280
1.0334140089
1.0289718031
1.0145979234
1.0049052624
1.0063909044
1.0011703628
1.0083559293
1.0142737681
0.9808935643
0.9801291174
1.0064229966
1.0018006355
0.9884896343
1.0258670914
1.0333252003
1.0248694205
0.9736493760
0.9546683212
0.9870756812
0.9933349731
0.9837200485
0.9715559139
0.9743329563
0.9898384944
0.9890278967
0.9883153302
0.9949528097
0.9831324685
0.9605672407
0.9358329919
0.9117970158
0.9409401594
0.9639582069
0.9703986485
0.9881089543
1.0016915304
1.0165575267
1.0287286071
1.0056255391
0.9931775883
1.0150030317
1.0421349993
1.0260210125
1.0026664298
1.0175295530
1.0340798329
1.0166736954
1.0005703825
1.0124507892
1.0266063314
1.0261490098
1.0062810821
0.9967911105
1.0057218124
1.0203125494
1.0158985035
0.9877895858
1.0001354598
1.0260064868
1.0154157525
0.9884319273
0.9899609159
0.9938758976
1.0166967900
1.0455067393
1.0580208204
1.0451544680
1.0170744685
0.9953803337
0.9873312059
0.9955842873
1.0191528720
1.0399762211
1.0433110075
1.0305626165
1.0104339612
1.0017063092
1.0096224372
1.0135136098
0.9894067874
0.9826094969
1.0104054286
1.0041298266
0.9895624621
0.9820973754
0.9957807189
1.0123956606
1.0241845961
1.0210915982
1.0012635197
1.0229925282
1.0418068250
1.0198587458
1.0184301153
1.0372891977
1.0320269999
1.0303131254
1.0141907547
0.9896154763
0.9961357656
0.9838816563
1.0051223244
1.0000539633
0.9739758633
0.9913282723
1.0345514609
1.0354489631
1.0170561882
1.0323874060
1.0509339192
1.0314273146
0.9926395348
0.9813447950
1.0073232834
1.0185191151
1.0088541738
1.0280348028
0.9982663506
1.0091688648
1.0110220784
1.0263295007
1.0338391672
1.0282469094
1.0256856536
1.0211580659
1.0138796752
0.9982573262
0.9959251426
1.0104715384
1.0121445320
0.9982142283
0.9880034304
1.0121601517
1.0208410239
1.0038950182
1.0029597962
0.9861295032
0.9784047426
0.9280562897
0.8604960442
0.8088379907
0.7727899811
0.7951535345
0.8381716738
0.8884776335
0.9503488431
0.9945389481
0.9968132138
0.9803439004
0.9742308982
0.9883027969
1.0105216747
0.9882547753
0.9457000261
0.9105257764
0.8686690448
0.8379843608
0.8229946545
0.8034411810
0.8464655016
0.9470033910
0.9701884391
0.9614996229
0.9962081784
1.0174560704
1.0349471002
1.0149606039
0.9965145650
1.0097747388
1.0183794830
1.0167831118
1.0066085343
1.0046083580
1.0219202704
1.0486718042
1.0222351961
1.0035225443
1.0051648342
1.0129702608
1.0293632219
1.0253466014
1.0241900352
1.0262091719
1.0127608279
0.9726954554
0.9359289597
0.9401614486
0.9725864200
0.9947187030
1.0013179928
1.0084671197
1.0175155592
1.0194566101
1.0029413432
0.9968731201
1.0268995961
1.0565980200
1.0425961195
1.0151036929
0.9885456643
1.0108266584
1.0548379775
1.0586230543
1.0318752872
1.0310337453
1.0458399223
1.0248945223
1.0080620913
1.0031626790
0.9977037773
1.0008932666
1.0072506115
1.0230889682
1.0156129063
1.0210108711
1.0155113242
0.9836048961
0.9686137174
0.9930075648
0.9776922118
0.9638862149
0.9702465601
0.9888172069
1.0189372441
1.0477968046
1.0417084027
1.0207945773
1.0131269396
1.0115150140
1.0018892708
0.9820476200
0.9630097838
0.9620843061
0.9753351181
0.9867551211
0.9552559136
0.9144223504
0.9332974456
0.9535173621
0.9379716158
0.9496549691
0.9892223286
0.9566077099
0.9306571801
0.9465728343
0.9795933501
0.9841981254
0.9748751725
0.9878524597
1.0175049477
1.0316708396
1.0196543173
1.0034399257
1.0022924318
1.0093104554
1.0332612631
1.0401493454
0.9995231788
0.9868580520
1.0077695582
1.0377468524
1.0484353153
1.0095626452
0.9900591816
1.0186940760
1.0278941434
0.9995328209
1.0038708234
1.0264772196
1.0349516751
1.0272161889
1.0201354895
1.0180767002
0.9893565613
0.9981971607
1.0301275767
1.0400963867
1.0369025761
1.0598009817
1.0359460693
1.0143121098
0.9923900185
0.9987321769
1.0207368675
1.0149536373
1.0045278842
1.0098680382
1.0133961304
1.0083287893
1.0139803742
1.0353474995
1.0398597204
1.0253000715
1.0289826219
1.0285421306
1.0278557228
1.0314504177
1.0261650673
1.0457977078
1.0750704459
1.0019496935
0.9954139754
0.9989545489
1.0134264127
1.0129743374
0.9911592590
0.9433866942
0.8909326126
0.8904973607
0.9210156377
0.9383167195
0.9309109407
0.9115390527
0.9247707246
0.9715946318
0.9978059508
1.0037641543
1.0171537503
1.0188105225
0.9999329426
0.9828363910
0.9924364432
1.0235106621
1.0186902921
0.9974147083
0.9904646443
0.9715417236
0.9944271205
1.0071864097
0.9914139756
1.0004313462
1.0164796694
0.9998872029
0.9778240163
0.9620069134
0.9362783760
0.8905675285
0.9309581699
1.0028111569
1.0235333846
0.9818159397
0.9716407087
0.9983534388
1.0009221422
1.0131835585
1.0395817059
1.0292864240
1.0022694889
0.9803946363
0.9693065492
0.9713372131
0.9772607544
0.9797734807
0.9780411972
0.9628224821
0.9428783148
0.9415971058
0.9491994063
0.9529738478
0.9553660325
0.9850232224
1.0067667989
0.9975855893
1.0158751304
1.0072718585
1.0030428828
1.0013987113
1.0183940450
1.0318505778
1.0260219946
1.0222627704
1.0311082068
1.0293021062
1.0136885109
1.0078827326
1.0079492789
1.0134328261
1.0040020759
0.9996825029
0.9853807057
0.9644793623
0.9693630043
1.0152204013
1.0083358809
1.0370607379
1.0521189563
1.0226667068
0.9795555458
0.9593449849
0.9609457228
0.9653317524
0.9605787512
0.9626178365
0.9833661268
1.0052832607
1.0207459993
1.0225247415
1.0155960507
1.0266619101
1.0074724602
0.9835906083
0.9668837707
0.9985242171
1.0250486267
0.9950680877
0.9687235719
0.9870894001
1.0074231354
0.9538774594
0.8814105787
0.8570762075
0.8757194596
0.8897487056
0.9009450375
0.9215763119
0.9330956432
0.9820640890
0.9723345422
0.9774566753
0.9584102565
0.9752531661
0.9774904762
0.9693990454
0.9769496308
1.0181334996
1.0098629988
1.0120486633
0.9993090526
0.9824238266
1.0086824054
1.0405429152
1.0372217159
1.0056441410
1.0027153535
1.0370199291
1.0427484445
1.0449612178
1.0316208559
1.0287346884
1.0399083487
1.0331004011
1.0320018836
1.0433594883
1.0344224246
1.0108276277
1.0189980566
1.0217790378
0.9966606785
0.9924013873
1.0070480970
1.0178561238
1.0179491947
1.0195268580
1.0321323782
1.0286921900
0.9958186282
0.9782662530
0.9774396251
0.9927582044
0.9979964666
1.0231149034
1.0340946819
1.0194717537
0.9978428716
1.0299824323
1.0524866276
1.0523568713
1.0336391139
1.0053728443
1.0041221572
1.0110395458
1.0072898362
0.9994357033
1.0080114267
1.0368143654
1.0418348633
1.0029031968
0.9836903593
0.9981192810
1.0150032703
0.9779351784
0.9229164698
0.9848657745
1.0260810337
1.0245742856
0.9742849521
0.9823254760
0.9581122977
0.9618316939
0.9731289591
0.9806960720
1.0092765833
1.0239925396
1.0216135447
1.0382085819
1.0536936508
1.0504197103
1.0539165965
1.0675888194
1.0515954855
1.0242329686
1.0510383548
1.0524808534
1.0320519513
1.0624244924
1.0065227229
0.9578620077
0.9660551606
1.0095343942
1.0211108987
0.9960499545
0.9778625561
0.9782878664
0.9996570014
1.0327764861
1.0320499772
1.0025387459
1.0129806264
1.0358298963
1.0353262870
1.0270452268
1.0117960316
1.0223157558
1.0153338426
0.9939754932
0.9999491594
1.0129527957
1.0246047115
1.0067789479
0.9674862233
0.9649226179
0.9954513858
1.0035969274
0.9934731825
1.0147286903
1.0513639352
1.0348504021
0.9795551856
0.9731366249
1.0008806228
1.0299205142
1.0372271566
1.0003447367
0.9980189550
1.0300583564
1.0272481470
1.0122107273
1.0018177477
0.9825915587
0.9699947434
0.9789955112
0.9971265419
0.9948624253
0.9825854372
0.9785251195
0.9774149310
0.9750329822
0.9780357384
0.9853418526
0.9758365928
1.0206518620
1.0271180085
1.0376119809
1.0089377189
0.9696521935
0.9816878422
1.0112025762
1.0556693646
1.0511709137
1.0249128663
1.0271234754
1.0196351111
0.9854881533
0.9836308965
1.0148833658
1.0300784207
1.0130107212
0.9962283865
1.0323189689
1.0482558683
1.0205462588
0.9972590255
0.9862355836
1.0318971324
0.9863980968
0.9541491170
0.9735807652
1.0106798519
1.0284137793
1.0212927156
1.0043593690
0.9964242668
1.0179592129
1.0165736943
0.9899394374
0.9837773651
0.9988052312
1.0064392054
0.9921917564
0.9885716824
0.9809133885
0.9996184446
0.9920212716
0.9920773870
0.9998336120
0.9881425547
1.0327751392
1.0270158212
0.9871212741
0.9933148925
1.0096770563
0.9898112737
0.9946421799
1.0215846593
1.0178208766
1.0069425014
1.0090941061
1.0091299869
1.0169431687
0.9951441393
0.9861263549
1.0072035843
0.9871139358
1.0003659343
1.0073645638
1.0044748433
1.0390709096
1.0299752745
1.0210905651
1.0078859552
0.9964895125
1.0233896474
1.0255676659
1.0060304261
1.0183660699
1.0396537070
1.0374569659
1.0222660298
1.0021584869
1.0009381123
1.0055477474
1.0020431767
0.9589459449
0.9881669466
1.0231374904
1.0411483349
0.9916055455
0.9657169469
0.9759516791
1.0042431979
0.9805609483
0.9719917355
0.9787058094
0.9858450325
0.9983907577
1.0200884675
1.0313390163
1.0185548674
0.9916948717
0.9660442336
0.9843753566
1.0259989572
1.0400568763
1.0205779511
0.9848414192
0.9738372789
0.9889406748
0.9764868430
0.9570732578
0.9679392300
0.9909861501
0.9581286449
0.9131342766
0.9341541683
0.9766761201
0.9674400235
0.9408070575
0.9591523612
0.9903081597
0.9871560355
0.9862625286
0.9977161617
1.0205359019
1.0040596698
1.0057229988
1.0142988965
1.0146532808
1.0057078509
1.0169501727
1.0130018304
0.9887743304
0.9990512845
1.0097477874
1.0050125630
1.0092373945
1.0126480491
1.0036137403
0.9898878659
0.9706916988
0.9685101658
1.0033770504
1.0069704159
0.9823693171
0.9609067717
0.9709801153
0.9881253384
0.9722570714
0.9596163265
0.9717111919
0.9912898251
1.0126028814
0.9918014887
0.9776172375
0.9892438991
0.9939123154
0.9902952538
0.9846227972
0.9787591921
0.9680510983
0.9551040288
0.9708718372
0.9821694754
0.9774048828
0.9575373989
0.9863151337
0.9827256585
0.9953324663
0.9851951600
0.9953971867
0.9881041337
0.9921897975
1.0104869733
0.9899199824
0.9616807408
0.9963678656
1.0372377432
1.0273645861
1.0088330210
1.0101208176
1.0087658828
1.0011151336
0.9868300550
0.9856282095
1.0360508231
1.0123863162
0.9868562823
0.9725156055
0.9857237514
1.0421887091
1.0325672938
0.9974765401
0.9935888539
1.0173516457
1.0075145210
0.9854458852
0.9750805275
0.9775437454
0.9698265884
0.9454740261
0.9550459521
1.0019722403
1.0101604213
1.0036191530
0.9945281340
1.0099478610
1.0095375300
1.0208892244
1.0270513909
1.0345348367
1.0136807142
1.0146145397
1.0272915398
1.0164064535
1.0026928637
1.0009814007
1.0141162556
1.0231932063
1.0263722093
1.0268215471
1.0139288252
0.9930963625
0.9854146039
0.9989976717
0.9759000371
0.9504363620
0.9654867888
0.9446930777
0.9336822476
0.9525894933
0.9641725056
0.9890979309
0.9870334683
0.9918641732
1.0128684299
1.0271582493
1.0075502817
0.9874689753
0.9810801636
0.9848995232
1.0060404243
1.0032579605
0.9565793383
0.9566907506
0.9981115359
1.0074648172
0.9839024530
0.9879103463
0.9917949630
0.9779398819
0.9766311113
0.9808859992
0.9817506280
0.9582755707
0.9166238473
0.8890598461
0.8821942831
0.8924977134
0.9130254332
0.9170091304
0.9113334889
0.9210080518
0.9163292389
0.8990799793
0.9165145921
0.9272051506
0.9278538657
0.9268090609
0.9319468768
0.9952586246
0.9641552967
0.9561850716
0.9595810448
0.9896669669
1.0280032497
1.0108130112
0.9780631959
0.9757592628
0.9729177055
0.9683632035
0.9630125229
0.9450939445
0.9514020460
0.9685107447
0.9526378225
0.9283300994
0.9415699524
0.9797921236
0.9606293737
0.9075698520
0.9360702212
0.9854526156
1.0191648812
1.0161556836
1.0050158344
0.9971727903
0.9584906410
0.9509473299
0.9629192246
0.9634032121
0.9663919998
0.9573368381
0.9356089146
0.9531252527
0.9905307309
0.9817556225
0.9632469852
0.9786697593
0.9865935887
0.9925985364
0.9691185562
0.9836999814
0.9779586418
0.9603379482
0.9630369255
0.9776789581
1.0064161147
1.0004487547
1.0014342363
1.0083380451
1.0004923792
0.9843399136
0.9774595626
1.0084820233
1.0143350487
0.9987459797
0.9966457608
0.9811089145
1.0028378717
0.9983695825
0.9968710252
0.9641992300
0.9569765420
0.9663759905
0.9650663521
0.9805614838
1.0161460225
1.0341230395
1.0242576808
0.9816265556
0.9568638343
0.9797780443
0.9997574563
0.9891376850
0.9648032951
0.9715736086
0.9978222533
0.9775090331
0.9998608234
0.9933118255
1.0020795873
1.0251119383
0.9795697342
0.9900922523
0.9975498121
1.0074477131
1.0003417581
0.9909887233
0.9856026724
0.9789293132
0.9752245420
0.9843640617
0.9870167482
0.9662075581
0.9503319687
0.9427358872
0.9620289661
0.9800714422
0.9698105892
0.9803938380
0.9808806741
0.9887323975
0.9692087527
0.9707871257
1.0278482313
1.0539902442
1.0171016515
0.9862914679
0.9950214940
1.0348451144
1.0354769226
0.9699450937
0.9336246725
0.9704271683
0.9916937204
0.9747436353
0.9577003610
0.9863535854
1.0649524847
0.9990854514
0.9622106895
1.0300227074
1.0363746377
0.9995079093
0.9764193992
1.0244773209
1.0394379221
1.0115089180
0.9631443828
0.9636801101
0.9908805876
1.0074499532
1.0097607962
0.9984776082
1.0077180255
1.0101838906
0.9564570506
0.9701205456
1.0179154396
1.0605801716
1.0128032223
0.9341143507
0.9608327578
0.9723915420
0.9535432981
0.9816150972
0.9857616443
0.9829819454
0.9782216232
0.9575807790
0.9623409187
0.9722423445
0.9500982325
0.9188574282
0.8847467647
0.8300954776
0.7664474699
0.7859350245
0.8258675812
0.8845691820
0.9214301835
0.9123503383
0.9661724235
0.9977712931
0.9821241389
0.9489337461
0.9677760054
1.0025448695
1.0178443577
0.9681937678
0.9349193222
0.9718071661
0.9990007107
0.9764669335
0.9634876167
0.9779535947
0.9857854906
0.9748942085
0.9567237006
0.9423530264
0.9951423472
0.9866459397
0.9531356769
0.9576773334
0.9690862673
0.9662780110
0.9591483069
0.9434207946
0.9759579505
1.0085329356
1.0119758126
1.0197620436
1.0128670614
0.9789066867
0.9671942095
0.9849299139
1.0040695482
1.0040209294
0.9755951595
0.9783702047
1.0072199281
0.9988494334
0.9452998242
0.9179870983
0.9586267648
0.9674574215
0.9350287009
0.9463754493
0.9968178424
1.0051758951
0.9791896273
0.9779942399
1.0164891229
1.0490457325
1.0298540424
0.9814988640
0.9701993110
0.9973476102
0.9810736361
0.9500215322
0.9607787417
0.9769136793
0.9896890405
0.9483792671
0.9598389401
0.9554863729
0.9721720186
0.9667491992
0.9578527255
0.9401155625
0.9539092374
0.9839928921
0.9844468180
0.9703873149
0.9695242699
0.9712719083
0.9852209785
1.0191745754
1.0050167877
0.9893261304
0.9894349920
0.9672123580
0.9964447758
1.0032830784
0.9986106320
0.9960456166
0.9782569404
0.9807252221
0.9915165040
0.9944341475
0.9942128061
0.9884209005
0.9734994195
0.9507766186
0.9374495533
0.9569385375
0.9931694943
1.0036679101
0.9959524550
1.0011305385
0.9433797103
0.9690245733
0.9885293346
0.9873345298
0.9626968041
0.9377061834
0.9682071303
0.9762135342
0.9780059999
0.9679048428
0.9697289912
0.9798835775
0.9829492086
0.9844609156
0.9912687297
0.9933735335
0.9713246007
0.9364325492
0.9521842936
0.9985124393
0.9760756004
0.9106747832
0.9381447238
0.9590301129
0.9391389183
0.9338602204
0.9795413252
0.9810505774
0.9552835529
0.9458126854
0.9809108194
0.9874841899
0.9537831205
0.9328170025
0.9442807582
0.9713245004
0.9899903260
0.9876985955
0.9758938080
0.9619312194
0.9641243592
0.9481584165
0.9635867741
0.9540072497
0.9557002774
0.9594249799
0.9362402881
0.9782099495
1.0151356905
0.9739032469
0.9635754418
0.9763230053
0.9645994532
0.9323730252
0.9154068367
0.9515959573
0.9904026968
0.9588901141
0.9306874903
0.9161316488
0.9444388939
0.9199218539
0.9053357165
0.9246926162
0.9790877980
0.9905141893
0.9878137212
1.0066073980
0.9688151606
0.9793875905
0.9777382889
0.9807331304
0.9945554501
0.9939472630
0.9696805723
0.9486122492
0.9531638145
0.9722217809
0.9910949713
0.9787391683
0.9746459328
0.9991511861
0.9730590998
0.9547527053
0.9708724326
0.9858809012
0.9644549044
0.9833248357
0.9659196374
0.9479886629
0.9343643418
0.9511507875
0.9873865562
0.9818197541
0.9530574019
0.9533565993
0.9568728422
0.9481330951
0.9447697298
0.9203063582
0.9755571842
0.9974392259
0.9911259719
0.9501373014
0.9895271472
1.0146330489
0.9730885206
0.9375343545
0.9637406581
1.0123798940
0.9695202083
0.9577843246
0.9693362759
0.9690149367
0.9442894584
0.9310537599
0.9574263549
0.9710322447
0.9588753185
0.9644757812
0.9653147794
0.9747560421
0.9644321987
0.9750093623
0.9702748836
0.9753644008
0.9918598879
0.9764591517
0.9773154330
1.0106828906
0.9927133473
0.9882125197
1.0079285240
0.9817725411
0.9462598245
0.9448156429
0.9618413259
0.9895813278
1.0008041488
0.9658189669
0.9329078403
0.9778487379
1.0045378161
0.9599074631
1.0105787158
1.0258002917
1.0361484930
0.9807220489
0.9582451526
0.9687428079
0.9631164758
0.9377443188
0.9450195642
0.9591421642
0.9289035352
0.9365741538
0.9914875755
1.0065522511
0.9794945039
0.9443843227
0.9809792362
0.9962469653
0.9877367538
0.9527071175
0.9946638531
0.9915917862
0.9936526256
0.9777494849
0.9735106879
0.9859984148
1.0216284272
0.9995075095
0.9685005928
0.9776115763
1.0014163098
0.9872538944
0.9736587059
0.9774327304
0.9655627532
0.9730968375
0.9654920147
0.9654527360
0.9959694489
0.9842523717
0.9745341947
0.9844828712
0.9640257054
0.9620850671
0.9576646935
1.0073766665
1.0050847057
0.9697721804
1.0026892857
1.0095061206
0.9981172911
0.9867462639
0.9671277744
0.9768734351
1.0009882865
0.9820186838
0.9634763295
0.9786991813
0.9718923636
0.9747586105
0.9881570570
1.0313745115
1.0341947226
0.9644157686
0.9885440248
1.0066066219
0.9775068343
0.9331566477
0.9269050468
0.9618582286
0.9842471707
0.9721131523
0.9578643831
0.9728491420
0.9961764416
0.9813708719
0.9494523217
0.9529215967
0.9237745684
0.8981356308
0.8545717752
0.8336528951
0.8015189801
0.8336945648
0.8377391618
0.8698075172
0.9056470396
0.9492438705
0.9744718810
1.0005104772
0.9992505999
0.9861761543
0.9987449164
1.0082640925
0.9877590166
0.9723038339
0.9887384482
1.0167343909
1.0058971445
0.9879367552
0.9625587948
1.0327328350
1.0132970163
0.9650945904
0.9581908440
0.9834043736
0.9910919268
0.9640955315
0.9616911816
0.9760572933
0.9807837393
0.9673335157
0.9576203718
0.9777470940
0.9843053444
0.9592758702
0.9588270877
0.9584426222
0.9637589692
0.9396367872
0.9230080915
0.9391500133
0.9989387321
0.9788304129
0.9596887223
0.9926095164
0.9813630699
0.9835475626
0.9627424104
0.9216955814
0.9272356808
0.9425236858
0.9574912287
0.9745827565
0.9863284689
0.9902772736
0.9729099363
0.9624107489
0.9750244037
0.9603405964
0.9405708981
0.9721489707
0.9544673584
0.9336299974
0.9499629304
0.9542933587
0.9559107301
0.9629733206
0.9802496039
0.9826027473
0.9758077248
0.9556332328
0.9721477608
1.0150948872
1.0152876310
0.9807774262
0.9635912208
0.9587561750
0.9593913410
0.9886869947
0.9989201221
1.0230238703
0.9864956001
0.9414146092
0.9638944893
1.0165175596
0.9787495910
0.9586581306
0.9533317844
0.9823210116
0.9937798117
0.9793007179
0.9798923062
0.9989127919
0.9957107636
0.9673073005
0.9637414143
0.9869465877
0.9841647739
0.9812693958
0.9830421675
0.9783835426
0.9241866685
0.9594600767
1.0071077266
1.0003133306
0.9329371906
0.9509890214
0.9684224310
0.9770523852
0.9846694648
1.0187382151
1.0326476527
1.0098284140
0.9935397540
1.0034034834
1.0206800071
1.0110488219
0.9782860804
1.0020907185
1.0205874321
1.0092105575
0.9863409251
1.0019988453
1.0307851449
1.0128820409
0.9864739467
0.9660674609
0.9803566587
1.0113685163
0.9995140679
0.9955533313
1.0214370632
1.0153348881
0.9929840876
0.9919281607
0.9863323653
0.9841982209
1.0010825816
0.9862516273
0.9703770475
0.9589218790
0.9830193062
0.9725080405
0.9660758401
0.9999535626
0.9959724681
1.0216027081
1.0631342392
1.0524271116
1.0138090726
1.0094148729
1.0200631514
1.0064067543
0.9987899129
0.9976765660
0.9752321625
0.9704602336
1.0029329474
1.0104340883
0.9881837749
0.9841764243
0.9850488118
1.0052118622
0.9848987914
0.9928335309
1.0043024141
1.0481190334
1.0426757754
1.0107986110
0.9852088574
1.0129921178
1.0161220268
0.9871137629
0.9984006255
1.0047613099
0.9655616271
0.9493174021
0.9707749932
0.9919572755
0.9949296847
0.9650463767
0.9464892134
0.9863404200
0.9998846117
1.0017820670
1.0514608257
1.0493275382
1.0091815693
0.9656852604
1.0024065244
1.0149753505
1.0253406944
1.0282715280
1.0100959880
1.0084035286
1.0318657107
