#flux
0.9653053191
0.9652173942
0.9624105855
0.9708060122
0.9760426081
0.9750345533
0.9785312450
0.9811735586
0.9827853268
0.9887221124
0.9896095890
0.9818539604
0.9810063911
0.9871280309
0.9783882473
0.9637280339
0.9738609809
0.9803963594
0.9948211819
0.9889719199
0.9741291470
0.9839819667
1.0039704272
0.9935634925
0.9719390235
0.9605089970
0.9653910474
0.9636867806
0.9740155678
0.9830325199
0.9823711295
0.9896740854
0.9973874888
0.9902270885
0.9745444166
0.9534837851
0.9502389368
0.9592743279
0.9720703121
0.9754179912
0.9664389399
0.9555807713
0.9548156962
0.9586736283
0.9496729969
0.9666421232
0.9829173205
0.9788065451
0.9756440370
0.9672444085
0.9526611801
0.9575071851
0.9685882890
0.9663425834
0.9673674293
0.9720659946
0.9772197585
0.9627650920
0.9641898545
0.9651340644
0.9564473013
0.9516914222
0.9414132826
0.9513081397
0.9656467945
0.9508159335
0.9533595470
0.9585751711
0.9545919225
0.9387643715
0.9219087360
0.9259409251
0.9434036291
0.9454092032
0.9381106407
0.9429235719
0.9482218421
0.9543453285
0.9515075092
0.9635203590
0.9748502912
0.9567491155
0.9565534744
0.9623439343
0.9595811777
0.9417404425
0.9476764721
0.9458406845
0.9363536623
0.9230832537
0.9062731869
0.8963116369
0.8896871043
0.8894944473
0.9074508546
0.9259135840
0.9334439031
0.9440727061
0.9315558031
0.9301509193
0.9363408577
0.9226202410
0.9219719968
0.9101035894
0.9280582439
0.9180750254
0.9247393641
0.9404943963
0.9336477537
0.9198180693
0.9261548745
0.9414370609
0.9408815764
0.9322596807
0.9337140778
0.9432820771
0.9498773421
0.9377750536
0.9178262172
0.9249584545
0.9408072765
0.9400578585
0.9346720478
0.9168784880
0.9134632852
0.9174009017
0.9348950991
0.9357673713
0.9195312266
0.9141657645
0.9130689588
0.9025252467
0.9021200414
0.9150742638
0.9193412512
0.9158896859
0.9091062636
0.8874963030
0.8805853553
0.8975002316
0.8972494999
0.8877561896
0.8941766680
0.8968189990
0.9056933448
0.8981364861
0.8905328066
0.8952954845
0.8856699845
0.8789476153
0.8854541655
0.8910920733
0.8883390919
0.8865917078
0.8862140107
0.8779495102
0.8665735142
0.8599480373
0.8556330388
0.8612178054
0.8582128707
0.8508198669
0.8488781575
0.8549012076
0.8644132899
0.8574195125
0.8380340271
0.8382697520
0.8499758007
0.8462156193
0.8301235693
0.8262670845
0.8355372309
0.8337045995
0.8128458983
0.7983869370
0.8007901951
0.8021769327
0.8048312450
0.8055876684
0.8189497361
0.8165362367
0.7982633500
0.7953449541
0.7999614902
0.7947409435
0.8002886452
0.7910700144
0.7718270542
0.7721331117
0.7669563157
0.7533526430
0.7433431294
0.7415518284
0.7435898267
0.7391939929
0.7212471627
0.6969487479
0.6785801330
0.6561357931
0.6132466337
0.5902464971
0.5664399739
0.5205019379
0.4849036849
0.4360132421
0.3760805302
0.3380453632
0.2984329434
0.2602716816
0.2426416574
0.2231159711
0.2160166924
0.2138946061
0.2056121679
0.2023332411
0.2086386165
0.2193736215
0.2377307236
0.2666352383
0.2965076992
0.3370404457
0.3834646200
0.4429233408
0.5120207082
0.5502577303
0.5825114703
0.6053114460
0.6269833092
0.6572845079
0.6783559180
0.6986994281
0.7091496357
0.7251988605
0.7391842689
0.7487117325
0.7609117123
0.7699553041
0.7791901757
0.7824921859
0.7780559981
0.7772842023
0.7850065734
0.7922043545
0.7860231969
0.7883122755
0.8067400248
0.8117609139
0.8127726814
0.8194001424
0.8202315768
0.8161777862
0.8173519324
0.8212834867
0.8358383999
0.8349162460
0.8329764246
0.8430499310
0.8296548712
0.8236974469
0.8209071431
0.8214168217
0.8347673700
0.8464861530
0.8487613517
0.8727683623
0.8768871707
0.8678972331
0.8553728568
0.8559038552
0.8693835533
0.8798322838
0.8847165499
0.8857987914
0.8818955876
0.8791986152
0.8863117167
0.8907588371
0.8840007402
0.8885982507
0.9036666181
0.9031187367
0.8987861703
0.8958146003
0.8924287827
0.8914231734
0.9003948092
0.9030346506
0.8910879152
0.9015627674
0.9132751775
0.9078905471
0.9069780635
0.9176941970
0.9236050052
0.9170060553
0.9126627796
0.9216275381
0.9330188388
0.9326232237
0.9233703138
0.9201907498
0.9254435730
0.9201017680
0.9282895053
0.9508014385
0.9427132141
0.9122724439
0.9095589823
0.9189210722
0.9203925494
0.9279741488
0.9409248848
0.9362705961
0.9299548310
0.9244310194
0.9127836897
0.8916291540
0.8586240566
0.8294320436
0.8199911272
0.8210340059
0.8363414396
0.8624028384
0.8854722128
0.9094611160
0.9117067061
0.9125557890
0.9212799032
0.9487172510
0.9439162027
0.9491177360
0.9608086239
0.9529549666
0.9428947695
0.9468836289
0.9526877951
0.9653826745
0.9826374307
0.9813703825
0.9642560861
0.9437594075
0.9341269854
0.9204351034
0.9333663294
0.9423405512
0.9383306997
0.9429998084
0.9491056316
0.9467101356
0.9520815556
0.9500732960
0.9554909251
0.9550971952
0.9749796792
0.9703491401
0.9458938832
0.9404908347
0.9468516629
0.9501497934
0.9582395150
0.9699132108
0.9713437695
0.9666353679
0.9610259143
0.9476361723
0.9556391304
0.9426290804
0.9626073057
0.9838413784
0.9799313527
0.9705712873
0.9699165962
0.9710511596
0.9686536365
0.9663950721
0.9624718465
0.9572972341
0.9375819660
0.9247687119
0.9437401140
0.9509620195
0.9488179101
0.9494466968
0.9377010006
0.9448081636
0.9641655671
0.9661459172
0.9680587288
0.9679235933
0.9722728182
0.9790834353
0.9756207745
0.9745822535
0.9805416881
0.9781871174
0.9719274359
0.9703736913
0.9747789791
0.9809338360
0.9836660544
0.9855990380
0.9828216815
0.9651635042
0.9622821838
0.9633891128
0.9485583974
0.9563792088
0.9753427510
0.9601098425
0.9659290315
0.9866777033
0.9918106953
0.9708105312
0.9309727274
0.9005185388
0.8992059297
0.8922600419
0.8866360658
0.8998279297
0.9171977691
0.9427194440
0.9686412294
0.9691503752
0.9588817684
0.9580319479
0.9790335686
0.9962511455
0.9914309612
0.9997421396
1.0077183147
1.0098662727
0.9878962711
0.9727043313
0.9649832499
0.9655587045
0.9734859061
0.9664224530
0.9598504141
0.9682013722
0.9712957494
0.9664875511
0.9702620021
0.9770013665
0.9762788101
0.9777303424
0.9828980346
0.9906600775
0.9938402136
0.9962931708
0.9893325541
0.9916841856
0.9775708686
0.9773813564
0.9869247372
0.9892064490
0.9951537261
0.9973760585
0.9869397688
0.9781289332
0.9823638786
0.9877228331
0.9800029851
0.9665205060
0.9648618692
0.9740810867
0.9898148888
0.9935926564
0.9972180650
0.9940149960
0.9833531613
0.9880137744
0.9909675630
0.9853367396
0.9857106750
1.0069484839
1.0148005880
1.0020232675
0.9954288972
0.9896284766
0.9806842237
0.9815215640
0.9857428597
0.9849851578
0.9776048000
0.9701829941
0.9742911085
0.9846571020
0.9861233903
0.9887603643
0.9977224203
0.9989324496
1.0061530501
1.0120059774
1.0062802367
0.9965516683
0.9883575195
0.9836364391
0.9872768352
0.9934674449
0.9889119192
0.9804711821
0.9840622911
0.9898970382
0.9816306842
0.9695276350
0.9734069280
0.9912553887
0.9825581176
0.9899923882
0.9901308219
0.9861488064
0.9882928860
0.9852392108
0.9831112741
0.9806101110
0.9747329538
0.9832171058
0.9749070870
0.9719954878
0.9878966665
0.9951245765
0.9904643278
0.9834879041
0.9745541150
0.9734739366
0.9787469177
0.9722482006
0.9725411078
0.9937045717
1.0163688100
1.0124202001
0.9897571847
0.9829766161
0.9865911223
0.9990308130
1.0002354757
0.9978964153
0.9874901901
0.9826254476
0.9891138437
0.9899085206
0.9881016153
0.9966456514
1.0008205418
0.9952274696
0.9895522386
0.9775938397
0.9693631652
0.9926404163
0.9795208330
0.9694431091
0.9787255388
1.0002173579
1.0043764417
0.9907944076
0.9822386020
0.9895808927
0.9993599169
0.9980158339
0.9885845417
0.9853999692
0.9939641415
0.9976017135
0.9840347266
0.9805113212
1.0014822897
0.9896682931
0.9783676774
0.9942123332
1.0041904679
0.9965470864
0.9871834667
0.9955399508
0.9925744118
0.9902826316
0.9878633552
0.9854421046
0.9912223872
1.0003735515
1.0043935763
1.0070983269
1.0062409703
0.9982353600
0.9925647819
0.9900765668
0.9811259854
0.9710033478
0.9914658205
1.0043456180
0.9942889198
1.0134131490
1.0260766716
1.0209308290
0.9982047842
0.9898204082
1.0037427925
1.0083963933
1.0055079458
1.0123876068
1.0179974520
0.9975203392
0.9787488583
0.9715688177
0.9603289783
0.9634238466
0.9565162352
0.9467724294
0.9560209779
0.9727818952
0.9780201226
0.9797854611
0.9907279979
1.0071389074
1.0077741301
1.0002735973
1.0014347678
0.9887774269
0.9984022631
1.0133487924
1.0125298862
1.0037546931
0.9985776879
1.0004632641
0.9985433684
0.9862021444
0.9752839680
0.9602447279
0.9633766372
0.9766759334
0.9811192394
0.9767554254
0.9737347998
0.9793927398
0.9859707382
0.9901848145
0.9972949614
1.0038938624
1.0003347345
0.9858335383
0.9847893501
0.9998981295
1.0117763392
1.0102895996
1.0056822741
1.0037743566
0.9979101082
0.9971495351
1.0020177101
1.0124362419
1.0122889785
1.0040156848
1.0160476417
1.0115090761
0.9809479524
0.9689065167
1.0075107180
1.0124184825
1.0130357959
1.0127118136
1.0049518152
1.0043644176
1.0084916016
1.0115603348
1.0061718779
0.9952706400
0.9931161157
0.9888677395
1.0000906564
1.0146363931
1.0053803263
0.9967535756
0.9985831553
1.0156100046
1.0117694734
0.9893677709
0.9853724879
0.9854567996
0.9877223566
0.9875305611
0.9991474894
1.0156914643
1.0083397999
1.0022839997
1.0122426429
1.0143371998
1.0065306353
0.9912782993
0.9806870031
0.9863409152
1.0029768015
1.0095857071
1.0009507776
1.0238688741
1.0221769334
0.9901325365
0.9882368027
0.9972395025
0.9948142645
0.9971714255
0.9910962635
0.9918500618
1.0034487422
1.0041819526
0.9923484541
0.9799128632
0.9756154067
0.9855571683
0.9888468736
0.9750212732
0.9585229243
0.9436786834
0.9130448453
0.8540679630
0.7958221342
0.7549731304
0.7805531170
0.8163133119
0.8524574295
0.8931952526
0.9306391350
0.9670183246
0.9921626743
0.9956754403
0.9982584186
1.0063209099
0.9950936163
0.9641449933
0.9352846728
0.9073512150
0.8637707636
0.8306667646
0.8328897645
0.8557476224
0.8962572221
0.9417630192
0.9850307911
0.9894505733
0.9796400074
0.9995097744
0.9910530483
0.9846602643
0.9942231647
1.0034121944
1.0107080087
1.0068846146
0.9960624905
0.9993571630
1.0048031084
1.0075188422
1.0105021281
1.0101774599
1.0165000493
1.0192867496
1.0077716146
0.9982027507
0.9944208390
0.9997839328
1.0054658242
0.9949797278
0.9849047827
0.9889819574
0.9888374846
0.9844876141
0.9860424458
0.9868920364
0.9858598936
0.9905218738
1.0026197675
1.0190872697
1.0131080211
1.0011014820
1.0004476266
1.0180658820
1.0233259156
1.0248731763
1.0172474940
1.0023425038
0.9964928439
0.9987573140
0.9994856594
0.9817947410
0.9796666591
0.9994788358
1.0099347775
1.0040211664
0.9986017441
0.9946565027
0.9922304527
0.9925408352
0.9662534845
0.9375255670
0.9339048944
0.9410806758
0.9493497170
0.9628998432
0.9818957817
0.9964361436
1.0025043919
0.9990044380
0.9945379748
0.9982150156
1.0023582853
0.9957201207
0.9844358795
0.9797287411
0.9777295062
0.9711642185
0.9676614517
0.9712160587
0.9699736155
0.9734964927
0.9911332424
0.9968679133
0.9844601117
0.9925735087
0.9984172907
1.0028356485
0.9746719167
0.9645154906
0.9788147158
0.9877235621
0.9991830740
1.0069261025
1.0053093827
0.9955593264
0.9898299501
0.9954214374
1.0007517507
1.0022218579
1.0096267484
1.0116004485
1.0096092274
1.0218922791
1.0072311496
1.0006574855
0.9987666232
0.9803729583
0.9821051627
0.9813519966
0.9846438035
1.0033989979
1.0056996286
1.0075299119
1.0100164795
1.0094451138
1.0142285377
1.0165483980
1.0084816714
1.0048670488
1.0065308708
1.0012026362
1.0056759256
1.0197742296
1.0213878879
1.0125921598
1.0003709543
1.0012694008
1.0062945546
1.0043023699
1.0067770442
0.9949527400
0.9904010433
1.0014563087
0.9937304659
0.9858002482
0.9926743022
1.0013371311
1.0122546377
1.0203911460
1.0096178992
0.9974419142
0.9923775724
0.9741308529
1.0043832789
1.0198312666
1.0069773100
0.9918025545
0.9749335445
0.9789820154
0.9994373353
1.0006803078
0.9922262202
0.9942178027
0.9918933865
0.9875079372
0.9929726695
0.9990987369
0.9969020911
0.9933847048
0.9899198317
0.9846064765
0.9903941501
1.0035933070
0.9994760152
1.0075104856
1.0114055801
1.0060581826
1.0099286440
0.9890535565
0.9993870831
1.0085228328
0.9935451478
0.9868372664
0.9837656308
0.9727014454
0.9724795739
0.9705501356
0.9607638814
0.9489366291
0.9350074125
0.9418767602
0.9605154767
0.9723017838
0.9728264795
0.9675929094
0.9839654753
0.9983722185
1.0056171919
1.0062577039
1.0030834599
1.0050225268
1.0141932237
1.0197056162
1.0126522418
0.9973404969
0.9813248418
0.9822889633
1.0019760691
1.0118292847
1.0012191715
0.9865814241
0.9796448931
0.9962001592
0.9809362760
0.9832114225
0.9974312320
1.0105482980
0.9948301239
1.0026682357
1.0010857844
1.0187045752
1.0237066470
1.0091867932
1.0024527710
1.0080258210
1.0158308695
1.0144066432
0.9870747874
0.9655477592
0.9870528759
1.0078087067
0.9959200610
0.9932239940
0.9850355806
0.9900259758
1.0042323964
1.0087656640
1.0032846888
1.0011926653
1.0002119814
1.0022095947
1.0167578847
1.0185742111
0.9999624977
0.9888257510
0.9882165964
0.9879010303
0.9888908102
0.9963334857
1.0104740211
1.0148830725
1.0009871372
0.9998528148
1.0088852276
1.0132888471
1.0054439100
0.9927752830
1.0013529798
0.9923193942
0.9713999427
0.9915433696
0.9578136145
0.9309714941
0.9039530964
0.8797867724
0.8750986507
0.9005039691
0.9404094986
0.9694294957
0.9742046266
0.9763908061
0.9969354609
0.9987943373
0.9763793666
0.9842173289
0.9838828170
0.9884860180
0.9843361147
0.9913507595
0.9985354513
1.0049421983
0.9974441520
0.9813553899
0.9857853945
0.9977876474
1.0023351893
1.0001102186
0.9933388371
0.9935134540
1.0055858370
1.0123438430
1.0083667329
1.0098006364
1.0082953279
0.9953388136
0.9952663806
0.9800463281
0.9839830264
1.0158055978
1.0055229059
0.9970278630
0.9829620405
0.9861317613
0.9892861319
0.9981702644
1.0089414633
1.0091558155
1.0040341995
0.9990329859
0.9985700332
1.0077730565
1.0128572678
1.0003328306
0.9870499645
0.9801006766
0.9858741324
1.0010583931
0.9907254850
0.9737344285
0.9909471728
1.0014381576
0.9905511475
0.9839008408
0.9959316634
1.0066409083
1.0110804737
1.0216598736
1.0209607034
1.0135162975
1.0003468687
0.9852151546
0.9853085010
0.9960750438
1.0002265063
0.9871443941
0.9712429139
0.9742822330
0.9922877271
0.9971836129
0.9903535935
0.9912868621
1.0025076237
1.0039215743
1.0015433231
1.0031299161
1.0126972788
1.0145894707
1.0009823747
0.9924535850
0.9974663586
0.9981097439
0.9911927743
0.9871973654
0.9842250742
0.9915433013
1.0082292505
1.0024131465
0.9966140479
0.9906374938
0.9850333084
1.0092551739
1.0175191830
1.0135574621
1.0031593440
0.9947413525
1.0046938037
0.9956919264
0.9818946948
0.9787034905
0.9851939614
0.9831271577
0.9795559220
0.9928397146
0.9941308270
0.9739620190
0.9798060570
0.9993258746
1.0007794616
0.9949489721
0.9843839160
0.9896867479
1.0061496597
1.0238899871
1.0049214617
0.9978757362
0.9811797013
0.9853735210
0.9846564737
0.9947821470
1.0027455372
0.9981264966
0.9899299443
0.9911149019
0.9984259106
0.9927633782
1.0019398441
1.0074274574
1.0177463034
0.9936410599
1.0130488359
1.0177316523
1.0013375944
0.9865048026
0.9937388184
1.0160215161
1.0167373651
1.0099458272
1.0014618376
1.0031625953
1.0088865639
1.0060446052
1.0012683230
1.0064291893
1.0076865485
0.9918243763
0.9874446595
1.0004823326
0.9948874708
0.9922050782
0.9869118287
1.0036981697
0.9918354917
1.0019521361
1.0116074280
0.9938589957
0.9840161748
0.9857431319
0.9981143661
1.0027096822
1.0087924812
1.0110618891
1.0001599921
0.9982323567
1.0046974026
0.9974358000
0.9906376822
0.9777027032
0.9785198083
0.9951590024
1.0079093329
1.0012531117
0.9988701836
1.0014763799
0.9809771863
0.9924107723
1.0012945827
1.0003106155
1.0057238648
1.0107049983
1.0007329075
1.0020040807
1.0087092425
1.0028061194
0.9942097629
0.9945600848
1.0000514808
0.9969126982
1.0016974847
0.9869657979
0.9873606060
0.9944616336
1.0037851366
0.9869728050
0.9966470064
1.0148171714
1.0145870357
0.9982399051
0.9875512356
0.9925197773
1.0035091887
1.0015859210
0.9999499225
0.9963242814
0.9844831738
0.9859781338
0.9936221700
0.9848837001
0.9860109507
0.9900682968
0.9992810711
0.9968772884
0.9910672427
0.9911776075
0.9918083750
0.9747162231
0.9968427462
1.0101828728
1.0002139827
1.0000525205
1.0195141062
1.0320382041
1.0348491501
1.0264237170
1.0099167125
1.0086495197
1.0136368288
1.0026225651
0.9999875006
0.9738040224
0.9576690677
0.9761349680
1.0177894483
0.9914729983
0.9721497751
0.9925056424
1.0135410786
1.0156515113
1.0223010214
1.0165145587
1.0065710944
0.9844911181
0.9784717546
0.9898338721
1.0083651088
1.0233508462
1.0097221182
0.9897560283
1.0039782838
1.0137178012
0.9983157895
1.0008449429
1.0018090437
0.9902825981
1.0028940168
1.0025909352
0.9976729399
0.9819120746
0.9688635554
0.9637836444
0.9647554350
0.9827514389
0.9875260557
0.9896704181
0.9950767996
1.0035247089
1.0126034398
1.0033762618
0.9984849165
1.0008377422
1.0029164911
1.0034487084
0.9893907390
0.9816411209
0.9850262851
1.0018465579
1.0171333645
1.0022299199
0.9984696888
0.9981613825
0.9879989554
0.9810419181
1.0063698729
1.0231455089
1.0073228505
1.0000539279
1.0136102924
1.0195905016
1.0162141295
1.0047877434
0.9958319453
1.0162074814
1.0124724150
0.9985316887
1.0013702195
0.9911174292
0.9869625998
1.0071155160
1.0193449979
1.0102519559
0.9917809647
0.9784454782
0.9726653799
0.9684251972
0.9681684006
0.9827404825
0.9885590702
0.9765038428
0.9870673519
1.0057900081
1.0055926395
1.0098247690
1.0123872861
1.0052180251
1.0034004750
0.9983270671
0.9950525614
0.9961130820
1.0065457296
1.0038799595
1.0032898627
1.0057571418
0.9884619374
0.9706938220
0.9736259529
0.9914668138
1.0036573047
1.0040290381
1.0064640635
1.0105135000
1.0072602354
1.0084174929
1.0036255733
1.0021443158
1.0033184222
1.0209725939
1.0001708366
1.0020474261
1.0108867836
1.0080917520
1.0052441404
0.9924705850
0.9957513209
0.9933692467
0.9994132530
1.0056129955
1.0038721653
1.0031157096
1.0071782324
1.0169845507
1.0072037428
1.0124480910
1.0157834439
1.0052926359
1.0116788272
1.0032000150
1.0153631873
1.0078288914
0.9977434392
0.9942245826
0.9883243378
0.9919983850
0.9899696449
1.0030419947
1.0101764281
1.0117743468
1.0085122776
0.9968993845
0.9972749140
1.0004990979
0.9877736555
0.9920961244
0.9816978858
0.9771919723
0.9999682262
0.9983202551
0.9975923751
0.9973952480
1.0043951419
1.0069936565
0.9905634264
0.9796885126
0.9770773209
0.9721373804
0.9787246374
0.9888064873
0.9903190621
0.9965042571
1.0091010902
1.0109805203
1.0058805485
1.0033468788
0.9991075470
0.9937721186
1.0000956495
0.9954550966
0.9688629475
0.9535726546
0.9569733154
0.9560428253
0.9545300699
0.9650684170
0.9588942315
0.9199651589
0.8922585366
0.8704870783
0.8712291001
0.8873764371
0.9041390676
0.9307841607
0.9418814808
0.9418792025
0.9561901850
0.9801316515
0.9882276829
0.9957858689
0.9887765260
0.9773276942
1.0145991125
1.0158100910
0.9990879057
0.9935220683
0.9948979978
0.9879911591
0.9904738302
0.9888621732
0.9785060307
0.9748524379
0.9737826458
0.9698465545
0.9752078035
0.9841950191
0.9893730386
1.0039249934
0.9949731487
0.9773320821
0.9770116306
0.9842710511
0.9912611932
0.9867859327
0.9959878465
1.0039616693
1.0056916230
1.0042678425
1.0035474678
1.0026748718
0.9931897498
0.9880027338
0.9948283622
1.0027473288
1.0058338907
1.0049082181
1.0055117702
1.0032272210
0.9958376088
0.9992619302
0.9936904553
0.9948030264
1.0048243095
0.9939214793
0.9842491103
0.9844987905
0.9897948221
0.9834184073
0.9777264433
0.9835777639
0.9873493730
0.9838579512
0.9850074680
0.9874603180
0.9861244379
0.9894324994
0.9926228929
0.9963562569
0.9894513001
1.0002761354
0.9808984179
0.9840642363
1.0185574083
1.0127559263
1.0024637142
1.0022753234
0.9982020661
0.9904718627
0.9924983147
0.9890740169
0.9869492446
0.9984273516
1.0041465940
0.9958101948
0.9858220917
0.9865518189
1.0012511712
0.9960593337
0.9858891533
0.9935776767
1.0119205667
1.0127459469
1.0162916989
0.9976769934
0.9953327777
0.9773703598
0.9766507956
0.9757660603
0.9803522259
0.9574455600
0.9523670908
0.9601460340
0.9685160834
0.9795353428
0.9775159451
0.9816419815
1.0079840441
1.0049419680
1.0041254591
1.0092348020
0.9997649295
0.9872591346
0.9866488731
0.9779250214
0.9758368420
0.9954803088
1.0078573639
0.9907180377
0.9890141393
1.0053514410
1.0041353169
0.9924400167
0.9926131736
0.9998563414
1.0006890501
0.9985837999
1.0014511881
1.0009659278
0.9917094279
0.9958781257
1.0012196825
0.9980573975
1.0056665309
1.0019183781
0.9797106777
0.9959565577
0.9838801351
1.0006240678
1.0124407411
1.0068675803
0.9900126844
0.9925747147
1.0161190992
1.0206549923
1.0048026893
1.0047954058
1.0144545347
1.0032537379
0.9902603996
1.0058355227
1.0030312595
0.9952254841
1.0024657674
1.0194770716
1.0028172416
0.9890821877
0.9798498737
0.9893144541
0.9844779451
0.9772718040
0.9538655265
0.9127748510
0.8798284724
0.8427669971
0.8011123388
0.8006631064
0.8531565250
0.9054872159
0.9264026824
0.9538757747
0.9977655947
1.0093997431
1.0018065272
0.9915340422
1.0041521281
1.0032111909
1.0005103773
1.0056636543
1.0088854974
1.0168700696
1.0170837807
0.9951595484
0.9892253941
0.9957218221
1.0006389084
0.9926891344
0.9810700226
0.9880381700
0.9859108011
0.9815100505
0.9958438437
1.0122683297
1.0025143425
0.9724515299
1.0024867023
1.0266363821
1.0147799026
0.9951315468
1.0021891091
1.0080767117
1.0142452448
1.0148789778
0.9919256546
0.9777123280
0.9820095887
0.9868177365
0.9943990961
0.9990313500
0.9898736855
0.9873729256
0.9855604115
0.9992089062
1.0211798011
1.0153319284
1.0038667408
1.0079570046
1.0200089261
1.0198530124
1.0133846849
1.0146788104
1.0140848748
0.9913488340
0.9937384985
1.0093830242
1.0091711017
0.9969165288
0.9885548921
0.9912934968
0.9997047674
1.0022328405
0.9998390784
1.0234116297
1.0167419883
1.0023593009
1.0073498101
1.0136106291
1.0082159049
1.0083316055
0.9896057774
0.9721680816
0.9825457421
0.9946917129
0.9932124374
0.9977650180
0.9979813944
0.9986401680
1.0152236397
1.0180754581
1.0037384859
1.0102735427
1.0002489987
0.9809541431
0.9796225920
1.0085783786
1.0060524328
1.0212350101
1.0169625025
1.0121857473
1.0039884304
0.9919065732
1.0049524903
1.0062241712
1.0040685241
0.9990345934
0.9921463009
0.9857139268
0.9853331623
0.9940094945
1.0006764610
1.0080268104
1.0254367372
1.0141800694
0.9996591815
1.0144388180
1.0119228283
1.0036752692
0.9874765085
0.9944525846
0.9971333077
1.0049407262
1.0170266244
1.0107970463
1.0000814009
0.9992559880
0.9994265542
1.0053758292
1.0141322302
1.0117211559
1.0027747108
0.9990546539
1.0014295977
1.0060026010
0.9970457914
0.9908024568
0.9946151275
0.9952907840
0.9855368309
0.9913874942
0.9893597336
0.9947859141
1.0042354262
1.0242374661
1.0444915771
1.0239035687
0.9921633895
0.9902862914
0.9993426337
0.9996844080
0.9912884426
0.9841111406
0.9922265589
0.9930736001
1.0005855998
1.0010180999
0.9926368535
1.0100013208
1.0093816998
0.9971269927
0.9997242637
1.0208306887
1.0141110861
0.9976274863
1.0013961656
1.0146071506
1.0016255257
0.9920799315
1.0084602783
1.0212142568
1.0084870230
0.9967716690
0.9997942710
0.9926451224
0.9942588480
0.9814248892
0.9767105157
0.9665333570
0.9677997434
0.9807889149
1.0136751569
1.0201178321
1.0057194908
1.0015000215
0.9961312641
0.9937305469
0.9978627208
0.9993625404
0.9955647836
0.9893508319
0.9856751418
0.9881291321
0.9956507931
1.0050603304
1.0015114304
0.9794107823
0.9943876497
1.0105914096
1.0266369679
1.0132834319
1.0091143161
0.9959291137
0.9933257870
0.9861753697
0.9920745020
0.9924976145
0.9922427810
0.9886503695
0.9868771677
1.0000467952
1.0090986735
0.9963638805
0.9932399099
1.0108852782
1.0081916330
1.0031279746
1.0118869669
1.0216613271
1.0129258183
1.0182269969
1.0065063890
1.0035911938
0.9912751124
0.9839911135
0.9863289922
0.9893961879
1.0065311528
1.0191768586
1.0025127114
0.9975153996
1.0116093900
1.0144541176
1.0044478625
0.9960895506
0.9988828618
0.9967174289
1.0035658575
1.0127361551
1.0193023122
1.0120117844
1.0093201114
1.0195882545
1.0243330014
1.0104171192
0.9947841960
1.0047730799
1.0098874753
1.0224003577
1.0157598935
0.9938299310
0.9855881453
0.9861152218
0.9934529189
1.0055675654
0.9976889070
0.9947377945
0.9991726005
0.9964347187
1.0164119432
1.0071460504
0.9992088182
1.0154852760
1.0016273822
1.0118366385
1.0166847997
0.9995859471
0.9841166590
0.9900864528
0.9996032533
0.9930466041
0.9842728831
0.9869697503
0.9941553408
0.9979513351
0.9978998233
0.9974871571
0.9992436703
0.9970062782
0.9961533069
1.0232225426
1.0246105256
1.0033525802
0.9887345259
0.9910709588
0.9904051924
0.9804419289
0.9982050654
0.9989678755
0.9876112918
0.9871926574
0.9892976021
0.9898373931
0.9921531169
0.9863288195
0.9870703552
1.0130816722
1.0099961359
0.9834136145
0.9968313198
0.9981061020
0.9664747809
0.9855068851
1.0028071489
1.0097705306
1.0067648025
0.9853561169
0.9830750206
0.9959653165
0.9990135541
0.9966315501
1.0049624569
1.0137932038
1.0061645158
0.9925182990
0.9947991221
1.0027292512
0.9928622868
0.9922675605
0.9986590879
0.9968235339
1.0012114075
0.9975212534
1.0033895656
0.9977795304
1.0001492588
0.9998773322
0.9955620809
1.0033897478
0.9982934412
0.9927637664
0.9777789470
0.9539266553
0.9347089905
0.9087685383
0.8678380411
0.8361839635
0.8242449317
0.8230806739
0.8629562839
0.9114367501
0.9434706168
0.9738928103
1.0014178517
1.0103339471
1.0184431785
0.9911883012
0.9924319926
1.0031401421
0.9879095940
0.9823140651
0.9914367675
1.0100461399
1.0108266640
1.0001855582
1.0003358949
0.9830968577
0.9603711802
0.9818544411
0.9910972358
1.0077645787
1.0200789308
0.9997573509
0.9809512885
0.9738413897
0.9822469566
0.9957326617
0.9944463052
0.9726926666
0.9694449175
0.9663176773
0.9746447162
0.9911065303
0.9933438935
0.9882764180
0.9947800571
0.9984547716
0.9912528205
0.9948302099
0.9876694746
0.9925659025
0.9846615907
0.9741090193
0.9792837135
1.0077886160
1.0114399122
1.0156187261
1.0095423499
0.9959513208
0.9870093092
0.9739607474
0.9716394342
0.9966681386
1.0091103915
0.9963858605
0.9961706918
1.0030736042
0.9907767779
0.9865652442
0.9985777805
1.0136267855
1.0224143752
1.0057880240
0.9930406349
0.9814000514
0.9893270434
1.0016388590
1.0071267764
0.9994802924
0.9895045861
0.9733096342
0.9697361152
0.9922054779
1.0057934665
1.0009645396
1.0022974520
1.0026064622
0.9850457834
0.9723916110
0.9848276789
1.0091948288
1.0045679094
1.0056302198
1.0006920775
1.0244158019
1.0204606325
0.9858557568
0.9801707001
0.9737912608
0.9707541400
0.9828908978
0.9840789270
0.9759017945
0.9717895971
0.9706890612
0.9762013498
0.9850779763
0.9955534387
1.0038906413
0.9905134610
0.9892135165
0.9835430743
0.9959137132
0.9850208072
0.9795015472
0.9987825874
0.9952265358
1.0030048513
1.0087339589
0.9974420073
1.0064967267
1.0101538829
1.0055287948
0.9928936525
0.9826190917
0.9870611135
0.9980736216
0.9951221174
0.9862692838
0.9902255738
0.9870015380
0.9969587937
0.9961906998
0.9934960702
1.0129400001
1.0152293001
0.9978612207
0.9874670360
0.9991956129
1.0031288635
0.9907991489
1.0032064120
1.0025293057
0.9945443373
0.9889981020
0.9876573772
0.9938814425
0.9914248198
0.9832821271
1.0011701044
1.0202888653
1.0085099290
0.9944893297
1.0043463761
1.0092973110
1.0111419082
1.0038091219
1.0079104191
1.0078953772
0.9910311346
0.9974178330
1.0046347794
1.0057237292
1.0034363561
1.0010792090
1.0100552162
1.0219464943
1.0163826613
1.0059820265
1.0081645083
1.0023301414
0.9944599050
1.0085026410
0.9971129998
1.0003985882
0.9833778449
0.9652950273
0.9811866085
0.9799440666
1.0027800866
1.0057539660
0.9975967470
1.0021915855
0.9978883614
0.9867957179
0.9895197179
0.9993619936
1.0000620174
1.0052886378
1.0156791991
1.0055144327
0.9986704573
1.0043242449
1.0092389482
1.0026159681
0.9980089069
0.9916198386
0.9753897788
0.9916410412
0.9919956216
0.9847223590
