#flux
0.9979394805
0.9830836154
0.9757111231
0.9727252866
0.9728606422
0.9804856728
0.9887424673
0.9852229523
0.9883913808
1.0038418493
1.0081581909
0.9969911045
0.9846844618
0.9787249348
0.9881759244
1.0073902730
1.0050028602
0.9714888949
0.9719490089
0.9714312652
0.9765497450
0.9858902179
0.9797756774
0.9629420586
0.9520900882
0.9531712924
0.9547842686
0.9413888061
0.9278370617
0.9284505379
0.9410544829
0.9521617883
0.9580368746
0.9757695354
0.9795288305
0.9610947997
0.9706076573
0.9842373415
0.9728887694
0.8959601297
0.8109022945
0.7278745787
0.6638910826
0.6414387931
0.6729277534
0.7473475869
0.8291002013
0.8915772150
0.9261726947
0.9321542662
0.9335487976
0.9401711141
0.9415971902
0.9506994412
0.9488683372
0.9242031964
0.9282799793
0.9414424103
0.9511778439
0.9588936002
0.9575628440
0.9475421877
0.9421447818
0.9592060502
0.9816539715
0.9820186656
0.9828119963
0.9743885314
0.9488006793
0.9360012836
0.9335927785
0.9307908288
0.9379247914
0.9440361050
0.9502909037
0.9573606918
0.9448371912
0.9527103274
0.9554701467
0.9483056370
0.9376778570
0.9247188950
0.9194759619
0.9177586404
0.9191907481
0.9260927344
0.9235669962
0.9265735939
0.9174342875
0.8846793499
0.8628753173
0.8698943737
0.8704341150
0.8532465290
0.8644291545
0.9013096580
0.9120642364
0.9397233136
0.9436108942
0.9306667476
0.9403958667
0.9248302095
0.9372667359
0.9460088319
0.9300246366
0.9300557173
0.9374905853
0.9257664612
0.9084106049
0.8991493418
0.9196246156
0.9407481294
0.9301689330
0.9181047819
0.9151449333
0.9099730081
0.9078036123
0.9110172718
0.9143592903
0.9195741048
0.9270337891
0.9215469598
0.9342425487
0.9372121615
0.9271668812
0.9267629691
0.9289824188
0.9152844918
0.9055038592
0.9122462784
0.9179460743
0.9181745469
0.9186278516
0.9091313385
0.8914630063
0.8910647221
0.9065752167
0.9021965034
0.8798332925
0.8770979578
0.8811895583
0.8702222711
0.8671450628
0.8812857970
0.8859165465
0.8860127432
0.8834854117
0.8669636343
0.8628128919
0.8785501589
0.8746266394
0.8603184598
0.8486528866
0.8331597664
0.8358110220
0.8522033219
0.8551322041
0.8455141748
0.8385785262
0.8207909815
0.8005867080
0.8092567178
0.8066498979
0.8142041758
0.8241487204
0.8395666179
0.8403240139
0.8213344245
0.8125822822
0.8263733108
0.8320115737
0.8192954843
0.7963334895
0.7789610295
0.7754766049
0.7697505991
0.7633624804
0.7525131575
0.7424282799
0.7410551588
0.7425030136
0.7520851735
0.7602622497
0.7299307564
0.7232633132
0.7145304639
0.7223418495
0.7192736478
0.6972219874
0.6782113656
0.6611078750
0.6275763772
0.5905415588
0.5717781403
0.5507740728
0.5276773790
0.5416869226
0.5450975348
0.5386770742
0.5351013953
0.5173095287
0.4694726878
0.4181693685
0.3938470742
0.3356117955
0.2584763253
0.2135791519
0.1888680573
0.1648483253
0.1440723044
0.1356494371
0.1428383808
0.1548083387
0.1562343648
0.1575243292
0.1731107912
0.1864577082
0.1967719714
0.2190045746
0.2437931272
0.2726231100
0.3381995441
0.4063903882
0.4401722037
0.4697910211
0.5073399480
0.5604479254
0.6081646893
0.6411083736
0.6578644652
0.6745715117
0.7010948169
0.7197943702
0.7215258831
0.7205921363
0.7256422378
0.7355205654
0.7452263734
0.7380103746
0.7328838300
0.7402270073
0.7327198255
0.7487169545
0.7742488156
0.7776203209
0.7716056531
0.7785742489
0.7933421436
0.8021365545
0.8115188584
0.8169514446
0.8149952981
0.8124974383
0.8132854792
0.8129681790
0.8049427368
0.7915614883
0.7842114071
0.7830451645
0.7905522096
0.8199824538
0.8352772844
0.8186612187
0.8365311030
0.8439421732
0.8312539926
0.8170454205
0.8131997054
0.8227834096
0.8336321067
0.8416000339
0.8577033213
0.8677359449
0.8695029301
0.8800947760
0.8880886283
0.8860972342
0.8878848266
0.8720249493
0.8655529113
0.8747038466
0.8778860946
0.8656322893
0.8600540427
0.8942831586
0.8959492880
0.8828174025
0.8592824841
0.8769225632
0.8858163479
0.8773422598
0.8710840154
0.8570935355
0.8267740455
0.8016012384
0.7955933311
0.7982893311
0.8004600209
0.8137459198
0.8595866409
0.8841711524
0.8780950552
0.8865392961
0.8768063899
0.8688611582
0.8743381326
0.8774494621
0.8904986080
0.9048760219
0.9295824849
0.9260197729
0.9016611657
0.8875574563
0.8964521256
0.9018538265
0.8818275146
0.8539022625
0.8301998169
0.7955655152
0.7672784018
0.7783801878
0.7803019872
0.7736985587
0.8119169215
0.8405928876
0.8791391070
0.8976725143
0.8892519657
0.8979384714
0.9194250689
0.9276547920
0.9210373623
0.9129819218
0.9204199323
0.9237771257
0.9253171109
0.9294607358
0.9194470021
0.9172913033
0.9313002267
0.9353534441
0.9318236756
0.9284112879
0.9305777669
0.9369951701
0.9354751364
0.9428214217
0.9287186139
0.9094532086
0.9117051003
0.9106679782
0.9130758813
0.9105450842
0.9148471880
0.9297881617
0.9405615573
0.9425753852
0.9378265713
0.9237413562
0.9078365156
0.9006105554
0.9057246995
0.9242356532
0.9110160398
0.8996901879
0.9265738417
0.9569112564
0.9643130551
0.9635716418
0.9557169768
0.9436756233
0.9484883552
0.9351144589
0.9133934705
0.9246983373
0.9383687982
0.9332901232
0.9295737285
0.9266843457
0.9258564942
0.9183647550
0.9002416839
0.9051188265
0.9397744860
0.9468065539
0.9301691048
0.9336115363
0.9550738822
0.9711659329
1.0115268198
1.0163576867
1.0104034920
0.9964329398
0.9777323910
0.9526823439
0.9245206505
0.9151588628
0.9270278818
0.9362777845
0.9348623462
0.9337171552
0.9436236225
0.9425043116
0.9410014355
0.9239409975
0.9291356935
0.9514889300
0.9569423577
0.9638887482
0.9799482830
0.9805847972
0.9672315414
0.9517298799
0.9317854921
0.9100325002
0.8843294689
0.8601642784
0.8502557736
0.8591121177
0.8812059084
0.9055157003
0.9277959109
0.9510011214
0.9747449190
0.9775544027
0.9566484740
0.9714906169
0.9757835660
0.9679793331
0.9587118046
0.9412778705
0.9546281101
0.9484573808
0.9193081392
0.8744669873
0.8287457609
0.8018118288
0.8012112096
0.8226870212
0.8468103095
0.8615622130
0.8902301245
0.9217680307
0.9453885576
0.9779790379
0.9404976209
0.9400975598
0.9290407320
0.9352714852
0.9512945079
0.9565666801
0.9559112707
0.9559256902
0.9705766641
0.9938806236
1.0001206295
0.9982115219
0.9934241853
0.9789829818
0.9648850751
0.9650663094
0.9733657688
0.9588995422
0.9593427950
0.9803644430
0.9922922255
0.9909560656
0.9861106891
0.9776354621
0.9634129426
0.9769910075
0.9712154490
0.9622544074
0.9647195423
0.9426731258
0.9293199252
0.9576980469
0.9900874318
0.9912891869
0.9778400363
0.9691043290
0.9642207803
0.9701810422
0.9860524383
0.9827859880
0.9814221531
0.9720334690
0.9815320262
0.9999395673
1.0021344709
1.0010548136
0.9946464109
0.9817000422
0.9755570183
0.9784280706
0.9847720263
0.9937969199
0.9943929311
0.9735061552
0.9533244920
0.9498485856
0.9432836138
0.9460002264
0.9598142136
0.9747820606
1.0018510961
0.9869623190
0.9675129248
0.9625363663
0.9597320304
0.9698697978
0.9938486999
1.0077713813
0.9940347900
0.9711547971
0.9734796379
0.9682070581
0.9689379481
0.9820054851
0.9790667886
0.9665688728
0.9659996450
0.9707624997
0.9614237780
0.9584466961
0.9913926646
1.0042167368
0.9744765856
0.9783309070
0.9860139815
0.9753958420
0.9742012180
0.9805723376
0.9876414485
1.0097076340
1.0002392841
0.9768913810
0.9622567323
0.9645263586
0.9784139416
0.9861254997
0.9856818670
0.9851459461
0.9812552669
0.9672218931
0.9412070885
0.9115296567
0.9145638906
0.9287559929
0.9540314034
0.9709397216
0.9641434136
0.9771106055
0.9878331429
0.9905705016
0.9867214543
0.9807987542
0.9786836271
0.9760011068
0.9674693983
0.9593113305
0.9571669263
0.9579550299
0.9564624433
0.9488436405
0.9594182364
0.9795855321
0.9824494274
0.9910267719
0.9773545901
0.9688552419
0.9686554637
0.9681373623
0.9706044132
0.9760274426
0.9759008675
0.9750957075
0.9796043192
0.9763622747
0.9734297684
0.9906895377
1.0062521907
0.9987651039
0.9954156067
0.9913306023
0.9654039406
0.9501630329
0.9536696663
0.9462359677
0.9410440046
0.9502204972
0.9812623553
0.9996931959
0.9885429876
0.9852239594
0.9948960017
0.9915604207
0.9786934417
0.9725418874
0.9671705646
0.9520877281
0.9511882457
0.9678565988
0.9546877294
0.9158705712
0.8859958088
0.9008226476
0.9082058627
0.9133460447
0.9378684667
0.9560907059
0.9629924737
0.9762200123
0.9989372706
1.0080794347
0.9950884855
0.9940937598
1.0023811736
1.0057500251
1.0198394877
1.0311972677
1.0144992866
0.9843782663
0.9599162688
0.9420658251
0.9322735328
0.9370139878
0.9470249801
0.9480634398
0.9582526063
0.9776946955
0.9660403900
0.9590291423
0.9830453735
1.0049551546
0.9850724810
0.9750103557
0.9765550599
0.9748997550
0.9686236323
0.9642352739
0.9718958108
0.9845902962
0.9771041672
0.9614748161
0.9766420050
0.9805107310
0.9614545295
0.9782008891
1.0119053135
1.0069284437
0.9781802553
0.9853914009
0.9981869464
1.0205451930
1.0033608937
0.9848860714
0.9788223798
0.9949422622
0.9960198792
0.9791870455
0.9688638572
0.9695321162
0.9779361183
0.9867752187
0.9901677596
0.9847996125
0.9719569016
0.9571963605
0.9600471681
0.9975220051
1.0002417089
1.0011641727
0.9920496140
0.9850020951
0.9674008134
0.9554390905
0.9691061911
0.9853421534
0.9834020084
0.9743940319
0.9758013382
0.9797472540
0.9810748690
0.9898657784
0.9928154495
0.9797525721
0.9554984462
0.9343116589
0.9474724458
0.9784245376
0.9860280112
0.9662975200
0.9648327201
0.9412686346
0.9391949681
0.9467151298
0.9343691338
0.9438598621
0.9749992884
1.0046708833
1.0142307621
1.0025195439
0.9881895272
0.9850417541
0.9882728935
0.9825674667
0.9598297217
0.9327164231
0.9232982703
0.9186287703
0.8832764310
0.8462464831
0.8068495334
0.7427161896
0.7031471438
0.7114430545
0.7669291950
0.8314955766
0.8911273265
0.9423476149
0.9869066881
1.0038423611
0.9974415660
1.0016786713
1.0021217202
0.9754585203
0.9359158105
0.8939685356
0.8421850358
0.7944339050
0.7717046575
0.7751811691
0.8046918862
0.8468064385
0.9160316727
0.9579844833
0.9827605928
0.9953718879
1.0041642600
1.0019085872
0.9973096439
0.9963198098
0.9938715571
0.9834507800
0.9709783341
0.9795771567
0.9948278013
0.9899615708
0.9826325634
0.9817838666
0.9684029375
0.9605038943
0.9637265265
0.9654077110
0.9860286704
0.9844244428
0.9615272359
0.9392080717
0.9514113470
0.9643789179
0.9708426180
0.9768580500
0.9762537115
0.9664615495
0.9642985492
0.9851468035
1.0030612815
1.0094886610
0.9795621179
0.9513360914
0.9494795100
0.9594719410
0.9650420488
0.9676782271
0.9753216472
0.9821716064
0.9770192094
0.9758494722
0.9951416496
1.0052276856
0.9882693889
0.9727230912
0.9834188516
1.0010030791
1.0098998214
1.0157272138
1.0085435468
1.0008134982
0.9780921060
0.9485479690
0.9128758947
0.8901449526
0.8888482654
0.8756865839
0.8899119850
0.9158917545
0.9311450617
0.9605621498
0.9981632225
1.0147224936
1.0045474499
0.9838571540
0.9783286923
0.9941274806
1.0030526921
0.9869343322
0.9696495901
0.9648075031
0.9486112888
0.9256560538
0.9254902431
0.9559471027
0.9571838526
0.9725971437
0.9668069503
0.9697292868
0.9955179791
0.9865039707
0.9873424493
0.9861868890
0.9743742855
0.9758578102
0.9946406467
1.0050777647
1.0093214751
1.0252815867
1.0291056989
1.0068244800
0.9963084759
1.0034758577
1.0054409469
0.9994668553
0.9899200170
0.9711956601
0.9974494591
1.0275196532
1.0127781525
1.0125641187
0.9962213805
0.9945572432
0.9959125692
0.9806999297
0.9813215708
0.9992712302
0.9928456874
0.9798545395
0.9920863227
0.9874241275
0.9719455199
0.9613754049
0.9539960563
0.9537663195
0.9810302843
1.0058862638
1.0071354924
1.0018157939
0.9780819044
0.9616031290
0.9845819846
1.0071246747
1.0056461568
0.9894021936
0.9808686089
0.9788258049
0.9784564420
0.9951941561
1.0219942408
1.0215488706
0.9983451125
0.9897597851
0.9962725278
0.9871844607
0.9935594050
0.9816590813
0.9661803861
0.9721550628
0.9940140708
0.9876512899
0.9596243641
0.9487872622
0.9388360878
0.9297143450
0.9206120567
0.9158961226
0.9236334273
0.9287167093
0.9177727033
0.9173553927
0.9516029172
0.9926147414
1.0007832680
0.9885395855
0.9815638433
0.9792568534
0.9710879933
0.9925248603
1.0249487289
1.0310421723
1.0229889610
1.0220980462
1.0110500071
1.0009991556
0.9954745450
0.9880127604
0.9705655333
0.9395381755
0.9061637954
0.8898899652
0.8935437024
0.9007423634
0.9083212457
0.9097353864
0.9489577817
0.9651406412
0.9696557525
0.9983906715
1.0160471604
1.0130641908
1.0237457365
1.0280952804
1.0150423112
1.0026387955
0.9878382707
0.9777534834
0.9812815365
0.9884628560
0.9988541616
1.0126212947
1.0120395061
1.0059408718
1.0025972784
0.9953002247
0.9441207287
0.9385059127
0.9653602834
0.9914955422
0.9977552448
1.0123734314
1.0262849935
1.0077278343
1.0014245174
1.0125684474
0.9954074624
0.9804826099
0.9738566524
0.9731410286
0.9893702614
0.9988497102
0.9832223674
0.9642941892
0.9614148709
0.9760504709
0.9795338256
0.9607074033
0.9450783552
0.9501525826
0.9590512772
0.9748351326
0.9984662868
1.0093143111
1.0049260220
1.0008181001
0.9918487579
0.9826845105
0.9898949805
0.9910260402
0.9673730148
0.9467927031
0.9477688406
0.9605584295
0.9888736820
1.0139684213
1.0033454057
1.0216135116
1.0284853577
1.0313826646
1.0177691700
1.0271129044
1.0214703645
1.0098950570
0.9913366266
0.9527220869
0.9115928255
0.8700703271
0.8523748375
0.8630275621
0.9000422303
0.9447987316
0.9695990239
0.9865867923
0.9938195413
0.9820565871
0.9646172939
0.9429196510
0.9626558118
0.9772935475
1.0016947773
1.0031103224
1.0019432301
0.9915944480
0.9898205469
1.0042499947
1.0007154489
0.9828296476
0.9886323838
1.0026075421
0.9977877680
0.9957838682
1.0069938659
1.0067634593
1.0036065234
1.0090884131
0.9923013946
0.9745515262
0.9930436786
0.9924664813
0.9609240003
0.9476850558
0.9619758306
0.9844290927
1.0038402362
1.0083514207
1.0079993153
1.0043869427
0.9928510233
0.9817525746
0.9887422134
1.0034992700
1.0023389829
0.9924366473
0.9919180639
1.0020269799
1.0234937717
1.0279145304
0.9954056726
0.9977113206
1.0183456622
1.0169625843
0.9909138547
0.9708347403
0.9757882542
0.9703214705
0.9680213813
0.9567218862
0.9607079255
0.9779093216
0.9839400568
0.9817957030
0.9793865388
0.9735399691
0.9671380326
0.9609989584
0.9606999397
0.9457483621
0.9269117087
0.9313802504
0.9451571152
0.9420788890
0.9501994208
0.9491231991
0.9479775583
0.9589501133
0.9707180229
0.9800998071
0.9664451098
0.9594476196
0.9713500268
0.9821036240
0.9917942495
1.0045694662
1.0045055253
0.9922007085
0.9828683690
0.9743492727
0.9708841458
0.9919617002
1.0087154214
1.0000179212
0.9905806234
0.9937487982
1.0059544428
1.0093629032
1.0080105440
1.0035916940
0.9980743297
0.9905826291
0.9898857807
0.9890896669
0.9866215356
0.9892902951
0.9919908517
0.9994839606
1.0117897710
1.0007213122
0.9948863227
0.9912367660
0.9834316920
0.9788293539
0.9976658362
0.9819097779
0.9913893324
1.0134623702
1.0071337842
0.9845898010
0.9811916993
0.9941077862
0.9930649399
0.9731424166
0.9571098507
0.9648623723
0.9952091343
1.0174136751
1.0044745983
0.9880419870
0.9892711796
1.0038170358
1.0125897552
1.0297109398
1.0241130007
1.0142667853
1.0125570195
1.0173331258
1.0049734890
0.9935547254
0.9900331459
0.9738923841
0.9727762755
0.9900643669
0.9985095402
0.9896644228
0.9749610688
0.9778102250
1.0056428294
1.0164100194
1.0079811226
0.9963562951
0.9788038855
0.9964643761
0.9918976490
0.9763926638
0.9873217182
0.9902718919
0.9832605580
0.9835324519
0.9993329980
0.9993075618
0.9891628162
0.9952474715
1.0138686691
1.0256910227
1.0250413921
1.0217058611
1.0211871501
1.0180542652
1.0199716476
1.0036411614
1.0014684466
0.9692682483
0.9882032065
0.9938098987
0.9652949826
0.9761385600
0.9964979740
1.0098138664
1.0070408943
0.9911323087
0.9961843347
1.0044830585
1.0031187548
1.0058511726
1.0118844191
1.0079317709
0.9978687397
0.9864786002
0.9631404266
0.9654027067
0.9899718486
0.9977624807
0.9832188744
0.9862961428
0.9882833169
0.9973292612
0.9960870459
1.0149219593
1.0112392514
1.0010437891
0.9957997645
0.9906193516
0.9931615579
1.0101245188
1.0143658636
0.9964764444
0.9885498343
1.0039445751
1.0212781413
0.9968293688
1.0045982384
1.0034880908
1.0082954113
0.9914249192
0.9630320768
0.9427573324
0.9619579348
0.9943821410
0.9928501444
0.9934132434
0.9956962248
0.9918710431
0.9851177939
0.9901098797
0.9890744930
0.9768311776
0.9695371595
0.9638988502
0.9737423955
0.9779880237
0.9805192799
0.9914719522
1.0296500001
1.0326819021
1.0057845739
1.0169289585
1.0131619904
1.0065948890
1.0057465803
0.9936092572
0.9793605029
0.9876568960
1.0002350656
0.9817438257
0.9486345107
0.9475839424
0.9710247616
0.9713171293
0.9600219765
0.9749708915
0.9768046164
0.9987917227
1.0016686613
1.0037721897
1.0220495460
1.0108729677
1.0167493040
1.0000704526
0.9937704074
0.9796395547
0.9815189925
0.9878041267
0.9851550491
0.9685682986
0.9568259034
0.9649336541
0.9869674149
1.0009675323
0.9868267756
0.9792068942
1.0148332875
1.0353135752
1.0338526454
1.0193147583
0.9960607595
0.9994099896
0.9986228880
1.0032722648
1.0052849895
0.9962303220
0.9797424909
0.9667168417
0.9603037483
0.9589250530
0.9677815553
0.9733513821
0.9737544950
0.9779300024
0.9704243635
0.9552084717
0.9475022444
0.9482862691
0.9769942154
1.0028377062
1.0041588501
0.9883510023
0.9595231999
0.9779937828
0.9952938733
1.0106700498
1.0036650548
0.9789223132
0.9598392165
0.9407473117
0.9288884048
0.9386221980
0.9546282602
0.9654686397
0.9811291241
0.9947934416
0.9993427822
1.0015256818
1.0154085978
1.0215835551
1.0234345246
1.0012153956
0.9729920399
0.9699429007
0.9869791438
1.0116025809
1.0208061241
1.0245352654
1.0282427808
1.0152178662
0.9905103257
0.9827759290
0.9935778980
1.0065257997
1.0072307714
0.9876617597
0.9650057915
0.9380994570
0.9393171804
0.9636508096
0.9903314697
1.0050462619
0.9819986188
0.9766177196
0.9786279993
0.9806382124
0.9878746786
0.9890169387
0.9817524381
0.9864765960
0.9845960789
0.9797035898
0.9694003215
0.9472715791
0.9448949136
0.9726225168
0.9934486970
1.0019510141
1.0036438856
1.0112350190
1.0268548464
1.0221236816
0.9998135757
0.9977287527
0.9810670158
0.9876204734
1.0124789549
1.0197049876
1.0284196304
1.0003859189
0.9668258080
0.9649322977
0.9895695030
1.0016855978
0.9812272612
0.9643175262
0.9785723601
0.9940884433
0.9848564056
0.9831722694
1.0027940414
1.0042479683
0.9736627227
0.9753793457
0.9925950009
0.9869483955
0.9669984257
0.9508440780
0.9563819094
0.9830828950
0.9983066794
0.9882595097
0.9713760231
0.9651677059
0.9638542308
0.9653011005
0.9832782101
1.0068081742
1.0173361353
1.0313165235
1.0301688579
1.0071138397
0.9785683079
0.9984746280
0.9972026280
0.9700247963
0.9805363532
0.9730605071
0.9443132271
0.9159290259
0.8972081249
0.8963346430
0.8787140824
0.8373468130
0.8175388844
0.8271721407
0.8403113876
0.8629816279
0.8944230143
0.9356643586
0.9508245340
0.9323103109
0.9096540583
0.9360651074
0.9570456331
0.9584083923
0.9810764278
0.9857965357
0.9805654025
0.9733054682
0.9739335665
0.9797848952
0.9797149773
0.9795604737
0.9796907851
0.9713399196
0.9618732014
0.9516119921
0.9294282473
0.9279409733
0.9541941748
0.9709130798
0.9682010714
0.9761871570
1.0101158687
0.9758264983
0.9644789616
0.9753379206
1.0052148176
0.9954067546
0.9824608089
0.9963719953
1.0092475804
0.9901689567
0.9687836342
0.9695340391
0.9746882505
0.9762304696
0.9768358743
0.9856036322
0.9799588228
0.9686416192
0.9659933455
0.9606172016
0.9405999790
0.9728659355
1.0123937974
1.0130686959
0.9980909021
0.9984893067
1.0166619921
1.0218702159
1.0190982786
1.0202085429
1.0036071455
0.9745887984
0.9700448194
0.9872828527
0.9939130740
0.9856452131
0.9941540887
1.0245580273
1.0332993520
1.0004749762
0.9854212312
0.9920052853
0.9897875030
0.9946910463
1.0043086878
0.9843092047
0.9554136117
0.9558003771
0.9745266223
0.9918698542
0.9903989778
0.9770045025
0.9694890578
0.9718739762
0.9909376591
1.0177697305
1.0206501898
1.0141561058
1.0219932346
1.0342681010
1.0190863386
0.9913344793
1.0014264713
1.0024414826
1.0022725219
1.0068603771
0.9826925324
0.9753517049
0.9748880584
0.9599289603
0.9481748152
0.9389244456
0.9346829430
0.9461653504
0.9647290512
0.9936969955
1.0060882797
0.9879204695
0.9710653617
0.9792031946
0.9753397524
0.9785456293
0.9859017962
0.9865734754
1.0068121114
1.0213733952
1.0069800172
0.9813188784
0.9652145302
0.9792648631
0.9975602719
1.0064708309
1.0202013318
1.0254465391
1.0026827534
0.9837894804
0.9967904940
1.0003098312
1.0077919996
1.0138777724
0.9711276311
0.9453107340
0.9513401791
0.9729331425
1.0021433612
1.0107257413
1.0116304865
1.0063100538
0.9991868767
0.9969599301
0.9921698886
0.9770335128
0.9662403042
0.9653044306
0.9584077469
0.9503783923
0.9570597353
0.9668721310
0.9736829573
0.9840136441
0.9935494037
1.0237005714
1.0155795541
1.0087098394
0.9953835057
0.9963613239
0.9983892550
0.9989461319
0.9987720882
0.9903028583
0.9708488666
0.9460125090
0.9112203780
0.8622282169
0.8060504748
0.7624678246
0.7610303227
0.8016168634
0.8578739827
0.9096743557
0.9670653292
1.0021466914
1.0397048147
1.0282323963
0.9725702286
0.9445527172
0.9655488497
0.9924727254
1.0221479483
1.0323131825
1.0277820902
1.0254194643
1.0094246897
0.9933604322
0.9955791554
0.9922428667
0.9729571251
0.9495451856
0.9524981909
0.9463446537
0.9542912456
0.9708157600
0.9792023081
0.9741695664
0.9869006862
0.9858993539
0.9737630654
0.9731432971
0.9851229836
0.9785636270
0.9739572628
0.9728972985
0.9826000530
0.9943260312
0.9936547687
0.9835585117
0.9692792296
0.9618998718
0.9558792992
0.9872694924
1.0245718813
1.0043222512
0.9881454465
0.9959381484
0.9914441693
0.9999643100
1.0074538348
0.9810886524
0.9609921337
0.9662506866
0.9811382725
0.9771856240
0.9622379062
0.9483812710
0.9492477832
0.9682857009
0.9897116380
0.9974036862
0.9762649804
0.9934833372
1.0136884236
1.0049636278
0.9822995337
0.9607800203
0.9625296647
0.9901164720
1.0129301075
1.0118329538
1.0101430210
0.9864512206
0.9827478045
0.9858499329
0.9934469394
1.0006734429
1.0000785810
0.9980687151
0.9961390318
0.9936719690
0.9917850023
0.9858564733
0.9804748033
0.9924334801
1.0084024252
1.0046954015
1.0001977212
0.9988110894
0.9958710030
1.0006483668
0.9980439997
0.9942508321
0.9721791812
0.9665982602
0.9878537950
1.0074092201
1.0081232718
1.0158093304
1.0311620899
1.0227538524
1.0145926159
1.0121708618
0.9975073814
0.9850031485
0.9793530147
0.9969426617
1.0042445992
1.0012943449
1.0244230512
1.0275893395
1.0230975956
1.0094014573
1.0060483804
1.0227742488
1.0273383196
1.0110782421
0.9975483200
0.9942878610
0.9939360466
0.9962196994
0.9913032126
0.9689467989
0.9613856482
0.9859993082
1.0005170223
1.0092460985
1.0017055742
1.0003220648
1.0079677027
1.0184013370
0.9909631457
0.9691309332
0.9638791025
0.9907899521
1.0199660910
1.0218703794
1.0078202242
0.9971229046
0.9899573670
0.9835574657
0.9905948654
1.0117318441
1.0155197529
1.0218306593
0.9896781206
0.9930218153
1.0093517565
0.9970417079
0.9918284328
1.0216849054
1.0072106179
0.9995757105
1.0060180549
1.0105646804
0.9789469364
0.9683462846
0.9820019152
0.9921385780
0.9872900074
0.9704520858
0.9697933411
0.9891178756
1.0063948346
1.0077278672
0.9760622836
0.9739123829
0.9808425099
0.9802061571
0.9870328497
0.9963182873
1.0052010363
0.9883061421
0.9882832181
1.0062467179
1.0168632642
1.0236178373
1.0183462691
1.0087691629
1.0085683585
0.9945277580
0.9706570164
0.9810140801
1.0044868474
1.0280601118
1.0347558296
1.0054996856
0.9964549042
1.0074731404
0.9978329392
1.0037962658
1.0159877709
1.0142410755
1.0078928106
0.9875495918
0.9903805833
0.9850228150
0.9621559635
0.9638704478
0.9959768487
1.0135406454
1.0068246066
1.0092329543
1.0193849909
1.0143833097
0.9861185511
0.9820194144
0.9911200542
0.9983850531
0.9915118456
1.0029056592
1.0008352905
1.0066619394
1.0106275174
1.0238153768
1.0295342767
1.0260960011
1.0145880685
0.9986511556
0.9975687984
1.0198217976
1.0400668650
1.0340449040
1.0138043038
1.0019621136
1.0054938133
1.0189474505
0.9980208855
0.9713931683
1.0049129036
1.0329447514
1.0264414103
1.0171294707
1.0188663989
1.0260548776
1.0127020812
0.9952369635
0.9974280737
0.9949418557
1.0040661271
1.0323483269
1.0431103837
1.0312002339
1.0146138018
0.9987553507
0.9950049037
0.9683463547
0.9654472190
0.9772420112
0.9338797564
0.9422603469
0.9915412744
0.9583456683
0.9509248953
0.9666918748
0.9671832214
0.9809409055
0.9834499666
0.9684550850
0.9662349682
0.9902087007
1.0105465267
1.0052490258
0.9938369755
0.9873887518
0.9795397313
0.9774370367
0.9914706031
0.9949365401
0.9875833531
0.9800843389
0.9829519129
0.9793559604
0.9613154474
0.9695914270
0.9944878600
1.0115595754
1.0139325283
0.9930534781
0.9796965972
0.9886564303
1.0027455346
1.0076911658
1.0013472881
0.9961337913
0.9970200352
0.9852748308
0.9710242417
0.9639631236
0.9841449910
0.9858832151
1.0290639107
1.0217979181
1.0075519766
1.0015845000
1.0163097673
1.0235088780
1.0247285519
1.0188256447
1.0002332706
0.9974953820
1.0103650255
1.0188452313
1.0130803234
0.9912583982
0.9885296839
0.9901408609
0.9800931076
0.9792816796
0.9771616305
0.9722622053
1.0057769553
1.0225417952
1.0301824190
1.0329963908
1.0310023721
1.0306147091
1.0361164938
1.0373063209
1.0346576403
1.0118404511
0.9771481578
0.9572743556
0.9392286776
0.8982058287
0.8435720719
0.7896562906
0.7571191930
0.7456461835
0.7689275034
0.7923907177
0.8579659446
0.9141586345
0.9365107255
0.9495254014
0.9520279015
0.9681516842
0.9862379275
0.9959305518
1.0104524464
1.0009445031
0.9731295287
0.9606306636
0.9766592825
1.0082939616
1.0267645768
1.0350284744
1.0295596470
1.0020605429
0.9896335131
1.0006938544
1.0069501751
0.9903104882
0.9811753561
0.9822070274
0.9668077057
0.9736681089
0.9882037671
0.9960539728
0.9931086442
0.9959018428
1.0057357889
1.0029249353
1.0024090705
1.0186229736
1.0236963512
1.0161291615
1.0053203440
1.0019511545
0.9882708297
0.9843177452
0.9872642069
0.9825708679
0.9795935146
0.9751173037
0.9890669491
0.9794716037
0.9645160958
0.9767024804
0.9994847474
0.9931640494
0.9777157859
0.9809185382
0.9945108862
1.0032337109
1.0012695842
0.9952647617
1.0051836620
1.0285816234
1.0211063160
1.0048189905
0.9993893470
0.9823561371
1.0040945877
1.0003189125
0.9932643854
0.9808853479
0.9805010827
0.9926998201
0.9968445033
0.9936163990
0.9930330755
0.9946911576
0.9919557697
0.9870136061
0.9924349917
0.9973516653
0.9785853165
0.9772720084
0.9956446070
1.0265128800
1.0088203865
0.9850274276
1.0098843615
1.0134753003
1.0187075642
1.0075636049
0.9916527324
0.9846286539
0.9877092657
0.9701204836
0.9590200984
0.9854038231
1.0022839175
0.9886865124
0.9912528276
1.0035306901
0.9930884104
0.9962870083
0.9915450896
0.9979489009
1.0140835155
1.0126097619
0.9942123465
1.0064151659
1.0013718558
0.9957900672
1.0023300828
1.0096350097
1.0202137727
1.0260367869
1.0163024065
0.9995268614
0.9962101772
1.0071213414
1.0110954633
1.0051857163
1.0075897885
1.0088482067
0.9947557056
0.9894277509
0.9884485956
0.9993292670
1.0036578292
1.0246260298
1.0320670860
1.0374189817
1.0155087096
1.0051454650
0.9956066553
0.9895601808
0.9931167569
0.9949067603
0.9925716164
0.9938756821
0.9996996553
1.0116643063
1.0232393886
1.0175959628
1.0188597237
1.0273941570
1.0109414498
0.9944731594
1.0001958627
0.9793889451
0.9552822977
0.9572185358
0.9749598148
0.9951541978
1.0010810221
1.0144971801
1.0242947207
1.0219137169
1.0043396734
0.9807372842
0.9742986086
0.9941643023
1.0150154455
1.0127295029
1.0110864677
1.0216516604
1.0133132509
1.0047094607
1.0189184319
1.0103360251
1.0158821819
1.0214830954
1.0188386616
1.0145090548
1.0067655753
1.0014202751
1.0127589232
1.0137940074
1.0125122063
1.0079654160
0.9933929554
0.9956529088
1.0127919002
1.0134179882
1.0178218942
1.0173031727
1.0018188110
0.9895439271
0.9763621025
0.9858068899
1.0132854771
1.0349494837
1.0444634490
1.0323264196
0.9982111495
1.0018337570
1.0045148994
