#flux
0.9867780210
0.9803175183
0.9724615736
0.9562096118
0.9403600930
0.9554696946
0.9810712612
0.9919179631
0.9907609426
0.9891985610
0.9897992367
0.9904733869
0.9891607071
0.9837545309
0.9818938023
0.9853895495
0.9827734736
0.9776850015
0.9774271036
0.9788052862
0.9730145837
0.9632094652
0.9667944433
0.9665256676
0.9462490789
0.9267267343
0.9031745733
0.8846160866
0.8842554533
0.9033823323
0.9330726337
0.9574272098
0.9810804403
1.0005326308
0.9990779467
0.9868729380
0.9866406732
0.9902027549
0.9840488958
0.9772512144
0.9766781622
0.9616571046
0.9468129950
0.9451578347
0.9386254100
0.9476302888
0.9603273256
0.9630233110
0.9554254577
0.9447148544
0.9485908152
0.9501697874
0.9589905371
0.9639339354
0.9662560074
0.9750016196
0.9786820186
0.9759544571
0.9720941917
0.9646233276
0.9597677021
0.9642626147
0.9749071621
0.9742310488
0.9658559282
0.9579916739
0.9427261285
0.9128313059
0.8686925958
0.8144315520
0.7744843677
0.7746201991
0.8095567896
0.8611614955
0.9100672462
0.9417406902
0.9548069733
0.9563231906
0.9492913002
0.9362003793
0.9300337549
0.9349649872
0.9380567331
0.9218369723
0.9099470190
0.9131312477
0.9143715796
0.9004486577
0.8736199395
0.8397514953
0.8052313265
0.7926389003
0.8031869985
0.8210093806
0.8445817917
0.8706463613
0.8808008235
0.8652998915
0.8363487931
0.8033519312
0.7620489749
0.7353821401
0.7563644938
0.8014894656
0.8539807501
0.9101296936
0.9451509433
0.9531440422
0.9579723125
0.9548920844
0.9299655158
0.9077478761
0.8857804168
0.8692082347
0.8705357192
0.8900088724
0.9181211372
0.9450356532
0.9620921530
0.9645773968
0.9537860409
0.9374713864
0.9409892063
0.9579003485
0.9511873129
0.9433174939
0.9476262188
0.9467976509
0.9425692037
0.9454309981
0.9378700700
0.9266058830
0.9225463537
0.9218360569
0.9199082130
0.9195726220
0.9188680090
0.9173864510
0.9237006666
0.9323253421
0.9277744510
0.9230068000
0.9254009990
0.9279953147
0.9315663278
0.9378040644
0.9342207326
0.9248240819
0.9253895343
0.9344112862
0.9446880688
0.9532651094
0.9489878994
0.9483584818
0.9500946073
0.9435471274
0.9201204233
0.8895672707
0.8740673323
0.8729794658
0.8663023330
0.8607259330
0.8760979605
0.8911533731
0.9140651608
0.9253495157
0.9204994551
0.9154283394
0.9125904634
0.9018126224
0.8883700616
0.8832051401
0.8670249879
0.8484496888
0.8394568760
0.8310054733
0.8242264042
0.8254457003
0.8362545712
0.8567379251
0.8787370639
0.8888669453
0.8883130951
0.8901276679
0.8934579936
0.8908863984
0.8925969844
0.8934122980
0.8910139580
0.8901057275
0.8857560529
0.8802302177
0.8838751047
0.8742351946
0.8644989162
0.8640178835
0.8582783092
0.8404774759
0.8190700605
0.8025266495
0.7863654443
0.7575630478
0.7179285416
0.6779882534
0.6266703719
0.5668501339
0.4933864599
0.4264274451
0.3698181231
0.3158151030
0.2736581014
0.2468833581
0.2289059875
0.2172146413
0.2137063333
0.2169207187
0.2240097114
0.2378023492
0.2627316094
0.3015174508
0.3538353912
0.4118173135
0.4658500370
0.5177860568
0.5727157910
0.6296004179
0.6901085927
0.7259125334
0.7506665614
0.7694593637
0.7896293042
0.7968716592
0.7921891878
0.7869107094
0.7896992117
0.8030448964
0.8226761547
0.8421553646
0.8540765465
0.8578028702
0.8613879446
0.8715183937
0.8846320499
0.8935209066
0.9010264727
0.9081174890
0.9100707505
0.9101965852
0.9148777198
0.9118433187
0.9047339613
0.9232677005
0.9214306334
0.9130041746
0.9022371086
0.8919371066
0.8844734160
0.8724130109
0.8565747485
0.8535264690
0.8663149615
0.8826707549
0.8946787010
0.9067776024
0.9256109187
0.9248275888
0.9234461478
0.9306580563
0.9369157014
0.9422301906
0.9426605695
0.9393866725
0.9287953264
0.9468964564
0.9551204714
0.9604300817
0.9642532797
0.9661690716
0.9629750995
0.9544304668
0.9522695225
0.9612739823
0.9618691718
0.9476220017
0.9486878480
0.9656806256
0.9643030589
0.9572245828
0.9604750112
0.9535684216
0.9516791308
0.9616788248
0.9652840716
0.9676787896
0.9657295044
0.9669571158
0.9716942753
0.9693370122
0.9698680304
0.9710628790
0.9630782289
0.9578478311
0.9656999287
0.9716647297
0.9669491320
0.9619774332
0.9588286095
0.9647104798
0.9743588029
0.9822218340
0.9780108143
0.9664533257
0.9608134758
0.9516491237
0.9294106514
0.8991425089
0.8678258043
0.8246383149
0.7553926961
0.6891246380
0.6585972070
0.6749409658
0.7249095111
0.7865954357
0.8484089263
0.8968484307
0.9213811547
0.9349091663
0.9497679451
0.9553929323
0.9507077946
0.9378994834
0.9380828398
0.9357101142
0.9231600385
0.9268254978
0.9455875596
0.9505680761
0.9481065747
0.9593935575
0.9753109762
0.9751398205
0.9612975565
0.9476267034
0.9366666717
0.9237261636
0.9128703767
0.9190356306
0.9231238946
0.9151471894
0.9027742725
0.9101173813
0.9230484548
0.9236442230
0.9443590476
0.9616001631
0.9854574693
0.9967334184
0.9883056649
0.9813952133
0.9789509480
0.9746511674
0.9708718029
0.9689038613
0.9665084520
0.9667801444
0.9720973361
0.9779022124
0.9806638789
0.9679883851
0.9526706357
0.9498352442
0.9455665407
0.9442313449
0.9498593625
0.9472788581
0.9166873201
0.8512401852
0.7703962924
0.7049786484
0.6714189531
0.6899245913
0.7521654588
0.8307580060
0.8987877813
0.9404412788
0.9673794213
0.9891249101
0.9954332114
0.9941099439
0.9936650982
0.9918209719
0.9910512466
0.9817627438
0.9838353251
0.9875760244
0.9775683127
0.9670840969
0.9628185650
0.9665550274
0.9475881075
0.9046114190
0.8526159266
0.8031035359
0.7812573118
0.8035574080
0.8507195705
0.8988103908
0.9380616877
0.9622568367
0.9633359988
0.9548036860
0.9503572169
0.9159793861
0.8588072054
0.7910846535
0.7310841189
0.6950696460
0.6848803766
0.7194394664
0.7866817356
0.8545959067
0.9059573024
0.9434215366
0.9618619632
0.9696519312
0.9821437839
0.9871102632
0.9840626547
0.9831436719
0.9833804852
0.9783743245
0.9677727127
0.9586581649
0.9613011743
0.9518565859
0.9417584397
0.9352206461
0.9337864003
0.9339439400
0.9418047558
0.9568642515
0.9625196551
0.9536341933
0.9461621061
0.9493945371
0.9548203883
0.9542230887
0.9526385688
0.9607618844
0.9701856063
0.9705020154
0.9681324056
0.9794691123
0.9858552549
0.9932327666
0.9935159695
0.9875772444
0.9838559093
0.9801440696
0.9859504738
0.9897774301
0.9861294048
0.9861979038
0.9913287369
0.9856735559
0.9734378722
0.9797070812
0.9950483203
0.9877699024
0.9769272626
0.9807255034
0.9835276388
0.9870011425
1.0015370829
0.9997574739
0.9961558507
0.9907432286
0.9886330799
0.9816278522
0.9715713885
0.9591067509
0.9618015903
0.9748990742
0.9816691030
0.9800924486
0.9777075740
0.9738317534
0.9632646638
0.9572879302
0.9686340866
0.9730447191
0.9777300779
0.9847903857
0.9857898509
0.9994436672
0.9911324985
0.9748599280
0.9709637613
0.9699892937
0.9610807726
0.9473125116
0.9325428078
0.9198830752
0.9216973468
0.9397528825
0.9550791072
0.9647825495
0.9784414209
0.9826200443
0.9728507155
0.9705034534
0.9697305071
0.9605683305
0.9477041835
0.9371681737
0.9244314425
0.8930431987
0.8406041732
0.8015844013
0.7996250228
0.8169752157
0.8592237181
0.9034309043
0.9378610010
0.9560963018
0.9607683638
0.9611031442
0.9620187516
0.9636021463
0.9628880789
0.9608833115
0.9606850081
0.9598533495
0.9566209720
0.9482127948
0.9515727873
0.9697570611
0.9776299221
0.9742069827
0.9734790421
0.9685282039
0.9654082329
0.9701647651
0.9675286823
0.9553136364
0.9485002110
0.9493582023
0.9500302592
0.9501294625
0.9532087256
0.9565484698
0.9539733317
0.9601041951
0.9706872031
0.9735622117
0.9741509097
0.9697832484
0.9557245407
0.9348160455
0.9185775566
0.9091586427
0.9085641754
0.9205496982
0.9384827162
0.9563034477
0.9680889931
0.9767358490
0.9849397127
0.9876084581
0.9834074619
0.9774631199
0.9674685251
0.9468526804
0.9425731696
0.9460595827
0.9477218909
0.9520116818
0.9651292874
0.9819261213
0.9821297103
0.9742295096
0.9887303815
0.9988657564
0.9943025193
0.9910038544
0.9890937474
0.9866403522
0.9828904400
0.9767490850
0.9660252891
0.9522319407
0.9493342127
0.9563553211
0.9626962095
0.9662096816
0.9718063553
0.9855014189
1.0001089343
1.0008086038
0.9851924628
0.9578051984
0.9085352996
0.8532617014
0.7982192421
0.7680545707
0.7740489470
0.8176550410
0.8771543195
0.9198907108
0.9437944161
0.9648511080
0.9778269387
0.9782881047
0.9784475297
0.9726143372
0.9765590916
0.9863008025
0.9808202243
0.9611226644
0.9655454300
0.9811027452
0.9904050614
0.9897454453
0.9900107481
0.9868646903
0.9745395181
0.9686229097
0.9735847113
0.9729307005
0.9686300259
0.9769446877
0.9836371887
0.9699503259
0.9606536646
0.9642009261
0.9708007016
0.9759915265
0.9857199693
0.9954857762
0.9837207005
0.9783626284
0.9749103891
0.9751642866
0.9784978691
0.9825942683
0.9877507686
0.9883359278
0.9814798216
0.9754521040
0.9750659125
0.9779336350
0.9747828107
0.9631927913
0.9617390356
0.9630713326
0.9710268414
0.9686370137
0.9711357962
0.9847374741
0.9883751455
1.0027979079
1.0070167285
0.9938225194
0.9767673872
0.9714220204
0.9760754386
0.9732303441
0.9690847850
0.9767640166
0.9893691541
0.9950355312
0.9893132574
0.9773666895
0.9736598220
0.9767282566
0.9806138634
0.9843311187
0.9957716821
0.9990569492
0.9992390288
1.0037841203
1.0063796181
0.9984280130
0.9846863748
0.9708643708
0.9531867391
0.9338970914
0.9186158730
0.9133316405
0.9181079080
0.9329871557
0.9519214635
0.9617129888
0.9583191920
0.9494738592
0.9508067965
0.9605957455
0.9667643210
0.9683132191
0.9678223453
0.9657944015
0.9719066227
0.9725281985
0.9620314142
0.9466328253
0.9137775471
0.8695264276
0.8357461454
0.8242121962
0.8193544902
0.7954468652
0.7420891743
0.6644662804
0.5831289501
0.5346824964
0.5391816470
0.5919368967
0.6874114913
0.7887545959
0.8505015595
0.8775533583
0.9046292813
0.9279125015
0.9350395649
0.9310095289
0.9197714933
0.8960646496
0.8431639914
0.7626931746
0.6834711742
0.6432920637
0.6549493270
0.7037519662
0.7694654248
0.8386151636
0.9025639256
0.9465468679
0.9675620788
0.9673607080
0.9725058625
0.9689865583
0.9623012213
0.9694297737
0.9703937021
0.9652723687
0.9713516572
0.9794305445
0.9779160947
0.9730217981
0.9735456234
0.9760600804
0.9742815119
0.9647108892
0.9498959698
0.9412081253
0.9482865939
0.9676967402
0.9831039488
0.9864860968
0.9850566980
0.9769151583
0.9557072515
0.9456445296
0.9326744964
0.9271104772
0.9309668701
0.9432890210
0.9629170752
0.9720066808
0.9729294370
0.9734939188
0.9778798622
0.9881655371
0.9925235112
0.9893366286
0.9899108912
0.9838185926
0.9839410325
0.9844234318
0.9865657908
0.9856043412
0.9809674549
0.9725779513
0.9698106878
0.9727729345
0.9835043863
0.9848128750
0.9603653372
0.9187938844
0.8733752840
0.8330336586
0.8059122494
0.7976828963
0.8192138511
0.8698748965
0.9171753188
0.9366300062
0.9447391127
0.9511067997
0.9610584418
0.9861965156
0.9810834148
0.9790185947
0.9823599496
0.9690733762
0.9565734072
0.9299915102
0.8922620626
0.8666235619
0.8602311273
0.8770338390
0.9101340868
0.9387891035
0.9426722473
0.9214882641
0.8920875690
0.8627698514
0.8343395731
0.8244557731
0.8431516420
0.8916049096
0.9292406091
0.9581361052
0.9761776948
0.9960048392
1.0033022494
0.9999690696
0.9893874281
0.9833906744
0.9895186928
0.9959514762
0.9945177964
0.9919979436
0.9915623720
0.9908006639
0.9913436029
0.9908589135
0.9847265516
0.9821095391
0.9854288472
0.9882205019
0.9912019978
0.9855427533
0.9761791669
0.9787876378
0.9812314908
0.9936824459
0.9996685519
0.9893554832
0.9813000198
0.9920163463
1.0018726911
1.0048989064
1.0011976981
0.9929346083
0.9864484250
0.9803687124
0.9725185721
0.9695714481
0.9763138219
0.9949618272
0.9969075842
0.9945799998
0.9935849399
0.9881299271
0.9841436719
0.9917188862
0.9981431675
0.9932453100
0.9883224543
0.9795494895
0.9703414811
0.9757583324
0.9894122342
0.9981703741
1.0040941888
1.0105167680
1.0091483960
0.9971472975
0.9881392716
0.9882388068
0.9926285825
0.9910803455
0.9789252399
0.9758068183
0.9589404627
0.9463722252
0.9350417609
0.9442947601
0.9533061488
0.9576994392
0.9670805304
0.9884795549
1.0012847863
1.0003702100
1.0007596804
1.0030567023
1.0016094506
1.0032388884
1.0095428106
1.0144702988
1.0162731468
1.0136038998
0.9993246257
0.9812911305
0.9494037047
0.9188890076
0.8830620531
0.8478299728
0.8412892245
0.8607358867
0.8963028160
0.9379954992
0.9694549949
0.9812782769
0.9856427498
0.9945385521
1.0018367411
0.9999983248
0.9965266393
0.9980253179
0.9893552926
0.9677459545
0.9454092224
0.9385016587
0.9361165252
0.9310416461
0.9385874657
0.9426792863
0.9343910828
0.9197580025
0.9027586326
0.9012004542
0.9176187771
0.9405827772
0.9668627460
0.9877837286
0.9919261520
0.9886300600
0.9902517765
0.9901907179
0.9886290333
0.9863135241
0.9851242655
0.9874132390
0.9816158667
0.9604067956
0.9545772277
0.9584408125
0.9577104960
0.9546014744
0.9509197072
0.9508900667
0.9614379286
0.9703788787
0.9723122367
0.9753812650
0.9800561672
0.9802676526
0.9797262094
0.9801743343
0.9713515963
0.9554581263
0.9247388699
0.8831650324
0.8523886535
0.8411960308
0.8504246268
0.8820584552
0.9311429422
0.9619232825
0.9731811563
0.9905106516
1.0037171847
1.0014536783
0.9942389880
0.9912554222
0.9972550223
0.9958172348
0.9733587505
0.9318806958
0.8585842181
0.7752788564
0.7161319682
0.6971639652
0.7109838264
0.7684074313
0.8354579310
0.8771972558
0.8947063333
0.8848898485
0.8598893425
0.8415205474
0.8394713249
0.8569668670
0.8835163661
0.9103004450
0.9323490310
0.9547246311
0.9780053414
0.9908174023
0.9925578207
0.9931515968
0.9989870175
1.0058911607
1.0069940353
1.0049645614
1.0044001060
1.0089493613
0.9972257976
0.9726072826
0.9606442905
0.9620593651
0.9733483903
0.9807335293
0.9872780341
0.9892198243
0.9917035983
0.9994166700
1.0031618145
0.9993286231
0.9951359769
0.9945984765
0.9991830672
0.9972196802
0.9929009179
0.9897022591
0.9967120130
0.9938527560
0.9794083059
0.9794168861
0.9767033481
0.9674218378
0.9581894587
0.9570836140
0.9586981993
0.9622580632
0.9709022469
0.9825669272
0.9934406116
1.0055254253
1.0134198739
1.0081464050
1.0011428748
0.9973757582
0.9995594970
0.9939506972
0.9829606434
0.9822362953
0.9884901214
1.0059521214
1.0056050664
0.9900215374
0.9771734923
0.9564969423
0.9312641808
0.9181423144
0.9140836182
0.9142270442
0.9150732404
0.9072015697
0.8902083356
0.8795460628
0.8867486970
0.9087348526
0.9387139217
0.9701336634
0.9809982136
0.9846261370
1.0029047992
1.0039241913
1.0039980018
1.0053418054
1.0056609080
1.0011243829
0.9914949583
0.9864602762
0.9875333359
0.9936270922
0.9966320608
0.9938267285
0.9915361432
0.9934133961
0.9965834936
0.9970368356
1.0013555575
1.0092039865
1.0113871342
1.0104017965
1.0138121073
1.0120685299
1.0112093143
1.0100259324
1.0017306357
1.0009979087
1.0045433565
1.0066534482
1.0075161612
1.0039367265
1.0044710687
1.0077332924
1.0093121448
1.0071371350
1.0034287366
1.0092946632
1.0117505492
1.0078702379
1.0010864096
1.0143504234
1.0112785827
0.9788662184
0.9660600461
0.9521055792
0.9463276037
0.9454864952
0.9481477724
0.9534695314
0.9647234708
0.9710738110
0.9831943060
0.9939178108
0.9910665823
0.9805022043
0.9686567288
0.9589884711
0.9570694896
0.9627019076
0.9621727593
0.9658486049
0.9634906566
0.9688552961
0.9841388666
0.9951504246
1.0067174708
1.0054192388
0.9978972911
0.9849593798
0.9779955725
0.9819313867
0.9870493444
0.9900907388
0.9889307952
0.9885177143
0.9984719917
1.0116452389
1.0140977759
1.0087817334
1.0035643355
0.9954333216
0.9847182091
0.9781576891
0.9753942038
0.9871273051
0.9946863728
0.9911783145
0.9869673141
0.9830442667
0.9806997267
0.9810897200
0.9823833587
0.9826777829
0.9859472877
0.9917376580
1.0000534196
1.0094458689
1.0105548063
1.0051868246
1.0015822001
1.0030889371
1.0112788445
1.0083385625
1.0018470598
1.0011768766
0.9942460144
1.0004130024
1.0103328181
1.0125706233
1.0095154630
1.0054611643
0.9990313339
1.0011375200
1.0008212140
0.9912954228
0.9828807596
0.9817605437
0.9847594338
0.9864099363
0.9861334972
0.9886788372
1.0000725407
0.9977252467
1.0027700795
0.9957895573
1.0018532502
1.0109144279
1.0054038155
1.0073654731
0.9972880229
0.9816954647
0.9768767896
0.9838473325
0.9944798416
0.9971712685
0.9951584288
0.9902523332
0.9795816411
0.9730442686
0.9758873265
0.9860555737
0.9937945304
0.9971674064
0.9845772113
0.9798195764
0.9871358679
0.9860102420
0.9847115061
0.9933522047
0.9927963054
0.9886070440
0.9941105026
1.0049174876
1.0015641580
0.9949987385
0.9898501730
0.9862609284
0.9847232898
0.9766383419
0.9690034494
0.9664111945
0.9542906401
0.9558182883
0.9655098960
0.9729561136
0.9842857082
0.9947782063
0.9832742613
0.9638562566
0.9588764249
0.9659245232
0.9702491311
0.9690857265
0.9733185914
0.9738447292
0.9577163339
0.9318375158
0.9047384724
0.8733588345
0.8365235681
0.8053505847
0.8027042734
0.8342715908
0.8779540554
0.9231481056
0.9631178793
0.9958895581
1.0057969807
1.0078901043
0.9987868144
0.9935667564
0.9972002835
1.0065094630
1.0109819058
1.0002834397
1.0008372145
1.0080347519
1.0023879502
0.9872145044
0.9757150413
0.9812251760
0.9917833911
0.9896161007
0.9847207313
0.9934864149
1.0055788163
1.0019657080
1.0104646332
1.0163648089
1.0075619536
1.0073814517
1.0084627764
1.0050251446
1.0015520126
1.0032008917
1.0079756500
1.0042389242
0.9926163814
0.9783038765
0.9651087675
0.9517226819
0.9199360928
0.8768621127
0.8522477534
0.8486396330
0.8683699276
0.9009425652
0.9338145631
0.9669858264
0.9781351834
0.9798428251
0.9843614065
0.9828412009
0.9775553219
0.9881014677
0.9962810538
0.9860717047
0.9794192383
0.9846651771
0.9906304728
0.9971588554
1.0013487622
0.9988938344
0.9932523367
0.9858210060
0.9765366596
0.9774970203
0.9768043982
0.9732476739
0.9804206947
0.9885194059
0.9850460873
0.9866441493
0.9912825896
0.9901264140
0.9912356370
0.9985791262
0.9985350102
0.9924755430
0.9856903417
0.9721862025
0.9477389717
0.9147889293
0.8898453049
0.8740614240
0.8741692511
0.8977223302
0.9446663362
0.9697498381
0.9927023030
0.9977147090
1.0045705041
0.9995255928
1.0002738047
1.0061643816
1.0002041815
0.9921574345
0.9858617048
0.9842916861
0.9831232994
0.9832673048
0.9828535828
0.9663900113
0.9522929753
0.9523225497
0.9545217155
0.9718403254
0.9757397156
0.9678432129
0.9664229922
0.9643784631
0.9564481367
0.9467382283
0.9515516715
0.9481047564
0.9439862179
0.9416436135
0.9342726362
0.9222932349
0.9225495672
0.9360233613
0.9415015089
0.9310576494
0.9158426326
0.9048605908
0.8961565670
0.9029956488
0.9228411692
0.9471547485
0.9683980729
0.9749462164
0.9767413532
0.9823789502
0.9922270413
0.9977276742
0.9934709857
0.9731987586
0.9471571172
0.9082547768
0.8603530693
0.8296321345
0.8175215009
0.8094888790
0.8000808017
0.7709063240
0.7340124341
0.7131463237
0.7192428442
0.7366645466
0.7669501708
0.7939416348
0.7958290961
0.7850920479
0.7906069265
0.8173776122
0.8556298201
0.8872633969
0.9145751550
0.9432840143
0.9694895007
0.9794189561
0.9773316144
0.9807444285
0.9879775077
0.9877508629
0.9776126411
0.9569142681
0.9286924306
0.8928585364
0.8602536959
0.8517204753
0.8797814204
0.9166419508
0.9600219342
0.9764770305
0.9751113042
0.9742056669
0.9608414459
0.9456259792
0.9378748934
0.9393224692
0.9490308380
0.9628649584
0.9768637896
0.9889174020
0.9973203471
0.9997422570
0.9959090073
0.9832778876
0.9831511057
0.9864782142
0.9872088387
0.9875965327
0.9855832667
0.9893308057
0.9939188533
0.9938543665
0.9829581290
0.9851733937
0.9939665912
1.0034783916
1.0095820807
1.0110604460
1.0085539806
1.0007216057
0.9979655314
1.0012180864
0.9984113456
0.9989196370
0.9975499767
0.9997226542
0.9997417338
0.9900177484
0.9826140872
0.9848725699
0.9828989383
0.9666502926
0.9611757870
0.9668064510
0.9758990710
0.9761953096
0.9777726561
0.9875222611
0.9958556016
0.9992818272
0.9982058161
0.9918412782
0.9871972383
0.9844606074
0.9850075300
0.9867971461
0.9944880974
0.9933876711
0.9854255164
0.9883683438
0.9726408178
0.9704047117
0.9824322565
0.9840184733
0.9765661221
0.9618935951
0.9467447302
0.9325448835
0.9138612117
0.8850634225
0.8455564309
0.8105987933
0.7984278188
0.8082788945
0.8373199917
0.8738277238
0.9056173450
0.9369580852
0.9657800919
0.9824521536
0.9872990443
0.9900910448
0.9861646562
0.9809661819
0.9814500026
0.9858332372
0.9906857041
1.0038500635
1.0204544836
1.0229662903
1.0147812066
1.0082224418
0.9995249908
0.9992357009
1.0101681494
1.0102035593
0.9992644676
0.9890613950
0.9970580796
1.0029059155
1.0133881817
1.0178079646
1.0116129824
1.0065620297
1.0045701120
1.0082491773
1.0097439042
1.0043071908
0.9968178638
0.9942483408
0.9948940131
0.9935250503
0.9914508969
0.9893033654
0.9877249950
0.9803718698
0.9751280612
0.9803577639
0.9859911408
0.9888526755
0.9719865455
0.9730669626
0.9878253149
0.9942711112
0.9906746293
0.9879247319
0.9892114414
0.9834359308
0.9757167508
0.9755221427
0.9779396573
0.9690878512
0.9319325489
0.8599422218
0.7684936839
0.6755824573
0.6174412075
0.6259770084
0.6903916500
0.7824238645
0.8707634089
0.9253903459
0.9600027615
0.9689604936
0.9692530096
0.9778535476
0.9900772519
0.9864456036
0.9741567626
0.9744022724
0.9854092992
0.9952342967
0.9982393772
0.9962606124
1.0031670442
1.0063565353
1.0027312381
0.9981018544
0.9868633457
0.9760005367
0.9769763164
0.9734475548
0.9589647071
0.9655086204
0.9585354084
0.9559285808
0.9689934289
0.9801754706
0.9904958269
0.9933270604
0.9885835892
0.9880865084
0.9947800481
0.9976519930
0.9893956597
0.9879495040
0.9831361251
0.9827245399
0.9903752110
0.9990621272
0.9989533458
1.0000335854
1.0028751975
1.0103411867
1.0157822773
1.0074048839
0.9935631270
0.9782903602
0.9599286102
0.9332047364
0.9098446610
0.9009508569
0.9061991451
0.9283429931
0.9592437554
0.9770127022
0.9872887080
0.9977324261
1.0036663111
1.0026061381
1.0021574761
0.9921996904
0.9932591335
0.9885194572
0.9833830533
0.9808756712
0.9644432943
0.9468400935
0.9299284684
0.9109732930
0.8941583382
0.8847720111
0.8975129598
0.9276963548
0.9545612568
0.9845493894
1.0052785980
1.0087390620
1.0017357867
1.0093161634
1.0029630325
0.9904099209
0.9965351421
0.9988042522
0.9972030875
1.0000538843
1.0042052273
1.0010578056
0.9985787802
1.0007925784
0.9897314476
0.9834036536
0.9884134890
0.9874537216
0.9851542525
0.9884884973
0.9957590053
1.0034714957
1.0082894861
1.0154779584
1.0175439013
1.0139818176
1.0214849256
1.0211016101
1.0067399726
0.9953862262
0.9950682460
0.9904185702
0.9818095585
0.9825573385
0.9854864219
0.9870985607
0.9897288747
0.9926205315
0.9967461470
0.9967642660
0.9926690295
1.0032180965
0.9995230609
0.9804816371
0.9703019761
0.9778083477
0.9682101271
0.9760307283
0.9808183101
0.9932218431
1.0012825852
0.9976475958
0.9918815256
0.9993454971
1.0026079731
0.9887620411
0.9764952304
0.9797179013
0.9879931602
0.9902594746
0.9851311978
0.9758227779
0.9715886885
0.9649611755
0.9535306082
0.9535639361
0.9661995178
0.9795089329
0.9978728569
1.0074030122
1.0085935012
1.0061486676
0.9976530359
1.0049018417
1.0078743811
0.9969640907
0.9907483236
0.9887673958
0.9877603472
0.9892035170
0.9836444132
0.9782785668
0.9856456346
0.9952091904
0.9974692484
0.9911101733
0.9899211951
0.9845061000
0.9471803791
0.9184164371
0.9082397032
0.9091650780
0.9143665404
0.9345346764
0.9587704294
0.9707357690
0.9783429490
0.9834927745
0.9827699076
0.9827903860
0.9861769059
0.9868706335
0.9815878905
0.9695749380
0.9659220287
0.9843456006
0.9984716150
1.0034459190
0.9994669027
0.9896559762
0.9793724754
0.9846138483
0.9871996416
0.9862147358
0.9974136739
1.0065431989
1.0002882591
0.9980446271
0.9997833006
0.9998962824
1.0002842591
0.9939373680
0.9891309469
0.9941571933
0.9983802226
0.9998752001
1.0004525962
0.9976952500
0.9936828529
0.9884270454
0.9919086730
0.9774718770
0.9575260767
0.9529092508
0.9561763444
0.9603693415
0.9589778784
0.9669614009
0.9726364954
0.9717955714
0.9657870527
0.9554895660
0.9581143354
0.9662383295
0.9774976127
0.9859267227
0.9904173459
0.9923958915
1.0023164512
0.9884130842
0.9810115385
0.9760828393
0.9775164230
0.9743837240
0.9685570897
0.9723790055
0.9860875963
0.9971446154
1.0030529075
1.0048201467
1.0010050321
0.9942225241
0.9900618832
0.9888128510
0.9873586164
0.9914930822
0.9951879201
0.9876225529
0.9759224060
0.9747211150
0.9808094980
0.9889622094
0.9953278984
0.9905617870
0.9826125255
0.9847226431
0.9919155647
0.9980260780
0.9987248808
0.9960933339
0.9896500318
0.9839961581
0.9848996603
0.9872914557
0.9915834305
0.9916079263
0.9715051057
0.9660610193
0.9700496170
0.9632942375
0.9477899027
0.9448797276
0.9543974018
0.9599675223
0.9664600213
0.9654353642
0.9578142182
0.9574409063
0.9643613445
0.9722440500
0.9809877072
0.9888716709
0.9921747820
0.9882609275
0.9794367138
0.9770296313
0.9725415664
0.9586127060
0.9349926469
0.9103244713
0.8786872389
0.8663358697
0.8674505185
0.8888138431
0.9113233161
0.9163335832
0.9292053767
0.9403910098
0.9518991784
0.9736418012
0.9831136067
0.9754699784
0.9757283481
0.9853414323
0.9881235480
0.9882095457
0.9945059012
1.0056889978
1.0002238339
1.0059909573
1.0027768356
0.9903760202
0.9908902368
0.9806995672
0.9774522379
0.9666070907
0.9760112329
0.9895721608
0.9948466992
0.9858228942
0.9742210946
0.9695285215
0.9647563650
0.9476306460
0.9109450631
0.8585910772
0.8004319110
0.7331442816
0.6630534919
0.6128996628
0.6067521442
0.6352138051
0.7085549568
0.7948560680
0.8645815675
0.9158766261
0.9454548869
0.9586074950
0.9659466770
0.9768913670
0.9825277404
0.9821511490
0.9774323058
0.9701539982
0.9647094843
0.9608978753
0.9639347230
0.9742058329
0.9721070600
0.9755738043
0.9814090127
0.9958383621
0.9989286731
1.0006768170
0.9907841507
0.9997225631
0.9850164020
0.9704916933
0.9633061902
0.9579043534
0.9429087414
0.9339456637
0.9326646735
0.9289725871
0.9275795643
0.9338595674
0.9476187127
0.9644155661
0.9675521492
0.9696053008
0.9690233595
0.9597794282
0.9468312392
0.9585055428
0.9689164546
0.9677557696
0.9749552795
0.9804014497
0.9677180205
0.9465672247
0.9298728449
0.9138551137
0.9085296029
0.9185157083
0.9332772753
0.9486761591
0.9630670450
0.9698228534
0.9710435597
0.9705340247
0.9724531627
0.9753965959
0.9666652663
0.9488954079
0.9259726153
0.9077512777
0.9061319053
0.9152823554
0.9172975911
0.9162895408
0.9040772838
0.8949211319
0.8993800772
0.9124988991
0.9319404500
0.9558469910
0.9724343354
0.9756198966
0.9745016156
0.9660381064
0.9417248631
0.9338384568
0.9245846064
0.9336942136
0.9371253505
0.9394708708
0.9450463299
0.9472051808
0.9582735968
0.9595763496
0.9697568853
0.9716117621
0.9641546069
0.9568267586
0.9507960735
0.9466553442
0.9420481010
0.9303416243
0.9183401401
0.9235597529
0.9415044010
0.9574818820
0.9836935006
0.9998443149
0.9959267568
0.9962695665
0.9918558125
0.9897735856
1.0030363471
1.0064577662
0.9974902024
0.9986199634
0.9990656635
0.9952435338
0.9887897553
0.9845355519
0.9888978916
0.9959526705
0.9962811782
0.9900718664
0.9841292279
0.9886591289
0.9955696280
0.9875104519
0.9845416075
0.9917457225
0.9988174690
0.9917694464
0.9922786816
0.9874961551
0.9842357521
0.9871417844
0.9729180117
0.9599407135
0.9641900802
0.9824104968
0.9957947556
0.9915936476
0.9846430714
0.9866831115
0.9905254432
0.9891626775
0.9844786182
0.9796268711
0.9925176580
0.9871196902
0.9825349721
0.9872469459
0.9925614070
0.9877525372
0.9729257722
0.9617206109
0.9559518071
0.9472122004
0.9433595767
0.9542852840
0.9719069509
0.9826875531
0.9871206532
0.9932434364
0.9976360967
0.9932122723
0.9937912450
1.0031487824
1.0058294901
0.9969613828
0.9948734641
0.9791724094
0.9709072683
0.9768267278
0.9849348878
0.9756290945
0.9705235882
0.9704555407
0.9728305694
0.9759437651
0.9802234113
0.9831534472
0.9778274909
0.9690581190
0.9714046315
0.9842324286
0.9953242388
0.9916773715
0.9866540300
0.9901384189
0.9921434592
0.9864802149
0.9897000043
0.9922944516
0.9914488588
0.9837530047
0.9748564634
0.9767227342
