#flux
0.9848004879
0.9891856117
0.9730094602
0.9894112471
1.0072148968
0.9951347598
0.9926749260
1.0198332095
1.0401268191
1.0317015936
1.0028175594
0.9420908573
0.9404858855
0.9691984940
0.9947741488
0.9973114454
0.9696856710
0.9409246344
0.9408829603
0.9381347205
0.9315608996
0.9533177064
0.9692483500
0.9599143689
0.9434368440
0.9318971280
0.9228649064
0.9206679449
0.9199635725
0.9177070842
0.9436310290
0.9669030236
0.9794792532
0.9867969189
0.9952786863
1.0129194745
1.0224726097
1.0032663382
1.0145175160
1.0065650119
1.0046039198
0.9821700229
0.9692088910
0.9683199809
0.9577947282
0.9391229166
0.9155866298
0.9081487336
0.9291098180
0.9529767235
0.9767294381
0.9805539185
0.9779256872
1.0008387688
1.0276018949
1.0009139107
0.9535322398
0.9791515624
0.9938383225
0.9816667704
0.9919484703
0.9874969163
0.9781720444
0.9641594032
0.9208695600
0.8843712259
0.8760894870
0.8560652367
0.8223810189
0.8077175955
0.8083182198
0.8317985172
0.8433065320
0.8662930676
0.9108349841
0.9029137756
0.9215223994
0.9752551431
0.9585195616
0.8944131748
0.8974350395
0.9090070241
0.9183482096
0.9492888981
0.9584208316
0.9473471914
0.9383370365
0.9203665831
0.8862536524
0.8463494287
0.8174694855
0.8273800510
0.8663601303
0.9068939640
0.9314994298
0.9308848552
0.9234316568
0.9026057040
0.8954405916
0.8476459084
0.8045489679
0.8128719224
0.8358594329
0.8632525006
0.9369672608
0.9967224434
1.0271797948
1.0427804230
1.0149349777
0.9452324241
0.8878911961
0.8774268179
0.9034748481
0.9254091434
0.9194593285
0.9280760049
0.9843079459
0.9554131762
0.9386020344
0.9835028258
0.9947637983
0.9677601665
0.9751067884
1.0189625489
1.0236764648
0.9871872476
0.9406661459
0.8999150730
0.9079924892
0.9592389203
0.9768988084
0.9514212477
0.9233986301
0.9130167112
0.8991094671
0.8720562396
0.8975549837
0.9595337415
0.9159004494
0.8917727462
0.8995819051
0.8900837567
0.8980706836
0.9359003655
0.9519150601
0.9510098235
0.9382614541
0.9356191881
0.9409486526
0.9357233798
0.9415741845
0.9609425757
0.9490848752
0.9251482234
0.9458930000
0.9741655603
0.9274271493
0.8855523460
0.8392336854
0.8280619852
0.8708401870
0.8904175090
0.8977178152
0.9129095844
0.9237336678
0.9342543318
0.9476496022
0.9614141945
0.9578645453
0.9396453646
0.9387998900
0.9511192149
0.9349104462
0.8993011707
0.8919367222
0.8989276963
0.8656390065
0.8535818044
0.8770898970
0.8749644928
0.8722049168
0.8855828781
0.9059965283
0.9106021937
0.8959285801
0.8827192654
0.8904891566
0.9146698557
0.9234196573
0.9050922797
0.8788346271
0.8524303966
0.8173747589
0.7912055106
0.8093189674
0.8173077006
0.7779332165
0.7506585436
0.7085450260
0.7020593646
0.6422640562
0.5597583252
0.5370061975
0.5255696632
0.4808443559
0.4032575583
0.3292477704
0.2866072764
0.2542403664
0.2380812431
0.2331097464
0.2030623154
0.1687546288
0.1713403909
0.2031710221
0.2220993476
0.2108399693
0.2090162155
0.2243442398
0.1977135951
0.2275225869
0.2989162567
0.3565360315
0.3883778915
0.4417141477
0.5216365778
0.5898860645
0.6455235635
0.7072919136
0.7509182557
0.7621735653
0.7789197276
0.8147842666
0.8290956122
0.8086652034
0.7867412656
0.7970835837
0.8302068508
0.8563248709
0.8676861321
0.8599559564
0.8384579814
0.8648342434
0.8626826478
0.8561407403
0.8810046515
0.8947096535
0.9018790807
0.9144284403
0.9223419704
0.9259567130
0.9327896225
0.9314383236
0.9081278045
0.8907000803
0.9179960257
0.9332427719
0.9373498315
0.9036284540
0.8897284893
0.9169128699
0.9393516606
0.9325205173
0.9146855701
0.9228723589
0.9377231448
0.9674968734
0.9667427859
0.9459781485
0.9483137161
0.9654630760
0.9697409640
0.9724222139
0.9889878979
0.9942231749
0.9803374429
0.9929909121
0.9936958227
1.0061065005
0.9897586729
0.9561325768
0.9887568963
1.0087478622
0.9920130802
0.9603266789
0.9223532202
0.9283095428
0.9668212315
0.9809398132
0.9611366492
0.9574765455
0.9623261166
0.9427355466
0.9266526718
0.9418681088
0.9789443744
0.9924379642
0.9697517095
0.9787946523
0.9791142539
0.9860243487
0.9926613949
1.0164117942
1.0216104171
0.9887186159
0.9560627150
0.9716707667
1.0104182561
1.0141838289
0.9930458985
0.9682479844
0.9495827940
0.9520535195
0.9642370080
0.9543070083
0.9255507484
0.8903576494
0.8360705180
0.7925439290
0.7483724584
0.6950445753
0.7293622240
0.7940502861
0.8052600231
0.8457136457
0.9025992084
0.9610627305
0.9853020488
0.9603265098
0.9505493311
0.9667534801
0.9592944722
0.9377291544
0.9383054502
0.9559214808
0.9800064435
0.9847359254
0.9651484512
0.9377993001
0.9373544646
0.9342842012
0.9227370971
0.9191174855
0.9307997954
0.9376665458
0.9255493933
0.9229654540
0.9173370351
0.9329574452
0.9443114022
0.9496331050
0.9725119872
0.9890155098
0.9689065207
0.9459900078
0.9613443168
0.9890807061
0.9903107579
0.9865149940
0.9838635569
0.9641422684
0.9783790578
0.9545295550
0.9397786000
0.9583002182
0.9826198290
0.9873502019
0.9789615791
0.9707883868
0.9672902388
0.9646005620
0.9455493671
0.9463255828
0.9796755678
0.9998961700
0.9829675589
0.9227455502
0.8441233601
0.7729598717
0.7312958725
0.7262888442
0.7783125274
0.8587933145
0.8757285553
0.9431435987
0.9611249008
0.9474441127
0.9923184728
1.0373019101
1.0641180662
1.0611707163
1.0383874335
1.0174727466
1.0062300256
1.0016014078
0.9839396048
0.9439317721
0.9238707551
0.9364847716
0.9608946427
0.9635185147
0.9273081962
0.8633778926
0.8236840770
0.8231923201
0.8439295430
0.8785356133
0.9167496703
0.9446254249
0.9867543996
1.0317982385
1.0173197815
0.9444485012
0.8766119411
0.8306044277
0.7855923906
0.7465514126
0.7207936643
0.7242660217
0.7647408077
0.8221183665
0.8653567810
0.8885956269
0.9185081016
0.9215154136
0.9761869504
1.0154873531
0.9890862139
0.9691900521
0.9622953630
0.9663253646
0.9772341259
0.9811471836
0.9721029871
0.9568498411
0.9568175298
0.9770210212
0.9882296751
0.9928810664
1.0063405996
1.0357307051
1.0532314586
1.0375767705
1.0223469364
1.0045765238
0.9942930898
0.9933754648
0.9822711103
0.9612239282
0.9388672337
0.9820607387
1.0205859998
1.0346798448
1.0410009686
1.0109597330
0.9640170626
0.9514467178
0.9453686710
0.9233979803
0.9195299722
0.9403459107
0.9566400506
0.9807269247
0.9973581048
0.9719892074
1.0074599228
0.9869339061
0.9670332441
0.9805366562
0.9775113550
1.0125411617
1.0435988153
1.0376006566
1.0120698518
0.9744547015
0.9583821794
0.9827424512
0.9963570685
0.9763613339
0.9476153927
0.9680978708
0.9843712146
0.9968815767
1.0165794977
1.0513203304
1.0616943767
1.0513067931
1.0266020665
0.9890981775
0.9728149515
0.9840352933
0.9812188783
0.9725939998
0.9680998871
0.9664352378
0.9448058431
0.9393793608
0.9897782724
1.0252024740
1.0335184440
1.0074239326
0.9732373623
0.9487932671
0.9368324643
0.9623757394
0.9568206727
0.9687477949
1.0026640355
0.9833356275
0.9716073357
1.0062283316
1.0354300637
1.0007393792
0.9558869394
0.9476832411
0.9396905920
0.9079448434
0.8785365199
0.8532079247
0.8197677180
0.8084160992
0.8116785323
0.8479441845
0.8987460040
0.9548795223
1.0159246373
0.9750134413
0.9647793183
0.9958302852
1.0325392570
1.0301320679
1.0025515691
0.9803467568
0.9435308699
0.9124336848
0.9190779571
0.9475151003
0.9653984794
0.9690575598
0.9731047442
0.9688281608
0.9466603669
0.9340136322
0.9582998543
0.9827094027
0.9763187421
0.9495547737
0.9490010267
0.9705542806
0.9622620467
0.9633343031
0.9547042637
0.9389425671
0.9618550218
0.9926093651
1.0093626943
1.0199986486
1.0401063533
1.0487529969
0.9970057324
0.9534321393
0.9745329302
0.9848405634
0.9422070773
0.9216875112
0.9543334305
1.0156829515
0.9913419902
0.9998318081
1.0153825913
0.9698200965
0.9471571292
0.9596544920
0.9613800669
0.9427304275
0.9296567923
0.9462885433
0.9802985648
0.9902358441
0.9684593067
0.9628585890
0.9971862947
1.0137326931
0.9655468962
0.9848707986
1.0332907954
1.0016938452
0.9954407884
0.9687735661
0.9651437954
0.9566627047
0.9356047463
0.9233793475
0.9211829351
0.9316352357
0.9575723326
0.9781030848
0.9912704692
1.0163769748
1.0407480621
1.0300539534
0.9677417557
0.8740370161
0.8144232616
0.7823471359
0.7843325206
0.8084448377
0.8750458770
0.8964369529
0.9113171568
0.9507207107
0.9600610612
0.9370833065
0.9187342074
0.9234038215
0.9259769300
0.9208442294
0.9332739252
0.9605501332
0.9971629436
1.0170036233
0.9688599817
0.9697024686
0.9943594348
0.9748854635
0.9758323557
0.9735054825
0.9606880164
0.9715406530
0.9686678774
0.9676600207
0.9686260462
0.9968297079
1.0328849713
1.0350363941
1.0194267682
1.0255589373
1.0463834595
1.0448371052
1.0198265141
1.0086544783
1.0141227585
0.9963903453
0.9781814687
0.9923859496
1.0095098947
0.9956737400
0.9724593702
0.9669272630
0.9598476692
0.9729725254
0.9628561180
0.9436212553
0.9467195048
0.9856928256
0.9972336384
0.9776898801
0.9862556898
1.0167677405
1.0130542387
0.9831735817
0.9749491638
0.9877597653
1.0130727044
1.0294906070
1.0045585966
0.9965743793
0.9875289028
1.0085974886
1.0044085881
0.9895715579
0.9980926948
0.9808643682
0.9711739627
0.9766198250
0.9760428880
0.9932441581
1.0150941820
1.0109948944
1.0082579535
1.0202968942
1.0065421711
0.9850783151
1.0047152150
1.0188736169
1.0048131648
0.9617880959
0.9537154035
0.9494037716
0.9190021078
0.9622962019
0.9932422296
1.0100083492
1.0024552861
0.9779761003
0.9775393214
0.9866752919
1.0040156296
1.0249177730
1.0303618434
1.0244114091
1.0180971420
1.0092603077
0.9908151473
0.9466246626
0.9391529571
0.9653742394
0.9830343275
0.9396772090
0.8752160321
0.8558480363
0.8446000675
0.7834420911
0.7066547666
0.6669426549
0.6563656006
0.6701345505
0.7097118987
0.7759208949
0.8586499588
0.9265176543
0.9503757352
0.9396735232
0.9413798585
0.9819258649
1.0015971316
0.9863311411
0.9262935773
0.8066778331
0.7761554770
0.7332802155
0.7063206128
0.6902253485
0.7213212070
0.8192128692
0.9229874342
0.9702529306
0.9765374302
0.9770438165
0.9701283547
0.9600370511
0.9687814001
0.9868582612
0.9932903571
0.9883169566
0.9548713464
0.9634957416
0.9781023801
0.9679120483
0.9364640557
0.9293446194
0.9688982367
0.9785355712
0.9743197591
0.9400321947
0.9385777455
0.9674847612
0.9699738865
0.9591607174
0.9625176327
0.9876821404
1.0297968880
1.0412205146
0.9943348379
0.9588424549
0.9599128382
0.9400476866
0.9050683398
0.9240934412
0.9330161291
0.9466874618
1.0004551869
1.0430005166
1.0456969369
1.0236635919
1.0083726539
1.0083814515
1.0074988309
1.0021689466
0.9845510858
0.9589124635
0.9538245933
0.9841275985
1.0213393868
1.0184404168
0.9719887069
0.9416890749
0.9678791791
1.0071218779
0.9622474088
0.9025682457
0.8637518048
0.8554061390
0.8609141575
0.8515004933
0.8393233812
0.8695350138
0.9015662266
0.9483394342
0.9823489012
0.9787963442
0.9714999850
0.9748923016
0.9749568699
0.9808479264
0.9878168240
0.9749304307
0.9344100464
0.8850514791
0.8810118959
0.9254858340
0.9562191945
0.9303837658
0.9280920028
0.9455618342
0.9529182657
0.9266903069
0.8987592699
0.8841051818
0.8975817155
0.9310970451
0.9591842940
0.9904428925
1.0234428591
1.0228270401
1.0017697125
0.9800165445
1.0042629603
1.0582557481
1.0647730800
0.9979589613
0.9512620911
0.9813072823
1.0130829878
1.0231521798
1.0088141449
0.9899570951
0.9866712098
0.9685457824
0.9824977276
0.9998440980
0.9933811365
0.9752089890
0.9753492809
1.0017824272
0.9940515687
1.0039665019
1.0171088156
1.0155559611
1.0052546792
0.9763139445
1.0049930403
1.0456907375
1.0344465742
1.0244204177
1.0282212079
1.0056486889
0.9935559190
1.0110412967
1.0096349649
1.0130266079
1.0435922508
1.0720146315
1.0698950308
1.0414800286
1.0201407223
1.0301295110
1.0603909161
1.0299692396
1.0084200500
1.0224685082
1.0074079798
0.9825695425
0.9841271783
0.9508086562
0.9293856247
0.9246189360
0.9581923596
0.9905106936
1.0120255823
1.0055555649
0.9906308054
1.0030064983
1.0149307009
0.9898877363
0.9590932765
0.9568403693
0.9804062033
1.0059548053
0.9975533254
0.9777106823
0.9801315596
0.9754371233
1.0048829085
1.0138396660
1.0092833152
1.0068151560
1.0294291655
1.0319978048
1.0114498331
1.0081601240
1.0212063730
1.0125255116
0.9677401011
0.9283073090
0.9231994215
0.9048465531
0.8486803488
0.7994055161
0.7877572787
0.7657997050
0.7757538406
0.8226955583
0.8956138352
0.9795041900
1.0006154104
0.9910059662
0.9811732079
0.9867035015
1.0003147693
1.0006828121
1.0134808406
1.0210876318
1.0256031765
1.0414138978
1.0387688897
1.0194075984
0.9988792503
0.9865661540
1.0040634710
1.0067135394
0.9791064208
0.9476411751
0.9380611494
0.9688764253
1.0187336211
1.0235806007
1.0008464105
0.9996145681
0.9985630969
0.9968829479
1.0122900075
1.0290587558
1.0176494446
0.9955920052
0.9951915631
0.9986384168
0.9840504164
0.9699806625
0.9569172412
0.9359880237
0.9134068112
0.9255311688
0.9432356556
0.9456830154
0.9703163084
1.0248864050
1.0588152979
1.0461914952
1.0165039575
1.0101379282
1.0158417560
1.0063859356
0.9903067658
0.9524799179
0.8861558045
0.8382276762
0.8223649067
0.8317455062
0.8873503097
0.9606119597
0.9656232952
0.9600622729
0.9887697613
1.0062178213
0.9707228938
0.9662054321
0.9851775425
1.0065816958
1.0029242229
0.9831869921
0.9315161620
0.8604783683
0.8164993867
0.7851305016
0.7533936015
0.7618435581
0.8117283275
0.8658731772
0.8955420561
0.8953439897
0.8656333370
0.8400202902
0.8437048101
0.8694142592
0.8713298735
0.9152551414
0.9244144680
0.9086272542
0.9554055877
0.9815598537
0.9789141639
0.9689429303
0.9885115857
1.0124561953
1.0256337815
1.0459862052
1.0494211883
1.0293086123
0.9958263583
0.9675808281
0.9965061113
0.9940206822
0.9698575061
0.9595633411
1.0123396780
1.0115476723
1.0021081368
1.0325977362
1.0395650480
1.0060852464
0.9830691880
0.9994760745
1.0120188847
0.9955841139
0.9887137760
1.0093297778
1.0189197568
0.9921767720
0.9530932305
0.9485938379
0.9684378615
0.9635234748
0.9545426662
0.9534917184
0.9569734803
0.9870995175
0.9729020811
0.9802200659
0.9849018817
0.9763825439
0.9733214502
0.9714812261
1.0033674055
1.0132951681
0.9774539223
0.9434823587
0.9402007880
0.9837685370
1.0373920668
1.0295277492
0.9977990380
0.9694074470
0.9242524720
0.9336620691
0.9116130847
0.9475302859
0.9186744177
0.9089951699
0.9192912961
0.9171432873
0.8661897724
0.8128292702
0.7936539942
0.8155095417
0.8503597653
0.8843675659
0.9320317625
0.9764304464
0.9736115811
0.9263211517
0.8933661069
0.8913997782
0.8998774635
0.8799364185
0.8550652312
0.8558179362
0.8617548080
0.8700723080
0.9025630550
0.9269752070
0.9197945096
0.9219604903
0.9087570609
0.8830447543
0.8874682726
0.9212743903
0.9475348780
0.9683801363
0.9906355216
0.9809077466
0.9724846423
0.9712706758
0.9978475982
1.0139880849
1.0003587447
0.9747715224
0.9685291242
0.9683275241
0.9542945338
0.9740394739
0.9960636675
1.0175002942
1.0385086306
1.0429514799
1.0555372719
1.0607520134
1.0467507819
1.0296009143
1.0082116627
0.9981976503
0.9806485372
0.9734569262
0.9987599480
0.9704873986
0.9567797272
0.9975834685
0.9852538548
0.9493548528
0.9598025687
0.9698070882
0.9769060242
0.9924197349
0.9845403004
0.9500511577
0.9570768136
0.9792504759
0.9619237686
0.9428581917
0.9542335324
0.9728192411
0.9927210092
0.9953692830
0.9752467339
0.9855878580
0.9728699572
0.9768471265
0.9745104114
0.9629380124
0.9443117049
0.9352056888
0.9691499487
0.9951868159
0.9983743945
1.0222270736
1.0417630127
1.0393925315
1.0217589021
0.9981934762
0.9944552751
1.0074094249
0.9995981984
0.9864901878
0.9793280405
0.9874214358
1.0078663731
1.0320660197
1.0284566708
1.0055061866
0.9875210815
0.9705434331
0.9800554267
0.9851096254
0.9848977412
1.0040116697
1.0144572069
1.0213380906
1.0402945150
1.0292130310
0.9866922288
0.9890055431
1.0383937380
1.0536523707
1.0119202841
0.9801538603
0.9871199504
1.0000603158
0.9994633459
0.9901098272
0.9924861984
0.9977852082
0.9930031569
1.0145702015
1.0129242844
0.9965144673
0.9928012481
1.0048957861
1.0013563591
0.9851224406
0.9690086537
0.9435068895
0.9273757547
0.9463838215
1.0013436284
1.0342747396
1.0057649597
0.9764144116
0.9956755289
0.9836816285
0.9684859595
0.9568324833
0.9335245723
0.9520608148
0.9597727481
0.9827714208
1.0034134880
1.0200626193
1.0110216149
0.9698897433
0.9434338769
0.9530277913
0.9735421376
0.9935307742
0.9920487423
0.9697421313
0.9782899820
0.9517733283
0.9351914684
0.9582976885
1.0155619987
1.0015889098
0.9887639786
0.9930157198
0.9919947482
1.0018881235
1.0198522065
1.0154355790
0.9981268520
0.9826204974
0.9651514029
0.9470026948
0.9383999596
0.9505149192
0.9761359431
0.9745301067
0.9448078127
0.9287120293
0.9218126225
0.9192262057
0.9537352321
1.0062576716
1.0308925709
1.0132696981
1.0090635903
1.0072819037
1.0037748955
0.9691893300
0.9120573906
0.8424459577
0.8047282315
0.8196130924
0.8462609761
0.8728110522
0.9019245167
0.9231754165
0.9456855943
0.9510074012
0.9994367068
1.0957751114
1.1048959748
1.0136182608
0.9783672879
0.9840577722
1.0177506765
1.0350675676
1.0266323952
1.0014999517
0.9726997995
0.9603259219
0.9577809876
0.9614278170
0.9863164038
1.0187573628
1.0113322077
0.9590617021
0.9617974215
1.0079545870
1.0024475693
0.9843472137
0.9961572241
1.0056806453
0.9830904931
0.9646976681
1.0050010480
1.0111139036
0.9922606900
0.9741351844
0.9664426671
0.9631727548
0.9397576784
0.9071166780
0.8895674765
0.8850550476
0.8953444703
0.9168313783
0.9371390535
0.9462914821
0.9625904133
0.9855569429
1.0285131469
1.0341549343
0.9816512332
0.9582180241
0.9684019406
0.9993076945
1.0265674676
1.0097180410
0.9847322710
0.9954114948
1.0128158525
1.0168553112
1.0069568473
0.9860913684
0.9863845746
1.0070616095
1.0025092616
0.9786523788
0.9589864680
0.9639245177
0.9739925532
0.9886110029
1.0101610793
1.0145046761
1.0553025433
1.0311359767
0.9848134058
0.9599613450
0.9637678043
0.9616140974
0.9489310439
0.9394487425
0.9195842397
0.8941393771
0.8873122824
0.8860475857
0.9054876175
0.9751133057
0.9972619317
0.9908818171
0.9906974412
0.9862975015
1.0035815307
1.0309303964
1.0182636529
1.0041703318
1.0395786297
1.0295494084
1.0151017311
1.0144926628
1.0099165178
0.9850142922
0.9661707522
0.9555507377
0.9454822395
0.9722149568
1.0021954730
0.9868582653
0.9619157230
0.9649149018
0.9938832939
0.9989179927
0.9818211636
0.9841175610
0.9605526874
0.9444921420
0.9363756087
0.9493712419
0.9586915394
0.9865944554
0.9897954868
0.9803907456
0.9605444215
0.9322168014
0.9257601194
0.9388664345
0.9455349371
0.9044317705
0.8675009328
0.8900029675
0.9602715330
1.0069844263
1.0046567778
1.0008885883
1.0201252324
1.0130752701
0.9828848619
0.9557703097
0.9455026612
0.9290888804
0.8747617572
0.8184262617
0.7903611155
0.7844722957
0.7806990971
0.7636086068
0.7480715949
0.7552080746
0.7785376648
0.7942959440
0.7824077690
0.7926229048
0.7947560181
0.7591071704
0.8083044459
0.8757964526
0.9252062391
0.9592116332
0.9833185268
0.9555763749
0.9536737565
0.9750882900
0.9807612851
0.9843152678
0.9848532835
0.9584100639
0.9343043680
0.9387932856
0.9186015971
0.8844223213
0.8465555747
0.8892213828
0.9561364930
0.9504456156
0.9886899422
1.0084995328
1.0116351474
0.9847934221
0.9718904270
0.9563340789
0.9498062560
0.9641451281
0.9805600546
0.9892545676
0.9782424473
0.9715227471
0.9802908067
0.9515356713
0.9430551785
0.9886731554
1.0152381843
1.0108137800
0.9974767021
0.9979578559
0.9926874133
0.9580367546
0.9315676569
0.9362136430
0.9781276735
0.9769754010
0.9627817699
0.9635009403
0.9929494335
1.0108654184
1.0088275493
1.0177981796
1.0129278734
0.9830532430
0.9790630241
0.9730240801
0.9739600483
0.9931166489
1.0379033157
1.0334185818
1.0003487930
1.0230217478
0.9819758018
0.9517788516
0.9506623073
0.9506276869
0.9663328480
0.9690865433
0.9730203575
0.9965356154
1.0249817508
1.0090899743
0.9622245167
0.9587475537
0.9828362706
1.0020633048
1.0185710202
0.9970923625
0.9890373708
0.9989205537
0.9905303025
0.9983830099
1.0219958614
1.0409158359
1.0455164811
1.0017711039
0.9517284431
0.9477199281
0.9505751004
0.9186668070
0.8967840757
0.8793846150
0.8493704514
0.8376621107
0.8362992840
0.8788572573
0.9589733386
0.9759161405
0.9622595068
0.9594567102
0.9901360970
0.9970577417
0.9976520052
0.9642217121
0.9644031259
0.9711413861
0.9500140214
0.9518833901
0.9558918536
0.9606226776
0.9724716158
0.9893493968
0.9976844175
0.9768449634
0.9546807312
0.9711372090
0.9806394218
0.9829264687
0.9766149967
0.9775329068
0.9575834545
0.9943241868
0.9791072492
0.9667431038
0.9762472121
0.9747798427
0.9703518380
0.9616305792
0.9609902996
0.9904604979
1.0231945398
1.0222616299
1.0017024564
1.0029069269
1.0142301673
0.9935080726
0.9741965628
0.9749869591
0.9637120938
0.9322114739
0.9359627550
0.9569559021
0.9646004163
0.9623393406
0.9735859859
1.0011154799
0.9822365154
0.9769135499
0.9911563984
0.9740319418
0.9445654495
0.9253661812
0.9199864690
0.9066606916
0.8477822591
0.7603672535
0.6898492944
0.6539896429
0.6758002914
0.7384561974
0.7933176249
0.8682875883
0.9421666088
1.0044252124
0.9686963897
0.9376567778
0.9511141209
0.9565597522
0.9566454673
0.9585971502
0.9718623717
0.9853791643
0.9998160475
1.0199725073
1.0096812158
0.9660942257
0.9557237677
0.9591544886
0.9342715360
0.9403599872
0.9788901988
0.9695584553
0.9279139902
0.9064939988
0.9295886406
0.9623261803
0.9672128138
0.9790095542
0.9862738322
0.9909511258
0.9930638453
0.9992201472
1.0013572437
0.9929137642
0.9821859013
0.9760030257
0.9729988807
0.9710148038
0.9904139914
1.0138173983
1.0326560193
1.0230627769
0.9821353913
1.0068357129
1.0044264922
0.9838781288
0.9679033783
0.9877192232
0.9972136911
0.9849188373
0.9292656505
0.9100403759
0.9282387627
0.9277181619
0.9190793322
0.9320229865
0.9464159968
0.9451185233
0.9713760911
0.9855553520
0.9753464052
0.9976292936
1.0038115217
0.9554364128
0.9313843773
0.9251547861
0.9441904351
0.9487678177
0.9254744010
0.9129886920
0.8936025190
0.8646407191
0.8510389116
0.8692449035
0.8968142333
0.9277745969
0.9654548641
0.9719406829
0.9692759689
0.9731144817
0.9561536205
0.9624754678
1.0115765166
1.0033520199
0.9585984136
0.9737334034
1.0181457148
1.0151530333
0.9971201106
0.9948152779
0.9449230594
0.9226822542
0.9334961410
0.9505026495
0.9437600934
0.9471104797
0.9998567276
1.0136672800
0.9735693067
0.9633900663
1.0181492657
1.0347175749
1.0335766916
1.0088178505
1.0302919380
1.0199708586
0.9957256721
0.9729606724
0.9940835300
1.0197595437
0.9748984188
0.9325417897
0.9291930141
0.9288031506
0.9511810673
0.9957878729
1.0136826301
0.9973615516
0.9605961726
0.9527564985
0.9709614845
0.9528380129
0.9456981981
0.9342518652
0.9448211706
0.9563903512
0.9305505936
0.9418795647
0.9609835651
0.9851310189
0.9883810065
0.9609863697
0.9595858978
0.9755037995
0.9865298706
1.0079084416
1.0184707837
0.9967023309
0.9776099489
0.9582630387
0.9436214109
0.9543254115
0.9576775236
0.9593803428
1.0201693126
1.0355450133
1.0022044473
0.9702105546
0.9425523226
0.9537915259
0.9703051362
0.9736900264
0.9651740271
0.9748056630
0.9680342388
0.9493307712
0.9508457501
0.9328280456
0.9057006908
0.9400211889
0.9708624953
0.9816501050
0.9798044914
0.9923967458
0.9847009708
0.9987915579
0.9969319809
0.9452044449
0.9252391083
0.9435694441
0.9966021685
1.0053957589
0.9933206594
0.9650909004
0.9584474366
0.9832530682
0.9938972938
0.9816184427
0.9748350971
0.9646839637
0.9399808080
0.9515280080
0.9609396185
0.9761055780
0.9907523647
0.9984350420
0.9951187876
0.9967752140
0.9726458640
0.9740043873
0.9739858179
0.9656465809
0.9572770167
0.9578810421
0.9659600908
0.9778395964
0.9786420676
0.9721969818
0.9522701639
0.9079456600
0.9145048883
0.9709010670
1.0125916425
0.9943466560
0.9874629441
0.9668719375
0.9864067745
0.9946809503
0.9795149104
0.9358766915
0.9248885648
0.9361465715
0.9391454361
0.9648467769
1.0073760074
1.0104194944
0.9751406338
0.9451179916
0.9489451555
0.9843565739
0.9959101343
0.9631188064
0.9530061920
0.9757464436
0.9751812187
0.9976704311
0.9834500759
0.9807972240
1.0129053776
0.9876223520
0.9357976098
0.9318913268
0.9335147254
0.9532348016
0.9841409932
1.0067749235
1.0242294683
1.0229689923
1.0072120576
1.0008091388
0.9856280647
0.9739108821
0.9911139233
1.0164768036
1.0228648256
0.9843719230
0.9492485368
0.9064879378
0.9149100103
0.9932424776
0.9976871672
0.9890198814
0.9939306291
0.9887082115
0.9731037268
0.9517392178
0.9502010695
0.9733097274
0.9838828634
0.9717179536
0.9621455893
0.9512756609
0.9311785505
0.9217628267
0.9736765329
0.9818215258
0.9655597855
0.9078902562
0.9411139672
0.9795747126
0.9438359367
0.9059455087
0.9353553893
0.9591955229
0.9544746001
0.9421971960
0.9235195289
0.9269500348
0.9493727850
0.9675135863
0.9898090659
0.9964332223
0.9899679586
0.9700365443
0.9514618995
0.9247307851
0.9211875461
0.9538559735
0.9350822428
0.9253723215
0.9513984134
0.9574598039
0.9311737591
0.9377752281
0.9551825568
0.9453560894
0.9507935558
0.9694893897
0.9602293221
0.9368998804
0.9331563905
0.9346727812
0.9196854059
0.9266458446
0.9565682237
0.9700175470
0.9744537679
0.9833592339
1.0021676234
0.9871604931
0.9555932244
0.9439276233
0.9444010853
0.9690917378
0.9720028076
0.9637174853
0.9666894506
0.9819971708
0.9791145970
0.9436747656
0.9070156411
0.8874801179
0.8644983985
0.8198560062
0.7447840641
0.6742163513
0.6459729507
0.6377908105
0.6534099633
0.6892837930
0.7772500496
0.8724827106
0.9127329923
0.9598206280
1.0044263191
1.0069423063
0.9787524219
0.9434502782
0.9290783603
0.9283230621
0.9424808608
0.9862934760
1.0137336847
1.0012716206
0.9463356777
0.9375467465
0.9855493597
1.0226152468
1.0117433289
0.9984401235
0.9929622861
0.9482816861
0.9235390784
0.9352311448
0.9411762676
0.9240324097
0.8956666765
0.8838804570
0.8792111668
0.8929352324
0.9133687859
0.8996333201
0.8886451438
0.9194001119
0.9646580141
0.9877692406
0.9853543199
0.9879058446
0.9648392549
0.9938815420
0.9673949693
0.9754399271
0.9938698893
0.9867861553
0.9854475014
0.9868904109
0.9588096512
0.9712832041
0.9899329458
0.9830654041
0.9707889457
0.9521769838
0.9380725219
0.9335114687
0.9391150487
0.9649773322
0.9874090746
1.0016628020
1.0258297892
0.9965223411
0.9292826494
0.9232282358
0.9108144213
0.8916063894
0.8975490708
0.9062823421
0.9280868594
0.9400679062
0.9267258665
0.9151618282
0.9320030080
0.9507764396
0.9670941102
0.9941010825
0.9690197053
0.9651937873
0.9767064581
0.9612695685
0.9449779537
0.9250327869
0.9148523849
0.9265545618
0.9344950705
0.9220686944
0.9285643805
0.9403755029
0.9481872790
0.9660337014
0.9937771449
1.0069871765
0.9844306380
0.9575729700
0.9497503586
0.9288794258
0.9082672717
0.9133823126
0.9101364706
0.9410155368
0.9811684924
0.9709292441
0.9483659842
0.9383929048
0.9852674000
1.0165280492
1.0518432451
1.0298431989
0.9979198367
0.9886532018
0.9935759715
1.0158263608
1.0189490969
0.9880981319
0.9573626560
0.9452988621
0.9628499147
1.0011462747
1.0242929004
0.9909588001
0.9681679980
0.9867172483
1.0151801655
0.9883101892
0.9674221846
0.9851023710
1.0052236580
0.9953542741
0.9788145996
0.9671707955
0.9522629830
0.9206186244
0.8992198076
0.9072326880
0.9312713979
0.9543900459
0.9578720904
0.9414330417
0.9322262720
0.9367176840
0.9410941128
0.9755362402
0.9974045092
0.9482241984
0.9429458843
0.9619506235
0.9726559684
0.9703926148
0.9924124606
0.9745347374
0.9638888322
0.9532531537
0.9527915730
0.9727127331
0.9668902238
0.9383379871
0.9388266545
0.9500989900
0.9555567024
0.9678588023
0.9884141370
1.0145782726
0.9974515218
0.9891423535
0.9740727900
0.9293563596
0.9407889186
0.9531314767
0.9668955147
0.9733943536
0.9874529285
1.0011989217
0.9925808878
0.9722197039
0.9432524016
0.9260201973
0.9451073278
0.9566352460
0.9505147227
0.9552319717
0.9576747739
0.9765437972
0.9565910533
0.9619400417
0.9585384375
0.9313877570
0.9258985369
0.9588773727
0.9837183665
0.9968885152
0.9919779014
0.9777628644
0.9848048644
