#flux
0.9891049831
0.9702249875
0.9825305138
0.9855924788
0.9778925033
0.9774494460
0.9877506677
1.0031167516
1.0244002649
1.0338909471
1.0127196844
0.9884116136
0.9862625728
0.9875382144
1.0112707585
1.0299518096
1.0136968782
0.9893154752
0.9953934377
1.0185138273
1.0201772901
1.0031262721
0.9802635041
0.9749299001
0.9849680584
0.9930619525
0.9885025445
0.9724464585
0.9684631453
0.9770364393
0.9805819668
0.9736277590
0.9595064955
0.9561369596
0.9670074887
0.9743462305
0.9740261797
0.9937942239
1.0144759462
0.9961011170
0.9817525297
0.9853033292
0.9820828142
0.9879248153
0.9917341351
0.9695405501
0.9682968353
0.9852258043
0.9933325438
0.9902800178
0.9911738365
1.0064123088
1.0166654780
0.9952858513
0.9691923867
0.9730843001
0.9765630090
0.9824507505
0.9807731012
0.9662831863
0.9566074997
0.9628557007
0.9653365847
0.9605012602
0.9613565471
0.9713938042
0.9884044427
1.0011697740
0.9972651089
1.0048979968
1.0114000737
0.9894938847
0.9753273091
0.9738103383
0.9613487354
0.9418267131
0.9220633175
0.9007921721
0.8887004030
0.9088074993
0.9295952222
0.9413763765
0.9475919446
0.9569166335
0.9638302120
0.9450333310
0.9292737695
0.9250657986
0.9079240995
0.8821958669
0.8628082496
0.8569004686
0.8692494646
0.8835381622
0.8991500898
0.9340818812
0.9392642518
0.9272387931
0.9134349168
0.8996756442
0.8886069352
0.8925695843
0.9108934292
0.9271619407
0.9326452188
0.9379332411
0.9278680074
0.9123953283
0.9005839413
0.9045665416
0.9163677379
0.9172451245
0.9119150929
0.9093709597
0.9143780636
0.9298146867
0.9398571232
0.9324150846
0.9396467533
0.9411838462
0.9557039036
0.9490972023
0.9377265301
0.9443207656
0.9536764168
0.9692487494
0.9773567800
0.9602810022
0.9431428981
0.9477340483
0.9534847504
0.9499370739
0.9477334244
0.9390815790
0.9336342855
0.9504191870
0.9410519591
0.9201237295
0.9157377040
0.9247258204
0.9389976191
0.9412898389
0.9233987444
0.9135542579
0.9261494228
0.9257860199
0.9265654351
0.9233699974
0.9218590350
0.9145820992
0.9067496276
0.9077418044
0.9076820039
0.9076354358
0.9122007400
0.9103663351
0.8946694265
0.8881195873
0.8869301746
0.9015912810
0.8821272908
0.8771722204
0.8824885433
0.8774236765
0.8771788240
0.8932857449
0.8934118641
0.8876782518
0.8800723658
0.8750208808
0.8674753434
0.8663108633
0.8797088252
0.8798025244
0.8570492723
0.8280162115
0.8087975311
0.8120157819
0.8338021276
0.8400897497
0.8417818266
0.8388548496
0.8415003971
0.8470781149
0.8447285159
0.8345171030
0.8244093655
0.8186007468
0.8244264540
0.8227041774
0.8176709781
0.8163663811
0.8061910047
0.7894747581
0.7715921167
0.7555897611
0.7457352205
0.7419949726
0.7332465058
0.7160350396
0.7103550578
0.6680578335
0.6287916107
0.5955329805
0.5640534417
0.5236255756
0.4685553152
0.4137128728
0.3836740607
0.3692617508
0.3349459224
0.2933840619
0.2745102787
0.2573438296
0.2349350038
0.2407187572
0.2521896987
0.2581254282
0.2809156002
0.3290912252
0.3917145019
0.4458422488
0.4954635497
0.5436586758
0.5704077965
0.5932382140
0.6054852193
0.6243521766
0.6625842802
0.6980284036
0.7183685363
0.7411362658
0.7710187327
0.7898801601
0.7967264363
0.8046970051
0.8114657122
0.8233250989
0.8255082823
0.8186252717
0.8127618425
0.8112189958
0.8289322023
0.8243715473
0.8290994148
0.8274363399
0.8356815197
0.8497899658
0.8603723625
0.8686171244
0.8719453653
0.8641214342
0.8543430462
0.8600929088
0.8718731988
0.8757861020
0.8960888000
0.8884922182
0.8781266896
0.8838384451
0.8943485748
0.8843199725
0.8740191387
0.8816207347
0.8797689797
0.8898705420
0.8920341409
0.8906116143
0.9038352615
0.9108179075
0.9094427416
0.9137396636
0.9208503164
0.9232754810
0.9213912323
0.9192315062
0.9159558388
0.9080539735
0.9169727607
0.9303402911
0.9218659789
0.9327664511
0.9247174410
0.9251460947
0.9280650631
0.9228536560
0.9247982882
0.9182699666
0.9130295873
0.9084795926
0.9106030226
0.9082806475
0.9148196469
0.9390905204
0.9379289035
0.9169542209
0.9141428008
0.9305902761
0.9424054379
0.9509189252
0.9355538260
0.9295719191
0.9437684688
0.9367500569
0.9448465990
0.9408636751
0.9373296905
0.9431343345
0.9461415710
0.9450554926
0.9504677227
0.9504808819
0.9389894141
0.9336686118
0.9333324067
0.9196863564
0.8997416689
0.8817805983
0.8490750168
0.8017337402
0.7866423057
0.8247135219
0.8653685922
0.8989541024
0.9098106910
0.9083457156
0.8952945380
0.8806502038
0.8904817275
0.9142655370
0.9355118325
0.9498862030
0.9566099871
0.9594910429
0.9675413365
0.9824277320
0.9829764165
0.9534624190
0.9570316644
0.9486607598
0.9662248888
0.9528159069
0.9403482793
0.9547976192
0.9565156675
0.9529242977
0.9699885930
0.9432519475
0.9304064179
0.9633670985
0.9824438733
0.9787087297
0.9782532415
0.9780359203
0.9737915585
0.9678681261
0.9584803935
0.9409858898
0.9278773242
0.9439151309
0.9781673101
0.9996208913
0.9579343705
0.9553263004
0.9690579642
0.9771181939
0.9663368623
0.9549885453
0.9541466789
0.9686263862
0.9849126470
0.9767453396
0.9677253643
0.9650101254
0.9576953084
0.9706126881
0.9725234015
0.9510490606
0.9083907595
0.8723265068
0.8755942481
0.8837574370
0.8999819476
0.9366557307
0.9277122503
0.9097958767
0.8961414100
0.8983084839
0.9124804900
0.9249197780
0.9393536050
0.9589992417
0.9734832762
0.9827702434
0.9931646015
0.9979604462
0.9996185028
0.9998404483
0.9664215982
0.9361188105
0.9438349605
0.9429568679
0.9213305936
0.8945637855
0.8962506345
0.9115812152
0.9352192161
0.9509847157
0.9455010500
0.9370704125
0.9360459757
0.9302053647
0.9366728771
0.9334808072
0.9045107215
0.8914670861
0.8720986545
0.8533750950
0.8812538444
0.9258877417
0.9464675580
0.9443895327
0.9424052831
0.9454617490
0.9299779212
0.9207071666
0.9435563995
0.9674219704
0.9771308682
0.9915687850
0.9891044273
0.9885620811
1.0007283608
0.9993010761
0.9839736397
0.9769263740
0.9770371439
0.9778281414
0.9885920940
0.9901188642
0.9801557305
0.9728882924
1.0117352345
1.0105990927
0.9829868934
0.9754378103
0.9848014335
0.9916383534
0.9935845765
0.9936399183
0.9904072711
0.9911812517
0.9984112091
1.0041912201
1.0043518487
1.0028526096
1.0006043511
0.9950144360
0.9990848699
1.0160759249
1.0198310746
1.0048401148
1.0037244118
1.0198760122
1.0125161691
1.0186342908
1.0478064608
1.0249773737
1.0058419575
1.0147075780
1.0209534541
1.0132862327
1.0101765620
1.0128865189
1.0083346943
0.9976223727
0.9895662722
0.9914453938
0.9966349900
0.9884146833
1.0030764073
1.0056834296
0.9940249549
1.0070590324
1.0139230632
1.0087476246
0.9989578841
0.9906282965
0.9914016320
0.9986846324
1.0042984156
1.0022089123
0.9930682640
0.9954123253
1.0040955551
0.9915078483
0.9832672368
1.0039204560
0.9910356283
0.9823992763
0.9794743452
0.9898139050
0.9626549076
0.9511848614
0.9751811488
0.9819190553
0.9752617058
0.9742332012
0.9908870618
0.9990789940
0.9805862715
0.9854007544
0.9913785803
0.9819968246
0.9766647860
0.9730409366
0.9697154029
0.9593621010
0.9462271719
0.9340495684
0.9297036190
0.9383477490
0.9386059777
0.9552157296
0.9638075209
0.9551194757
0.9452703616
0.9700930819
0.9846912264
0.9788439510
0.9678122085
0.9693688522
0.9834708681
0.9960505719
1.0003533841
1.0012213441
0.9989907207
0.9886099546
0.9813273632
0.9903024806
0.9832558072
0.9847083091
0.9773320958
0.9941667002
0.9926561959
0.9924659446
0.9904990477
0.9779578541
0.9748431457
0.9781772389
0.9783721801
0.9848987904
0.9874207682
0.9841192080
0.9820293159
0.9855296723
0.9949429185
0.9953024057
0.9905557152
0.9918617272
0.9904855665
0.9762137013
0.9587644062
0.9709588833
0.9922028119
0.9948424666
0.9955069624
1.0033890844
1.0102485178
1.0245057800
1.0218115815
0.9960142137
0.9774577000
0.9823260044
0.9917773903
0.9986071569
1.0031887199
0.9926947525
0.9881482265
0.9927483434
1.0016943512
1.0023465846
0.9939988706
1.0030010909
1.0131651202
1.0065227176
1.0124807217
1.0053343850
1.0037530442
0.9898472963
0.9937307887
1.0122574760
1.0247623434
1.0229495018
1.0167490646
1.0161383887
1.0183197296
1.0173350165
1.0092914691
1.0034690752
1.0082349979
0.9953509874
0.9669065720
0.9289891828
0.9092353141
0.8978983865
0.8975234846
0.9324618492
0.9580836403
0.9659416296
0.9547578753
0.9364536980
0.9308567250
0.9444217555
0.9648628781
0.9781883619
0.9864551225
0.9985287768
1.0052933036
0.9935224701
0.9877479419
1.0130368966
0.9872277031
0.9563489174
0.9622710806
0.9857875188
1.0157775548
0.9970271892
0.9808638053
0.9815628396
0.9865355601
0.9907537598
0.9859729377
0.9777431564
0.9802597647
0.9886519350
0.9951138174
0.9981955693
0.9979458629
1.0176800831
1.0154731354
1.0109817517
0.9927251814
1.0129981989
1.0198440472
1.0295936738
1.0281101259
1.0131951694
1.0068612428
1.0083724472
1.0029000074
0.9911001421
0.9855998723
0.9964596666
1.0037503512
0.9982864852
1.0133159789
1.0455811531
1.0502640212
1.0490513790
1.0289464069
1.0023614286
1.0088485817
1.0241594559
1.0215517282
1.0204091405
1.0173528506
1.0109060184
1.0023507811
0.9875990484
0.9878281840
1.0000284121
1.0153684012
1.0089840518
1.0046308363
1.0037007399
0.9936728467
0.9974199735
1.0008152853
1.0061937565
1.0137986326
1.0162237361
1.0048637653
1.0134386123
1.0079786435
0.9822044636
0.9773699441
0.9855502777
0.9877551561
0.9806649864
0.9767507569
0.9821756726
0.9916884864
1.0196803521
1.0267966728
1.0171383228
1.0142108991
0.9999679688
0.9979103920
1.0021467265
1.0055083098
0.9986855665
1.0028134362
1.0026301309
0.9943335140
0.9777406515
0.9458208676
0.9227552763
0.9170888442
0.9282967584
0.9297845225
0.9065032451
0.8616087635
0.7999990842
0.7382963492
0.7062013620
0.7188408008
0.7631731483
0.8176068221
0.8620152806
0.8790111826
0.8885155863
0.8783977257
0.8717746874
0.8886731075
0.9176758099
0.9436132510
0.9438425450
0.9175132631
0.8717232007
0.8252216386
0.7986176180
0.8109207271
0.8487660913
0.8927958037
0.9226820639
0.9171913995
0.8999325794
0.9001497194
0.8958898727
0.9205225042
0.9527724761
0.9575647725
0.9718179930
1.0058093506
1.0248964826
1.0146235076
0.9993343464
0.9996507556
0.9894736891
0.9733902411
0.9764541593
1.0012945650
0.9984604508
0.9883727555
0.9981355970
0.9989616193
0.9901843825
0.9947311033
0.9949482789
0.9974829071
1.0020416731
0.9780795799
0.9479517920
0.9623240511
1.0038521803
1.0043757131
0.9847599935
0.9887569232
0.9859704156
0.9765999667
0.9992735335
1.0082964636
1.0017279109
1.0062047326
1.0036655390
0.9956734957
0.9896212873
0.9761029313
0.9827132545
0.9907947929
1.0075236344
1.0039475110
1.0040429868
0.9924968408
0.9965780181
1.0052619082
1.0144695703
1.0099287226
0.9914719323
0.9601277171
0.9201158157
0.8967965591
0.8915193814
0.9093360286
0.9285385527
0.9417363111
0.9562406631
0.9626116514
0.9654711606
0.9541756884
0.9495902633
0.9936477651
1.0030338676
1.0047523636
1.0002039301
0.9990913925
0.9924455235
0.9589513546
0.9445868747
0.9423043625
0.9467323979
0.9560157417
0.9618823949
0.9709268848
0.9744060685
0.9560704070
0.9430122779
0.9625442112
0.9832874844
0.9898403208
0.9969897424
0.9775223316
0.9824218464
0.9734381962
0.9710753488
0.9790538674
1.0009496648
0.9926305108
0.9909703807
0.9851717772
0.9977321824
0.9987818764
0.9919942268
0.9873409294
0.9982501518
1.0196569735
1.0213701947
1.0053971822
1.0018149869
1.0014789654
0.9989565733
1.0149656939
1.0078661010
0.9977637114
1.0009494823
0.9972905231
1.0152481363
1.0215288817
1.0178478875
1.0222259575
1.0210756010
1.0103839972
1.0100719346
1.0100773034
1.0243687919
1.0384456551
1.0222083509
0.9962519096
0.9838650007
0.9856920220
1.0025149914
1.0069847345
1.0016962099
1.0156320010
1.0131054016
0.9957654940
1.0184304487
1.0331844034
1.0317547988
1.0230627493
0.9863696281
0.9838886921
1.0024392624
1.0069817269
1.0173243467
1.0225420869
1.0110403434
1.0091579505
1.0081784185
0.9989570734
1.0111529313
1.0170952511
1.0182371419
1.0146780009
0.9907066548
1.0157064605
1.0044152793
1.0007838785
1.0113483668
1.0156804767
1.0247796268
1.0301104738
1.0189708113
1.0016480271
0.9932360857
0.9946367938
1.0005687107
1.0142670898
1.0253163428
1.0100499358
0.9973589233
1.0131224606
1.0061683264
1.0026279048
1.0051734825
1.0026578719
0.9634629803
0.9292174800
0.9237579425
0.9233203616
0.9427664035
0.9798262251
0.9977504017
1.0019700416
1.0099711428
1.0026829390
0.9849861467
0.9828386588
0.9861501704
0.9828280588
0.9843190677
1.0035497593
1.0159017587
1.0069200197
1.0102438543
1.0237298112
1.0183573263
0.9998605913
0.9803616207
0.9675717185
0.9625871174
0.9660863342
0.9722962432
0.9803338021
0.9797439020
0.9769084666
0.9812275886
0.9950210730
1.0079076701
1.0008545578
0.9913641975
0.9910359890
1.0117020641
1.0098638957
0.9943773323
0.9888309047
0.9983662517
0.9667321715
0.9555752849
0.9686177904
0.9822291657
0.9999661795
1.0008406186
0.9787517675
0.9696528201
0.9778450212
0.9796489333
0.9876359784
1.0123661484
1.0171631955
1.0022888199
1.0125486366
1.0145887575
0.9850253069
0.9779275498
0.9592996134
0.9290080818
0.9337696224
0.9792400951
0.9701370743
0.9750732386
0.9760075750
0.9770304939
0.9711926386
0.9765455845
0.9978734708
1.0029039688
0.9971539690
0.9951937528
0.9803243387
0.9664964081
0.9265064498
0.8843881104
0.8672314984
0.8291710556
0.8382288411
0.9006442556
0.9426043540
0.9384018250
0.9068867440
0.8928500167
0.8899857603
0.8957139202
0.9177625528
0.9446355127
0.9750643848
1.0003047131
0.9989295465
0.9797394934
0.9701192413
0.9746785991
0.9912022824
0.9934981679
0.9857565470
0.9875955840
1.0048709935
1.0004184554
0.9961559904
0.9938788668
0.9849058196
0.9655483522
0.9575669469
0.9822699058
0.9997685692
0.9993333215
0.9877490838
0.9913628661
1.0197067511
1.0317996100
1.0160803977
1.0176286996
1.0205201196
0.9900987553
0.9930718234
1.0115262501
1.0110618898
1.0062341288
0.9987410193
1.0131646335
1.0127029260
1.0047325324
1.0141422538
1.0180950703
1.0137145740
1.0076115540
0.9962375202
0.9897479284
0.9967550935
1.0109314209
1.0180991731
1.0097432657
1.0087194696
1.0145086199
1.0069273093
1.0196456822
1.0268992186
1.0090606018
1.0169380968
1.0050754430
0.9864621056
0.9932250106
0.9911922577
1.0041978170
0.9824321453
0.9579165659
0.9507482870
0.9647454855
0.9818585745
0.9789531217
0.9703129657
0.9671874562
0.9622936864
0.9601030725
0.9692028555
0.9664872575
0.9873074561
0.9768604879
0.9786144957
0.9684553204
0.9542583211
0.9635079627
0.9581031585
0.9701488449
0.9874978653
0.9904052339
0.9893151089
0.9882259848
0.9876383230
0.9864230747
0.9798516408
0.9837614302
0.9990252240
0.9860298071
0.9871971755
0.9898700820
0.9834642263
0.9988633057
0.9843758360
0.9923630612
1.0085900481
1.0178354232
1.0172539016
1.0209621335
1.0106793427
0.9955509346
0.9875519239
0.9826598397
0.9865312504
1.0021342398
1.0149888790
1.0140604906
1.0025709787
1.0001960928
1.0098388405
1.0056281223
0.9913046512
0.9929003270
1.0188957748
1.0340230297
1.0199713319
1.0003157283
0.9878229547
0.9825013206
0.9876463673
0.9956884157
0.9959447828
0.9987027324
0.9957540414
0.9814720191
0.9624585369
0.9524889484
0.9826470275
1.0122328485
1.0050154650
0.9904147425
0.9871449377
1.0122982262
0.9886185731
0.9869337480
0.9884964288
1.0002241124
0.9914103025
1.0119630490
1.0071532462
0.9973726017
0.9985345095
1.0057068750
1.0099485561
0.9976383258
0.9921924905
1.0055984966
0.9911479208
0.9766934625
0.9817316019
1.0024457673
1.0123968551
1.0102180795
0.9899943660
0.9873370744
0.9984928836
1.0125540634
1.0159180588
1.0133480458
0.9979023897
1.0095524836
1.0169129040
1.0215972647
1.0232678388
1.0093195502
0.9873081745
0.9789670437
0.9987759166
1.0098442576
1.0048996901
1.0041669738
1.0078587678
1.0016658066
1.0172592586
0.9985320888
0.9983698842
1.0060315351
1.0003485565
1.0108324958
1.0085145188
0.9902028654
0.9903669284
1.0098874431
1.0207407285
1.0132964346
0.9955604677
0.9854350459
0.9984939094
1.0082368951
0.9978750792
1.0079328438
1.0114840530
0.9835412007
0.9790643432
0.9994584534
0.9955136208
0.9913503506
0.9840040050
0.9960683742
1.0210247652
1.0285353487
1.0223221438
1.0059990967
0.9938203693
0.9968770647
0.9987069097
0.9952275277
1.0044164670
1.0182397969
1.0260028325
1.0080124213
0.9991967028
1.0207979730
1.0159695636
1.0172756018
1.0131178612
1.0201923834
1.0183302696
1.0259979626
1.0205980609
1.0186753493
1.0074810697
1.0030931079
1.0142643917
1.0193781619
1.0134968963
1.0224804278
1.0379758980
1.0204540844
1.0070873368
1.0073465866
1.0154360632
1.0137718448
0.9883942544
0.9917767319
1.0087437390
1.0163589540
1.0092765561
0.9907344343
0.9896424969
1.0006384782
1.0005198922
0.9860794714
0.9801511647
0.9924054649
1.0049150531
1.0130127974
1.0129160704
0.9856523210
0.9717816630
0.9797709944
0.9933597314
0.9971178656
0.9864294842
0.9446989546
0.9351183384
0.9504216964
0.9789770976
0.9880842300
0.9807416152
0.9780254014
0.9628950988
0.9546299741
0.9654403604
0.9878552408
1.0024581617
1.0015378342
1.0063154974
1.0241539690
1.0395386521
1.0481743758
1.0330901044
1.0025968341
1.0108109455
0.9921643345
0.9842145210
0.9993295643
1.0030501895
1.0105353549
1.0180307060
1.0056606059
0.9952199760
0.9911115559
1.0061725317
1.0189768590
1.0138910893
1.0069929784
1.0027798654
1.0015506328
1.0024429420
1.0025373715
0.9933156245
0.9961495229
0.9920613565
0.9904687795
0.9604571269
0.9372478728
0.9352438997
0.9363414206
0.9453747997
0.9630934739
0.9738378584
0.9789393362
0.9785642391
0.9768633111
0.9879402414
1.0155462248
1.0244946464
1.0036655133
1.0098379025
1.0089372780
1.0112726329
1.0188414752
1.0248180611
1.0283042837
1.0005139764
1.0072814884
1.0291206773
1.0417924594
1.0081999957
1.0030385755
1.0045726507
0.9960221133
0.9843140511
0.9756198752
0.9812568085
0.9925159835
0.9943445350
0.9944140881
0.9873833001
0.9797502310
0.9792764309
1.0052834525
1.0181624624
1.0416308266
1.0129108617
0.9797306917
1.0000298682
0.9981602868
1.0034531758
0.9932376179
0.9970744953
1.0132679484
1.0016635613
0.9678472139
0.9528200705
0.9736001552
0.9958528116
0.9899169286
0.9861772596
0.9876412705
0.9896511333
1.0029735050
1.0067454584
0.9952866443
0.9964924309
0.9792079291
0.9869517735
0.9933267760
0.9987041888
1.0119512749
1.0038093396
0.9922142416
0.9966732093
0.9923861912
0.9703620065
0.9552356159
0.9548607465
0.9657686161
0.9867070240
0.9857881200
0.9754131393
0.9706827845
0.9781005032
0.9911941530
0.9781486795
0.9507942558
0.9487675842
0.9433265122
0.9574663868
0.9708467809
0.9762266152
0.9898039991
1.0008459947
0.9953752017
0.9861816874
0.9782454271
0.9813495326
0.9906784517
0.9739851088
0.9786907642
0.9898967677
0.9656424117
0.9447468015
0.9421533095
0.9246078487
0.9034226496
0.8979835068
0.8756048920
0.8433438281
0.8266549976
0.8255143254
0.8482863675
0.8792663997
0.8930454651
0.8899630007
0.8713644948
0.8552417507
0.8685605128
0.8954206971
0.9310858851
0.9737618214
0.9801392805
0.9735399639
0.9698551558
0.9696015046
1.0051260849
1.0201710013
0.9995873809
0.9933104879
0.9952478692
0.9762323745
0.9453674300
0.9318926384
0.9371761180
0.9480818426
0.9641413636
0.9822667161
0.9865802067
0.9791645865
0.9743712149
0.9591555929
0.9603660280
0.9610721684
0.9887273183
0.9820890001
1.0039596179
1.0101106113
1.0058508805
1.0030922914
1.0009543846
0.9866475253
0.9760260696
0.9911464738
1.0099358301
1.0142346856
1.0028537513
0.9951178068
1.0069317212
1.0116813336
1.0019003204
1.0090531168
1.0036432849
1.0016224012
1.0062551234
1.0313645150
1.0185500574
1.0318287875
1.0246064499
0.9920325776
0.9890048424
1.0178642611
1.0379595476
1.0335519429
1.0271787002
1.0147367050
0.9980717971
0.9984447932
1.0138565929
1.0191475930
1.0083742427
1.0078918916
0.9969461434
0.9986487454
1.0219345531
1.0183758571
1.0067769051
0.9992026982
0.9894396734
0.9919993351
0.9926646365
0.9993198310
1.0024568926
1.0062888736
0.9990354566
0.9991431326
1.0026696186
0.9984228797
1.0012852705
1.0120364066
1.0188710047
1.0185696200
1.0319914152
1.0216576248
1.0190744444
1.0310959479
1.0088036986
0.9842019456
0.9677716915
0.9550144069
0.9443245791
0.9353886200
0.9453202913
0.9578695435
0.9545459091
0.9627123081
0.9844404774
0.9998670232
0.9986045415
0.9838606675
0.9780438725
0.9804464895
0.9995702571
1.0100178468
1.0284479374
1.0192289761
0.9981934875
1.0007820607
0.9880889553
1.0045383236
1.0029750719
0.9868563409
1.0058921820
1.0088671933
0.9992445691
1.0015688531
1.0020614492
0.9979832621
1.0024568141
1.0170457194
1.0308209023
1.0166212052
1.0042591955
1.0290509455
1.0329448203
1.0157500014
1.0127260070
1.0068231462
1.0107923160
1.0117723813
0.9811106970
0.9627763151
0.9677497229
0.9862060358
0.9975419590
1.0040197898
1.0106741831
1.0066378075
0.9898382564
0.9757470876
0.9777741918
0.9941567807
0.9998718004
0.9911782897
0.9751833106
0.9629088208
0.9859969218
1.0059389062
1.0228239436
1.0032871274
0.9741673016
0.9578145209
0.9258600781
0.8713517565
0.8228874054
0.8025389530
0.8085888629
0.8443046032
0.8995592016
0.9383898682
0.9425073809
0.9249710263
0.9102630013
0.9067783239
0.9303623824
0.9605372161
0.9843632159
0.9890971561
0.9910947012
1.0208470620
1.0015728693
1.0080952690
0.9992277332
1.0018703300
0.9965415066
0.9805737728
0.9729952996
0.9656152571
0.9543734636
0.9625790528
0.9862125441
0.9953362051
0.9990401965
0.9949093011
0.9960091353
0.9742444464
0.9808959305
0.9882538523
0.9958577591
0.9878236378
0.9932281766
1.0061126843
1.0053554908
1.0068664466
1.0049700984
1.0002592466
0.9990031402
1.0080867875
1.0198462597
1.0211034083
1.0137663957
1.0031991948
0.9952172946
0.9882176604
0.9970783401
1.0050342449
1.0048346816
1.0091528204
0.9867296511
0.9636566689
0.9522256728
0.9767551794
1.0117164227
1.0249134505
1.0123793015
0.9877657148
0.9878937754
0.9884183335
0.9872591141
0.9943267262
0.9864567224
0.9933674800
1.0045859485
1.0100161247
1.0204212104
1.0055364593
1.0012180589
1.0254290374
1.0094381736
0.9825131713
0.9787259053
0.9970825317
1.0132644292
1.0034423352
0.9829182025
0.9765340655
0.9939136927
1.0061430618
1.0061751357
1.0086967386
1.0056021764
1.0065854421
1.0261022786
1.0221420850
1.0027955762
0.9892902872
0.9865019282
1.0103989766
1.0235461322
1.0024315465
0.9931992218
0.9885264119
0.9979615106
1.0166865027
1.0236219503
1.0099715688
1.0095184192
1.0191528327
1.0004388935
0.9804130155
0.9901463582
0.9970294940
1.0090802152
1.0085940587
1.0101644998
1.0268577126
1.0229844285
1.0056316189
0.9999902277
1.0039795319
1.0225832361
1.0346076733
1.0222449479
1.0167007856
0.9779462191
0.9610484563
0.9942064937
1.0048005967
0.9896516412
0.9938070408
0.9984296182
0.9991198326
1.0161294226
1.0143150451
1.0036395098
0.9961409409
0.9826879118
0.9843355368
1.0013587118
1.0110309960
1.0183034614
1.0149444585
1.0091867784
1.0093256668
1.0159408097
1.0140692497
1.0027793461
0.9943284381
0.9911749598
0.9920677657
0.9989469151
1.0075498073
1.0092763988
1.0017831635
1.0040383282
1.0103117791
1.0116522250
1.0105026464
1.0143147710
1.0080006009
1.0087277232
1.0181117992
1.0244292467
1.0014763516
1.0018386331
1.0067753908
1.0089844029
1.0008276682
0.9867901089
0.9813221310
0.9931768361
1.0137515569
1.0173873940
1.0157689257
0.9995689568
0.9731462320
0.9646532443
0.9837957497
1.0043304504
1.0004907300
0.9958610899
0.9950694357
0.9821922758
0.9787119900
0.9921709511
0.9938482535
0.9947332866
0.9939894821
0.9908674605
0.9937696935
0.9962351493
0.9991203204
1.0078352593
1.0042261361
1.0132195583
1.0234143892
1.0236738188
1.0071100139
1.0199769324
1.0045484262
0.9905079436
0.9831608063
0.9894810380
0.9910210637
1.0002662808
1.0011215482
1.0055019651
1.0080027714
1.0049110433
1.0040668606
1.0032775351
1.0076845452
1.0261803118
1.0323860762
1.0115053353
0.9996002714
0.9956212224
0.9841867821
0.9860396274
1.0129114756
1.0208618704
0.9963753339
0.9978496483
1.0019626670
0.9953150675
0.9931418428
0.9950906793
0.9895652259
0.9831736885
0.9864215753
1.0034121915
1.0176566903
1.0059476766
0.9932900091
0.9926541079
0.9890808231
1.0170718902
1.0085449903
0.9820312064
0.9838824619
0.9979083381
0.9974879051
1.0067354567
0.9963260170
0.9975948457
0.9979964602
1.0104547562
1.0129232305
1.0058511053
1.0073773804
1.0086367866
1.0011815993
0.9964444579
1.0063720839
1.0240591854
1.0018345658
0.9895617339
1.0269587085
1.0157534957
0.9991538238
0.9742283524
1.0038225527
1.0233423969
1.0000962514
0.9967999503
1.0014324041
1.0029915343
0.9992206567
1.0000857125
0.9997762799
0.9931643404
0.9927974023
0.9938876962
0.9870056553
0.9826092040
0.9664169340
0.9827799637
0.9971025096
1.0001415636
1.0145847041
1.0180594649
0.9923503093
0.9846293852
0.9899842988
0.9907483354
1.0063454110
1.0240502268
1.0331107614
1.0320526194
1.0356642416
1.0278993218
1.0051945104
0.9978286562
0.9795889525
0.9508646263
0.9503950892
0.9502556974
0.9459092836
0.9560421663
0.9704897073
0.9630421727
0.9793618500
0.9566475803
0.9695680698
0.9914781269
0.9941476225
0.9957646499
1.0056634070
1.0145156137
1.0167893696
1.0149212512
1.0056642207
0.9994994573
1.0083466543
1.0000520031
0.9953808011
0.9957901153
0.9854370706
0.9840014837
1.0086113194
0.9936847223
0.9940693059
0.9989357176
1.0083558152
1.0066732339
1.0003367794
1.0006259056
0.9906852430
0.9785551008
0.9655989799
0.9397702932
0.8923678700
0.8367091140
0.8050050801
0.7939967372
0.7996935418
0.8096999119
0.8272770295
0.8709916632
0.9150515359
0.9274560222
0.9160150522
0.9051875440
0.9217555761
0.9560114765
0.9670636505
0.9832277736
1.0133245960
1.0291734647
1.0206976597
1.0086434808
0.9993819857
0.9897755120
0.9975995407
1.0124502437
1.0012187748
1.0016093001
0.9830692066
0.9855211616
0.9976164164
1.0038924338
1.0083087537
0.9967997152
0.9905686449
0.9884559402
0.9827426894
0.9893573672
0.9900466814
0.9839949147
0.9955743222
1.0031028082
0.9918241010
0.9848294322
0.9819603206
0.9821191302
0.9778002041
0.9602164298
0.9825629154
1.0004783169
0.9904094808
1.0174435945
1.0077438302
1.0046033031
0.9965322846
0.9967358527
1.0033207074
1.0003231419
0.9910819102
0.9849796736
0.9871140644
0.9977001381
0.9994940739
0.9941381692
0.9891372322
0.9712769176
0.9898146688
0.9990356671
0.9842558611
0.9762962365
1.0110826850
1.0080355422
0.9724835438
0.9847978612
0.9954439091
0.9863258845
0.9777738329
0.9793678956
0.9824061833
0.9834051487
0.9919324821
0.9911902448
0.9766925434
0.9775060327
0.9894376860
0.9879621799
0.9882727815
0.9781512293
0.9826195721
0.9955944500
0.9959759293
0.9907002332
0.9878154958
1.0025256704
1.0021511305
0.9976990902
0.9933797816
1.0004285110
1.0058475848
1.0023175019
0.9980911253
0.9890518560
0.9834579937
0.9909085833
0.9988213918
0.9949881895
0.9771898200
0.9895749942
0.9974102758
1.0140544327
1.0231241112
0.9801533145
0.9798190762
1.0049626438
1.0175111121
1.0164925949
1.0126869767
1.0018323858
0.9903787960
1.0122235019
1.0299268866
1.0143902205
1.0020683309
1.0088471740
1.0134282972
1.0175577004
1.0212700970
1.0189661526
1.0218790284
1.0094286170
1.0144773201
1.0054599609
1.0047466239
1.0228083238
1.0298738002
1.0100930286
1.0039890542
1.0126706314
1.0267632250
1.0097156581
1.0062655485
1.0140818770
1.0068984659
1.0086264523
1.0193649585
1.0146319214
1.0138712948
1.0192357839
1.0110886600
0.9876689814
1.0144219758
1.0307817161
1.0113950135
1.0116885766
0.9957719859
1.0016174243
1.0109895309
1.0041662878
0.9852187303
0.9943577106
1.0058597700
0.9946026790
0.9946226864
1.0066813365
1.0054641275
1.0039137088
0.9955905879
0.9898176121
1.0030993777
1.0214383940
1.0275121652
1.0032735696
0.9985156293
0.9863441232
0.9997350599
1.0007810198
1.0199257117
1.0135551969
0.9976541167
1.0023272750
1.0014617292
0.9891626463
0.9840193944
0.9898119935
0.9889729852
0.9856129872
1.0044687657
1.0071620842
1.0101798097
1.0091108664
0.9977125705
1.0023455433
0.9952414190
1.0158137243
1.0046787570
1.0027338250
1.0128277000
1.0281003937
1.0125039471
1.0016895785
