#flux
0.8044503382
0.8100580303
0.8272835123
0.8461815608
0.8384583571
0.8538106574
0.8894154826
0.8727467895
0.8815016900
0.9004822098
0.9008265755
0.8968030955
0.9073200768
0.9338515567
0.9284277572
0.9240954767
0.9319086951
0.9343429631
0.9392030783
0.9344644822
0.9054764705
0.8608670598
0.8210791866
0.7962654750
0.7905435320
0.7531082247
0.7292171065
0.7351143942
0.7558248676
0.7410618070
0.7316409357
0.7572334482
0.7759536983
0.8008115627
0.8136567447
0.8523826746
0.8822952839
0.8995474741
0.9325307488
0.9411025645
0.9234235720
0.9243703319
0.9326144888
0.9055714834
0.9115738116
0.9103730635
0.9305708683
0.9242288551
0.8975105167
0.8807562814
0.8853070132
0.9019873079
0.9148164801
0.9176838209
0.9165993978
0.9049701310
0.8942063036
0.9107370480
0.9286744978
0.9262254166
0.9264576271
0.9167109836
0.8964996772
0.8822451686
0.8545942344
0.8081381455
0.7638306201
0.7360735383
0.7224539188
0.7053838229
0.6887211926
0.6785573609
0.6824660466
0.7002112825
0.7202734089
0.7448826706
0.7649176258
0.7948149334
0.8341132738
0.8589292990
0.8708114097
0.8884452946
0.9209937863
0.9552205168
0.9544270479
0.9075439274
0.8865170551
0.8788711540
0.9108370730
0.8790372711
0.8537438994
0.8363201539
0.8194900867
0.8104905868
0.8018720253
0.7673447392
0.7081380551
0.6586614815
0.6095097527
0.5502307299
0.5271390602
0.5377277567
0.5227941628
0.5223540221
0.5562961669
0.6032873019
0.6556480627
0.7072633175
0.7928851781
0.8191920286
0.8669402903
0.8853388013
0.9329160041
0.9641261545
0.9700119736
0.9820587598
1.0051135296
1.0223042429
1.0222976524
1.0270930856
1.0296991020
1.0171585818
1.0139835662
0.9998928623
0.9991691129
0.9893344681
0.9512902882
0.9284016039
0.9479241419
0.9367847055
0.9563740236
0.9348626985
0.9133077117
0.9161668866
0.9192481896
0.9279608292
0.9319475868
0.9276308821
0.9314572620
0.9337245173
0.9226226598
0.9249430892
0.9409222650
0.9447069949
0.9710281884
0.9755949983
0.9482035888
0.9519357401
0.9582534048
0.9363252991
0.9367827070
0.9269576780
0.8963993133
0.8485875171
0.8432131649
0.8601915136
0.8767618590
0.8786976416
0.8614351574
0.8387813671
0.8295743614
0.8334166225
0.8333440797
0.8215821861
0.8099385037
0.8143579661
0.8380779998
0.8919063385
0.9107828961
0.9169718531
0.9162659148
0.9152661853
0.9198566377
0.9147556437
0.9172410746
0.9281751339
0.9193845285
0.9002484685
0.9123958010
0.9300627805
0.9407000763
0.9556600459
0.9664736226
0.9861621567
1.0260578163
1.0486001873
1.0416610707
1.0734608788
1.0837045453
1.0944831952
1.0855626745
1.0681267100
1.0743884940
1.0808568993
1.0467575256
1.0001102345
0.9982149892
1.0078178423
0.9947798502
0.9379527232
0.8858594866
0.8371047132
0.7698840178
0.7144713658
0.6581737557
0.6018048413
0.5678127808
0.5601401428
0.5542932793
0.5349922255
0.5224295609
0.5213221032
0.5339649170
0.5588340112
0.5760565380
0.5713621950
0.5653974846
0.5773900653
0.6203710166
0.6918327629
0.7591687411
0.8082228050
0.8788777969
0.9708830048
1.0499275133
1.1169992359
1.1148968894
1.1190115535
1.1166619191
1.1081953490
1.1021236688
1.0742966530
1.0230054634
0.9876377240
0.9558059445
0.9220246070
0.9277331592
0.9341527244
0.9264472421
0.9123771110
0.9225751312
0.9417009327
0.9426342043
0.9454510272
0.9604839516
0.9699115101
0.9739918394
0.9606346620
0.9866694998
0.9788084903
0.9721108772
0.9760402877
0.9579952851
0.9232934183
0.9334850408
0.9496449160
0.9185546482
0.9003186164
0.8873325487
0.9154900480
0.9348553236
0.9279484131
0.9131594394
0.9045998367
0.9161755376
0.9291385830
0.9250622512
0.9241482979
0.9325673327
0.9321206134
0.9355370159
0.9490430925
0.9568513490
0.8963189170
0.9146288578
0.9205378180
0.9094922851
0.9104308978
0.9067385854
0.9203156355
0.9328327057
0.9034505827
0.8897781938
0.9121323395
0.9087495638
0.8970978281
0.9235445161
0.9498325806
0.9691940850
0.9568712454
0.9866409000
0.9738342197
0.9751243577
1.0205166619
1.0265165116
1.0195001537
1.0114359180
1.0297082824
0.9991066284
0.9929255457
1.0199884109
1.0588803513
1.0618398864
1.0444084456
1.0495417589
1.0525674142
1.0265815684
0.9904108868
0.9654794485
0.9536664656
0.9529490776
0.9200249155
0.8882242358
0.8576883576
0.8197110087
0.7998482946
0.7944156958
0.7809011942
0.7707219834
0.7773284105
0.7748904452
0.7528150372
0.7536114810
0.7559868339
0.7604098008
0.7894109828
0.7964544845
0.7885932377
0.8142634916
0.8199171886
0.8345776032
0.8579135428
0.8718029858
0.8838094679
0.9118516335
0.9298728889
0.9003080771
0.9273021511
0.9241517309
0.9277520194
0.9042197123
0.8740538664
0.8842669323
0.8992744805
0.8710024825
0.8298394576
0.8305718837
0.8619082622
0.8673860787
0.8515396484
0.8728390374
0.8905951609
0.9054000960
0.9128401186
0.9230476258
0.9718476001
1.0042904945
0.9853848187
0.9645641654
0.9831849677
1.0229751615
1.0509425433
1.0570854984
1.0442669598
1.0417496722
1.0435070028
1.0338324444
1.0072018504
0.9571174622
0.9452306648
0.9199303449
0.8987366316
0.8679490915
0.8239366275
0.7665990086
0.7087155447
0.6759939567
0.6378463231
0.5866850074
0.5437323903
0.5727080340
0.6009980280
0.6202481438
0.6313499809
0.6452291881
0.6740139569
0.7182656930
0.7642748971
0.7911509068
0.8201164704
0.8724473744
0.9088639906
0.9119808263
0.8957043997
0.9076396847
0.8652696976
0.8371765327
0.8254539168
0.7758767929
0.7307482302
0.6743772840
0.6323854930
0.6102184087
0.5807874710
0.5507454887
0.5417069740
0.5427251512
0.5456787209
0.5507231816
0.5449840634
0.5509174554
0.5670577684
0.5912383091
0.5776583824
0.5801986874
0.5939257153
0.6001020757
0.6130242828
0.6292509526
0.6441592067
0.6702914563
0.6979416543
0.7282467372
0.7583147106
0.7930120387
0.8149126338
0.8386455791
0.8786489332
0.9177663627
0.9497511367
0.9524862444
0.9354492562
0.9326859185
0.9281715517
0.9135794043
0.9337403958
0.9490725000
0.9170235096
0.8979833594
0.9036120568
0.8942917520
0.8912850836
0.9091590110
0.9195795567
0.9154603060
0.9133742020
0.9192752555
0.9301296121
0.9394039811
0.9428275022
0.9586254281
0.9925401828
0.9928101262
0.9723919059
1.0075900913
1.0028200857
1.0382985721
1.0167985255
1.0070888375
1.0033966608
1.0050690599
1.0137300280
1.0255079516
1.0344524390
1.0380239426
1.0245669000
0.9932909953
0.9858969001
1.0060157025
1.0012891258
0.9995333755
1.0467631954
1.0425893142
1.0298428130
1.0336057023
0.9969552575
0.9916407065
0.9980604722
1.0225493184
1.0179536496
0.9781172473
0.9692921247
0.9830964771
0.9852296086
1.0041096425
0.9694053219
0.9413042948
0.9581154886
0.9874438885
1.0180588469
1.0271556613
1.0139840285
0.9879836693
0.9702232084
0.9793664509
1.0118231595
1.0228611561
1.0085530354
1.0049050077
0.9947532723
0.9864423820
0.9957948388
1.0283445923
1.0305044717
1.0139970601
1.0377790499
1.0423623754
0.9962823708
0.9433559480
0.9073702248
0.8841286417
0.8675695951
0.8449011693
0.8003982487
0.7459577763
0.7187222514
0.7029868721
0.6489623552
0.6537725078
0.6634603225
0.6521085530
0.6548357803
0.6955214364
0.7411994766
0.7590017531
0.7742910734
0.8023901360
0.8278602115
0.8500838346
0.8843902643
0.9267381273
0.9586491448
0.9799479553
1.0035096124
1.0180023853
1.0056262307
1.0024072447
1.0079223403
1.0095448360
0.9857921389
0.9785472637
0.9763825729
0.9992179329
1.0103314087
1.0144711019
0.9975508773
0.9720336919
0.9684541197
0.9913914628
1.0131125587
1.0141634489
1.0218861963
1.0658064071
1.1147075063
1.1356304544
1.1186004568
1.1227934779
1.1165186139
1.1183294671
1.0701461914
1.1048486297
1.0947731955
1.0869547149
1.0858211781
1.0945029880
1.1030334607
1.1050132695
1.1047084690
1.1082029105
1.1198789585
1.1118957712
1.0782152772
1.0674482002
1.0749835300
1.0481962302
0.9912120492
0.9779736404
0.9998550927
1.0388657696
1.0138153663
1.0255407238
0.9857787381
0.9780225701
0.9788094318
0.9705047304
0.9820373132
0.9821793525
0.9545205861
0.9442794601
0.9436296762
0.9190040694
0.8951729556
0.9021177171
0.9215943358
0.9241605723
0.8969833605
0.8727610349
0.8494338423
0.8390582384
0.8493528226
0.8152695478
0.8085657514
0.8019607339
0.8095068622
0.8001275792
0.7626999397
0.7459438853
0.7518591830
0.7834308895
0.8276002700
0.8730315623
0.8892678209
0.8810528961
0.9041606995
0.9359685604
0.9512073371
0.9640516002
0.9771526552
1.0247476276
1.0118749514
1.0581980692
1.0594040060
1.0576109536
1.0270877780
1.0103665634
1.0352698007
1.0328865867
1.0362843873
1.0641193325
1.0450866598
1.0275465835
1.0568919954
1.0748229607
1.0622308536
1.0344148504
1.0060375441
1.0194398683
1.0271051853
1.0665409609
1.0782792835
1.0794911078
1.0637343519
1.0341682239
1.0088257927
1.0101008897
1.0033615785
0.9712287239
0.9601733651
0.9699543789
0.9567274195
0.9419896423
0.9505731904
0.9421021190
0.9096667271
0.9122977435
0.9461092853
0.9506609602
0.9345933997
0.9130889544
0.8916487514
0.9052558212
0.9197687751
0.9505584873
0.9550604254
0.9599376666
0.9576581932
0.9700081461
0.9823070774
1.0035268801
1.0445314992
1.0325312316
1.0008476562
1.0290408925
1.0709975418
1.0750114909
1.0742309972
1.0648737004
1.0534027314
1.0883946448
1.0945101373
1.0679432354
1.0029327077
1.0163882793
1.0415956090
1.0056980106
0.9695509234
0.9603495086
0.9428679214
0.9163854748
0.9046398673
0.9055456326
0.9076071581
0.9140060616
0.9250943084
0.9301650540
0.9265948732
0.9264634862
0.9407552919
0.9513294319
0.9414337927
0.9413526492
0.9424102080
1.0053084656
0.9446367407
0.9149841263
0.8931662613
0.8576827275
0.8053134154
0.7802172051
0.7504168835
0.7139887462
0.6734133696
0.6405514680
0.6273125463
0.6131662380
0.5841315187
0.5631061956
0.5595781776
0.5581454366
0.5584689023
0.6043688609
0.5943993953
0.6260829382
0.6348051870
0.6133760731
0.6408951001
0.6336465377
0.6056271663
0.5807463618
0.5782211803
0.5796650921
0.5849244462
0.5826128292
0.5798345409
0.5955289194
0.6295591036
0.6770436902
0.7144710946
0.7304945115
0.7737465690
0.8454425395
0.8728228379
0.8852930144
0.9373396138
0.9525697573
0.9475142348
0.9395495058
0.9198042841
0.9227173446
0.9225234086
0.9162205971
0.9057546529
0.9045724596
0.9029810778
0.9291399901
0.9496765343
0.9187717520
0.9243145549
0.9302105133
0.9300005214
0.9197848749
0.9249103399
0.9431807537
0.9315455271
0.9413320637
0.9558916484
0.9561964544
0.9453054635
0.9457440813
0.9744652453
0.9631140542
0.9468770479
0.9600608985
0.9919477402
1.0172942051
1.0100519159
0.9892141622
1.0092632787
1.0437649425
1.0247049493
1.0106018794
0.9726210067
0.9823408122
0.9934090350
0.9876202864
0.9705777625
0.9658899852
0.9357544108
0.9004229429
0.8793186011
0.8739350351
0.8887101048
0.9150369636
0.9401572320
0.9445315316
0.9285619582
0.9318469440
0.9635195839
0.9693908152
0.9458869366
0.9565957367
0.9903749696
1.0015117896
0.9932069048
1.0002539995
0.9728028817
0.9882645500
0.9603146264
0.9302620148
0.9231679066
0.9099181200
0.8542371811
0.7985556829
0.7656471304
0.7319311010
0.7018705130
0.6812819816
0.6604487421
0.6602957720
0.6832362051
0.6876941509
0.6679764348
0.7224468583
0.7705355521
0.7948939888
0.8205428139
0.8504554543
0.8828310043
0.9143883203
0.9508929350
0.9626143904
0.9813760608
1.0065893344
1.0056931065
1.0061707421
1.0330304351
1.0369587417
1.0040930956
0.9753467916
0.9506497096
0.9562013699
0.9842621140
1.0050937160
1.0135854668
0.9995294253
1.0129493969
1.0164331728
1.0209439543
1.0596741748
1.0692537688
1.0251814722
1.0254653622
1.0332815923
1.0226801476
1.0210601741
1.0143325268
1.0034277671
1.0015937946
0.9945442219
0.9967259800
1.0184633987
1.0192792126
0.9987261447
0.9988984675
1.0129100380
1.0025119112
0.9891262042
1.0089070995
1.0041224702
0.9803435922
0.9902069080
0.9772228601
0.9360946182
0.9310298714
0.9648592034
0.9666890097
0.9743521154
1.0021222380
0.9950722692
0.9882241862
1.0015378124
0.9841878084
0.9576728256
0.9616457377
0.9571479538
0.9677217033
0.9771993728
0.9283691688
0.9468357230
0.9557159900
0.9588887434
0.9590526847
0.9740060586
0.9894510567
1.0197089817
1.0181422506
0.9935142474
0.9939030087
1.0125288255
1.0195055680
0.9948474412
0.9395065229
0.9063765018
0.9177386656
0.9196976924
0.8879019467
0.8431117031
0.7984005389
0.7926081036
0.7880570711
0.7653553563
0.8030266399
0.8126233118
0.8059358915
0.8197569612
0.8294994906
0.8579808005
0.9028593656
0.9162952938
0.9221084966
0.9393835180
0.9367213429
0.9754504353
0.9758417035
0.9731753754
0.9608732112
0.9509320997
0.8942343331
0.9203275396
0.8782616686
0.8902687957
0.8963786859
0.9079624658
0.9130976326
0.9062889795
0.8989351356
0.9037383922
0.9021363046
0.8928305054
0.8941818126
0.9161650814
0.9462092986
0.9436805955
0.9345406280
0.9110820600
0.9001861221
0.8950648272
0.8818063183
0.8807913134
0.8526598047
0.8286075458
0.8466582771
0.8511303289
0.8570502895
0.8941451990
0.9093223952
0.8923870028
0.8723486770
0.8675359683
0.8754256633
0.8695963069
0.8364320098
0.8168243022
0.8284649963
0.8061640587
0.7839581126
0.8325567966
0.8196269941
0.8051309067
0.7931280516
0.8168268873
0.8433402936
0.8541181181
0.8927360804
0.9260809761
0.9015348384
0.8708375204
0.8473627426
0.8465797134
0.8367420377
0.7918465052
0.7614658060
0.7374177915
0.6904423507
0.6628570399
0.6347676062
0.5995080260
0.5842356970
0.5843008010
0.5384858872
0.5898058137
0.5645214313
0.5865156363
0.6264125068
0.6260580012
0.6287782420
0.6657138419
0.7046809104
0.7200161640
0.7273707811
0.7432800064
0.7770891591
0.8291474404
0.8724664981
0.9038256724
0.9307437427
0.9455874968
0.9378413471
0.9083948905
0.9417724766
0.9775054040
1.0097377369
0.9971899471
0.9576901274
0.9778368490
0.9850797509
0.9831028341
1.0003483533
1.0114664963
1.0320386166
1.0550577947
1.0423013253
1.0266996417
1.0374357933
1.0353033717
1.0297667315
1.0214534999
0.9967829193
0.9969542658
0.9834367704
0.9882345201
0.9992910023
1.0216686454
1.0365123095
1.0314186252
1.0109393601
0.9984072283
1.0204922835
1.0487289393
1.0623493535
1.0718288082
1.0893722954
1.0972117833
1.0829106455
1.0780112060
1.0759902065
1.0832544484
1.1136666637
1.1008606261
1.0589612541
1.0590911165
1.0361609397
1.0082773178
0.9811528607
0.9498394840
0.9111392979
0.8823059466
0.8477394860
0.8127761364
0.7896815975
0.7520076674
0.7218494334
0.7132070482
0.6981536415
0.6963144433
0.6992256055
0.7294342774
0.7765280195
0.8211184660
0.8377200016
0.8175328504
0.8381343514
0.8558364242
0.8889262006
0.9081109222
0.9382113500
0.9646938439
0.9568538051
0.9580248172
0.9962574347
1.0098561819
1.0140675366
1.0287693734
1.0148761562
1.0072578278
1.0209110691
1.0013642828
0.9998547816
1.0303569850
1.0309457861
1.0205188048
1.0204354499
1.0031973919
1.0117301487
1.0086139604
0.9855364943
1.0197357835
1.0470804502
1.0290089599
1.0086102403
1.0174275214
1.0180041646
0.9915420382
0.9725857575
0.9749846177
0.9988677517
1.0377853629
1.0079053448
0.9790108841
0.9656874602
0.9731000403
0.9915712800
0.9790100851
0.9348916090
0.9404532841
0.9702244790
0.9654391125
0.9640719192
0.9988153229
0.9977546993
0.9736378473
0.9725621443
0.9713850839
0.9629755844
0.9747394872
1.0025682270
1.0205825955
0.9881796690
0.9772526655
0.9816524752
0.9787188665
0.9671419073
0.9610888533
0.9752895417
0.9986374575
0.9734606213
0.9569243155
0.9447782738
0.9374353762
0.9346726289
0.9510153401
0.9460412373
0.9509513156
0.9812806944
0.9799414771
0.9580880842
0.9659967882
0.9909305665
1.0081493781
1.0442030567
1.0439921975
1.0118561476
0.9910703609
0.9929130715
0.9964049336
1.0086114350
0.9973887503
1.0065949417
0.9964040211
1.0008001126
0.9980047898
0.9787631312
0.9816906147
0.9975114331
1.0046102471
1.0035172359
0.9996656247
1.0279421032
1.0455689490
1.0155526611
0.9854805053
1.0342504247
1.0406548736
1.0283808188
1.0190717974
1.0067758293
1.0117366497
0.9926880609
1.0094245067
1.0102212125
1.0080580651
1.0270286496
1.0404954966
1.0251505334
0.9976080757
1.0055330540
1.0513346742
1.0639516933
1.0345531524
1.0176264474
1.0525767109
1.0613165583
1.0352991633
1.0612316104
1.0908705949
1.0011281882
1.0090387580
1.0585319086
1.0143572105
1.0095354256
1.0125543639
1.0145090752
0.9899192911
0.9812761124
1.0005253615
0.9891621664
0.9602614830
0.9739715518
1.0040711573
0.9863261198
0.9641263907
0.9620891861
0.9374165815
0.9587573355
0.9472149521
0.9429374861
0.9803648878
0.9950672831
1.0029916403
1.0163366222
1.0173842409
1.0025266450
0.9927960240
0.9987536172
0.9974811167
0.9863054251
0.9953010976
1.0038477938
0.9714462171
0.9431716465
0.9260408135
0.9436471902
0.9680419272
0.9489611985
0.9160560264
0.9397734535
0.9621941781
0.9172666143
0.8665921535
0.8374837317
0.8066337970
0.7921951031
0.8013950808
0.7906611629
0.7526611655
0.7245890777
0.7140311936
0.6840575528
0.6344759719
0.6203716194
0.6218515224
0.6136924856
0.6551579436
0.6627081355
0.6860369760
0.7670642841
0.7980673189
0.8065129882
0.8452394541
0.8968852567
0.9412823980
0.9358943430
0.9079171489
0.9197623417
0.9766111465
0.9958490192
0.9801645954
0.9655140997
0.9469555768
0.9826822403
1.0108943470
0.9651731526
0.9460805698
0.9326179073
0.9595065092
0.9631191497
0.9579736189
0.9427094108
0.9506379334
0.9801177819
0.9666063935
0.9986006078
1.0366625421
1.0386293106
1.0075229745
0.9572488790
0.9313859007
0.9485479507
0.9646867967
0.9581114665
0.9498722070
0.9453457558
0.9485680312
0.9562297164
0.9724605616
0.9909471554
1.0316816605
1.0377648979
0.9986555250
0.9549016130
0.9535781084
0.9760644393
1.0048591697
1.0178988425
1.0137998512
1.0145377064
0.9955559389
0.9824614487
0.9922032339
0.9753580167
0.9680059899
0.9705560035
0.9704039501
0.9895929321
0.9905739566
1.0053139625
1.0228518498
0.9949280398
0.9999815325
1.0049833313
1.0266711261
1.0102613928
1.0204114840
0.9949053598
0.9951540828
1.0011234762
0.9692231374
0.9508723978
0.9506973142
0.9227868684
0.8877320715
0.8566519608
0.8445315911
0.8399906145
0.8391433002
0.8804386678
0.8752049448
0.8777512237
0.8908441666
0.8966379598
0.9400686282
0.9863523577
0.9745413906
0.9879298302
1.0026939074
0.9859765903
0.9910814987
1.0224277544
1.0240594211
1.0038300266
0.9975266977
0.9841052528
0.9663299383
0.9715462740
1.0005299953
1.0253203326
1.0288298722
1.0089887393
0.9707306645
0.9562475571
0.9617951960
0.9748776908
0.9577334350
0.9662169300
0.9442289914
0.9218005714
0.9246512867
0.9425898825
0.9537967161
0.9478225910
0.9345172654
0.9161334219
0.8999628659
0.9091537038
0.9402622139
0.9562599907
0.9771881597
0.9667839959
0.9793869368
0.9797929075
0.9670319917
0.9980899677
1.0188607141
1.0046139926
0.9841968218
0.9633578625
0.9507624895
0.9366000874
0.8930885597
0.8367193979
0.8215967684
0.8339241527
0.8149127494
0.7900689278
0.7554407789
0.7575625534
0.7288957132
0.7320463518
0.7945602313
0.8084121124
0.8247977630
0.8226810946
0.8288031555
0.8588080395
0.8832904750
0.8923610068
0.9210078533
0.9441454114
0.9498525859
0.9587994556
0.9452541057
0.9116388303
0.9129705261
0.9145821167
0.9106200045
0.9123430254
0.9248014205
0.9308046733
0.9329135419
0.9267334534
0.9247215785
0.9497701268
0.9622528994
0.9548971643
0.9609309268
0.9420316337
0.9340988437
0.9617799683
0.9580924869
0.9267617353
0.9397417215
0.9647553186
0.9477718506
0.9398643778
0.9418482000
0.9525612788
0.9272263786
0.9452963350
0.9522303319
0.9489594329
0.9533465724
0.9520951097
0.9473599098
0.9232163336
0.9401953219
0.9646720689
0.9768613681
0.9873833866
0.9951381089
0.9835546066
0.9505054597
0.9205613819
0.9074032924
0.9106874336
0.9438571625
0.9532150021
0.9008902822
0.9307522394
0.9683664698
0.9300453077
0.9298989727
0.8802237366
0.9236801533
0.9207084335
0.9160970766
0.9059932477
0.9088635035
0.9100797416
0.9122704731
0.9349447861
0.9528627956
0.9580459025
0.9694311840
0.9796228956
0.9990393833
1.0223112531
1.0284213127
1.0202195149
1.0089499471
1.0311368157
1.0489626954
1.0243191461
1.0152626257
1.0542997684
1.0317680248
1.0107622838
0.9988352787
1.0005968202
1.0104501884
0.9832266770
0.9389477484
0.9084078161
0.8908970871
0.8814340475
0.8716921993
0.8836961851
0.8756632693
0.8714030856
0.8715596829
0.8807041367
0.8707440319
0.8505435628
0.8924911332
0.9417563788
0.9433715488
0.9396690054
0.9569524980
0.9898090152
0.9829122526
0.9687762098
0.9573514435
0.9657500305
1.0148190593
1.0507830703
1.0429257445
1.0391711138
1.0502450375
1.0820860445
1.0711895134
1.0443653001
1.0391929664
1.0471739821
1.0667999800
1.0688354012
1.0533994012
1.0626043838
1.0337964128
1.0538084034
1.0711082077
1.0405042819
1.0360668174
1.0453585098
1.0466051641
1.0508464073
1.0443137676
1.0441981354
1.0142223831
0.9760973673
0.9832071343
0.9829482882
0.9945415716
0.9960317452
0.9914883114
1.0008784817
1.0208522140
1.0177871598
0.9840519091
0.9434332670
0.9084484330
0.9103025483
0.9167964147
0.8673387658
0.8260826158
0.8231262174
0.7998210393
0.7669992318
0.7273217192
0.6877937698
0.6570618831
0.6429908875
0.6246003955
0.6231461362
0.6041950217
0.6160330499
0.6486908445
0.6764424629
0.7049016090
0.7654633035
0.7968947802
0.8052512159
0.8252875321
0.8729106158
0.9179514984
0.9302728744
0.9283895700
0.9292931242
0.9298771794
0.9397600326
0.9072810017
0.8724997615
0.8911951406
0.8556370332
0.8509500289
0.8589432264
0.8499901445
0.8319065006
0.8544135749
0.8684644781
0.8583298444
0.8716645656
0.9105414547
0.9297073090
0.9270751777
0.9263496010
0.9291312350
0.9504819694
1.0043284785
1.0438969103
1.0544488828
1.0662786896
1.0382999047
1.0458063663
1.0375457801
1.0255778256
1.0316630939
1.0250423795
1.0218987054
1.0292218231
1.0107334179
0.9632981158
0.9401626660
0.9309396624
0.9147282276
0.9131924999
0.9005539539
0.8691297144
0.8628259520
0.8519743456
0.8444208844
0.8817337007
0.8999856837
0.9237924149
0.9365224466
0.9330420282
0.9277104409
0.9107711226
0.9107738599
0.8849204080
0.8510436833
0.8287681253
0.8139679913
0.7995703786
0.7937714143
0.7775469715
0.7562207875
0.7461043518
0.7561357920
0.7852807099
0.7904113582
0.8090322069
0.8408755601
0.8866191691
0.8789197719
0.9159236098
0.9597424867
0.9912581061
0.9889745864
0.9959936205
0.9934191945
0.9924301617
0.9875118271
1.0095723176
1.0229486114
1.0112543905
1.0064377741
1.0134174669
1.0143251469
1.0140054084
1.0096055208
0.9947706700
1.0091406378
0.9822223915
0.9912752797
0.9747094842
0.9737221163
1.0180532775
0.9570048924
0.9753990684
0.9664090875
0.9449676305
0.9163299279
0.9026723959
0.9001980525
0.9131939806
0.9183889887
0.9037350833
0.8964091657
0.9036889190
0.9177627304
0.9276575085
0.8913736864
0.9043375504
0.8838075782
0.8579237068
0.8379908428
0.8211938698
0.8507459795
0.8159898862
0.7631538492
0.7712965799
0.7759305081
0.8100015006
0.8477267146
0.8674243584
0.8520055636
0.8114273602
0.8029251327
0.8349103197
0.8492033176
0.8323408899
0.8293860185
0.8951084469
0.8956787119
0.8902306173
0.9020737149
0.9188237130
0.9060002581
0.8950256838
0.8901308358
0.8736377054
0.8954989117
0.9045672894
0.8795140085
0.8793471871
0.8937050392
0.9094192755
0.9309200738
0.9355901797
0.9195385022
0.9058178595
0.8988781217
0.9179522800
0.9443955355
0.9581110497
0.9776309663
0.9280941695
0.9666159679
0.9359700672
0.9222649715
0.9306026715
0.9396700481
0.9413037620
0.9212071270
0.9369614595
0.9508383884
0.9628759096
1.0004251497
1.0130578193
0.9835290265
0.9591612799
0.9491261416
0.9781452132
0.9781194077
0.9667832052
0.9741370126
0.9950435882
1.0036313649
0.9535736451
0.9447158714
0.9709636918
0.9602265664
0.9635318085
0.9811747371
0.9755244269
0.9772853153
0.9523471344
0.9312985578
0.9384576862
0.9192511844
0.8896693450
0.8956641124
0.9013545015
0.9248154619
0.9128604756
0.9115365625
0.9411301415
0.9370151516
0.9050236593
0.9243004006
0.8821671175
0.8921651322
0.8941751615
0.8805467803
0.8690262430
0.8848047768
0.8848123943
0.8656631845
0.8511103556
0.8448049277
0.8557829847
0.8798867235
0.8934010963
0.9031987279
0.8874188050
0.8521154357
0.8715384210
0.9027967369
0.9153138483
0.9479409779
0.9827292110
0.9468939462
0.9417974267
0.9463348856
0.9623336421
0.9630288938
0.9760089760
0.9996615818
0.9984504485
0.9887510569
0.9947089143
0.9845863812
0.9656649587
0.9782467899
0.9566003012
0.9698862297
0.9360885180
0.9241848018
0.9584565355
0.9688605254
0.9756162184
0.9650161119
0.9743615156
0.9292447331
0.9319730629
0.9414121663
0.9554684400
0.9356199680
0.9187054514
0.9175048476
0.9052648687
0.8904560067
0.8730811181
0.8583569544
0.8596032214
0.8733588793
0.8908718122
0.8840563951
0.9163969965
0.8978312641
0.8483631504
0.8931634867
0.9007193329
0.8924091602
0.8846791027
0.8978679871
0.9201714175
0.9419085809
0.9765917039
1.0004647694
0.9898503417
0.9503815046
0.9255223038
0.9413853893
0.9323204595
0.9523464685
0.9951324683
0.9988135549
0.9205544562
0.9201178241
0.9140358017
0.9374406218
0.9062711511
0.9414853047
0.9638302748
0.9674921788
0.9688399207
0.9493489160
0.9612285901
0.9850760904
0.9736585515
0.9491371592
0.9595969958
0.9943551334
0.9973989643
0.9997459670
1.0132715133
1.0108492864
0.9981010635
0.9989072488
0.9731188189
0.9765597181
0.9656798023
0.9416402759
0.9335058379
0.9907001680
1.0180010870
0.9761722807
0.9466634771
0.9349497546
0.9295283143
0.9012154842
0.8612906086
0.8594722749
0.8250209783
0.7340722319
0.7132103056
0.7402398439
0.6794947583
0.6559521906
0.6038039039
0.5994489981
0.5955730082
0.6157824789
0.6239561823
0.6335352699
0.6770608492
0.7225936868
0.7638666820
0.7838331505
0.8039756578
0.8309482290
0.8515327336
0.8728417641
0.8943989961
0.9120615015
0.9226433097
0.9319368682
0.9738792915
0.9440491780
0.9508916708
0.9859700118
0.9795157410
0.9544468097
0.9781345301
0.9482325508
0.9231771855
0.9191014755
0.9127796873
0.9137584979
0.9241693169
0.9091731498
0.8895952458
0.8904409859
0.8734017040
0.8576608684
0.8834558175
0.8868443144
0.8868193809
0.8826221061
0.8942962699
0.9576687284
0.9491069466
0.9373099288
0.9194143361
0.9627086310
0.9571631435
0.9531791404
0.9389079713
0.9288616884
0.9404785315
0.9437543213
0.9422355462
0.9373241660
0.9304206859
0.9495620134
0.9489897705
0.9231734397
0.9144866892
0.9077124154
0.8803067453
0.8864792184
0.9264108720
0.9278909472
0.9020721806
0.9016547320
0.8607063798
0.8619125108
0.8671124244
0.8522226050
0.8579599116
0.8816833196
0.9224705096
0.9392649678
0.9118851641
0.9096305427
0.9418359875
0.9627592593
0.9639469028
0.9869576256
1.0051577092
0.9787365043
0.9886133104
0.9666534002
0.9651533277
0.9613307065
0.9380546186
0.9486101596
0.9654830175
0.9695333269
0.9786864931
0.9732781849
0.9980008725
1.0105550290
0.9791497643
0.9661345268
0.9514927620
0.9411794248
0.9731613795
0.9660664023
0.9543059754
0.9714916328
0.9290266475
0.9604620922
0.9965428561
1.0206524216
1.0244887491
1.0039725614
1.0062382199
1.0243005769
1.0244082945
1.0262793420
1.0353528230
1.0234126022
1.0060493074
1.0128181960
1.0250810700
1.0252589664
1.0267905174
1.0502640610
1.0408759851
1.0048141550
0.9881361683
1.0020007189
1.0385960561
0.9811664361
0.9871722237
0.9981422936
0.9956017483
0.9656263459
0.9331637521
0.9278843356
0.9360938558
0.9176505984
0.9018631832
0.9247470553
0.9426009313
0.9337117818
0.9330106836
0.9324643089
0.9524280088
0.9640417780
0.9771243814
1.0236123315
1.0192099316
0.9792504765
0.9744440492
0.9580673813
0.9981984000
1.0303507002
0.9884738741
0.9638841594
0.9966020345
1.0031895770
0.9993976608
1.0236207994
1.0397419204
1.0256515486
0.9862084610
0.9736036966
0.9923485366
1.0204684502
1.0173420639
0.9999650680
1.0088690412
1.0434522430
1.0242717207
1.0039344680
0.9891942429
0.9882210864
0.9683222200
0.9306208579
0.8881243822
0.8669050304
0.8709961381
0.8838989844
0.8943224945
0.8932179854
0.8959903254
0.9299842908
0.9449857140
0.9443666095
0.9594454491
0.9653165236
0.9540584978
0.9764129659
1.0144573467
0.9753450246
0.9688548952
0.9665295526
0.9710990492
0.9679859311
0.9701130850
0.9653549680
0.9550994387
