#flux
0.9931774946
0.9832999958
0.9686621777
0.9555285076
0.9478925443
0.9507382526
0.9640075240
0.9697541702
0.9856937768
0.9915942552
0.9914592090
0.9941909433
0.9875674001
0.9812448269
0.9749650717
0.9708563333
0.9741795578
0.9848083994
0.9927187305
0.9940097008
0.9900674726
0.9774304810
0.9611598924
0.9475803535
0.9175079400
0.8736120216
0.8272900213
0.8027288438
0.8051346168
0.8281300855
0.8699004094
0.9222934713
0.9621252217
0.9880909768
0.9933469034
1.0035296351
1.0095736030
1.0012855628
0.9905802977
0.9854819937
0.9770094861
0.9638254845
0.9593501637
0.9623773350
0.9574540806
0.9514398329
0.9576022972
0.9598363257
0.9690959928
0.9824818390
0.9806186184
0.9717410190
0.9668654656
0.9682276845
0.9760601475
0.9810324414
0.9870918992
0.9915273710
0.9906903912
0.9891957690
0.9920737657
0.9944794285
0.9877784984
0.9766052953
0.9716538091
0.9636868404
0.9510559207
0.9248648652
0.8796941715
0.8239689913
0.7785609323
0.7607017087
0.7788859733
0.8351965411
0.8958687201
0.9422777137
0.9679896039
0.9768109158
0.9733959580
0.9607541018
0.9463778665
0.9407021871
0.9445078893
0.9477458447
0.9479555275
0.9508151113
0.9464520963
0.9392745492
0.9278611112
0.9068142993
0.8787287988
0.8561889007
0.8502219763
0.8645077220
0.8946402498
0.9169328361
0.9217254141
0.9068163794
0.8693440852
0.8124081643
0.7549634294
0.7266656324
0.7438359970
0.7957845005
0.8592344835
0.9150074571
0.9574624040
0.9833724138
0.9959218803
0.9932962441
0.9778924950
0.9575615976
0.9218476231
0.8973203313
0.8949260878
0.9167378263
0.9523507131
0.9768371832
0.9855463635
0.9899573987
0.9937757790
0.9937609010
0.9939298452
0.9939373339
0.9875505175
0.9885059058
0.9807471689
0.9776960329
0.9739443307
0.9660464596
0.9628272698
0.9606118338
0.9429164097
0.9242689445
0.9098295717
0.8970019350
0.8922581216
0.9031574317
0.9229253064
0.9411305114
0.9550195969
0.9658568224
0.9725220666
0.9746336485
0.9763186706
0.9785159727
0.9771220175
0.9713145900
0.9632116176
0.9656337101
0.9789968388
0.9890740416
0.9892948777
0.9890634567
0.9924669275
0.9844675605
0.9616658955
0.9197497307
0.8741964762
0.8401957052
0.8282888678
0.8412786285
0.8685904163
0.8995812271
0.9287355384
0.9518963784
0.9760177933
0.9744098144
0.9548101161
0.9396592092
0.9277471180
0.9213784834
0.9163768842
0.9091957126
0.8989152317
0.8757915254
0.8632217117
0.8590810552
0.8668161885
0.8821037113
0.9057827269
0.9320104889
0.9456679549
0.9490309614
0.9526713214
0.9586567560
0.9630057894
0.9588406976
0.9538397583
0.9503372384
0.9374853201
0.9346134339
0.9307750209
0.9236121573
0.9198279032
0.9151927667
0.8993833271
0.8804751899
0.8645726890
0.8382592642
0.7982215233
0.7487985670
0.6926778952
0.6320007348
0.5626674040
0.4880565308
0.4162830518
0.3530793170
0.3047729737
0.2668362709
0.2383639983
0.2194693432
0.2095362954
0.2079545960
0.2075585703
0.2091690847
0.2159409728
0.2280705312
0.2461458820
0.2706083777
0.2986565326
0.3291164336
0.3690741190
0.4237008178
0.4890125066
0.5643045939
0.6458123827
0.7214707061
0.7776091600
0.8171668824
0.8554140994
0.8677851216
0.8632257343
0.8561355725
0.8562993621
0.8550705215
0.8662270736
0.8893181692
0.9103619070
0.9260829809
0.9426956391
0.9552063597
0.9582623950
0.9605064571
0.9656381103
0.9673096735
0.9690981899
0.9730812320
0.9713879749
0.9791118518
0.9854157690
0.9754879718
0.9723601709
0.9760260538
0.9694687588
0.9456216289
0.9119102567
0.8921416851
0.8847961662
0.8852470178
0.8970262679
0.9173625318
0.9365442804
0.9502295329
0.9575609606
0.9548907272
0.9503857203
0.9612177858
0.9691723567
0.9791860083
0.9853055727
0.9904726271
0.9981393413
1.0015093971
1.0006541360
0.9993885585
0.9922949062
0.9861408277
0.9794215690
0.9767010969
0.9781968158
0.9808804058
0.9852319506
0.9900866204
0.9918411402
0.9907782065
0.9916711058
0.9961086642
0.9992677897
0.9981578273
0.9894397999
0.9921116026
0.9940406908
1.0002779289
1.0030664395
1.0047725906
1.0076715860
1.0081503114
1.0077943916
1.0110088957
1.0104621044
1.0066196985
1.0015986143
0.9981442081
1.0036844834
1.0067540614
1.0010426650
1.0022464148
1.0042508701
1.0049592463
1.0047676442
0.9977144446
0.9889371684
0.9787147953
0.9695716762
0.9498059226
0.9293861058
0.8856857344
0.8188963424
0.7530625722
0.7091100209
0.7020587831
0.7391014492
0.8091707551
0.8863563993
0.9417137394
0.9626199402
0.9750307564
0.9710920550
0.9773269127
0.9635172210
0.9465370703
0.9454113606
0.9493828841
0.9521127582
0.9547630831
0.9564113186
0.9618099409
0.9734237503
0.9788993165
0.9747617877
0.9615695312
0.9412213881
0.9218029092
0.9082532039
0.8979071348
0.8929451369
0.9051166071
0.9260207609
0.9307147428
0.9334448476
0.9373640075
0.9318613507
0.9381983279
0.9547912949
0.9791439438
0.9968867127
1.0051022391
1.0122894382
1.0170680117
1.0138522685
1.0083805293
1.0073152378
1.0095298613
1.0119501277
1.0089577151
1.0004408227
1.0003636785
0.9939918772
0.9951913323
0.9877772371
0.9784678993
0.9816279743
0.9882952273
0.9838102329
0.9642448344
0.9274587968
0.8534895854
0.7659153556
0.6859981410
0.6366302118
0.6519761593
0.7232661883
0.8094410671
0.8915840573
0.9586999403
0.9933632665
1.0012972850
1.0065635128
1.0024945410
1.0035444807
1.0039848311
0.9923565888
0.9886624373
0.9862598365
0.9858905956
0.9901001904
0.9938681779
0.9901462993
0.9775196651
0.9478129984
0.8863437967
0.8061223400
0.7327517498
0.6931479248
0.7143167772
0.7816871521
0.8698597750
0.9452669730
0.9785777269
0.9820637895
0.9792358478
0.9696848083
0.9362189013
0.8753516746
0.7992985732
0.7178301898
0.6638777749
0.6602151658
0.7053725257
0.7809210294
0.8553168963
0.9094985414
0.9493009545
0.9815778203
1.0013965242
1.0086583109
1.0103876891
1.0096199138
1.0050503268
0.9982486381
1.0042075281
1.0093510136
0.9967047904
0.9887161043
0.9810325466
0.9666186477
0.9549394930
0.9546234176
0.9563066123
0.9559928483
0.9604539971
0.9679077656
0.9783328330
0.9875524514
0.9837079947
0.9776385737
0.9758186338
0.9737845922
0.9801687931
0.9893354864
0.9999540644
1.0118918525
1.0169315297
1.0176553654
1.0186915347
1.0166228280
1.0147582600
1.0123610259
1.0029596051
0.9943139657
0.9993352775
1.0103158747
1.0200315963
1.0270039800
1.0262947370
1.0258408894
1.0278699362
1.0316633243
1.0337049456
1.0290058857
1.0229677235
1.0186953175
1.0114899445
1.0146107317
1.0071655610
1.0076624831
1.0029142700
1.0038892730
1.0079719974
1.0078853142
1.0011300301
0.9918989341
0.9861753668
0.9857484354
0.9907819288
0.9990079334
0.9995880944
0.9907726444
0.9901329381
0.9881392846
0.9929246217
0.9953221890
1.0022256681
1.0133739206
1.0155779527
1.0125705458
1.0070684791
0.9983010054
0.9907464853
0.9842663315
0.9721411788
0.9612454308
0.9574105189
0.9542536424
0.9552537238
0.9702019020
0.9882529662
0.9972507597
1.0070463393
1.0086671539
1.0029120100
0.9870646901
0.9654331250
0.9455294186
0.9239173166
0.8979032804
0.8553720848
0.8011986761
0.7586211842
0.7397629945
0.7514520847
0.7974614035
0.8631687182
0.9230677982
0.9594478059
0.9730322927
0.9827992678
0.9921007404
1.0012149859
1.0087300548
1.0035471463
0.9994168841
0.9852146854
0.9690986867
0.9630911438
0.9603658967
0.9662642817
0.9811583130
0.9959906756
1.0044559333
1.0033259891
0.9936620852
0.9801382922
0.9680034639
0.9605246218
0.9571946810
0.9569702015
0.9621841667
0.9690978201
0.9690823236
0.9826666209
0.9863000103
0.9896997431
0.9897313882
0.9913039026
0.9939290909
0.9931400094
0.9915568550
0.9812985989
0.9614193680
0.9458784730
0.9412780195
0.9444893692
0.9584885460
0.9773256641
0.9894256888
1.0052579730
1.0159791128
1.0156211345
1.0128573777
1.0092465068
1.0008922594
0.9825122978
0.9667212383
0.9626696387
0.9655039354
0.9682142404
0.9755653062
0.9905144359
1.0017910598
1.0066310838
1.0066830397
1.0105729630
1.0131601739
1.0069710118
1.0011251377
0.9926696301
0.9876066631
0.9815256163
0.9707683420
0.9600031004
0.9567019562
0.9559707953
0.9632453696
0.9767018058
0.9864327992
0.9973963517
1.0009392090
1.0119845905
1.0095404850
0.9820063549
0.9252538708
0.8416694756
0.7617517464
0.7189333848
0.7225690146
0.7721886311
0.8474670437
0.9205016255
0.9649310824
0.9812959147
0.9859990339
0.9906320932
0.9998243691
1.0024588620
1.0005885787
0.9937841531
0.9906311438
0.9852943870
0.9876883314
0.9988170606
1.0087476263
1.0092664375
1.0030202398
0.9996139893
1.0008875333
0.9989662747
0.9925056248
0.9918098837
0.9979126004
0.9995992881
0.9980138284
1.0014681098
1.0073344584
1.0140789380
1.0126184350
1.0105948307
1.0126728877
1.0099451661
1.0082162062
1.0053123086
0.9984352435
0.9932587417
0.9947473837
0.9977082558
0.9972476961
0.9980446045
0.9975465290
0.9872810674
0.9690490955
0.9537837261
0.9593536034
0.9647856068
0.9645432465
0.9643864514
0.9655672823
0.9802984031
0.9824662056
0.9931052035
1.0029195440
1.0067652591
1.0061452592
1.0017011921
0.9946122688
0.9869478982
0.9811607357
0.9798563226
0.9845762144
0.9912672789
0.9955982360
1.0064388143
1.0188197483
1.0230268355
1.0139020537
1.0082842101
1.0066470787
1.0102900875
1.0104764604
1.0144865043
1.0127398950
1.0097618254
1.0085176461
1.0038332692
0.9983532500
0.9920867883
0.9771279520
0.9565694117
0.9373617394
0.9241019789
0.9314916771
0.9421917911
0.9603803031
0.9696437094
0.9843949944
0.9859579457
0.9887338157
1.0012847810
1.0030716249
1.0055812168
1.0086097071
1.0068146047
1.0016265843
0.9968813803
0.9910089440
0.9728575532
0.9361958900
0.8942033094
0.8615899562
0.8413164160
0.8349588373
0.8241278509
0.7855793150
0.7123993457
0.6181386948
0.5485552864
0.5379303564
0.5942303519
0.6944078132
0.8039849883
0.8841906317
0.9367211383
0.9628046020
0.9708013216
0.9714068859
0.9657731984
0.9509251449
0.9182480382
0.8557663655
0.7632936051
0.6642951464
0.5991881029
0.5978621576
0.6648793372
0.7605389959
0.8607234134
0.9258488201
0.9692543351
0.9932173556
1.0052169190
1.0049760617
1.0029164798
1.0102130425
1.0144358778
1.0124686521
1.0123409501
1.0086502559
0.9991921819
0.9937452857
0.9899450480
0.9800236041
0.9692674646
0.9676105105
0.9698473362
0.9558278277
0.9545078776
0.9677381978
0.9695496463
0.9839280757
0.9956796270
0.9992967814
0.9937540981
0.9742968798
0.9516605171
0.9320883576
0.9248553025
0.9294446236
0.9296556486
0.9349166473
0.9458668759
0.9549212026
0.9572994880
0.9604697184
0.9756796920
0.9911283203
0.9926492827
0.9925327043
0.9979668018
1.0059631823
1.0095292614
1.0067961652
1.0022331235
0.9946175605
0.9860455896
0.9811096044
0.9768810502
0.9751257042
0.9796807328
0.9785945894
0.9609452227
0.9151492444
0.8648319554
0.8240571818
0.8077391242
0.8317440298
0.8853621198
0.9337386935
0.9695267189
0.9884817936
0.9872095396
0.9886441990
0.9922270540
0.9969345564
1.0055021525
1.0025039204
0.9907540487
0.9775814664
0.9483938692
0.9100446802
0.8804234831
0.8690183304
0.8786038462
0.9014167587
0.9393638397
0.9593084042
0.9451337319
0.9046855199
0.8446655760
0.8009511523
0.7957707562
0.8281855449
0.8866448396
0.9471616804
0.9874190125
1.0061284467
1.0140946838
1.0162577707
1.0125119745
1.0046979987
0.9974509387
0.9972692057
0.9997474334
1.0080813303
1.0151872023
1.0156427012
1.0192224816
1.0100105439
0.9993899175
0.9985044409
0.9911680891
0.9894068090
0.9997272816
1.0035787249
1.0025006141
0.9969457335
0.9890782747
0.9856394953
0.9847335132
0.9883209942
0.9974505368
1.0012826707
1.0033479414
1.0098168644
1.0068441488
1.0066739825
1.0140134828
1.0013790192
0.9885742341
0.9861422507
0.9940335745
1.0018388183
1.0107461839
1.0132681458
1.0160171651
1.0143909030
1.0121540301
1.0146179304
1.0114404748
1.0051330415
1.0004219972
0.9891940508
0.9778061168
0.9648083125
0.9683564443
0.9726748766
0.9727669442
0.9817616257
0.9960770387
1.0096047871
1.0168492383
1.0176525766
1.0152976154
1.0126420413
1.0116850436
1.0027259021
0.9818320699
0.9610387293
0.9450648318
0.9313082479
0.9310125444
0.9454603602
0.9627012101
0.9787652958
0.9881761764
1.0040600514
1.0121714819
1.0090552372
1.0132304329
1.0116556424
1.0101961668
1.0138036236
1.0147950378
1.0058007769
0.9921600307
0.9788600121
0.9632754316
0.9364612168
0.8927308100
0.8409891947
0.7991066839
0.7830878708
0.8046458268
0.8567260949
0.9148614104
0.9615817320
0.9939979927
1.0132187495
1.0109755369
1.0026420400
1.0064840284
1.0078543793
1.0036424187
1.0014748742
1.0024409672
0.9894549902
0.9706184150
0.9609900125
0.9519078942
0.9408958223
0.9347113814
0.9251839679
0.9078814896
0.8807534356
0.8746901938
0.8961076544
0.9304794486
0.9642961084
0.9876944963
0.9968826095
0.9965033536
1.0024086827
1.0066411703
1.0033438920
0.9947526398
0.9828633749
0.9671408372
0.9498392800
0.9325904980
0.9153117608
0.9053167602
0.9094462945
0.9218754828
0.9373899978
0.9466797458
0.9475772951
0.9477733142
0.9592734302
0.9646571726
0.9772716250
0.9822429032
0.9869069281
0.9871882334
0.9778781018
0.9579866050
0.9240176078
0.8751064747
0.8249100787
0.7980628010
0.8066455024
0.8433129172
0.8978886366
0.9489412059
0.9833908637
1.0031723589
1.0017562148
1.0001307645
1.0029120977
1.0036680178
1.0002747316
0.9870835789
0.9636512180
0.9267415092
0.8626638624
0.7761527330
0.6946271432
0.6493882093
0.6558454986
0.7114295103
0.7923365534
0.8568688743
0.8804554953
0.8653167472
0.8203568035
0.7740271755
0.7476651010
0.7489386116
0.7937556606
0.8554430038
0.9080192991
0.9491162893
0.9743832282
0.9913518707
0.9984237854
0.9949022202
1.0007620957
1.0074784921
1.0074057749
1.0110726583
1.0108273909
0.9971059394
0.9824654081
0.9709756776
0.9548761027
0.9536931204
0.9638430477
0.9796953460
0.9867040140
1.0015615405
1.0033924010
0.9984770282
1.0015114718
1.0015025475
0.9989763406
0.9979373972
0.9972399067
0.9963799839
0.9963858569
0.9968967605
0.9972242922
0.9947040770
0.9829468699
0.9643943309
0.9544827749
0.9502217766
0.9427790555
0.9406988832
0.9362527836
0.9347481454
0.9403206247
0.9520973845
0.9582225141
0.9573662303
0.9585461933
0.9614650297
0.9655148332
0.9664402072
0.9638335434
0.9652115587
0.9714285237
0.9772857118
0.9831078574
0.9852268853
0.9855968708
0.9777977879
0.9646494871
0.9416614291
0.9218161164
0.9053941465
0.8962671607
0.8940074589
0.8805586523
0.8556368307
0.8215631872
0.7920892082
0.7874118990
0.8159370436
0.8658267676
0.9225764083
0.9699697540
0.9924738143
0.9970131306
0.9949575133
0.9959137915
0.9941185140
0.9885208468
0.9788816380
0.9868865541
0.9832997786
0.9851184692
0.9923452213
0.9977652285
0.9950046712
0.9906277406
0.9908349671
0.9876412376
0.9879891421
1.0001637790
1.0128203196
1.0166916765
1.0156069664
1.0132203101
1.0142315202
1.0097564432
1.0098677650
1.0018807269
1.0037397648
1.0086949717
1.0027075304
1.0021954535
0.9975008035
0.9990005086
0.9967900955
0.9957728474
0.9987653547
1.0007986742
1.0024019460
1.0042511120
1.0032502685
0.9976051071
0.9903475293
0.9862770256
0.9808289590
0.9636857130
0.9402912886
0.9292337909
0.9274844352
0.9294084786
0.9365465647
0.9458584464
0.9574414943
0.9692707921
0.9862478754
0.9973567380
0.9903420227
0.9801398940
0.9725443250
0.9578054656
0.9398248983
0.9310389095
0.9346348543
0.9505356845
0.9717835923
0.9841877852
0.9895273375
0.9957167430
0.9925739799
0.9831870018
0.9657167287
0.9571242569
0.9515770938
0.9510832724
0.9623684499
0.9726418100
0.9871943882
0.9970375281
0.9967201245
0.9955348891
0.9959385294
0.9937276151
0.9919105099
0.9910234183
0.9849692136
0.9787032303
0.9818816419
0.9887004253
0.9878846351
0.9923674564
0.9975858729
0.9912822884
0.9725053775
0.9655845336
0.9702243223
0.9758265288
0.9782820107
0.9846090635
0.9959698509
1.0000829291
0.9993449328
1.0013210685
1.0036971737
1.0060190807
1.0025683719
0.9972976831
0.9983696658
0.9995555982
0.9995937863
1.0018777569
0.9989070824
0.9965356464
0.9937369332
0.9950882267
0.9911749176
0.9805563135
0.9718347667
0.9671797716
0.9719160442
0.9792439445
0.9815017155
0.9837857168
0.9927754975
1.0038952100
1.0076108707
1.0078072522
1.0016498347
0.9946126491
1.0007813404
1.0000053609
0.9957171898
0.9902305870
0.9787442737
0.9716912563
0.9672421307
0.9647030942
0.9639186070
0.9686752996
0.9681855373
0.9685951268
0.9757103500
0.9824281777
0.9879469300
0.9953431488
0.9986980953
0.9892724097
0.9768352928
0.9747128862
0.9757546709
0.9746022400
0.9846533933
0.9855274584
0.9876883434
0.9860218472
0.9802195288
0.9802587327
0.9810140414
0.9778377529
0.9690462400
0.9625761634
0.9583376434
0.9465740990
0.9320065010
0.9276554996
0.9309486268
0.9383658573
0.9507130971
0.9584358133
0.9641246544
0.9580951880
0.9432995036
0.9170486873
0.9137241171
0.9179264871
0.9277723371
0.9400340177
0.9486107102
0.9337542811
0.9000401589
0.8549154153
0.8018661857
0.7472003985
0.7046267456
0.6931938635
0.7208580770
0.7807131397
0.8563803666
0.9201621797
0.9593571015
0.9819795139
0.9933471084
0.9909436429
0.9913841856
0.9930594314
0.9955411110
0.9947577106
1.0007512797
0.9991549479
0.9914496461
0.9904271533
0.9847464427
0.9710888855
0.9614121900
0.9545871197
0.9544852596
0.9667520251
0.9742432247
0.9852775534
0.9933532688
0.9944731927
0.9982806110
1.0012593664
0.9966445989
0.9910178234
0.9952637763
1.0027066198
1.0075108562
1.0011206129
0.9947484232
0.9899613570
0.9782610385
0.9633381992
0.9444012041
0.9067885832
0.8577190721
0.8277267752
0.8263041349
0.8500432960
0.8910605710
0.9362010866
0.9678838816
0.9771879499
0.9814944774
0.9800585711
0.9751696551
0.9718343228
0.9804288300
0.9851821088
0.9814184552
0.9758251629
0.9767983673
0.9881081665
0.9972260721
0.9949252555
0.9939328320
0.9943252399
0.9839954626
0.9709657612
0.9623701477
0.9631871436
0.9632820777
0.9617029960
0.9747021104
0.9899612704
1.0036426945
1.0001312200
0.9993026489
0.9983084397
0.9929698910
0.9905016228
0.9853571243
0.9766001187
0.9597047455
0.9278496173
0.8880367580
0.8423229865
0.8176676518
0.8156181186
0.8477702536
0.8989515838
0.9440893106
0.9757955015
0.9845506284
0.9927981886
0.9960708628
0.9848209900
0.9849274363
0.9873141703
0.9905184891
0.9853426449
0.9765759613
0.9717580945
0.9670254424
0.9554038462
0.9389800205
0.9300764645
0.9245586800
0.9320666108
0.9438915540
0.9421934014
0.9439034896
0.9445239404
0.9348157460
0.9265088768
0.9192821918
0.9051597185
0.8976770980
0.8979363698
0.9060592739
0.9134798952
0.9216822726
0.9337163895
0.9441887784
0.9431880972
0.9218567392
0.8856482263
0.8519685879
0.8337049917
0.8444187935
0.8786254700
0.9260905347
0.9538167130
0.9767398363
0.9871697294
0.9931555530
0.9928030841
0.9903053111
0.9832835786
0.9689651277
0.9424768276
0.9029587186
0.8663551099
0.8362866142
0.8143928496
0.8147712507
0.8223302570
0.8108889622
0.7672995271
0.7276538360
0.7093463718
0.7232927309
0.7698605455
0.7992676484
0.8023591420
0.7757769709
0.7615253043
0.7757271109
0.8133579139
0.8676363192
0.9154255459
0.9435594620
0.9563756777
0.9653940670
0.9742137076
0.9755292256
0.9710084212
0.9675003691
0.9538221747
0.9331412333
0.9022533202
0.8675700147
0.8434084021
0.8404345352
0.8599907193
0.8952249214
0.9303145373
0.9554911649
0.9662254450
0.9619023796
0.9507005021
0.9410123739
0.9343422546
0.9373966169
0.9506585754
0.9639386999
0.9749941792
0.9809882919
0.9850201330
0.9737057435
0.9594653859
0.9613305329
0.9546119103
0.9534437129
0.9575070124
0.9575761528
0.9702605606
0.9731260273
0.9799074794
0.9814880395
0.9750995461
0.9688213950
0.9665375800
0.9678729784
0.9712094437
0.9753972654
0.9810309693
0.9852478728
0.9842917577
0.9797270800
0.9805720516
0.9840455359
0.9826087636
0.9838313353
0.9822115647
0.9761215895
0.9630066003
0.9564999353
0.9455574420
0.9438093187
0.9498071686
0.9589053354
0.9678112998
0.9690153248
0.9722478314
0.9796092232
0.9715550307
0.9630630261
0.9624898818
0.9743808328
0.9742549994
0.9743034624
0.9750933509
0.9889008839
0.9852203239
0.9863571586
0.9899544644
0.9949362831
0.9914214127
0.9846053866
0.9809340349
0.9774108706
0.9695064984
0.9570274059
0.9428996283
0.9267548210
0.9007154512
0.8617158386
0.8211334032
0.7839682384
0.7646713994
0.7662614935
0.7861199245
0.8179416657
0.8565628368
0.9001936353
0.9241446998
0.9501112671
0.9677799617
0.9682617582
0.9617825108
0.9591743684
0.9586959592
0.9619139845
0.9678213004
0.9679818065
0.9687021947
0.9794056831
0.9829980742
0.9775706956
0.9835082988
0.9853628274
0.9867985593
0.9852159800
0.9825530093
0.9753782167
0.9687862900
0.9711872727
0.9803688268
0.9854960695
0.9893396012
0.9860504024
0.9842142391
0.9880535108
0.9931935935
0.9951332414
0.9898550855
0.9823111688
0.9706433373
0.9688628509
0.9761042467
0.9644514066
0.9648887235
0.9740964442
0.9664485152
0.9566822877
0.9449218428
0.9333544538
0.9365850935
0.9533341310
0.9633315422
0.9689107710
0.9702922152
0.9691055755
0.9702263646
0.9717540563
0.9687237560
0.9597792555
0.9513623188
0.9325113806
0.8805311417
0.8136732891
0.7090565680
0.6009853266
0.5392901740
0.5486670297
0.6199333015
0.7351164536
0.8328398544
0.9008826982
0.9345235698
0.9566331973
0.9700432198
0.9712257972
0.9657097790
0.9605361970
0.9619084008
0.9666672791
0.9713144406
0.9789385526
0.9836951170
0.9894775718
0.9813404350
0.9839910156
0.9707317540
0.9598422138
0.9469459970
0.9278988832
0.9092377320
0.9056449038
0.9058360884
0.9118392760
0.9265693050
0.9302043961
0.9321583662
0.9461971893
0.9589047199
0.9738956225
0.9822997686
0.9782462421
0.9811044016
0.9839850357
0.9765077800
0.9769501111
0.9649310589
0.9666583377
0.9701961698
0.9728078978
0.9867806841
0.9908745486
0.9933829911
0.9918786609
0.9860349805
0.9828978300
0.9773819731
0.9592768103
0.9262395166
0.8814252331
0.8416035835
0.8276162152
0.8352622702
0.8620721405
0.8971555999
0.9292219022
0.9579671472
0.9750298832
0.9813854458
0.9844802357
0.9781843851
0.9841362532
0.9914218481
0.9786506846
0.9656115193
0.9594074893
0.9473349483
0.9163678352
0.8697658665
0.8279170141
0.7936449933
0.7818913528
0.8017019190
0.8484134256
0.9032370527
0.9410131892
0.9694575999
0.9774903163
0.9797217090
0.9850377347
0.9810291759
0.9724439739
0.9794193317
0.9899134546
0.9930852937
0.9932050823
0.9902111693
0.9845256652
0.9808699459
0.9731016618
0.9596872415
0.9585031164
0.9592999562
0.9551100140
0.9630143248
0.9696659162
0.9781370876
0.9919054883
0.9972873441
0.9941878985
0.9955275638
0.9930413050
0.9901148782
0.9826001022
0.9712831540
0.9702605312
0.9746687348
0.9701463557
0.9606495589
0.9526264296
0.9452979121
0.9483043779
0.9657630038
0.9692351967
0.9754451488
0.9801657219
0.9771854920
0.9746422798
0.9699613991
0.9579776810
0.9435392736
0.9421176155
0.9463154159
0.9573991594
0.9646656414
0.9655909796
0.9653107424
0.9668402133
0.9686165195
0.9682504855
0.9683592033
0.9679673401
0.9746716327
0.9760013317
0.9799217269
0.9836409896
0.9766840135
0.9722719810
0.9534019894
0.9485755313
0.9466645270
0.9550073463
0.9617703880
0.9666404460
0.9750572139
0.9827619802
0.9845599176
0.9859891868
0.9863419604
0.9786815675
0.9720777892
0.9693666418
0.9620026620
0.9580444565
0.9604376161
0.9602305394
0.9572368397
0.9561864719
0.9599885731
0.9587812187
0.9643902654
0.9673786613
0.9677186471
0.9593665586
0.9371184719
0.9115512074
0.8982254537
0.8969077309
0.9060258262
0.9314280903
0.9605279553
0.9744570061
0.9810934937
0.9828853737
0.9746728240
0.9718578519
0.9725115902
0.9721109926
0.9742820072
0.9736103863
0.9767733571
0.9811232437
0.9866144700
0.9819586221
0.9749323218
0.9699576900
0.9658944455
0.9681850746
0.9749356767
0.9772005545
0.9816419053
0.9912659643
0.9855795676
0.9796207695
0.9797707044
0.9864935397
0.9861616089
0.9852518443
0.9929251783
0.9972921406
0.9908947817
0.9825956190
0.9817620513
0.9828385474
0.9824971305
0.9743585772
0.9614936536
0.9515127155
0.9444726792
0.9369345589
0.9307754984
0.9316823261
0.9345826206
0.9382699950
0.9404867802
0.9429474382
0.9324377603
0.9225774079
0.9120425932
0.9218174195
0.9342574977
0.9449176803
0.9582350548
0.9612154697
0.9665631806
0.9714370394
0.9704932401
0.9645380055
0.9610040324
0.9657587766
0.9698642091
0.9733197724
0.9846023976
0.9934614029
0.9970694517
0.9942548131
0.9984516977
0.9984981896
1.0018346210
0.9956338624
0.9865216176
0.9732988217
0.9638819936
0.9631320557
0.9661749104
0.9646150866
0.9691904483
0.9779316980
0.9810724896
0.9826454459
0.9816748036
0.9786542405
0.9815971742
0.9770407392
0.9750585935
0.9774526937
0.9691796237
0.9728129741
0.9712563977
0.9677169701
0.9606566154
0.9561248755
0.9535671605
0.9523316009
0.9537674186
0.9406347721
0.9256060686
0.9269507863
0.9366858532
0.9456004013
0.9554457719
0.9645545077
0.9665900098
0.9601581081
0.9606589952
0.9697292484
0.9676736874
0.9694710051
0.9809480236
0.9741918456
0.9792969080
0.9827354734
0.9807302412
0.9685336164
0.9477439343
0.9184856072
0.8968982956
0.8911459363
0.8914479981
0.8948151776
0.9035583892
0.9135461851
0.9270127369
0.9402788644
0.9555203423
0.9697086119
0.9697874978
0.9781153944
0.9839435467
0.9848347213
0.9818814470
0.9871867343
0.9890848034
0.9881079762
0.9910960545
0.9908691460
0.9842609943
0.9754238849
0.9704787776
0.9632975707
0.9561765238
0.9668893469
0.9723971661
0.9766134357
0.9869954369
0.9788810165
0.9745744856
0.9664562207
0.9631133834
0.9327843297
0.8936001914
0.8434412425
0.7810766956
0.7035720981
0.6275379560
0.5712126502
0.5531531757
0.5771148979
0.6434890435
0.7453920874
0.8477991363
0.9182871297
0.9593454907
0.9767158247
0.9729544687
0.9783539893
0.9844016485
0.9730944436
0.9680104811
0.9559221981
0.9383896926
0.9286912669
0.9325375646
0.9455800519
0.9670464644
0.9835160054
0.9922251893
0.9879809161
0.9815473164
0.9806258236
0.9748587808
0.9665086579
0.9547623965
0.9478948101
0.9312300858
0.9166712651
0.9030973063
0.8912302784
0.8777451581
0.8737090446
0.8902956906
0.9148159885
0.9393269576
0.9523182567
0.9645943008
0.9688429780
0.9677157781
0.9630129870
0.9588363782
0.9646681629
0.9743000995
0.9781462242
0.9822225288
0.9800626411
0.9718366916
0.9517172662
0.9327616609
0.9162554396
0.9165713907
0.9154457551
0.9268442326
0.9459090988
0.9642558228
0.9733412996
0.9752516379
0.9744198259
0.9663484230
0.9508514734
0.9349565173
0.9194787759
0.9001971283
0.8769961942
0.8577682699
0.8589733433
0.8687952562
0.8797773083
0.8917049973
0.8900918723
0.8996389882
0.9128089527
0.9352916948
0.9618736981
0.9749475312
0.9726196271
0.9667009762
0.9563957863
0.9380857378
0.9214489520
0.9093712828
0.9054964348
0.9138682307
0.9283027525
0.9466122246
0.9535512071
0.9546357499
0.9474246960
0.9427831365
0.9491029388
0.9468345387
0.9505508447
0.9565340332
0.9550652630
0.9425960230
0.9309583872
0.9322268572
0.9354873051
0.9450375599
0.9634971715
0.9780849615
0.9833143463
0.9881026828
0.9933696489
0.9945531265
1.0015354331
1.0037460818
1.0017556831
1.0056425190
1.0073377519
0.9940483636
0.9826095895
0.9818537819
0.9764563035
0.9779510593
0.9823353343
0.9836687888
0.9874452242
0.9928667498
1.0002401384
1.0065317558
1.0101947536
1.0063252185
0.9927914917
0.9854051583
0.9810641573
0.9747511324
0.9763178699
0.9718476791
0.9673534473
0.9747355719
0.9703520779
0.9739024757
0.9697061682
0.9609527853
0.9524414826
0.9461625814
0.9466258504
0.9559096985
0.9660215751
0.9757820982
0.9831795177
0.9844210481
0.9815907039
0.9756724158
0.9750431176
0.9777554151
0.9703646133
0.9614115999
0.9462152010
0.9478526467
0.9440775330
0.9499912774
0.9565688501
0.9662641026
0.9777190109
0.9820124193
0.9892988952
0.9942864114
0.9994953926
1.0048973782
1.0007497727
0.9893970772
0.9828514537
0.9782282161
0.9678713916
0.9658211715
0.9699415988
0.9701499113
0.9767507785
0.9853749905
0.9824048983
0.9884705450
0.9865063698
0.9885888087
0.9817562694
0.9738665174
0.9711450562
0.9687162488
0.9676208109
0.9695671838
0.9737712442
0.9799542741
0.9883449172
0.9947352809
0.9922932622
0.9921296930
0.9939460084
0.9857412767
0.9798627094
0.9776353668
0.9913087131
