#flux
0.9316604548
0.9103537861
0.8992386457
0.8970788988
0.9018745920
0.8890008059
0.9210144531
0.9212261872
0.9213716096
0.9286182775
0.9101137171
0.9005046275
0.9172366083
0.9330629199
0.9309587312
0.9166012741
0.9098654949
0.9172982475
0.9189410643
0.9012921256
0.8885164267
0.9044656144
0.9134154254
0.9089334677
0.9016122049
0.8910401636
0.8844251639
0.8923456685
0.8976302378
0.8868337441
0.8844994588
0.9058131677
0.9281308814
0.9125005040
0.8864650993
0.8705306140
0.8746476562
0.8964053915
0.9037526840
0.8827519507
0.8727709509
0.8960538010
0.9001508451
0.8965170746
0.9204128845
0.8977581336
0.8984539901
0.9147407681
0.9100681678
0.9157286512
0.8919935489
0.8961005955
0.9093665687
0.9073095169
0.8988353881
0.8832901275
0.8693735988
0.8789565411
0.9043427358
0.9092715184
0.8922418581
0.8872457203
0.8823391187
0.8921469222
0.8920394958
0.8813899766
0.8651848352
0.8546026579
0.8596133753
0.8740051258
0.8838060579
0.8640744765
0.8740571859
0.8842613990
0.8740546923
0.8712273763
0.8808920006
0.8775096310
0.8614560461
0.8532161138
0.8472017580
0.8395220766
0.8555547634
0.8736004654
0.8653876764
0.8440378365
0.8684792482
0.8942723472
0.8503005505
0.8164764849
0.8036570373
0.8240402170
0.8445858680
0.8530641862
0.8486914471
0.8332992683
0.8278466366
0.8398368854
0.8390672535
0.8236881461
0.8237854120
0.8303241374
0.8530463326
0.8610591704
0.8598922652
0.8391007350
0.8384538275
0.8492961140
0.8349402085
0.8255433692
0.8108580985
0.8158952309
0.8317679052
0.8195231519
0.7911464738
0.7838399761
0.8004984318
0.8127976756
0.8099281225
0.8121497410
0.8147525773
0.7995277320
0.8108971892
0.8101844299
0.8034140125
0.7923065442
0.8056741595
0.8094458608
0.7887384526
0.7858528632
0.7851763791
0.8096101223
0.8078074156
0.7857404166
0.7781825742
0.7748553527
0.7677304378
0.7673784564
0.7725749995
0.7714846114
0.7648141827
0.7595191722
0.7545015507
0.7591690506
0.7408339385
0.7727030832
0.7862152008
0.7839424857
0.7734264727
0.7560178470
0.7563309069
0.7422311574
0.7347394065
0.7252763642
0.7174016807
0.7301982557
0.7519092084
0.7550552908
0.7467066100
0.7478377303
0.7416360374
0.7188015771
0.7230661109
0.7357845899
0.7248995733
0.7277431349
0.7166398986
0.7236640447
0.7222135190
0.7112907681
0.7143353988
0.7102606288
0.6730148919
0.6624994215
0.6570686100
0.6617018285
0.6633655808
0.6632159889
0.6692789030
0.6727958177
0.6720113467
0.6602577969
0.6416257609
0.6426346863
0.6377728789
0.6255769552
0.5886940247
0.6002915718
0.6012363391
0.5893724909
0.5796557850
0.5708228253
0.5580255008
0.5423546247
0.5309159639
0.5352130690
0.5262594517
0.5038001192
0.4919694333
0.4869678700
0.4768229708
0.4651738255
0.4571767506
0.4507857224
0.4458209393
0.4408104005
0.4153159625
0.4297954477
0.4409238134
0.4445187562
0.4190511520
0.4076434120
0.4109599349
0.4084896697
0.4003128618
0.3860757721
0.3788502284
0.3820916724
0.3900180108
0.4001046363
0.4009718908
0.3943795165
0.4104715290
0.4312602550
0.4314010012
0.4303826457
0.4490105472
0.4457422956
0.4508261109
0.4714269988
0.4458298076
0.4474095382
0.4785148522
0.5107770870
0.5263443855
0.5331478892
0.5441343666
0.5540887313
0.5599743768
0.5612428884
0.5688568113
0.5891074480
0.5945330924
0.6069151087
0.6056216116
0.6117955930
0.6413942601
0.6659031327
0.6613382826
0.6562601689
0.6564673731
0.6780239091
0.6926663227
0.6876232119
0.6793569484
0.6771813101
0.6884251852
0.6999984385
0.6984943670
0.7011094230
0.7193042013
0.7296643011
0.7209540429
0.7157699160
0.7321676254
0.7296418329
0.7193904469
0.7321995350
0.7220337185
0.7163286643
0.7458474878
0.7542437421
0.7215149796
0.7269825777
0.7397264891
0.7524644966
0.7552524139
0.7384207604
0.7367278322
0.7526589181
0.7554040876
0.7566893119
0.7585041817
0.7518280505
0.7715613813
0.7989236704
0.7682900022
0.7354187206
0.7470873082
0.7541517224
0.7704005288
0.7703986137
0.7629953808
0.7581019063
0.7567766181
0.7738318753
0.7958641366
0.8099379343
0.8074812347
0.7975493240
0.7989562720
0.8002393297
0.7868213936
0.7829979610
0.7983611913
0.8122900390
0.8185781404
0.8288138623
0.8231178938
0.8196781052
0.8353750646
0.8236472821
0.8258651478
0.8142784689
0.8156102367
0.8368263844
0.8362652976
0.8003242470
0.7773521056
0.8002207280
0.8292556662
0.8309838710
0.8231641547
0.8010284662
0.8001761701
0.8421299970
0.8373366188
0.8269347583
0.8315684460
0.8227767861
0.8163994485
0.8378828493
0.8525126272
0.8460993431
0.8481579191
0.8406432110
0.8351874945
0.8444845537
0.8601652524
0.8734188973
0.8785336949
0.8703859341
0.8543469434
0.8412688469
0.8313239089
0.8242176778
0.8416921418
0.8620461671
0.8589566606
0.8713613558
0.8711417560
0.8711235893
0.8753774083
0.8712781246
0.8638800917
0.8560660403
0.8466968124
0.8572910352
0.8657158848
0.8822521906
0.9010856585
0.8920097810
0.8956852579
0.9046699621
0.9176537103
0.8956184566
0.8711159917
0.8829895485
0.9056204248
0.8978532358
0.8728474088
0.8762778354
0.8804334786
0.8979047833
0.9085152235
0.9074287599
0.8957997356
0.8899207077
0.8879047764
0.8875218538
0.8959754824
0.9018527559
0.8978501632
0.8990604223
0.8983020100
0.9117128022
0.9150317457
0.8979591563
0.8852860839
0.9169642045
0.9056832443
0.8919943252
0.8847262266
0.8830076700
0.9035989020
0.9264409555
0.9269551978
0.8963156386
0.9060703241
0.9237554005
0.9062302881
0.8952855879
0.8893552514
0.8976609617
0.9007945305
0.9025789893
0.9033258443
0.9047504386
0.9098512055
0.9039055650
0.9422759700
0.9592197096
0.9264920397
0.9324375466
0.9434105428
0.9359684591
0.9168293775
0.9008864253
0.9085325668
0.9296077455
0.9335703474
0.9245380257
0.9227992412
0.9204246456
0.9157949878
0.9154302759
0.9555707398
0.9352273222
0.9114118447
0.9157111538
0.8914098991
0.8935816282
0.9121783974
0.9287771819
0.9349659071
0.9193934250
0.9177167879
0.9283205212
0.9267291130
0.9218738979
0.9309673770
0.9509009337
0.9552177414
0.9357751000
0.9477539479
0.9475437352
0.9226372166
0.9162873467
0.9208179382
0.9022735686
0.9029044671
0.9185219841
0.9190448723
0.9322516454
0.9288838949
0.9188982571
0.9282498565
0.9282451984
0.9161332429
0.9125967275
0.9214089496
0.9383663688
0.9573190149
0.9644319560
0.9550814470
0.9458042118
0.9451010901
0.9610713595
0.9560859543
0.9786594885
0.9408296682
0.9426127746
0.9582632249
0.9471553407
0.9433599472
0.9499890282
0.9519519541
0.9537615620
0.9441860000
0.9414028948
0.9662775886
0.9773875290
0.9629602065
0.9746992624
0.9807503140
0.9597648667
0.9462101292
0.9643207040
0.9621524351
0.9333919317
0.9399222678
0.9657005889
0.9534191022
0.9439123639
0.9640607627
0.9478267163
0.9340159205
0.9330196025
0.9474758606
0.9652975847
0.9701426108
0.9603520897
0.9422146581
0.9296437370
0.9335163156
0.9606162619
0.9857336584
0.9846886800
0.9895623251
0.9805354670
0.9661342228
0.9479699364
0.9585980163
0.9696702999
0.9579889305
0.9451324220
0.9692155437
0.9844471442
0.9674187232
0.9540958096
0.9621042143
0.9701597841
0.9699905761
0.9727260865
0.9705381473
0.9511184752
0.9341742303
0.9673703494
0.9378341077
0.9420767189
0.9755505342
0.9661647769
0.9534788154
0.9547243015
0.9660523407
0.9824358528
0.9883329914
0.9793477538
0.9808832568
0.9994628739
1.0005878689
0.9676558889
0.9413253057
0.9479341166
0.9573355337
0.9714972209
0.9813622910
0.9729062546
0.9581866667
0.9827144158
0.9912778766
0.9586111978
0.9443883394
0.9556550073
0.9568627874
0.9620808383
0.9730967663
0.9738042939
0.9733932568
0.9771921623
0.9637244214
0.9578502405
0.9698470212
0.9572198801
0.9469985268
0.9452286064
0.9531471196
0.9511760580
0.9583072161
0.9931609681
0.9814723145
0.9649638230
0.9699205032
0.9576150654
0.9670170693
0.9645122918
0.9631905630
0.9633972634
0.9758812572
0.9813895354
0.9718438800
0.9610487575
0.9556994028
0.9566274810
0.9589970155
0.9689668340
0.9848396659
0.9696091250
0.9431966913
0.9523979371
0.9763747892
1.0107807245
0.9742258777
0.9640691779
0.9571185326
0.9768801889
0.9892748894
0.9850957807
0.9795985717
0.9795296053
0.9854414599
0.9903926070
0.9768164758
0.9508256098
0.9521348705
0.9717140334
0.9519782884
0.9654642239
0.9739514921
0.9844754201
0.9484832716
0.9486602871
0.9510564214
0.9653030196
0.9804926673
0.9881419927
0.9648556018
0.9469397412
0.9631539917
0.9817999989
0.9829331669
0.9688287646
0.9419743575
0.9334411233
0.9578513774
0.9629349984
0.9658838685
0.9846172220
0.9483943516
0.9495791247
0.9690423535
0.9816945723
0.9709142524
0.9705374147
0.9676055008
0.9679536799
0.9729740460
0.9619534782
0.9539883706
0.9678617473
0.9773061160
0.9618743729
0.9634974152
0.9836839278
0.9665634320
0.9585961357
0.9663595919
0.9759903712
0.9785291345
0.9640646044
0.9814515389
0.9728549854
0.9700044186
0.9705110008
0.9714360410
0.9803275121
0.9778240293
0.9856829387
0.9931212636
0.9757866655
0.9656259250
0.9817328118
0.9942999019
0.9945735437
0.9932237224
0.9808586020
0.9761837979
0.9895616296
1.0042128411
0.9687327347
0.9722825277
1.0002670734
1.0079585289
0.9953692118
0.9891295743
1.0056453800
0.9930200528
0.9700567642
0.9578359257
0.9530320905
0.9771661455
1.0153281800
1.0267634108
1.0133010799
0.9892820819
0.9697732237
0.9881005937
1.0093767205
0.9917065352
0.9905023679
0.9979419231
0.9755800505
0.9760669670
0.9781013626
0.9464476153
0.9455222896
0.9650352620
0.9740678491
0.9585147875
0.9571328489
0.9510842709
0.9476536641
0.9569095767
0.9669545849
0.9920573521
0.9959801000
0.9694510794
0.9509663636
0.9720418746
0.9640139724
0.9342070826
0.9374243472
0.9611730415
0.9694460427
0.9660691024
0.9643205389
0.9657680634
0.9763708707
0.9501462382
0.9460458452
0.9580193892
0.9491246110
0.9456315363
0.9583210072
0.9645945269
0.9663847479
0.9608889654
0.9564303917
0.9552139418
0.9480454788
0.9677089562
0.9667894577
0.9542895459
0.9630786066
0.9694540339
0.9654965126
0.9688018912
0.9733220343
0.9561571826
0.9467087856
0.9604387503
0.9834738931
0.9951475221
0.9937056938
1.0017828198
1.0068017353
0.9760744047
0.9704309815
0.9772450115
0.9855341079
1.0030225650
0.9879275575
0.9869952635
0.9797530719
0.9692916352
0.9902328843
1.0019252071
0.9848817358
0.9819410243
0.9932632851
1.0112371179
1.0130614346
1.0157223085
1.0184983147
0.9964202764
0.9978902616
0.9987023814
0.9700259842
0.9991396693
1.0318341456
1.0090415597
0.9795423348
0.9726598582
1.0214086547
1.0117610195
0.9987766107
1.0048685698
0.9938395336
0.9800393867
0.9866407180
1.0017536781
1.0031692440
0.9898610576
0.9800183099
0.9894497371
1.0136390911
1.0174927935
0.9678176547
0.9398596128
0.9769979077
0.9932400989
0.9633532253
0.9538803406
0.9800496032
0.9892004661
0.9792368771
0.9678190695
0.9549660043
0.9769975339
0.9976967445
0.9942913293
0.9779793349
0.9599359759
0.9636131109
0.9964136373
1.0226049595
1.0285283127
1.0187831751
0.9879300674
0.9730366555
1.0056186831
0.9801115228
0.9938073515
1.0094410161
0.9991106436
0.9948455826
1.0226572921
1.0179783222
1.0159230711
1.0054694470
0.9811532079
0.9763288703
0.9873236411
0.9955402708
0.9985710249
0.9882634048
0.9826758512
0.9912792249
0.9935987585
0.9992411121
1.0122027767
1.0152305809
1.0227661288
1.0068046169
0.9980513910
0.9974825590
1.0097345484
1.0183625587
1.0255625227
1.0115505903
1.0253144421
1.0252323231
1.0088876778
1.0090129935
1.0092028090
1.0100926430
0.9971720404
0.9926094557
1.0204222726
1.0291737856
1.0060525919
0.9975769194
0.9834864774
0.9782702399
0.9884200683
0.9953745827
1.0010649359
1.0006145372
1.0016093928
1.0039004100
1.0069448902
1.0120072114
1.0148632307
1.0137963404
1.0017984467
0.9940818652
1.0124646932
0.9991803167
0.9970810495
0.9946241267
1.0011056586
0.9817613869
1.0079388431
1.0153650477
1.0122510829
0.9989686678
1.0031059551
1.0211875686
1.0257833312
1.0067542325
0.9928035525
0.9952561323
0.9986223207
0.9960376962
0.9918103785
0.9912967430
1.0003855362
1.0062408290
0.9954367678
0.9939646003
0.9919805797
0.9816018981
1.0083204703
0.9938778153
0.9601275710
0.9696535094
0.9901597504
0.9932712012
0.9893576810
0.9890976191
1.0091940195
1.0199562080
0.9944518998
0.9687766652
0.9707183056
0.9786007581
0.9802023330
0.9686813195
0.9551448579
0.9825217513
1.0125456662
1.0126571547
0.9954915050
0.9815199445
0.9671098114
0.9830192039
1.0037257836
0.9994697450
1.0067375163
1.0010706093
0.9828611650
0.9828801885
0.9793383415
0.9818763372
0.9956527520
0.9883721301
0.9811732137
0.9728167182
0.9820064747
0.9972136190
1.0110654062
1.0006830079
0.9683829135
0.9431838268
0.9833700231
0.9955208580
0.9989569765
0.9966263449
1.0093487752
1.0077201342
0.9974443721
0.9690683468
0.9593648310
0.9570796244
0.9601214961
0.9956010331
1.0058285008
0.9992531559
1.0054031934
1.0133626714
1.0020030640
0.9889838070
0.9907330455
0.9850451740
1.0002716566
1.0016344635
0.9944407916
0.9858326334
0.9757843525
0.9849899192
1.0028163273
1.0073909961
0.9945147710
0.9870182684
0.9862773392
0.9854735524
1.0092581834
1.0331346322
1.0028194027
0.9735041199
0.9904804734
1.0219615969
1.0354313903
0.9904283701
0.9769236381
0.9987663250
1.0032429340
1.0306575913
1.0401750099
1.0201988935
1.0062376525
1.0029367246
0.9979843564
0.9887969244
0.9952289640
1.0181059426
1.0171262793
0.9932873437
0.9879704558
0.9933635388
0.9898825819
0.9786095234
0.9915189171
0.9822641304
0.9517309041
0.9907982731
0.9859442316
0.9531552279
0.9777907351
1.0009164278
1.0110487225
1.0153177178
1.0039643206
1.0028080286
1.0051474922
0.9838532698
0.9789879343
1.0067572265
1.0222558031
1.0084549588
0.9864370939
1.0173915299
1.0108085698
1.0166846386
1.0078859013
0.9958306078
1.0095931231
0.9938480270
0.9853618422
0.9822936041
0.9897693424
0.9929026817
0.9985111792
1.0025190323
0.9914316575
0.9929041039
1.0042614518
0.9898724861
1.0055018606
1.0029671435
1.0061971448
1.0159413435
0.9964684810
0.9658685832
0.9568000323
0.9883416635
1.0023429190
0.9822578327
0.9669335692
0.9562837137
0.9581536376
0.9797932966
1.0023699087
1.0097024137
1.0090192016
1.0105808772
1.0079575956
1.0021710095
1.0073655253
0.9877478903
0.9650890787
0.9784100054
1.0059779001
0.9836485648
1.0000789342
0.9924195363
0.9568911847
0.9748719944
0.9827966136
0.9786415812
0.9918297126
0.9985847234
0.9809030674
0.9671875855
0.9758673997
0.9873572136
0.9865037606
0.9773491314
0.9678781267
0.9784893052
0.9825569810
0.9756077392
0.9768156289
0.9643842239
0.9859562231
0.9903153608
1.0046069563
0.9778866314
0.9768201230
0.9811451938
0.9991885558
1.0186004123
1.0126413980
1.0081378985
1.0088426120
1.0046180628
1.0052274535
1.0024405958
1.0091521623
1.0048398729
0.9999173851
0.9940778087
0.9757867564
0.9955973023
0.9992671091
1.0063423166
1.0049784464
0.9974910831
1.0028538459
1.0156564683
1.0155446044
0.9887998097
0.9675598625
0.9751758012
1.0014262518
1.0155630375
1.0036312207
0.9943674034
1.0051069707
1.0173182774
1.0288579028
1.0353046277
1.0417155306
1.0417089139
1.0332040506
1.0216320185
1.0122647191
1.0095848522
1.0013842566
1.0057150262
1.0088646056
1.0124405533
0.9944472467
0.9618690409
0.9580562271
0.9736781347
0.9868863061
1.0104940366
1.0097330070
0.9820421004
0.9684218128
0.9685564129
0.9980992473
1.0000154574
0.9939896523
0.9899170628
0.9832650464
0.9953224677
1.0044024022
0.9825182847
0.9646247709
0.9673386232
0.9804767839
1.0135592709
1.0270889859
1.0209452516
1.0207759542
0.9937854720
0.9823385943
1.0259869254
1.0747148167
1.1359377416
0.9938857451
1.0089210491
1.0021669907
1.0089319737
1.0138129557
1.0038522182
1.0135035663
1.0201283065
1.0266446474
1.0015250025
0.9934006675
0.9882564880
0.9785814277
0.9755800377
0.9819447849
1.0066266692
1.0059994234
0.9747544743
0.9800200683
1.0128420998
1.0097012344
1.0305111134
0.9916153536
1.0268181780
1.0275657116
0.9896771564
0.9718247330
0.9984012232
1.0082777861
0.9990240218
0.9887448950
1.0006058006
1.0074463479
1.0037413366
1.0100549965
1.0158517871
1.0278017301
1.0371372679
1.0219028210
1.0005112560
1.0131141152
0.9936931077
1.0205511440
1.0101167938
0.9861562258
1.0166144884
1.0066429174
1.0094162413
1.0044370485
1.0067042395
1.0176269278
1.0218381825
1.0059702483
1.0009278961
1.0039441747
0.9883370161
0.9872766492
0.9803540889
0.9862105409
1.0160159935
1.0073558144
0.9979237227
0.9624991352
0.9774120777
0.9712572626
0.9836710766
0.9890700393
1.0050837242
0.9705491842
0.9640377845
0.9927260554
1.0186255657
1.0224614818
1.0046476793
0.9987711560
1.0266051036
1.0362516444
1.0002153194
0.9972623420
1.0182228117
1.0016608986
0.9747530849
0.9702845309
0.9927311345
1.0072681318
1.0011342900
1.0171126278
1.0354095378
1.0329379421
1.0207512060
1.0142043517
1.0096388263
0.9876886606
0.9725466987
0.9781982115
0.9755587629
0.9710327609
0.9815873041
0.9974079661
1.0190718659
1.0132868383
0.9990464939
0.9873415292
0.9904282334
0.9920752354
0.9969463926
1.0097484174
1.0226449127
1.0128339311
1.0132790347
1.0075832039
1.0136263101
1.0145393692
0.9990939849
0.9989602786
1.0116846596
1.0197931208
1.0285843186
1.0045141638
1.0004533046
1.0038921751
1.0107546139
1.0237618369
1.0138962367
0.9960930145
0.9804783086
0.9799935122
0.9783272022
0.9883358073
1.0002501318
0.9924239002
1.0045613801
1.0072937945
1.0160290034
1.0317600595
1.0058375864
0.9873416911
1.0048115367
1.0051137900
1.0109267646
0.9976982518
0.9848369753
0.9852499054
1.0278691747
1.0139231277
1.0018980622
1.0226831739
1.0150783082
1.0030465386
1.0061082337
1.0058981802
1.0068624024
1.0095553797
1.0001087999
0.9953091611
1.0087163696
1.0108154865
0.9989546300
0.9991522163
0.9932671239
1.0107614515
1.0300762071
0.9925831478
0.9959807283
1.0008795835
0.9846790570
0.9843381691
0.9889134409
1.0040684870
1.0127210869
1.0162787271
1.0142095102
0.9985115073
0.9922517003
1.0011266154
1.0024027374
1.0078172366
1.0151003893
0.9835985337
0.9793779180
0.9902618507
1.0120774519
1.0229596460
0.9915392688
0.9711882432
0.9849993669
0.9770253014
0.9823122238
0.9811018387
0.9775628497
0.9859259483
0.9828112653
0.9984186434
1.0218924275
1.0323748843
1.0269844042
1.0046807450
0.9937831019
0.9911714947
1.0201095754
0.9960038464
0.9853440722
0.9828683789
0.9653772697
0.9750596793
0.9685411961
1.0163042126
1.0008210489
0.9879146421
0.9986011303
1.0370878700
1.0127077921
0.9818745557
0.9973668957
1.0122040540
1.0161781358
1.0164583839
0.9904345370
0.9760557308
0.9809636252
1.0001632177
0.9962916573
0.9733511670
0.9894279192
0.9910520207
0.9899868345
0.9967977774
1.0119961180
1.0252122773
1.0106979333
0.9896897542
0.9863353526
0.9866944090
0.9872360340
0.9819407092
0.9709810954
0.9766898839
0.9856926577
0.9687197222
0.9578619965
0.9519302299
0.9730243829
0.9774198956
0.9373471520
0.9477919985
0.9785366887
0.9694768887
0.9860502164
0.9794446323
0.9980810364
1.0194004369
1.0019003180
0.9922966658
1.0043280518
0.9990044338
0.9857094557
0.9770326695
0.9652282296
0.9710309639
0.9506218582
0.9898216185
0.9695082039
0.9658169963
0.9816426709
1.0014730389
1.0084673686
1.0139377444
0.9881550399
0.9770734553
0.9705567870
0.9739419290
1.0084367829
1.0195234476
1.0067330841
1.0038854767
0.9981422725
0.9900880512
0.9918424098
0.9766953407
0.9727273227
0.9830234146
0.9995376464
1.0027210815
1.0121162519
1.0374853473
1.0380201868
1.0136198074
0.9997741341
0.9925656540
1.0128869748
0.9913489175
0.9802252706
1.0002780702
1.0086474297
1.0006083351
0.9895796242
0.9923985429
1.0167848987
1.0212042731
1.0133109802
0.9991458134
0.9678868478
0.9460779431
0.9634002917
0.9885259590
0.9884798149
0.9768840447
0.9812167519
0.9994379294
1.0151520828
1.0059353618
1.0008618506
1.0063285038
1.0117395856
1.0025903761
0.9935863464
0.9940936863
0.9898573497
0.9989911782
1.0213575603
1.0376181920
1.0355243014
1.0174001435
0.9979300438
1.0115642349
1.0001824456
1.0332809530
1.0370417048
0.9967952917
0.9900770442
1.0056111845
1.0098411647
1.0027853626
1.0026331567
0.9812298939
0.9780370344
1.0123180636
1.0095220114
0.9913938170
0.9916423735
0.9834290989
0.9870597701
0.9856824904
1.0077158256
0.9958738693
0.9943580953
0.9905809081
0.9841642756
0.9970716754
0.9762249348
0.9796087877
1.0065953803
1.0076217038
1.0034063587
1.0033278841
0.9979048233
0.9952340713
0.9859453425
0.9771302415
1.0088019768
1.0309267801
1.0168758894
0.9946989603
0.9997075029
1.0101271626
1.0008980242
0.9866776193
0.9750941478
0.9847180533
1.0000391053
1.0253037548
1.0317758099
1.0047729296
0.9844705841
0.9963249634
1.0172567582
1.0259932030
1.0222200147
1.0062664617
0.9908648111
0.9967913632
1.0202893570
1.0136555720
0.9978804979
0.9895321393
0.9926308212
0.9942719267
0.9885276418
0.9950891087
0.9917576776
1.0044537056
1.0010550649
0.9960565597
1.0029651656
1.0094362972
1.0091789747
1.0053845909
0.9938473758
0.9805379876
0.9865937774
0.9918148598
0.9728886205
0.9731236793
0.9740194700
0.9595108788
0.9786750032
0.9926027615
0.9968682478
0.9982512449
0.9874623352
0.9842950046
1.0002237864
1.0159216968
1.0016589543
0.9894500747
0.9909379161
1.0010339329
1.0098425764
0.9915044477
0.9855092397
1.0054272551
1.0048507800
0.9980366136
1.0000556557
1.0113945397
0.9981164511
1.0121549841
1.0168634819
0.9954452628
0.9938463263
0.9857684630
0.9946186834
1.0005938105
1.0059446436
1.0060092088
0.9978524681
0.9914968095
0.9871873509
0.9932674176
1.0178691266
1.0237422385
1.0118142498
0.9976278201
1.0051020679
1.0090859152
0.9961409694
1.0082398280
1.0098907951
1.0040011763
1.0308085116
1.0106704782
1.0116001003
1.0254071036
1.0248670287
1.0012954828
0.9834477528
1.0010955066
1.0367192510
1.0479382841
1.0281543669
1.0079083254
0.9791464166
1.0066031991
0.9991903682
1.0102081527
1.0528413262
1.0327840007
0.9919798131
1.0116129309
1.0060183340
0.9754246643
0.9850221923
0.9841740193
0.9767791374
0.9762369686
0.9787765718
0.9868425018
0.9980372328
1.0055648888
1.0040078187
0.9923521809
0.9895830246
0.9515711560
0.9696795585
1.0240028282
1.0347411592
0.9803115546
1.0025243856
1.0375597339
1.0190079063
1.0353436031
1.0295016394
1.0404827131
1.0226289010
0.9933889535
0.9909111813
0.9898388462
0.9902977289
1.0173232328
1.0318431330
1.0115612327
1.0135387740
1.0309322271
1.0158695995
0.9891303888
0.9879738806
1.0007018837
0.9836977676
1.0143047827
1.0057504789
0.9959119270
0.9807592217
0.9967806810
1.0118652970
1.0056406988
0.9941213738
0.9833013267
0.9855848652
0.9952180682
0.9877005979
0.9973454223
1.0098179882
1.0139515230
1.0310142316
0.9791977459
0.9788607922
1.0038782768
1.0261406961
1.0088470940
0.9851145025
0.9827139181
1.0026530797
1.0172548622
1.0250995191
1.0200621919
1.0042561089
0.9973700111
0.9884647568
0.9704626260
0.9800943519
1.0033801708
0.9994865012
0.9960584550
0.9555635147
0.9704071787
1.0069947097
0.9856681723
1.0009615414
1.0250654840
1.0069429964
0.9913475668
0.9938512882
0.9982985453
0.9998253376
1.0066692367
1.0033723171
0.9837777121
0.9781093923
0.9914865992
0.9964083667
0.9964726727
0.9903448012
0.9880146645
0.9861810120
0.9543657531
1.0070495960
0.9865544162
1.0061295852
0.9981942479
0.9935804153
0.9896148691
0.9758439079
0.9722660859
0.9800987700
0.9881061886
0.9982623691
1.0029925062
1.0057488220
0.9937652569
0.9653678288
0.9876954114
1.0170724135
0.9926753670
0.9948238740
0.9977351612
1.0259300917
1.0110251093
1.0021367969
1.0036541220
1.0051667961
1.0021805626
0.9668173731
0.9969159857
1.0254411198
1.0065883895
0.9738833553
0.9632500124
0.9871426693
1.0051684178
0.9905024365
0.9903690551
0.9866983812
0.9905028438
1.0002674286
0.9838765240
0.9952240090
0.9923470703
1.0055701912
0.9935107145
1.0003751428
1.0110877080
1.0023904072
0.9925620977
0.9965474546
0.9925285466
0.9877358311
0.9941945698
0.9922569509
0.9813121934
0.9833459561
0.9985799378
1.0220101099
1.0187565691
1.0183463873
1.0050258683
0.9791516580
0.9438577981
1.0078259701
1.0017612616
1.0053142761
0.9869049659
0.9430712585
0.9375032293
0.9581991002
0.9714776435
0.9749645048
0.9726456835
0.9754672538
0.9947260374
1.0066133866
0.9888043417
0.9791757675
0.9958648844
1.0004121858
0.9922786556
0.9718636326
0.9988587149
0.9999697010
1.0029863163
1.0022801671
0.9961343367
0.9990644861
1.0022932192
1.0101807422
1.0203058052
1.0034540814
0.9823848907
0.9813581310
0.9926127020
1.0053722638
0.9986117774
0.9807881318
0.9847770978
0.9919899184
0.9995119039
0.9658755143
0.9763285378
0.9922602769
0.9669142679
0.9857107566
1.0089891453
1.0231940085
1.0096709560
0.9768343287
0.9644349900
0.9688033038
0.9715435885
0.9727514774
0.9804767882
0.9959767444
1.0104021975
1.0106805242
0.9882544229
0.9730201308
0.9916161393
0.9805816525
0.9925089543
0.9830112447
0.9853448785
0.9699854188
0.9799077321
0.9875093257
1.0039249470
1.0033927458
0.9844267253
0.9670262384
0.9776385946
0.9929135890
1.0012305696
1.0193087112
1.0255601068
1.0079317435
0.9836049560
1.0043981115
1.0089598364
0.9923958955
0.9957201683
0.9960175004
0.9874163854
0.9563624965
0.9588121051
0.9702562698
0.9754440551
0.9770716510
0.9771709606
0.9748634167
0.9800557393
0.9831384344
0.9669930563
0.9569623025
0.9834133747
1.0020181300
0.9724357170
0.9826365755
1.0081296820
0.9836902306
0.9908268754
0.9508758522
0.9707655873
0.9874513843
0.9716646952
0.9691339975
0.9811828275
0.9753420630
0.9701377063
0.9874390856
0.9899937194
0.9794335051
0.9731393356
0.9463931722
0.9328625412
0.9726708552
0.9685546569
0.9613066454
0.9583120147
0.9714118906
0.9681907644
0.9943973279
1.0167053005
0.9922802054
0.9900086731
0.9712167417
0.9466666651
0.9715953380
0.9848386867
0.9650753357
0.9649974348
0.9856883180
0.9933523392
0.9796833622
0.9588080933
0.9566697195
0.9634481102
0.9634544191
0.9904095568
0.9745333592
0.9907295493
1.0127892103
1.0124521620
0.9962527045
0.9867908896
1.0011564016
1.0032716978
0.9932114134
1.0020436845
0.9950279278
0.9966827311
1.0068157007
0.9995972972
0.9823678974
0.9760664044
0.9944259794
1.0080429525
1.0018743144
1.0039505205
0.9928774934
0.9831457157
0.9779378459
0.9885502251
0.9756297732
1.0074083377
0.9789409626
0.9690627036
0.9765887309
0.9985545834
0.9942362891
0.9851200086
0.9884893601
1.0026992834
1.0146440520
1.0020775167
0.9728417327
0.9541644460
0.9878553320
1.0024250330
0.9876111776
0.9980217166
0.9863322291
0.9879968738
0.9596880504
0.9703352559
1.0020721049
1.0130407374
0.9806139684
0.9778898075
0.9884228263
0.9971422859
0.9899673081
0.9762951616
0.9885000103
1.0032096591
0.9929721371
0.9934486838
0.9876921815
1.0084628438
0.9866382253
0.9616208662
0.9665542324
0.9870549943
0.9825792652
1.0037706768
0.9815883965
0.9907528408
1.0036745639
0.9976218803
0.9764242697
0.9788148444
0.9861373578
0.9782863830
0.9766574999
0.9855377101
0.9868623740
0.9871780414
1.0026666933
0.9802941442
0.9728727122
0.9756854514
0.9979321886
1.0048660379
0.9735267130
0.9965195036
1.0045159224
0.9834032949
0.9897436169
1.0036134288
1.0168851710
1.0164589836
0.9943482891
0.9765292991
0.9822553249
0.9934558324
0.9963839900
0.9947719704
0.9820336769
0.9855515405
1.0140293073
1.0136217137
0.9850636648
0.9772198116
0.9993744408
0.9648775252
0.9923674941
0.9864104455
1.0005059259
1.0042870043
0.9799155681
0.9825872543
1.0131233538
1.0266623308
1.0159171083
1.0068823253
1.0082009950
1.0056970468
0.9979869982
0.9941327917
1.0160775478
1.0252355898
1.0098540153
0.9699183203
0.9836941578
0.9952176409
0.9766173735
0.9873527272
1.0002604289
1.0136988888
1.0070640501
0.9805784657
0.9528179921
0.9510365895
0.9813358513
0.9945511442
0.9840394091
1.0039483212
1.0078879397
1.0137853574
1.0122392295
0.9991043273
0.9729750520
1.0000685480
0.9821756538
0.9978088570
1.0059122113
1.0011014327
1.0039193437
1.0065662099
0.9912797794
0.9872813823
0.9917568532
0.9945513684
0.9806210266
0.9680847653
0.9736693040
0.9753312398
1.0067238632
0.9891108079
1.0018203351
1.0113701431
0.9643109458
0.9955000822
1.0116556700
1.0179907756
1.0026486878
