#flux
0.9688312597
0.9554610832
0.9493132795
0.9390250389
0.9298702568
0.9312264718
0.9317058057
0.9507256375
0.9798648440
1.0044714097
1.0151648730
1.0192512174
1.0263627414
1.0151624455
0.9703103749
0.9581485411
0.9656403739
0.9923541383
1.0160008337
1.0144730856
0.9912118275
0.9571300684
0.9209593795
0.8903475684
0.8588382917
0.8152224829
0.7757771985
0.7427944414
0.7461004195
0.8013153815
0.8767452048
0.9362293083
0.9753295857
0.9658402203
0.9959330056
1.0035143136
1.0078735966
0.9998332844
0.9802686707
0.9669512005
0.9617100579
0.9552629897
0.9501640023
0.9452562779
0.9306155600
0.9250638029
0.9468784005
0.9845141970
0.9847958769
0.9706913091
0.9739189521
0.9662705328
0.9567405961
0.9550498342
0.9662125518
0.9573091584
0.9636002912
0.9651472828
0.9606517972
0.9670000043
0.9768791824
0.9802077067
0.9799528818
0.9712262534
0.9587797566
0.9554738241
0.9192238794
0.8637966903
0.8049055776
0.7290014714
0.6592803364
0.6542559192
0.6878719695
0.7731109063
0.8694084883
0.9426410590
0.9729339381
0.9570033432
0.9258992718
0.9024685072
0.8886501566
0.8939108456
0.9161806775
0.9303697424
0.9275235668
0.9200954168
0.9207761102
0.9351694277
0.9301588557
0.9067584900
0.8920290284
0.8866678836
0.8781546572
0.8773998126
0.8920705743
0.9081102554
0.9018283619
0.8643116757
0.8018974586
0.7282487121
0.6636208901
0.6287451867
0.6331492604
0.6935691610
0.8062449419
0.9167695499
1.0008980503
1.0246952026
1.0100519365
0.9926818808
0.9784484939
0.9442310800
0.9006402738
0.9003045741
0.9057844493
0.9400583546
0.9551844198
0.9621226854
0.9730778386
0.9859925675
0.9940985664
0.9954425976
0.9939376057
0.9847647055
0.9777395710
0.9897904926
0.9858100570
0.9804446098
0.9776834164
0.9751628956
0.9702936695
0.9423936777
0.9046123679
0.8886391058
0.8398751676
0.8339876116
0.8419671565
0.8716961097
0.9151878943
0.9428875623
0.9500518727
0.9582788076
0.9761532170
0.9867172894
0.9814433542
0.9721543719
0.9611883292
0.9512442978
0.9464131037
0.9452941319
0.9613539095
0.9745132227
0.9849315862
0.9978108017
0.9977632992
0.9991718271
0.9670026127
0.9176402831
0.8864611552
0.8653774098
0.8530468199
0.8637620437
0.8926767792
0.9224401487
0.9511558687
0.9781047764
0.9862132900
0.9733822556
0.9455148904
0.9188790056
0.9375840996
0.9353456147
0.9378630808
0.9337432728
0.9042710401
0.8737342817
0.8540032246
0.8551423415
0.8763449178
0.8997857661
0.9320153903
0.9626382864
0.9787294938
0.9848707834
0.9869321642
0.9870682703
0.9815291168
0.9709002906
0.9675560256
0.9607783582
0.9722233206
0.9748241053
0.9755351179
0.9777094684
0.9772139164
0.9722110267
0.9592739197
0.9341288042
0.8995984548
0.8636905649
0.8237857987
0.7727317056
0.7100519672
0.6401007515
0.5682329131
0.4981604209
0.4271045750
0.3534082828
0.2913675693
0.2545374394
0.2289700484
0.2195662352
0.2154671459
0.1953525789
0.1898441969
0.1971857910
0.2040168026
0.2057224702
0.2146858297
0.2385952579
0.2705603938
0.3097708068
0.3521113775
0.4135113361
0.4981704582
0.5814073045
0.6704867486
0.7659837623
0.8308675492
0.8613397796
0.8726507708
0.8672132034
0.8560255085
0.8480850341
0.8399498283
0.8374895544
0.8571176047
0.8792483454
0.9075952867
0.9143777592
0.9151680250
0.9313642827
0.9513269836
0.9833140206
1.0191919825
1.0158428777
0.9967504230
1.0119505224
1.0217445348
1.0099138594
0.9965024708
0.9901673386
0.9860306752
0.9774648349
0.9598843568
0.9321186183
0.8997596646
0.8628455664
0.8341571141
0.8240961660
0.8426920303
0.8789386753
0.9012265515
0.8986269144
0.8904197551
0.8934209478
0.9084526852
0.9322109460
0.9563112619
0.9710434317
1.0047085470
1.0038897859
1.0077236943
1.0137447661
1.0120827549
1.0106524896
0.9989674121
0.9740531308
0.9645441551
0.9792680822
0.9869803433
0.9860698846
0.9960350819
0.9989830164
0.9915544433
0.9946851301
0.9961260085
0.9875357611
0.9838501432
0.9971875355
1.0044848826
0.9802253573
0.9732664512
0.9807265216
0.9987350893
1.0056950255
1.0075068924
1.0178762504
1.0229470211
1.0270797279
1.0364517936
1.0394280766
1.0313773719
1.0261067889
1.0207787546
1.0072292881
1.0078733453
1.0304500222
1.0418823241
1.0390574299
1.0036613035
0.9909164514
1.0042092347
0.9809066252
0.9318305031
0.9158808717
0.8879677656
0.8404508526
0.7778387586
0.7075549673
0.6845540156
0.7075347704
0.7540007465
0.8125048399
0.8694723154
0.9111352992
0.9364481327
0.9524215306
0.9592777074
0.9529202021
0.9371316941
0.9188378735
0.8914059601
0.8762129262
0.8854969166
0.9005770763
0.9255448987
0.9528300066
0.9672823608
0.9736727309
0.9793851881
0.9696536319
0.9468389143
0.9148632769
0.8956053112
0.8883843224
0.8741757933
0.8760015287
0.8958642056
0.9135100579
0.9076394492
0.8831875141
0.8790346553
0.9235457181
0.9755005309
0.9997091309
1.0177916464
1.0071525366
0.9989689811
0.9946705869
0.9957717882
0.9986841699
0.9935289244
0.9874773239
0.9974928295
1.0142334966
1.0116816962
0.9988854571
0.9958702008
0.9757078846
0.9606539518
0.9600302837
0.9648871696
0.9741151788
0.9850634604
0.9583310060
0.8846273939
0.7737910310
0.6393503033
0.5251580563
0.4820917898
0.5135927200
0.6059243418
0.7204539587
0.8232108603
0.8978952349
0.9465780156
0.9800314079
0.9918493501
0.9924632113
1.0009514584
1.0063642955
1.0009091720
1.0082633346
0.9923769358
0.9898922464
0.9619570118
0.9328112457
0.9172307446
0.9241043194
0.8863351621
0.8068936113
0.7163649785
0.6471938321
0.6302663337
0.6707383421
0.7523000130
0.8434937578
0.9125906244
0.9663751939
0.9859289504
0.9694374087
0.9558873100
0.9238629894
0.8512938718
0.7423324297
0.6436321028
0.5966087742
0.6018378545
0.6448994715
0.7245643436
0.8155807189
0.8841614551
0.9364090410
0.9734785776
0.9911323807
0.9993578285
1.0010379076
0.9977718122
0.9987482052
0.9860949517
0.9599845964
0.9622154165
0.9847780918
0.9712653611
0.9780289304
0.9607557648
0.9462901545
0.9257541007
0.9209499306
0.9251279394
0.9270509830
0.9256665126
0.9324052689
0.9448249217
0.9508001905
0.9507697297
0.9511341504
0.9511870912
0.9525633936
0.9614702852
0.9774187123
0.9956952006
1.0034408497
0.9923147792
0.9937198622
1.0001855602
0.9952300541
0.9772305647
0.9602957438
0.9590164089
0.9803938844
1.0076627789
1.0079374975
1.0051849180
1.0169048847
1.0261896870
1.0243059408
1.0133552084
1.0087744876
1.0200087982
1.0264237420
1.0389355159
1.0382077250
1.0133032215
0.9920398670
0.9928838535
0.9985017636
0.9909876906
0.9826771912
0.9692231882
0.9506067043
0.9342921751
0.9323450709
0.9500664312
0.9766174325
0.9837365957
0.9699493314
0.9636190356
0.9660452491
0.9744975697
0.9889415508
0.9965135645
1.0029766202
0.9923850310
0.9987773667
0.9940842317
0.9784542862
0.9884376752
0.9820642222
0.9636897603
0.9452214358
0.9309036258
0.9241932069
0.9288501540
0.9412474813
0.9545206116
0.9673325935
0.9762337767
0.9765147873
0.9777505145
0.9781242486
0.9577700930
0.9125777308
0.8711061815
0.8541574484
0.8205384708
0.7769861809
0.7307223031
0.6876807165
0.6721020157
0.7010916156
0.7662502668
0.8459687631
0.9104785500
0.9411527687
0.9488244539
0.9524741498
0.9529101833
0.9553662721
0.9726476406
0.9741272144
0.9579435508
0.9420774627
0.9278376628
0.9117276303
0.9093166336
0.9316554600
0.9622053184
0.9794311155
0.9873566929
0.9903753793
0.9735874904
0.9643408992
0.9551844014
0.9378664642
0.9212754726
0.9115948158
0.9142336422
0.9255308177
0.9314812197
0.9347615156
0.9390208793
0.9367471227
0.9364916798
0.9520921331
0.9661796803
0.9736255800
0.9623015339
0.9531020122
0.9293650792
0.9152807030
0.9253254340
0.9425951496
0.9489214140
0.9566924648
0.9766730264
0.9972338195
0.9990340215
0.9830672728
0.9794818165
0.9901872325
0.9799986767
0.9606328622
0.9306215669
0.9147072080
0.9125432677
0.9509871286
0.9539847709
0.9647005490
0.9876978371
1.0193510372
1.0368687799
1.0283101005
1.0125410143
0.9919682586
0.9704939995
0.9656945903
0.9641458863
0.9413132191
0.9171656220
0.9027667375
0.8830455175
0.8918350515
0.9145744257
0.9471172556
0.9847232055
1.0117996163
1.0299886058
1.0068325118
0.9994346550
0.9807865453
0.9048196745
0.8012387869
0.7141776324
0.6656991607
0.6808984091
0.7564145635
0.8458722578
0.9156895437
0.9584386711
0.9756751459
1.0001325359
1.0026863088
1.0061850557
0.9974131976
0.9726496429
0.9603389167
0.9563136168
0.9578926235
0.9616535042
0.9663874418
0.9672532190
0.9736978350
0.9910738329
0.9894561387
0.9771641314
0.9869197569
0.9894997575
0.9696622974
0.9744725410
0.9890294598
0.9991160167
0.9885732087
0.9931439742
0.9918406219
0.9801889006
0.9735721317
0.9723893649
0.9815529904
0.9923361168
0.9930835335
0.9877029276
0.9811925862
0.9786216979
0.9838358305
0.9926463917
0.9942796071
0.9785996219
0.9585704233
0.9519923742
0.9411575620
0.9212320104
0.9017188955
0.9067226403
0.9111776082
0.9172131642
0.9405358514
0.9611445599
0.9870253593
1.0098321121
1.0060498297
0.9866450268
0.9665954470
0.9619598191
0.9535499115
0.9418804604
0.9508735315
0.9671145119
0.9726892309
0.9827021335
0.9926137450
0.9924473377
0.9864102411
0.9919702774
0.9954992916
0.9812759318
0.9861953398
0.9902060199
0.9792859064
0.9729995164
0.9784081577
0.9856963658
0.9757649577
0.9746431432
0.9689216543
0.9473286168
0.9205123841
0.9017808708
0.8990485360
0.9054194420
0.9090583532
0.9168200077
0.9268548609
0.9285231877
0.9529016865
0.9764731754
0.9697376329
0.9670876568
0.9765768060
0.9729946212
0.9681084147
0.9680814984
0.9612927431
0.9615214157
0.9393841696
0.9062626273
0.8706324184
0.8432931631
0.8324810212
0.8182811680
0.7956427394
0.7491226744
0.6468048304
0.5488825202
0.5047717174
0.5018921097
0.5667120167
0.6695037734
0.7730453043
0.8522452388
0.8984698140
0.9199533275
0.9174674081
0.9058107714
0.9090393270
0.9154246326
0.8906225311
0.8145110171
0.7047334662
0.6004215922
0.5378236698
0.5420748996
0.5992248774
0.7029091158
0.8369719751
0.9168359819
0.9297429169
0.9624579954
0.9707140485
0.9808003685
0.9889693192
0.9728803451
0.9643391581
0.9795623922
0.9892412221
0.9882397812
0.9891010894
0.9756282169
0.9529585917
0.9441282588
0.9400692826
0.9327949422
0.9097781192
0.8930182917
0.9001978556
0.9276098629
0.9475083445
0.9690579945
0.9709143044
0.9859100788
0.9753321470
0.9404399543
0.9042803085
0.8901412159
0.8849347805
0.8822462207
0.8860015473
0.8888977117
0.8919221019
0.9030158108
0.9179881376
0.9373014594
0.9590678791
0.9648223501
0.9594283123
0.9579736395
0.9876143469
0.9802868395
0.9719660695
0.9817352633
0.9755374326
0.9640495019
0.9334072684
0.9148609786
0.9214666276
0.9361801796
0.9437243466
0.9459282340
0.9291156420
0.8765769500
0.8126342605
0.7791328971
0.7870627401
0.8171779991
0.8566772722
0.9163376623
0.9658460756
0.9874328697
1.0089996902
1.0237931919
1.0033060361
0.9857798112
0.9713479051
0.9721305041
0.9705518672
0.9471319213
0.9088218685
0.8825992897
0.8699026321
0.8657054730
0.8754967001
0.8940396844
0.9226639019
0.9340819336
0.8922997928
0.8018508951
0.7084981159
0.6565909662
0.6716698307
0.7342084344
0.8110066068
0.8819230655
0.9304126604
0.9773051065
1.0025716743
1.0110723609
1.0017565542
0.9821479356
0.9688802056
0.9650601381
0.9671448321
0.9760284423
0.9874444535
0.9930342180
0.9980693127
1.0060032711
0.9811961071
0.9474691689
0.9799353569
0.9838794711
0.9663582834
0.9741000857
0.9955151508
1.0046508060
0.9943832352
0.9763008949
0.9677767447
0.9747325717
0.9865940187
0.9907321001
0.9858569804
0.9834492486
0.9987359907
1.0144276591
0.9813802320
0.9654694680
0.9445000413
0.9582253391
0.9679995492
0.9787323906
0.9894901056
0.9858681249
0.9928587744
1.0059459128
1.0144907876
1.0173399064
1.0128724454
1.0095986545
0.9937674644
0.9605308489
0.9318142543
0.9179107552
0.9159902768
0.9234001478
0.9492458507
0.9809971715
0.9949850946
0.9901584390
0.9868621624
0.9983222429
0.9981989444
1.0026380258
0.9969051160
0.9869700148
0.9604845877
0.9238065525
0.8872879166
0.8704050659
0.8724705003
0.8877553421
0.9153566921
0.9485019737
0.9775434371
0.9873348621
0.9924494922
1.0025610351
0.9990993035
0.9949443552
1.0235785596
1.0045797023
0.9925481273
0.9916719415
0.9943773927
0.9782944960
0.9405557012
0.8988793212
0.8549482302
0.7934422227
0.7315895586
0.7143161530
0.7609177912
0.8468573397
0.9288759466
0.9785402081
1.0026712410
1.0126535634
1.0180985817
1.0148405571
1.0235791811
1.0311412931
1.0002516216
0.9673337383
0.9481204666
0.9344311882
0.9160647658
0.9062077589
0.8983061564
0.8900254607
0.8696492378
0.8296662357
0.7818104581
0.7443092724
0.7373495378
0.7773908965
0.8533629181
0.9262954711
0.9757446920
0.9835787225
0.9687275583
0.9744234140
0.9755350103
0.9658721370
0.9628971188
0.9582756289
0.9469081390
0.9247158747
0.8989676705
0.8841314538
0.8808677161
0.8870364700
0.9038923182
0.9190467553
0.9151245140
0.9030877643
0.9099273228
0.9302291766
0.9443446142
0.9501358246
0.9554842392
0.9661323968
0.9713350856
0.9500933416
0.8958212254
0.8420663524
0.7893246676
0.7523390282
0.7462845653
0.7699943776
0.8265495876
0.8959853577
0.9545296783
0.9843532260
0.9858697085
0.9930656245
1.0049038597
1.0124417978
1.0040950933
1.0036086494
1.0076532906
0.9757158125
0.9044125586
0.8076187042
0.6943430836
0.6159093116
0.5951019816
0.6243222787
0.6937501123
0.7766892882
0.8382873725
0.8543026888
0.8177563605
0.7505421882
0.6916867056
0.6609812075
0.6635570574
0.7097651985
0.7880035544
0.8734517291
0.9378474713
0.9707049878
0.9876984882
0.9748520591
0.9827246229
0.9875889765
0.9904297607
1.0050062946
0.9896726964
0.9723037877
0.9516667134
0.9196492995
0.9137216950
0.9253441500
0.9237541790
0.9366622401
0.9589729176
0.9745049801
0.9815975348
1.0129992360
1.0162946541
1.0119912361
1.0134206868
0.9798902190
0.9612364017
0.9646229856
0.9609722069
0.9605497190
0.9722378945
0.9785972206
0.9723482423
0.9635486955
0.9530893447
0.9341874864
0.9194478516
0.9206045118
0.9224955621
0.9307524882
0.9534861363
0.9752606578
0.9906133095
1.0006298323
1.0064949377
0.9949685441
1.0026555825
1.0015944611
0.9977476175
1.0028628046
0.9926762773
0.9774517696
0.9725168645
0.9683973028
0.9552933751
0.9428416669
0.9339726471
0.9066060124
0.8561497975
0.8172993634
0.7956928703
0.7838399115
0.7708642009
0.7377716479
0.7072389245
0.6640119395
0.6290453808
0.6389064339
0.7092924875
0.7792431625
0.8510912276
0.9067659894
0.9393570139
0.9487188919
0.9451514797
0.9466155942
0.9546280274
0.9582179246
0.9535232314
0.9432276613
0.9433331337
0.9534223310
0.9687375217
0.9607250421
0.9538159800
0.9454517282
0.9653571921
0.9786336430
0.9922058309
0.9941172111
0.9955516792
0.9953875408
0.9894413264
1.0012700426
1.0170453129
1.0185045055
1.0025033739
0.9863458136
0.9906492070
0.9783019050
0.9766113826
0.9828460473
0.9967930668
1.0003581575
1.0042711402
0.9881391748
0.9861763559
0.9910029778
0.9839919120
0.9775594308
0.9958724001
1.0007753535
0.9849495994
0.9605594544
0.9408700505
0.9332383050
0.9251892123
0.8996517645
0.8791925722
0.8990389416
0.9265028090
0.9445503613
0.9631915218
0.9501504591
0.9550128245
0.9685535800
0.9712368342
0.9664571776
0.9471672410
0.9245204091
0.9120102655
0.9226980501
0.9316675881
0.9475819940
0.9641179191
0.9711246639
0.9785814859
0.9865451644
0.9840960060
0.9708627297
0.9469517512
0.9159863063
0.9016325173
0.9282752955
0.9352919884
0.9431847738
0.9907452823
1.0127729501
1.0027600670
0.9910953069
0.9951917785
0.9972371840
0.9985787605
0.9836045328
0.9599506465
0.9446522541
0.9417731053
0.9520389685
0.9674848689
0.9777205882
0.9843550440
0.9707927249
0.9558464940
0.9445429656
0.9509001611
0.9607146467
0.9558213805
0.9829425826
1.0153844733
1.0274148047
1.0297219712
1.0233464527
1.0237325672
1.0253569810
1.0195299180
1.0104890877
1.0000918133
0.9917514813
0.9905322202
0.9945552195
1.0039412532
0.9993086574
0.9854330416
0.9885482615
0.9863634313
0.9771033859
0.9797725906
0.9747067352
0.9711135820
0.9629079904
0.9648000021
0.9812835665
0.9925981312
0.9996126194
1.0123643169
1.0193885691
1.0049436750
0.9889690171
0.9907770465
0.9914713242
0.9860286293
0.9784758048
0.9660362807
0.9602790762
0.9596323149
0.9565568153
0.9645169462
0.9727891687
0.9693337041
0.9666589449
0.9742693095
0.9860268127
0.9902198243
0.9915378035
0.9867937236
0.9691573333
0.9545439521
0.9582201195
0.9640398972
0.9620903265
0.9742175984
0.9923320038
0.9861639357
0.9790894863
0.9818393837
0.9819787085
0.9782018808
0.9572923855
0.9484448905
0.9423387173
0.9260913115
0.8987571822
0.8890619081
0.8844356221
0.8792630969
0.8930820532
0.9231474354
0.9490634005
0.9581557283
0.9407388370
0.8993800584
0.8630154002
0.8639705899
0.8836315035
0.9051940107
0.9111976136
0.9212865170
0.8923444994
0.8269550624
0.7265361482
0.6401436701
0.5958372814
0.5747595979
0.5878814339
0.6435346748
0.7296103533
0.8284532810
0.9110108551
0.9541742500
0.9693413434
0.9830144666
1.0024395333
1.0140971792
1.0283878272
1.0195990291
1.0184372425
1.0227511831
1.0148373740
1.0010141651
0.9774991316
0.9722528144
0.9694404972
0.9561828414
0.9498321720
0.9467013083
0.9457567993
0.9535256567
0.9658427439
0.9764723275
0.9800378054
0.9789007955
0.9944933343
1.0126509830
1.0197498754
1.0210067762
0.9944434157
1.0136893111
1.0016200768
0.9990088777
0.9932370197
0.9786617622
0.9703577088
0.9450948895
0.8923618006
0.8394310537
0.8146739312
0.8092879760
0.8304455734
0.8812372861
0.9280429255
0.9535433191
0.9676673305
0.9796199774
0.9691627106
0.9492859203
0.9549561735
0.9750378977
0.9705309907
0.9852468291
0.9846571945
0.9796942327
0.9944985217
1.0149366450
1.0089306603
1.0001378164
1.0033136027
0.9966483461
0.9720711130
0.9396239791
0.9142371196
0.9094549585
0.9229180207
0.9564634301
0.9877001259
1.0092629918
1.0028964811
0.9979944349
1.0202933879
1.0221422809
0.9925296854
0.9654890549
0.9507025992
0.9307944707
0.8788047692
0.8060674768
0.7420083097
0.7038489469
0.7141876482
0.7774763162
0.8636449027
0.9373710298
0.9769483550
0.9924277592
1.0086915279
1.0060267941
1.0003351807
0.9866860053
0.9861408622
1.0054242528
0.9947410422
0.9762620869
0.9696025309
0.9576959802
0.9319442271
0.9123935140
0.9057958023
0.8987941772
0.8964542862
0.9102577165
0.9263661535
0.9349929561
0.9407199892
0.9297806249
0.9161869461
0.8922368149
0.8914914430
0.8776908358
0.8962056999
0.8829622266
0.8912938142
0.8974503796
0.9117801293
0.9317690201
0.9281965524
0.8788099134
0.8288331465
0.7942594552
0.7771510829
0.7962360912
0.8499436806
0.9122058048
0.9569639779
0.9718281110
0.9894434725
1.0140076912
1.0175104484
1.0135983068
1.0084145819
0.9757862820
0.9294127481
0.8835937494
0.8304732735
0.8021283657
0.7949993631
0.8008251185
0.8142344827
0.8085190441
0.7773806172
0.7361542396
0.7171286092
0.7309779625
0.7552805487
0.7898599662
0.8076230073
0.7945573643
0.7740842636
0.7781723248
0.8090152705
0.8802693205
0.9273856066
0.9553541049
0.9633267362
0.9788150443
1.0002024597
1.0024868168
1.0006290141
0.9772412163
0.9512786204
0.9209899771
0.8747514672
0.8385672983
0.8314001962
0.8484792184
0.8730098056
0.9179862952
0.9385367028
0.9534290576
0.9735846256
0.9534528697
0.9470044247
0.9472076155
0.9415971056
0.9419960446
0.9577869802
0.9658123724
0.9878670446
0.9975604022
0.9864716084
0.9698471529
0.9594477890
0.9546984372
0.9418954094
0.9311810443
0.9445061848
0.9475510935
0.9500404749
0.9546219844
0.9602776666
0.9799436389
0.9787866424
0.9714115690
0.9682512070
0.9733669250
0.9785618336
0.9828363274
0.9903199901
0.9857482708
0.9762424296
0.9747941912
0.9898474082
1.0036667098
0.9955927373
0.9821064245
0.9664286360
0.9606611617
0.9593406252
0.9442109326
0.9388427139
0.9542769266
0.9603122884
0.9597240807
0.9517713685
0.9670636692
0.9706217956
0.9701048131
0.9673561871
0.9603733247
0.9614652086
0.9691592801
0.9753420552
0.9822199465
0.9873559486
0.9878980485
0.9908280861
0.9872760043
0.9895217152
0.9951650015
0.9854208601
0.9894189820
0.9865882566
0.9718564412
0.9661091866
0.9488821468
0.9286349195
0.9177877109
0.8803299926
0.8266103215
0.7722900927
0.7329169799
0.7157096664
0.7204389854
0.7427572905
0.7763470977
0.8286497965
0.8882235856
0.9212384410
0.9513724727
0.9618081007
0.9605573774
0.9612168454
0.9679641824
0.9428852114
0.9290202869
0.9681586188
0.9835868822
0.9785086079
0.9850699170
0.9857975653
0.9815215971
0.9779540329
0.9754796538
0.9786105883
0.9854791876
0.9889166210
0.9743199660
0.9644643006
0.9726779568
0.9910303362
0.9837154935
0.9829257014
0.9984978748
1.0092318478
0.9963399649
1.0036809996
0.9970220845
0.9845969694
0.9852669280
0.9845068963
0.9780229337
0.9691557032
0.9720900103
0.9743679518
0.9529416122
0.9413141637
0.9430866972
0.9266722611
0.9268221521
0.9284085211
0.9395879241
0.9547775867
0.9545908522
0.9562467037
0.9553551735
0.9465271006
0.9602398483
0.9621486720
0.9604539894
0.9524349486
0.9224197068
0.8594145416
0.7658130577
0.6523066503
0.5445344933
0.4864367590
0.5058192026
0.5951266754
0.7035094758
0.8202736851
0.9205480475
0.9719763357
0.9800647935
0.9727112124
0.9722033497
0.9701582584
0.9663801613
0.9751353348
0.9898440210
0.9906803349
0.9806106226
0.9868296367
0.9946879938
0.9812165779
0.9713708007
0.9766155117
0.9683773167
0.9443503548
0.9163009327
0.9101438632
0.8989190879
0.8934453457
0.9167922629
0.9380965218
0.9283729648
0.9257494665
0.9509445869
0.9566957891
0.9550783605
0.9583924249
0.9720039460
0.9916142367
0.9945813480
0.9707831291
0.9483873168
0.9474434888
0.9488405533
0.9555612786
0.9811428261
1.0072337095
1.0029245089
1.0021481098
0.9848176006
0.9660191005
0.9732864794
0.9617986008
0.9312973079
0.8883192008
0.8314280220
0.7805843605
0.7656536888
0.7889621227
0.8350235133
0.8899285047
0.9378168709
0.9720118243
0.9977836242
1.0083448341
1.0122603596
0.9985539317
0.9896089308
0.9615141547
0.9618256933
0.9641275104
0.9388954183
0.9069333084
0.8732722978
0.8245578378
0.7561525820
0.7132761591
0.7237548945
0.7660383029
0.8173161782
0.8731531704
0.9269226990
0.9730997458
0.9961156108
0.9773034346
0.9787810325
0.9861450088
0.9781334712
0.9835803157
0.9994529594
0.9895376895
0.9907391433
0.9966748675
0.9835958819
0.9636880693
0.9577886108
0.9523398854
0.9420119948
0.9412498049
0.9498497755
0.9519869453
0.9511668703
0.9620979038
0.9775586702
0.9908106088
1.0102988978
1.0103060958
0.9818843178
0.9734115975
0.9803273458
0.9703537360
0.9608915024
0.9336999169
0.9244314467
0.9308330183
0.9318377394
0.9399542844
0.9493531076
0.9622622979
0.9789722749
0.9930869257
1.0011916285
1.0023727730
0.9885149687
0.9610622629
0.9526685588
0.9432294505
0.9388546914
0.9329389486
0.9447657906
0.9717903335
0.9732376342
0.9773965715
0.9846919242
0.9848903430
0.9669020644
0.9597213260
0.9615058639
0.9562621184
0.9545249922
0.9593479243
0.9593178823
0.9590018368
0.9578519853
0.9455024616
0.9464839461
0.9531678086
0.9554636808
0.9514218862
0.9619827761
0.9763897727
0.9736844765
0.9716311076
0.9686399242
0.9938790292
1.0015896559
0.9928789627
0.9633219569
0.9424442023
0.9372995864
0.9439589334
0.9548599853
0.9582175388
0.9542575690
0.9520046955
0.9586256487
0.9488106253
0.9462739304
0.9722274537
0.9492017454
0.9343309355
0.9048322604
0.8790986250
0.8861934395
0.9041386552
0.9378857846
0.9549094473
0.9498728638
0.9476679714
0.9544577411
0.9592410083
0.9542486795
0.9463346718
0.9481151252
0.9622491856
0.9793706942
0.9816919312
0.9938962049
0.9857468793
0.9711316938
0.9520364927
0.9573075625
0.9564423198
0.9527840420
0.9642277339
0.9776752613
0.9784825614
0.9818855435
0.9915990974
1.0011421498
1.0011824759
0.9955855096
1.0012009144
1.0136659882
1.0102764145
0.9990696687
0.9997665820
1.0034372320
1.0191897208
0.9946060966
0.9565741572
0.9410225918
0.9389324103
0.9179398953
0.9095215750
0.9082856380
0.9152825007
0.9060075597
0.9108721746
0.9225304720
0.9169555050
0.9118598838
0.8958231255
0.8660703588
0.8692277371
0.8895065333
0.9177358582
0.9441036917
0.9573341168
0.9705700494
0.9825033572
0.9655453092
0.9574555601
0.9393718345
0.9434615091
0.9561109741
0.9407657238
0.9557799449
0.9917366317
1.0117816508
1.0106505669
1.0056672454
0.9984416217
0.9875821273
0.9825792286
0.9804075583
0.9797126848
0.9685256064
0.9490925936
0.9491883408
0.9461985267
0.9389671676
0.9594434978
0.9547082699
0.9547455981
0.9663922645
0.9702078574
0.9618317166
0.9632512917
0.9734576004
0.9643409851
0.9512505190
0.9550356652
0.9639692729
0.9684219108
0.9646438900
0.9515368986
0.9392408028
0.9456696516
0.9549182993
0.9461977190
0.9358692286
0.8998518441
0.8935895429
0.9045126517
0.9215660081
0.9362988327
0.9566179975
0.9554054883
0.9538501667
0.9620806713
0.9606540355
0.9482558856
0.9374034510
0.9347859564
0.9403400407
0.9401966170
0.9398906490
0.9402714746
0.9194256678
0.8936431787
0.8677198066
0.8433182966
0.8316377247
0.8339500517
0.8585073777
0.8841643167
0.9157683811
0.9366666111
0.9613680766
0.9768761335
0.9809548769
0.9813303319
0.9780906045
0.9750224697
0.9716105787
0.9610511874
0.9514761418
0.9702830220
0.9878541441
0.9729379089
0.9709119895
0.9856198358
0.9832450989
0.9613695036
0.9311936061
0.9268685088
0.9424607318
0.9717740860
0.9921580383
0.9933308200
0.9897696265
0.9784873444
0.9584338928
0.9418604343
0.9191118238
0.8735321030
0.8076467315
0.7427282970
0.6752175977
0.5888031048
0.5241571759
0.5249426608
0.5527713525
0.6333708678
0.7516462513
0.8467860682
0.9276107719
0.9660288569
0.9614763844
0.9617032545
0.9783277743
0.9868249876
0.9755977130
0.9553521920
0.9345229074
0.9105006982
0.8947247436
0.9059619348
0.9366058989
0.9454903379
0.9600423925
0.9915206779
1.0098455433
0.9915576371
0.9781547707
0.9613139188
0.9565559894
0.9568176835
0.9353800876
0.9193956350
0.9056558907
0.8745003930
0.8399307139
0.8237647272
0.8264175542
0.8403497973
0.8648282510
0.9032631374
0.9380110864
0.9270955723
0.9326716442
0.9248801171
0.9105695181
0.9002911641
0.9175483580
0.9484866596
0.9566273127
0.9727054401
0.9854235702
0.9649764221
0.9204783456
0.8872400252
0.8685835795
0.8484975010
0.8455583185
0.8700821372
0.8852651308
0.9080662387
0.9509072945
0.9799347201
0.9821163730
0.9388331405
0.9021389819
0.9001166409
0.8880361874
0.8549896109
0.8196211692
0.8099773924
0.8186315989
0.8298060331
0.8389873048
0.8428570212
0.8465641025
0.8617516492
0.8834008942
0.9068187851
0.9406959924
0.9595088498
0.9601729166
0.9572522680
0.9501126656
0.9439939539
0.9131165897
0.8708859940
0.8736395991
0.8895329747
0.9066272460
0.9108451429
0.9235592905
0.9292100985
0.9305836175
0.9382030973
0.9438011144
0.9492353182
0.9578722536
0.9553693164
0.9358184494
0.9020765061
0.8847441366
0.8834430479
0.8871565920
0.9177336816
0.9590424129
0.9719919627
0.9591440504
0.9868098029
1.0106073303
1.0297533794
1.0412548779
1.0334540840
1.0197450869
1.0041988073
0.9889400504
0.9788233200
0.9638127631
0.9433827008
0.9418241291
0.9572287356
0.9669295216
0.9795020417
0.9941754551
1.0010704277
1.0058459635
1.0008648102
1.0186897215
1.0177957211
0.9933716826
0.9947651689
0.9970808713
0.9883747737
0.9764201001
0.9782421613
0.9690373623
0.9538539301
0.9537828758
0.9618878509
0.9772975584
0.9712789680
0.9470190020
0.9267994321
0.9380965129
0.9424729078
0.9290309361
0.9483919774
0.9561329220
0.9645549277
0.9684262994
0.9493382332
0.9355982263
0.9340361123
0.9389785875
0.9446814425
0.9320200902
0.9178753349
0.9187065032
0.9223009507
0.9347136761
0.9530509961
0.9682124851
0.9798151909
0.9711124669
0.9765458577
0.9867092567
1.0021173703
1.0026274787
1.0039585895
0.9832245864
0.9641612208
0.9553790990
0.9602148674
0.9593170329
0.9691543090
0.9840653991
0.9833152267
0.9724514623
0.9646988236
0.9640013755
0.9681659206
0.9647513389
0.9580785545
0.9463157685
0.9416363445
0.9437377472
0.9696417696
0.9711440415
0.9817125655
0.9849286524
0.9931378442
0.9850439974
0.9692534723
0.9583433274
0.9575741091
0.9537572807
0.9497183671
0.9519053070
