#flux
1.0303784273
1.0196562863
1.0107617321
1.0110366754
1.0094075001
1.0092400360
1.0139263903
1.0303310362
1.0390109717
1.0263572651
1.0110566349
1.0101843330
0.9838616305
0.9873183258
0.9741013823
0.9804208444
0.9784280433
0.9883396335
1.0020591713
1.0027800397
1.0079849099
1.0142400155
0.9975053605
0.9807344852
0.9936950577
1.0045764567
0.9894926223
0.9844024497
0.9931641944
1.0021478497
1.0048188331
0.9888584784
1.0169180422
0.9805949377
0.9710158242
0.9601586250
0.9382757040
0.9188335481
0.9110078886
0.9195152054
0.9464462288
0.9656967306
0.9790994555
0.9905170934
1.0044831802
1.0200942009
1.0193562007
1.0150429329
1.0173647702
1.0163130042
1.0082949195
1.0096064279
1.0082914702
0.9938597868
0.9906214711
0.9641799940
0.9388622498
0.9386076359
0.9547050004
0.9659804256
0.9707755072
0.9815996041
0.9964197726
1.0144308575
1.0285198169
1.0280029505
1.0191261930
1.0068557787
0.9865169886
0.9630342493
0.9530198717
0.9473254644
0.9598102341
0.9602567174
0.9759964145
0.9875178360
1.0005852778
0.9907282087
0.9552274991
0.9365329130
0.9353714238
0.9456451419
0.9714357758
0.9843266546
0.9816005892
0.9790853111
0.9676318830
0.9541403496
0.9426334065
0.9210634879
0.8995553201
0.9164533021
0.9039237036
0.9421935154
0.9661636482
0.9655850928
0.9826754316
0.9927610513
0.9702692246
0.9347234262
0.9040342382
0.8984407878
0.9082765748
0.9235483257
0.9493891835
0.9741501367
0.9906384568
1.0114863553
1.0174286123
1.0007070761
0.9973653450
1.0033358368
0.9586546731
0.9486830368
0.9634491070
0.9611815066
0.9805932650
1.0046713137
1.0045237436
0.9957138996
1.0063043025
1.0114192656
0.9996748634
0.9759309480
0.9713414814
0.9917866166
1.0064305467
1.0052890840
0.9902353836
0.9771603674
0.9767714818
0.9783405505
0.9822783559
0.9927335229
0.9778543554
0.9608602096
0.9523307288
0.9534789713
0.9633417753
0.9712146539
0.9693293509
0.9646217355
0.9616838335
0.9666759023
0.9633200590
0.9391665727
0.9123293586
0.8988362751
0.9009916537
0.9224410362
0.9504344119
0.9673289886
0.9750290656
0.9770301756
0.9784276860
0.9831870389
0.9653713146
0.9303010513
0.9030601267
0.8957542071
0.8897595408
0.8851721355
0.9041194809
0.9173553699
0.9183245447
0.9390780601
0.9642664475
0.9562044698
0.9328183849
0.9255354339
0.9390951955
0.9412528869
0.9276720254
0.9232638131
0.9033666951
0.8922667413
0.8699143710
0.8702488491
0.8695726564
0.8772201849
0.8843382223
0.8918507459
0.8949967787
0.8840704970
0.8715981088
0.8593913365
0.8438355260
0.8292161815
0.8047064276
0.7674221943
0.7230291273
0.6851321406
0.6554055817
0.6392957663
0.6264010580
0.5901955165
0.5627612853
0.5515237501
0.5336401029
0.5320139014
0.5039589418
0.4709418799
0.4380506765
0.4035316871
0.3670402178
0.3254105989
0.2934814891
0.2818294321
0.2781859451
0.2862023961
0.3013062608
0.3091743178
0.3289719113
0.3654644640
0.3979335996
0.4216655923
0.4445415660
0.4767264404
0.5243142689
0.5325493226
0.5208598262
0.5304123779
0.5528895762
0.5935795515
0.6510438675
0.7007197488
0.7347723611
0.7685818974
0.8014510325
0.8214904091
0.8411672488
0.8589246036
0.8641061234
0.8829464358
0.8869825390
0.8926548174
0.9026057354
0.9146489423
0.9243610300
0.9281829164
0.9299988633
0.9279177624
0.9199302438
0.9286111291
0.9388100449
0.9512951404
0.9524825234
0.9406076195
0.9486213099
0.9537324439
0.9478228073
0.9487140971
0.9495545190
0.9699278652
0.9568114363
0.9632202553
0.9691928231
0.9737038825
0.9640512713
0.9664150179
0.9681380633
0.9633824754
0.9686352922
0.9744646430
0.9657015053
0.9681321591
0.9739263537
0.9646838531
0.9661444901
0.9796551166
0.9814433342
0.9656500848
0.9633953836
0.9906068519
1.0035397263
0.9785755122
0.9950216692
0.9707300373
0.9958112643
1.0125189335
0.9964893188
0.9953801419
0.9990498490
1.0072747776
1.0169303461
1.0166627003
1.0127454199
1.0096800624
1.0027563286
0.9949788338
0.9846681514
0.9766620233
0.9719556673
0.9930633778
1.0205143756
1.0271337835
1.0136745118
0.9917971155
0.9825107280
0.9949674461
0.9901992921
0.9929821222
1.0072922518
1.0074816093
0.9892616175
0.9634972083
0.9320928935
0.9014880078
0.8936381733
0.9144483248
0.9378202067
0.9548708287
0.9821773433
0.9816323283
0.9932877506
1.0097007872
0.9783659014
0.9576282385
0.9232861273
0.8824058732
0.8579423199
0.8490031257
0.8549358031
0.8949570538
0.9646237739
1.0139014114
1.0172175115
1.0144908564
1.0215065005
1.0119125536
0.9947979032
0.9788021260
0.9854792029
0.9761066011
0.9654490658
0.9889024572
0.9850184627
0.9590041498
0.9679018269
0.9746400574
0.9926778696
1.0110071883
0.9973834095
0.9709317481
0.9720563915
0.9811741881
0.9787572417
0.9823094446
0.9911869110
0.9985343009
1.0148405943
1.0152357810
0.9991121306
0.9818126225
1.0041356578
1.0159605044
1.0066485622
0.9938203343
1.0015107380
1.0164742608
1.0126708192
1.0050863508
1.0145171296
0.9996816117
0.9853413903
0.9743191813
0.9475591445
0.9193781955
0.9084108283
0.9252706968
0.9755041546
1.0188975664
1.0246610985
1.0120424546
1.0092352482
1.0054582674
0.9874271556
0.9765482878
0.9459146082
0.9147318143
0.9018409282
0.9172318299
0.9416778718
0.9679696308
0.9884745376
0.9991801273
1.0007766772
0.9955070702
0.9911974943
0.9767162992
0.9385613421
0.9112978826
0.9182439362
0.9643515032
1.0158941363
1.0530986183
1.0593446797
1.0482362996
1.0439727015
1.0202854764
0.9734403563
0.9365244714
0.8756292127
0.8148698128
0.7854909941
0.7972784517
0.8464651691
0.9093556694
0.9525275745
0.9826531446
1.0183415306
1.0318810574
1.0243973936
1.0148564827
0.9886631787
0.9376422247
0.8929930027
0.8643038626
0.8778535422
0.9042759752
0.9534376921
1.0016913639
1.0212683871
1.0079607069
0.9936248415
0.9943420597
1.0079537307
1.0188545098
1.0015310499
0.9723794349
0.9712278618
0.9778230385
0.9756637098
1.0001215373
0.9952847728
0.9888652716
1.0046052568
1.0055995921
1.0262021187
1.0396987145
1.0311414706
1.0330109023
1.0445433847
1.0381672463
1.0240085756
1.0268752378
1.0213285131
1.0212113756
1.0378428904
1.0433121577
1.0344568309
1.0268994654
1.0210094277
1.0147623083
1.0267774633
1.0461582116
1.0389227684
1.0253290540
1.0249537326
1.0188014726
1.0309367145
1.0403864913
1.0454063653
1.0441916967
1.0371868952
1.0277610890
1.0325960293
1.0418935753
1.0385880012
1.0315776963
1.0337983527
1.0420836459
1.0435968424
1.0268736197
1.0197772353
1.0303132232
1.0225449573
1.0148651808
1.0422217660
1.0430125931
1.0407931241
1.0379416204
1.0331146899
1.0225765763
1.0191546981
1.0261705886
1.0228551591
1.0306290988
1.0281987693
0.9940775323
0.9735551219
0.9927829982
1.0248695725
1.0351699040
1.0408936031
1.0392178653
1.0431254857
1.0501280711
1.0414786689
1.0205169585
1.0142177167
1.0197607116
1.0046059626
0.9929491965
0.9860729318
0.9754276631
0.9556874366
0.9525191138
0.9555282112
0.9625876427
0.9917874686
1.0192713543
1.0267764815
1.0272942194
1.0239185074
1.0148709239
1.0067814041
0.9866477445
0.9606988245
0.9452267865
0.9357123931
0.9317650064
0.9334000380
0.9591576501
0.9987746122
1.0113222006
1.0036167254
1.0085329450
1.0241571779
1.0281734123
1.0202703198
1.0166214926
1.0178037140
1.0036457786
0.9789212467
1.0025405855
1.0121672571
1.0241132451
1.0255054256
1.0353264745
1.0428362375
1.0397522417
1.0254177510
1.0117002684
1.0180903998
1.0282362621
1.0149956230
0.9964373605
0.9985772964
1.0002238463
0.9962415189
1.0077626843
1.0086552049
0.9858058876
0.9763204794
0.9551001961
0.9535474626
0.9938758184
1.0236396560
1.0202746913
1.0120855585
1.0120457223
1.0105955973
0.9984429285
0.9891793832
1.0084446901
1.0397510581
1.0410721905
1.0226052081
1.0179298078
1.0222108444
1.0285989134
1.0315774684
1.0107485357
1.0151510746
1.0269793644
1.0217134090
1.0053822910
0.9931590448
0.9887604362
1.0097521851
1.0386793391
1.0052087350
0.9722237406
0.9752618741
0.9904195472
1.0011365109
1.0163948478
1.0105120361
0.9884689367
0.9671958249
0.9466411737
0.9364414683
0.9329293275
0.9396799307
0.9599508313
0.9922102382
1.0179163953
1.0195955012
1.0254423011
1.0226771306
1.0072047776
0.9778518630
0.9722454012
0.9426795607
0.8999991819
0.8930323410
0.9235397662
0.9753827276
1.0139583593
1.0192503799
1.0140160111
1.0176962161
1.0182851183
1.0111502899
1.0162252622
1.0254105287
1.0089304016
1.0137151665
1.0294411441
1.0271156969
1.0279268971
1.0417545023
1.0263754714
1.0226205370
1.0120241364
1.0229044986
1.0305697890
1.0253805445
1.0199590899
1.0167335810
1.0232533785
1.0431509807
1.0527198403
1.0444425595
1.0434848620
1.0334601063
1.0235753263
1.0305580022
1.0116451732
1.0229206470
0.9979331086
1.0018294064
0.9996085917
1.0018411909
1.0094119162
1.0167606620
1.0185388138
1.0197893960
1.0278965825
1.0352843283
1.0293610849
1.0162814793
1.0115151676
1.0121896121
1.0072950626
1.0043211413
1.0196971783
1.0211300587
1.0235590885
1.0482193513
1.0348994283
1.0174011215
1.0061027118
1.0254080282
1.0204040910
1.0109813284
1.0201833650
1.0406664134
1.0493911875
1.0321360401
1.0117460185
1.0127494313
1.0149477188
1.0013977016
0.9944422248
0.9992711378
1.0079759115
1.0056114852
0.9979319569
0.9919106150
1.0043432650
1.0315811138
1.0409857923
1.0288777931
1.0206557950
1.0199378564
0.9997072417
0.9842617732
0.9974993981
1.0116758599
1.0117469711
1.0116148208
1.0093823898
0.9959632878
0.9698055913
0.9537643678
0.9775957068
0.9784944267
0.9725431835
0.9336017991
0.8962525067
0.8731400608
0.8473719346
0.8574474777
0.8928158752
0.9279851281
0.9592139297
0.9675855383
0.9524692025
0.9410204411
0.9394697023
0.9307053521
0.9024228116
0.8437378825
0.7669895058
0.7247938755
0.7193897738
0.7425315311
0.7972960294
0.8496114144
0.9168862628
0.9593084961
1.0027467803
1.0102878104
1.0110664050
1.0168067863
1.0112255162
0.9915480078
0.9554496757
0.9038002470
0.8600706987
0.8464170741
0.8575476529
0.8868858718
0.9363745758
0.9792138891
0.9968087688
1.0147086731
1.0306279552
1.0363955635
1.0368653501
1.0187971410
1.0231398769
1.0287449170
1.0431000244
1.0264386370
1.0142141742
1.0118617666
1.0110943930
1.0173083128
1.0132983377
0.9974046461
0.9925409496
0.9898285050
0.9829192590
0.9909465256
0.9912782423
0.9897925985
1.0105575353
1.0297907351
1.0289627184
1.0335136394
1.0375988433
1.0344748228
1.0264220887
0.9977589361
1.0006821394
1.0147720664
1.0175804878
1.0162910164
1.0250627887
1.0332234242
1.0290228725
1.0231386929
1.0198284558
1.0212578035
1.0165998262
0.9870887487
0.9568577903
0.9530291258
0.9493066008
0.9629342178
1.0070334146
1.0227248129
1.0171334290
1.0053761568
1.0100535379
1.0130202446
1.0177140331
1.0194072784
0.9831780325
0.9232832566
0.8955281129
0.9122921284
0.9382007221
0.9456919758
0.9628540620
0.9751550423
0.9854096538
1.0302553878
1.0653360399
1.0491889581
1.0162827991
0.9938212054
0.9873478513
0.9837564351
0.9857458358
0.9707045253
0.9583976891
0.9558998884
0.9811795181
1.0089962112
1.0135159647
1.0222745298
1.0293459091
1.0120953590
0.9929117507
0.9849085162
0.9896583749
0.9894134970
1.0029318257
1.0172926484
1.0382963995
1.0520426847
1.0528551897
1.0556551841
1.0524239997
1.0315377443
1.0204975161
1.0348291867
1.0457822113
1.0482466209
1.0638702199
1.0743950190
1.0539232869
1.0346933522
1.0351153388
1.0250437550
1.0388000168
1.0516449104
1.0624607158
1.0384873842
1.0231194007
1.0247756333
1.0141531651
1.0051823405
1.0298631961
1.0354437566
1.0398745123
1.0408152668
1.0437653699
1.0475455354
1.0446305441
1.0451179708
1.0491129452
1.0460072920
1.0428155523
1.0456654706
1.0497568679
1.0499545219
1.0337263674
1.0155883935
1.0396556298
1.0532717514
1.0412739018
1.0451514519
1.0332922917
1.0341536385
1.0509992083
1.0427048406
1.0497986886
1.0659039395
1.0611859369
1.0423716662
1.0132700591
0.9965125675
0.9959112172
0.9948090996
0.9908354029
1.0081855408
1.0204827087
1.0482820225
1.0417641196
1.0174160291
1.0202066417
1.0303106420
1.0251696639
1.0149651324
1.0116025706
1.0156611712
1.0268204454
1.0343837747
1.0222414708
0.9939781571
0.9605070668
0.9303267627
0.9254203125
0.9400793666
0.9746139541
0.9926921021
1.0264543921
1.0336944719
1.0376254699
1.0542252647
1.0405252171
1.0241398873
1.0099664844
0.9695069602
0.9309359990
0.9147686268
0.9229024957
0.9568712179
0.9950877960
1.0180770714
1.0223068364
1.0068723792
1.0004262857
1.0156166162
1.0195642283
1.0098947623
1.0086439077
1.0164643853
1.0170914214
1.0132113014
1.0229822925
1.0381338814
1.0525044354
1.0483687300
1.0288666484
1.0091131059
1.0018603645
0.9790503872
0.9619018989
0.9769124940
0.9955886402
1.0051050645
1.0123857427
1.0174294729
1.0199067703
1.0222985331
1.0219300671
1.0179114043
1.0124853662
1.0102647149
1.0086918872
1.0005830039
0.9980073564
0.9997594611
1.0106440318
1.0157297889
0.9900296700
0.9716534085
0.9669539015
0.9604843379
0.9649776537
0.9839086115
1.0059916776
1.0140652113
1.0194799541
1.0394937536
1.0352987440
1.0122483617
1.0141581600
1.0264558624
1.0231164539
0.9945439896
0.9787594031
0.9607116354
0.9597748305
0.9560898935
0.9249325441
0.8951554718
0.8835015000
0.9194704844
0.9786146598
0.9979500836
1.0099636024
1.0146796797
0.9941287824
0.9973888068
0.9615900422
0.9415926021
0.8975866123
0.8497958964
0.8575214778
0.8740440165
0.9093017546
0.9499366733
1.0095405352
1.0106487388
0.9974331383
0.9859525363
0.9868226515
0.9965371550
0.9875482971
0.9738446221
0.9853094712
1.0070728942
1.0144882288
1.0235683922
1.0312548970
1.0516619688
1.0570547846
1.0455520799
1.0515172377
1.0504320204
1.0550366008
1.0512813679
1.0384674639
1.0467536213
1.0411562286
1.0240858276
1.0164317234
1.0107015193
1.0062188661
1.0178089625
1.0342696721
1.0306665465
1.0173899377
1.0208861612
1.0409024564
1.0483459620
1.0267223079
1.0259207660
1.0305426859
1.0400238834
1.0446558815
1.0547962646
1.0430075663
1.0356483269
1.0346575283
1.0407621630
1.0252571268
1.0018127722
1.0037433675
1.0209212620
1.0425990872
1.0578832829
1.0382024606
1.0209274223
0.9849170038
0.9695804552
0.9260616802
0.9086882158
0.9204988617
0.9320675087
0.9100776823
0.8737170481
0.8475817805
0.8401881897
0.8588106429
0.8865876134
0.9082874541
0.9135354784
0.9153804855
0.9228043117
0.9219720493
0.9268451823
0.9492267836
0.9517384464
0.9436763435
0.9300044037
0.9195558225
0.9327243335
0.9594565720
0.9752103535
0.9827361434
0.9977135724
1.0078914127
1.0181467424
1.0361665497
1.0500622931
1.0558587563
1.0544888790
1.0348560418
1.0139796528
1.0185471820
1.0280202995
1.0293685986
1.0287201593
1.0148459622
1.0177008989
1.0374180037
1.0255671702
1.0313480732
1.0365281481
1.0380958523
1.0631862841
1.0674607868
1.0581789946
1.0478460612
1.0372802387
1.0233754629
1.0129591010
1.0267612085
1.0404068420
1.0345484639
1.0370738039
1.0326394444
1.0280001725
1.0038484432
0.9941093507
1.0406675188
1.0465269403
1.0403451332
1.0158921412
1.0249679861
1.0237391130
1.0220866636
1.0281764212
1.0324500506
1.0314398249
1.0201856508
1.0159920191
1.0098107884
0.9997072060
1.0024936574
1.0142854914
1.0387433607
1.0570751860
1.0418211563
1.0205285435
1.0349943261
1.0275414894
1.0315005389
1.0130666094
1.0231734195
1.0193168604
1.0142772674
1.0230426064
1.0349728336
1.0344048439
1.0310958577
1.0272852755
1.0131688866
1.0051548237
1.0184080063
1.0300273572
1.0228542663
1.0156854756
1.0352877839
1.0565012738
1.0510607233
1.0280575754
1.0248602425
1.0326604554
1.0279727183
1.0321762221
1.0339971589
1.0281910876
1.0287482201
1.0302910546
1.0241660134
1.0159151664
1.0134252172
1.0159290585
1.0178790121
1.0192126215
1.0194489720
1.0146334899
1.0221856485
1.0303643685
1.0233841301
1.0246546795
1.0272267436
1.0106442677
1.0057519819
1.0245800748
1.0341817738
1.0356889181
1.0262735704
1.0205824855
1.0270830515
1.0391120465
1.0427741393
1.0432492430
1.0472902620
1.0492677012
1.0469725348
1.0392018506
1.0403178345
1.0495338178
1.0344102768
1.0137038019
1.0248885485
1.0293226453
1.0260250856
1.0150520379
1.0128470227
1.0308915086
1.0343382101
1.0438122365
1.0455487533
1.0385976408
1.0289512743
1.0150558924
1.0070965305
1.0146268839
1.0230397250
1.0224879057
1.0211861651
1.0038691346
1.0079805230
1.0173440597
1.0115001754
1.0086604187
1.0060619797
1.0211630322
1.0261972169
1.0165517906
1.0313603491
1.0340817594
1.0270646745
1.0207531419
1.0181319981
1.0200371335
1.0202779091
1.0223929243
1.0268238179
1.0176736199
1.0146108821
1.0186166365
1.0022063431
0.9924825001
0.9998445367
1.0019026133
1.0143092986
1.0241316440
1.0244733496
1.0205315353
0.9996849221
1.0081195403
1.0371207067
1.0323875677
1.0024257176
0.9637495749
0.9324687476
0.9365896775
0.9673991679
0.9882500892
0.9916159775
1.0017032389
1.0132725974
1.0087479687
0.9686020566
0.9948555657
0.9955836672
0.9903701607
0.9568521441
0.9432811661
0.9545894476
0.9646574726
0.9842007822
1.0159451772
1.0204077562
1.0073844543
1.0055656361
1.0105193406
1.0082463815
1.0059302895
1.0200559477
1.0177312380
1.0270253543
1.0255074172
1.0373424956
1.0419696016
1.0188444758
1.0389436984
1.0214410560
1.0226485789
1.0368661662
1.0539030728
1.0409502830
1.0224923642
0.9876401212
0.9852110689
1.0093161709
0.9902807225
0.9586027748
0.9619692298
0.9640118041
0.9884111768
1.0085564576
1.0262377106
1.0207124561
1.0119905663
0.9919295421
0.9632539111
0.9776678217
0.9784396936
0.9920446681
0.9737742329
0.9531354926
0.9600875988
0.9883888448
1.0008315267
1.0075652597
1.0245366927
1.0259543769
1.0141990708
1.0165928264
1.0160879721
1.0100720501
1.0215726359
1.0148871156
1.0168970193
1.0424835038
1.0190791972
1.0143501389
1.0518424930
1.0428461077
1.0335545579
1.0311941727
1.0227742953
1.0326028662
1.0432911895
1.0107522361
0.9784647808
0.9899763807
0.9999980095
0.9980711569
1.0134825822
1.0305298220
1.0265624633
1.0263068220
1.0267203205
1.0147229744
1.0391456133
1.0328587822
1.0223690484
1.0077854124
0.9954390396
0.9875607308
0.9897219137
1.0047561856
1.0093967582
1.0026961783
0.9975898442
0.9925471824
0.9920211565
1.0052089769
1.0184364609
1.0212768939
1.0338394196
1.0250501689
1.0304576534
1.0012631172
0.9908226939
0.9841195645
0.9954652801
0.9793139982
0.9976119349
0.9749930668
0.9693355475
0.9646462463
0.9643614470
0.9674865326
0.9770777459
0.9884408641
0.9727100076
0.9502340280
0.9616459958
0.9791312055
0.9906294017
0.9928136205
1.0293132646
1.0201163451
1.0020249700
1.0153550613
1.0039453477
1.0099227317
1.0067085750
0.9873247924
0.9669891795
0.9582962926
0.9586076981
0.9625942589
0.9636858344
0.9601191093
0.9470608806
0.9206843943
0.9044143504
0.9116661160
0.9192487111
0.9261501819
0.9542516051
0.9463789501
0.9117124848
0.8635467919
0.8652111351
0.8855773457
0.9136629121
0.9162347237
0.8984805012
0.8790901473
0.8826530028
0.8976376972
0.9059512056
0.9186175564
0.9303208930
0.9229951436
0.9204479790
0.9246348257
0.9029811687
0.9037022559
0.9450676764
0.9750035220
1.0154857789
1.0066977889
1.0182259999
1.0059542718
0.9948780109
0.9780548199
0.9807511153
0.9706384906
0.9746465153
0.9766703300
0.9774609945
0.9869757410
0.9799803259
0.9718823339
0.9926811781
1.0007535935
1.0007738583
0.9884720218
0.9751144753
0.9762672524
0.9951894397
1.0013790049
0.9866226960
0.9769534155
1.0044681773
1.0143156394
1.0136905035
1.0112982230
1.0061880292
0.9987321454
0.9980114191
1.0089446139
1.0280399122
1.0280647936
1.0040826512
1.0085018272
1.0093989061
1.0118636738
1.0352972063
1.0152286883
0.9981750229
0.9936671729
1.0208772697
1.0217261008
1.0118932791
1.0014757550
0.9887460249
0.9790518808
0.9822885482
0.9905424957
0.9923858523
0.9953327148
1.0065179659
1.0088509009
1.0005646852
1.0066172625
1.0083220325
1.0065619661
0.9997849649
0.9994662855
0.9965811370
1.0014097143
0.9949298259
1.0121441389
1.0206099446
1.0098197720
0.9938584064
0.9932865454
1.0010988226
1.0129879459
1.0133132463
0.9894616812
0.9515340971
0.9292107183
0.9354857330
0.9451120949
0.9504202847
0.9598721526
0.9577822026
0.9495639807
0.9744709399
0.9943036800
0.9722395774
0.9825421560
0.9898517414
0.9710111898
0.9586302560
0.9527466343
0.9501421325
0.9493104535
0.9507932559
0.9587634602
0.9749893933
0.9918891640
0.9931235473
0.9818326903
0.9890566767
1.0017172714
1.0050180721
1.0115838631
1.0252503350
1.0258628991
1.0084699594
1.0011922866
1.0085177224
0.9999838935
1.0008481014
1.0164499015
1.0184848261
1.0196707688
1.0180584760
1.0223971378
1.0243765864
1.0222800676
1.0287044202
1.0197988112
1.0005558082
0.9950317837
1.0052086002
1.0203298793
1.0231827564
1.0134928556
1.0087503684
1.0202840276
1.0019625096
1.0294627525
1.0238924939
1.0044246897
1.0030582989
1.0106432089
1.0169896267
1.0123520586
0.9863336469
0.9771942957
0.9926036727
0.9788449472
0.9606568512
0.9418552615
0.8884694936
0.8403460432
0.8467925547
0.8645834017
0.9100513979
0.9484583239
0.9786064953
1.0018850167
0.9881028414
0.9893277450
0.9937648254
0.9845699700
0.9418261971
0.8684666119
0.8221762055
0.8286067721
0.8601633269
0.9051554116
0.9533283664
0.9924769012
1.0200716402
1.0200381108
1.0212260841
1.0052932172
1.0041394097
0.9761482688
0.9682380531
0.9869455025
0.9929508622
0.9884466114
0.9860714027
0.9869243708
0.9869170195
0.9995369325
1.0224510345
1.0295820763
1.0109272249
0.9858193402
0.9671544482
0.9552721306
0.9727554913
0.9753769061
1.0156252359
1.0095087605
0.9855088355
1.0059175256
1.0174152057
1.0111063236
0.9980707702
1.0155340953
1.0238466869
1.0132430367
0.9945286877
0.9892713920
0.9895490462
0.9829797583
0.9736145683
0.9653683709
0.9686863557
0.9873256401
0.9968705006
0.9880901569
0.9996709985
1.0151434902
0.9953290716
0.9990785966
0.9911511129
1.0129192319
0.9860131891
0.9576717666
0.9536431289
0.9681723544
0.9895687436
1.0011053557
0.9986607376
0.9909069923
0.9822661248
0.9780240870
0.9871136544
0.9949856789
0.9915474833
1.0291518553
1.0301801682
0.9936327538
1.0024759138
0.9816195226
0.9959921696
0.9726071103
0.9420217702
0.9434543402
0.9605697633
0.9666650766
0.9835075119
1.0034029001
1.0068521845
1.0024650451
1.0009927358
1.0072031052
1.0229172002
1.0276796840
1.0167907564
1.0097425001
1.0022021721
1.0064746413
1.0023688797
1.0197816025
1.0157703662
1.0097212003
1.0039632040
0.9864160505
1.0004558509
0.9970220017
1.0056547585
1.0181766872
1.0108593850
1.0025311086
1.0040269379
1.0059061774
1.0104833556
1.0109224768
1.0003158414
0.9947728715
0.9760390160
0.9857138823
0.9820156476
1.0058564065
0.9918007043
1.0011881218
1.0021893698
0.9875934971
0.9925158100
1.0010891699
1.0054208791
1.0084898739
1.0225973927
1.0273069194
1.0084571564
0.9915975880
0.9957258577
1.0021112637
0.9870116134
0.9807542850
0.9996598338
0.9935425054
1.0047560330
1.0026926274
1.0087216192
1.0253623639
1.0393242237
1.0326239106
1.0171590395
1.0150618258
1.0187348970
1.0140583412
1.0126578082
1.0143183297
1.0118120134
1.0057895868
0.9992413744
1.0002669107
1.0010750974
0.9821070300
0.9864211608
1.0112233638
1.0182464286
1.0090563198
1.0137945304
1.0096603539
1.0007983820
0.9804854452
0.9747526245
0.9819351770
0.9569088985
0.9697413948
0.9982476973
1.0016781462
0.9958002156
0.9965488973
0.9927470669
0.9903481407
1.0139264293
1.0249678146
1.0136892669
0.9905342072
0.9798702780
0.9887453945
0.9583978440
0.9509813522
0.9760647131
0.9968270079
0.9871454527
0.9901357153
0.9929163339
0.9890469927
0.9993252988
0.9975944936
0.9957471088
1.0036722156
1.0070286493
1.0172643399
1.0138020674
0.9961093272
0.9943902289
0.9902716953
1.0137482781
1.0171037396
1.0229998091
1.0354050914
1.0320844191
1.0297067537
1.0142662586
0.9966381823
1.0015615865
1.0095389169
1.0020504979
1.0043198810
1.0154469751
1.0038422048
0.9905333140
1.0036639033
1.0178154539
1.0266552474
0.9927813562
0.9928400664
0.9875505785
0.9923926082
0.9933162722
0.9803051286
0.9829340276
0.9874405922
0.9791514920
0.9665207970
0.9630414752
0.9723233144
0.9795747852
0.9814487891
0.9798897661
0.9782374299
0.9874659932
1.0061124850
1.0170794165
1.0146987039
0.9981581398
0.9968165468
0.9966451939
0.9945430415
0.9834776245
0.9813607126
1.0048030690
0.9814505236
0.9848412981
0.9975482868
1.0023375100
1.0016845126
1.0048894136
1.0125659694
1.0216150148
1.0104211100
0.9965024939
1.0067508246
1.0048536415
0.9864501255
0.9791853851
0.9797777020
1.0037386533
0.9919843280
0.9861988275
1.0015954205
0.9947620913
1.0088467521
1.0001981285
0.9830007707
0.9881099057
0.9932292163
0.9815159238
0.9861581039
1.0009379496
1.0038811663
0.9902323577
0.9737982835
0.9716490745
0.9665536883
0.9600617205
0.9730995925
0.9840076067
0.9689858086
0.9593831635
0.9503369907
0.9505515281
0.9698350149
0.9526156311
0.9385098001
0.9403764740
0.9451707551
0.9515275215
0.9776591004
1.0001447660
0.9998908255
0.9952075087
1.0049764891
1.0192401903
1.0147120635
0.9993776268
0.9928680362
0.9811252023
0.9796207789
0.9640439284
0.9754872734
0.9579425573
0.9710646544
0.9764215729
0.9893384922
0.9913650531
0.9872014520
0.9911003783
1.0011749347
0.9984211868
1.0082795377
1.0314847306
1.0271989885
1.0010383940
0.9970988184
1.0180345639
1.0055361688
0.9796692395
0.9590650361
0.9539446289
0.9325348339
0.8995442455
0.8598192716
0.8491394190
0.8345128585
0.8448267630
0.8775570286
0.9064848738
0.9305499011
0.9528146867
0.9688000328
0.9639269980
0.9285457064
0.8933841274
0.8716342579
0.8252332912
0.8058166375
0.7976067487
0.8050553128
0.8073687521
0.8605855468
0.9373419851
0.9660388793
0.9950540474
1.0110270138
0.9946531839
0.9943636517
0.9868786715
0.9846174827
1.0007789260
1.0040485557
0.9895726225
0.9844823176
0.9837911548
0.9659896428
0.9464350074
0.9506852916
0.9600214452
0.9636318179
0.9721228620
1.0029256261
0.9783639864
0.9684805545
0.9632715360
0.9435297439
0.9505485324
0.9561657172
0.9625413339
0.9668964900
0.9586037844
0.9736254679
0.9990623857
0.9950103092
0.9864402361
0.9910197008
0.9847225588
0.9895989099
0.9870455162
0.9798440641
0.9702250293
0.9684503372
1.0096556112
0.9945659850
0.9861037710
0.9958068658
1.0001030918
0.9883075994
0.9820435546
0.9769377155
0.9622418719
0.9519758036
0.9554857470
0.9588503015
0.9610088478
0.9670275470
0.9652308702
0.9637361082
0.9610012332
0.9806274194
0.9979951128
0.9838398775
0.9781299032
0.9849886943
0.9593369533
0.9560031708
0.9390648759
0.9613743187
0.9740573994
0.9748346043
0.9743894108
0.9728984396
0.9817966484
0.9880221485
0.9855743078
0.9844825381
0.9690337910
0.9603163727
0.9846697130
0.9970565940
0.9716629495
0.9635615517
0.9685476443
0.9796425051
0.9897440218
0.9809136605
0.9683437691
0.9870487362
0.9644758627
0.9610414631
0.9612679254
0.9694774208
0.9869083105
0.9883366413
0.9783585200
0.9774723254
0.9823568080
0.9854856751
0.9835943108
0.9897344897
0.9907855595
0.9880456051
0.9767676647
0.9925706552
1.0268122914
1.0158007396
1.0227899898
1.0337669471
1.0287600876
1.0223509296
1.0028360553
0.9785110490
0.9697871700
0.9738631600
0.9885711024
1.0018173196
0.9966882417
1.0007712289
1.0193756908
1.0292772091
1.0222065362
1.0236504237
0.9919063247
0.9649967534
0.9756798220
1.0014142543
1.0073609757
0.9902024152
0.9865916053
0.9798201752
0.9906212865
0.9934529167
0.9746353365
0.9674633012
0.9743143211
0.9804550422
0.9804142849
0.9650299080
0.9740136665
0.9807114756
0.9623460113
0.9729702195
0.9793868002
0.9830530589
0.9830200545
0.9919360741
0.9890442412
0.9995724428
0.9975483158
0.9831058067
0.9866598456
1.0027692347
1.0056555855
0.9926918737
0.9899515573
1.0009176637
1.0044924203
0.9984671939
0.9863027678
0.9831508863
0.9842992666
0.9940894970
0.9846154170
0.9791903086
0.9805624127
0.9823757547
0.9854642549
0.9673042087
0.9786187167
1.0055455051
1.0073095389
1.0004474077
1.0055005227
1.0073657956
0.9975644206
0.9868679995
0.9841897887
0.9900831862
0.9897890068
0.9771303622
0.9779558342
0.9804758772
0.9901919864
1.0009612894
0.9994053474
0.9827396319
0.9940529758
1.0071118880
1.0183646753
1.0033679851
1.0005747841
0.9920094764
