#flux
0.9570323357
0.9542004583
0.9738841405
0.9664154248
0.9517442634
0.9403786561
0.9432227276
0.9490760864
0.9434565041
0.9399373888
0.9408632624
0.9436334266
0.9537021019
0.9603888633
0.9545264238
0.9444784198
0.9351876190
0.9357425307
0.9417213483
0.9378363208
0.9304919087
0.9358166777
0.9499778998
0.9478176569
0.9296949633
0.9312488725
0.9364208255
0.9404816024
0.9507121107
0.9538439786
0.9450616188
0.9387471982
0.9381245123
0.9426013581
0.9504734169
0.9503328891
0.9433321703
0.9413492317
0.9352172167
0.9364815847
0.9452365378
0.9421649759
0.9460558145
0.9892558955
0.9816404477
0.9832698953
0.9974933016
1.0057868088
0.9909398010
0.9624019596
0.9427599512
0.9349957934
0.9265588048
0.9171064754
0.9122515735
0.9116664036
0.9152268251
0.9207604311
0.9255196888
0.9241029146
0.9150625300
0.9080526372
0.9111033164
0.9085315572
0.9052516288
0.9055536263
0.9123027198
0.9199698611
0.9186425681
0.9063414224
0.8946161989
0.8926640784
0.8883206932
0.8791392258
0.8842677057
0.8994774273
0.8995618185
0.8922034179
0.8941979590
0.8993268556
0.9039476851
0.9127239153
0.9036876510
0.8947354075
0.8980789344
0.8991887192
0.8877418455
0.8799176952
0.8783499617
0.8854293451
0.9001164196
0.9024467793
0.8894072472
0.8707996342
0.8559269992
0.8517174310
0.8543317325
0.8533627918
0.8493253313
0.8544042263
0.8693443072
0.8806347199
0.8841874086
0.8733125902
0.8674835901
0.8735417809
0.8787598916
0.8705255189
0.8641063951
0.8703440361
0.8769647620
0.8728364952
0.8668648265
0.8630397837
0.8623171810
0.8653577234
0.8666986488
0.8660016327
0.8623065047
0.8524487247
0.8391614672
0.8356291694
0.8499645833
0.8635287702
0.8674779439
0.8466880765
0.8261464818
0.8230751200
0.8290395733
0.8309184901
0.8336107557
0.8467884903
0.8598281360
0.8614388350
0.8554109991
0.8503297945
0.8454070932
0.8376413401
0.8344131750
0.8318756849
0.8286039095
0.8273031237
0.8260958424
0.8258812816
0.8271774971
0.8161317735
0.8148397961
0.8135265548
0.8102724511
0.8177045269
0.8217343892
0.8120443117
0.8038384608
0.7992237123
0.7921737103
0.7862249494
0.7813740562
0.7766683554
0.7766982931
0.7745262828
0.7795477054
0.7894489466
0.7865575612
0.7661950482
0.7494755477
0.7501928105
0.7384751220
0.7406423826
0.7456777382
0.7516108591
0.7506839231
0.7451845468
0.7398063072
0.7301662830
0.7191211219
0.7189586123
0.7252944483
0.7272406542
0.7304538456
0.7253023673
0.7141491565
0.6999459563
0.6930703454
0.6918419202
0.6860135149
0.6818269327
0.6775052547
0.6641422389
0.6500393455
0.6428034084
0.6403430806
0.6364804192
0.6286524877
0.6143107176
0.5957239577
0.5844022819
0.5866278711
0.5937829933
0.5873234571
0.5539892957
0.5223988501
0.4835062782
0.4426781642
0.4248743800
0.4109103505
0.3922484792
0.3798010486
0.3586318017
0.3419541789
0.3255602626
0.3169286175
0.3152952842
0.3185274554
0.3158358837
0.3105785522
0.3168185315
0.3321216711
0.3436133175
0.3480446635
0.3522472418
0.3663627263
0.3895545980
0.4071209287
0.4095351914
0.4247840587
0.4546859142
0.4784110977
0.4964777624
0.5131768126
0.5263329668
0.5508236291
0.5734495578
0.5960495788
0.6217225647
0.6368231581
0.6326501943
0.6261987628
0.6350252662
0.6518429870
0.6700757254
0.6844811858
0.6850560815
0.6991200574
0.7056722522
0.7075853231
0.7121383353
0.7149119033
0.7090102784
0.7103183366
0.7201800383
0.7338016276
0.7459963608
0.7421820342
0.7351744709
0.7394925891
0.7470580294
0.7475143698
0.7449827194
0.7489847608
0.7589652723
0.7666514701
0.7741957246
0.7793461166
0.7739502134
0.7718902138
0.7758153481
0.7800528685
0.7879747644
0.7892579462
0.8017933963
0.8056666290
0.7992886506
0.8010464248
0.8139467707
0.8204835020
0.8108473898
0.8001973425
0.8017244160
0.8076455349
0.8078591779
0.7951935138
0.7999077521
0.8095502974
0.8163862880
0.8278778258
0.8396016339
0.8421574452
0.8404755933
0.8419338282
0.8487992700
0.8454073153
0.8438364916
0.8506341742
0.8588977434
0.8640305862
0.8664841657
0.8724121942
0.8872946864
0.8995124905
0.8920270944
0.8746810361
0.8665390879
0.8645906363
0.8410364705
0.8385813115
0.8382975408
0.8515608915
0.8668363831
0.8635704062
0.8506492724
0.8442273130
0.8459614339
0.8602977301
0.8631125888
0.8599684087
0.8527142061
0.8482330775
0.8573305786
0.8593057861
0.8562270461
0.8635294420
0.8769016027
0.8788439712
0.8697239661
0.8690523897
0.8685428629
0.8654361195
0.8667183698
0.8717507269
0.8747043105
0.8788298797
0.8809775358
0.8819763900
0.8878873201
0.8973158936
0.9028630427
0.9045260515
0.9056389546
0.9047969990
0.9015473055
0.8963396950
0.8950238776
0.9004588879
0.9056080995
0.9007983769
0.9005372113
0.9008257977
0.8939910244
0.9053099580
0.9205434297
0.9229069449
0.9185977050
0.9064518775
0.8919822834
0.8956647674
0.9124413972
0.9234017480
0.9238994734
0.9175877586
0.9123879329
0.9110578444
0.9092673020
0.9152723468
0.9201099704
0.9317286490
0.9368468613
0.9400336521
0.9323514779
0.9194707910
0.9184077059
0.9188889638
0.9140863347
0.9139986691
0.9176755871
0.9185318666
0.9220818848
0.9335549116
0.9446679312
0.9421938991
0.9254729753
0.9106009108
0.9062231003
0.9180339699
0.9325386891
0.9354864857
0.9375430218
0.9418070483
0.9348104980
0.9440115027
0.9422757114
0.9312821860
0.9342051650
0.9374165899
0.9330160276
0.9357608155
0.9484710758
0.9565698898
0.9535369889
0.9478987725
0.9469855434
0.9463557818
0.9399351949
0.9355612751
0.9413528464
0.9330356871
0.9216639806
0.9301675721
0.9420026316
0.9380287524
0.9233640955
0.9182286642
0.9299791675
0.9400721955
0.9333852697
0.9273251581
0.9330096539
0.9366724937
0.9389017194
0.9461267162
0.9464325493
0.9421796909
0.9361317148
0.9401554015
0.9509134091
0.9565749836
0.9515632554
0.9455517820
0.9526012659
0.9555161887
0.9617439759
0.9550080622
0.9590350354
0.9522356496
0.9489654314
0.9568073574
0.9578778699
0.9625211338
0.9907435913
1.0211031359
1.0254692386
1.0158964509
1.0093843238
1.0014059654
1.0009817550
0.9784490687
0.9602680587
0.9643994012
0.9746880442
0.9798685091
0.9693467752
0.9643176605
0.9630325665
0.9594196250
0.9628685285
0.9673662262
0.9624467679
0.9527563232
0.9503952410
0.9527943724
0.9532854096
0.9587170704
0.9603306207
0.9531056586
0.9515389775
0.9598085948
0.9703777249
0.9685802888
0.9631437471
0.9712526064
0.9784748755
0.9802306396
0.9686024812
0.9629788991
0.9611492271
0.9627929524
0.9655553520
0.9678983013
0.9763830465
0.9913198434
0.9940304867
0.9717394184
0.9503545958
0.9575691681
0.9721465745
0.9716366090
0.9755228184
0.9742857060
0.9825513833
0.9594547164
0.9566806548
0.9646031600
0.9774288764
0.9904755981
0.9874901916
0.9845344737
0.9879719019
0.9816907900
0.9747272984
0.9817341362
0.9916610745
0.9958124889
0.9871336774
0.9736311062
0.9799389043
0.9926369078
0.9869612887
0.9869279608
0.9965037658
0.9934033816
0.9828999811
0.9700307690
0.9687430378
0.9829189937
0.9801811409
0.9692617464
0.9718189399
0.9786664204
0.9794569880
0.9759633158
0.9616829777
0.9379332096
0.9293882620
0.9469623222
0.9747998155
0.9839314584
0.9801656866
0.9759581684
0.9725762105
0.9805160738
0.9839927487
0.9779737282
0.9742952505
0.9817782914
0.9898205146
0.9769675368
0.9694529404
0.9684436020
0.9666220928
0.9685628792
0.9677102850
0.9682296385
0.9809844604
0.9986068868
1.0048948969
0.9998317880
0.9974561650
0.9992476041
0.9927727841
0.9887496265
0.9850779715
0.9753456189
0.9739512938
0.9767441136
0.9895696838
0.9932448609
0.9847561775
0.9845848529
0.9932237873
0.9921817041
0.9869252011
1.0001386851
1.0211119511
1.0184897973
0.9999323635
0.9780890964
0.9642677021
0.9639978171
0.9835869045
0.9972543383
1.0056976406
1.0008323873
1.0008683167
1.0065967377
1.0061583696
0.9947508112
0.9781577602
0.9707780154
0.9735171740
0.9783207829
0.9810853799
0.9794402429
0.9785436347
0.9845207013
0.9933192871
1.0087479505
1.0029387745
0.9983677119
0.9926543282
0.9873070510
0.9857780569
0.9893800068
0.9974940047
1.0004749242
0.9923188442
0.9818764931
0.9892643258
1.0017576013
0.9964951870
0.9887560814
0.9926095544
0.9903528639
0.9828899553
0.9817263273
0.9776847950
0.9795918612
0.9805814395
0.9935289362
1.0012362252
0.9825417097
0.9734292648
0.9807731122
0.9911288764
1.0052107900
1.0160827733
1.0026972573
0.9867151522
0.9879338106
0.9889048414
0.9777095123
0.9686036637
0.9741308349
0.9840080293
0.9776132597
0.9753843219
0.9940835781
1.0037833616
0.9915572694
0.9852536587
0.9885279933
0.9974567803
0.9940324567
0.9776070428
0.9738729058
0.9798123898
0.9866157147
0.9842893024
0.9849865437
1.0020256361
1.0122004042
1.0099632349
1.0185495592
1.0267754521
1.0265526902
1.0240484232
1.0119449372
0.9979073466
0.9978857351
0.9938957194
0.9886202275
0.9840152079
0.9876402431
0.9823344893
0.9948541458
1.0050502731
1.0182631690
1.0189747077
1.0071785708
1.0010822578
1.0021771321
1.0044779945
1.0070311431
1.0062852372
1.0069354023
1.0082669817
0.9954856053
0.9861500247
0.9989912381
1.0210349742
1.0247466435
1.0240054103
1.0263961813
1.0097033130
1.0041377119
1.0028373256
1.0155311830
1.0186673828
1.0171128338
1.0224321322
1.0267503348
1.0235177536
1.0151340649
1.0054595645
1.0009631857
1.0055401852
1.0129644071
1.0131999344
1.0017201731
1.0002665140
1.0148257631
1.0011077950
0.9938753334
0.9947375705
0.9938085982
0.9898486016
0.9906769483
0.9967538994
0.9935530390
0.9910991354
1.0014118019
1.0058281615
0.9947792329
0.9913964360
0.9987258235
0.9926848004
0.9855945343
0.9952456248
0.9978678137
0.9884413512
0.9690033684
0.9549049341
0.9546948288
0.9465446734
0.9435544512
0.9468169175
0.9439873513
0.9453570070
0.9481535402
0.9386849358
0.9298522761
0.9390356406
0.9542536199
0.9568052163
0.9493091654
0.9439959131
0.9417759777
0.9422551539
0.9632820463
0.9784819610
0.9691343999
0.9545310518
0.9667649623
0.9722249568
0.9783660542
0.9768128945
0.9939399987
1.0063538325
0.9993682693
0.9896138640
0.9900567045
0.9935508746
0.9945563579
0.9969499275
1.0000924979
1.0039788038
1.0046541605
0.9959601326
0.9884845695
0.9799325668
0.9918423606
0.9985867173
1.0028115053
1.0123150645
1.0163686873
1.0162032679
1.0231217278
1.0219593771
1.0140071756
1.0046793738
0.9972412212
0.9964835223
1.0033276473
1.0138197341
1.0199403648
1.0160677957
1.0168702224
1.0235499185
1.0218408546
1.0195275142
1.0132280929
0.9985101451
1.0017685055
1.0182627244
1.0158480057
1.0092969849
1.0047377352
1.0072430827
1.0156485142
1.0101117782
0.9979740076
0.9968334325
0.9989837830
1.0013017155
1.0109656396
1.0142000536
1.0129626389
1.0062314796
1.0022600911
1.0009489174
0.9980646500
0.9904078266
0.9815746694
0.9893833713
0.9980918776
0.9897080685
0.9785043460
0.9818283074
0.9872888321
0.9908428891
0.9934565757
0.9959144042
0.9972405523
0.9972976148
1.0009470371
1.0080939301
1.0159805990
1.0084996818
0.9935223861
0.9878509685
0.9917949043
1.0019477252
1.0014359770
1.0096425610
1.0174999265
1.0078645249
0.9991621419
1.0019196351
1.0066657397
1.0056647286
1.0065950152
1.0143070835
1.0212128649
1.0199073915
1.0131736097
1.0103296921
1.0137051964
1.0133231267
1.0050746857
1.0096137004
1.0117367679
1.0110732748
1.0097096170
1.0189642537
1.0198181701
1.0184324288
1.0133608386
1.0009693483
0.9950317580
1.0014770897
1.0077417062
1.0074748530
1.0070256629
1.0070331789
1.0048589145
1.0086559427
1.0196271267
1.0227640543
1.0194812871
1.0133079384
1.0165941109
1.0242028266
1.0189682637
1.0062474880
0.9984510107
1.0109188533
1.0321861555
1.0287331385
1.0114893965
1.0027322184
1.0076497993
1.0136313842
1.0152272891
1.0191176856
1.0208299259
1.0146116705
1.0166632606
1.0272136100
1.0298246328
1.0260577590
1.0200507760
1.0157246483
1.0123437445
1.0035312392
1.0118559650
1.0221621284
1.0100549614
1.0038894742
1.0060123172
1.0093650629
1.0140022688
1.0176901032
1.0134878923
1.0084688719
1.0157337343
1.0260000105
1.0269262151
1.0277139330
1.0416751577
1.0440134939
1.0450307801
1.0261117706
1.0198609133
1.0300373424
1.0312177128
1.0241448899
1.0227876234
1.0190580109
1.0037888882
0.9898156631
0.9830137639
0.9825396724
0.9890262548
0.9907474653
0.9819884753
0.9762960539
0.9723770264
0.9761681101
0.9833543216
0.9772379866
0.9868797091
1.0041993192
0.9880048181
0.9868536634
0.9998142353
0.9950994745
0.9971960197
0.9951827400
0.9892696419
0.9948788178
1.0086034707
1.0110685446
1.0025293040
0.9985015619
1.0026103536
1.0083435640
1.0083337585
0.9990254777
0.9935098664
0.9975378579
1.0000721853
0.9944429178
0.9918971098
0.9996421980
1.0064207189
1.0120356282
1.0122796962
1.0063617662
1.0102488869
1.0105175367
1.0057993273
0.9986256277
0.9921466447
0.9934433039
0.9977584331
0.9944955273
0.9899332377
0.9917135055
0.9903789245
0.9952039397
1.0065702114
0.9954188443
0.9978064996
1.0104068665
1.0196912737
1.0089309573
0.9976341870
0.9990309491
0.9990767285
0.9973691919
0.9982452709
1.0034582988
1.0107351242
1.0120589412
1.0080197401
1.0070652086
1.0079198930
1.0113706470
1.0092545888
0.9991173155
1.0065320669
1.0054543892
0.9835000618
0.9856372925
0.9941990682
0.9918658526
0.9815418827
0.9745533902
0.9703574108
0.9709744131
0.9832441736
0.9993374247
0.9978154205
0.9924133833
1.0105201144
1.0305364384
1.0201620782
0.9983730372
0.9986659520
0.9947668547
0.9826840077
0.9493123793
0.9604907870
0.9715029759
0.9614626243
0.9527809503
0.9535371274
0.9442240442
0.9358670354
0.9445213871
0.9745395009
1.0036650376
1.0118124815
1.0093503283
1.0069321671
1.0046917232
1.0091316488
1.0082435172
1.0001307799
0.9971738318
1.0032782024
0.9975582350
0.9857910732
0.9868253943
0.9910306034
0.9967650492
1.0026985276
1.0075895295
1.0148438193
1.0169015269
1.0108336269
1.0040412754
1.0002743585
1.0021938807
1.0092062612
1.0121677296
1.0063478906
0.9972268684
0.9945614160
1.0040076281
1.0002629120
1.0069298804
1.0184898545
1.0150063138
0.9979716007
1.0007201996
0.9988076881
0.9937241673
0.9926558781
1.0032555270
1.0157995355
1.0144283124
1.0095133540
1.0069353558
1.0020293284
0.9978055602
0.9961566675
1.0001290393
1.0032236846
1.0003033273
1.0003323414
0.9908310566
1.0014154042
1.0138113738
1.0067607854
0.9974366257
0.9939102661
0.9955581570
0.9897294118
0.9872329915
0.9844654811
0.9827733766
0.9866633134
0.9964608113
1.0045774008
1.0049360049
0.9993480230
0.9872228079
0.9798172670
0.9863477335
0.9874786364
0.9814806561
0.9882576252
0.9933133165
0.9852956820
0.9791421574
0.9805126541
0.9918704887
1.0020913717
0.9935219192
0.9808740830
0.9854595640
0.9941138189
0.9948135282
0.9954203181
0.9991294698
1.0040107342
1.0102883642
1.0087897202
0.9998028732
1.0061286211
1.0129432232
1.0181525703
1.0167539972
1.0075422613
1.0023223481
0.9911880207
0.9954706869
0.9997379231
0.9998259898
1.0025621789
1.0120207198
1.0141966146
1.0077119420
0.9963398472
0.9889916918
0.9991259016
1.0096689575
1.0046787266
0.9914496392
1.0057787729
1.0345001944
1.0340173886
1.0109729445
0.9869095571
0.9960317268
1.0050252202
1.0051200306
1.0059396901
1.0072157738
1.0017897901
0.9935103697
0.9877004722
0.9901894820
1.0023624610
1.0076076425
0.9991478500
0.9983442050
1.0045331819
1.0044029420
0.9909724185
0.9938118482
0.9976592935
0.9922902052
0.9813380911
0.9896060048
0.9893553860
0.9959029109
1.0075621070
1.0024094693
0.9921360759
0.9951248579
1.0020485399
1.0065023193
1.0108668562
1.0086224884
1.0041338762
1.0094303120
1.0104530687
1.0089703921
1.0030377550
1.0178473024
1.0171331629
1.0148161720
1.0099391462
1.0052446547
1.0099540506
1.0137140754
1.0094955600
1.0010964434
1.0032518802
1.0132938561
1.0171560932
1.0141244277
1.0114378391
1.0103133037
1.0063318240
0.9981173942
0.9920233493
0.9911665172
0.9982665954
1.0026663972
1.0000308048
0.9922277160
1.0029937796
1.0125731909
1.0069772596
1.0051134230
1.0076442835
1.0103700262
1.0008490037
0.9906566317
0.9941800536
0.9946903278
0.9861073839
0.9872706830
0.9980071711
1.0015260517
0.9984219147
0.9938422720
0.9968353738
0.9942169794
0.9822568207
0.9913779049
1.0042928005
1.0046780812
0.9960974507
0.9894717395
0.9942044427
1.0062115553
1.0107141202
1.0117076762
1.0128241142
1.0044817285
0.9913245105
0.9894371997
1.0018167988
1.0144843201
1.0133661423
1.0125000397
1.0237436001
1.0214293499
1.0130466408
1.0121427209
1.0097840236
0.9909652060
0.9828282031
0.9826906255
0.9839602886
0.9830832780
0.9796095381
0.9827650669
0.9962643357
1.0079953581
1.0097251690
1.0070844605
1.0057300056
1.0042194152
1.0019056174
0.9996977069
0.9942666356
0.9941762511
1.0078225056
1.0151232523
1.0168808370
1.0204662882
1.0118606678
0.9997759195
0.9994391169
1.0099298342
1.0216695446
1.0250426771
1.0162124854
1.0002444609
0.9886591932
0.9854522586
0.9881512080
0.9938823260
0.9951349010
0.9916958889
0.9904250401
0.9845365294
0.9891757685
0.9991494639
0.9997880529
0.9969863159
0.9911468668
0.9890161332
0.9957995422
1.0088623156
1.0202031400
1.0230028971
1.0147423577
1.0081952337
1.0080425233
1.0046151266
1.0019711059
1.0086648820
1.0088800427
0.9964729694
0.9983317925
1.0167773542
1.0075342738
0.9861402071
0.9889555969
0.9857639263
0.9864705771
0.9873884776
0.9887774915
0.9890230447
1.0043035780
1.0127369295
1.0043174183
0.9955818385
0.9916632975
0.9918557295
0.9932808522
0.9908616452
0.9901187790
0.9868389229
0.9769676081
0.9849967151
0.9912861169
0.9950624136
1.0111161577
1.0136607059
0.9970985633
0.9826629357
0.9945405056
1.0035089872
1.0144012082
1.0278117050
1.0218683848
1.0125588534
1.0118672383
1.0098692293
1.0083690711
1.0048467585
0.9886267994
0.9776428675
0.9782440299
0.9913435539
0.9892430586
0.9964993208
0.9980979739
0.9996974240
0.9894534812
1.0054294054
1.0068529756
1.0017408341
1.0016026033
1.0004863370
0.9988840559
1.0021556401
1.0020714449
1.0005983118
1.0113047212
1.0167077986
1.0015180734
0.9980560351
1.0033732518
1.0134915362
1.0127098394
1.0060549623
1.0007088264
1.0039683342
1.0132958309
1.0043251960
1.0003702417
1.0077904036
1.0295713919
1.0247115930
1.0024560710
0.9939782872
0.9888353343
0.9846385979
0.9906596089
0.9979866573
1.0014693060
1.0054761400
1.0104880337
1.0109655194
1.0069812765
0.9996092197
0.9978212264
0.9960989005
0.9939424295
0.9945703028
0.9966932875
0.9851353532
0.9720898069
0.9862369682
0.9998341788
0.9954881302
0.9931781159
1.0053703332
1.0178476511
1.0152655633
1.0031318695
0.9955109773
0.9930292072
0.9940146298
0.9858576674
0.9878260322
0.9924422759
0.9985864074
1.0024083976
1.0026796404
1.0007034531
1.0062708141
1.0117675490
0.9976423949
0.9910653098
0.9912502403
0.9964555969
1.0044762011
1.0071337996
1.0040670097
0.9937320603
0.9772959012
0.9703194359
0.9615568888
0.9589604749
0.9685937164
0.9756536627
0.9738087379
0.9749493526
0.9686430379
0.9685179703
0.9635709531
0.9615443474
0.9577304114
0.9483893732
0.9470189887
0.9589378622
0.9671241468
0.9710097463
0.9795976045
0.9860843943
0.9874832695
0.9867660170
0.9874822181
0.9838181381
0.9892302396
1.0027825707
1.0148088797
1.0014979699
0.9940419868
0.9943154084
0.9929585603
0.9816460063
0.9781985972
0.9770088978
0.9750808364
0.9851238229
0.9972969445
0.9987776674
0.9990428751
0.9965561122
0.9899705283
1.0000022859
0.9982530340
1.0027793247
1.0134320297
0.9954313799
0.9946091945
0.9840693129
0.9929342093
0.9972899410
1.0049739507
1.0111986546
1.0129150298
1.0033448551
0.9771850260
0.9642179873
0.9784200958
0.9971060001
1.0010550750
1.0007396564
1.0106284553
1.0209585234
1.0240819060
1.0196717627
1.0014239595
0.9863996195
0.9870318160
0.9892113058
0.9852023862
0.9978862453
1.0036333139
1.0035608417
0.9875109572
0.9828531958
0.9962964508
1.0152880108
1.0128378196
0.9997963669
0.9991620356
1.0009460232
0.9965980049
0.9979331439
1.0067745319
1.0013227765
1.0070450811
1.0000260385
1.0099717901
1.0001343939
0.9916568160
0.9990853084
1.0023433079
1.0061442986
1.0015355150
1.0005377738
1.0047798558
1.0094135985
1.0060894678
0.9960761231
0.9835810247
0.9741238449
0.9769526420
0.9889391265
1.0003413937
1.0022278509
0.9951024697
0.9989738185
0.9898764451
0.9883897169
0.9953864573
0.9967057771
0.9918302826
0.9833844571
0.9925344970
1.0030704389
1.0122152867
1.0037472085
0.9883596190
0.9856192350
0.9883613209
0.9804566925
0.9678285399
0.9721060478
0.9940652119
1.0105655009
1.0168943015
1.0075031910
0.9944773386
1.0013753803
1.0035036910
1.0067101925
1.0098972017
1.0074195031
1.0168551591
1.0198250516
1.0089675211
1.0043240743
1.0109665498
1.0135836273
1.0119762742
1.0129640832
1.0065832317
0.9940560537
0.9936627932
0.9949785876
1.0041955958
1.0095037688
0.9993522752
0.9898912264
1.0165473563
1.0174852159
1.0056423758
0.9963018185
0.9961309298
0.9939403253
0.9976512323
0.9988779607
0.9956944495
0.9926377830
0.9884669734
0.9882620566
0.9949990272
1.0001781537
1.0058234568
1.0020870453
0.9755685817
0.9618505989
0.9753863273
0.9711528661
0.9691030479
0.9776204813
0.9851220711
0.9868640221
0.9842738197
0.9814429293
0.9698947521
0.9687672520
0.9875535113
1.0117561589
1.0104864553
0.9848631402
0.9661590190
0.9646322835
0.9757248569
0.9831320156
0.9852135316
0.9816282376
0.9948988475
1.0115224674
1.0022816734
0.9990840673
0.9978024021
0.9853267513
0.9881460922
0.9948382532
0.9979703777
0.9933155815
0.9760935932
0.9764998690
0.9945241887
1.0026751412
1.0021453772
1.0009624113
0.9981937606
1.0014700374
1.0089093595
1.0080424734
1.0056304834
0.9911718229
0.9841413677
0.9967574755
1.0189643017
1.0194369277
1.0013866347
0.9834975421
0.9850448897
0.9836824235
0.9902808546
1.0042181238
1.0050808433
0.9943002307
0.9892745990
0.9946981489
1.0022873601
1.0050398909
1.0032935235
0.9905535971
0.9952546627
0.9937302675
0.9962072239
1.0042802575
0.9932341847
0.9809307290
0.9867693137
0.9949773206
1.0035396934
1.0061124486
1.0027187739
1.0013987856
1.0072171717
1.0103115784
1.0078496672
1.0067741390
1.0010884264
0.9989135357
1.0047354084
0.9956974888
0.9996437120
0.9955426657
0.9999126787
0.9979572808
0.9915553913
0.9974114315
1.0014006434
1.0025921264
1.0011316637
0.9906638368
0.9806262966
0.9814990392
0.9937440278
1.0040619210
0.9978214093
0.9949819960
1.0139914639
1.0141348463
1.0048637047
1.0004436239
0.9868575219
0.9914054656
0.9964286859
0.9929586122
1.0043143001
1.0086832442
0.9972785460
0.9987628568
1.0027609103
1.0081404020
1.0049687356
0.9938674211
0.9928521802
0.9980767652
0.9911956764
0.9758864441
0.9725873164
0.9881521419
0.9917179953
0.9767618532
0.9827344922
1.0002025145
1.0005455458
0.9918114754
0.9899663476
0.9881365934
0.9897740391
0.9958294648
0.9908595569
0.9872728680
0.9959081997
0.9939341118
0.9967156314
1.0149116573
1.0106690033
0.9939559673
1.0068103030
1.0134935909
1.0183520316
1.0244049607
1.0163689706
0.9955994449
0.9916736934
0.9919181573
1.0003986409
1.0081826589
1.0206736968
1.0203205667
1.0144527209
1.0145443427
1.0040207917
1.0046394379
1.0158656031
1.0049117934
0.9917085655
1.0017966818
1.0083556064
1.0036999707
0.9813695069
0.9783918994
0.9846286155
1.0055878115
1.0194314838
1.0091331359
0.9907454928
0.9755666444
0.9848792713
1.0002557344
0.9968542121
0.9942483413
0.9982358886
0.9866680044
0.9798342537
0.9749219503
0.9749627491
0.9934567218
1.0047209777
1.0098986246
1.0147968260
1.0150363030
1.0036636979
0.9978089088
1.0005908685
1.0000228810
0.9829232840
0.9798811178
0.9876423663
1.0013275886
0.9947044450
1.0008189629
1.0168573386
1.0150082572
0.9977994376
0.9911210807
0.9968428165
1.0041383771
1.0062839040
0.9925476635
0.9821841227
0.9876511033
1.0035411752
1.0026371724
1.0058780640
0.9948245946
0.9900792699
0.9984266489
1.0067602634
1.0033125040
1.0053306483
1.0098483578
1.0011421813
0.9929136481
0.9960161688
1.0012585834
0.9941285451
0.9809608368
0.9817363605
0.9882329100
0.9804600019
0.9781971783
0.9829712682
0.9751921544
0.9795266607
0.9932740253
0.9938597087
0.9920861311
0.9840321003
0.9726700316
0.9817751520
0.9921357172
0.9833147303
0.9825187774
0.9877581557
0.9940849170
0.9969994071
0.9927691478
0.9882727466
0.9866020648
0.9960420391
1.0041443534
1.0116779287
1.0081340487
1.0051588803
0.9956151330
0.9814611773
0.9878340157
0.9936041738
0.9933879697
0.9859711059
0.9841871018
0.9818313142
0.9876168768
0.9948776334
0.9959785068
0.9926731209
0.9909649500
0.9934606568
0.9939659331
0.9942521556
1.0015903888
1.0031745647
1.0012998919
0.9989141562
0.9897603388
0.9981613067
1.0144976202
1.0160150518
1.0111157929
1.0058634363
1.0008463311
1.0072852627
1.0052124098
0.9982562795
1.0064275970
1.0181212756
1.0192408044
1.0151097800
1.0020035821
0.9866074328
0.9908824949
0.9906700377
0.9952264734
0.9979060713
1.0075251618
1.0082280680
1.0039225268
0.9942745448
0.9827045818
0.9778522256
0.9785520091
0.9661529192
0.9718105319
0.9967805781
1.0146956298
1.0037661449
0.9881487374
1.0001709567
1.0139740837
1.0035517702
0.9925889201
0.9955862858
0.9907983633
0.9941003460
0.9942878537
0.9865595016
0.9867803128
0.9886774666
0.9758759234
0.9815089578
0.9971468083
1.0057764423
1.0074474313
1.0027132715
1.0049539872
1.0079362740
0.9992733471
0.9884296775
0.9852210079
0.9866546572
0.9886213004
0.9944411960
0.9891498447
0.9934447903
0.9929519080
0.9865824221
0.9895321575
0.9969685227
0.9935608912
0.9890292107
0.9802026598
0.9666632333
0.9671270189
0.9653454400
0.9557038859
0.9445891493
0.9387707099
0.9439385397
0.9476961391
0.9462554617
0.9612668108
0.9587697681
0.9527484691
0.9563223336
0.9558008707
0.9770565664
0.9771888600
0.9697889522
0.9761767691
0.9929585728
0.9942513901
0.9873392050
0.9862176342
0.9859031248
0.9765394783
0.9768859831
0.9780012697
0.9727810004
0.9797081959
0.9848862460
0.9899247258
0.9969795277
1.0018642444
0.9799939058
0.9797922976
1.0024504732
1.0101249900
1.0070231275
1.0064607614
1.0058238536
0.9887578004
0.9796104840
0.9742287775
0.9716028939
0.9733788433
0.9822676503
0.9998732693
1.0071691603
1.0000183770
1.0004948049
0.9927468006
0.9826860562
0.9958411220
0.9942931114
0.9912855979
1.0057781947
1.0114502757
1.0029995026
1.0061768148
1.0121666878
1.0167640928
1.0155739226
1.0104070277
1.0006567363
0.9849223072
0.9753506386
0.9808016713
0.9859536947
0.9843851405
0.9893561476
0.9915042625
0.9904399172
1.0003810493
0.9903546352
0.9759881791
0.9691648973
0.9746902893
0.9714879603
0.9834445163
0.9868135866
0.9830963368
0.9883937481
0.9773193075
0.9735234442
0.9822584724
0.9888227966
0.9967105257
1.0023410505
1.0014931331
1.0046202548
1.0037870265
1.0019389103
0.9995974981
0.9920752587
0.9889042101
0.9998805282
1.0071291127
0.9960640481
0.9885972532
0.9920227196
0.9922591717
0.9910034590
0.9930791170
0.9942891246
0.9957309944
0.9956415800
0.9903844472
0.9877587579
0.9920156614
0.9905809405
0.9821754967
0.9825738679
0.9863965599
0.9890645987
1.0004772043
1.0098512983
0.9969829254
0.9910822185
0.9737354895
0.9744128496
0.9669399490
0.9693909484
0.9731423431
0.9772790462
0.9985571259
1.0141289001
1.0115554460
1.0081884095
1.0120512119
1.0111139887
0.9992211455
0.9940622826
0.9884420628
0.9888640522
0.9961194470
1.0012062155
0.9832141954
0.9925264536
0.9990677150
0.9902403249
0.9963134992
1.0088461399
1.0177913448
1.0109478971
0.9986606894
0.9946854456
0.9909262052
0.9838681312
0.9737388036
0.9712788999
0.9891264716
0.9879490844
0.9771719329
0.9780020876
0.9946485463
0.9868834875
0.9923570422
1.0062486071
1.0008228502
0.9930017877
0.9941518373
0.9964721017
0.9895991691
0.9771797085
0.9867994623
1.0016205083
0.9937044446
0.9888815559
0.9984426256
0.9945081134
0.9848303678
0.9833618385
0.9862582683
1.0000784982
1.0207958332
1.0081866434
1.0128161663
1.0159288729
0.9895747368
0.9801736869
0.9977144080
0.9990584141
0.9796267213
0.9819427855
0.9960732761
0.9986227510
0.9966403625
0.9918603034
0.9865080594
0.9920876200
1.0013561979
1.0019336678
0.9910576425
0.9943471204
1.0088671851
1.0186794021
1.0119549596
1.0190974429
1.0167568186
1.0119533349
1.0116819584
1.0146455613
