#flux
0.9798209794
0.9224935950
0.9635155492
1.0265283951
1.0225531050
0.9922827433
0.9869784695
0.9957903132
0.9800140634
0.9718768884
1.0356479425
0.9989223745
0.8891267314
0.8756051631
0.9505738993
0.9683107593
0.9120441449
0.9168664623
1.0053077124
0.9817342075
0.9287607909
0.9194076818
0.9224963429
0.9386131625
0.9676891209
0.9745074392
0.9652903645
1.0046514723
1.0672430949
1.0296886070
0.9565527436
0.9564775527
0.9886343107
0.9615412617
0.9481749768
0.9924186913
0.9870137381
0.9635114721
0.9490060460
0.9415670396
0.9616148077
0.9430129708
0.9167176040
0.9107806586
0.9179413561
0.9477841521
0.9878760633
1.0175125097
1.0246832444
0.9953482929
0.9875707492
0.9677509453
0.9509046808
0.9310187401
0.9052077006
0.9243888008
0.9953465904
0.9639348449
0.9121849112
0.9887967599
0.9277041015
0.9116199208
0.9611656178
0.9626835944
0.9310446531
0.8961099596
0.8856389968
0.9371122597
0.9750925925
0.9306049398
0.8946647648
0.8583302049
0.8766165577
0.8992127230
0.8465213454
0.8427177179
0.9078892638
0.9099216399
0.9097727725
0.9226005880
0.9300583258
0.8943275806
0.8854100545
0.9350088648
0.9458069216
0.9399740589
0.9444059965
0.9487996608
0.9389049120
0.8843043643
0.8498167767
0.8482799356
0.8428357216
0.8325100043
0.8604391060
0.9190309274
0.9286603743
0.9500251784
0.9327412675
0.9866995704
0.9842006053
0.9272781057
0.8939526836
0.9211597226
0.9644921258
0.9062263720
0.8568934639
0.8924343720
0.9146086108
0.8972512668
0.8829397265
0.9322041155
0.9534517770
0.9289477077
0.9560481910
0.9486513970
0.9324021028
0.8880499289
0.9498336901
0.9450069136
0.9378911045
0.9269894537
0.8986383711
0.8866896807
0.9041268967
0.9255926277
0.9446660638
0.9260036638
0.8879130088
0.8864427077
0.8757239593
0.8371144217
0.8332627271
0.8960108315
0.9372392154
0.8800547095
0.9146802167
0.9366587146
0.8228164363
0.8317962493
0.9123628071
0.9295179961
0.9285469433
0.9351092572
0.8903409867
0.8752759977
0.8596998316
0.8426511431
0.8463606487
0.8486355612
0.8770281148
0.9050769640
0.8823713326
0.8617212503
0.8606961185
0.8088718006
0.8035571112
0.8091723677
0.8091848393
0.8276210663
0.8189324494
0.8248326246
0.8054545345
0.7792870842
0.7783392362
0.7563779377
0.7460324451
0.7475793345
0.8011151449
0.8606854512
0.8190176416
0.7747388219
0.7808488498
0.8221830164
0.8493342076
0.8244453180
0.7807662034
0.7910585733
0.7700484379
0.7878253117
0.7638243494
0.7478387371
0.7351703085
0.7487310260
0.7505477280
0.7267497144
0.7518091343
0.7747553299
0.7715948810
0.7590564342
0.7203318983
0.6899056942
0.6906721373
0.7013030635
0.6798552782
0.6720067404
0.6914563349
0.6568512053
0.6452625792
0.6448186089
0.5484769597
0.4679649577
0.4725973580
0.4488819744
0.4001727447
0.3684917172
0.3236897131
0.2425647215
0.1980150033
0.2032737574
0.1787200359
0.1474023546
0.1631984786
0.1439746436
0.1338667317
0.1584854597
0.1938363845
0.2039825728
0.1891188597
0.2090375049
0.2725138093
0.3424355416
0.4555158279
0.4550383904
0.4499311015
0.5160176713
0.5938421046
0.6307649354
0.6397547520
0.6383500873
0.6305481751
0.6263342123
0.6407913187
0.6885803816
0.7430180576
0.7268432402
0.6509304696
0.6674714961
0.7047753799
0.6672243900
0.6629548695
0.7214207776
0.7999372513
0.8974391915
0.8496535170
0.7893132593
0.7521781742
0.7460141553
0.7450150313
0.7444180368
0.7651886069
0.7788112809
0.7986311125
0.8776313889
0.8924128522
0.8093056144
0.7859541677
0.7734986685
0.7968537348
0.8227235391
0.7963671857
0.7712899194
0.7847715654
0.8027491261
0.8547395806
0.8198918307
0.8542470676
0.8582871335
0.8599646116
0.9084245261
0.9364144716
0.9196703422
0.8969469587
0.8732579328
0.8280591427
0.8010618887
0.8407467721
0.8652221206
0.8778956408
0.9243330393
0.9171714713
0.8582657918
0.8581551947
0.8873787446
0.9136762231
0.9515327298
0.9567890511
0.9433303770
0.9235681295
0.9222978056
0.9065465069
0.8473011900
0.8318071073
0.8855478401
0.9014851522
0.9135196921
0.9018053421
0.8158406095
0.8382773334
0.9324484449
0.9450138977
0.9799079164
0.9326639011
0.9220414317
0.9433838463
0.9560002456
0.9402157031
0.8996908376
0.8620268831
0.8777200008
0.9575908907
0.9883369028
0.9799403008
1.0201671768
1.0035972701
0.9547108971
0.9334342192
0.8669996138
0.7885367873
0.7327551933
0.7058055011
0.7786865227
0.8483809635
0.7597345501
0.8852893696
0.9352704346
0.9510802204
0.9718398652
0.9591921525
0.9214229460
0.9023308348
0.9301260402
0.9940842166
1.0330169692
1.0007885486
0.9321341161
0.8996081635
0.9859720515
0.9604120414
0.9566730593
0.9454124463
0.9377020459
0.9251552838
0.9001633950
0.8901546191
0.9015823202
0.9084682636
0.9166777115
0.9133072536
0.9225867668
0.8665821829
0.8582937703
0.9379729056
0.9511363397
0.9247456023
0.9513327605
0.9688369378
0.9228044268
0.8888257683
0.8349585023
0.9264526800
1.0092265438
0.9380713757
0.9781365360
0.9187474112
0.9047620149
0.9577480882
0.9805198605
0.9451138185
0.9135979666
0.9369075546
0.9820417432
0.9993928742
0.9887292666
0.9778794877
0.9655531266
0.9461306545
0.9587589273
0.8894047943
0.8854881841
0.9443014693
0.9495513656
0.9609303521
0.9957039333
1.0075823631
1.0098936021
0.9650555761
0.9191213899
0.9720755458
1.0009813596
1.0011101567
0.9841221150
0.9491959337
0.9274423652
0.9363005079
0.9855520293
1.0214046251
0.9518148550
0.9544865600
0.9772899980
0.9349397865
0.8753641521
0.9303137358
0.8921073598
0.9071785815
0.9735919622
0.9796927755
0.9203316396
0.8706535509
0.9113877292
1.0184264088
1.0182093095
0.9239089645
0.8818619005
0.8952080323
0.8965165189
0.8930869752
0.9026411125
0.9114133090
0.8669008114
0.8304190117
0.9168220442
1.0185433198
1.0386349477
1.0239404553
0.9982750284
0.9312010277
0.9133051903
1.0124463345
1.0248113053
0.9748133158
0.9596652888
0.9586840089
0.9400698335
0.9358295151
0.9702911029
1.0186099781
1.0183447015
0.9460880726
0.9685789587
0.9869996387
0.9250371014
0.9310425087
1.0198782808
0.9727087737
0.8972585523
0.9201160397
0.9483845542
0.9508194185
1.0266587558
1.0558796736
1.0196723140
1.0482739556
1.0431318810
0.9746650184
0.9952007984
1.0511394643
1.0275902855
1.0094880135
1.0196326333
0.9992629831
0.9818049328
1.0168304848
1.0096259141
0.9708924233
1.0038283916
0.9149365556
0.9569632907
0.9856782949
1.0001881497
0.9891789545
0.9965456558
1.0372583499
1.0524041056
1.0080753131
0.9601766769
0.9734693746
1.0215839064
1.0494985250
1.0516728498
0.9635179092
0.9643368402
1.0419329999
1.1680306784
1.0914962620
1.0241615562
1.0057300833
0.9499112967
0.8944541167
0.9040621681
0.9588185419
1.0118029741
0.9703897079
0.9389887961
0.9372204304
0.9357649468
0.9655169692
0.9960435604
1.0264672897
1.0467596449
1.0476082058
0.9941289014
0.9478603958
0.9721858205
0.9757966338
0.9306526714
0.9675480486
0.9865434548
0.9399032968
0.9419216837
0.9864116714
0.9872916233
0.9650374180
0.9529556243
0.9189036400
0.8982586438
0.9423972834
0.9924483668
1.0024508615
1.0000697674
0.9743861391
0.9497050649
0.9573529994
1.0123016017
0.9936335956
1.0104463331
0.9775340488
0.9309202033
0.9650739822
0.9845446390
1.0030759077
1.0035233978
0.9733008523
0.9506652946
0.9303760787
0.9596139861
1.0394056174
1.0702784321
1.0276266337
0.9654192128
0.9369819010
0.9225454604
0.9980534066
0.9394694830
0.9202243041
0.9352003204
0.9677889493
0.9985024824
0.9807821633
0.9741321363
0.9796315237
0.9598287984
0.9881155445
0.9713132554
0.9767360244
1.0040929490
0.9738787833
0.9449353341
0.9631193246
0.9715844856
0.9703294321
0.9786283901
0.9547372693
0.9299946902
0.9146951381
0.8749396066
0.9959527648
1.0241452551
0.9816961105
1.0308554439
0.9642711811
0.9648132575
0.9810578730
0.9548096516
0.9478541753
0.9805898432
0.9945144543
0.9783698358
0.9732627628
0.9751699940
0.9718524085
0.9957372479
1.0265018680
1.0290627158
1.0510409529
0.9936920927
1.0112820765
0.9962612973
0.9437413391
0.9019209576
0.9498594788
0.9426160865
0.9726732458
1.0668031351
1.1238918006
1.1047183134
1.0604921655
1.0381526696
1.0178445852
0.9971008546
1.0049616201
0.9776673914
0.9814810588
1.0029161397
0.9831733445
0.9079176598
0.8766075471
0.9733515043
0.9869606337
0.9783380561
0.9718009680
0.9609944402
0.9704528826
1.0087326692
1.0688003079
1.0633652692
1.0367586372
0.9800968483
0.9396978721
0.9973103992
1.0382442075
1.0891290387
1.0906884112
1.0210349345
1.0003550322
1.0372316021
1.0080625320
0.9298081938
0.9304820184
0.9665163749
0.9644957426
0.9895480119
1.0191432161
1.0069411898
0.9714059836
0.9777200236
1.0333206673
1.0504673242
1.0381319956
1.0516909012
1.0480978849
1.0298598366
1.0155708483
1.0166658775
0.9665692759
0.9842957559
1.0433492422
1.0061570787
1.0201372518
1.0185784458
0.9889891088
0.9964479802
1.0228628809
0.9757820226
0.9614342477
1.0065763856
0.9844026144
0.9383088525
0.9622424388
1.0136982735
1.0298450289
0.9995009959
0.9738640458
0.9976210309
1.0040192435
0.9694051254
0.9711111692
0.9644528387
0.9859300262
0.9599864147
0.9387435414
0.9035121282
0.9527023725
0.9314183361
0.9193595274
0.9578849558
0.9929988052
1.0231881553
1.0130045233
0.9798436290
0.9840750014
0.9750625723
0.9564067700
0.9780936974
1.0070005506
1.0261309259
1.0146585265
1.0060672517
0.9643043377
0.9959061603
0.9916946582
0.9647286550
0.9432236312
0.9442703524
1.0324468848
1.0377467256
0.9798626676
0.9711964394
1.0071149013
1.0336247826
1.0417138739
1.0346243140
1.0058548491
0.9841984018
0.9870956299
0.9499892421
0.9020667861
0.9064575016
0.9023405513
0.9591697382
0.9532351747
0.9139071264
0.9069319067
0.8280967814
0.7318203267
0.6790156904
0.6691071538
0.6874941350
0.7721715630
0.9030673012
0.9646880341
0.9382795576
0.9480020601
1.0144736197
1.0231622184
1.0058807831
1.0208079264
0.9774601294
0.8295599415
0.8074655773
0.8812737064
0.8495060894
0.8926949865
0.8249768757
0.8389489442
0.9110559145
0.9303433922
0.9179268886
0.9167790760
0.9445277960
0.9802961176
0.9918696729
1.0000947751
1.0126038295
0.9947851188
0.9948107814
1.0042991196
0.9778658265
1.0569603293
1.0481748074
1.0783780737
1.0039070168
1.0324024198
1.0050751343
1.0225713299
0.9781981661
0.9689282906
1.0060365124
1.0115853628
0.9928631597
0.9957777404
1.0294853290
1.0696638848
1.0657558787
1.0135306148
0.9838599015
0.9909818547
0.9882553443
0.9520268344
0.9142671761
0.9728157636
1.0010176083
0.9047937153
0.9931486875
1.0337497203
1.0152701068
1.0221756100
1.0161883965
0.9777027362
0.9745803221
0.9671043960
0.9510813492
1.0048763947
1.0678968384
1.0591660560
0.9978704799
0.9677556613
1.0198405267
1.0628198157
1.0650977348
0.9875356219
0.9460052494
0.9435917649
0.9804965564
0.9439254934
0.9274714685
0.9474710816
0.9552052930
0.9837106060
1.0083530388
1.0302414026
1.0480066843
1.0043640308
0.9369605084
0.9425869842
0.9699919017
0.9535504520
0.9252183484
0.9641344021
1.0144267141
0.9992140769
1.0414522263
1.0541618655
0.9783436947
0.9368036025
0.9652381469
0.9797958875
0.9786033328
1.0014582739
1.0081646425
1.0393159724
1.0452529452
1.0289067333
1.0528228139
1.0334922340
1.0070691951
0.9607642067
0.9639340232
1.0096568410
0.9889976052
1.0494845185
1.0267032050
0.9607513021
1.0033769205
1.0073051188
0.9872545414
0.9607761232
0.9534129791
1.0003184538
1.0379120443
1.0579692777
1.0725665124
1.0323365617
0.9630501104
0.9654179850
0.9958917677
0.9652437344
0.9758618044
1.0188868131
1.0160062669
1.0293986598
1.0188415771
0.9676045700
0.9262452903
0.9155196810
0.9084403198
0.9318344748
0.9828753594
1.0082985796
0.9945040470
0.9978466891
1.0417251490
1.0626126448
1.0405103867
1.0172004132
0.9906060356
0.9853857973
1.0373693254
1.0876642913
1.0888110265
1.0492559109
1.0993326054
0.9914534434
1.0363607402
0.9954175903
0.9440304874
0.9808589365
1.0077685184
1.0419317270
1.0188618404
1.0011273051
0.9733181446
0.9759011148
1.0297134129
1.0218610875
0.9662357714
0.9651714831
0.9811284092
0.9584080794
0.9250897619
0.9335444083
0.9653659025
1.0226725576
0.9628730336
0.9605993784
0.9615147744
1.0378192887
1.0392884937
0.9688828391
0.9122528720
0.9028987246
0.9763619988
1.0564877501
1.0165118472
0.9633423105
0.9941294994
0.9713249500
0.9530675670
0.9309699199
0.9387359806
0.8624144412
0.8002174900
0.9183653094
0.9943904957
1.0417619532
1.0524784595
0.9858670132
0.9650577271
0.9767366326
0.9600520905
0.9670591869
0.9902070479
0.9772678550
0.9648002469
0.9829280330
1.0032919461
1.0138347773
0.9884719317
0.9641342756
1.0124228371
0.9810475229
1.0143781779
0.9613779956
1.0156645494
1.0324110646
1.0182674719
0.9884403762
1.0084051742
1.0239229323
1.0063928444
0.9620044596
0.9428798083
0.9345658360
0.9846504099
1.0491393692
1.0195013775
0.9638605610
0.9493459161
0.9420433984
0.9458778275
0.9797747883
1.0150107554
0.9960279884
0.9366520526
0.9318902237
0.9888409913
0.9791730978
0.9862558906
0.9719746068
0.9439610716
0.9473480836
1.0050472049
1.0128998596
0.9927627350
0.9815838543
0.9729515814
0.9806086439
0.9564785923
0.9272036502
0.9700856696
0.9700838654
0.9646158243
1.0321001410
1.0309666394
0.9837728506
1.0121655827
1.0370373248
1.0440477115
1.0423272264
0.9907858901
0.9690146306
0.9977774519
0.9901098812
0.8956720317
0.8137665977
0.7997621612
0.7954864525
0.8120096096
0.8762769281
0.9163680324
0.9374147582
0.9476319993
0.9642883771
0.9676174532
0.9597296980
0.9929726223
0.9649146770
0.9559310660
1.0407994554
1.0431842376
0.9730667976
1.0190110936
1.0764876205
1.0354461274
1.0427751803
1.0944398297
1.0782014540
1.0423068719
1.0123248869
1.0146229397
1.0469401111
1.0684125805
1.0224038459
1.0564348959
1.0477552541
1.0122669543
1.0282143089
1.0489895447
1.0257984032
1.0155984066
1.0021391931
0.9798681191
1.0152591600
1.0509037273
1.0573926398
1.0449973385
1.0083288568
0.9697741786
0.9676300053
0.9970104054
1.0118063153
1.0544979549
1.0932975472
1.0662217839
1.0916572020
1.0417966298
1.0139422070
0.9706081191
0.9829985656
0.9405580900
0.9544355846
0.9921718834
0.9749742942
1.0157014857
1.0499471501
1.0180170372
1.0168490043
1.0396726345
1.0313064901
1.0558329111
1.0689677615
1.0395454108
1.0014322511
0.9597347600
0.8982672159
0.9379334724
0.9740468950
1.0044327893
0.9899969908
1.0151242616
1.0248683055
1.0172336881
0.9931034619
0.9525938700
0.9333200753
0.9734153116
0.9900074706
0.9668402157
0.9796623286
0.9864326553
0.9855940328
1.0092656728
1.0073594927
1.0211347718
1.0016928246
1.0148309632
1.0039334432
0.9669702101
0.9746104638
0.9656058066
1.0022076970
1.0031351825
1.0344920912
1.0893446156
1.0751652190
1.0267657577
1.0250779742
1.0563377214
1.0609965388
1.0398413679
1.0196005094
0.9802076667
1.0020992878
1.0059207092
0.9574269412
0.9729138674
0.9602111963
0.9693805299
1.0378518472
1.0242765415
0.9779756566
0.9710830107
0.9780369085
0.9892876354
1.0076449955
1.0256772799
1.0398084188
1.0330956764
1.0099374215
1.0054207572
0.9868997729
0.9371017435
0.9808377053
0.9721214597
1.0021043032
1.0094514698
1.0735832491
0.9801293463
0.9997717386
1.0435498594
0.9890441085
0.9855332655
1.0145269792
1.0272990323
1.0109307777
1.0471389739
1.0654306344
1.0425639175
1.0328111371
1.0104114646
0.9909187990
1.0083441790
1.0133691814
1.0674425560
1.0349516510
0.9768055240
1.0013949964
1.0506449883
1.0374872603
0.9439853577
0.9932574055
0.9867540430
0.9034789722
0.9630063769
1.0162559930
1.0226725283
1.0056730130
1.0282670618
1.0648155621
1.0108014466
0.9548861151
1.0086371654
1.0126145234
0.9761488905
1.0244215134
1.0584778326
1.0228730419
1.0063582474
0.9977345895
0.9916009168
1.0267322131
1.0250719362
1.0043792800
1.0540496653
1.0812569308
1.0655177578
1.0371913933
1.0117060071
0.9914676184
0.9930215690
0.9898083938
0.9576997176
0.9859232334
1.0476931385
1.0877664008
1.0996473777
1.0494403035
1.0267764396
1.0216649572
1.0184238767
0.9719118888
0.9123377635
0.9278840938
0.9705727748
0.9784340719
0.9652341730
0.9677333641
0.9758249126
0.9761772971
0.9878965210
1.0093481500
1.0204323107
1.0286648177
1.0301900663
1.0362405228
1.0207131107
0.9627320861
0.9872508569
0.9976942218
0.9879153771
0.9970155740
1.0053006052
1.0511474139
1.0554757464
0.9887505822
0.9849611553
0.9948038906
0.9738158404
0.9740070697
1.0092875337
1.0046244103
0.9497140273
0.9566193614
1.0292846224
1.0487429006
1.0323615066
1.0148016641
1.0444569704
1.0942550719
1.0121132437
0.9676634272
0.9460495533
0.9373937266
0.9836861472
1.0241080392
1.0212113306
0.9786295849
0.9849467706
1.0098198781
1.0039480242
0.9773588221
0.9837562852
1.0281847427
1.0088828885
1.0195843608
1.0789822755
0.9990871896
0.9692066521
1.0227488043
1.0234148701
1.0040987418
0.9907944124
1.0077183963
0.9906152831
1.0047419811
1.0502665190
1.0608280901
1.0151561861
0.9635536548
0.9390133404
0.9412935601
0.9575496181
0.9854515617
1.0250900936
1.0282458009
1.0082564685
1.0122936144
1.0302810044
1.0918838591
1.0374479853
0.9953488633
1.0451170585
1.0308307772
1.0251871164
1.0071773253
1.0129696592
1.0037175126
0.9620844824
0.9658848579
0.9957775858
0.9789648351
0.9638938333
1.0012601983
1.0226777102
1.0033054349
0.9814361636
0.9741474742
1.0148734960
1.0311326329
0.9583711128
0.9300811911
0.9938411887
1.0037837582
1.0186728392
1.0691849478
1.0751453348
1.0351098770
1.0378907173
1.0329390544
0.9786110859
0.9393221595
0.9376057922
0.9281366646
0.9371649422
1.0150722585
1.0890590062
1.1048435709
1.0732462569
1.0379130789
1.0521122662
1.0957039948
1.0901813522
1.0294505565
1.0040841776
1.0092243887
0.9732048074
0.9380854889
0.9814286023
1.0221454175
1.0068283938
1.0024545407
0.9826302763
0.9273070124
0.9283404504
0.9581525596
0.9529670685
0.9923637566
0.9969920885
0.9519971617
0.9543772973
0.9735386827
1.0332172559
1.0816193870
0.9946286336
0.9199358604
0.9617200497
1.0360089998
1.0366261283
1.0084791244
0.9772691956
0.9794125298
0.9964399975
0.9927373646
0.9786566467
0.9766650259
1.0039945436
1.0297392222
1.0741964456
0.9551223454
0.9200520101
0.9540182408
0.9491467949
1.0070668367
1.0171340349
1.0499157457
0.9695343958
0.9473666224
0.9863771754
0.9543207937
0.9425498781
0.9658700649
0.9739488068
0.9870467527
1.0060163814
0.9785033542
0.9467861178
0.9824570360
0.9353610307
0.9149016135
0.9591132000
1.0020330903
0.9824007327
1.0105438740
1.0277008442
1.0656108946
1.0500241690
0.9837262526
0.9493170435
0.9678992671
0.9584334357
0.9541625732
0.9920498096
1.0045506611
0.9570255378
0.9414768347
0.9955362361
1.0219427555
1.0326842271
1.0249520091
1.0308076376
0.9652299772
0.9603624538
1.0422241846
1.0382218545
1.0343061944
1.0252842504
1.0360108949
1.0275600257
0.9904943646
0.9491596198
0.9619939372
0.9468356814
0.9178984831
0.9310178932
0.9084830371
0.8560532359
0.8842391202
0.9229896341
0.9108191321
0.9107790800
0.9228374326
0.9432929920
0.9423947126
0.9623354268
0.9833697881
1.0374971121
1.0826749797
1.1022056170
1.0260359473
1.0238888760
1.0714921344
1.0062469277
0.9594388158
0.9863631430
1.0163922985
1.0405105088
1.0333966531
1.0558928931
0.9916072946
0.9147209723
0.9688808337
0.9639967908
0.9971240298
1.0305985770
1.0086863516
0.9892919360
1.0175877673
1.0150779329
0.9528320382
0.9300581417
0.9483340100
1.0180648413
1.0697453395
1.0418621333
0.9927168941
0.9805122416
0.9890065638
1.0086803588
1.0363753472
1.0519384519
1.0383585200
1.0344324076
1.0485157836
0.9963995014
1.0173669524
1.0003085685
0.9962576938
0.9917749678
1.0230542727
1.0110729437
1.0005063369
0.9583282993
0.9639537636
1.0176099045
1.0503212223
1.0271361781
0.9980495568
1.0144727698
0.9822078462
1.0439317706
0.9832122626
0.9777328579
0.9811437602
0.9532768096
0.9840853491
0.9196014087
1.0476864166
1.0616499687
1.0025608054
1.0187394389
1.0449850068
1.0214430237
0.9894466406
0.9922975160
1.0456604029
1.0910421248
1.0481134413
0.9931928321
1.0388910246
1.0634525192
0.9914162449
0.9050651637
0.9834347002
1.0035072694
1.0179785947
1.0366869506
0.9820758873
0.9525433525
0.9518479373
0.9458132929
0.9249272405
0.9100843334
1.0117968412
1.0332497394
0.9658791425
0.9535326642
0.9705896597
0.9921720029
0.9947760957
0.9396942412
0.9563661230
1.0155348658
0.9788878218
0.8987340671
0.8783580013
0.9314387125
0.9787062624
0.9802692619
1.0174975070
1.0264849019
1.0288234293
0.9988718241
0.9663509780
0.9723507623
1.0083934832
1.0250930717
1.0112371835
0.9923852490
0.9763363006
0.9672798896
0.9546095538
0.9861684888
1.0063811155
1.0654778492
1.0153877511
0.9904495574
1.0014954460
1.0114468583
1.0134652629
1.0270282402
1.0666535365
1.0931259157
1.0229326582
1.0095005674
1.0267452899
1.0050658669
0.9743393135
0.9533278855
0.9541243286
0.9647816654
0.9875961774
1.0465254914
1.0284196408
0.9583504148
1.0156785779
1.0226266238
1.0466188581
1.0747074051
1.0762871457
1.0070539232
1.0329301885
1.0792744278
1.0558205553
0.9555022091
0.8598476505
0.8745863015
0.9511287248
0.9435302955
0.8807079956
0.8485574902
0.7736953371
0.7597960917
0.7915712798
0.8662136349
0.9516890537
0.9734290403
0.9434761471
0.9863647943
1.0126274708
1.0441632775
0.9646476524
0.9516797344
0.9902095722
0.9400342202
0.9588899891
1.0042019834
0.9997682369
0.9983614459
1.0044377654
1.0103754122
1.0060825372
1.0020006374
1.0330388390
1.0387305746
0.9817425452
1.0980145244
1.0337729671
1.0631828993
1.0858701723
1.1120555268
1.0966753171
1.0627657695
0.9751799998
0.9401577396
0.9679475675
1.0043384963
1.0010973127
0.9706196354
0.9438090166
0.9441476153
1.0076730337
1.0687780380
1.0336602086
0.9344777266
0.9903718236
1.0200185927
0.9581391432
1.0412018679
0.9779929860
0.9567520936
1.0383048580
1.0786811914
1.0372422047
0.9939655538
0.9992839466
1.0008033434
0.9866914640
0.9867913135
1.0059697521
1.0317528422
1.0401444400
1.0174646532
0.9902096008
0.9749885843
1.0024498109
0.9661745951
1.0163354371
0.9695889087
1.0369933604
0.9939500440
0.9618298307
1.0183316179
0.9970551894
0.9415819019
0.9586370138
0.9587055840
0.9718308520
1.0158812749
1.0152722135
0.9855861681
0.9843318888
0.9768963209
0.9477339565
0.9776653547
0.9973574574
1.0008159907
1.0503651598
1.0174679825
1.0025581159
1.0195705225
0.9915279665
0.9738916173
0.9206855215
0.9621327458
1.0049238844
1.0278592264
1.0585342578
1.0360343280
0.9800169302
0.9895153112
1.0116699965
0.9724970638
0.9831006035
1.0285416764
1.0417210664
0.9861718913
0.9114908177
0.9429937278
1.0357557587
0.9950422549
1.0611711855
1.0814821501
0.9830080494
1.0164572964
1.0522441532
1.0153739706
1.0068928042
1.0308844829
1.0449901755
1.0232687829
0.9831508643
0.9893541195
1.0115662057
1.0151896471
1.0588011287
1.0357060935
0.9289165179
0.9548409881
1.0660727631
1.0088361624
0.9493188966
1.0513034866
1.0185061893
0.9821571012
1.0017840166
1.0216933823
1.0204757192
0.9951327498
0.9776731287
0.9756172751
0.9814786137
1.0039422225
1.0150344072
0.9950972819
0.9607222618
0.9719619158
0.9248675167
0.9710528620
0.9642196467
0.9810148561
0.9884991161
0.9855143439
0.9756242516
0.9904522681
1.0226398458
0.9994923161
1.0150675228
0.9915722074
0.9284518344
0.9047260661
0.9287360871
0.9875054120
1.0280534477
1.0145510458
1.0305399942
0.9931927526
0.9845833045
0.9054476304
0.9420686021
0.9808825363
1.0072477942
1.0336129033
0.9809318470
1.0552932069
1.0249555911
0.9924842020
1.0516368092
1.0638031818
1.0552551156
1.0364364520
1.0084544982
1.0248289209
1.0537731562
1.0525123885
1.0015167070
0.9688639036
0.9845035792
0.9937081717
0.9506422589
0.9425417587
1.0016941231
1.0576315231
1.0068472719
1.0449365471
1.0513816485
1.0134456714
1.0078119842
1.0307148357
0.9935034794
1.0183170787
1.0928271459
1.0716511732
1.0070138043
0.9771672895
0.9857663464
1.0272259149
1.0389813893
1.0481491681
1.0821842965
1.0208349805
0.9299815945
0.8839240503
0.9338304597
0.9432925606
0.9367338050
0.9541753455
0.9557092582
0.9883936835
1.0169506649
1.0023940930
0.9842896903
0.9706002974
0.9833157778
1.0334597163
1.0126917287
0.9738639926
1.0065033339
1.0523024659
0.9984562150
0.9894591272
1.0089576369
0.9757738253
0.9820294007
1.0706166085
1.0175938586
0.9593742291
0.9701498908
0.9972996321
1.0215245970
1.0283576111
1.0233948033
1.0498282721
1.0893329321
1.0599077535
0.9701083462
0.9281091677
0.9824573733
1.0597182392
1.0273237677
0.9689189688
1.0262685572
1.0791444880
1.0416846367
1.0246983334
0.9478661218
0.9682217867
1.0424978851
1.0661056364
1.0567002932
1.0066211371
0.9891289766
0.9945574108
0.9703394973
0.9470246600
0.9439124366
0.9899466636
1.0718264898
1.0975986579
1.0261289975
0.9940692863
0.9721116413
0.9976033583
1.0166880282
1.0319953175
1.0591397329
1.0183012120
1.0283865634
0.9548959409
0.9444226118
1.0036691119
1.0261583522
0.9979414676
0.9908452147
0.9932539626
0.9769490756
0.9941082195
0.9955150655
1.0390432088
1.0181736723
0.9664733914
0.9915810552
1.0501214520
1.0364218575
0.9373958429
0.9546622531
1.0081636704
1.0200256868
1.0189983497
0.9817894460
0.9249967069
0.9606514741
1.0092049206
1.0121258381
1.0165468375
1.0049847182
1.0077238762
1.0665660183
1.0585874726
1.0073123445
0.9327541018
0.9486320059
1.0059767229
1.0699848156
1.0647516570
1.0407886727
1.0314638153
1.0419534089
1.0441468796
1.0267687270
1.0451049652
1.0309047139
0.9948552825
0.9874934256
0.9915950035
0.9741834954
0.9412051872
0.9041204583
0.8486584186
0.8540998201
0.8270324527
0.7705504476
0.8041004108
0.8017673813
0.9384088316
0.9784448063
0.9794226303
0.9678387913
0.9864832139
1.0227027768
0.9931230551
0.9718298711
1.0047495120
1.0206124815
1.0171336044
0.9936238195
1.0087060337
1.0915964113
0.9959132696
0.9736971725
1.0043682853
0.9945515485
0.9697133165
1.0654686745
1.0775615915
1.0552498164
0.9858187773
0.9468489170
0.9760036415
1.0025229236
0.9557674176
0.9291926790
0.9716408355
1.0279435450
1.0292300113
1.0042150980
1.0217058660
1.0156847107
0.9482203726
0.9894796259
1.0039224069
1.0177150286
1.0330914633
1.0232101394
1.0045382315
1.0528132857
1.0909361457
1.0717828711
0.9888870894
0.9996867522
1.0197866221
0.9969702307
0.9948546006
0.9817014586
0.9582700299
0.9834398640
1.0250784744
1.0377589959
1.0496532135
1.0465720959
1.0382857583
1.0198070670
0.9551773002
1.0506666167
0.9447567672
0.9667103131
0.9745235202
0.9619706231
0.9827466037
1.0074054020
1.0127223001
0.9762286980
0.9912617784
1.0181161455
1.0061288854
0.9796406749
1.0035520177
1.0520221359
1.0373994529
1.0093569949
0.9561788405
0.9385330758
0.9728224977
1.0002761281
1.0148319825
0.9213284533
1.0374753439
1.0616124517
1.0075381685
1.0401602518
1.0621491254
1.0651195049
0.9997576987
0.9854883507
1.0460585876
1.0428625811
1.0317145714
1.0526874273
0.9951521914
0.9649151727
0.9815622710
0.9707050442
0.9480663272
0.9214342577
1.0039003786
1.1007574307
0.9993267606
1.0515127946
1.0291262279
0.9722788443
0.9471961733
1.0387904025
1.0896789519
1.0398146494
1.0352922093
1.0476270645
1.0117708906
0.9891225009
0.9741747733
0.9555382593
1.0025641073
1.0254494150
1.0524629678
1.0229358865
1.0232826440
0.8946111624
0.8861382574
0.9483349678
1.0422462602
1.1139135438
1.0525913702
0.9678531808
0.9715048254
1.0526798479
1.0739266855
1.0516432203
1.0375820541
1.0258994949
0.9961352531
0.9664126424
0.9889513697
0.9752372339
0.9819118939
0.9559156501
0.9837582249
0.9965382502
1.0458241705
1.0148614980
0.9797425455
0.9245735526
1.0445652352
1.0402190073
1.0048490311
1.0159168868
1.0294256714
0.9877503434
0.9548403222
1.0061371277
1.0679874852
1.0628561968
1.0458536522
1.0374301996
1.0376898126
1.0846664442
1.0323336538
0.9446631617
0.9224268730
0.9403405943
0.9760535505
1.0071362611
1.0498887760
1.0439758998
1.0422457020
1.0301957084
1.0589097449
1.0125391903
0.9714650275
0.9539773664
0.9387619306
0.9761372102
0.9913412125
0.9906803266
0.9745951140
0.9598410687
1.0269992458
1.0913607743
1.0789980261
0.9328537474
1.0010477557
0.9125090666
0.9994544681
1.0309132152
1.0016067572
1.0208661260
1.0703450964
