#flux
0.9662407814
0.9713640128
0.9761769923
0.9766975244
0.9721553632
0.9635438129
0.9542712559
0.9649689958
0.9560839235
0.9834984587
0.9714247084
0.9691813152
0.9775676237
0.9750068398
0.9708523627
0.9712377636
0.9719444836
0.9688308830
0.9710030690
0.9852139696
0.9818489586
0.9689537173
0.9672241936
0.9802317364
0.9820112567
0.9544416080
0.9642738364
0.9782052655
0.9756432549
0.9570063756
0.9566432301
0.9656998684
0.9573901788
0.9437090262
0.9622261398
0.9908506013
0.9923574873
0.9751138355
0.9607198182
0.9511597780
0.9447430684
0.9529985514
0.9648450808
0.9574963998
0.9407206001
0.9536918352
0.9460350299
0.9422275565
0.9670250725
0.9853954391
0.9828297942
0.9743774197
0.9793078286
0.9904223952
0.9821342849
0.9762821334
0.9792268962
0.9749579375
0.9650293088
0.9512839473
0.9403337593
0.9389368833
0.9512519867
0.9603906132
0.9408581839
0.9303279124
0.9403427886
0.9505017003
0.9436630511
0.9167193408
0.9007715483
0.9172545144
0.9415669168
0.9396184141
0.9357189333
0.9383036590
0.9437751194
0.9483109379
0.9436313938
0.9379693339
0.9399832372
0.9393274008
0.9309586225
0.9224179359
0.9177093036
0.9217856409
0.9237857233
0.9058264049
0.8869965123
0.8749529455
0.8604632756
0.8491674775
0.8501648456
0.8604930414
0.8800851122
0.9040862502
0.9123204138
0.8959206533
0.8870387029
0.9036182907
0.9120009847
0.9112574957
0.9146538816
0.9155723414
0.9061433566
0.9088263162
0.9341894723
0.9214657604
0.9274187902
0.9174250524
0.9068792891
0.9067212659
0.9031533034
0.8931750679
0.8970484110
0.9053524723
0.9003403619
0.8980331004
0.9027668178
0.8972492682
0.8939987721
0.9020602847
0.9102919247
0.9178052169
0.9293681301
0.9145448674
0.8928315283
0.9052010671
0.8986515289
0.8971697224
0.8995355527
0.9106175497
0.9161267422
0.9034913350
0.8916858898
0.8932072756
0.9001147732
0.9061120307
0.9028660170
0.8943025528
0.8948820125
0.8929238364
0.9029998275
0.9108059745
0.8976461994
0.8937438592
0.8956980994
0.8770632160
0.8681255006
0.8636665553
0.8814988612
0.8948143242
0.8891397007
0.8650986652
0.8476378924
0.8593702095
0.8535336282
0.8312887402
0.8164907543
0.8027214931
0.8021941415
0.8033453757
0.8147642644
0.8295513321
0.8328265479
0.8411330167
0.8627431965
0.8188092245
0.8024447502
0.8070855376
0.8085283323
0.8016505517
0.8024490532
0.7964889403
0.7859162844
0.7833299441
0.7779510783
0.7672161880
0.7699909977
0.7837186247
0.7906332931
0.7955228629
0.7921854818
0.7726339384
0.7568385934
0.7607396898
0.7710480738
0.7632819939
0.7416684737
0.7261371224
0.7434883300
0.7216462863
0.6936163345
0.7047627356
0.7132168509
0.6996913142
0.6842661023
0.6732314329
0.6580609560
0.6350565430
0.6051069681
0.5753979899
0.5542636166
0.5308746391
0.4840957182
0.4239073409
0.3662226216
0.3124007269
0.2738834283
0.2594069027
0.2420001524
0.2282162460
0.2239839942
0.2220726802
0.2138962960
0.2156085307
0.2253441452
0.2390247764
0.2596789774
0.2844120566
0.3184789667
0.3688701201
0.4166099508
0.4563351746
0.5029200475
0.5428593518
0.5790560050
0.6289477527
0.6651030986
0.6649554443
0.6610823694
0.6860216665
0.7062544984
0.7049811868
0.6978574964
0.6954532001
0.7042384346
0.7158863791
0.7293334238
0.7493699438
0.7648484939
0.7650416066
0.7563989048
0.7611138211
0.7776295860
0.7541220701
0.7884531188
0.7972038922
0.7953506731
0.7967372963
0.8020420514
0.8051811268
0.8153457406
0.8278490696
0.8236458956
0.8209182077
0.8225369034
0.8262278106
0.8301313896
0.8340344991
0.8392835492
0.8364072777
0.8286902678
0.8387062006
0.8538404385
0.8533308828
0.8516036856
0.8458221938
0.8478719778
0.8617712023
0.8686332611
0.8721711362
0.8627494171
0.8557944690
0.8648811805
0.8780275831
0.8825250196
0.8832676782
0.8822313646
0.8838654425
0.8853829003
0.8807483751
0.8837400775
0.8745833310
0.8642403301
0.8580130672
0.8720770240
0.8805225100
0.8750484275
0.8918735972
0.9067546709
0.9087852212
0.8923592215
0.8913377913
0.9101866401
0.9109726264
0.8969326573
0.8937028169
0.9070882877
0.9221514314
0.9248131184
0.9212539980
0.9270888675
0.9336012988
0.9225433789
0.9244816229
0.9495854614
0.9407558992
0.9301305340
0.9128038984
0.9245397426
0.9384162874
0.9282776353
0.9229881538
0.9100920433
0.8995059112
0.8894152490
0.8763509687
0.8437503462
0.7956030913
0.7691610876
0.7799287342
0.8092542338
0.8421067417
0.8795491473
0.9132846273
0.9268752440
0.9377556307
0.9398067124
0.9290370886
0.9350260253
0.9308400964
0.9170275546
0.9323583696
0.9484819605
0.9496162071
0.9451400207
0.9328807633
0.9222892917
0.9333685215
0.9390536351
0.9282165834
0.9446738652
0.9568160872
0.9489605106
0.9308137320
0.9388792077
0.9335261045
0.9171786191
0.9218745604
0.9297069567
0.9362795827
0.9372241093
0.9351268313
0.9271700793
0.9262220985
0.9457415255
0.9494299975
0.9370362050
0.9406366872
0.9569874407
0.9652129635
0.9647648541
0.9597439373
0.9528412619
0.9632926399
0.9427815127
0.9219322854
0.9487366127
0.9586829687
0.9621654171
0.9670851708
0.9739659162
0.9623550400
0.9395021038
0.9383584944
0.9537150153
0.9532695861
0.9342969843
0.9109671793
0.8997648396
0.9106056235
0.9277253816
0.9442325417
0.9705855138
0.9651127871
0.9638771115
0.9795812657
0.9734558548
0.9601787400
0.9504513260
0.9508403834
0.9557220676
0.9603846042
0.9550283080
0.9634426193
0.9635165475
0.9601221104
0.9717840850
0.9848627275
0.9767896262
0.9545215768
0.9379687890
0.9241584123
0.9126356289
0.9363293741
0.9617964847
0.9632333866
0.9882413274
0.9854034977
0.9710225238
0.9785738136
0.9698337114
0.9390763182
0.9161293798
0.8937622601
0.8566182663
0.8423743764
0.8515838480
0.8776594004
0.9157455850
0.9482838286
0.9714547129
0.9846102684
0.9875406950
0.9792555830
0.9693252391
0.9658065342
0.9614456337
0.9622081179
0.9812035946
0.9701400136
0.9737568301
0.9767862468
0.9630841437
0.9720505177
0.9797697433
0.9695633990
0.9643479546
0.9727271395
0.9742491774
0.9631002873
0.9613951062
0.9755772757
0.9808535390
0.9707577937
0.9592256106
0.9594398509
0.9774687822
0.9748762807
0.9789112842
0.9677950807
0.9783700665
0.9934789129
0.9908068393
0.9823033420
0.9834005653
0.9883739161
0.9833132213
0.9670941800
0.9594158954
0.9769366641
1.0017264361
0.9962762817
0.9734946882
0.9967265540
1.0102720940
0.9895947101
0.9734872723
0.9769758143
0.9837293999
0.9857945138
0.9846506551
0.9834406425
0.9638031719
0.9693999220
0.9762371047
0.9765251146
0.9794579629
0.9824999242
0.9888872879
0.9949099572
0.9887163237
0.9796719623
0.9794172035
0.9897662267
1.0011002617
0.9888768926
0.9725567278
0.9804721464
0.9898945224
0.9885370380
0.9893174286
0.9994605716
0.9882344732
0.9854800033
1.0008580682
1.0019220484
0.9860148531
0.9777685999
0.9802925697
0.9879941115
0.9967087973
0.9892461024
0.9732506160
0.9798361124
0.9839987943
0.9919727380
0.9881597352
1.0031783497
0.9989902747
0.9745876167
0.9688739586
0.9847857279
1.0014773200
0.9957144268
0.9636752814
0.9490113030
0.9583336935
0.9560122168
0.9571509482
0.9605257203
0.9618935140
0.9841121160
0.9865582315
0.9799913512
0.9742667561
0.9864353313
0.9991503315
1.0020049267
1.0054251216
0.9988349342
0.9946900369
1.0090590269
1.0055416958
0.9786732578
0.9570920415
0.9578461313
0.9673110493
0.9793225620
0.9706870517
0.9597793477
0.9768219735
0.9898438236
0.9875052306
0.9934041837
1.0020622369
0.9969136370
0.9886851925
0.9762682703
1.0055275914
1.0044800188
0.9711889651
0.9690560120
0.9894789028
0.9915218103
0.9759657900
0.9724541289
0.9806383710
0.9886150586
0.9863523817
0.9718173657
0.9568821417
0.9498878242
0.9532164597
0.9714654399
0.9797158204
0.9895243407
0.9896168898
0.9953682889
1.0034854684
0.9830566033
0.9953635092
1.0011200860
0.9869026735
0.9704911363
0.9693898982
0.9801878272
0.9869761740
0.9896080156
0.9974759492
1.0039334600
1.0044994485
0.9974546691
0.9873848815
1.0024624865
1.0164327161
1.0378018676
1.0355397185
1.0140274565
0.9999786678
1.0019207670
0.9905506122
0.9819209894
0.9900715475
1.0002519171
1.0040506312
1.0030250076
1.0198754837
1.0283663069
0.9954134383
0.9682383612
0.9687040393
0.9602973874
0.9368083668
0.9046744045
0.9161137096
0.9488755326
0.9632312870
0.9857069745
0.9905403110
0.9803984860
0.9929692623
0.9939850217
0.9837415669
0.9924500834
1.0122723838
1.0109245375
1.0123361797
1.0234481286
1.0327210752
1.0227889676
1.0035157896
0.9946356299
0.9842338167
0.9738388744
0.9803070664
0.9848984717
0.9751890320
0.9731843452
0.9861624545
0.9947000797
1.0008715966
1.0029004821
0.9924313921
0.9999272322
0.9959816008
1.0107378869
1.0034414949
0.9938311317
1.0012934344
1.0090596188
1.0082981352
1.0037201841
0.9965228344
0.9894819306
0.9902855517
0.9897981486
0.9853966923
0.9949556367
1.0021376090
0.9864343512
0.9760582432
0.9753529316
0.9911236686
0.9968937823
0.9902339936
0.9919101752
1.0024122634
0.9923906306
0.9997525027
1.0077194611
0.9921077140
0.9872394649
0.9988335281
1.0056824978
1.0006217443
0.9940381743
1.0021930059
1.0142513297
1.0150318716
1.0072384874
1.0040958449
0.9898903569
1.0145641583
1.0142996375
1.0009384642
1.0012523279
1.0096677217
1.0068653694
0.9889221081
0.9877136399
1.0020822251
1.0050792023
1.0021031095
0.9973155309
0.9828994812
0.9739604062
0.9789613823
0.9876887114
0.9911843330
0.9811138295
0.9647563016
0.9959710662
0.9954913250
0.9919090686
0.9974401386
0.9884408102
0.9793325690
0.9783828422
0.9842935051
0.9868461580
0.9851301395
0.9849266375
0.9808657407
0.9713818208
0.9673604725
0.9644760397
0.9510858141
0.9513472103
0.9692655339
0.9419355713
0.9124172056
0.8568855244
0.7840873979
0.7428184739
0.7483256012
0.8050272496
0.8521577172
0.9044117219
0.9550893130
0.9871871243
0.9953565554
0.9841078781
0.9732019015
0.9767564823
0.9826458291
0.9670781583
0.9340040239
0.9010434068
0.8466005484
0.8056302465
0.7971101181
0.8418751271
0.8971046090
0.9376989985
0.9760706143
0.9934289987
0.9862744191
0.9841324587
1.0038665006
1.0040206751
0.9899839137
1.0035383805
1.0230096111
1.0158577166
1.0065528924
1.0033183853
1.0001538776
1.0089268018
1.0075968339
0.9933864224
1.0014666782
1.0068844748
0.9928666117
0.9847917446
0.9930096800
1.0074734993
0.9966726048
0.9909300081
0.9933394511
0.9977888028
1.0071769150
1.0080274287
1.0054929709
1.0136071372
1.0056834311
0.9905350716
0.9909720616
0.9876434923
0.9866248360
0.9932222171
0.9917298757
1.0074033721
1.0150677130
1.0168799622
0.9949472287
0.9976433281
0.9946795307
0.9918132190
0.9778463129
0.9788592691
1.0156369399
1.0299747811
1.0150598516
1.0137312022
0.9936659835
0.9783173763
0.9847423182
0.9929999542
0.9674915283
0.9131269769
0.8799846541
0.8872251759
0.9138671682
0.9600103701
0.9882628214
0.9816372925
1.0025760117
1.0035916462
0.9952675816
1.0027982249
1.0039600387
1.0050718416
1.0044204959
0.9898339923
0.9853226556
0.9626275288
0.9416664634
0.9495045069
0.9304526291
0.9462114956
0.9519345167
0.9789160511
1.0019134984
1.0195696954
1.0221187537
1.0120631759
1.0020178647
0.9893612819
0.9784097464
0.9882470069
1.0105964972
1.0100239865
0.9954799036
0.9958231971
1.0003144705
1.0027373416
0.9994579702
1.0143662101
0.9960850234
1.0002951003
0.9876397109
0.9972833828
0.9670094154
0.9855288827
1.0139723724
0.9871438854
0.9749579784
0.9925866974
1.0173695582
1.0305189268
1.0208731594
1.0039802547
0.9997690893
1.0051596444
1.0141067022
1.0204562772
1.0088875380
0.9978453432
1.0183065294
1.0362607690
1.0068767548
0.9919470794
0.9929954961
0.9890139482
1.0106340766
1.0083191654
1.0039311010
1.0121504472
1.0054214364
0.9990026533
0.9968863825
0.9975103241
1.0023515676
1.0073707218
1.0117369007
1.0105434858
1.0060131570
0.9994563101
0.9830214488
0.9846788093
0.9892793371
1.0045568395
1.0154276376
1.0096740360
1.0150742259
1.0017806228
0.9882232380
1.0008085980
1.0126996593
1.0163496424
1.0115119818
1.0092696603
0.9961965914
0.9751964541
0.9822098581
0.9919615943
0.9838044209
1.0001755675
1.0096036327
1.0211246185
1.0118243744
1.0065463017
1.0135810400
0.9882009264
0.9990816088
1.0054697648
1.0090307786
1.0025016630
0.9972086790
0.9988907316
0.9999906088
0.9995149921
0.9947757760
0.9845303656
0.9733930338
0.9525248721
0.9212708114
0.9076294078
0.8996610923
0.8994837227
0.9470827807
0.9811185414
0.9931043055
0.9987116901
0.9911622811
0.9950075550
1.0014892254
0.9913901878
1.0018444543
1.0096191074
1.0098899612
1.0119695906
1.0010696525
0.9895064987
0.9938175750
0.9909948262
0.9872983514
0.9840289483
0.9802112560
0.9722304985
0.9739065763
1.0000069371
1.0034889983
0.9952020188
1.0035216567
1.0144377797
1.0009585515
0.9935584030
1.0019908054
1.0091256951
1.0114501740
1.0037459833
0.9971259060
0.9920477963
0.9754624793
0.9630101861
0.9700021438
0.9887776562
0.9834908600
0.9862100349
0.9612406215
0.9906580877
1.0039806457
1.0120431670
1.0132282964
0.9845196782
0.9832130940
0.9850343755
0.9896354744
0.9846644875
0.9970531901
0.9937639970
0.9701715963
0.9589353377
0.9473312937
0.9445256236
0.9815755840
1.0020671797
0.9968073093
0.9871446766
0.9902556349
0.9764400793
1.0030403961
1.0143633362
1.0024680411
0.9851453032
0.9806912289
0.9877036247
0.9822511099
0.9775209138
0.9609418733
0.9114745381
0.8562714248
0.8318886485
0.8428856508
0.8778251596
0.9294576698
0.9873718061
1.0001487566
1.0013915962
0.9677714634
0.9441293545
0.9560605395
0.9864103718
0.9818383820
1.0002915008
1.0067056158
0.9930836067
0.9957163110
0.9993621769
1.0010753173
1.0017475477
1.0010353228
0.9936745390
0.9971781323
1.0090111770
0.9974229331
1.0064821773
1.0026638247
0.9868208537
0.9894709519
0.9882078299
0.9997376925
0.9968477070
1.0033955908
1.0077476361
0.9834310912
0.9886235947
1.0138153946
1.0165050000
1.0027528220
0.9913003987
0.9911315092
0.9938963548
0.9884015906
0.9841059423
0.9929956751
1.0060836095
1.0101349286
0.9972970512
0.9940674516
1.0018945457
1.0006116408
1.0074116297
0.9937849069
0.9859226856
0.9895585683
0.9958864098
0.9872742871
0.9879532906
0.9928283172
0.9854781749
0.9831839678
0.9914560735
0.9972040596
0.9881588980
0.9754333610
0.9934302002
0.9971043757
0.9903133810
0.9791651187
0.9996831128
0.9729043647
0.9608332545
0.9940059443
0.9822418251
0.9749096654
0.9809142918
0.9836590744
0.9878722251
0.9837378059
0.9687859982
0.9705779534
0.9878264172
0.9997365614
1.0107020247
1.0149272961
0.9926842206
0.9739583151
0.9857770392
1.0029665138
0.9919530687
0.9972020813
1.0029558821
1.0077025105
1.0103293926
0.9953094406
0.9895041866
0.9962081497
1.0017114701
1.0026478010
0.9992387190
0.9965683591
0.9934731053
0.9807398761
0.9727372253
0.9885046484
1.0005109858
0.9937580689
1.0051942233
1.0222592468
1.0158772115
0.9987295148
0.9780026702
0.9822587476
0.9926174261
0.9912703360
0.9992111915
0.9964594557
0.9974332963
1.0136745968
1.0194289618
1.0005890069
0.9851851871
0.9879240427
0.9953656193
1.0015307340
1.0046632830
1.0078064210
1.0199265506
1.0232739150
0.9976645571
0.9943528052
1.0095410665
0.9916893379
0.9919294055
1.0063158821
0.9997475813
0.9790797750
0.9739059060
0.9869769906
0.9934594471
1.0056598433
1.0123025367
1.0031729783
0.9933526898
0.9899388089
0.9968303351
1.0024979818
0.9991717385
1.0044340511
0.9891825975
0.9925109578
1.0064358305
1.0090141429
1.0005093181
0.9901642484
1.0014251572
0.9948951871
0.9901132112
0.9922431914
1.0042452147
1.0028979116
0.9857487344
0.9788044183
0.9952551093
1.0112829836
0.9988334944
0.9882668650
1.0096694015
0.9995873237
0.9895116675
0.9890433672
0.9655130961
0.9851425285
0.9934880116
0.9932211055
0.9942551701
1.0024003055
1.0192990297
1.0205970002
1.0106113568
0.9886098307
0.9796096870
1.0022581508
1.0085903124
0.9812829946
0.9808232129
1.0063945449
1.0168225525
1.0044216787
1.0013991593
1.0136164749
1.0122630967
1.0188575057
1.0109494881
1.0021727851
1.0016075089
0.9984992004
1.0066769706
1.0101239264
1.0115712201
1.0071289437
0.9962457243
0.9861584079
0.9840044222
0.9929067818
1.0035887569
1.0032140521
1.0012559491
1.0057514101
0.9918922975
1.0008878568
1.0086952927
1.0094575713
0.9965504494
1.0103746625
1.0040127568
1.0085498339
1.0115315473
0.9967669443
0.9864204743
0.9883247657
0.9845859194
0.9854513557
0.9840442794
0.9805981100
1.0055030424
1.0179769870
0.9854702385
0.9755142053
0.9868274503
0.9963073314
0.9889986785
1.0009305535
0.9936812123
1.0161996244
1.0029620154
0.9870082025
0.9805850103
0.9721819851
0.9850768008
0.9993726159
1.0033508156
1.0029959805
1.0046628948
1.0070904691
1.0025340140
1.0044939373
1.0207021701
1.0046491399
1.0040245720
1.0082835510
1.0083402811
0.9866483098
0.9946837204
1.0018409729
1.0005630033
1.0079804035
1.0184532266
1.0108063867
1.0160835481
1.0124331647
0.9946874636
0.9811667607
0.9888572521
0.9886439994
0.9771560102
0.9962408969
0.9933603865
0.9936009308
0.9976670526
0.9965280214
1.0139066801
0.9936941042
1.0322757790
1.0223978127
1.0058843662
0.9884661320
0.9830534757
0.9952427535
1.0108843970
0.9985152701
0.9883994932
1.0001582851
0.9993861125
0.9838785341
0.9798933293
0.9671540354
0.9513319576
0.9841460756
0.9975758164
1.0003158496
0.9873142632
1.0161526210
0.9961456521
0.9990341027
0.9765938825
0.9977254147
1.0017135756
1.0060742801
0.9853192729
0.9856544112
1.0010078079
1.0138335138
1.0221345947
1.0172758031
0.9912807488
0.9619062609
0.9531718828
0.9450523806
0.9668624383
0.9578883732
0.9842856723
0.9799484807
0.9890856205
0.9898945901
0.9998362953
1.0178760956
1.0204363845
0.9974934481
0.9829888605
0.9854508405
1.0026807016
0.9994647897
0.9881850528
1.0065240578
1.0254071372
1.0095166898
0.9954423634
1.0046537755
0.9985568033
1.0015381607
0.9917068458
0.9874894953
0.9908696583
0.9907438864
1.0100402110
1.0069842460
0.9932095250
1.0068558107
1.0086900672
0.9931907385
0.9792728788
0.9935734791
1.0108515871
0.9985485751
0.9782946547
0.9769377424
0.9846580114
0.9846631998
0.9793899561
0.9912659033
1.0020415480
1.0015681943
1.0013618761
1.0037893907
1.0018441773
1.0019250637
0.9982021933
1.0018873062
1.0053957126
1.0062511119
1.0097873814
0.9977676760
0.9931621181
1.0065471744
1.0086726754
0.9901929783
0.9707906278
0.9749160991
0.9762697576
0.9866636717
0.9793428591
0.9931071114
1.0097993719
0.9909650387
1.0015435286
1.0066492726
1.0038573505
0.9963604257
1.0070462284
1.0211942892
1.0219789275
1.0016358174
0.9754969448
0.9725436097
0.9876124035
0.9949194256
0.9973453712
0.9978797582
0.9849969578
0.9687403235
0.9697480823
0.9636071605
0.9957402956
1.0142522603
1.0061798465
0.9749999153
0.9762173212
0.9854924448
1.0025789993
1.0224274923
1.0032367986
0.9690063908
0.9641365873
0.9709905577
0.9539541744
0.9293166455
0.9276107261
0.9312585766
0.9143691159
0.8857910110
0.8655336853
0.8500553198
0.8672182815
0.8992637302
0.9319719005
0.9032411519
0.9064726619
0.9245596838
0.9441644612
0.9463353162
0.9527185593
0.9606491504
0.9794348291
0.9882458027
0.9798668269
0.9855453183
0.9935664097
0.9838221122
0.9752168871
0.9610443632
0.9525655567
0.9665271620
0.9559550759
0.9297433650
0.9534219984
0.9662184929
0.9481752896
0.9733031756
0.9780573386
0.9824837970
0.9998974510
1.0058738078
0.9900169752
0.9809866669
0.9892082105
1.0029185133
1.0112939077
1.0023876690
0.9972122201
0.9794579572
0.9696480277
0.9877463518
1.0179461619
1.0200544936
0.9881004356
0.9822549945
0.9903194412
0.9967699950
0.9965756607
1.0054600573
0.9944796106
0.9949891030
1.0122754724
1.0090616256
1.0017854182
1.0072239272
1.0062509640
1.0133588088
1.0130654028
0.9935742065
0.9925828055
0.9897606637
0.9979635328
1.0082445397
1.0075494003
1.0312246031
1.0187210537
1.0118692147
0.9938447178
1.0156174365
1.0241029221
1.0140312524
1.0147105680
1.0128771016
0.9991341436
0.9994357390
1.0127815857
1.0194348491
1.0332372524
1.0272492228
1.0104795519
1.0106367743
1.0132241401
1.0103145009
1.0164291049
1.0144523342
1.0129298527
1.0031526404
0.9940381245
1.0084134275
0.9909433073
0.9950771463
1.0113657377
1.0038448691
0.9946799844
1.0113968963
1.0187605214
0.9862138684
0.9604574516
0.9420189112
0.9466205480
0.9565278549
0.9586353335
0.9600556694
0.9583541004
0.9880104985
0.9993773485
0.9944647983
0.9925736025
0.9936721864
0.9961969499
1.0181614927
1.0333365021
1.0236490674
1.0091076416
1.0014944231
1.0004851171
1.0032612774
1.0029305316
1.0174574976
1.0055263665
0.9956082578
1.0062078573
1.0181774889
1.0221938562
1.0107347070
1.0118600759
0.9939890908
0.9812507866
0.9722210859
1.0037065873
1.0072640927
0.9877544714
0.9884009004
0.9992598333
1.0044842225
1.0140723580
1.0282190897
1.0303802332
1.0085090358
0.9882730301
0.9888063915
1.0037698859
0.9949385496
0.9765683692
0.9961391119
0.9919794902
0.9734177475
0.9835884371
0.9935519258
0.9949173063
0.9863820652
0.9830865030
0.9937041063
0.9961002480
0.9852211294
0.9817776425
0.9830214084
0.9833202167
0.9969878015
0.9946866910
0.9788202584
0.9635606963
0.8907092319
0.8136588391
0.7850102869
0.7814032735
0.8233228345
0.9076309881
0.9552850430
0.9689222461
0.9850171512
0.9966047373
0.9834311439
0.9811747630
0.9970021189
1.0016017092
1.0034641760
1.0098620566
1.0071221141
1.0030705283
1.0238508711
1.0168998807
0.9797408159
0.9932005080
0.9879721941
0.9951153332
1.0036668028
1.0093339539
1.0014287323
0.9859654971
0.9781719960
0.9915266946
1.0065869848
1.0067830756
0.9804747166
0.9624724492
0.9929351877
1.0183232654
1.0036392317
0.9987576976
0.9970329970
0.9927107856
1.0208145374
1.0344089241
0.9917957562
1.0035143455
0.9992278227
0.9913949606
0.9952491186
0.9849306209
0.9809721510
0.9854305914
0.9958174502
1.0136206050
1.0140987893
0.9954887561
0.9883393527
0.9863646255
0.9691318211
0.9551295020
0.9788679086
0.9881635262
0.9841410010
0.9659475000
0.9712817823
1.0203012920
0.9989454324
0.9928178222
0.9941869501
0.9965782256
0.9946849394
0.9992443745
1.0013836026
0.9908926997
0.9856599978
0.9867390720
0.9816776251
0.9865392341
1.0002990143
1.0066165666
1.0299015162
1.0100907782
1.0007600393
0.9828396642
1.0108356111
1.0498154778
1.0264679637
1.0172248299
1.0223217322
1.0053215925
1.0003418213
1.0030445185
1.0050427843
1.0013435828
1.0011811893
1.0022964996
0.9964116575
0.9991876777
1.0097574038
1.0078956066
1.0127378118
1.0217833493
0.9990804131
0.9870934154
0.9971735695
0.9947646341
0.9988821379
1.0109093771
0.9925123285
0.9869827982
1.0044472137
1.0310503475
1.0332601551
1.0281942639
1.0247234274
1.0094998554
0.9912032323
0.9865802492
0.9970672592
1.0152017266
1.0283971257
1.0236713939
1.0285567891
1.0196850744
1.0012462571
0.9841776191
0.9967752862
1.0134707940
1.0153474898
0.9999119360
1.0061409945
0.9891387489
0.9840318153
0.9993907244
0.9889292628
0.9719449507
0.9884711834
1.0013052634
0.9891161046
0.9964794642
1.0071270993
1.0102032879
1.0164750109
1.0197196235
1.0112193455
1.0077207064
0.9951506860
0.9826202458
1.0102638381
1.0025953823
0.9850467942
0.9795911847
0.9888817944
0.9969377784
0.9902351377
0.9877403976
1.0024842444
1.0065804840
0.9894237827
0.9835729608
0.9895405398
0.9978573304
1.0081462680
0.9996813345
0.9978073086
1.0102073833
1.0090066157
1.0181221963
1.0214426280
1.0115586271
1.0179482448
1.0040015535
0.9942965506
0.9855492536
0.9793361927
0.9777290850
0.9765247204
0.9794720072
0.9854126822
0.9965186296
1.0014641092
0.9821262803
0.9891407190
0.9984695054
0.9936670936
0.9999005044
0.9937127601
0.9641983879
0.9783982977
1.0066899782
1.0178836756
1.0150459001
0.9929849424
0.9918962112
0.9918061917
0.9859231248
0.9763439573
0.9666477766
0.9893742713
1.0081283655
0.9894447857
0.9907311595
1.0070485772
1.0141639040
1.0002577721
0.9836469168
0.9943068822
0.9796857622
1.0038387808
1.0035297802
1.0019707013
1.0017364134
0.9940757681
0.9986361795
1.0046824530
1.0029713724
1.0091973844
1.0127060891
1.0046508951
1.0070045291
1.0006700017
1.0045029426
1.0107182593
1.0074692861
0.9875097933
0.9963850899
1.0054080387
1.0146844429
1.0171964088
0.9966018705
0.9903717765
1.0065749760
1.0025926305
0.9881432757
0.9799910289
0.9891082776
1.0056666723
1.0080041599
1.0009392076
0.9958274348
0.9940750247
1.0056008717
0.9929902980
0.9962634101
0.9772107725
0.9971338739
1.0014416171
0.9876328503
0.9893697103
0.9854036089
0.9992524964
1.0085682276
0.9933285026
0.9844334438
0.9986975917
1.0153827057
1.0197392740
1.0107952280
0.9866407838
0.9643944989
0.9723665014
0.9988216598
1.0206503527
1.0092628430
1.0019917497
0.9967408322
0.9942961062
1.0019582710
1.0010510785
1.0124217307
1.0219358117
1.0253737311
1.0212210863
1.0171181559
0.9945745774
0.9696068602
0.9734207439
0.9940816552
1.0063165055
1.0186316324
1.0336961157
1.0166623739
1.0044431545
1.0184554836
0.9982318418
0.9865705253
0.9915665175
0.9893198971
0.9911467580
0.9950331593
1.0080979797
1.0123799903
0.9993326561
0.9818917496
0.9693237824
0.9635220323
0.9788736878
0.9859255850
0.9705912886
0.9776603554
0.9908018649
1.0002935277
1.0052226776
0.9928112149
1.0159119066
1.0159717017
1.0201666360
1.0035581483
0.9885438791
1.0046989644
1.0151182137
0.9966608031
0.9920052158
0.9905591980
0.9889371214
0.9971860223
0.9995989715
0.9895021495
0.9883671583
0.9908545579
0.9805378321
0.9877526470
0.9951662178
0.9984919222
0.9899981776
1.0037245957
0.9988800101
0.9889334402
0.9706960483
0.9487673978
0.9272450852
0.8827555241
0.8424327550
0.8027622782
0.7897542265
0.8079847119
0.8454621802
0.9000999625
0.9431092328
0.9587439787
0.9778455725
0.9878060143
1.0017505969
0.9998780987
0.9942602835
0.9983229642
1.0281943195
1.0015726398
0.9884387638
0.9917821645
1.0093573979
1.0132337757
1.0217617772
1.0098117621
1.0006756844
1.0068982183
1.0092491562
1.0070687624
1.0070700988
0.9968840490
0.9882020732
1.0007258897
0.9878623065
0.9923568887
0.9971290613
1.0032759701
1.0069841026
0.9863064651
0.9829105614
0.9825910164
0.9899176100
0.9910667890
1.0018201750
0.9989928358
1.0058637072
1.0048168239
1.0033791721
0.9992897337
0.9877934789
0.9893628490
0.9923492688
0.9943508572
1.0062285312
1.0107488475
0.9982677924
1.0040928545
0.9906845009
1.0145143301
1.0064134185
1.0004264816
1.0026055074
0.9981676467
1.0008692539
1.0041293081
1.0053788360
1.0069934572
1.0063404785
1.0044477012
1.0061939197
1.0123053637
1.0142037246
1.0060138322
1.0040388296
0.9977179821
0.9862073173
0.9766222011
0.9946301940
0.9858682278
0.9732957433
0.9851172860
0.9844650432
0.9879194566
0.9989472594
0.9834932816
0.9868660931
0.9875484901
0.9804082764
0.9890482503
1.0059399158
1.0118086206
1.0048301208
1.0001608119
1.0094098525
1.0035250475
1.0081145750
0.9885490590
0.9822563851
1.0123257357
1.0060780607
0.9967245444
0.9971170968
0.9990555336
1.0012386501
0.9938548643
0.9826299364
0.9861267785
1.0016824753
1.0084381595
1.0050627663
0.9976409813
0.9924087929
1.0045198834
1.0098079513
1.0011881187
1.0200820655
1.0065861165
1.0210185075
1.0025550268
0.9900438964
0.9859151332
0.9875495429
0.9963071994
0.9931613844
0.9827516696
0.9849548546
0.9965040274
0.9997923742
0.9906125301
0.9884019529
0.9970812898
1.0083661027
1.0246385015
1.0242379553
1.0150675115
0.9941182212
0.9916923278
1.0079240048
0.9993574320
1.0107147557
0.9967113898
0.9785867937
0.9872962111
0.9961703798
0.9878262436
0.9946714518
0.9846742752
0.9682725159
0.9777043585
0.9976379281
1.0036651821
1.0009804723
0.9983107975
0.9980604087
1.0042533459
1.0020075791
0.9955184873
0.9971248929
1.0018373527
0.9816645021
1.0062697841
1.0201278139
1.0099513498
0.9992684616
1.0018084779
1.0079221433
1.0038992519
1.0109130183
1.0138848076
1.0007563750
1.0005498558
1.0149355084
1.0131718509
1.0080033962
1.0184750482
0.9983820368
1.0184200317
0.9916295828
0.9970617520
0.9972497282
1.0021502211
1.0113078917
1.0030239100
0.9891880996
1.0039592849
1.0333962236
1.0287585861
1.0002406840
0.9909934703
0.9967305537
0.9915366926
0.9888668058
0.9977457988
0.9938136519
0.9982503425
1.0145983582
1.0089979271
1.0162804718
1.0124031402
