#flux
0.9944641980
0.9898130172
0.9836023878
0.9710220681
0.9764455339
0.9890227250
0.9812518732
0.9860161135
0.9829234693
0.9942786361
0.9786150719
0.9736103900
0.9826100494
0.9844053351
0.9695761283
0.9592519329
0.9770382069
0.9878447122
0.9796192238
0.9716659204
0.9777076329
0.9795361028
0.9623333554
0.9531697861
0.9594167886
0.9686982778
0.9883113035
0.9863068457
0.9619600745
0.9527914895
0.9642750023
0.9759287871
0.9756880027
0.9656651808
0.9635398797
0.9820727700
0.9911398509
0.9887547034
0.9750683200
0.9681195432
0.9832049720
1.0023688391
1.0020826423
0.9819063840
0.9556581157
0.9456132137
0.9706890035
0.9626512817
0.9644889127
0.9723986691
0.9651758894
0.9633075862
0.9571203078
0.9507129930
0.9782516162
0.9981931355
1.0061640310
0.9884175694
0.9760743569
0.9639591478
0.9483610655
0.9435062731
0.9418863716
0.9460030743
0.9597923935
0.9576476130
0.9548828722
0.9609866162
0.9511296590
0.9378887710
0.9340603151
0.9377236644
0.9466150362
0.9577939839
0.9572472940
0.9383008006
0.9353095501
0.9369359787
0.9445741132
0.9507058517
0.9492561330
0.9460893081
0.9426064684
0.9411425566
0.9426184874
0.9360599590
0.9269291134
0.9221873913
0.8956288015
0.8899435606
0.8900052146
0.8704737188
0.8616895479
0.8905493053
0.9129684047
0.9163865525
0.9259531032
0.9351315105
0.9440300331
0.9546829310
0.9612192600
0.9564142218
0.9416068730
0.9280349656
0.9177322504
0.9053525409
0.9157580187
0.9436167186
0.9402154586
0.9143689289
0.9136900297
0.9034761217
0.8862791142
0.9054410639
0.9272926278
0.9229340440
0.9258537735
0.9333108194
0.9271111531
0.9254560176
0.9267515440
0.9163557947
0.9055012859
0.9083029311
0.9213925814
0.9275699121
0.9124997086
0.9193206493
0.9090729614
0.9047502641
0.8995031542
0.9109372509
0.9202006137
0.9180237647
0.9260940443
0.9164836570
0.9027859766
0.8862547894
0.8753595720
0.8767435193
0.8785699568
0.8772219057
0.8780694154
0.8751060909
0.8665761255
0.8630523619
0.8649728461
0.8692577330
0.8573002056
0.8557767825
0.8600489783
0.8730992207
0.8708869127
0.8602690201
0.8606189307
0.8561755952
0.8434609713
0.8480649130
0.8340150053
0.8243337342
0.8294054962
0.8344643697
0.8405584992
0.8449460097
0.8402829611
0.8380707465
0.8430729883
0.8278539010
0.8392975869
0.8415658668
0.8207513469
0.8177769623
0.8064783136
0.8078562593
0.8240346970
0.8183613148
0.7869521251
0.7804950064
0.7974753347
0.7930023864
0.7849248429
0.7804531875
0.7687634964
0.7605219237
0.7600074999
0.7688323728
0.7752200421
0.7620163934
0.7426418051
0.7253824172
0.7232847216
0.7384222533
0.7210604425
0.7180281626
0.7054066069
0.6826648919
0.6637072209
0.6462575698
0.6367839081
0.6266352357
0.6058455693
0.5775527608
0.5437840513
0.4939582242
0.4288841450
0.3764052601
0.3497414846
0.3270627448
0.2929056015
0.2674489451
0.2522427269
0.2435389458
0.2375313457
0.2275037572
0.2226145182
0.2295259044
0.2387604720
0.2512774687
0.2734062370
0.3028849866
0.3401757091
0.3881954951
0.4341932929
0.4766671830
0.5234269798
0.5617824661
0.5904208753
0.6040390304
0.6167288379
0.6367310269
0.6555083045
0.6735521267
0.6968342334
0.7101622398
0.7296268187
0.7588178322
0.7626882322
0.7587975563
0.7721787964
0.7895944696
0.7972255757
0.8059152897
0.8163382199
0.8163892304
0.8072501147
0.8066239452
0.8241470511
0.8246808879
0.8050032983
0.8042757390
0.8259513156
0.8292984840
0.8097472927
0.8058756456
0.8014895589
0.7957080660
0.8069384459
0.8147946189
0.8082141566
0.8166624823
0.8323630884
0.8361256220
0.8353914479
0.8407623772
0.8460242190
0.8473051413
0.8488080971
0.8464532967
0.8530843317
0.8434768965
0.8412061907
0.8550666326
0.8604473137
0.8541157581
0.8538672816
0.8564891982
0.8541574097
0.8685116876
0.8851247524
0.8962091883
0.8700067451
0.8487243434
0.8627288405
0.8837895816
0.8897485470
0.8835495542
0.8843723289
0.8963217353
0.9014622101
0.8902867578
0.8745461234
0.8986002278
0.8950226178
0.8923090931
0.8909775357
0.8994123241
0.9070458057
0.9125863674
0.9077491366
0.8925186013
0.8966009500
0.9103774762
0.9154587125
0.9108560923
0.9136303440
0.9235449332
0.9157718779
0.9198587770
0.9250434672
0.9268407677
0.9162713863
0.8904234091
0.8871761930
0.9102320588
0.9282670855
0.9173833816
0.9055155930
0.8822306263
0.8466314203
0.8180165311
0.8182444573
0.8379746365
0.8571235126
0.8755092965
0.8972231865
0.9200929018
0.9322261593
0.9175975908
0.9161739165
0.9187599472
0.9225860647
0.9281224412
0.9189943503
0.9248366817
0.9371770624
0.9257875889
0.9095997315
0.9170905489
0.9441325422
0.9476615923
0.9284822492
0.9312155132
0.9508251587
0.9475496992
0.9341649519
0.9417739071
0.9529057258
0.9544338806
0.9528959758
0.9489738181
0.9598198862
0.9537846687
0.9666025027
0.9582525770
0.9359615912
0.9269652191
0.9226995075
0.9213519658
0.9257515415
0.9327943263
0.9473506384
0.9644836348
0.9481894404
0.9343670217
0.9575021224
0.9847594408
0.9947478092
0.9805473619
0.9742263713
0.9704331619
0.9693440018
0.9587009328
0.9527401920
0.9599301666
0.9411601040
0.9361347357
0.9623200261
0.9625698324
0.9552531845
0.9436769409
0.9337269246
0.9314307480
0.9449548277
0.9599557861
0.9611526458
0.9609271607
0.9674389484
0.9715235116
0.9740894524
0.9663472927
0.9526975560
0.9663151055
0.9724100251
0.9755266597
0.9759824245
0.9760556200
0.9750497117
0.9749094672
0.9815150564
0.9873732741
0.9744409657
0.9553634455
0.9547200011
0.9556171633
0.9498387380
0.9481852788
0.9565363552
0.9760734898
0.9745416681
0.9897718700
1.0162597368
1.0242526113
1.0078906204
0.9787700452
0.9645796717
0.9251658673
0.8974797195
0.8795356328
0.8968704149
0.9127114354
0.9281061112
0.9483273987
0.9606566510
0.9695767149
0.9748655675
0.9630475888
0.9525058993
0.9614531723
0.9615326637
0.9626915676
0.9541094514
0.9603706655
0.9650368742
0.9685461661
0.9958802581
0.9798687532
0.9691261087
0.9799491569
0.9843670365
0.9805974585
0.9820786605
0.9892976589
0.9978373793
0.9945370072
0.9837569291
0.9832785788
0.9960110950
1.0121036824
1.0181177226
1.0119998414
0.9988023453
0.9865532325
0.9808061119
0.9803201172
0.9766157117
0.9731068214
0.9859957223
0.9775126466
0.9900635031
0.9934686764
0.9863076993
0.9772378490
0.9739187617
0.9799959258
0.9843637193
0.9790961580
0.9741131937
0.9754925977
0.9759286746
0.9736005346
0.9713114840
0.9724704090
0.9846293945
1.0005821467
0.9976168836
0.9886882861
0.9877059211
0.9916887391
0.9832291296
0.9882445104
0.9972041177
0.9844685792
0.9758119679
0.9846074758
0.9913903511
0.9827142159
0.9780147370
1.0003160532
1.0175736164
0.9968860758
0.9982758452
1.0056783318
1.0013335697
0.9921165720
0.9831263822
0.9958312349
1.0065685829
0.9751811221
0.9618720856
0.9765643866
0.9901048018
0.9837119628
0.9824192354
0.9876768727
0.9877914232
0.9880069415
0.9868678842
0.9742757104
0.9664368116
0.9809551337
0.9803556568
0.9596752500
0.9750700049
0.9794974097
0.9661935016
0.9821038166
0.9766766991
0.9831217852
0.9802957788
0.9869744755
0.9899207064
0.9840123447
0.9798597148
0.9793468135
0.9771082905
0.9751558434
0.9819170578
0.9983794421
1.0088646882
0.9974042093
0.9834658473
0.9981679096
1.0053469987
0.9994246159
1.0013922900
0.9897360633
0.9874571834
0.9767686284
0.9716043635
0.9846414263
0.9896993950
0.9827995187
0.9875098250
0.9905512822
0.9888968177
0.9851564165
0.9894202563
1.0032167165
1.0035840707
1.0078242358
1.0144921590
1.0011862187
0.9770847940
0.9842555411
0.9904021967
0.9835204245
0.9837629673
0.9864021875
0.9867895812
0.9857987848
0.9858422199
0.9862715710
0.9723582313
0.9755380124
0.9973283202
1.0160062173
1.0233118218
1.0151819431
1.0009022030
0.9947249210
0.9884887396
0.9858376830
0.9909546345
0.9981512119
0.9993030469
0.9845496995
0.9844724785
0.9982247402
1.0019223024
0.9867828645
0.9710777681
0.9910931672
0.9903286211
0.9844235086
0.9920753868
0.9931335987
0.9917474555
0.9997330706
1.0050915689
1.0115624279
1.0242800862
1.0202888176
1.0054707038
0.9904750840
0.9880609309
0.9660535574
0.9749615596
0.9900399445
0.9968834756
0.9925215700
0.9871237557
0.9829941073
0.9645763367
0.9509133219
0.9566542206
0.9724684608
0.9903882440
1.0030886338
1.0020724769
0.9985083894
1.0068955239
1.0140192327
0.9979145063
0.9904155021
0.9899201439
0.9844664097
0.9974844892
1.0161187062
1.0268454327
1.0186645772
1.0120140993
1.0048994142
0.9961367110
0.9907765642
0.9922889074
0.9984322195
0.9827402329
0.9594689437
0.9634977710
0.9706251532
0.9834631615
0.9951957414
0.9899227225
0.9862410188
1.0038404463
0.9984458222
0.9840364305
0.9706815775
0.9652794895
0.9713471781
0.9908737022
1.0056903864
0.9991903474
0.9919435423
0.9894160624
0.9772503120
0.9722989364
0.9912119389
1.0055096160
1.0025982098
1.0099912596
1.0100879135
0.9913330700
0.9877628614
0.9883778588
0.9967090909
1.0083206688
0.9914184862
0.9752279882
0.9764498987
0.9743326477
0.9767353795
0.9897193749
1.0103927798
1.0167838220
1.0110366520
1.0075328932
1.0124959807
1.0065931908
0.9818448728
0.9792917413
0.9812231762
0.9869197492
0.9929886971
1.0045458091
1.0125288231
0.9922448313
0.9836265414
0.9975579636
1.0063587074
1.0087566617
0.9909637857
0.9886618791
0.9895113399
0.9936996475
1.0022615392
1.0063598020
1.0056065145
1.0075346334
1.0114235986
1.0038476044
0.9853332508
0.9831573065
0.9886399570
0.9835540663
0.9799479757
0.9805243438
0.9839420553
0.9921009625
0.9933800653
0.9863701241
0.9828205041
0.9913504624
0.9881398997
0.9768590965
0.9677616829
0.9658424149
0.9610427962
0.9655250791
0.9839174614
0.9750266627
0.9568005259
0.9135035219
0.8692155291
0.8174554327
0.7751389631
0.7911681648
0.8413868478
0.8914763073
0.9379428337
0.9600692442
0.9743575108
0.9795530744
0.9930691705
0.9927571835
0.9819288047
0.9773402510
0.9670457349
0.9350389879
0.8921571465
0.8540483342
0.8311067825
0.8569727968
0.9038579766
0.9437156789
0.9683076837
0.9898152040
0.9978021856
0.9968458982
1.0117607363
1.0256603068
1.0167688067
1.0003736091
0.9861136661
0.9888886384
1.0062482134
1.0143623334
1.0039371350
0.9950630293
0.9970321480
0.9984640231
0.9995640397
0.9943788222
1.0064759271
1.0004657502
1.0025915367
1.0043343343
1.0187761422
1.0209518991
1.0107249197
1.0054193004
1.0029580918
1.0042034196
0.9987770380
0.9973933476
1.0031477750
1.0053094548
1.0076658728
1.0062604519
1.0063856873
1.0203694800
1.0192757369
1.0214068250
1.0215460503
1.0005941928
0.9711942447
1.0133945615
1.0140355660
0.9911833847
1.0002561994
1.0079209237
0.9960166385
0.9932394867
0.9972331123
0.9912224908
0.9887255820
0.9905109811
0.9937994277
1.0009310174
0.9946931945
0.9678327692
0.9519732956
0.9479480932
0.9232221501
0.9302469862
0.9435632677
0.9775645245
1.0012764226
0.9847506217
1.0056193250
1.0008061221
0.9999907654
0.9915965756
0.9926733940
1.0006888115
0.9943802907
0.9856996517
0.9856903790
0.9765521392
0.9553396296
0.9482179544
0.9660126660
0.9837547182
0.9723634458
0.9864829985
1.0166827665
1.0283993438
1.0320760686
1.0284317884
1.0495124616
1.0254315633
0.9987214227
0.9945751929
0.9943220637
1.0028438966
1.0063784904
1.0077484739
0.9969278695
0.9802014780
0.9779313464
0.9829212154
0.9907615502
1.0016822545
1.0010735339
0.9931942746
0.9939233069
1.0075097287
1.0065192419
0.9854144414
0.9765433231
0.9818441917
0.9943374188
0.9976366129
1.0009534224
1.0092003546
1.0011147659
1.0058462080
1.0110571874
1.0092542616
1.0112567148
1.0060327091
1.0062315902
1.0117686043
0.9904985174
0.9660630170
0.9813413436
0.9966803489
0.9851256465
0.9742598595
0.9783696463
0.9898733807
1.0072032409
1.0142214855
0.9926379332
0.9839340577
0.9824273856
0.9783152916
0.9918988258
1.0161377754
1.0148535282
0.9948376540
0.9927112110
1.0022169741
1.0055941879
0.9962921029
0.9889760190
0.9825981201
0.9994873408
0.9884967128
1.0001857972
1.0033237060
0.9843709001
0.9887013422
1.0025458257
0.9907992672
0.9926755086
0.9967067980
0.9845100813
0.9859187185
0.9969436580
0.9909118860
0.9885950511
0.9979909875
0.9980568679
0.9927074949
0.9931111564
1.0091023062
1.0315564518
1.0294784611
1.0116423359
1.0148723463
1.0045176966
0.9983036124
1.0175486796
1.0017794515
1.0080105948
0.9853582058
0.9528604304
0.9407697287
0.9244806244
0.9114907643
0.9209070338
0.9435947421
0.9770450051
0.9955052904
1.0048237154
1.0022307320
1.0019231099
0.9969334858
0.9921901540
0.9962973070
0.9950320288
1.0094664428
1.0173846096
1.0019956176
0.9988952359
0.9961368049
1.0012924150
0.9988117728
0.9993643818
1.0044819059
0.9847891598
0.9759606890
0.9930528300
1.0203221237
1.0087057379
0.9859868850
0.9956229404
1.0289014260
1.0326420986
1.0225100990
1.0081290594
0.9873648777
0.9988931614
0.9994054757
1.0019069771
0.9909624245
0.9679244381
0.9537717440
0.9388068672
0.9333209017
0.9598325077
0.9822286995
0.9811612005
0.9869825757
1.0145248061
1.0277258354
1.0057998609
0.9933842630
1.0013608323
1.0227980347
1.0111633760
1.0285709718
1.0191966615
1.0019725090
0.9945487867
0.9978567054
0.9889669930
0.9800963290
0.9887544802
0.9945669756
1.0023762937
1.0263500836
1.0197138044
0.9971738759
0.9920695302
0.9989491165
0.9968321103
0.9963705287
1.0047034468
0.9861102387
0.9871378644
0.9595376343
0.9256901876
0.9118566067
0.9132357011
0.9160359145
0.9340676173
0.9671960124
0.9969594856
1.0102726933
1.0040538244
0.9904912548
0.9878237522
0.9898719772
0.9905264080
0.9993705194
1.0036093493
0.9996550493
1.0052353541
1.0125907917
1.0114446866
1.0006015924
0.9991818004
1.0017643791
1.0047696456
1.0003746056
1.0045617387
1.0036964509
0.9916946497
0.9990550475
1.0203783810
1.0191776590
1.0071639324
1.0043054945
1.0093754240
1.0007728498
0.9914323196
0.9946513477
0.9992216347
0.9934382122
1.0365117859
1.0302666856
1.0141649112
1.0083529139
1.0081036673
0.9995090194
1.0009258189
1.0069120059
1.0121381473
1.0139000289
1.0084754831
1.0001739388
0.9958791335
1.0066440978
1.0072596145
0.9992956234
0.9930365867
0.9830558339
0.9862262239
0.9974590886
1.0040677975
1.0093790493
0.9980570539
0.9766390224
0.9746999212
0.9838483806
0.9869212166
0.9930213694
1.0044602458
1.0091684749
1.0031292466
0.9955731535
0.9964596738
1.0013424379
0.9978433161
0.9936136481
1.0053043164
0.9941517774
0.9795825912
0.9750716950
0.9839030051
1.0059477031
0.9990149576
0.9829808634
0.9820175210
0.9926654409
1.0006209930
1.0163280249
1.0232657957
1.0108317493
0.9950376766
0.9960981079
1.0085372023
1.0016193926
1.0002888825
0.9937354023
1.0108761411
1.0215466168
1.0360885112
1.0176823440
1.0143584984
1.0114756039
1.0116901644
1.0263478778
1.0330997947
1.0190648438
0.9998708643
1.0080572973
1.0091003431
1.0103766359
1.0240952884
1.0310430426
1.0248650088
0.9888256310
0.9775371362
0.9834723431
0.9924261091
1.0243576792
1.0046776109
1.0010764318
1.0106791642
1.0132827543
1.0094178512
0.9877898967
1.0048928402
1.0196837538
1.0066345998
0.9975016768
1.0048925115
1.0067288142
1.0020332168
1.0027888260
1.0002803449
0.9934373261
0.9945663626
1.0010889355
1.0045143988
0.9906735652
0.9970030279
1.0168748360
1.0435564294
1.0318133091
1.0110186628
1.0112838624
1.0096315802
1.0096631877
1.0179943677
1.0204391494
1.0050562220
0.9966986250
1.0062190863
1.0024334035
0.9921355733
1.0055120634
1.0063562216
1.0119016610
1.0151753439
1.0016013250
1.0060888815
1.0101427682
1.0086607215
1.0135583468
1.0081230746
0.9953105171
0.9935331760
1.0048697876
0.9961584648
0.9912544394
1.0046274839
1.0037068350
0.9986900500
0.9962577813
0.9818836434
0.9872174681
1.0038733111
1.0104550320
1.0213848936
1.0245317002
1.0026585385
1.0063011782
1.0092901137
0.9911652262
0.9957504615
1.0105356503
1.0075975559
1.0093699709
0.9956201244
1.0009393720
0.9945751109
0.9793547904
0.9855219570
0.9918859456
0.9782054551
0.9754141942
1.0026493937
1.0190079628
1.0021700411
0.9836251678
0.9882930328
0.9980990135
1.0028736977
1.0061639259
1.0138158340
1.0032624878
1.0080834631
1.0103672365
0.9981621617
0.9966138580
1.0009211974
1.0011480117
1.0032162607
1.0127544027
1.0128731441
0.9990563204
1.0020975421
1.0056723301
1.0010709107
1.0080385602
0.9981167956
0.9725240122
1.0024214096
1.0123466819
1.0168196627
0.9967048440
0.9484883657
0.9336852156
0.9679593659
0.9890834444
1.0007513383
1.0120613148
1.0215296902
1.0048636042
0.9866228839
1.0085864445
1.0140338241
1.0088541808
1.0075463608
0.9994655263
1.0020100766
1.0334311838
1.0217873358
1.0151673857
1.0181958288
1.0047028995
0.9943703235
0.9884827428
0.9962985347
0.9912596096
1.0002465425
1.0027066405
1.0066425291
1.0171152621
1.0130869051
0.9985582681
0.9837941644
0.9916843826
1.0018686134
0.9998491688
1.0008356629
1.0120502716
0.9804236690
0.9764863901
1.0005230790
0.9981501572
0.9944613762
0.9904568303
0.9897786283
0.9933197103
1.0034970547
0.9978208510
0.9867610298
0.9945141684
1.0060495935
1.0112759010
1.0207054977
1.0199604749
1.0186397918
1.0094773471
1.0237829889
0.9951040980
1.0075788653
1.0274020029
1.0137169649
0.9814522998
0.9919824880
1.0055645735
1.0005892795
0.9986122142
0.9900566907
0.9915704205
0.9847699412
0.9840159504
0.9991253981
1.0022924538
1.0036110561
0.9985472257
0.9899605561
1.0157952999
1.0222428804
1.0004450444
1.0040761693
1.0055666528
0.9963152366
1.0243696591
1.0090671160
0.9851285314
1.0005265211
1.0051919724
0.9937461854
0.9782369407
0.9755730990
0.9768461654
0.9715030340
0.9696476668
0.9763931191
0.9828927933
0.9779617806
0.9983583740
0.9784940762
0.9758590076
0.9792748606
0.9933228374
0.9992756316
1.0202582899
1.0074114560
0.9885243189
0.9887354349
1.0018816949
1.0038616942
1.0166028782
1.0237368069
1.0080721004
1.0004339500
1.0128279783
1.0118588275
0.9971014780
1.0050402949
1.0122478449
1.0174559521
1.0275895818
1.0268302032
1.0276689088
1.0131311596
1.0009441732
1.0044259707
1.0002145823
0.9924917293
1.0010427757
1.0038474642
1.0010889581
1.0055182254
1.0085115330
1.0131913763
1.0170770288
1.0060400753
1.0026443407
1.0140200215
1.0083681304
0.9951580746
1.0185636678
1.0038939677
0.9929111725
1.0082278427
1.0047286214
0.9938149482
1.0091890785
1.0209475867
1.0076941081
0.9957071974
0.9958990924
1.0012050049
1.0038766013
1.0082596759
1.0132649781
1.0043545765
0.9956195883
1.0088151031
1.0032165001
1.0058621721
1.0030715968
1.0159362882
1.0143115902
1.0090894728
0.9994325860
0.9774281839
0.9721795225
0.9796852261
1.0030535466
1.0058719752
1.0033885746
0.9928491431
0.9821919609
0.9825250120
0.9915817521
1.0053367975
1.0174977660
1.0141801805
0.9846781348
0.9943597934
0.9735685974
0.9524428167
0.9750945784
1.0208954779
1.0256043548
1.0075058366
0.9992847843
0.9885426161
0.9649953097
0.9673113001
0.9793987200
0.9713189113
0.9550435391
0.9446801833
0.9324394513
0.9155991950
0.9067844259
0.9163728724
0.9376650778
0.9552618324
0.9666607999
0.9639026584
0.9750396129
0.9830980522
0.9793798050
0.9554565767
0.9675068895
1.0036875700
0.9920575538
0.9796442717
0.9969908073
1.0096206413
0.9995682563
0.9857659550
0.9836246117
0.9897892358
0.9854612236
0.9715180753
0.9888267149
1.0031496907
0.9894646706
0.9843363330
0.9923570425
1.0091489295
0.9822874579
0.9921188021
1.0036444237
0.9950272841
0.9758546921
0.9867424738
1.0106774985
1.0105981849
0.9916876246
0.9772650852
0.9692629346
0.9755329983
0.9908192104
0.9805388330
0.9701415759
0.9859042347
1.0075194808
1.0022177733
0.9910789322
0.9852932209
0.9657169045
0.9834426266
0.9809157917
1.0099666347
0.9992569019
1.0091538935
1.0071712870
0.9986325381
1.0016382430
1.0039892596
0.9929557612
0.9855204127
0.9878489502
0.9797821190
0.9865143080
1.0204105959
0.9948252464
0.9880983192
1.0013113042
0.9999478246
0.9841963869
0.9732042723
0.9572721161
0.9898124760
1.0095965130
1.0116149281
1.0031376456
0.9945424239
0.9969221842
1.0099435765
1.0138851694
1.0050512884
0.9957716816
0.9878444271
0.9859139047
0.9811484515
0.9761047742
0.9796374491
0.9936970905
1.0060188095
0.9986757609
0.9925684892
0.9869683436
0.9828351267
0.9801714107
0.9938822509
0.9876216078
0.9614469810
0.9694154186
0.9931679041
0.9922429722
0.9760687650
0.9673686231
0.9623420884
0.9536413774
0.9713585438
1.0057085300
1.0059544155
1.0026505680
0.9913032957
0.9901447028
0.9739848591
0.9758468558
1.0020798751
0.9932247463
0.9960851049
1.0039521314
0.9851887118
0.9817427935
0.9958469154
1.0045579265
1.0047653648
0.9983635490
0.9892919765
0.9839230725
0.9840573530
0.9806064911
0.9935119716
0.9942335744
0.9864443932
0.9969081243
0.9842161670
0.9947721357
0.9998316015
0.9921765463
0.9803404982
0.9869292347
0.9977229839
1.0115115818
1.0064333986
0.9989802294
0.9997161412
1.0030619734
1.0082817718
0.9936649570
0.9826878041
0.9870326513
0.9753123129
0.9783973890
0.9804176256
1.0110698493
1.0046544757
1.0114064120
1.0050268250
0.9996411837
0.9904613475
0.9911763636
0.9868236459
0.9872348114
0.9798444076
0.9813406492
0.9803568012
0.9635584847
0.9431764462
0.9096831036
0.8882224238
0.8697191428
0.8692855044
0.8847971065
0.9284390742
0.9779781316
0.9832907836
0.9840663688
0.9903168086
0.9826730276
0.9850661705
0.9979073785
0.9989489401
1.0028831447
0.9974653211
0.9739856649
0.9750167143
0.9966651214
0.9921317131
0.9801148396
0.9842549119
0.9902079654
0.9986320895
0.9959526755
0.9923906612
1.0017581554
0.9783948853
0.9857446262
1.0069122992
1.0094609834
1.0161452823
1.0152195061
1.0050384754
1.0002601719
1.0021107868
0.9970163562
0.9934927593
1.0010536515
1.0039279409
1.0046262440
1.0185512671
1.0119533020
0.9909839006
1.0027124949
1.0158476611
1.0252828421
0.9975613037
0.9814259571
0.9916232612
1.0038110745
1.0162125572
1.0143146802
0.9979130085
0.9780828216
0.9826605339
0.9947595854
1.0032898778
1.0028359247
0.9897756208
0.9826466244
0.9836226724
0.9906550275
1.0044903256
1.0094564338
1.0132084130
0.9838630508
0.9933156187
1.0115379511
0.9970338721
0.9822092856
0.9867265841
1.0148327130
1.0230045359
1.0101850510
1.0054137119
1.0074946538
0.9972865341
0.9935645403
0.9993140315
0.9911909705
0.9855647564
0.9858992169
0.9948899046
0.9971770051
1.0076678430
1.0115853959
1.0016183227
0.9953339482
0.9883349042
0.9949366205
0.9977289631
0.9873538507
0.9898846120
0.9853951892
0.9943295600
1.0002606502
0.9900784480
0.9897552004
1.0057544612
1.0113771540
0.9962196235
0.9834179021
0.9969205360
1.0044180617
1.0089889224
1.0047470358
0.9962461668
1.0098753892
0.9933206458
0.9746219142
0.9703004684
0.9968113277
1.0291536342
1.0256362960
1.0080126086
1.0002257817
0.9988985859
0.9922178769
0.9850852039
0.9889610068
0.9981631041
1.0058833285
1.0089872997
0.9922000951
0.9796106705
0.9988440773
1.0101673203
0.9854326061
0.9904505704
0.9871252767
0.9978696640
1.0007407515
0.9946911486
0.9961550479
0.9877798679
0.9784201119
0.9842179618
1.0066745356
1.0155727863
1.0039890233
1.0004409649
0.9926799753
0.9875412629
0.9909195420
0.9995365122
0.9918235839
0.9768018373
0.9757218527
0.9929737906
0.9925003949
0.9776127986
0.9586578648
0.9768421549
0.9869075728
0.9863493658
0.9965114236
0.9948544474
0.9842006343
0.9935808195
1.0056895444
0.9949755311
0.9870230140
0.9984863953
1.0153009124
1.0228533378
1.0160503679
0.9869241096
0.9823282135
1.0089752459
0.9946370143
1.0018695683
0.9902260994
0.9666309111
0.9655019450
0.9751030724
0.9790389996
0.9814177313
0.9875026959
0.9963931227
0.9999729875
0.9880451653
0.9723896958
0.9777141145
0.9898187983
0.9856581408
1.0084221428
1.0141757971
1.0224548769
0.9914207376
0.9920434134
0.9986982313
1.0025011472
0.9967567810
0.9885426016
0.9873828182
0.9947996561
1.0002123541
1.0053414896
1.0009386873
0.9815358143
0.9742708653
0.9866653296
0.9894234161
0.9853301104
0.9843518110
0.9850178460
0.9641944602
0.9859442479
0.9868014564
1.0139769738
1.0037482404
1.0165671706
1.0188204792
0.9995010441
0.9880132096
0.9971385882
0.9985441285
0.9749056655
0.9624257890
0.9783110726
0.9935202672
0.9953326019
0.9913634565
0.9978426533
1.0021122814
0.9876283868
0.9716885286
0.9999364852
0.9864642456
1.0048867283
0.9905109054
1.0026854562
1.0057578276
0.9868248482
0.9827715507
0.9918452243
0.9840177075
0.9683323820
0.9639505384
0.9798392961
0.9986557434
0.9975693492
1.0009246228
1.0089903039
1.0092894960
0.9865178590
0.9955639989
0.9742042997
0.9777366886
0.9821758809
0.9920801464
1.0007224165
1.0049008448
1.0075963571
1.0026095519
0.9851960790
0.9891756530
0.9915248716
0.9919184777
1.0066194411
1.0093052249
0.9985840173
0.9984782899
0.9905500245
0.9889377130
0.9957751685
0.9984692006
0.9913943488
0.9910045954
0.9960318110
0.9889458857
1.0145097514
1.0127240899
1.0117963812
1.0116126553
0.9957287070
0.9879391539
0.9959228493
1.0087851448
1.0063027315
0.9895305426
0.9877932203
0.9973032493
0.9965926825
1.0021363654
0.9946133053
1.0169346898
0.9974314057
0.9994140311
0.9951889685
0.9787253845
0.9870248700
0.9825686205
0.9706157101
0.9479163431
0.9597049924
0.9907864702
0.9959519268
0.9897784120
0.9864298179
0.9839750616
0.9933581959
0.9984264728
0.9862927074
0.9913046094
1.0078542756
1.0033725411
1.0095339004
1.0120426430
1.0096813696
1.0003722933
0.9967613516
0.9913231415
1.0010049015
0.9929117010
0.9883499974
0.9856334057
0.9716718398
0.9649399732
0.9828292121
0.9987230471
0.9979655031
1.0032653442
1.0036609513
0.9880658500
0.9653551437
0.9569177200
0.9398645661
0.9272064039
0.9045781901
0.8686705647
0.8484403966
0.8526902940
0.8772209242
0.9154308301
0.9599546077
0.9815717448
0.9811326523
0.9833232381
0.9956865165
0.9998295181
0.9868912641
0.9725603043
0.9735203207
0.9953691856
1.0103364144
1.0309587268
1.0728272844
1.0438957965
0.9953635187
0.9766224455
0.9966064734
0.9937932289
0.9842768108
0.9854460721
0.9784612163
1.0000444229
1.0202941492
0.9998286946
0.9812435526
0.9857001236
0.9904013476
0.9978445272
0.9966980498
0.9833629582
0.9930772489
1.0063941370
1.0062228873
0.9909196061
0.9960114208
1.0154118616
0.9834101980
0.9697922084
0.9747112220
0.9700584627
0.9759194758
0.9805541366
0.9880212998
1.0012102633
1.0035499722
0.9986622771
1.0036769796
1.0093948970
0.9973765722
0.9756963319
0.9714303755
0.9728101158
0.9865144217
0.9999747417
0.9911957376
0.9853524504
0.9890388230
0.9817629222
0.9848611451
1.0013931928
1.0045383033
1.0002471640
0.9893203754
0.9718269284
0.9707146814
0.9935871535
1.0123679533
1.0087007085
0.9919115996
0.9759655397
0.9814281463
0.9875212858
0.9839643193
0.9717960613
0.9683159894
0.9762139640
0.9855000494
0.9646911699
0.9618497143
0.9859928608
0.9869524842
0.9881086529
0.9970694173
0.9991714791
0.9924416491
0.9895014716
0.9973924382
1.0153572237
1.0220142124
0.9958015301
0.9890775694
0.9977833395
0.9978749538
0.9830302532
1.0172474194
0.9953288320
1.0118486274
1.0200696340
0.9961058141
0.9764097505
0.9772729530
0.9888175198
0.9997571525
0.9930000196
0.9919340079
0.9751493167
0.9497068264
0.9634620593
0.9885409305
0.9976150097
1.0009241142
0.9999328919
0.9844747582
0.9984612913
0.9897461639
0.9852484541
0.9955960547
0.9787699556
0.9905170645
0.9815683827
0.9957142530
1.0090152272
1.0221390412
1.0260930850
1.0294232621
1.0140707212
0.9814251337
0.9727081206
0.9864719869
0.9923544320
0.9906040087
0.9966288184
1.0067598405
1.0007537014
0.9938303444
0.9852165333
0.9825771346
0.9952793132
1.0122020524
0.9802927607
0.9790876671
1.0023926779
0.9851343245
0.9687621504
0.9873861296
0.9991179693
0.9770178220
0.9572860266
0.9704008137
0.9907151290
0.9886518239
0.9788015691
0.9740206006
0.9692601168
0.9934567069
0.9970695293
0.9771783322
0.9724354480
0.9904334416
0.9945543635
0.9943504513
1.0007797875
0.9963328612
1.0147806524
1.0040112933
0.9794019915
0.9868478335
1.0074146661
1.0130244520
1.0076044353
1.0149334737
1.0019526600
0.9960660912
0.9920864534
0.9921340929
0.9781602977
0.9884272550
0.9897048775
1.0009193772
0.9976215531
0.9913604390
0.9958065930
0.9980911747
0.9963594963
0.9964713986
1.0029050335
1.0023056975
0.9950043736
0.9997259882
1.0084600345
