#flux
1.0202598709
1.0104682502
0.9928229736
0.9792263565
0.9632074121
0.9641507317
0.9793362948
0.9924210586
0.9982974098
0.9939322059
0.9899977252
0.9916474784
0.9841317616
0.9749753322
0.9775284474
0.9859151698
0.9918315756
0.9908083491
0.9883615193
0.9982637380
0.9918197539
0.9939486832
0.9976125639
0.9921482979
0.9791612943
0.9698289366
0.9594373482
0.9430216733
0.9470103620
0.9609019985
0.9626694769
0.9676983355
0.9776037434
0.9777630163
0.9885264701
1.0042435081
0.9992753952
0.9866177243
0.9983952572
0.9953623286
0.9673035406
0.9632178973
0.9774226193
0.9789256702
0.9759130898
0.9826449281
0.9881373066
0.9881784051
0.9846090012
0.9869044851
0.9908916984
0.9902089001
0.9908625789
0.9894975419
0.9877820264
0.9881914677
0.9866648449
0.9849945599
0.9861844921
0.9883174206
0.9905493899
0.9835804257
0.9807661264
0.9829036274
0.9794775723
0.9693524490
0.9632636412
0.9609257503
0.9358124098
0.8988558234
0.8720661168
0.8641757512
0.8864659241
0.9268092355
0.9555701496
0.9602542563
0.9601459746
0.9707898819
0.9650905879
0.9509780479
0.9412825951
0.9417713360
0.9498026863
0.9564167338
0.9561090439
0.9538105527
0.9523519969
0.9407885362
0.9271099969
0.9117130921
0.8941727300
0.8823396752
0.8816512380
0.8961809331
0.9163395342
0.9285795977
0.9365101536
0.9285542266
0.8885521735
0.8514882938
0.8366477806
0.8458557430
0.8666644221
0.8924334131
0.9193604814
0.9398790293
0.9583175483
0.9690789039
0.9679146539
0.9679219538
0.9668620614
0.9516395726
0.9244052357
0.8998414601
0.9033292833
0.9351779066
0.9538652851
0.9661497626
0.9641656980
0.9387622078
0.9423982774
0.9571604475
0.9716282828
0.9720367836
0.9611173902
0.9662664228
0.9685879751
0.9620296748
0.9610610204
0.9525143478
0.9444196955
0.9550673978
0.9696178436
0.9708202254
0.9559751961
0.9464140844
0.9643180772
0.9677789621
0.9597106596
0.9364577777
0.9346666322
0.9478951190
0.9544750483
0.9463605820
0.9363287257
0.9356820417
0.9352131359
0.9428177485
0.9516448539
0.9520252526
0.9533804919
0.9586923582
0.9582507317
0.9516428268
0.9420015880
0.9329656498
0.9246106768
0.9078462217
0.9000447986
0.8931058628
0.8764860952
0.8939009703
0.9184114220
0.9212383033
0.9174437351
0.9256247555
0.9275084812
0.9079530808
0.8964620793
0.9051583669
0.9098102382
0.8995145614
0.8875658193
0.8766407689
0.8581068059
0.8397074468
0.8337236868
0.8348673189
0.8490767075
0.8834821071
0.8739390520
0.8589936699
0.8622940417
0.8721516406
0.8755558678
0.8752302056
0.8788439860
0.8801362009
0.8690723226
0.8586721206
0.8526601452
0.8470968809
0.8437179386
0.8384445878
0.8299466222
0.8222886365
0.8196013473
0.8159170056
0.8007691203
0.7803345429
0.7451473150
0.7234694898
0.6836766448
0.6402456393
0.5736486802
0.4984893873
0.4407863877
0.3944551418
0.3444805202
0.3045210932
0.2775760581
0.2571422527
0.2413681435
0.2292435507
0.2247835630
0.2211015708
0.2291098033
0.2587900503
0.2975757615
0.3326190069
0.3770052737
0.4262482752
0.4832422329
0.5519527825
0.6219427774
0.6734079746
0.7116512010
0.7438796521
0.7670154936
0.7807556931
0.7952485666
0.8165522454
0.8304883980
0.8231289334
0.8131392971
0.8241846828
0.8393136609
0.8475543462
0.8539529226
0.8831532571
0.9183634646
0.9184753446
0.9129879634
0.8928339721
0.8701569574
0.8793031937
0.8894300982
0.8905850425
0.8781002314
0.8656561912
0.8714435098
0.8884302182
0.8990461401
0.9027512612
0.9009299448
0.8882044076
0.8834074712
0.8811747123
0.8755686336
0.8840250726
0.8980970789
0.9035384187
0.9059364879
0.9054789611
0.9009397194
0.9147341078
0.9339626941
0.9435407960
0.9517137458
0.9476003395
0.9334561682
0.9292807028
0.9391361640
0.9477855741
0.9427637931
0.9331997846
0.9353059379
0.9416729390
0.9510410082
0.9528345474
0.9426297728
0.9425512148
0.9286466257
0.9253387701
0.9358839369
0.9427701294
0.9493586110
0.9581787999
0.9549877242
0.9492739636
0.9499441135
0.9503411396
0.9505271475
0.9525337474
0.9531259053
0.9585017229
0.9630486405
0.9623651407
0.9671583740
0.9810304616
0.9933445327
0.9742804353
0.9924455916
0.9970067902
0.9887871087
0.9779407636
0.9769661734
0.9765389920
0.9771777997
0.9835691690
0.9779213890
0.9661559366
0.9622260535
0.9623173352
0.9578039120
0.9337004404
0.9101268125
0.8635106535
0.7908012104
0.7407781192
0.7302631500
0.7461694002
0.7978419435
0.8651528986
0.9182403788
0.9446655878
0.9536330682
0.9495823644
0.9543109731
0.9640949832
0.9687962054
0.9695297032
0.9668596203
0.9589159653
0.9496448186
0.9505747851
0.9677986468
0.9770321692
0.9619856519
0.9506270798
0.9600528612
0.9662468939
0.9793705738
0.9830524180
0.9722361547
0.9673695718
0.9700778754
0.9709303800
0.9703538021
0.9694174397
0.9671345539
0.9747305235
0.9775996219
0.9632855014
0.9618339497
0.9776896925
0.9901799893
0.9888803554
0.9777202542
0.9732708317
0.9978981749
1.0171822676
0.9990873671
0.9872026364
0.9786801493
0.9823278964
0.9947701034
0.9935654122
0.9780664498
0.9660208562
0.9640601159
0.9690181749
0.9795425183
0.9903852312
0.9907860814
0.9754105560
0.9440817719
0.8983972940
0.8453202828
0.8052326340
0.7963453452
0.8290342945
0.8834151038
0.9268604941
0.9600025419
0.9862657231
0.9892719867
0.9710945269
0.9648263155
0.9642650263
0.9693286075
0.9825127730
0.9939533163
0.9964573730
0.9886598100
0.9752715519
0.9696556265
0.9791194979
0.9877872225
0.9798379441
0.9606408539
0.9317494115
0.8971385856
0.8629265735
0.8546244904
0.8689256714
0.8967510030
0.9333757728
0.9712142973
0.9966171935
0.9971105831
0.9853285467
0.9760894308
0.9521473323
0.8911955132
0.8131401845
0.7648579065
0.7638766431
0.7935072090
0.8410906776
0.8955488133
0.9394587481
0.9673143549
0.9842824988
0.9832446539
0.9801335570
1.0007862252
1.0015627895
1.0014387223
0.9989044790
0.9903710839
0.9904941979
0.9995615146
1.0042941209
1.0023931865
0.9970387720
0.9924341376
0.9976377247
0.9974728045
0.9882280648
0.9640885636
0.9634895655
0.9708242281
0.9807626738
0.9779153870
0.9824939608
0.9975181472
1.0020583422
0.9912585950
0.9839702946
0.9901913285
0.9950901902
0.9997442242
1.0068513394
1.0005309104
0.9883813091
0.9923306042
1.0050782955
1.0076477805
1.0110166747
1.0088756118
1.0035461378
1.0033602203
0.9955418569
1.0065778252
1.0214836317
1.0198431448
1.0161336333
1.0017107149
1.0019139646
1.0048220765
0.9981572647
0.9925809020
0.9933952779
0.9993599257
1.0082661868
1.0092845195
0.9961562421
0.9886778115
0.9992525595
1.0051277993
1.0078131373
1.0157442951
1.0136446024
1.0312840987
1.0389923506
1.0235113608
1.0041684174
0.9970566830
0.9972373257
1.0002416974
1.0083708548
1.0090572621
1.0002643374
0.9932291978
0.9879731801
0.9914017393
0.9979038464
0.9979809118
0.9815410041
0.9922795549
0.9844920054
0.9654883770
0.9605039917
0.9626378477
0.9729876082
0.9786611746
0.9850912734
0.9828253863
0.9822882025
0.9875811767
0.9882924479
0.9865947153
0.9867991009
0.9798144400
0.9662738512
0.9577466542
0.9463834878
0.9236526185
0.9022851809
0.8947795991
0.9001919014
0.9214737598
0.9514486013
0.9732350375
0.9809825058
0.9814929068
0.9770713595
0.9748430914
0.9753394243
0.9818996101
0.9863239964
0.9866068908
0.9930492848
1.0028649858
1.0039822195
0.9959943707
0.9821264588
0.9760701088
0.9758073938
0.9773511225
0.9740030025
0.9773340167
0.9767842061
1.0273721154
1.0631720419
1.0366140935
1.0012425048
0.9883227617
0.9782119987
0.9705249266
0.9727948158
0.9819541827
0.9909682003
0.9961653243
0.9985438234
1.0022489465
1.0037668678
0.9820885634
0.9642971063
0.9591067764
0.9503603522
0.9454440544
0.9531818569
0.9670067145
0.9735416792
0.9736443341
0.9872277172
0.9954564699
0.9954732084
1.0010984869
1.0038237494
0.9925389989
0.9790895267
0.9742430924
0.9753496749
0.9801670764
0.9827004276
0.9896464974
0.9943487012
0.9916766167
0.9919861538
0.9905857981
0.9850586368
0.9766505266
0.9836037640
1.0009193122
0.9953321292
0.9804792226
0.9743790736
0.9785830185
0.9822917784
0.9807248557
0.9794897470
0.9858521978
0.9977520814
1.0032432012
0.9983447357
0.9901352286
0.9845118716
0.9887315258
0.9746743226
0.9427341235
0.8922754658
0.8488137719
0.8320256652
0.8555984278
0.8971253912
0.9351811950
0.9575156388
0.9672013386
0.9709141900
0.9768468964
0.9890502445
1.0015398343
1.0075260931
1.0003398077
0.9826110327
0.9902210902
0.9983159721
1.0074384545
1.0038267238
0.9914888241
0.9844995326
0.9907389593
0.9959622124
0.9876713108
0.9741766606
0.9813037324
0.9959333517
0.9924192776
0.9869413443
0.9945538993
0.9998975214
1.0018309005
1.0069563991
0.9965594173
0.9774060515
0.9785061818
0.9892159681
0.9906535273
0.9841654611
0.9857337781
0.9823570811
0.9977127504
1.0118920020
1.0072261661
0.9977648960
0.9946837317
0.9946675482
0.9897709416
0.9857336797
0.9846156737
0.9864220245
0.9928546606
0.9989271040
0.9997637407
0.9972386546
0.9947255391
1.0032956462
1.0071644821
1.0021052492
1.0020350780
1.0137827441
1.0153329983
1.0027366426
0.9937717169
0.9915169598
0.9910896839
0.9905530193
0.9938205350
1.0000519686
1.0045824051
1.0070118508
1.0021121418
0.9939757615
1.0007536547
1.0162100866
1.0224462778
1.0095487735
1.0099828479
1.0210011598
1.0141880611
0.9950684998
0.9909513323
0.9945683488
0.9882203325
0.9809321779
0.9653152168
0.9579746548
0.9663651819
0.9744880880
0.9733399231
0.9739511750
0.9814740898
0.9833352723
0.9798444488
0.9817738977
0.9732226721
0.9730808817
0.9852247997
0.9953726140
0.9972272127
0.9968190218
0.9929254864
0.9655788338
0.9280873289
0.9088632384
0.8968002666
0.8861571359
0.8771534956
0.8574794297
0.8104157183
0.7355889308
0.6666420001
0.6363540695
0.6513533330
0.7100054621
0.7819468049
0.8488127437
0.9096937388
0.9462482434
0.9534843903
0.9697482838
0.9884402472
0.9774605276
0.9654522082
0.9290733798
0.8764710799
0.8081023841
0.7464118729
0.7152259671
0.7286133116
0.7875756902
0.8670081389
0.9230867105
0.9472063916
0.9677221587
0.9756840434
0.9739295036
0.9762284584
0.9822667034
0.9722374900
0.9629577595
0.9713688474
0.9831103870
1.0091463421
1.0077007772
1.0006066170
0.9973526867
0.9988600866
1.0002933455
0.9939572416
0.9894409464
0.9911395844
0.9931543981
0.9976920301
1.0043092382
1.0068049377
0.9941144610
0.9849912699
0.9908975228
0.9865333390
0.9742662683
0.9718497484
0.9734110070
0.9822343261
0.9914501504
0.9829114736
0.9681263904
0.9809457967
1.0077335974
1.0136224804
0.9982379753
0.9886508354
0.9944185747
0.9968073566
0.9884725102
0.9901183018
1.0014952924
1.0105882103
1.0102135315
1.0074183373
0.9988582921
1.0016687461
1.0033321657
0.9995056244
0.9927718681
0.9661923378
0.9272624079
0.8846386360
0.8527805448
0.8347543620
0.8412789924
0.8775413404
0.9321847215
0.9704338884
0.9674129230
0.9719742586
0.9974738755
1.0074972659
0.9983266186
0.9865367224
0.9944553604
0.9981379635
0.9886282588
0.9635601805
0.9454641418
0.9314257716
0.9147110728
0.9091404710
0.9167188384
0.9336861579
0.9563204785
0.9742168310
0.9791904572
0.9696659405
0.9493982846
0.9339512270
0.9309569526
0.9436388064
0.9624988736
0.9742400566
0.9890990420
0.9695193469
0.9742776168
0.9724273166
0.9795813441
0.9878298491
0.9952622547
1.0028646860
1.0052665941
1.0013549952
0.9951386798
0.9915983197
0.9949038348
1.0018965960
1.0018497382
0.9939842582
0.9924319939
0.9996489921
1.0035244086
1.0109888631
1.0083230010
1.0150785623
1.0165206100
1.0104589825
0.9907037943
0.9870429057
0.9908338006
0.9928634976
0.9987564634
1.0016440944
0.9999826087
0.9957848339
0.9907972002
0.9932116924
0.9974459663
0.9885427691
0.9850915752
0.9844383900
0.9730839351
0.9821692388
0.9888158003
0.9909791556
1.0156353590
1.0197588644
1.0116597439
1.0144190906
1.0277524472
1.0269295682
1.0104464518
0.9991069693
1.0040867122
1.0120688619
1.0072311263
0.9962904542
0.9918230654
0.9899990564
0.9913756523
0.9985821864
1.0122630987
0.9964355159
0.9823272298
1.0035806790
1.0173507753
1.0050036101
0.9826935260
0.9691892855
0.9682928781
0.9729821933
0.9803861122
0.9884277757
1.0067271462
1.0200540988
1.0163569451
1.0120284075
1.0091929285
1.0019399509
0.9992226122
0.9898339460
0.9910340439
0.9833967977
0.9938830015
0.9964562077
0.9832646605
0.9699727303
0.9427526635
0.9032866257
0.8834427782
0.8824428045
0.9048226644
0.9411650036
0.9801337451
1.0067422614
1.0117078814
1.0056511042
1.0024132065
1.0022617041
0.9997488240
0.9954127261
1.0046953755
1.0138066258
0.9970215180
0.9894566978
0.9735196722
0.9704293752
0.9747783847
0.9797737523
0.9821158864
0.9738768793
0.9713173099
0.9806301974
0.9876545198
0.9807126931
0.9741568487
0.9810536401
0.9917332648
0.9979984421
0.9970808971
0.9969098738
0.9929953114
1.0007741645
0.9951328856
0.9967924578
0.9954656631
0.9802531046
0.9705146096
0.9664743446
0.9626312898
0.9681471600
0.9815227686
0.9913462439
0.9987475285
1.0005943248
0.9857476947
0.9658072863
0.9661461076
0.9849700448
0.9986033847
0.9931881609
1.0013255214
0.9920663084
0.9811798811
0.9575573047
0.9312349900
0.8868576708
0.8990706765
0.9119285899
0.9491597514
0.9877436542
0.9959697971
0.9873515406
0.9920021859
1.0044877673
1.0052995686
1.0023306262
1.0103721448
1.0185269038
1.0078883851
0.9744096398
0.9331273979
0.8738473442
0.8080991539
0.7464742837
0.7334262259
0.7696423482
0.8319489918
0.8943835790
0.9240391588
0.9297739225
0.9295913545
0.9308414708
0.9255438953
0.9123656520
0.9136292087
0.9356992626
0.9618897228
0.9861336651
0.9948169933
0.9875990896
0.9999898406
1.0011649145
1.0062769127
1.0060128008
1.0004338391
1.0098906628
0.9979740999
0.9954881948
1.0033678420
1.0060462367
1.0039829177
1.0081285627
1.0118295119
1.0068379842
1.0029739019
1.0028665774
0.9993136908
0.9930155600
0.9818966804
0.9769992035
0.9786818887
0.9802412490
0.9828010046
0.9890152842
0.9885613836
1.0003323172
1.0103248880
1.0054261645
0.9979612701
0.9895051313
0.9838156271
0.9790810606
0.9777684013
0.9842794441
0.9875332195
0.9835278462
0.9797676646
0.9788819300
0.9873136607
0.9967507812
1.0117702599
1.0171029592
1.0080782251
1.0069574114
1.0081359344
1.0127101894
1.0112000991
1.0112565449
1.0085886173
0.9976703662
0.9794791474
0.9826631315
0.9881568717
0.9878275526
0.9798802961
0.9613271395
0.9514703628
0.9599537796
0.9687871561
0.9650123522
0.9418121471
0.9363614275
0.9476323115
0.9550114656
0.9613617459
0.9698055972
0.9862529630
1.0016471202
0.9861943077
0.9771285688
0.9797183038
0.9850962481
0.9896940506
0.9927974997
0.9992546325
1.0019888499
0.9968799013
0.9973339813
1.0027112855
1.0055104658
0.9919790222
0.9746967317
0.9799149286
0.9991076948
0.9952801782
0.9748606166
0.9792522565
0.9910333726
0.9956873601
1.0050085528
1.0054641268
0.9989381801
1.0012159369
1.0039361323
0.9985823402
0.9890386905
0.9880322066
0.9993248489
1.0005747978
0.9901549688
0.9842964218
0.9918104077
1.0033736482
1.0084920938
0.9937577408
0.9932054872
0.9848401442
0.9833271810
0.9879445085
0.9966153023
0.9992973629
0.9933207267
0.9826829389
0.9768830948
0.9819618781
0.9917628198
0.9986366296
0.9963917782
0.9849953538
0.9839652954
0.9816149830
0.9668020594
0.9692675580
0.9741054470
0.9741276362
0.9711605759
0.9708089416
0.9784365352
0.9845877707
0.9884054959
0.9861828036
0.9950540658
1.0058583725
1.0041123387
0.9914353087
0.9853629913
0.9889185763
0.9854747724
0.9746024193
0.9684922273
0.9745530274
0.9801556861
0.9959194676
1.0225901643
1.0173436931
1.0137482430
1.0131106280
1.0036127254
0.9930185244
0.9928394704
0.9886203747
0.9875190858
0.9976545449
1.0060526000
1.0091427339
1.0095072005
1.0036963591
0.9970019608
0.9951590194
0.9882421665
0.9824327028
0.9960119148
1.0040543562
0.9908910128
0.9939860498
1.0060101035
0.9998698573
0.9973689018
0.9980150605
1.0030438729
1.0061689493
1.0069706167
1.0081907936
1.0082517163
1.0019320565
0.9919306931
0.9873480026
0.9919133609
1.0046691060
1.0193667018
1.0184618578
1.0025888947
0.9832828070
0.9772804603
0.9884725371
0.9940171192
0.9936461983
1.0039718186
1.0141641779
1.0100288005
1.0069301464
1.0066539852
1.0000353235
0.9957112206
1.0049065261
1.0134756695
1.0120471548
1.0114979370
1.0139563039
1.0152713465
1.0091858843
0.9929299619
0.9864228823
0.9909777843
0.9914196768
0.9811483395
0.9709690586
0.9885387883
1.0024741130
0.9990067379
0.9914530738
0.9983924995
1.0168310079
1.0176048363
1.0040529113
0.9950953003
0.9987634303
1.0082790572
1.0039018168
0.9879200563
0.9816490209
0.9865052387
0.9964744421
1.0088853504
1.0118736415
1.0008846753
0.9941681688
0.9893037525
0.9892941605
0.9894359996
0.9853315393
0.9770751730
0.9739020347
0.9834768463
0.9914013513
0.9909406404
0.9896295397
0.9894292780
0.9909618065
0.9954229209
0.9941544537
0.9813800589
0.9835493755
0.9875093660
0.9772192813
0.9795624466
0.9701095828
0.9258059030
0.8893726611
0.8920482052
0.9168061574
0.9519160939
0.9829273274
0.9973396075
1.0040450062
1.0099023803
1.0076146173
1.0018221407
0.9985174876
0.9883963607
0.9902322458
1.0096519606
1.0127950397
1.0068318990
1.0104313026
1.0032271237
0.9903771920
0.9868925522
0.9796560840
0.9771608647
0.9873496803
0.9920666178
1.0020529994
1.0162910322
1.0169271199
1.0027213686
0.9931583638
0.9928239653
0.9901354046
0.9883114259
0.9903310691
0.9971912443
1.0101809327
1.0005611530
0.9836187072
0.9780854235
0.9851008276
0.9785283483
0.9503070393
0.9210700171
0.8888042707
0.8746865428
0.8942742022
0.9252781717
0.9504563728
0.9705900730
0.9905161152
1.0087411727
1.0168627793
1.0122233436
1.0039397536
1.0017257040
1.0032421522
1.0083064741
0.9953785905
0.9929851051
0.9981588495
0.9881418876
0.9887273422
1.0043987282
1.0148465322
1.0146530655
1.0025170694
0.9862713860
0.9789478437
0.9880245604
0.9926778589
0.9792393916
0.9690181909
0.9739069044
0.9839834781
0.9856271451
0.9846045965
0.9909524537
0.9940084761
0.9946791550
0.9951774212
0.9860996695
0.9971109756
0.9868152507
0.9634441127
0.9509972290
0.9538894797
0.9563854196
0.9560348551
0.9605839360
0.9698357871
0.9862222722
1.0062381912
1.0169359837
1.0194579717
0.9997705453
1.0001579420
0.9870179693
0.9698619060
0.9749776796
0.9900415613
0.9969608891
0.9947191502
0.9940878356
0.9900491239
0.9811053033
0.9784133438
0.9878271022
0.9898673667
0.9829024686
0.9821052662
0.9833115935
0.9795027966
0.9821124523
0.9880714269
0.9806765170
0.9711208192
0.9623422978
0.9536411791
0.9695128904
0.9793187595
0.9815386228
0.9870257618
0.9842242869
0.9619745620
0.9542667977
0.9627437207
0.9587595391
0.9553683356
0.9675953713
0.9826992949
0.9942623183
1.0029908012
1.0040434543
1.0017550775
0.9888853373
0.9753820013
0.9788028901
0.9869216734
0.9739161593
0.9323437848
0.9057339065
0.8935938125
0.8861595258
0.8754813039
0.8576315312
0.8397857865
0.8078757366
0.7674753519
0.7478431562
0.7732679529
0.8232424864
0.8518323600
0.8529504559
0.8508929944
0.8535913041
0.8733008782
0.9033619382
0.9243823390
0.9510658209
0.9556813587
0.9568848892
0.9683806191
0.9737160529
0.9791461496
0.9786618576
0.9914188533
0.9877943039
0.9594509000
0.9261568424
0.9026379483
0.8961038849
0.9024373796
0.9129309976
0.9365607815
0.9678570648
0.9737505263
0.9756730091
0.9673492811
0.9596658581
0.9566081618
0.9710591547
0.9904199547
0.9968667989
0.9923223026
0.9872445706
0.9987709568
0.9990079874
0.9923531252
0.9954103142
0.9951287267
0.9847337285
0.9779625510
0.9824353787
0.9940655270
0.9955982189
0.9931004983
0.9966843412
0.9925783442
0.9909992339
0.9822029343
0.9801556845
1.0046325199
1.0215107589
1.0106167578
1.0049015129
1.0015604938
1.0068676457
1.0093180870
0.9998099707
0.9860637398
0.9872127149
1.0050388043
1.0117629295
0.9989361605
0.9952296146
1.0002851602
0.9912356357
0.9946757544
1.0011037104
0.9994874318
0.9849117994
0.9764951216
0.9851361883
0.9933102650
0.9948929944
0.9912357134
1.0004445581
1.0107584871
1.0059773683
1.0015858942
1.0114156691
1.0158895363
1.0069811888
1.0074197723
1.0110363258
1.0077472335
1.0018149169
0.9982759288
0.9898390532
0.9979748211
0.9942247892
1.0005063228
0.9900290910
0.9659295441
0.9410756231
0.9078810671
0.8883905102
0.8762780263
0.8710898075
0.8821125151
0.9001311728
0.9192447092
0.9454678424
0.9667213979
0.9739897243
0.9807168359
0.9808063487
0.9717769211
0.9796032231
0.9908835709
0.9834844055
1.0011257035
1.0049829491
1.0014110088
0.9972050279
1.0065516067
1.0138404128
1.0106561258
0.9973197150
0.9854548692
0.9870095724
0.9967210024
0.9995824699
0.9985229268
1.0069749977
1.0077471749
1.0103107126
0.9925487461
0.9850377483
0.9898701392
1.0115791180
1.0132562276
1.0132879427
1.0068738073
1.0062837240
1.0076792060
1.0015354993
0.9936562460
0.9895481546
0.9983373620
1.0074232907
1.0051432152
0.9994952011
0.9910407807
0.9881168743
0.9934828612
0.9954648625
0.9853315136
0.9835881579
1.0068438318
1.0173489597
1.0074419554
0.9951422388
0.9886680185
0.9837162869
0.9825994218
0.9692788672
0.9547647499
0.9347562976
0.8841157723
0.8012698065
0.7214874737
0.6827358046
0.6992393069
0.7625731859
0.8446607962
0.9201283051
0.9563364865
0.9722092020
0.9877278499
0.9851118066
0.9815393168
0.9828558965
0.9852820922
0.9852353330
0.9776318987
0.9807026629
0.9913433044
0.9918669015
0.9881518275
0.9903086338
1.0010135764
1.0135827949
1.0101041179
0.9884005283
0.9624486811
0.9538574858
0.9573131164
0.9593912894
0.9683633047
0.9845235552
0.9859209033
0.9831483191
0.9889465573
0.9928126029
1.0010686178
1.0048097978
0.9992221087
0.9974717480
1.0004768064
1.0015063777
0.9991050542
0.9942271408
0.9887309027
0.9839513033
0.9841256456
0.9943480312
1.0024733002
0.9947221460
1.0020403816
1.0092654202
0.9976118873
0.9979519515
0.9957037449
0.9802498611
0.9524760662
0.9352076259
0.9345894330
0.9406762912
0.9470202587
0.9578094981
0.9716470247
0.9873082049
1.0066183204
1.0146057887
1.0082578028
1.0052550387
0.9919127067
0.9806285738
0.9758697387
0.9954816105
0.9823271415
0.9602672031
0.9674958467
0.9606861158
0.9548086754
0.9517447299
0.9456766105
0.9445268756
0.9666125424
0.9875839912
0.9883992369
0.9916021704
1.0034006721
1.0077121025
1.0060268945
1.0072508163
1.0141859974
1.0110902049
1.0076546356
0.9972533837
0.9962941260
1.0090652445
1.0076479061
1.0024676373
0.9904635888
1.0004629434
1.0151672515
1.0068271384
0.9951105288
0.9891298026
0.9917899379
0.9989971801
0.9918229390
0.9837329974
0.9865530239
0.9926148438
0.9987692061
0.9932912501
0.9777449594
0.9775522386
0.9958423963
1.0029339470
0.9890511598
0.9865634093
0.9871133833
0.9824186421
0.9871146874
0.9999957878
1.0084628754
0.9999105368
0.9838390037
0.9806377679
0.9908858460
0.9994043608
0.9949786875
0.9908222713
0.9989002621
1.0029659134
1.0101760902
1.0090295118
0.9931694271
0.9850610801
0.9948919807
1.0004277120
0.9954857677
0.9935277780
0.9919450501
0.9961910711
1.0016550200
1.0058978580
1.0077512635
1.0068686221
1.0025296157
0.9899993579
0.9820521383
0.9858865484
0.9832418779
0.9788109194
0.9824068272
0.9879195583
1.0160869441
1.0036186374
0.9966966495
0.9996738732
0.9934459076
0.9783157770
0.9841963354
0.9879174494
0.9822309968
0.9792645951
0.9923634547
1.0042758348
0.9918134127
0.9809549421
0.9885852115
0.9955809707
0.9936704660
0.9979006058
0.9896561612
0.9778000585
0.9485505354
0.9447163341
0.9623978601
0.9833665911
0.9964163049
1.0059773432
1.0071889567
1.0047834873
0.9992627245
0.9904013363
0.9821411786
0.9769706483
0.9744372615
0.9739968504
0.9773858358
0.9880205103
0.9993869129
0.9978938930
0.9811672304
0.9770790953
0.9829645397
0.9913862622
0.9906730726
0.9792726160
0.9762322316
0.9815690384
0.9873509383
0.9833694650
0.9757780675
0.9723498885
0.9727299659
0.9783978324
0.9904068243
0.9987311257
0.9958279634
0.9922223788
0.9926798677
0.9986955843
1.0010724291
1.0036073931
0.9942655376
0.9883418535
0.9810677291
0.9773341758
0.9849039622
0.9912694385
0.9935899667
0.9843867289
0.9872442136
0.9937452563
0.9902424805
0.9879827091
0.9891534964
0.9876241908
0.9877565095
0.9880788051
0.9894768234
1.0010756777
1.0014375971
0.9973307404
1.0054952134
1.0005167522
0.9735354910
0.9631130972
0.9745179719
0.9839226388
0.9869252464
0.9864101214
0.9806463577
0.9806472624
0.9837936928
0.9870246080
1.0023457595
1.0240751304
1.0289436421
1.0111469853
0.9907188377
0.9918032403
0.9889281587
0.9903356719
0.9981790656
1.0053029981
1.0027747805
0.9934443030
1.0078536509
1.0068908266
0.9941218135
0.9809614889
0.9809694446
0.9803204439
0.9797819883
0.9832744817
0.9844566313
0.9897430893
0.9973272981
0.9949940335
0.9833952172
0.9918089498
0.9777484600
0.9694117404
0.9794282160
0.9735064424
0.9785174096
0.9900384536
0.9826021890
0.9808550195
0.9879786371
0.9861178512
0.9815857934
0.9856506901
0.9919494122
0.9893289156
0.9945754056
1.0118747775
1.0043375680
0.9857721130
0.9793498112
0.9785732055
0.9845536420
0.9661950140
0.9477589226
0.9286062615
0.9086138989
0.9257444001
0.9370010696
0.9415475789
0.9526117358
0.9553516814
0.9614004987
0.9798087909
0.9953958438
0.9996849732
0.9984990419
0.9947844960
0.9852993620
0.9731554117
0.9812588422
0.9822873210
0.9779986980
0.9840544468
0.9878516205
0.9999858522
1.0181773405
1.0122887420
1.0039638072
0.9989078529
0.9859632907
0.9823137822
0.9790499877
0.9878576207
0.9905612373
0.9855611627
0.9856052110
0.9783849271
0.9608607240
0.9229427974
0.8848563808
0.8500738623
0.7867297722
0.7125700396
0.6716919729
0.6703461055
0.6910913251
0.7518390505
0.8325532879
0.9105644214
0.9576711421
0.9647564897
0.9636375988
0.9674980848
0.9779589929
0.9900868386
0.9908028785
0.9826668875
0.9821983713
0.9871587231
0.9808953485
0.9710615721
0.9788627727
0.9970446594
0.9916541650
0.9847591608
0.9943764143
1.0031625055
1.0061604495
0.9985418887
0.9829546615
0.9747314692
0.9724639697
0.9656235040
0.9673412824
0.9672184835
0.9524191508
0.9510062038
0.9813279395
1.0130517901
1.0011469645
0.9810128146
0.9845030200
0.9809019351
0.9804584410
0.9842645838
0.9774115403
0.9828343199
0.9794102356
0.9735231986
0.9817419274
0.9963087031
0.9986943744
1.0008436395
0.9981133840
0.9811452085
0.9529752677
0.9392704403
0.9569317155
0.9653439061
0.9678188594
0.9856125411
0.9958825210
1.0004944960
1.0068270666
0.9987506033
0.9834760287
0.9748410635
0.9728180121
0.9663082290
0.9585408442
0.9539561766
0.9466029278
0.9417822446
0.9406155550
0.9361118481
0.9325336399
0.9320043648
0.9375498101
0.9597279929
0.9663448631
0.9664568484
0.9829830059
0.9872196789
0.9927395154
0.9899215188
0.9691144917
0.9515909343
0.9540364226
0.9606866263
0.9624770874
0.9752288958
0.9960216198
0.9997508127
0.9872536318
0.9749741117
0.9653345541
0.9686384402
0.9878021502
0.9893397443
0.9781750106
0.9745149778
0.9604246599
0.9549858708
0.9654930159
0.9687125494
0.9859347172
1.0050115727
1.0083273003
1.0027927080
0.9996367138
0.9868067448
0.9663133580
0.9673863140
0.9752674655
0.9807585843
0.9837093885
0.9862259520
0.9949526027
0.9880343914
0.9760593737
0.9908109624
1.0031261796
0.9993874579
1.0000205907
0.9923785043
1.0028456153
1.0096707898
1.0006768274
0.9960969777
0.9932191314
0.9991366536
1.0012971449
0.9977697323
0.9930188744
0.9876093502
0.9818434297
0.9835747946
0.9899273826
0.9842141844
0.9813518515
0.9954177725
1.0006631048
0.9960283055
0.9960670819
0.9986413891
0.9895773801
0.9845296009
0.9841885986
0.9899512192
0.9848916342
0.9915098133
0.9917181081
0.9876866094
0.9878589335
0.9905378407
0.9943882794
0.9958515972
0.9919023022
0.9873776855
0.9868377966
0.9965258318
0.9939326510
0.9944906717
0.9989071340
0.9866918653
0.9804199619
0.9863639009
0.9883246689
0.9982814504
1.0110259023
0.9994729864
0.9866712450
0.9753493830
0.9724586439
0.9728732048
0.9766907897
0.9893462687
0.9974091044
0.9958285989
0.9940860107
0.9896117846
0.9883364977
0.9930942335
1.0007692665
0.9990289094
1.0092868581
1.0037355293
0.9993044757
1.0112789605
1.0133637410
1.0108040167
1.0013419688
0.9822081827
0.9748957915
0.9873388669
0.9991008605
0.9943115081
0.9873608847
