#flux
0.9670643042
0.9500405239
0.9403346860
0.9257522463
0.9014853766
0.8940800508
0.9105619764
0.9298457110
0.9484464051
0.9741528338
0.9860440348
0.9698293654
0.9623221282
0.9552584552
0.9352266195
0.9389202266
0.9451628312
0.9431735047
0.9631512601
0.9806386549
0.9810863384
0.9512871886
0.9128402304
0.8762356354
0.8399614812
0.8022104798
0.7661540830
0.7433295053
0.7497575966
0.7893008271
0.8455160464
0.9013323387
0.9478408052
0.9799414361
0.9947454708
1.0035844782
0.9936816084
0.9669318102
0.9697718087
0.9700548644
0.9505588300
0.9101030977
0.8913532818
0.8982476238
0.9070879170
0.9136118560
0.9248650080
0.9319725292
0.9307086090
0.9291951094
0.9257485607
0.9315674568
0.9397553260
0.9419015326
0.9406215377
0.9400932859
0.9401255807
0.9327037233
0.9205428602
0.9253855657
0.9458144832
0.9491406499
0.9436425189
0.9321321150
0.9256163102
0.9252487855
0.9119842832
0.8738290984
0.7980724825
0.7052242666
0.6635992122
0.6654304647
0.7131046863
0.7946163932
0.8502667815
0.8846108092
0.9225719753
0.9364374614
0.9423362041
0.9058157723
0.8829132153
0.8831459906
0.9019088148
0.9164650837
0.9100129557
0.8977447657
0.8979987381
0.8937955683
0.8782519014
0.8572174911
0.8246694069
0.8216423106
0.8277991525
0.8479167146
0.8778080256
0.8931851494
0.8821370182
0.8455231365
0.7750505677
0.7164381126
0.6632421288
0.6473936582
0.6760524480
0.7468206140
0.8316854490
0.8948170703
0.9312484475
0.9633364491
0.9856703266
0.9752005555
0.9524216411
0.9327165543
0.8902304101
0.8684903684
0.8742254610
0.8857064080
0.9090956295
0.9486534468
0.9595914567
0.9639569281
0.9547550119
0.9501653523
0.9367425780
0.9433854578
0.9628572974
0.9616823038
0.9439477936
0.9410174631
0.9472711617
0.9403317844
0.9263645277
0.8992441598
0.8615797967
0.8210896859
0.7810935011
0.7777309416
0.7965921315
0.8190500484
0.8667512197
0.9083511148
0.9231605343
0.9318744693
0.9359039416
0.9425113727
0.9435694483
0.9415924858
0.9449659486
0.9498593936
0.9482819277
0.9440747446
0.9447537904
0.9475446627
0.9553491280
0.9691363745
0.9729274481
0.9675869442
0.9549432484
0.9298642821
0.8905300229
0.8502547209
0.8333612439
0.8431874862
0.8715116957
0.8954714957
0.9122213274
0.9278559993
0.9481953196
0.9577932491
0.9406455728
0.9177785246
0.9119126778
0.9073172267
0.8999327091
0.9015432561
0.8836404659
0.8586696259
0.8235898726
0.8198526362
0.8367386174
0.8597277428
0.8914710030
0.9170236624
0.9320073754
0.9451748522
0.9546675492
0.9659541858
0.9738141680
0.9667781508
0.9587282502
0.9608517255
0.9513231317
0.9309952141
0.9332643358
0.9429391034
0.9404009150
0.9209042889
0.9147251355
0.8738874683
0.8628148494
0.8583008730
0.8365836939
0.8047889792
0.7637256266
0.7039977614
0.6273535522
0.5455610358
0.4711423077
0.4009070661
0.3343715464
0.2837460315
0.2498166355
0.2252460799
0.2148125524
0.2179097295
0.2223573723
0.2342416718
0.2386530300
0.2521875877
0.2539879700
0.2932291722
0.3264737938
0.3570351730
0.4019775212
0.4638676622
0.5358265266
0.6091450573
0.6864150303
0.7718908078
0.8498988475
0.8873569152
0.8759042641
0.8482859790
0.8249193891
0.8061194847
0.8006268307
0.8069211310
0.8104258685
0.8331029779
0.8899366461
0.9110817657
0.9416167506
0.9454925594
0.9499221706
0.9641763469
0.9695962589
0.9633014780
0.9586126775
0.9620620114
0.9736413234
0.9872610336
0.9908084827
0.9859090275
0.9863710233
0.9814781064
0.9438997470
0.8944775554
0.8384811437
0.8023111347
0.7971678763
0.7955582847
0.8177768005
0.8517326735
0.8938951360
0.9071737842
0.9022350649
0.8933855777
0.8890956007
0.9074236541
0.9474006129
0.9805251063
0.9896552063
0.9831836171
0.9813488850
1.0024160414
1.0019474650
0.9799188910
0.9839665380
0.9835402527
0.9808055685
0.9788084377
0.9709631158
0.9671876401
0.9753845575
0.9777231994
0.9768929360
0.9823237196
0.9775214820
0.9599152806
0.9377680144
0.9235416883
0.9316425899
0.9516486830
0.9693312068
0.9879214792
0.9952727260
0.9782547680
0.9984759698
1.0164278282
1.0026544057
1.0085233902
1.0168711413
1.0103993159
1.0033923632
0.9949458489
0.9867794908
0.9893488838
0.9968758389
0.9945552498
0.9954863630
0.9920516568
0.9798311042
0.9816590662
0.9588724814
0.9294006439
0.9136692751
0.8927718630
0.8550187378
0.7947312074
0.7220572291
0.6755840951
0.6535570504
0.6653437121
0.7069003984
0.7889453450
0.8651753149
0.9083320267
0.9328808786
0.9460723036
0.9451419697
0.9351508406
0.9216101599
0.9063102811
0.8930213604
0.8830312634
0.8751780584
0.8670286399
0.8967079131
0.9193093879
0.9289937532
0.9535065296
0.9472553403
0.9336399381
0.9352812723
0.9150825118
0.8723218137
0.8396748725
0.8321451040
0.8408856036
0.8504390144
0.8572563586
0.8622395246
0.8591827991
0.8532286295
0.8625371939
0.8960406322
0.9430265017
0.9899903041
1.0207362495
1.0032834429
0.9973807769
1.0031888307
1.0040041132
0.9914074491
0.9895766200
0.9931105934
0.9882920591
0.9838732243
0.9876117429
0.9810199660
0.9520170154
0.9325280605
0.9435317619
0.9555639214
0.9629949449
0.9565057785
0.9521376988
0.8790901403
0.7668813169
0.6481300795
0.5534213495
0.5092894753
0.5271055471
0.6031119869
0.7138838594
0.8317295739
0.9377453214
0.9850382865
0.9924212929
0.9867947821
0.9958734669
1.0237237701
1.0233788826
0.9972347096
0.9820058877
0.9821369880
0.9743975534
0.9594196169
0.9674088955
0.9931611365
0.9775876697
0.9320456171
0.8511543536
0.7507066232
0.6669218969
0.6470397265
0.6847492416
0.7595002534
0.8513693432
0.9244662818
0.9578005416
0.9594108223
0.9519691729
0.9465434368
0.9103452670
0.8351190274
0.7325180422
0.6481812514
0.5907442095
0.5723255008
0.6293488708
0.7190702296
0.7946208063
0.8538384065
0.8878598861
0.9343380239
0.9768828273
1.0006951054
1.0086824697
1.0061966831
0.9929837224
0.9767896697
0.9662449098
0.9558524108
0.9485207603
0.9419055724
0.9273822472
0.9079234405
0.8903927948
0.8769399134
0.8769668339
0.8860662835
0.9055639831
0.9153012839
0.9233188429
0.9182695914
0.9290253010
0.9289763756
0.9118202825
0.9073825345
0.9156171238
0.9265054176
0.9472110563
0.9697380038
0.9770603286
0.9683111456
0.9901666577
1.0005871841
1.0024236800
0.9956684177
0.9676183641
0.9571766810
0.9565072526
0.9540951493
0.9645497082
0.9872311329
1.0026521630
1.0019036644
0.9935537992
1.0020297824
1.0016683815
0.9940552657
1.0045328682
1.0024612903
1.0035854530
1.0134888500
1.0182364935
1.0032052227
0.9812485556
0.9687139390
0.9538061863
0.9419363914
0.9389090363
0.9490941070
0.9420595868
0.9352908145
0.9371984997
0.9529408197
0.9668694274
0.9581443586
0.9423456729
0.9462082314
0.9692729616
0.9934055848
0.9972268632
0.9838782156
0.9892471630
0.9905524548
0.9865341465
0.9843084218
0.9637075642
0.9460851638
0.9117043110
0.9118466977
0.8993634995
0.8888960770
0.9133436724
0.9472355859
0.9612298604
0.9689816808
0.9759567634
0.9697404147
0.9612813563
0.9463483872
0.9005247347
0.8667487688
0.8290903061
0.7834542855
0.7493144814
0.7061717312
0.6607301644
0.6594606003
0.7029513288
0.7653547432
0.8386992363
0.9032276263
0.9214450134
0.9165718079
0.9318751739
0.9465134060
0.9446777133
0.9554073123
0.9711024199
0.9573215330
0.9296375650
0.9018852899
0.8893906002
0.8886883713
0.8939409123
0.9170455439
0.9514923193
0.9622080663
0.9529072115
0.9366200013
0.9106887372
0.8965369288
0.9020061840
0.9017218778
0.9024116354
0.9017229057
0.9067617884
0.9226565488
0.9358847199
0.9394433420
0.9363727352
0.9383804901
0.9474444844
0.9571873621
0.9757738666
0.9613596447
0.9616293037
0.9210588603
0.8911017787
0.8964589677
0.9048775132
0.9209279399
0.9383725859
0.9605628208
0.9738561701
0.9850043916
0.9991978472
1.0011628440
0.9885171709
0.9675637714
0.9332402137
0.9041605062
0.8985898593
0.8951776158
0.9276745822
0.9598893523
0.9709658682
0.9826033734
0.9972240899
1.0053226084
1.0104163398
0.9974782479
0.9845816434
0.9795086998
0.9766182533
0.9734572003
0.9507267980
0.9185134548
0.9033678128
0.9023511062
0.9036778935
0.9044775814
0.9337353868
0.9670532386
0.9701478705
0.9997533187
0.9982189827
0.9779253063
0.9474748706
0.8886529654
0.8003009542
0.7144188728
0.6669383014
0.6768004524
0.7487566742
0.8326467080
0.8909745652
0.9279127296
0.9444009041
0.9535047332
0.9746844042
0.9792511787
0.9728515480
0.9624549092
0.9527620213
0.9532095750
0.9415752864
0.9331507403
0.9540148408
0.9805820044
0.9894158812
0.9950877993
1.0021707830
0.9893001756
0.9748379689
0.9589128224
0.9567529145
0.9663076174
0.9654024109
0.9640426763
0.9751531674
0.9861568795
0.9975487335
0.9959131465
0.9992279612
0.9980093982
0.9850847216
0.9749753993
0.9741259359
0.9759616217
0.9581017763
0.9635823052
0.9784679456
0.9802214364
0.9790729177
0.9719292041
0.9544005030
0.9371911468
0.9184975767
0.8986670817
0.8942001367
0.8926810389
0.8815217712
0.8903466542
0.9217492218
0.9494318917
0.9746846196
1.0031571796
1.0116124625
0.9994697097
0.9891299813
0.9619614183
0.9521787028
0.9480300344
0.9351883627
0.9304448185
0.9576047705
0.9867017285
1.0022988376
1.0092500220
0.9940997645
0.9799313428
0.9763564861
0.9910977041
1.0008080182
0.9949622147
0.9950746714
0.9850151885
0.9964807457
1.0043968508
1.0014167602
0.9689920312
0.9380059235
0.9159308190
0.8934797509
0.8800291147
0.8802130609
0.8854907633
0.9018193922
0.9188040059
0.9157502359
0.9170321443
0.9326528508
0.9571572991
0.9718580389
0.9692925843
0.9629325065
0.9566045707
0.9780589717
0.9897224780
0.9740955862
0.9488164324
0.9281602730
0.8807483977
0.8248902383
0.7855910599
0.7795837783
0.7824706497
0.7546911336
0.6931674862
0.6146769410
0.5337200416
0.4819577570
0.4897384800
0.5649686876
0.6691325291
0.7700831949
0.8610785785
0.8966960622
0.9032944951
0.9036950472
0.9003686831
0.8940422454
0.8943798191
0.8693530137
0.8053697761
0.7030848844
0.5939831001
0.5245621773
0.5270541690
0.5998804389
0.7084074209
0.8215718567
0.9012939714
0.9378678041
0.9611784299
0.9549710828
0.9442575266
0.9753997499
0.9844112609
0.9833331335
0.9685104813
0.9684554806
0.9695482473
0.9620800111
0.9444607463
0.9253140880
0.9158344080
0.9108821135
0.9058676813
0.9052526646
0.8995571685
0.8888016933
0.9041418625
0.9389828429
0.9828998143
0.9976037379
0.9865067152
0.9600817327
0.9289196201
0.8968455580
0.8603757153
0.8542246456
0.8614737299
0.8666983645
0.8847649116
0.8949245674
0.9011943036
0.9124812508
0.9253825722
0.9476512260
0.9640059773
0.9609823468
0.9808502770
0.9919447471
0.9922096946
0.9941203769
0.9881833148
0.9877085373
0.9781747294
0.9543314842
0.9374732281
0.9209495858
0.9082574655
0.9230587731
0.9411096332
0.9238645294
0.8755586661
0.8267336141
0.7962052519
0.7886818005
0.8032001587
0.8361141975
0.8878393809
0.9429211058
0.9711814045
0.9587071896
0.9602353358
0.9643949976
0.9747404862
0.9781094956
0.9717897581
0.9601773352
0.9379987934
0.9072430026
0.8693493942
0.8336484302
0.8155566630
0.8254683279
0.8669100468
0.9213753614
0.9414209841
0.8995062703
0.8245724647
0.7508341328
0.6950818220
0.6886159709
0.7326862030
0.8210993136
0.9238214818
0.9797469114
0.9958945900
0.9952040929
0.9961987959
1.0074184399
0.9987685025
0.9637048083
0.9445513043
0.9473811521
0.9533479556
0.9705046831
0.9917801746
0.9892010504
0.9762116605
0.9644113517
0.9484998172
0.9457689197
0.9460060831
0.9585305240
0.9738166529
0.9758982243
0.9759569230
0.9778641634
0.9778072153
0.9645331483
0.9638509888
0.9663064261
0.9801725243
0.9972620431
1.0055949202
1.0026865660
0.9826339299
0.9645853753
0.9555783402
0.9474459130
0.9450736578
0.9557218074
0.9680994716
0.9977299089
0.9970401016
0.9873561033
0.9868775833
0.9895728148
1.0022910309
1.0012199195
0.9780405214
0.9546548962
0.9455344374
0.9369828688
0.9217981651
0.9168143309
0.9303744093
0.9513778976
0.9756570435
0.9945253897
0.9882645756
1.0029813457
0.9907635816
1.0087558909
0.9972907032
0.9915965959
0.9735925545
0.9479011371
0.9034612743
0.8831949401
0.8661058979
0.8581369713
0.8630913795
0.8895848414
0.9331241681
0.9682029421
0.9854239800
0.9912114165
0.9909262079
0.9949113675
1.0020675062
1.0092897630
1.0120140187
0.9959529960
0.9832536856
0.9807092280
0.9708104766
0.9466216498
0.9219969450
0.8732118872
0.8067601923
0.7651929206
0.7533833875
0.7823441097
0.8454841000
0.9116078234
0.9610946679
0.9925758417
1.0157715401
1.0061161636
0.9988498670
0.9980490576
0.9888832242
0.9662671508
0.9506654318
0.9248848991
0.9158508759
0.8985060511
0.8823084115
0.8700122144
0.8581089350
0.8378330313
0.8019360081
0.7606805873
0.7301778759
0.7298221914
0.7706218396
0.8377331295
0.9072598679
0.9554407121
0.9810375585
0.9808347513
0.9682477500
0.9686713943
0.9729626386
0.9504825373
0.9470741242
0.9273585295
0.9029904620
0.8834501309
0.8740046597
0.8742303946
0.8843329073
0.9031216708
0.9082162100
0.9005920036
0.9007142774
0.8985021373
0.8936294167
0.9060408740
0.9328617684
0.9524557552
0.9595655618
0.9451578479
0.9348808382
0.9114188902
0.8565270585
0.7941269078
0.7513300134
0.7442442493
0.7797576826
0.8461944435
0.9185269084
0.9685458466
0.9879205046
1.0037657576
1.0263008876
1.0238378049
1.0021992257
1.0023827655
0.9962018526
0.9697167660
0.9564607115
0.9313715652
0.8237593289
0.7155773153
0.6140124926
0.5654946261
0.6075515846
0.6831461017
0.7668193736
0.8264894201
0.8330410138
0.7995921073
0.7515674953
0.7073698583
0.6794175475
0.6796594577
0.7193300590
0.7839316293
0.8647431894
0.9343374099
0.9714072387
0.9911141477
1.0027049212
1.0036480615
1.0184564714
1.0194456014
1.0015854675
0.9817338506
0.9739270000
0.9720788933
0.9470485181
0.9182511967
0.9099678775
0.9115672577
0.9235656665
0.9527245550
0.9768784113
0.9911619187
1.0006966348
0.9996161908
0.9990155992
0.9948269428
1.0008137573
0.9847814888
0.9636525589
0.9807513672
0.9933471970
0.9843902260
0.9691797284
0.9547945699
0.9428046619
0.9270098412
0.9153106306
0.9120480326
0.9164046625
0.9242372803
0.9294008904
0.9432053935
0.9398247286
0.9579694371
0.9781754435
0.9794586258
1.0108852773
1.0011954541
0.9924104194
0.9888559845
0.9974281459
0.9792272661
0.9745834026
0.9777927330
0.9703054349
0.9682628083
0.9723482499
0.9684710823
0.9477249966
0.9109950765
0.8810449284
0.8695661267
0.8545156276
0.8425351734
0.8308227481
0.7833254030
0.7342716196
0.7329322813
0.7476748873
0.7890178538
0.8488734125
0.9072890161
0.9655065162
0.9985075986
0.9956223017
0.9795493584
0.9739618207
0.9780436192
0.9772093623
0.9656844269
0.9506686445
0.9428969304
0.9517800868
0.9724204243
0.9807225392
0.9647783652
0.9671776966
0.9725203082
0.9639563503
0.9894935304
1.0132989081
1.0253622262
1.0236939514
1.0300591323
1.0273777164
1.0301735527
1.0383906545
1.0295521422
0.9993165131
0.9679278167
0.9666567972
0.9976108710
1.0089913656
0.9871562471
0.9913194380
1.0049293984
0.9949758874
0.9995009555
0.9830746701
0.9870457263
1.0009315996
1.0095835442
1.0086938572
1.0031062530
0.9861775502
0.9519748077
0.9263913046
0.9075312403
0.8789621924
0.8553316569
0.8586212074
0.8879938779
0.9119202139
0.9320090302
0.9341905827
0.9439669553
0.9737604507
0.9732625111
0.9522990147
0.9476760817
0.9276312704
0.8970342759
0.8775794283
0.8744655890
0.8982270963
0.9286917394
0.9539946148
0.9738172880
0.9820707334
0.9771208373
0.9593924920
0.9367136334
0.9339592778
0.9261997224
0.9291603378
0.9658982694
0.9706024228
0.9622076792
0.9714556472
0.9758634258
0.9998752680
0.9984386479
0.9878271091
0.9666423739
0.9539075050
0.9399232238
0.9369364162
0.9531453273
0.9631207048
0.9664218789
0.9829801999
0.9927076257
0.9784272158
0.9473260805
0.9332494370
0.9307127446
0.9429811536
0.9640145239
0.9721916156
0.9797926697
0.9956410314
1.0144488552
1.0174643622
1.0155770260
1.0246032354
1.0128724430
1.0012196169
1.0080153635
1.0068961782
0.9891054617
0.9825944340
0.9915345717
0.9842259756
0.9757499612
0.9633132242
0.9609170592
0.9493422073
0.9366945223
0.9292450053
0.9405750355
0.9540911269
0.9621932905
0.9773810974
0.9862210587
0.9890541523
1.0043887490
1.0158828592
1.0089624053
0.9984400141
0.9965240936
0.9931206347
0.9834189410
0.9795115740
0.9623118154
0.9226663890
0.9222472692
0.9329233274
0.9343710417
0.9428942377
0.9623492047
0.9629938794
0.9715882928
0.9852860766
0.9751699140
0.9657261095
0.9615682565
0.9529986629
0.9409198976
0.9287380592
0.9335939605
0.9593156681
0.9708064758
0.9631869666
0.9583011341
0.9468913856
0.9351503700
0.9508627517
0.9505754815
0.9371101353
0.9361728964
0.9191743861
0.9024862502
0.8942127062
0.8896313648
0.8922228088
0.9055582124
0.9172218249
0.9192651997
0.9097481545
0.9066276371
0.9015038466
0.8712286913
0.8615412611
0.8612117121
0.8708808278
0.8903128459
0.9133325875
0.9087973574
0.8851100311
0.8263627016
0.7474416012
0.6644460120
0.5951255062
0.5616114013
0.5841735920
0.6511023710
0.7371771699
0.8206043042
0.9002071052
0.9578708535
0.9751865222
0.9787340627
0.9826367740
0.9810696695
0.9912385092
1.0071340320
1.0252108762
1.0161998326
1.0196209764
0.9988763832
0.9764647276
0.9746513913
0.9598025890
0.9393525301
0.9330811508
0.9379049030
0.9459647881
0.9637958740
0.9829516616
0.9957658042
1.0102138159
1.0200328698
1.0201079482
1.0250492958
1.0137100543
0.9906623867
0.9899779094
1.0077919194
1.0027694827
0.9991073232
1.0044780841
0.9896365958
0.9731852452
0.9475567246
0.8915913215
0.8198770776
0.7867112051
0.7834658364
0.8103416808
0.8571315440
0.9090675525
0.9642653535
0.9792788607
0.9752487767
0.9656551903
0.9850541469
0.9591930936
0.9616888380
0.9416493772
0.9308543238
0.9497062497
0.9716437817
0.9718889054
0.9791074369
0.9851418163
0.9887208056
0.9913952451
0.9635347170
0.9333609409
0.9166584290
0.8980768817
0.9025424469
0.9259516410
0.9410458219
0.9665542844
0.9686784778
0.9793471459
1.0115873246
1.0056787875
0.9935981727
1.0027916004
0.9913087768
0.9785456301
0.9531503579
0.8968208475
0.8246312038
0.7503723604
0.7094590369
0.7258401098
0.7814702910
0.8560351568
0.9258672399
0.9612285580
0.9851905112
0.9998942356
0.9972816078
0.9865613608
0.9803101253
0.9898910423
0.9774291981
0.9706874143
0.9810960344
0.9664428352
0.9432797515
0.9152672864
0.8908077053
0.8833833707
0.8825444587
0.8913869173
0.9130518940
0.9236659116
0.9194089215
0.9160267607
0.8995058346
0.8891788134
0.8798896074
0.8615013750
0.8426878732
0.8297711574
0.8142671727
0.8332307439
0.8372002059
0.8656287606
0.9063633632
0.9130047030
0.8821929732
0.8317369502
0.7862617399
0.7618737209
0.7755020126
0.8338643731
0.9012539197
0.9374550148
0.9628434454
0.9997566338
1.0102948287
1.0052237153
0.9840203383
0.9788774928
0.9492110606
0.9138820530
0.8663154612
0.8078788620
0.7775411963
0.7743652011
0.7844428124
0.7926660953
0.7749873952
0.7286482187
0.6897674577
0.6838236951
0.7076680616
0.7474979641
0.7761542415
0.7840034901
0.7560206602
0.7315898274
0.7125112954
0.7434553535
0.8142918259
0.8577333842
0.8993334213
0.9305218888
0.9538684257
0.9646574432
0.9759089754
0.9804205527
0.9710324458
0.9391531385
0.8963157456
0.8661044125
0.8332124715
0.7891640727
0.7885102914
0.8328092395
0.8805527833
0.9273063803
0.9675323884
0.9772927489
0.9607150203
0.9678317528
0.9471281616
0.9095636155
0.9130920712
0.9362085433
0.9579984299
0.9785329742
0.9954354301
0.9969237650
0.9743787830
0.9490703249
0.9321758121
0.9112576478
0.9039336152
0.9142075532
0.9344824973
0.9624846316
0.9733170732
0.9563037263
0.9530868698
0.9555562849
0.9524690690
0.9492814501
0.9645983630
0.9832748924
0.9874385921
0.9885392014
1.0041424484
1.0167096931
1.0110455981
0.9958780930
0.9925927193
1.0054628267
0.9984425771
0.9630181944
0.9500597237
0.9388919389
0.9394194042
0.9367049115
0.9185916173
0.9103223445
0.9286117050
0.9427803817
0.9567357633
0.9548730535
0.9431767260
0.9429947459
0.9454739607
0.9383585723
0.9410848950
0.9600490944
0.9776054746
0.9823655935
0.9722461826
0.9600087705
0.9527238106
0.9769660247
0.9927089910
0.9723617642
0.9689387505
0.9787184163
0.9741958469
0.9675206380
0.9612770418
0.9343914663
0.8934915549
0.8634953232
0.8133176423
0.7646549580
0.7298446625
0.6974260146
0.6839878502
0.7057127114
0.7520794560
0.8046315279
0.8470898785
0.8931362722
0.9291267590
0.9607214071
0.9751853252
0.9650954087
0.9480623333
0.9295628332
0.9198483461
0.9380612089
0.9575919963
0.9701227313
0.9762783006
0.9880354069
0.9880137425
0.9804137083
0.9859177827
0.9890968489
0.9772807518
0.9635373988
0.9600954789
0.9658382184
0.9410775363
0.9513905300
0.9720040574
0.9875205395
0.9833560055
0.9941528785
1.0089631124
1.0127834350
1.0117792087
1.0027102125
0.9980763512
0.9887193952
0.9647052559
0.9476496344
0.9540060760
0.9660900253
0.9597166363
0.9291338713
0.8993876434
0.9031204560
0.8966081455
0.9209999912
0.9255458639
0.9343703824
0.9487636950
0.9490945128
0.9334611611
0.9395000075
0.9475681470
0.9420352678
0.9266378123
0.9265874872
0.9224987535
0.8771895102
0.7879420932
0.6704091221
0.5553482122
0.4904584454
0.4882190685
0.5571392361
0.6811763361
0.8081090930
0.8877664208
0.9363492393
0.9602926178
0.9762504300
0.9824999980
0.9669864916
0.9532172989
0.9602530872
0.9544402172
0.9519238783
0.9609675996
0.9690301243
0.9718208624
0.9690415595
0.9659973153
0.9676529100
0.9586176441
0.9299716079
0.9094195021
0.8898815014
0.9081200827
0.9224785290
0.8935046140
0.8942514388
0.9009527830
0.8945117300
0.9154325262
0.9266936893
0.9553344720
0.9711085111
0.9759511930
0.9898641816
0.9945799695
0.9688034168
0.9307774326
0.9155388394
0.9199940658
0.9409052850
0.9528953422
0.9829878680
1.0256723238
1.0165076779
0.9844865598
0.9828849537
0.9695629608
0.9426219632
0.9143814028
0.8832606487
0.8307402085
0.7884292018
0.7790970610
0.7919396056
0.8303840868
0.8908948811
0.9354947483
0.9485299806
0.9534016164
0.9677231746
0.9731255808
0.9904018723
0.9943639403
0.9817364275
0.9627606721
0.9408074883
0.9264814400
0.9108549893
0.8596998280
0.8122289080
0.7604867721
0.7163081315
0.7002345004
0.7321296764
0.7992730683
0.8673899135
0.9262827034
0.9766726656
1.0056935829
0.9946744062
0.9697605743
0.9670821323
0.9756897221
0.9713275846
1.0054919803
1.0084533890
0.9953775970
1.0043260103
0.9968581940
0.9778350611
0.9572174395
0.9455266528
0.9344379514
0.9127028505
0.9119350931
0.9372990382
0.9519029680
0.9608882693
0.9729428740
0.9883611560
1.0032337149
1.0067893232
0.9946292552
0.9733203334
0.9814608256
0.9619688867
0.9597722358
0.9498447816
0.9406880466
0.9388567530
0.9246234405
0.9015735650
0.9126976556
0.9358770448
0.9483332115
0.9635061851
0.9797314653
0.9871451634
0.9820414683
0.9771471205
0.9416468623
0.9177332077
0.9328220899
0.9324686577
0.9256579255
0.9363483821
0.9351772173
0.9485511219
0.9549995036
0.9772466030
0.9874207241
0.9876619345
0.9755435305
0.9586186335
0.9519100170
0.9544297607
0.9524187651
0.9410207125
0.9299118962
0.9179167454
0.9133287523
0.9105945450
0.9049529796
0.9152397082
0.9569130055
0.9791527280
0.9866791848
0.9923053658
0.9849273989
0.9812885992
0.9694325528
0.9636375096
0.9490492698
0.9403973749
0.9433690498
0.9326769085
0.9176745441
0.9146909206
0.9096509319
0.9248168429
0.9337642238
0.9407923255
0.9366860690
0.9314890606
0.9242511561
0.9050693502
0.8678302522
0.8479401594
0.8680345768
0.9002425328
0.9342914525
0.9478561236
0.9749848816
0.9931626814
0.9721933178
0.9455337773
0.9388086657
0.9383467620
0.9410700396
0.9489285845
0.9545253318
0.9532987191
0.9602936768
0.9584020522
0.9375001452
0.9661327129
0.9633271768
0.9517774532
0.9510632954
0.9444733496
0.9452396126
0.9551335047
0.9775167641
0.9901739630
1.0027854007
1.0088811835
0.9905660705
0.9831770563
1.0004005680
1.0134676044
1.0097818771
0.9984950542
0.9855199128
0.9815154327
0.9714530068
0.9519860163
0.9325584191
0.9204135660
0.9184066557
0.9016034999
0.8896020972
0.8914384005
0.8810701273
0.8790934159
0.9018852640
0.9192271287
0.9090609101
0.8861260556
0.8735181288
0.8738211917
0.8649532708
0.8721459481
0.8980873861
0.9322138409
0.9586109130
0.9469616911
0.9333431244
0.9352932103
0.9206020782
0.9077303179
0.9213034109
0.9377767294
0.9478542263
0.9655847109
0.9850985989
1.0013580235
1.0102299411
1.0021616397
0.9949852073
1.0019369903
0.9978744018
0.9726223640
0.9653569496
0.9435818506
0.9235555131
0.9265086364
0.9274173677
0.9330149641
0.9434891373
0.9521755152
0.9691800409
0.9735262618
0.9641853443
0.9603157369
0.9581272367
0.9580861680
0.9635171737
0.9646245454
0.9608981793
0.9532181599
0.9400159232
0.9072535273
0.9125318824
0.9395645135
0.9389615404
0.9321614724
0.9018991097
0.8934450777
0.8955273375
0.8843262803
0.8933691907
0.9184328034
0.9293133361
0.9385039449
0.9452624828
0.9493377302
0.9533119510
0.9499353882
0.9444667135
0.9419239584
0.9515383442
0.9480800485
0.9439023238
0.9423832768
0.9425060022
0.9118588028
0.8626329042
0.8248702608
0.8162536809
0.8100803322
0.8253831810
0.8486447693
0.8706826606
0.8933340359
0.9081727242
0.9225313103
0.9445611665
0.9586036031
0.9524442512
0.9444836999
0.9648693657
0.9707655195
0.9557731495
0.9693669935
0.9792717124
0.9759861143
0.9943362651
0.9794803117
0.9592679925
0.9394944513
0.9064499358
0.9063916439
0.9303303976
0.9380681596
0.9428954049
0.9637612749
0.9753761708
0.9594442081
0.9394855984
0.9306621867
0.9130260259
0.8769465115
0.8143520542
0.7587430715
0.7023184623
0.5947802351
0.5272030930
0.4975651182
0.5395942157
0.6102347252
0.7216314198
0.8449978238
0.9108512012
0.9501867967
0.9676708787
0.9744552309
0.9797620145
0.9784680694
0.9766663760
0.9525887126
0.9174311301
0.8813896383
0.8752009373
0.8859754131
0.9133134744
0.9451934201
0.9785145158
0.9987653623
0.9918554782
0.9745686758
0.9725442172
0.9981975144
0.9851325170
0.9534401419
0.9362560740
0.9156380088
0.8866253334
0.8540063678
0.8149318583
0.7953317871
0.8015621115
0.8176587441
0.8574355525
0.8817573748
0.9064466946
0.9100888344
0.9145858453
0.9038448252
0.9158732545
0.9098935568
0.9049543230
0.9146109772
0.9305120542
0.9424697195
0.9567646095
0.9422279647
0.8946361791
0.8454162321
0.8109315424
0.8107674829
0.8294725855
0.8423708153
0.8779968696
0.9062341007
0.9391780587
0.9555674683
0.9700808642
0.9467095734
0.9069843584
0.8709755175
0.8668236278
0.8497322254
0.8242072295
0.8079167490
0.8108423913
0.8287951603
0.8361339259
0.8343580803
0.8357699970
0.8244549426
0.8297459597
0.8725717372
0.9095813911
0.9423764657
0.9562333130
0.9411779729
0.9313625374
0.9109451931
0.8898438050
0.8583768168
0.8416702351
0.8407329005
0.8673816254
0.8912532130
0.9030683858
0.9165133263
0.9203952014
0.9045113077
0.8964853286
0.9120135359
0.9231441598
0.9225122606
0.9108430342
0.8913825339
0.8615413546
0.8321817210
0.8494629437
0.8790505989
0.9024755714
0.9320220636
0.9519691337
0.9691091494
0.9832646998
1.0004682138
1.0050084454
0.9968798559
0.9914658157
0.9944915342
0.9947399794
0.9819385785
0.9652701345
0.9467415643
0.9423925350
0.9247634447
0.9369326416
0.9524926715
0.9708472388
0.9835016487
0.9883164165
0.9914631265
0.9939172735
0.9953608532
0.9897619930
0.9762524633
0.9730641190
0.9831452749
0.9845735807
0.9696556418
0.9552598217
0.9443646881
0.9388972243
0.9673751066
0.9794645661
0.9623759463
0.9394745905
0.9218769198
0.9150931607
0.9221741752
0.9292213917
0.9591272231
0.9581167087
0.9471748760
0.9390246169
0.9331548479
0.9297274020
0.9279487285
0.9243692609
0.9232017495
0.9194202018
0.9025258762
0.8871958749
0.8892670451
0.9230801341
0.9283751811
0.9557937467
0.9795608026
0.9617522724
0.9785466366
0.9749242823
0.9878482564
1.0099627905
0.9933009235
0.9648510343
0.9439733771
0.9440321888
0.9504967979
0.9514196049
0.9567062506
0.9699344926
0.9717206423
0.9577254035
0.9663044173
0.9837569964
0.9651140459
0.9621343172
0.9409404857
0.9522414124
0.9167194527
0.9171976735
0.9388509003
0.9298205142
0.9323863240
0.9414180652
0.9458331258
0.9590985295
0.9710651703
0.9576842396
0.9448158896
0.9452201110
0.9440095365
0.9620805509
