#flux
0.8773537925
0.8737731392
0.8707227241
0.8677122149
0.8654556495
0.8650277677
0.8655824829
0.8656967002
0.8602712605
0.8533803524
0.8568246571
0.8579238109
0.8596341443
0.8628154606
0.8571341783
0.8531090322
0.8569044256
0.8460795295
0.8397094322
0.8545047180
0.8572557137
0.8593965814
0.8570717513
0.8545023145
0.8538876356
0.8518039115
0.8488784413
0.8418623979
0.8352373929
0.8364385667
0.8358273418
0.8380314132
0.8426037741
0.8372041557
0.8317867063
0.8362770249
0.8376519767
0.8393030377
0.8424220997
0.8331287188
0.8360361866
0.8323350221
0.8263252568
0.8289580703
0.8348597957
0.8343650563
0.8308712162
0.8285456879
0.8320897385
0.8358128391
0.8267770132
0.8202661205
0.8081521787
0.8016988020
0.8106154169
0.8138936536
0.7936233889
0.7972140344
0.8018959115
0.8079215492
0.8109801542
0.8102083597
0.8105773604
0.8082999701
0.8011388483
0.8015803337
0.8107228271
0.8139615066
0.8100927041
0.8077845471
0.8041338768
0.7998937083
0.8018971828
0.8042043309
0.7997306628
0.7901097261
0.7787140685
0.7895889657
0.7872839376
0.7840913372
0.7836258187
0.7866901919
0.7872205370
0.7866768443
0.7871873066
0.7810469907
0.7715471889
0.7649107629
0.7619409826
0.7614145527
0.7621974492
0.7663614596
0.7674964556
0.7648611909
0.7600987856
0.7541696502
0.7549877806
0.7515667650
0.7457767799
0.7377239539
0.7442244927
0.7427895421
0.7415584469
0.7433037666
0.7413816691
0.7398987778
0.7330814812
0.7294845772
0.7312070147
0.7278167562
0.7258380526
0.7244341406
0.7193028600
0.7129228755
0.7117815388
0.7163824452
0.7195398315
0.7173255776
0.7140731846
0.7122410334
0.7075425816
0.7076747439
0.7104273884
0.7122786477
0.7101493158
0.7035819798
0.6996064835
0.6969657208
0.6921941219
0.6888105928
0.6896554213
0.6927492127
0.6911818569
0.6887529463
0.6869933762
0.6833598795
0.6800692889
0.6804370068
0.6780823165
0.6796827833
0.6701413266
0.6623253179
0.6540944561
0.6567342376
0.6657428533
0.6683774219
0.6678735399
0.6666459567
0.6631699885
0.6574971050
0.6545871357
0.6597965915
0.6588728935
0.6485587546
0.6383279177
0.6398473559
0.6491589537
0.6485121534
0.6433551473
0.6486535330
0.6400337955
0.6421643796
0.6469504477
0.6437412016
0.6368061127
0.6320006174
0.6286157379
0.6257449932
0.6271685039
0.6320759624
0.6339117786
0.6311009754
0.6282393079
0.6311646044
0.6252066000
0.6159964528
0.6184208591
0.6256647033
0.6243252182
0.6273241942
0.6231814140
0.6215885927
0.6106766212
0.6030257565
0.6074964504
0.6159191814
0.6157104741
0.6088421196
0.6079423285
0.6128490014
0.6104999660
0.6043083029
0.6061802633
0.6023532187
0.6059203629
0.6093798565
0.6016118964
0.5924099172
0.5965862610
0.6066216392
0.6060328718
0.5995920348
0.5965497284
0.5984359618
0.5970800470
0.5949566952
0.5939328909
0.5969728075
0.5995235137
0.5955872364
0.5924944880
0.5939750429
0.5917732663
0.5936318413
0.6021688963
0.6051309167
0.6037221354
0.5986669914
0.5965771845
0.5956176620
0.5910058033
0.5882031633
0.5896805969
0.5856278056
0.5900409424
0.5942081895
0.5934941882
0.5964620684
0.6001798830
0.6019643045
0.6058797425
0.6081149318
0.6087253917
0.6124468166
0.6131404170
0.6050098149
0.6076311110
0.6183438546
0.6157512721
0.6257080461
0.6367007944
0.6287317724
0.6223458004
0.6234436470
0.6190777821
0.6229717416
0.6314157312
0.6378082164
0.6356670306
0.6264914929
0.6218535428
0.6263645915
0.6357065523
0.6412115685
0.6418292440
0.6398467832
0.6350572339
0.6314869447
0.6365609421
0.6481484219
0.6520545142
0.6559887194
0.6450176284
0.6416971247
0.6447988162
0.6452445439
0.6436829945
0.6418738812
0.6418661014
0.6476367183
0.6554496615
0.6574212887
0.6574506887
0.6618539180
0.6654728283
0.6666081333
0.6681237578
0.6663602465
0.6651029858
0.6702537059
0.6682154277
0.6717305403
0.6851908626
0.6763236703
0.6717471139
0.6764351436
0.6832695389
0.6866120628
0.6871513615
0.6891587350
0.6933252357
0.6954169049
0.6910540541
0.6860519761
0.6952885970
0.7031585873
0.6971554832
0.7050889441
0.7084519337
0.7088524044
0.7103610027
0.7102648667
0.7076512741
0.7059668512
0.7121808524
0.7236859473
0.7263134201
0.7255129631
0.7274814267
0.7245930454
0.7188484945
0.7214248791
0.7288519035
0.7339313795
0.7403018628
0.7467763731
0.7432880969
0.7464308905
0.7479721584
0.7451156925
0.7402286171
0.7481031141
0.7517296021
0.7578582147
0.7590698588
0.7548559700
0.7569689797
0.7653607555
0.7701473608
0.7678715036
0.7650132911
0.7689396069
0.7749901118
0.7775504778
0.7894890872
0.7944898495
0.7894563119
0.7789810897
0.7792012871
0.7878837008
0.7800685763
0.7772050496
0.7809726346
0.7900649271
0.7955573540
0.7901828951
0.7879336073
0.7953194505
0.8035854749
0.8050239943
0.7990646768
0.7898780680
0.7865630716
0.7939407823
0.8012313425
0.8031159480
0.8119622899
0.8102891732
0.8061355124
0.8168382231
0.8190300399
0.8126074463
0.8130663624
0.8174632075
0.8177600469
0.8176532840
0.8172359290
0.8175249270
0.8139033104
0.8189059028
0.8336639662
0.8398274717
0.8387655171
0.8403934714
0.8394416470
0.8314266307
0.8296693496
0.8360213706
0.8338352455
0.8302935973
0.8261701608
0.8248648728
0.8227577157
0.8250907778
0.8282754686
0.8349008960
0.8396622168
0.8440366333
0.8444102170
0.8392303447
0.8401532596
0.8494952444
0.8523036456
0.8467930548
0.8450198037
0.8465418715
0.8523584719
0.8593004123
0.8509741707
0.8509210887
0.8613334193
0.8634553833
0.8613335150
0.8625015378
0.8590030504
0.8535039897
0.8571105694
0.8658621560
0.8722303911
0.8710645806
0.8646537172
0.8603146716
0.8607355697
0.8638893237
0.8647123666
0.8594864142
0.8635250782
0.8780396261
0.8786751917
0.8859959486
0.8851373252
0.8784920514
0.8765256499
0.8715336234
0.8686134886
0.8699779517
0.8663434693
0.8641173491
0.8696295901
0.8786044844
0.8846193898
0.8840178367
0.8796656149
0.8790679949
0.8811000373
0.8796741608
0.8762479955
0.8792647308
0.8827534642
0.8837846038
0.8852377686
0.8828147877
0.8843524365
0.8887865075
0.8889863506
0.8884768781
0.8908859106
0.8961472794
0.8972435074
0.8953324024
0.8955200513
0.9026332652
0.9075404905
0.9029373901
0.9075188216
0.9089022235
0.9034382321
0.8979165553
0.9009808935
0.9109925700
0.9070701596
0.9106403086
0.9105932364
0.9030460502
0.9066818270
0.9101434801
0.9127750674
0.9156056548
0.9153871207
0.9091876847
0.9020977249
0.9011816514
0.9057147993
0.9100507645
0.9106084604
0.9103243438
0.9165201735
0.9151198230
0.9142798025
0.9125363531
0.9058122729
0.9071432379
0.9230020739
0.9308182410
0.9202228249
0.9102901609
0.9107824083
0.9126116609
0.9134097450
0.9149904860
0.9167891912
0.9194800155
0.9209242971
0.9228358850
0.9288221141
0.9263129494
0.9279036212
0.9236192660
0.9213883546
0.9229763972
0.9226245811
0.9184079711
0.9183558374
0.9245989949
0.9217827684
0.9176965003
0.9160622882
0.9220071366
0.9291401147
0.9314101903
0.9305763777
0.9346523118
0.9334552105
0.9192557375
0.9160677000
0.9219048054
0.9211635473
0.9205832271
0.9258155801
0.9277020013
0.9303302335
0.9267235315
0.9216115843
0.9213000419
0.9404557727
0.9442966710
0.9448657838
0.9460858121
0.9472048564
0.9456999256
0.9427930483
0.9423017076
0.9414172225
0.9378303463
0.9414166680
0.9517818360
0.9458526050
0.9380229700
0.9372661354
0.9397405531
0.9461052204
0.9509349644
0.9521254529
0.9409760734
0.9471596723
0.9534513235
0.9491274076
0.9464977669
0.9482278957
0.9482304564
0.9458357547
0.9479767834
0.9497896205
0.9459655716
0.9455434256
0.9448091855
0.9399226632
0.9323255216
0.9305071460
0.9490015866
0.9528191424
0.9480506771
0.9509849205
0.9563552549
0.9561714287
0.9521482286
0.9530571923
0.9522519482
0.9516956087
0.9479660389
0.9443367280
0.9430281079
0.9491709061
0.9586200514
0.9527494774
0.9403805459
0.9390285723
0.9468781156
0.9541204000
0.9542603278
0.9458354942
0.9410965579
0.9508669486
0.9557750665
0.9481289455
0.9470580232
0.9468170718
0.9504932260
0.9421431055
0.9285940489
0.9315432965
0.9418063982
0.9489680738
0.9547557741
0.9525984490
0.9493081133
0.9522733031
0.9513902011
0.9420545268
0.9404090658
0.9527716945
0.9583157412
0.9625245342
0.9616791451
0.9586371577
0.9551452695
0.9573286174
0.9588262937
0.9602095700
0.9635099533
0.9616184440
0.9599824132
0.9643723942
0.9661172316
0.9628617696
0.9625930660
0.9646743754
0.9602646378
0.9458623740
0.9508622674
0.9531762206
0.9551200100
0.9418224553
0.9525039557
0.9538456049
0.9594184508
0.9639133498
0.9611302834
0.9641419065
0.9656028477
0.9625877922
0.9613669332
0.9589994997
0.9578253017
0.9665177170
0.9751570981
0.9771467516
0.9827181589
0.9734426212
0.9629868308
0.9565723412
0.9595461573
0.9680821058
0.9546236879
0.9596545860
0.9645347099
0.9651161949
0.9652644618
0.9678235084
0.9722083908
0.9699358722
0.9612599646
0.9618717932
0.9712196399
0.9702530043
0.9629262558
0.9659073745
0.9688506905
0.9681795760
0.9610302691
0.9610824767
0.9604854145
0.9637605355
0.9674116551
0.9690513332
0.9704575015
0.9687244678
0.9646959010
0.9649843097
0.9678422225
0.9699733983
0.9721928294
0.9663019912
0.9617801811
0.9662021438
0.9641024338
0.9678170718
0.9717332118
0.9716277130
0.9793326417
0.9768128975
0.9727254682
0.9701574227
0.9780691095
0.9826047245
0.9782479946
0.9794250015
0.9811063644
0.9745312847
0.9691423771
0.9689363387
0.9669318763
0.9624552681
0.9674260748
0.9790093063
0.9805247883
0.9750979064
0.9671893891
0.9678098009
0.9730520458
0.9676450690
0.9764236788
0.9797686322
0.9737948508
0.9656270172
0.9733403279
0.9829686601
0.9873535877
0.9889217919
0.9853321414
0.9801810764
0.9719322969
0.9680522310
0.9740063607
0.9789949735
0.9759131509
0.9687349893
0.9614025567
0.9598413860
0.9709747641
0.9686846340
0.9720014798
0.9777491335
0.9778156092
0.9794013470
0.9758126828
0.9741971514
0.9742846429
0.9757101446
0.9817486438
0.9833138915
0.9778031699
0.9751967741
0.9731161681
0.9750606420
0.9815499373
0.9769859295
0.9820221537
0.9755842778
0.9796758109
0.9842518224
0.9838913610
0.9803624772
0.9801067837
0.9769129867
0.9839888761
0.9940184361
0.9927824536
0.9905104091
0.9888873838
0.9878091206
0.9878831987
0.9818775143
0.9791614515
0.9895098867
0.9922127633
0.9841305292
0.9909257970
0.9877714429
0.9844490538
0.9847987498
0.9931955045
0.9906111274
0.9739273920
0.9764747773
0.9962135583
1.0005468980
0.9948956412
0.9906414328
0.9922670703
0.9929577793
0.9923756870
0.9914423067
0.9895152779
0.9869435588
0.9808180198
0.9750544357
0.9807866234
0.9832896990
0.9829576054
0.9862494679
0.9766458319
0.9857316478
0.9913621812
0.9908561480
0.9847947018
0.9845852064
0.9915908082
0.9924991928
0.9927524386
0.9894456880
0.9872432353
0.9897375636
0.9885223419
0.9834626180
0.9834467501
0.9841866177
0.9806481266
0.9852516829
1.0012408215
1.0070396099
0.9939586853
0.9903815325
1.0065355784
0.9924785512
0.9885077987
0.9862208949
0.9856008857
0.9836340221
0.9775160782
0.9792235539
0.9890921803
1.0017760939
1.0055537468
0.9971990148
0.9908660114
0.9924557665
0.9924012514
0.9888006189
0.9909199167
1.0012613596
1.0019441707
0.9988033278
0.9983019216
0.9905401549
0.9991030173
1.0071084476
0.9990630324
0.9923712128
0.9956582206
1.0000557739
0.9995623560
0.9937586242
0.9936529426
0.9981242566
0.9966005369
0.9948621095
0.9983142032
1.0005512900
0.9946023945
0.9877437199
0.9806791044
0.9799816376
0.9926370963
0.9960271915
0.9902823867
0.9939541109
0.9966833801
0.9990070295
0.9975782321
0.9894783607
0.9927411355
1.0036434086
1.0057287433
0.9973065472
0.9938088735
1.0011059536
1.0047149266
1.0044198380
0.9988221359
0.9911477785
0.9907617872
0.9906034322
0.9910000391
0.9939071393
0.9976216894
0.9973363629
0.9975783039
0.9988272094
1.0021422637
1.0070036653
1.0098297695
1.0047342055
1.0013829677
1.0045099226
1.0049291794
1.0029899865
1.0046717643
1.0052544398
1.0031018442
1.0016708720
0.9945954279
0.9893118722
1.0032150440
1.0007494205
1.0017339620
0.9953364847
0.9919622551
0.9909725887
1.0012349168
1.0042466971
1.0012279620
1.0006014234
1.0049053019
1.0060375401
1.0018543947
0.9989045500
1.0009080435
1.0113097988
1.0144885491
1.0140984666
1.0003651130
0.9943414370
1.0010738938
0.9975991196
0.9993783637
1.0018703381
1.0060641573
1.0006833082
0.9881400413
0.9887496884
0.9965827942
1.0001048473
0.9981659511
0.9976915551
0.9982388179
0.9961065182
0.9963981853
0.9977336193
0.9942455520
0.9908968368
0.9936954628
0.9928523430
0.9903623679
0.9939999300
0.9996524515
0.9933296576
0.9963032108
1.0013387392
0.9973441317
0.9951927848
0.9949274782
0.9963686408
1.0023581885
1.0052797591
1.0017736015
1.0007669985
1.0056314477
1.0097094725
1.0074937839
1.0088469073
1.0074651850
1.0055462305
1.0049156370
1.0031496664
1.0061568348
1.0014950356
0.9939089467
0.9989334456
1.0106489546
1.0100808313
1.0035642423
0.9999465031
1.0011122960
1.0048388007
1.0047734488
1.0079614785
1.0181495289
1.0166210733
1.0124438845
1.0078212451
1.0006644633
0.9903750615
0.9814393459
1.0011710595
1.0064092677
1.0005477756
1.0095522937
1.0074891081
1.0075139989
0.9962322401
1.0018994058
1.0095777409
1.0134534220
1.0166611568
1.0169324278
1.0164691244
1.0150341454
1.0108382339
1.0065354991
1.0007372108
0.9948759484
0.9952291506
0.9994317099
1.0004109556
1.0040295292
1.0053022144
1.0032033055
1.0030922068
0.9962260436
0.9967499218
0.9982617079
1.0017041219
0.9982779247
0.9926146697
0.9935074972
0.9966318192
0.9967228771
0.9963915536
1.0024684429
1.0052062726
1.0037742542
1.0096378360
1.0043576860
1.0081281143
0.9901880216
0.9964024444
1.0031036385
1.0013080399
1.0015036319
0.9929909981
1.0015240184
1.0145981928
1.0146869857
1.0082708447
1.0092550974
1.0115202275
1.0049570697
1.0017306328
1.0052774580
1.0011577810
0.9954794990
0.9923288836
0.9944853767
0.9960369136
0.9946400682
0.9982496268
1.0036667292
1.0010636623
0.9976423350
1.0001270444
1.0035758061
1.0030814602
1.0022636084
1.0062243276
1.0099573569
1.0092216513
1.0088923251
1.0069555280
0.9972067909
0.9926808085
0.9956774349
0.9796277332
0.9597529938
0.9533050341
0.9446158132
0.9363276055
0.9374544512
0.9373258709
0.9288253903
0.9343629146
0.9349720225
0.9244345451
0.9176277317
0.9266058231
0.9384085181
0.9419611585
0.9450717331
0.9525782266
0.9625649635
0.9708919730
0.9727682479
0.9741920585
0.9751688684
0.9837297735
0.9803650152
0.9881080644
0.9829901070
0.9850713179
0.9870454557
0.9936306184
0.9955124555
1.0004728543
1.0032504278
1.0039797207
0.9998934759
0.9944580346
0.9925203042
0.9915126602
0.9976818707
1.0040021623
1.0069780567
1.0017209970
0.9929341065
0.9967527608
0.9897422492
1.0018540249
1.0011848011
1.0014158062
1.0075104309
1.0152819879
1.0128860521
1.0026531129
0.9984932603
1.0015456719
1.0017480309
1.0012181592
1.0076079774
1.0110006100
1.0027410204
0.9982448362
0.9999703322
1.0023892151
1.0049151802
0.9982201151
0.9882515782
0.9894828384
1.0061097125
1.0089126711
1.0072677293
1.0090799435
1.0097767216
1.0088697442
1.0085570441
1.0068500065
1.0028315691
0.9969285051
0.9978482123
1.0103355221
1.0176859460
1.0108612519
0.9995793576
0.9941666089
1.0027753524
1.0043486167
1.0051403800
0.9939045807
0.9892776091
1.0001403128
1.0090324477
1.0018876586
1.0032929531
1.0124341051
1.0138358798
1.0011913235
0.9987248217
1.0021359486
0.9955055170
1.0008427327
1.0267512508
1.0397691125
1.0230470873
1.0111260884
1.0061527107
1.0171127138
1.0028835023
0.9954665561
0.9921012678
0.9994646910
1.0115141843
1.0019405715
1.0000182084
1.0023271004
0.9990142813
0.9958214580
0.9980057449
1.0025987631
1.0038206950
1.0014566612
0.9986870869
0.9947659603
0.9944092107
0.9995002668
1.0104795015
1.0211477074
1.0156264157
1.0089723871
0.9961888095
1.0030368157
1.0015814312
0.9975197140
1.0023959535
1.0021808404
0.9984676457
0.9944557973
0.9948532551
0.9992071455
0.9992244475
0.9988295442
1.0040421539
1.0030474617
0.9975686808
0.9894943189
0.9939088967
1.0064123386
1.0229168631
1.0145058848
1.0215127495
1.0098667778
0.9929462894
0.9938853144
0.9997115122
1.0054437644
0.9968264593
0.9957699775
0.9988976382
1.0000681042
0.9997339886
0.9937514866
0.9909546464
0.9970673117
1.0000999388
0.9981369891
1.0070860626
0.9926775414
0.9942572143
0.9965525776
1.0079151277
1.0091060979
1.0042586240
1.0018990236
1.0043796126
1.0067788507
1.0028865038
0.9918793548
0.9864883588
0.9947716158
1.0046873738
1.0041566508
1.0017874702
1.0037161941
1.0003868240
1.0034240834
1.0030056850
1.0057137381
1.0050077842
1.0039276587
1.0032060245
1.0108621681
1.0081547327
1.0024717397
1.0089855532
1.0116534879
1.0098820854
1.0060230064
0.9976910213
0.9955934733
1.0008098231
1.0040436635
1.0013236492
0.9942419469
0.9944260976
0.9925484019
0.9903428363
0.9930694859
1.0096979295
1.0100061368
0.9915149548
0.9978481631
1.0009329191
1.0026784678
1.0036334771
0.9973922419
0.9929007703
1.0005719571
1.0054666691
1.0065934831
1.0048194881
1.0000775890
0.9985534158
0.9973422301
1.0002869588
1.0084025641
1.0051679147
1.0019907292
1.0003500947
1.0065336372
1.0061944343
1.0032589168
1.0062247389
1.0020428991
1.0016858830
1.0095071393
1.0116845764
1.0115481493
1.0076603194
1.0040135194
1.0045356537
1.0084234644
1.0106842503
1.0060384626
0.9987451890
0.9908857049
0.9960154426
0.9927552130
0.9974244190
1.0002050378
0.9894975668
0.9930231846
1.0013497729
1.0076616832
1.0004429454
0.9976892743
0.9979924753
0.9970472376
1.0006615948
1.0024390090
1.0048888223
1.0102993213
1.0106370910
1.0084043701
1.0072365929
1.0052017786
1.0068570333
1.0040106128
1.0021039335
1.0032870625
1.0046987817
0.9976767437
1.0016211612
0.9967499049
0.9898418788
0.9907912329
0.9950734037
0.9982192949
0.9955470954
0.9928131713
0.9921191560
0.9939641483
1.0017250766
1.0078791601
1.0051011421
1.0033978319
1.0015320634
0.9987254718
0.9915723390
0.9870323538
0.9955137037
1.0037097333
1.0001002381
1.0035038988
1.0140532096
1.0090711083
0.9992871907
1.0003439771
1.0078629133
1.0075869124
1.0067396895
1.0107784675
1.0116650784
1.0147329706
1.0185908055
1.0039309602
1.0005137173
1.0107515221
0.9906548653
0.9848666020
0.9905761894
0.9868208810
1.0011312762
0.9991395676
1.0004978703
0.9951209427
0.9970978945
1.0048327793
1.0030561507
0.9994082551
0.9985215334
1.0050125044
1.0120347255
1.0038379838
0.9938965936
0.9947587710
0.9962022288
0.9955315522
0.9851015952
1.0019307065
1.0084101539
1.0122051959
1.0045987977
0.9971733959
0.9882659891
0.9848726005
0.9891317196
0.9994167668
0.9969992967
0.9927719861
0.9914100483
0.9923869152
0.9954488589
0.9966861865
1.0025339213
1.0115557696
1.0098324770
1.0021975664
0.9992080199
1.0035801816
1.0039481500
0.9984275826
0.9897618949
0.9901346938
0.9864926998
0.9862657802
0.9905999962
0.9954789264
0.9969351778
0.9937333275
0.9891629266
0.9858360384
0.9892607981
0.9974497428
0.9993274374
0.9981772289
0.9994888417
1.0050002926
0.9971952433
1.0010570207
1.0115442469
1.0090289800
0.9880376091
0.9902736644
0.9980410214
0.9895257093
0.9967152913
1.0022629665
0.9924190156
0.9882670863
0.9954044928
1.0021722089
1.0055985074
1.0030235237
0.9919918597
0.9860325096
0.9922087286
0.9997130921
0.9965064833
0.9938545594
0.9909699681
1.0036787840
1.0068052470
1.0062398873
0.9934589073
0.9895929396
0.9916385411
0.9999767289
1.0040841807
1.0008220498
0.9920061818
0.9919998309
0.9981349035
0.9934859381
0.9875481216
0.9956376904
1.0064592055
1.0078794723
0.9971287176
0.9910256112
0.9900804081
0.9916463691
0.9958696228
1.0042972780
0.9986795539
0.9980685968
0.9970416248
0.9870143197
0.9853044297
0.9971726979
0.9992241527
0.9939510692
0.9928303630
0.9929509644
0.9954619878
1.0022169931
1.0083902805
1.0036195094
1.0010111137
1.0004065105
0.9984051296
0.9968183495
0.9905172590
0.9936902420
1.0002670362
0.9978778795
0.9956403182
0.9941996519
0.9916666379
0.9979926173
1.0026109484
1.0035334145
1.0060327545
1.0033550487
0.9972837343
0.9956287489
0.9941888183
1.0032806627
0.9990462633
0.9984704101
0.9921938845
0.9998563644
1.0194207837
1.0062538042
0.9930360578
0.9843230009
0.9888185962
0.9994515066
0.9993847081
0.9983154332
0.9976593582
0.9982621321
0.9974244922
0.9957281210
0.9988528636
0.9976505349
0.9880901738
0.9878761863
0.9950900062
0.9970131409
0.9892680383
0.9863686312
0.9944180648
1.0042494002
0.9990292102
0.9864753128
0.9941642809
1.0025770376
0.9947813591
0.9971540389
1.0006462782
0.9907844208
0.9824082817
0.9851786134
0.9892487086
0.9893293592
0.9902608146
0.9948593583
0.9920173632
0.9887580460
0.9865893097
1.0027417273
0.9994796867
0.9988208036
0.9904997974
0.9849602701
0.9852750095
0.9872154928
0.9858775633
0.9888028146
0.9973201777
0.9951766045
0.9900614563
0.9932839226
0.9987319656
0.9987887864
0.9896614774
0.9894933591
0.9933740687
0.9945289253
0.9883854522
0.9899543202
0.9876500135
0.9877211161
0.9791932503
0.9844017945
0.9892419902
0.9904407240
0.9880422490
0.9876214218
0.9897055833
0.9842475539
0.9805891703
0.9836710121
0.9845310982
0.9843106365
0.9848007765
0.9863991903
0.9869114695
0.9826005406
0.9821158380
0.9924910266
0.9953740428
0.9879766777
1.0036525273
1.0093690456
1.0055220308
1.0025551433
0.9958583227
0.9862778069
0.9806383353
0.9863413097
0.9967656560
1.0022797426
0.9997011307
0.9929234809
0.9920957660
0.9973608558
1.0029865558
1.0032101947
1.0016079215
1.0050481593
1.0004150522
1.0024607441
0.9978960108
0.9982588093
1.0034452258
0.9956341494
0.9849321652
0.9864895684
0.9928337926
0.9933621171
0.9864931903
0.9903634231
0.9989839652
0.9959604939
0.9961236138
0.9957616805
1.0020467769
0.9998428059
0.9956936284
0.9918526435
0.9987810287
1.0013006228
0.9992307393
0.9959661338
0.9871784355
0.9908551860
0.9920518378
0.9932181934
0.9892626819
0.9911981518
0.9895852754
0.9862446372
0.9942709418
1.0071605673
1.0077968761
0.9920547058
0.9978533564
1.0018847822
0.9920218704
1.0031518133
0.9953770355
0.9983647082
0.9974855167
0.9959917469
0.9964828424
0.9899167933
0.9887000664
0.9881356578
0.9874591689
0.9834698978
0.9809395997
0.9820887879
0.9824531157
0.9864024467
0.9949691743
0.9961809507
0.9967853793
0.9994085515
0.9989543327
0.9976485559
1.0080391346
0.9995364873
0.9951933863
1.0035209109
1.0123611714
1.0088819197
1.0085009409
1.0066419449
0.9965653568
0.9840690950
0.9765950671
0.9808907666
0.9878054000
0.9894447593
0.9947909117
0.9985838366
0.9960447839
1.0008719582
0.9987043681
0.9891263825
0.9842630460
0.9886624635
0.9939000315
0.9918880449
0.9984847160
1.0016845796
1.0061399465
1.0029444390
1.0005811293
1.0045388621
1.0069414186
1.0026100001
0.9972406651
0.9930899488
0.9895339516
0.9895774563
0.9887432444
0.9931335376
0.9895569399
0.9840625725
0.9864931925
0.9865048094
0.9882604745
1.0001957545
0.9960916133
0.9962505029
0.9970843677
0.9941645165
0.9923278130
0.9928111051
0.9937131560
0.9926530795
0.9927752401
0.9961155354
1.0029536946
1.0107891945
1.0078705814
1.0069751779
1.0053145035
0.9956759278
0.9943467626
0.9986763614
0.9979046800
1.0294004218
1.0150207216
0.9967776694
0.9830993531
0.9905878168
0.9929252932
0.9955836106
0.9941624104
0.9877814162
0.9900864861
0.9960631365
0.9952206358
0.9956893743
0.9972566723
0.9974031787
0.9933650581
0.9997591009
0.9870272834
0.9822253688
1.0016252496
1.0031178381
1.0019673248
0.9993082247
0.9947587891
0.9927331910
0.9882233599
0.9924725531
0.9959525412
0.9916502586
0.9900343936
0.9952712819
1.0033633352
1.0091017415
1.0043597214
1.0001218443
1.0023249798
0.9977179660
1.0002865444
1.0001889248
1.0005150560
0.9928676140
0.9915567965
0.9931214674
0.9991603142
0.9932035456
1.0009181232
1.0061973821
0.9976557402
0.9917241682
0.9907405151
0.9922974287
0.9968205538
0.9956468381
0.9934090916
0.9977196739
1.0055857437
0.9932667735
0.9928973193
0.9945956364
0.9904444966
0.9886513075
0.9961736428
1.0069340855
0.9989662212
0.9902306207
0.9918163639
0.9845765342
0.9840192388
0.9890696928
0.9911620611
0.9936319092
0.9967506322
0.9984361036
0.9987484115
0.9991250136
1.0008929811
1.0005794707
0.9952513655
0.9926024115
0.9974010387
1.0036499754
0.9992630503
1.0032839395
1.0045297296
0.9947473041
0.9828460153
0.9828734465
0.9891717274
0.9946538648
0.9974344105
0.9995131318
0.9986894499
0.9922273641
0.9911889115
0.9973563374
0.9920724549
0.9859048577
0.9835713654
0.9942900975
0.9881423635
1.0028043237
1.0011301111
0.9950076602
0.9966203221
0.9994099359
0.9943728476
0.9907208549
0.9953497609
0.9903324809
0.9834663079
0.9907426948
1.0002871017
1.0001863310
0.9995423105
1.0035078706
0.9972387776
0.9855754454
0.9828142003
0.9912537099
0.9906583296
0.9809306594
0.9782251694
0.9830953164
0.9796544931
0.9780516765
0.9761784556
0.9764119514
0.9784271137
0.9828430305
0.9871819780
0.9957119981
1.0051584033
1.0062755564
1.0035533808
0.9967192439
0.9915942165
0.9953703477
0.9836944501
0.9964055089
0.9911436167
0.9959062650
1.0071290700
1.0018211274
1.0002190040
1.0049512869
0.9959714982
0.9901883952
0.9912408269
0.9937943726
0.9983613896
1.0022912257
0.9970556193
0.9903171559
0.9951269424
1.0017153831
1.0082722557
1.0039131841
1.0007461099
0.9901197616
0.9900082215
0.9921337946
0.9914099009
0.9987281115
1.0010727698
1.0017799476
0.9957827893
0.9920799440
0.9960265369
0.9945593102
0.9910979082
0.9929787463
0.9958810624
0.9972170149
0.9969105266
0.9947270702
0.9966164273
0.9973643289
0.9913369180
0.9915210215
0.9947787170
0.9896901196
0.9917979067
0.9961101753
0.9947418675
0.9910848726
0.9946350279
0.9947967815
0.9917034855
0.9979537375
1.0011120864
0.9975227256
1.0006896510
1.0083063353
1.0069051527
0.9995510175
0.9985351024
0.9952526681
0.9927901724
0.9818550510
0.9791170778
0.9947446878
1.0097902251
0.9984222237
0.9949615455
0.9931101677
0.9939896771
0.9916881627
0.9950400299
1.0059001622
1.0051178201
0.9992067921
0.9999093747
1.0006166643
0.9991172919
0.9933045700
0.9835050133
0.9892725468
0.9975679611
0.9992005119
1.0029095948
1.0090399222
1.0081614543
1.0044729244
1.0000808690
0.9905310082
0.9867966391
0.9916216274
0.9930835610
0.9998417552
1.0034867968
1.0025645235
1.0021581740
0.9988804733
0.9935653570
0.9931855395
1.0003292197
1.0030265065
0.9930055980
1.0046698189
0.9977667898
0.9912741937
0.9910633513
1.0012343553
1.0120056721
1.0036191002
0.9987313670
0.9905677647
0.9929122856
0.9997628664
1.0008974735
0.9938455539
0.9927844928
0.9998172025
0.9984772933
0.9920386018
0.9953521318
1.0062075216
1.0015172421
0.9989206836
1.0110393850
1.0132498433
1.0053690542
0.9988747819
0.9934738337
0.9966135384
0.9988773462
0.9978676245
0.9833614754
0.9819985755
0.9877219632
0.9876654865
0.9907919137
0.9983100007
1.0016048431
1.0017612809
1.0008675595
1.0014739958
1.0007928448
0.9964092755
0.9994168502
1.0125700321
1.0128504921
0.9984000903
0.9972812354
0.9964914041
0.9949628608
0.9976787090
1.0030614250
1.0050010692
0.9997417357
1.0019605570
1.0069384541
1.0052696470
1.0100382543
1.0168378574
1.0075225030
0.9995988918
0.9928369444
0.9971754541
0.9983993964
0.9972074214
1.0012042578
1.0165880536
1.0134089555
1.0008648070
0.9976180154
1.0062378752
1.0078380561
0.9994602291
0.9918268143
0.9926229477
0.9949184408
0.9933721651
0.9925195677
0.9956040721
0.9975789533
0.9911192546
0.9906607649
0.9919952292
0.9957938447
0.9940733303
0.9936348698
0.9992268462
0.9920481601
0.9973708523
1.0140690654
1.0161447777
1.0086189253
0.9973665981
0.9926453783
0.9947922157
0.9990690006
1.0074739973
1.0142271052
1.0116872251
1.0065195143
1.0015408798
1.0049150083
1.0000927668
1.0027934253
1.0005487366
0.9958563209
0.9901267411
0.9901955810
0.9905554853
1.0041079707
0.9971353403
0.9955134497
0.9990381576
1.0029063383
0.9988080889
1.0017449880
1.0092285519
1.0077683605
1.0021679692
0.9958979984
0.9990228337
0.9999079750
0.9985587521
1.0066508680
0.9939257620
0.9890841381
0.9993091434
1.0096575344
1.0146145145
1.0103213038
1.0117281426
1.0039217815
1.0025440809
1.0037491030
1.0038225770
0.9993544306
