#flux
0.9815764411
0.9749140250
0.9576011465
0.9536738527
0.9551877070
0.9711020177
0.9796434936
0.9792098537
0.9742661320
0.9706361307
0.9705910450
0.9694696344
0.9713403708
0.9732373176
0.9631569317
0.9631371338
0.9722742113
0.9721336704
0.9647341738
0.9742607800
0.9865452685
0.9801528299
0.9687296593
0.9786214275
0.9847303953
0.9698232836
0.9517732604
0.9386725957
0.9356066685
0.9431399114
0.9519176053
0.9578580163
0.9675285059
0.9808335704
0.9882778474
0.9952078431
0.9955487739
0.9947687939
0.9729833065
0.9604715786
0.9680965994
0.9722697582
0.9728535516
0.9705818360
0.9656831947
0.9654980625
0.9515403056
0.9485626201
0.9571812930
0.9627351399
0.9684949106
0.9690546927
0.9650870602
0.9730278283
0.9766713461
0.9847671662
0.9719932981
0.9575845910
0.9589323131
0.9652465382
0.9690389855
0.9740209712
0.9657325889
0.9539994914
0.9435527306
0.9399937043
0.9386608585
0.9339126914
0.9316646592
0.9353443824
0.9349781614
0.9252015354
0.9211025295
0.9303645279
0.9364913746
0.9459427284
0.9551970395
0.9582481026
0.9521197996
0.9460519092
0.9442517709
0.9398024481
0.9429304834
0.9414206667
0.9416717785
0.9342228981
0.9242740466
0.9127833646
0.8918706590
0.8641661718
0.8469936584
0.8470545172
0.8525684996
0.8616558189
0.8856290609
0.9093263378
0.9043316418
0.9020880661
0.9000109598
0.8900303253
0.8902521589
0.8978280387
0.8989961561
0.9001193677
0.9169541960
0.9259755169
0.9308741483
0.9314290884
0.9259355878
0.9197572320
0.9178829858
0.9178855778
0.9145142275
0.9083843262
0.9006962222
0.8892804066
0.8933307902
0.9105022221
0.9131801730
0.9125432888
0.9253177271
0.9279058812
0.9208296445
0.9164612960
0.9043187865
0.9145292220
0.9169843252
0.9111741892
0.9074846206
0.9055419775
0.9030063036
0.9011179267
0.9041346674
0.9058558055
0.8935999820
0.8857947001
0.8939622990
0.8890798650
0.8783422273
0.8853198020
0.8990290880
0.9014350946
0.9026140623
0.8903825314
0.8957078920
0.8874526417
0.8838819978
0.8870435333
0.8846129616
0.8713715584
0.8586123967
0.8582560990
0.8626959701
0.8673289790
0.8795747823
0.8804998146
0.8632988339
0.8350529033
0.8254529241
0.8197459452
0.8149732192
0.8154125859
0.8191076375
0.8286958571
0.8344917940
0.8391962864
0.8410427666
0.8372018958
0.8295884683
0.8258870054
0.8240788375
0.8184937300
0.8121613619
0.8051656191
0.7901126963
0.7733746554
0.7692346755
0.7683405874
0.7743393341
0.7747333056
0.7843337193
0.7896478035
0.7880702726
0.7875861037
0.7796137071
0.7678465541
0.7625608902
0.7631143651
0.7669839175
0.7663844694
0.7534828492
0.7376725718
0.7313688078
0.7274708812
0.7136177086
0.6945966636
0.6846853152
0.6794974751
0.6597015934
0.6398077079
0.6043310551
0.5740338652
0.5369236416
0.4847543390
0.4288295062
0.3780157763
0.3301403571
0.2896969863
0.2527905488
0.2255629402
0.2085414224
0.1982463139
0.1907859189
0.1832982361
0.1815772192
0.1906276165
0.2086716629
0.2299959555
0.2503897866
0.2793590661
0.3201916782
0.3514863318
0.3929352155
0.4531477758
0.5160878654
0.5706586655
0.6155469256
0.6508137867
0.6762090330
0.6927631383
0.7006306142
0.7073837912
0.7208111386
0.7340060479
0.7383323994
0.7408295591
0.7468055903
0.7480538741
0.7432161814
0.7487114885
0.7672602861
0.7772458493
0.7738135316
0.7728333750
0.7792413831
0.7795720390
0.7832678647
0.7947351087
0.8010272213
0.8003339535
0.8062847367
0.8123424109
0.8113503119
0.8115748024
0.8169115957
0.8238349876
0.8223462442
0.8170571055
0.8190158615
0.8227055188
0.8233585764
0.8319311317
0.8489828379
0.8507190647
0.8334780608
0.8422604293
0.8554930579
0.8595178083
0.8639304490
0.8678068649
0.8671260073
0.8677068740
0.8698296372
0.8657095393
0.8657300528
0.8760705665
0.8712944943
0.8743823076
0.8889059910
0.8886741284
0.8819003855
0.8784208305
0.8842266189
0.8959751455
0.9050451198
0.9027179643
0.8902242729
0.8860205275
0.8927145804
0.8989039863
0.8971392706
0.9045829879
0.9171970499
0.9218076062
0.9248731724
0.9207527276
0.9061642943
0.8989850254
0.9037975084
0.9114515406
0.9104689441
0.9179321470
0.9198666218
0.9165904545
0.9198913282
0.9216070494
0.9184831473
0.9147336539
0.9154911300
0.9189620795
0.9190697180
0.9176417693
0.9182161069
0.9186041839
0.9143281132
0.9037613211
0.8861787861
0.8569753403
0.8233306725
0.7864042564
0.7527802436
0.7519424691
0.7857509532
0.8213407001
0.8855988237
0.9179213205
0.9247277337
0.9341527370
0.9378126191
0.9397119918
0.9403052923
0.9339325896
0.9288168291
0.9316219251
0.9298297222
0.9235813172
0.9366810782
0.9567732708
0.9491404224
0.9478896257
0.9411027762
0.9339608785
0.9364857716
0.9356883761
0.9305859409
0.9301884917
0.9273915780
0.9244743264
0.9211510049
0.9303075684
0.9360734421
0.9380920665
0.9408702613
0.9465501199
0.9521992149
0.9520083164
0.9578841095
0.9672292007
0.9661066655
0.9681713485
0.9587851998
0.9683845471
0.9752622440
0.9669358352
0.9537773505
0.9550642564
0.9583389098
0.9533964972
0.9446997760
0.9445690263
0.9521613121
0.9509977285
0.9414184828
0.9367362818
0.9439665175
0.9483576125
0.9341094651
0.9228613841
0.9079105187
0.8883875573
0.8897980186
0.9153836880
0.9386354451
0.9512596649
0.9715813615
0.9831947715
0.9733753962
0.9678703617
0.9699764881
0.9748507484
0.9684473908
0.9698333429
0.9783410556
0.9747827345
0.9647955153
0.9624283514
0.9628197365
0.9584708933
0.9509475208
0.9374406621
0.9508167528
0.9570624958
0.9362095396
0.9303832843
0.9257713437
0.9380200618
0.9520182178
0.9643343440
0.9710843432
0.9634692233
0.9568396147
0.9601221330
0.9648477313
0.9498512189
0.9158794766
0.8785328787
0.8431848846
0.8254745284
0.8299600455
0.8658745530
0.9177466645
0.9518620439
0.9667819652
0.9760739739
0.9725819886
0.9935875815
0.9922490524
0.9918038287
0.9902335273
0.9969763710
0.9903878976
0.9800851105
0.9764722097
0.9779553421
0.9812018767
0.9799271206
0.9757015611
0.9761833090
0.9741093026
0.9670107187
0.9737589716
0.9739323446
0.9821711866
0.9799667116
0.9841612955
0.9891823810
0.9885560218
0.9918516176
0.9878811054
0.9751640842
0.9771260690
0.9923554842
0.9962623713
0.9920572646
0.9911564439
0.9857325720
0.9772702788
0.9793472389
0.9871149314
0.9887585653
0.9808513173
0.9853833111
0.9967092312
1.0145510632
1.0330798591
1.0266581285
1.0324080416
1.0343225097
1.0413749680
1.0268939128
1.0026123966
0.9959794668
0.9941832343
0.9907216485
0.9887573813
0.9848274827
0.9811681903
0.9809716960
0.9857125776
0.9890989252
0.9865479391
1.0013414497
1.0035079104
1.0096169710
1.0041490961
0.9980545511
1.0006123608
0.9901916469
0.9859318507
0.9844848607
0.9807824124
0.9813675284
0.9893293404
0.9997281876
1.0024889380
0.9899684879
0.9776127920
0.9826504760
0.9862999419
0.9875664294
0.9873886878
0.9767100456
0.9774022065
0.9744038129
0.9798798353
0.9845082047
0.9958455033
1.0148768427
1.0188384186
1.0117717735
0.9997477772
0.9969170703
0.9965967861
0.9936787312
0.9919535371
0.9882264834
0.9780858071
0.9674546437
0.9601109504
0.9523492737
0.9588807989
0.9723835517
0.9766815037
0.9762711354
0.9786058130
0.9937147449
0.9889624947
0.9926413109
1.0035828562
1.0105782435
1.0038443445
0.9927520176
1.0008553810
1.0090737331
0.9980484913
0.9825659232
0.9779494440
0.9836168020
0.9937381293
1.0014038062
1.0045298242
1.0084859579
1.0010594328
0.9928907142
0.9946876995
0.9884096857
0.9860188775
1.0010574461
1.0060046994
0.9987509303
0.9980273806
1.0067596731
1.0132901181
1.0068405881
0.9915517090
0.9873270244
0.9978697760
0.9980517402
0.9807763617
0.9711250465
0.9668547771
0.9539194571
0.9583156632
0.9540747318
0.9617157186
0.9765250243
0.9966466298
1.0134531433
1.0190138195
1.0150716044
1.0084338030
1.0049713728
0.9988300458
0.9870550725
0.9817225805
0.9827109903
0.9788867430
0.9728883865
0.9745673865
0.9886244742
1.0025890757
0.9984846570
1.0058525104
1.0176975651
1.0125636445
1.0026168999
1.0033052499
1.0024147439
0.9918984989
0.9949552554
0.9979787248
0.9885526843
0.9918784498
0.9991061884
1.0016023417
0.9926363963
0.9769663466
0.9847806727
1.0124178748
1.0216416451
1.0128926335
0.9932842225
0.9758063634
0.9571365641
0.9163170098
0.9040136935
0.9149330167
0.9299111820
0.9430821061
0.9610465251
0.9881123473
0.9986332520
0.9933594805
0.9828799091
0.9892684465
1.0060645887
1.0077770397
0.9999699731
1.0008494001
1.0066933893
1.0076695503
0.9998485812
0.9868362326
0.9860579868
0.9713652192
0.9502979816
0.9341173076
0.9441297856
0.9512836716
0.9642406993
0.9881606669
0.9972955940
0.9970691634
1.0026779122
1.0037535197
0.9972927710
0.9953444901
1.0021200050
1.0121542431
1.0099421752
0.9906283573
0.9928342489
1.0002476733
0.9997012120
0.9908475657
0.9912394842
1.0064318546
1.0146536544
1.0138081661
1.0206317210
1.0095764476
0.9983616242
1.0018434223
1.0069289632
1.0109436823
1.0166658728
1.0154798982
1.0091875402
1.0073899257
1.0024670212
0.9962217536
1.0000728536
1.0036759358
1.0113124687
1.0119187980
0.9933681053
1.0128455537
1.0224130237
1.0087041105
1.0045434978
0.9974252616
0.9944470484
0.9996698083
1.0008708676
0.9970396878
0.9951738567
0.9941750579
0.9944111229
0.9970286436
0.9967451613
0.9976728154
0.9993615431
1.0031178671
1.0080743642
1.0239731479
1.0192814914
0.9920726972
0.9862894029
0.9776885820
0.9833262911
0.9950328002
0.9969746114
0.9902308955
0.9885590774
0.9968247526
1.0071399783
1.0174901969
1.0231759365
1.0208795435
1.0182795104
1.0083700194
0.9952665240
0.9883883845
0.9767042483
0.9935918808
0.9918607976
0.9783276463
0.9621241027
0.9532142342
0.9487481455
0.9389336490
0.9200803619
0.8811539514
0.8187176436
0.7541794025
0.7186889048
0.7284579942
0.7782617215
0.8504732492
0.9176806204
0.9610392298
0.9925735371
0.9960448308
1.0061338814
1.0074121725
0.9896781477
0.9814567842
0.9662903558
0.9397128321
0.8918807389
0.8339783537
0.7946374216
0.7940886902
0.8360787608
0.8957528690
0.9455289656
0.9799599320
0.9954771028
0.9960119794
1.0019690884
1.0167988301
1.0312998581
1.0298580717
1.0299226913
1.0092741957
0.9900713637
0.9828664673
0.9908584435
0.9935015551
0.9990981619
1.0165595972
1.0206568062
1.0097865611
1.0047318600
1.0126665681
1.0183416357
1.0144895387
1.0089856873
1.0059600674
1.0087352258
1.0169142927
1.0122450143
1.0045430391
0.9948629247
0.9930946427
0.9847051389
0.9914159440
1.0025384256
1.0076210038
1.0024287043
1.0054655435
1.0101765627
1.0108745177
1.0120806432
1.0140279206
1.0150271241
1.0178467071
1.0205243697
1.0148851195
1.0072949846
1.0142246914
1.0247883702
1.0217375291
1.0229614520
1.0105352696
1.0047778932
1.0075113699
1.0114914910
0.9988366195
0.9928556971
0.9626633767
0.9305988543
0.9022718383
0.8979883497
0.9139592959
0.9445709168
0.9770205448
0.9940261893
0.9986829895
0.9994772457
0.9955797027
1.0005996783
1.0143661107
1.0120242499
1.0062072333
1.0077806392
0.9852112425
0.9796140987
0.9753414262
0.9583909483
0.9462457851
0.9521166753
0.9650138679
0.9788506043
1.0015193021
1.0094910273
1.0087156992
1.0008509649
0.9864704278
0.9849813551
0.9921268886
1.0021891080
1.0161796335
1.0113476615
1.0030862377
1.0046862489
1.0112265648
1.0055300521
1.0029457176
1.0220140928
1.0331545935
1.0307936490
1.0259039273
1.0254788532
1.0148310215
1.0085138986
1.0135130300
1.0141028753
1.0096105755
1.0157424601
1.0188899877
1.0024669255
1.0038311297
1.0016841486
1.0011798826
0.9887082065
1.0002019592
1.0114816257
1.0160098264
1.0097721577
1.0161106872
1.0236882305
1.0200315676
1.0087831959
0.9985278867
0.9982845557
0.9996084827
0.9904968334
0.9850418185
0.9997799342
1.0176804367
1.0177974973
1.0116637422
1.0139462019
1.0159333719
1.0025704793
1.0134556885
1.0254991410
1.0309577949
1.0142437289
1.0082957429
1.0112366027
1.0148002118
1.0075791382
0.9977675255
0.9976240718
1.0003917372
1.0023226316
1.0068099949
1.0101100106
1.0069131769
1.0047078816
1.0148083168
1.0233498779
1.0189511577
1.0166098445
1.0144775711
1.0046751474
0.9934793513
0.9953427413
0.9964581659
0.9990060938
1.0110432031
1.0170076042
1.0104555937
1.0133216883
1.0154757492
1.0177916531
1.0223332153
1.0179217781
1.0092134875
1.0084931719
1.0158894953
1.0188392411
1.0122189540
1.0017889504
0.9888495247
0.9612609634
0.9314054091
0.9020008792
0.8911868322
0.9091727414
0.9410332131
0.9739116629
0.9974657117
1.0047255462
1.0035538219
1.0037297004
1.0049503140
1.0029908981
0.9972778467
0.9950494385
0.9982648002
0.9899885384
0.9893423504
0.9946495647
1.0072482752
1.0174670145
0.9824335304
0.9845077874
0.9681889633
0.9688625322
0.9712539437
0.9707486030
0.9746118917
0.9932900123
1.0024390517
0.9973860143
0.9960139323
1.0015068259
1.0048943047
1.0073977324
1.0137490133
1.0118459844
1.0031372120
1.0068148656
1.0111815593
0.9987017471
0.9922670769
0.9934857162
0.9859813374
0.9904667024
0.9980775263
0.9865937664
0.9778729226
0.9778321324
0.9886949536
1.0038367443
1.0029453952
0.9942729239
0.9977558967
1.0063754824
1.0071654373
0.9943114416
0.9907533491
0.9702147643
0.9716948453
0.9766971451
0.9533477548
0.9509914052
0.9761130601
1.0063040963
1.0112032677
1.0099957509
1.0032442136
1.0086181570
1.0172279921
1.0168093953
1.0122902906
0.9988253243
0.9781052872
0.9607013576
0.9337206305
0.8940786109
0.8509550055
0.8282239850
0.8427854379
0.8832815479
0.9335144303
0.9573381186
0.9618265041
0.9712471881
0.9782748298
0.9939192507
1.0037446327
0.9963819048
0.9927120421
1.0003660710
1.0153619234
1.0208160093
1.0106126339
1.0006955707
0.9948238651
0.9937214127
1.0066908289
1.0202970388
1.0196835997
0.9989420986
0.9979101301
1.0077325926
1.0005922914
1.0066448583
0.9968990320
1.0055418247
1.0064336047
1.0055121734
1.0105084353
1.0239399438
1.0272950571
1.0162049363
1.0152921953
1.0276758189
1.0228359012
0.9982872240
0.9905031268
0.9955370572
1.0004100614
1.0055314408
0.9986461967
1.0061157556
1.0077770130
1.0097441577
1.0141044418
1.0160690002
1.0207464246
1.0187657731
1.0049411015
1.0004295309
1.0080489631
1.0027604533
0.9873568172
0.9855148991
0.9921913548
0.9971200055
1.0051056234
1.0070896464
1.0072929295
0.9996090173
0.9930513813
0.9972958519
0.9985662678
1.0019242513
0.9977791395
1.0025309388
0.9976541135
0.9994698555
0.9958826042
0.9882621008
0.9803405961
0.9677064390
0.9625295311
0.9717356370
0.9807046674
0.9836886455
0.9786552144
0.9768190660
0.9718101873
0.9762118639
0.9833531558
1.0029424547
1.0035994277
1.0217968407
1.0246159339
1.0216681164
1.0211610174
1.0132015024
1.0125061025
0.9985760491
0.9905656698
0.9997584744
1.0006319905
0.9947034073
1.0014504465
1.0081224729
1.0049291230
1.0004860622
0.9998839249
1.0048555606
1.0067917858
1.0034633202
0.9932655813
0.9982712448
1.0165980697
1.0090685487
1.0034412551
1.0079153467
1.0022733785
0.9936689009
0.9948823296
1.0012699216
0.9923876671
0.9774641218
0.9844500884
0.9976645587
0.9986908055
1.0049775460
0.9990292770
0.9836577546
0.9824305624
0.9923006642
0.9969400319
1.0027838696
1.0066608883
1.0111097751
1.0101742019
0.9964299158
0.9889528714
0.9867985886
0.9858476056
0.9917282133
1.0036745100
1.0151486984
1.0175156743
1.0100210697
1.0066061624
0.9994283015
0.9937497341
0.9978557495
0.9969087047
0.9919537607
0.9995725332
1.0120824528
0.9987852105
0.9864689404
0.9967509848
1.0117770328
1.0127650361
1.0056565116
0.9936103616
0.9947629724
1.0036921752
1.0114019404
1.0167836074
1.0105087339
1.0036135234
0.9998449313
1.0136428744
1.0110146894
1.0129267187
1.0136467068
1.0152163888
0.9984902513
0.9907725135
0.9965222469
0.9918476213
1.0045024627
1.0051332889
1.0003063228
0.9993383693
0.9942196070
0.9917284818
0.9922609172
0.9891044284
0.9920391744
0.9969768823
0.9968348768
1.0176166679
1.0279991026
1.0167580550
0.9915711364
0.9853758698
0.9921130894
0.9926666157
1.0136159770
1.0165325358
0.9877429069
0.9599800257
0.9578484935
0.9540222349
0.9344493145
0.9219713019
0.9198469923
0.9310383599
0.9515675277
0.9524172744
0.9589875383
0.9550742373
0.9558128363
0.9628192238
0.9678147939
0.9704962097
0.9957907956
0.9920592800
1.0281395713
1.0224525290
1.0146264206
1.0042663430
1.0011353512
0.9987696418
0.9924591569
0.9960733419
1.0040588711
1.0047481627
0.9983585652
0.9926271779
1.0074599855
1.0117898507
1.0125845008
1.0093224570
1.0073715541
0.9964971197
0.9929187353
0.9810881651
0.9979504313
0.9873689284
0.9898600818
0.9904434183
0.9958907198
1.0017412406
1.0007005766
1.0017538928
1.0049204313
1.0047164638
1.0000890291
0.9965983417
1.0053524692
1.0031304220
1.0015743328
1.0055827013
1.0054848040
0.9968273498
1.0037559751
0.9994807567
1.0007140570
1.0113259101
1.0094943759
1.0022013117
1.0000905070
0.9986649070
0.9927626905
0.9944495445
1.0034509559
1.0066984746
1.0051580769
1.0007417483
0.9900187312
0.9882010590
0.9897656688
0.9890887288
0.9726984739
0.9695633618
0.9636875742
0.9785532573
0.9735892389
0.9881024085
1.0019797891
1.0074852761
0.9994481042
0.9900015247
0.9965499572
1.0015769476
0.9963955847
0.9975679988
1.0067043317
1.0112956886
1.0074824097
0.9970896723
1.0010625973
1.0097923890
1.0084659202
0.9988468579
1.0058080393
1.0115450584
1.0020751656
0.9999144879
0.9952456560
0.9875381196
0.9908603751
0.9951238287
1.0027998658
1.0054102271
1.0098045213
1.0179889376
1.0066733463
0.9911235452
0.9997573568
0.9907686142
0.9790898015
0.9807060144
0.9923348048
0.9717484986
0.9670064117
0.9613833729
0.9372487202
0.9511222978
0.9695484950
0.9783874210
0.9850372732
0.9995525105
1.0087464080
1.0104479165
1.0050548797
0.9953898129
0.9961727290
1.0039010028
1.0006601286
0.9965329922
0.9908580620
0.9902079040
0.9961395618
1.0077845381
0.9906577013
0.9902251325
1.0008593611
1.0080097896
1.0169292629
1.0203539927
1.0175206375
1.0025677625
0.9944590297
0.9950661345
0.9921370599
0.9929307926
1.0032686824
1.0093501870
1.0088726587
1.0116066972
1.0095360401
1.0044273598
1.0051011552
0.9926900497
0.9873200904
1.0015996885
0.9952083653
0.9898780344
0.9868457115
0.9840363161
0.9928007272
1.0011363939
1.0078527315
1.0121294661
1.0169265940
1.0168543360
1.0096646308
1.0097741385
1.0151968429
1.0072229838
0.9956499514
0.9828016149
0.9971398583
0.9977219463
1.0085243479
0.9963467565
0.9974490802
0.9912765766
0.9886569568
0.9882561056
0.9803044597
0.9769734770
0.9872952472
0.9877998169
0.9849229662
0.9861054097
0.9805049931
0.9780575343
0.9895904192
0.9925049374
0.9835744265
0.9874664857
0.9900492126
0.9835846554
0.9834964469
0.9974200562
0.9892005225
0.9808573984
0.9817854367
1.0024142095
1.0128430186
1.0077864392
1.0081445376
1.0094321796
1.0015786606
0.9912540998
0.9856503583
0.9842889671
0.9802177612
0.9726542102
0.9728434263
0.9560087108
0.9355526210
0.9183945262
0.9209593847
0.9191701294
0.8861040274
0.8548180582
0.8372835463
0.8271709284
0.8373189982
0.8717164024
0.9033324978
0.9141617363
0.9140986539
0.9182253873
0.9285867385
0.9400672257
0.9570598154
0.9855768313
1.0048436659
0.9951909069
0.9889813041
0.9946421451
0.9921946505
0.9972756204
0.9767735796
0.9748892130
0.9726516906
0.9765581972
0.9536414584
0.9410078268
0.9415702304
0.9437222999
0.9584669722
0.9754690768
0.9768832232
0.9748153507
0.9792651179
0.9762425021
0.9692066389
0.9764766282
0.9898542832
0.9944549333
1.0104539145
1.0143797613
0.9904612246
0.9870055972
0.9847984493
0.9951437859
0.9967229215
1.0022036481
1.0105085357
1.0176561687
1.0122293999
1.0007136630
1.0002079967
0.9997378166
0.9860105469
0.9760250099
0.9816439924
0.9964507499
0.9940630476
0.9784826362
0.9965776629
0.9986826783
0.9950614516
0.9972007581
1.0108107861
0.9938569678
1.0044498744
1.0189266003
0.9983253141
0.9979756246
1.0056616726
1.0139747353
1.0189130447
1.0145449213
1.0065910595
0.9970030288
0.9928347078
0.9927596595
0.9989035985
0.9918502629
0.9963992392
1.0108076765
1.0122488225
1.0020511282
0.9942332535
0.9918441364
0.9894645847
0.9872434648
0.9880296876
0.9884270088
0.9872493297
0.9910949142
0.9967676217
1.0039892120
1.0112538476
1.0077393371
1.0002591326
1.0000755599
0.9956207146
0.9921119055
0.9846481165
0.9628094398
0.9558614021
0.9377424899
0.9346755082
0.9382337795
0.9484035423
0.9522749982
0.9550030052
0.9727104539
0.9941801983
1.0131637341
1.0190900895
1.0143302244
1.0167790019
1.0251001727
1.0222340497
1.0050779392
0.9891039820
0.9890554413
0.9987453538
1.0161448503
1.0101094795
1.0048596287
1.0089910398
0.9971024538
0.9959442679
1.0040675774
1.0010086648
0.9957377579
1.0000984800
1.0022066092
0.9914991681
0.9837292708
0.9852290358
0.9919745042
1.0053642403
1.0050104715
0.9956740232
0.9941950821
0.9896488267
0.9987057705
1.0040132194
0.9901271317
0.9811719717
0.9920650227
1.0000502996
0.9934217801
0.9846948481
0.9964057629
1.0065695003
1.0024067194
0.9929201490
0.9906319294
0.9945790344
0.9943069606
0.9876155974
0.9829125709
0.9905122507
1.0031035104
1.0004544262
0.9850265381
0.9894754737
0.9821974416
0.9863254251
0.9641200967
0.9315145893
0.8575455418
0.8008753586
0.7673404899
0.7738556300
0.8173451054
0.8793130496
0.9306220464
0.9623868403
0.9846779457
1.0008209376
1.0102787236
0.9994739775
0.9824567905
0.9855912929
0.9999236069
0.9905695065
1.0018222751
0.9966629119
0.9862301122
0.9966327862
0.9956458627
0.9840949073
0.9851161177
0.9974030650
0.9912829706
0.9817331502
0.9815619800
0.9850911794
0.9849553604
0.9757427819
0.9704188918
0.9785723911
0.9913878886
0.9993292738
1.0044859591
1.0036786986
0.9974299748
0.9887971893
0.9836057082
0.9826497631
0.9787009501
0.9846419645
0.9929764892
0.9954762488
1.0087613238
1.0112632886
1.0054564213
1.0038083289
0.9968339299
0.9911068425
1.0000635829
1.0085251363
1.0021291297
0.9948497497
0.9955394439
1.0029150515
0.9937390165
0.9862416166
0.9737475392
0.9730410312
0.9814533371
0.9816069198
0.9778358595
0.9956913887
0.9922993051
0.9754303333
0.9779478584
0.9924889116
1.0019947831
1.0065689992
0.9976665166
0.9785340266
0.9932190685
1.0088071941
1.0123655229
1.0050057059
0.9983145164
0.9858746952
0.9766212741
0.9778796798
0.9862408782
0.9853026254
0.9887659302
1.0009210567
0.9938572110
0.9922797661
1.0037733637
1.0070168770
1.0041117380
0.9988229983
0.9896087120
0.9934684187
0.9912945227
0.9765262870
0.9811434123
0.9940718188
1.0037366162
1.0060508742
1.0047185826
0.9925922431
0.9874381111
0.9875663048
0.9904808544
0.9975821172
0.9883829735
0.9826203395
0.9838734044
0.9905351206
0.9939848287
0.9870915870
0.9889616453
1.0009108671
1.0023032769
0.9952546102
0.9968165053
0.9886919629
0.9952347469
1.0079856585
1.0087490216
0.9954658502
0.9946732727
0.9938591884
0.9941999244
0.9890500013
0.9771140640
0.9729063518
0.9818280998
0.9826214033
0.9822802422
0.9903314018
0.9902470478
0.9985851278
1.0176960573
1.0055631306
0.9969947602
1.0003077188
1.0081738760
1.0001051356
0.9797219511
0.9865983424
0.9864983730
0.9866303645
0.9948019734
0.9977163380
0.9953380274
0.9901019464
0.9812988731
0.9763160988
0.9778360475
0.9795930213
0.9833822610
0.9943003760
1.0033925542
1.0045896426
1.0109302402
1.0078193797
1.0005995342
0.9884047297
0.9920847635
1.0019259943
0.9893449374
0.9807087938
0.9872130728
0.9968498638
1.0063959798
1.0005672065
0.9906691435
0.9877830350
0.9859173495
0.9854690598
0.9813400298
0.9686393784
0.9682860435
0.9695404303
0.9733128366
0.9748345603
0.9806107165
0.9894788060
0.9873073043
0.9844964241
1.0006297334
1.0149049545
1.0068953299
0.9973394259
0.9942115798
0.9915853936
0.9936341042
0.9920610679
0.9916904813
0.9932955498
0.9859517409
0.9789057346
0.9829401319
0.9999522116
1.0130012820
1.0066654097
0.9916719465
0.9939964043
0.9898215195
0.9961957348
0.9938439581
0.9937245737
0.9865953032
0.9842499877
0.9855870851
0.9892407843
0.9983447885
1.0023937533
0.9950820065
0.9898377777
0.9926874966
0.9938279706
0.9910837873
0.9861524571
0.9879399524
0.9935169751
0.9969855773
1.0121801337
1.0046577979
0.9956705610
0.9914323457
0.9909430831
0.9984271956
1.0041397066
1.0051177528
1.0023147649
0.9992513824
1.0030871331
1.0044191359
1.0040288028
1.0028015925
0.9968019748
0.9985973033
0.9968605190
0.9994360376
1.0052851147
1.0007663093
1.0038372462
1.0038747539
0.9966594431
1.0046148071
0.9873338301
0.9780376071
0.9783475819
0.9870008082
0.9879694372
0.9886194792
0.9787213800
0.9691500794
0.9783240502
0.9874402336
0.9837758757
0.9889719344
1.0013565306
1.0006666119
0.9906510408
0.9840831997
0.9821202465
0.9746675259
0.9884875385
0.9822357434
0.9910384663
0.9935238111
0.9964890100
1.0046429150
0.9965422835
0.9904012837
0.9849664105
0.9876411239
0.9999181235
1.0035526839
0.9905595150
0.9739175197
0.9769923110
0.9933712295
0.9910751862
0.9853741172
0.9899757798
1.0056911870
1.0030479907
1.0006046442
0.9902164344
0.9950254126
1.0002035397
0.9994362938
1.0010928932
1.0036563227
0.9926283843
0.9772306398
0.9747557527
0.9804718971
0.9818911786
0.9785616026
0.9713832784
0.9628242555
0.9729615055
0.9765234405
0.9724657504
0.9840588502
0.9940345077
1.0128017077
1.0096726813
1.0050257795
1.0016584109
0.9899119968
0.9869742646
0.9988022335
1.0063982849
1.0021839895
0.9886432639
0.9820514529
0.9911227614
1.0020992731
1.0089083137
1.0041760541
0.9943676012
0.9942197239
0.9849023582
0.9826628970
0.9526848842
0.9618770015
0.9800724556
0.9829364236
0.9808102359
0.9851699203
0.9760017893
0.9678834243
0.9466430435
0.9072090219
0.8576674726
0.8058533243
0.7677783193
0.7583904275
0.7809215114
0.8314955038
0.8871117063
0.9327491992
0.9683398507
0.9911869411
0.9988950092
0.9995557111
0.9924045293
0.9905739329
0.9995560730
1.0015555907
0.9891281405
0.9903932811
0.9976664046
0.9882940230
0.9911944625
0.9966888053
0.9817522643
0.9805439485
0.9960539149
0.9927406648
0.9776724759
0.9932630270
0.9946259044
0.9941175877
0.9777392008
0.9746025400
0.9824374404
0.9692699720
0.9733457264
0.9668591333
0.9687435210
0.9845554470
0.9854795443
0.9829176215
0.9874891927
0.9931844392
0.9929843209
0.9863447979
0.9836015465
0.9872867688
0.9901799835
0.9848014424
0.9878243061
0.9891526105
1.0017991019
0.9825199826
1.0013638238
1.0005193717
0.9960144813
0.9815615753
0.9818258337
0.9895981579
0.9869898028
0.9866201445
0.9972436776
1.0019867381
1.0020520127
1.0049480120
0.9934981449
0.9756324282
0.9778117563
0.9888427075
0.9902457002
0.9701391776
0.9670942339
0.9732974771
0.9565372288
0.9631652582
0.9671115231
0.9692569157
0.9779100682
1.0022979596
1.0137910033
1.0034783930
0.9918291060
0.9908185935
0.9929764483
0.9906056142
0.9841193983
0.9771824767
0.9763691196
0.9820410763
0.9909452262
1.0036854639
1.0058548011
0.9984827587
0.9979495888
0.9881542358
0.9779052784
0.9911973928
0.9853157763
0.9784562395
0.9831618983
0.9894017697
0.9975957299
1.0029054061
0.9929451762
0.9793532551
0.9818524504
0.9913419647
0.9955879199
0.9953307598
0.9929236257
1.0005085323
1.0037919500
1.0080240810
1.0036369432
1.0042583504
1.0061649689
1.0100281130
1.0158188112
0.9996659176
0.9939314913
0.9990258452
1.0115836064
1.0166418629
1.0153159307
1.0102681854
0.9974505892
0.9995440181
1.0087188188
0.9983451361
0.9951178218
1.0000464587
1.0056934730
1.0174617806
1.0275239038
1.0153220188
1.0064758624
1.0114628144
1.0059940973
0.9970577945
0.9901852722
0.9933352717
0.9955338996
0.9987061684
1.0002878948
0.9935671536
0.9860542549
0.9789961920
0.9708906535
0.9715248690
0.9814470286
0.9966488609
1.0037655201
1.0114637285
0.9958978028
1.0060110305
0.9958145327
0.9933146496
0.9914678070
0.9897744032
0.9957220904
1.0029142645
1.0149945875
1.0219279369
1.0113674196
0.9912808215
0.9827372599
0.9881611885
0.9913621990
1.0004419512
0.9956632152
0.9945366531
1.0069713882
1.0007754334
1.0024545755
1.0000263328
1.0044993796
1.0080288799
1.0006253226
0.9974606038
1.0032003952
1.0089020847
1.0055524726
0.9975114873
0.9879592654
0.9860776247
0.9900725388
0.9908726972
0.9983118916
0.9978328291
0.9986944426
1.0028694574
1.0090790057
0.9896911094
1.0067692184
1.0078698821
1.0049541424
0.9958948013
0.9876479854
