#flux
0.9884252976
0.9764857348
0.9821704958
0.9910588497
0.9864354239
0.9846900580
0.9834521158
0.9900788003
1.0084300609
0.9939772787
0.9517196165
0.9712171378
0.9887621664
0.9823099628
0.9659330304
0.9573289029
0.9571448333
0.9588277822
0.9733170034
0.9835437319
0.9843904782
0.9686038399
0.9551329262
0.9651722123
0.9839888453
0.9914976312
0.9860272331
0.9846410091
0.9941433658
0.9827567510
0.9681766241
0.9694846876
0.9856410774
0.9906358496
0.9959111512
0.9949901345
0.9739609957
0.9643485997
0.9686248635
0.9847950945
0.9872498992
0.9732163908
0.9638384430
0.9683131969
0.9747868831
0.9723480496
0.9690648718
0.9674161606
0.9565510932
0.9789450272
0.9715553256
0.9774137990
0.9786162993
0.9550722665
0.9258667462
0.9135938685
0.9246378264
0.9473977786
0.9664028196
0.9588772516
0.9608377549
0.9586900762
0.9474414213
0.9549289988
0.9724036999
0.9677647721
0.9561607219
0.9677929658
0.9573953969
0.9276813883
0.9028155229
0.8938357758
0.8891587197
0.8800049484
0.8700545197
0.8706189236
0.8881593521
0.9174320568
0.9400714197
0.9513268054
0.9618514116
0.9562848191
0.9349475978
0.9201039508
0.9194557819
0.9237832447
0.9225242516
0.9041874521
0.8712953282
0.8627836347
0.8630472740
0.8694071113
0.8823313185
0.8905277100
0.9003167606
0.9202806180
0.9275559457
0.9324186624
0.9488748871
0.9385919858
0.9356869558
0.9402818249
0.9433362301
0.9473343074
0.9465712830
0.9397433271
0.9290034146
0.9275253667
0.9567964463
0.9424209657
0.9371666654
0.9304095139
0.9052775953
0.8946962331
0.9061166180
0.9104067189
0.9118707535
0.9142510287
0.9235328176
0.9243819714
0.9379519727
0.9359008300
0.9101129316
0.9013185055
0.9253442861
0.9443913912
0.9325394992
0.9078965463
0.8798459793
0.8705572737
0.9081146231
0.9090368107
0.9493322608
0.9558361914
0.9195252343
0.9106665524
0.9100219222
0.9101326131
0.8982945107
0.8944332271
0.9150288272
0.9306465976
0.9250557280
0.9071990985
0.8942921949
0.8932093358
0.8915263315
0.8936433431
0.9129768543
0.9049905741
0.8997628558
0.8885149310
0.9071228007
0.9116414886
0.8897395925
0.8710834275
0.8680871227
0.8674099256
0.8470145256
0.8088274517
0.7978619566
0.8030141270
0.8150463905
0.8367278650
0.8574686432
0.8653139874
0.8646068511
0.8652023399
0.8614744197
0.8479461756
0.8463743023
0.8188809621
0.8176247167
0.8330131679
0.8109095895
0.7947346874
0.8027882107
0.8087378467
0.8072636418
0.7973688981
0.7909168385
0.7890169997
0.7954413629
0.8032915940
0.7921452487
0.7755735876
0.7795210572
0.7861654174
0.7824461681
0.7847791271
0.7772661895
0.7578743456
0.7456343865
0.7375109093
0.7413706283
0.7265477925
0.7046680956
0.6884333491
0.6790440656
0.6730715274
0.6599450478
0.6320617030
0.5706615004
0.5116662643
0.4611303447
0.4083604458
0.3644087078
0.3293686345
0.3107343770
0.3008553793
0.2827407599
0.2632700418
0.2463263328
0.2295711660
0.2283132527
0.2460680421
0.2415426643
0.2419244744
0.2599461782
0.2857109437
0.3101802515
0.3410283889
0.3926931182
0.4491222093
0.4974753317
0.5298119584
0.5520781794
0.5835616576
0.6184828575
0.6483221225
0.6682416753
0.6829702835
0.6929772478
0.6879371603
0.6874462202
0.6977759132
0.7234724719
0.7376696310
0.7444358683
0.7566529744
0.7607962782
0.7682736633
0.7753242065
0.7651326440
0.7633076032
0.7718688703
0.7779743963
0.7875189458
0.7892338182
0.7960491913
0.8191083359
0.8313706805
0.8488249407
0.8568979429
0.8299321812
0.8158461884
0.8478687311
0.8465113688
0.8522836885
0.8330076759
0.8547306872
0.8734348727
0.8666267102
0.8548713377
0.8570289476
0.8680622304
0.8728047302
0.8769135054
0.8766109270
0.8516602667
0.8538412266
0.8794970695
0.8914916862
0.8918044961
0.8794416589
0.8762936355
0.8845937089
0.8929627923
0.9073397729
0.9162193333
0.8943779322
0.8910229337
0.9089101577
0.8855367168
0.8759348731
0.8864126908
0.8775456006
0.8738526812
0.8791878492
0.8768946498
0.8826270456
0.9010981302
0.9068042030
0.9131766952
0.9204081134
0.9191691973
0.9065287826
0.9029101254
0.9053362257
0.9166461263
0.9249112563
0.9254466006
0.9329115546
0.9208950175
0.9183575323
0.9259003958
0.9298201940
0.9233970287
0.8991744688
0.8953847838
0.9074993718
0.9043492333
0.9111183446
0.9382199434
0.9314422302
0.9099857565
0.8844101264
0.8466393770
0.8422802716
0.8208797179
0.8001044732
0.8100330760
0.8366273868
0.8721868490
0.9053204450
0.9110585796
0.8981693271
0.8999166430
0.9266713622
0.9436948551
0.9137136815
0.9056858383
0.9268316228
0.9464872968
0.9718332813
0.9691520317
0.9354159872
0.9310656140
0.9549853789
0.9495208439
0.9343610123
0.9391378174
0.9325289783
0.9216878676
0.9299044366
0.9421353406
0.9347294894
0.9200473542
0.9213021325
0.9317525330
0.9356670751
0.9388383170
0.9452617597
0.9492988262
0.9672510412
0.9739134888
0.9590192695
0.9664987992
0.9711793921
0.9832670424
0.9914500867
0.9862838745
0.9722810719
0.9591463828
0.9765263071
1.0042532121
1.0062642509
0.9803627714
0.9567516030
0.9531529625
0.9523531483
0.9630235930
0.9615889181
0.9597639276
0.9587011553
0.9457011628
0.9421422097
0.9393699666
0.9219083314
0.9221287888
0.9326260287
0.9428912126
0.9513378956
0.9644501717
0.9706188147
0.9714196014
0.9748580620
0.9754595217
0.9692964753
0.9672003722
0.9804763451
0.9910012104
0.9569748055
0.9359411778
0.9631409473
0.9739559153
0.9695534737
0.9464956712
0.9521692576
0.9673766009
0.9455342382
0.9123886886
0.9233077406
0.9567453182
0.9704488408
0.9541082014
0.9420236700
0.9484554195
0.9567805727
0.9622834063
0.9702495608
0.9794744921
0.9673038851
0.9370135715
0.9126080870
0.8959895451
0.8784703887
0.8632503094
0.8895409701
0.9069139460
0.9272256325
0.9703887625
0.9934406911
0.9868200830
0.9741549841
0.9653413374
0.9658993271
0.9791021606
0.9887659454
0.9885839762
0.9931799428
0.9914094326
0.9770788590
0.9810787802
1.0181620771
1.0216606741
0.9929533204
0.9792553302
0.9718933476
0.9477263941
0.9497322340
0.9735681479
0.9663982915
0.9674082739
0.9855975078
0.9980678452
0.9964949354
1.0059119495
1.0046543369
0.9826773585
0.9887885240
1.0038055068
1.0126430011
1.0040649342
0.9963118021
1.0038729959
1.0031381309
0.9988474976
1.0091528349
1.0122302398
0.9839933766
0.9962116253
0.9950767132
0.9823675182
0.9606346857
0.9385478514
0.9260742388
0.9297443710
0.9405669847
0.9439256906
0.9475808478
0.9532519484
0.9429886613
0.9605690681
0.9967801113
0.9858816781
0.9750064506
0.9812011069
1.0127425598
1.0258612044
1.0239842490
0.9990732152
0.9814160241
0.9940613161
1.0002090620
0.9883833150
0.9948823155
1.0121103847
1.0155355346
1.0237026173
1.0292759297
1.0092062862
1.0153462794
1.0231254888
0.9974047236
0.9940358992
0.9950017724
0.9829875367
0.9917549993
0.9984697585
0.9861835900
0.9851437892
0.9824153054
0.9798905924
0.9711791505
0.9511900232
0.9407433135
0.9612914210
0.9788442974
0.9688730554
0.9638627437
0.9834286277
1.0115523048
1.0151923199
0.9929085733
0.9828985411
0.9720264773
0.9859130614
0.9948181811
0.9692912639
0.9781621237
0.9826374264
0.9788947214
0.9869383131
0.9774023919
0.9691883984
0.9751221125
0.9840342474
0.9968759797
1.0125464727
1.0202878485
1.0192066987
1.0151382809
1.0146042168
0.9961227025
0.9942689003
0.9709997511
0.9971405609
1.0114292090
1.0018378905
1.0052536243
1.0117359219
1.0001213408
0.9814407306
0.9863646873
1.0081354391
1.0061748385
0.9982124417
0.9943255351
0.9913869320
0.9973737245
1.0015205595
0.9949315670
0.9839565330
0.9866234156
0.9859887289
0.9775739540
0.9799175812
0.9981535971
1.0008222342
0.9799966099
0.9666795772
0.9663287421
0.9731530087
0.9742147820
0.9695859420
0.9733684235
0.9945047093
1.0127232415
1.0125428311
1.0116149137
1.0203044754
1.0230278018
1.0146957438
0.9940372387
0.9862830632
0.9978417935
0.9850659020
0.9692296664
0.9769786557
0.9890142999
0.9878123249
0.9841882665
0.9598637557
0.9763161879
1.0020858196
1.0079508336
1.0079850130
0.9995284924
0.9912875876
1.0021115972
1.0126665410
1.0053088994
1.0037627385
1.0140266928
1.0122396301
1.0057861377
1.0199076146
1.0350415537
1.0029292416
0.9829856616
1.0020505191
0.9798495033
0.9642952220
0.9636208737
0.9418154954
0.9273726034
0.9481779813
0.9737989540
0.9862350288
1.0034134406
1.0122157925
0.9891466306
0.9670232328
0.9734214240
1.0071440844
1.0053991041
1.0014862342
1.0357339734
1.0479102316
1.0067492759
0.9959577176
0.9849755292
0.9641841215
0.9439639887
0.9386838444
0.9476743024
0.9593815253
0.9765382694
0.9826876724
0.9728986279
0.9782014998
1.0030620152
1.0140758307
1.0054311662
1.0039648417
1.0065063392
0.9985622606
0.9811554279
0.9830827833
1.0072625238
1.0213999521
1.0227140095
1.0280878812
1.0319735209
1.0282603561
1.0253979181
1.0095963463
0.9887338966
0.9919755616
1.0036978681
0.9934545344
0.9795064902
0.9901604563
1.0232809620
1.0480964061
1.0192834398
0.9910981016
1.0082651970
1.0461817477
1.0514287800
1.0277886289
1.0129842068
1.0061914703
0.9923530138
0.9973169304
1.0233010005
1.0255484821
1.0086415630
1.0086220430
1.0203293621
1.0149136220
1.0067153049
1.0134195236
1.0042429609
1.0088139126
1.0273273417
1.0346778023
1.0208051682
0.9906360569
0.9799047038
0.9836405533
0.9872917792
0.9997996973
1.0008178361
1.0078524154
1.0026421402
0.9881816842
0.9869514191
0.9964780861
0.9959139178
0.9927680286
0.9985154521
0.9969213997
0.9963646982
1.0083320781
0.9970391115
1.0003798485
1.0144686237
0.9972713420
0.9984460706
1.0185650791
1.0098975946
1.0065581062
1.0020823546
0.9981749793
0.9726292376
0.9437835958
0.9280642142
0.9326207707
0.9551893932
0.9565186197
0.9147030002
0.8502608960
0.7840928514
0.7715464675
0.7878806804
0.8106603473
0.8691896731
0.9355592046
0.9787479303
1.0185517056
1.0263327586
0.9994939740
0.9979608011
0.9941292759
0.9798973389
0.9461341982
0.9093364597
0.8746837292
0.8497225869
0.8422103063
0.8479413201
0.8742441052
0.9232556866
0.9611116093
0.9794319115
0.9895494934
1.0097045884
1.0206890967
0.9927287820
0.9921191161
1.0248384687
1.0299775654
1.0242870442
1.0171951886
1.0053652357
0.9983452679
1.0020682248
1.0209123865
1.0103589380
0.9900257430
1.0034891243
1.0242300376
1.0400077600
1.0435241354
1.0292236311
1.0135170808
1.0107345623
0.9926537487
0.9975967824
0.9970400868
1.0030210811
1.0064270273
0.9971127814
1.0097260831
1.0252089779
1.0174341757
0.9996006144
1.0034139004
1.0263536820
1.0338805488
1.0329017292
1.0321977325
1.0145926594
1.0125720605
1.0058796843
1.0008861071
1.0190147470
1.0287648774
1.0218739954
1.0073913017
0.9988104335
1.0161319674
1.0284892055
1.0315284174
1.0294286753
1.0044836350
0.9638003759
0.9377026821
0.9251464706
0.9026697375
0.8850312277
0.8928404465
0.9189551143
0.9615337769
0.9853608204
0.9853828662
0.9986898376
0.9980623439
1.0147213304
0.9969250857
1.0130763388
1.0187697863
0.9925930022
0.9850848172
0.9888146872
0.9814589735
0.9671266423
0.9569046910
0.9616938943
0.9711223302
0.9681283850
0.9698452345
0.9933788566
1.0137356785
1.0216199634
1.0226192950
1.0151660364
1.0128409150
0.9948721320
1.0098476775
1.0258342645
1.0227362292
1.0373123602
1.0321240982
1.0048744407
0.9977459938
0.9945765972
0.9957719048
1.0086122840
1.0156981471
1.0015904449
0.9914055029
1.0067994172
1.0145051401
1.0002641942
1.0083322037
1.0326668194
1.0315258229
1.0252240998
1.0104379127
1.0056450649
1.0061409217
1.0114357533
0.9988623036
1.0088984122
1.0285431284
1.0434474507
1.0323826760
1.0191941348
1.0086997210
1.0158042734
1.0226769731
1.0126016844
1.0206668416
1.0123596734
1.0128445694
1.0185869332
1.0158317281
1.0077996975
1.0230294262
1.0094902055
0.9954680893
1.0166450664
1.0213812542
1.0082237450
0.9992600022
0.9983852448
1.0056928380
1.0225745704
1.0261663645
1.0266001673
1.0257407176
1.0105890323
1.0027254979
0.9973866557
0.9866818080
0.9866498255
1.0123980165
1.0383360465
1.0298297851
0.9974373951
0.9842117109
0.9856305819
0.9839911793
0.9945856474
1.0059420992
1.0170759703
1.0262062200
1.0230550634
1.0132667527
1.0036230690
0.9963168788
0.9975329825
1.0046845364
1.0094684416
1.0195891478
1.0324204071
1.0283715341
1.0044436624
1.0121746828
1.0062882925
1.0072966419
1.0065058486
0.9836691674
0.9683305492
0.9414182221
0.9067366276
0.9256889474
0.9405306237
0.9321659640
0.9125192129
0.9129011643
0.9449117136
0.9721163647
0.9912819822
1.0072936100
1.0163577472
1.0145598252
1.0020703478
0.9994973243
1.0236511809
1.0158898283
0.9930244522
0.9763280239
0.9717138382
0.9796497698
0.9737472093
0.9714699815
0.9794572567
0.9869631053
1.0010407127
1.0133482282
1.0261271165
1.0335422260
1.0155489858
1.0184192436
1.0112018884
0.9900055127
1.0037469603
1.0315933730
1.0251637074
1.0175608338
1.0246556668
1.0348911994
1.0184133735
0.9797458264
0.9698398553
0.9718816387
0.9966937333
1.0153389643
1.0102993095
0.9998490040
0.9908315050
0.9897176328
1.0024740351
1.0010162346
0.9868214857
0.9841403630
1.0073782819
1.0357478290
1.0321164067
1.0223235145
1.0149800373
1.0010819842
1.0113709259
1.0117212809
0.9983582286
1.0049724905
0.9923081757
0.9875047844
0.9971993928
1.0128691716
1.0329554543
1.0329922054
1.0122280773
1.0001983955
0.9865809638
0.9931006555
1.0132567379
0.9824140151
0.9499923479
0.9039304109
0.8652082076
0.8592097454
0.8916567346
0.9125323682
0.9470437544
0.9762992240
0.9997987754
1.0147782672
1.0074452878
1.0030721229
1.0172964048
1.0291962355
1.0257017133
1.0082911022
0.9953174524
1.0053544366
1.0243733717
1.0308662096
1.0101031734
0.9976374806
1.0057990581
0.9956646505
0.9921367597
1.0058352045
1.0173611057
1.0176954129
1.0092499833
1.0068756081
0.9914505858
0.9855086005
1.0010546223
1.0186623782
1.0300163544
1.0217769840
1.0054635755
1.0101824683
1.0295010137
1.0177153986
1.0104656896
1.0154156886
1.0231821081
1.0228099249
1.0343118347
1.0304371067
1.0222387513
1.0202813449
1.0191301531
1.0266535468
1.0223716052
1.0039037087
1.0086904654
1.0202921490
1.0070404494
1.0024488431
1.0089921000
1.0090845153
1.0079750332
1.0177906744
1.0490879730
1.0512571467
1.0277399339
1.0024221033
1.0080337738
1.0022168371
1.0007312088
1.0242086444
1.0350268372
1.0252322913
1.0197040734
1.0155222395
1.0001768532
0.9851837269
0.9870238937
0.9965110638
0.9919471655
0.9785227538
0.9697821515
0.9671966136
0.9795384948
0.9718095084
0.9591139604
0.9547936066
0.9739259024
0.9893814719
0.9838230847
0.9783478248
0.9845287909
0.9737589970
0.9594537377
0.9716562591
0.9949110931
1.0070669812
1.0043794289
0.9996090335
1.0141421122
1.0243988062
1.0196242791
1.0067214133
1.0441757797
1.0198119042
1.0167949678
1.0128887053
1.0043920012
1.0309279906
1.0327082713
1.0364959535
1.0320705757
1.0335044178
1.0234063205
1.0186614693
1.0145087257
1.0207981125
1.0386867834
1.0376757658
1.0286826558
1.0198461097
1.0257167245
1.0362275005
1.0293456626
1.0091526636
1.0008132526
1.0233571664
1.0136229161
0.9980510695
0.9913748689
1.0056422873
1.0089014501
1.0036787770
0.9922955819
0.9885073546
1.0029805355
1.0194351911
1.0191029187
1.0076568799
1.0008806409
1.0020742410
1.0070071096
1.0216073035
0.9994428289
0.9964007830
1.0135892628
0.9836997231
0.9663189934
0.9918225915
0.9986124602
0.9884703441
0.9958558869
1.0145072817
1.0239382627
1.0185482657
1.0063324154
0.9963915249
0.9984693765
1.0076523505
1.0083121167
1.0065303847
1.0034753525
0.9871741005
0.9902168646
1.0119954047
1.0118832381
0.9880918001
0.9731365543
0.9792032048
1.0072683323
1.0191344856
1.0087016037
0.9939017652
0.9986568048
0.9994010051
0.9917328248
0.9974839597
1.0014518691
0.9856857404
0.9781515369
0.9903790937
0.9964190870
0.9958562109
0.9977104327
1.0048738019
1.0298611808
1.0192765990
1.0232642102
0.9928851356
0.9637460995
0.9669285859
0.9832925612
0.9803586272
0.9833337685
0.9938715877
0.9936195430
0.9927232233
1.0050728369
1.0185891877
1.0224845660
1.0203203449
1.0117026540
1.0078175286
1.0147334859
1.0064133275
0.9899269638
0.9994663554
1.0205370132
1.0045275017
1.0001622109
0.9906103152
0.9956125815
0.9957950107
1.0155222177
1.0204503535
1.0174693366
1.0164015197
1.0170742625
1.0054052009
0.9753270012
0.9592044607
0.9640308523
0.9822574049
0.9863986411
0.9841310151
0.9896382591
0.9876877211
0.9913554640
1.0203824794
1.0208206481
1.0139959397
0.9982064703
0.9925649235
0.9969414151
0.9963076896
0.9818766970
0.9783308184
0.9760071590
0.9743085210
0.9957051867
1.0157395642
1.0094182577
0.9817458242
0.9667475905
0.9776203704
0.9810901622
0.9787737051
0.9684336066
1.0103367367
0.9930721616
0.9834034591
0.9886952193
0.9999343901
1.0055341607
0.9954489162
0.9967164289
1.0030047666
0.9933733801
0.9746587496
0.9629541142
0.9661304468
0.9776857414
0.9811403497
0.9928434040
1.0039748237
1.0009935531
0.9793850319
0.9540198940
0.9552395288
0.9825906549
0.9995124810
0.9948359723
0.9806522203
0.9795341692
0.9858932311
0.9929936018
0.9886119957
0.9860876663
0.9935127258
0.9927792155
0.9816288494
0.9801649924
0.9824222389
0.9615709695
0.9944147261
1.0396975812
1.0296476280
1.0115716993
0.9827840021
0.9771416344
0.9747025802
0.9723148221
0.9741989214
0.9901568729
1.0014391227
0.9945093975
0.9911188161
1.0159748574
1.0306027395
1.0079221083
0.9881079184
0.9860097274
0.9797262945
0.9764796295
0.9751075661
0.9574576588
0.9535713372
0.9715054528
0.9748407501
0.9699626106
0.9659482304
0.9627628372
0.9614488067
0.9585700203
0.9507187382
0.9489610307
0.9580227468
0.9678828698
0.9789433462
0.9981848504
1.0059436187
0.9904554589
0.9887796353
1.0083539110
1.0222042933
1.0066490671
0.9776819017
0.9794350811
0.9922845431
0.9856172063
0.9607657686
0.9621649183
0.9654333964
0.9580128528
0.9484968315
0.9593793736
0.9626269142
0.9637069876
0.9798724646
0.9942988148
0.9851520440
0.9691257009
0.9763273697
0.9860361735
0.9970491207
0.9913084924
1.0000985173
0.9776461846
0.9612322424
0.9658076610
0.9643768508
0.9751244029
0.9689496152
0.9625434800
0.9741269543
0.9863797033
0.9857140436
0.9895870725
0.9909127780
0.9937948904
1.0043607725
1.0004923186
0.9894646422
0.9866269546
0.9907522432
1.0007203818
0.9820523961
0.9795962093
0.9816178988
0.9537337205
0.9618479393
0.9609226066
0.9626162318
0.9830326020
0.9916893217
0.9747731696
0.9501407770
0.9534232527
0.9711756398
0.9700045599
0.9670905510
0.9915177795
1.0151781084
1.0025207897
0.9758410502
0.9516514179
0.9693457129
0.9878362003
0.9845342578
0.9809674583
0.9577938541
0.9709228441
0.9821002603
0.9709870057
0.9671519289
0.9807033486
0.9846012965
0.9835513272
0.9839809973
0.9823060849
0.9820830182
0.9862151374
0.9933665050
0.9994869128
0.9939932446
0.9865575669
0.9701130940
0.9593030787
0.9477757268
0.9247622998
0.9202656511
0.9084655159
0.8902798767
0.8863048057
0.8790003932
0.8518764715
0.8334216881
0.8356779988
0.8610959308
0.8865376933
0.8969096136
0.9012949434
0.9111119419
0.9379034937
0.9491081733
0.9265534066
0.9268919886
0.9066724047
0.9373695269
0.9791070313
0.9719145088
0.9324979916
0.9281683578
0.9801583588
0.9862167308
0.9607816416
0.9325908577
0.9188876152
0.9173512082
0.9042810989
0.8981037078
0.9178636478
0.9309720381
0.9386091073
0.9590602475
0.9513590472
0.9526446817
0.9651534219
0.9522722915
0.9206017522
0.9261736399
0.9581707520
0.9927842740
1.0030456637
0.9993714720
0.9891989249
0.9718649839
0.9559807462
0.9621621220
0.9799210000
0.9805620826
0.9743634373
0.9830645969
0.9923371167
0.9953541421
0.9941398095
0.9811639550
0.9647934347
0.9897224122
0.9856282515
0.9562110601
0.9641154780
0.9639733181
0.9582184324
0.9785770939
0.9954263391
0.9693715154
0.9485416995
0.9593573312
0.9824002497
0.9918981697
0.9825321563
0.9653105853
0.9511009899
0.9428670195
0.9350537544
0.9603023492
0.9922020453
0.9904282248
0.9726077417
0.9796018614
0.9793681964
0.9826908427
0.9992490217
0.9938898757
0.9968426836
1.0013107457
1.0009382498
0.9843236699
0.9552688278
0.9441969349
0.9557089744
0.9723470079
0.9882124816
0.9919991560
0.9775412724
0.9340145983
0.9492913549
0.9721415695
0.9742461776
0.9768740993
0.9759793357
0.9525142336
0.9252269179
0.9087442483
0.8990204002
0.8955834648
0.8925484331
0.8895643670
0.8946237861
0.9185872450
0.9470039468
0.9591470732
0.9665868490
0.9841512480
0.9999803838
1.0018818379
0.9978823718
0.9992250863
1.0183162684
1.0142763354
1.0017650205
1.0189395075
1.0147645462
0.9886428920
0.9698915721
0.9748531785
0.9684901236
0.9582511446
0.9738230445
0.9895729794
0.9830219715
0.9693030736
0.9577717452
0.9573681769
0.9701952931
0.9669572713
0.9687294474
0.9756971784
0.9815220293
0.9706531136
0.9530540697
0.9612154205
0.9791970559
0.9650401582
0.9701819107
0.9790504406
0.9876147200
0.9945328398
0.9846873100
0.9765049386
0.9786268168
0.9688018435
0.9606121588
0.9717395149
0.9660151163
0.9573336466
0.9483284126
0.9422498947
0.9507410644
0.9747602337
0.9960249857
0.9796533593
0.9653258539
0.9606180373
0.9676327393
0.9553873666
0.9218384173
0.8973353860
0.8582029493
0.7849911673
0.7408353259
0.7684639169
0.8243744308
0.8708487506
0.9068512348
0.9249491327
0.9347232086
0.9611619409
0.9897699284
0.9827897094
0.9828466540
0.9554590970
0.9500690740
0.9735134723
0.9588083188
0.9505562883
0.9652139376
0.9698396945
0.9624000874
0.9569766806
0.9617933737
0.9657985105
0.9597481601
0.9576642984
0.9689225433
0.9831131214
0.9748075768
0.9556328661
0.9727588013
0.9823113981
0.9556492929
0.9618874942
0.9805124079
0.9984859926
1.0180319529
0.9796417763
0.9625782322
0.9732300006
0.9774737201
0.9535591688
0.9370338061
0.9490365184
0.9645327942
0.9724533354
0.9792202197
0.9793007870
0.9640748747
0.9685151198
0.9905489821
0.9744327001
0.9671177430
0.9605612692
0.9528878206
0.9367665257
0.9478122796
0.9525346208
0.9742392529
0.9715538536
0.9621843604
0.9754120158
0.9840393495
0.9790769696
0.9826390121
0.9912791774
0.9889618056
0.9784762761
0.9800760054
0.9967316679
1.0128056336
0.9884911732
0.9569055750
0.9623570937
0.9835019241
0.9757438479
0.9624629948
0.9646664585
0.9604919871
0.9617679214
0.9736134098
0.9728110604
0.9872878147
0.9905217387
0.9650888320
0.9477801440
0.9507421326
0.9789222697
0.9712570117
0.9708534746
0.9548074569
0.9443620972
0.9507781859
0.9623570297
0.9352923757
0.9472915322
0.9846349782
0.9879790903
0.9832145777
0.9860616776
0.9873426603
0.9884282333
0.9780949526
0.9683900484
0.9783184118
0.9880497250
0.9829472732
0.9817471520
0.9856172615
0.9985709654
1.0072114270
1.0027199950
0.9778990985
0.9869514110
1.0069603965
0.9857108482
0.9584526880
0.9741132491
0.9910407993
0.9997769345
0.9787388853
0.9622309669
0.9755055863
0.9961741790
1.0015487035
1.0036664150
1.0093473495
1.0033840980
0.9914264611
0.9656189983
0.9593681452
0.9870731953
0.9654340994
0.9616807952
0.9792446801
0.9688292489
0.9777789010
0.9780243336
0.9744380528
0.9776892701
0.9818044396
0.9789669416
0.9712812506
0.9731240239
0.9805348683
0.9904001386
0.9982641104
0.9841426060
0.9725642470
0.9881599702
1.0069864418
1.0045663098
0.9966590574
0.9948008232
0.9912834947
0.9988679172
0.9898009509
0.9915130372
0.9931070608
0.9921186906
0.9880097982
0.9721081525
0.9676439440
0.9639272915
0.9406106502
0.9254067548
0.9449108427
0.9729376185
0.9812898652
0.9830973417
0.9835222943
0.9801528833
0.9846849463
0.9755386806
0.9351256125
0.9456766223
0.9416263770
0.9691565891
0.9908624263
1.0093586052
0.9912169215
0.9668191917
0.9616440375
0.9710794850
0.9811701571
0.9920231923
1.0064745525
1.0037746652
0.9831017324
0.9775460544
0.9487044687
0.9546172971
0.9831293500
1.0006490933
0.9998747751
1.0050969923
1.0006535828
1.0019669353
1.0001603159
0.9789873795
0.9860669394
0.9970500516
0.9854478617
0.9912986229
0.9920177715
0.9711676298
0.9718637647
0.9949687064
1.0055980821
0.9925194521
0.9839012245
0.9916104609
1.0001163854
0.9943215990
0.9917249283
0.9645384198
0.9848057163
0.9790689141
0.9789898839
0.9865514762
0.9936524674
1.0109401687
0.9892970531
0.9811327306
0.9962896353
0.9958172179
0.9901446602
0.9881439285
0.9861422164
1.0012422834
1.0091289220
1.0050808338
0.9854142941
0.9894172673
0.9701071968
0.9770891467
0.9704495911
0.9682841237
0.9717343594
0.9847847885
1.0026244203
1.0084617854
0.9945751119
0.9850586061
0.9968049622
1.0108085467
1.0072197844
0.9947713029
0.9862137877
0.9765585044
0.9660528297
0.9747787965
0.9884312345
0.9784750643
1.0053496833
0.9988045292
0.9880026773
0.9807277819
0.9866204283
1.0116178689
1.0340284667
1.0056139143
0.9856550647
0.9946345035
1.0111869905
1.0097072864
0.9961020355
0.9950929188
0.9946825971
0.9801808955
0.9761471929
0.9749632523
0.9776690589
0.9980553324
1.0111256482
0.9879443066
1.0093850330
1.0057390102
1.0026489321
0.9906312018
0.9955311501
1.0141594893
1.0000459705
0.9670184642
0.9736262666
1.0009610777
1.0122501689
1.0106423908
0.9919173343
0.9721788571
0.9805105445
0.9782873286
0.9758493223
0.9283224836
0.9248757358
0.9616159008
0.9627007416
0.9480918891
0.9333011303
0.9611521707
1.0111423732
1.0350077124
1.0217954709
0.9837859662
0.9750322660
1.0041488214
1.0262012516
1.0213347418
1.0107769785
1.0032048186
0.9906715492
0.9992337790
0.9908304132
0.9983656430
0.9987156084
0.9674145727
0.9615667111
0.9881557285
1.0001506623
1.0009221610
0.9974328081
0.9975756299
0.9892193248
0.9842635725
0.9833488969
0.9835853178
0.9591147018
0.9145881890
0.8778458585
0.8561832018
0.8567997869
0.8036679860
0.7386629829
0.6983328662
0.7184290324
0.7926949577
0.8862470268
0.9906981531
1.0278967148
1.0171848703
1.0096767500
1.0049825468
1.0178328667
1.0201979357
1.0263612266
1.0252419787
1.0006490301
0.9814646573
0.9923818991
1.0122369193
0.9998573664
0.9572128670
0.9658726810
1.0001206429
1.0147997303
1.0125272336
1.0258252079
1.0241938183
0.9935028256
0.9772268710
0.9979577242
1.0033615332
0.9991476872
0.9862163808
0.9859518712
1.0110934879
1.0151268420
0.9945475428
0.9981165131
1.0110240492
1.0019473305
0.9985694741
0.9957381702
0.9971183014
0.9737079201
0.9710630419
1.0159193649
1.0365385621
1.0012029881
1.0072531990
1.0137248952
0.9937963523
1.0054429663
1.0034704400
1.0064434915
1.0141199718
1.0114586205
1.0032636246
1.0057576312
1.0166694473
1.0116411680
1.0025896129
1.0000519018
1.0024580217
1.0042086047
1.0351670022
1.0322823998
1.0104693377
1.0214291831
1.0017005526
0.9833581307
0.9649693734
0.9604866458
0.9655227821
0.9777644067
0.9881060969
0.9901695891
1.0054522325
1.0251809782
1.0211941814
1.0119318537
1.0037202374
0.9902847449
0.9867000703
1.0095314293
0.9853770863
1.0033234389
1.0026544579
0.9945403858
0.9779620981
0.9723146134
0.9854098468
0.9724664789
0.9937981527
1.0083664120
1.0044163101
1.0008678609
0.9811582768
0.9627987562
0.9824850425
0.9937771574
0.9736919976
0.9948016484
0.9888999588
1.0065462582
0.9906340936
1.0067274403
1.0093735827
1.0362741751
1.0183059305
1.0364038539
1.0485466080
1.0193096722
0.9899215086
0.9934176728
0.9962677189
0.9966157151
1.0159762243
1.0330913685
1.0225490051
1.0065675999
1.0095932604
1.0159315344
1.0055611775
0.9935971341
1.0141242347
1.0086323336
1.0473011826
1.0361532843
1.0139627999
1.0121843830
1.0007933796
0.9908920595
0.9850216612
0.9981047574
0.9993576993
1.0035529581
1.0169954573
1.0265957543
1.0305944690
1.0203886823
1.0027706310
1.0028996576
1.0027253720
0.9947197838
0.9855386721
0.9769478695
1.0066070499
1.0207899573
1.0404415818
1.0659074877
1.0644685487
1.0477990723
1.0122562409
0.9785256021
0.9713474466
0.9798550805
0.9916056158
1.0193293524
1.0445054713
1.0352050225
1.0125798817
1.0066823199
1.0253897167
1.0127801358
0.9931005734
0.9974999263
1.0071797328
1.0161274345
1.0203064637
1.0265344081
1.0301650141
1.0290869397
1.0236208584
1.0242867018
1.0355990927
1.0468203852
1.0537368912
1.0597257191
1.0512467300
1.0315374358
1.0367840317
1.0565051005
1.0464818294
1.0302794772
1.0275728282
0.9994820335
0.9825805140
1.0087892384
1.0688677390
1.0718976811
1.0525855524
1.0431147861
1.0406717183
1.0592998108
1.0423654052
