#flux
0.9949284775
0.9883396268
0.9832481477
0.9705911709
0.9658754110
0.9626031823
0.9820195471
0.9974249992
1.0029811074
1.0029521597
1.0068904057
1.0106618741
1.0086915318
1.0086349590
1.0022845811
0.9929991320
0.9927706265
0.9968176244
0.9994348966
1.0055465654
1.0097879456
0.9965802420
0.9715762132
0.9627667290
0.9722802248
0.9873352366
0.9571920119
0.9428877512
0.9501229488
0.9633574351
0.9805317945
0.9896423141
0.9846551777
0.9941489400
1.0047153840
1.0067097784
1.0148459150
1.0169871375
1.0020888306
0.9893593409
0.9904957583
0.9949247615
1.0015279504
1.0146243065
1.0046243284
1.0014613345
1.0132207479
1.0072525667
1.0015257156
0.9988653443
0.9910977867
0.9916225339
0.9842537181
0.9928210571
0.9951091686
0.9979021646
0.9926319547
0.9836815378
0.9865893522
1.0043857845
1.0380113169
1.0753587767
1.0857664076
1.0725930769
1.0504321691
1.0020556272
0.9580215845
0.9509155985
0.9407770758
0.8992743202
0.8599338508
0.8446924134
0.8721979247
0.9175444325
0.9590814977
0.9825680547
0.9871245692
0.9789212272
0.9756314663
0.9865691468
0.9866434614
0.9677417282
0.9727157568
1.0014695812
1.0102547930
0.9888453495
0.9614941816
0.9452282537
0.9346343190
0.9181527605
0.8952773202
0.8777722012
0.8910325755
0.9246598988
0.9443780410
0.9516277854
0.9456832207
0.9326066255
0.9191797990
0.8981353539
0.8698249946
0.8497939141
0.8463774817
0.8644336405
0.9062947933
0.9573760553
0.9841384223
1.0058274182
1.0168084281
1.0042269291
0.9933306513
0.9770653891
0.9644754132
0.9513045118
0.9591023162
0.9797269639
0.9944251689
1.0006990796
0.9982430648
0.9919699133
0.9994518164
1.0101688055
1.0005127517
0.9919865219
0.9747132619
0.9664057843
0.9878388901
1.0121670830
1.0090226855
0.9840124249
0.9757325550
0.9947008774
1.0007003142
1.0001407221
0.9571650426
0.9294668920
0.9384489768
0.9567027677
0.9656468988
0.9684680437
0.9697330916
0.9715936230
0.9878979957
1.0168834994
1.0114354121
0.9843410515
0.9766836808
0.9895407871
0.9790781159
0.9598173873
0.9626505039
0.9680958607
0.9753941787
0.9768238052
0.9695919643
0.9543020635
0.9458885641
0.9287348721
0.9073848955
0.8915753884
0.8797714014
0.8904144110
0.9252551189
0.9463747344
0.9556996788
0.9503438469
0.9604297557
0.9574223296
0.9496938886
0.9271630997
0.9160271533
0.9298714326
0.9356140918
0.9375003944
0.9243807455
0.8976746708
0.8922114514
0.9067978294
0.9198854660
0.9248083579
0.9205758415
0.9107830453
0.9141498219
0.9339095580
0.9391342719
0.9276874948
0.9240990120
0.9208987386
0.9167021322
0.9056571946
0.8945414589
0.8842031087
0.8736367209
0.8719777691
0.8824755127
0.8886746166
0.8827363767
0.8613944147
0.8374837181
0.8032399988
0.7586806487
0.7142302289
0.6591294113
0.5929507968
0.5304033667
0.4656392020
0.3892691593
0.3226952268
0.2937839159
0.2721705970
0.2517731776
0.2308628604
0.2100463375
0.1961570403
0.1936996207
0.1998172564
0.2086063006
0.2155973857
0.2314560474
0.2683128556
0.3200395109
0.3733966068
0.4276379911
0.4910079595
0.5662173910
0.6442381954
0.7135961713
0.7698669067
0.8096264095
0.8379150743
0.8652927988
0.8792181267
0.8898632278
0.8959378003
0.8930456400
0.9033772846
0.9267517078
0.9367390661
0.9433115820
0.9474367482
0.9443900222
0.9367757411
0.9189230368
0.9013673199
0.9050054274
0.9094912054
0.9212330053
0.9376520417
0.9491159532
0.9675829138
0.9527465169
0.9311516707
0.9227082259
0.9391840408
0.9522182434
0.9517660016
0.9353422373
0.9163201665
0.9141194826
0.9302584689
0.9489684429
0.9579674701
0.9528483202
0.9441907185
0.9482945180
0.9554109032
0.9791095011
0.9760004663
0.9657703996
0.9792260971
0.9876504479
0.9694278092
0.9588440573
0.9613932057
0.9787994897
0.9887051748
0.9898159017
0.9739487191
0.9593791503
0.9575486292
0.9655456887
0.9779976459
0.9837089175
0.9754294815
0.9676411337
0.9808527657
1.0037041953
0.9980691493
1.0045062780
1.0062184384
0.9792856621
0.9549509666
0.9632196378
0.9904246361
0.9970650630
0.9793282656
0.9792050100
0.9835241035
0.9885768588
0.9942748079
0.9983354950
0.9992159133
1.0045419262
1.0140947007
1.0085669190
0.9937728407
0.9827972882
0.9739952461
0.9880447474
1.0033948724
0.9870906817
0.9974826711
1.0241739925
1.0196817093
0.9988398718
0.9866844817
0.9728207593
0.9352806185
0.8783815964
0.8302880184
0.8095113439
0.8134787670
0.8446318766
0.8953815854
0.9323513576
0.9484082870
0.9607249870
0.9796543223
0.9846841143
0.9731404443
0.9754404524
0.9971422673
1.0040286146
0.9919356168
0.9715218098
0.9698379283
0.9743860965
0.9755955666
0.9809695286
0.9812140962
0.9700640183
0.9627563591
0.9693116460
0.9754195196
0.9674426557
0.9541223340
0.9502350753
0.9660930525
0.9895518739
0.9972442224
0.9921000438
0.9887609983
0.9990241357
1.0023406191
1.0094651906
1.0275238119
1.0205641375
1.0150435014
1.0025540559
0.9812236708
0.9844498402
0.9938483866
0.9991137048
1.0119345134
1.0089678976
0.9960807279
0.9922396424
0.9975758982
1.0034729102
1.0002181116
0.9914966343
0.9918741707
0.9998916958
1.0078108532
1.0193714417
0.9914723905
0.9475341166
0.9004497316
0.8459002939
0.8023418178
0.7961540135
0.8286081865
0.8841255052
0.9353938334
0.9656440357
0.9826594636
0.9858240734
0.9998000134
0.9960214984
0.9814544780
0.9726832133
0.9834818211
0.9989313517
0.9963294596
0.9934639144
1.0025594481
1.0043541676
1.0043123695
1.0080660701
1.0060509192
0.9735533307
0.9216811252
0.8790511882
0.8484374165
0.8306108054
0.8478771287
0.9068934455
0.9754536731
1.0123667681
0.9991695458
0.9934369540
1.0101839123
0.9958303879
0.9973532364
0.9531199064
0.8759646036
0.8081336189
0.7884280120
0.8146933839
0.8608695135
0.9144669472
0.9583147177
0.9799852804
0.9932022473
1.0036572671
1.0033704174
1.0051683953
1.0054121595
1.0125745573
1.0099196720
0.9991970673
0.9980744829
1.0089690820
1.0124217716
1.0079095057
1.0165824474
1.0143782246
1.0083239344
1.0060042516
0.9930943520
0.9898383618
0.9975636853
1.0049586414
1.0116755814
1.0156673672
1.0162695125
1.0168392669
1.0141399613
1.0063904174
1.0046389290
1.0057949546
1.0255169227
1.0371417711
1.0242543658
1.0420337807
1.0639741051
1.0577712282
1.0390390819
1.0408069231
1.0502428899
1.0371914067
1.0165898507
1.0162103684
1.0216715449
1.0068724045
0.9936667832
1.0060088455
1.0016209595
0.9833530966
1.0051187853
1.0118131772
1.0090866124
1.0169528714
1.0228518174
1.0131078257
0.9885199759
0.9699589103
0.9760688747
1.0009995181
1.0143096916
1.0120231514
0.9982286684
0.9861026514
0.9938888181
1.0053044510
1.0029148287
1.0106478142
1.0202165020
1.0067749896
0.9982188717
1.0208816398
1.0288599061
1.0144938691
1.0150752747
1.0216817107
1.0134930454
0.9967144939
0.9856351426
0.9831242152
0.9956913930
1.0004941433
0.9938367515
0.9830724215
0.9700655014
0.9704941754
0.9887439325
1.0026041973
1.0134801813
1.0227257912
1.0235422730
1.0095556775
0.9852723186
0.9900164885
0.9973831959
0.9956976741
0.9898104953
0.9700324692
0.9424258235
0.9161711204
0.8949035812
0.8932370511
0.9129511095
0.9514732942
0.9813487490
0.9872874716
0.9885614133
0.9871650164
0.9790220337
0.9873414466
1.0089146328
1.0155687506
1.0088291769
0.9940028798
0.9846290512
0.9882001379
0.9859875899
0.9833265331
0.9718214680
0.9828980729
0.9943935558
1.0013884380
1.0050809858
0.9975022463
0.9975549899
1.0056582543
1.0077495877
1.0167476719
1.0234085049
1.0151580195
1.0032043759
1.0020248600
1.0114702262
1.0053313376
1.0046543666
0.9909224012
1.0022048503
1.0280990416
1.0339062346
1.0192710271
0.9935534137
0.9956981941
0.9965419188
0.9750365175
0.9593249465
0.9680218261
0.9876685793
1.0007624851
1.0048852521
1.0118134042
1.0153177351
0.9992362146
0.9884849380
0.9851171535
0.9909569225
0.9867173301
0.9912263324
0.9907332123
0.9962916334
1.0091192316
1.0221840081
1.0221042746
1.0101782049
1.0009339876
0.9907428781
0.9889604285
0.9980462242
0.9986038072
1.0001717509
1.0141242563
1.0284998023
1.0212983825
1.0155433291
1.0126644841
0.9981494312
0.9999625451
1.0076891379
1.0101970960
1.0101239755
1.0006692450
0.9947377965
1.0037497013
0.9910828741
0.9497654173
0.9011033059
0.8614221314
0.8396395982
0.8563490745
0.9109775106
0.9464892654
0.9555549788
0.9693143225
0.9822999731
0.9847470257
0.9956735137
1.0121101624
1.0036920607
0.9923677600
1.0015677438
0.9974897072
1.0068768572
0.9989163471
0.9918141840
0.9984365530
0.9962671156
0.9844270769
0.9825886439
0.9916075171
0.9964331212
0.9922658976
0.9956166752
0.9999289452
0.9961818440
0.9990105979
1.0050875683
1.0044251415
1.0119880206
1.0025032236
0.9923487451
0.9993780645
1.0206512777
1.0241726484
1.0013950937
0.9900136989
0.9977265605
1.0081207366
1.0081637915
1.0001617397
0.9998360672
1.0034605114
0.9973368822
0.9902217029
0.9872294206
0.9805511063
0.9925466643
0.9942110075
0.9693769372
0.9937147947
1.0133051002
1.0154685443
1.0045143726
0.9930791083
1.0050210794
1.0127102503
1.0112524475
1.0086624825
0.9975568531
0.9871433056
0.9953664241
1.0077814757
1.0050876936
0.9980292100
0.9967435824
1.0052089966
0.9975071561
1.0087001339
1.0314822371
1.0167284941
1.0067401799
0.9938647699
0.9949993203
0.9951504681
0.9878966065
0.9901429728
1.0057713957
1.0125805684
0.9970845763
0.9773285208
0.9725094180
0.9755773015
0.9790335606
0.9856248516
0.9782742510
0.9703999389
0.9724038619
0.9925851640
0.9964643427
0.9848675016
0.9949008140
0.9924324660
1.0086261272
1.0196373942
1.0071389688
0.9938638089
0.9883863607
0.9858987635
0.9849827110
0.9766050117
0.9521434734
0.9231988213
0.9042355197
0.8945115328
0.8862898953
0.8485595065
0.7965172876
0.7311784165
0.6686206790
0.6822137554
0.7468765363
0.8177403156
0.8767980766
0.9389423689
0.9784123714
0.9878296864
0.9905188271
0.9974074776
1.0004812208
0.9893556387
0.9577691774
0.9067274142
0.8414574765
0.7677106868
0.7139950188
0.7234366236
0.7913267947
0.8693816639
0.9446272973
0.9856908194
0.9953143678
0.9855864067
0.9893227766
0.9953843835
0.9836760117
0.9751490243
0.9816916496
0.9950327766
0.9930613712
0.9758332784
0.9673928259
0.9692188913
0.9679024991
0.9750492926
0.9962905402
1.0187596196
1.0271451894
1.0183264707
0.9938560278
0.9780620274
0.9730274693
0.9857214194
1.0165646726
1.0079435226
1.0002419066
0.9874445035
0.9792402465
0.9807115305
0.9855917614
0.9845276627
0.9810352746
0.9870101323
0.9916671830
0.9826655251
0.9709065295
0.9685334429
0.9917602604
1.0238932368
1.0190857119
1.0097707708
1.0102156850
1.0259631576
1.0167638996
1.0100801207
0.9985648931
0.9901444187
0.9946381890
1.0003944905
0.9983772014
0.9976973274
0.9996537054
0.9915756294
0.9715061277
0.9465947519
0.9195565229
0.8917263864
0.8943935164
0.9280253488
0.9350183613
0.9510708071
0.9953455769
0.9928798193
0.9885279199
0.9871521869
0.9893807742
1.0010324265
1.0127793384
1.0000758509
0.9805950239
0.9760895983
0.9717784350
0.9534494758
0.9326418298
0.9277681183
0.9374323689
0.9327677048
0.9487853382
0.9749394462
0.9618607785
0.9355675085
0.9035570688
0.8695394026
0.8767587666
0.9140591344
0.9560412132
0.9799178708
0.9792160225
0.9806812777
0.9911770733
1.0024076529
1.0211528779
1.0399809463
1.0336670201
1.0116176066
0.9996048797
0.9987727682
1.0110432990
1.0169720026
1.0174137372
1.0132926088
1.0240738432
1.0124856757
0.9951126706
0.9924844791
0.9933828189
0.9922720727
0.9935711583
0.9988629518
1.0062003798
1.0064116799
0.9947851871
0.9892670555
0.9951100876
0.9928785987
1.0044372280
1.0380657747
1.0470680061
1.0079454738
0.9947620025
0.9972707489
0.9742488255
0.9860215251
0.9975736693
1.0020827971
0.9987873057
0.9979737742
0.9940571453
1.0014060460
1.0182740076
1.0274306723
1.0245428132
1.0091151895
0.9841332969
0.9699702648
0.9738596062
0.9786646696
0.9791482736
0.9865894580
1.0070223411
1.0023435524
0.9947866828
0.9998084060
1.0067642658
1.0153544533
1.0134590908
0.9923401362
0.9859764839
0.9840477044
0.9880651367
0.9941818732
0.9934850314
0.9825461520
0.9726477725
0.9861107823
1.0130272351
1.0318874353
1.0164689953
0.9994563271
0.9987968950
1.0114094433
1.0205045233
1.0293881149
1.0283189644
1.0183170672
1.0139663165
1.0104507629
1.0131947579
1.0218342222
1.0150861583
0.9879344622
0.9564704468
0.9195082644
0.8785077988
0.8615900031
0.8772098287
0.9082971345
0.9339676028
0.9754253162
0.9905771735
0.9992585889
1.0379827462
1.0362989179
1.0102755735
1.0037093479
0.9980757120
0.9950327871
0.9915359729
0.9965133509
0.9983224367
0.9925460640
0.9877364072
0.9894205810
0.9939892317
0.9951942572
0.9884746645
0.9658389254
0.9476849093
0.9723375774
1.0021143215
1.0005561512
0.9983536063
0.9840690969
0.9971612113
1.0096952128
1.0072789830
1.0048876568
0.9849463965
0.9768786447
0.9837747021
0.9850295100
0.9713722964
0.9619659097
0.9697084395
0.9709540735
0.9518820686
0.9473352138
0.9767931680
0.9738586932
0.9768313930
0.9878475898
0.9912710280
0.9939962820
1.0091755393
1.0148727645
1.0096260222
1.0068799286
0.9879594090
0.9501337030
0.9246966031
0.9226839742
0.9281800216
0.9314178804
0.9403707166
0.9637432019
0.9939113905
1.0108098964
1.0043805385
0.9934467901
1.0018299514
0.9911543987
0.9834102606
1.0045905939
0.9654899016
0.9548929620
0.9392314609
0.8878478630
0.8464587654
0.8153941112
0.7819880850
0.7823384274
0.8297834985
0.8898256112
0.9324398202
0.9586111993
0.9702298557
0.9499925644
0.9162110330
0.9265592307
0.9480657945
0.9506527501
0.9646465534
0.9846652603
0.9847141857
0.9789688158
0.9842204873
1.0035137467
1.0163624086
1.0147851467
1.0090176530
1.0194406182
1.0289614905
1.0173846183
1.0057677565
1.0091591724
1.0126946681
1.0115192294
0.9985482263
0.9900396155
1.0070349815
0.9991551481
0.9761879180
0.9706723247
1.0025732987
1.0090900859
0.9889512861
0.9864389052
0.9939511237
0.9904191114
1.0114179301
1.0295714267
1.0158947013
0.9922799996
0.9848829393
0.9994511408
1.0351489519
1.0549648471
1.0131016399
0.9929233007
0.9866243380
0.9630807230
0.9820832249
0.9863413817
0.9685148308
0.9768051008
0.9928964887
0.9919370000
0.9764152757
0.9669715954
0.9737831944
0.9966912173
1.0107720943
1.0065720848
1.0044338959
1.0054809418
0.9945094993
0.9826593628
0.9830598798
0.9954972574
0.9978630079
0.9838483886
0.9700057214
0.9630298593
0.9678222285
0.9729110079
0.9591789053
0.9315796464
0.9221041372
0.9291130042
0.9382852944
0.9488588352
0.9614073756
0.9696629704
0.9660779830
0.9621877549
0.9739246173
0.9894820126
0.9981946433
1.0149948568
1.0355779571
1.0149040291
0.9846175011
0.9997331099
1.0063146023
1.0002975765
1.0039542858
1.0130015639
0.9921850884
0.9834768514
0.9802829606
0.9874078972
0.9939985363
0.9977771673
0.9935136458
0.9822006531
0.9881691474
1.0066365242
1.0122131569
1.0229258464
1.0056587962
1.0013416725
1.0077396533
1.0076904992
1.0145494242
1.0003337483
0.9779514324
0.9818641747
0.9694194241
0.9682549535
0.9930426750
0.9970212064
0.9864452467
0.9865037149
0.9938223193
1.0065976557
1.0139451430
1.0020822881
0.9909686444
0.9826880894
0.9994245410
1.0151081535
1.0170898236
0.9893228817
0.9879256684
0.9996407175
1.0103320001
1.0127920100
0.9834658961
1.0023170183
1.0055505486
0.9840168263
0.9758952059
0.9683106091
0.9645021002
0.9769114657
0.9789786199
0.9677837636
0.9778650172
0.9998938647
1.0096553764
0.9947202249
0.9794637763
0.9740633266
0.9779078295
0.9897292960
0.9969262777
1.0081274863
1.0065913666
1.0058911588
1.0124074390
1.0121143836
1.0062885591
1.0036669181
1.0021265281
1.0013459858
1.0033643021
0.9981595945
0.9874447977
0.9992511345
1.0234737952
1.0187507545
1.0002946479
0.9972817939
0.9913555975
0.9857352571
0.9866546090
1.0043353939
1.0140007404
0.9993162244
0.9792483975
0.9764849444
0.9846297390
0.9864050496
0.9894864979
1.0060657651
1.0194095515
1.0081958564
0.9879440476
0.9841202915
0.9844414938
0.9865555575
0.9895652905
0.9961369858
1.0019894231
1.0035084991
1.0048287832
1.0109426701
1.0019184260
0.9929822605
1.0016257060
1.0045825882
0.9974229504
1.0007693557
1.0029191623
1.0036545936
1.0061959989
0.9997532979
0.9942571412
0.9951355399
0.9982379586
1.0081786596
1.0108399970
1.0108370188
1.0252563978
1.0328648514
1.0247883682
0.9917091969
0.9726476025
0.9693869056
0.9788980698
0.9955230784
0.9944484927
0.9853677703
0.9863779835
1.0036735094
1.0111834530
1.0032461270
1.0043411318
0.9995930842
1.0002366466
1.0162048419
1.0195613773
1.0025693518
0.9916040897
0.9993082822
1.0157577186
1.0216013023
0.9999059567
0.9984279599
0.9935788338
0.9746625123
0.9695440125
0.9862494555
1.0004744417
0.9983187270
0.9848876995
0.9764114814
0.9815667011
0.9897119220
0.9978514156
0.9941826114
0.9900624553
0.9906062425
0.9963721413
1.0189221953
1.0145073830
1.0169479045
1.0114192587
1.0032014980
0.9831257588
0.9617936034
0.9427538945
0.9213054622
0.9051528937
0.9106211659
0.9265084588
0.9495703018
0.9867574040
1.0061896904
1.0016028862
1.0058189227
0.9996839913
0.9911002376
0.9954939269
0.9934971855
0.9947965682
0.9874630080
0.9929667447
0.9856327648
0.9628967847
0.9744399372
0.9913637992
0.9913371678
0.9793049377
0.9604095111
0.9423474662
0.9426754023
0.9657952996
0.9973076119
1.0249678755
1.0319191108
1.0284091051
1.0283503734
1.0065213536
0.9909185517
0.9991188555
1.0134700431
1.0109366185
0.9982844776
0.9912602449
0.9940895226
1.0007386593
0.9996707051
0.9897943849
0.9697566892
0.9491277057
0.9416583700
0.9479390829
0.9723701221
1.0142118370
1.0308649358
1.0125800991
1.0075106248
1.0150740087
1.0288256199
1.0197939303
0.9776474102
0.9653088438
0.9953952789
0.9964017564
0.9884792922
0.9885383780
0.9927974541
1.0014078526
1.0056287716
1.0098607234
1.0131465751
1.0040739898
0.9914860613
0.9933449609
1.0086392734
1.0045436276
0.9953200278
1.0004636369
1.0085794405
1.0201300819
1.0012326746
0.9744626404
0.9922111988
0.9981413488
0.9881063514
1.0080196744
1.0093076734
1.0028443885
0.9933034836
0.9888842999
0.9799607407
0.9574102662
0.9451659041
0.9439979573
0.9513378246
0.9734957302
1.0016416900
0.9991410953
0.9936770388
0.9780989944
0.9909905575
0.9935916597
0.9866767182
0.9844370777
0.9762456371
0.9732375933
0.9720154363
0.9696302279
0.9783392763
0.9874011814
0.9808745243
0.9683263103
0.9662491157
0.9659997652
0.9591343525
0.9859075380
1.0167617363
1.0368401172
1.0310289673
1.0246606734
0.9940391650
0.9809398147
0.9694286287
0.9702399118
0.9754672110
0.9907241967
1.0007503936
0.9934445473
0.9798218238
0.9679685311
0.9526534888
0.9386621396
0.9330264660
0.9342509271
0.9507764978
0.9773618724
1.0008349757
1.0127347068
1.0293480220
1.0277578253
0.9984139303
0.9818545908
0.9953835466
0.9979220405
0.9914325688
0.9610347772
0.9201279601
0.9136545980
0.9219221261
0.9194673715
0.9014191675
0.8724100554
0.8435273939
0.8250409229
0.8250628463
0.8445735774
0.8775926449
0.8711629665
0.8589042575
0.8857290584
0.8860103424
0.9074391244
0.9261495094
0.9510705248
0.9784842173
0.9865351187
0.9918585577
0.9961788909
1.0071693423
1.0044534170
0.9927685639
0.9860469476
0.9793932035
0.9714342145
0.9571991948
0.9400550838
0.9309866901
0.9386726617
0.9504521592
0.9696520205
0.9695384352
0.9757091573
0.9731588351
0.9768706214
0.9914205952
1.0035762919
0.9989237193
0.9785398773
0.9617091215
0.9576105670
0.9756911412
0.9999114773
1.0045386108
1.0001899946
0.9980065302
0.9847708686
0.9767446808
0.9831139393
0.9620799474
0.9616618882
1.0007789277
1.0082965542
1.0095665334
1.0110476144
0.9990561265
1.0028921651
0.9970311165
1.0070640616
1.0066251865
0.9899925954
0.9795363970
0.9902734982
1.0046421136
1.0045943336
1.0007439754
0.9949115974
1.0009459622
1.0033886571
0.9838893352
0.9642343705
0.9504238084
0.9813002661
1.0075484827
0.9999953222
0.9921158995
0.9933420733
0.9930630656
0.9947318877
0.9927644861
1.0032703854
1.0106178797
1.0013168737
1.0034005243
1.0125636339
0.9960546776
0.9831459889
0.9933534513
1.0052225039
1.0096260538
0.9899027894
0.9818262067
0.9889033357
1.0116737037
0.9905988627
0.9830350413
0.9783011994
0.9799170338
0.9777052078
0.9723780827
0.9734514430
0.9712266700
0.9532173398
0.9307133934
0.9233572953
0.9307610408
0.9419520136
0.9520734477
0.9484954430
0.9576314175
0.9655702228
0.9895188752
1.0073002092
0.9890871578
0.9735414138
0.9751454540
0.9774568313
0.9970290084
0.9997190393
0.9855938256
0.9766191349
0.9786199313
0.9799448481
0.9795395466
0.9942841315
1.0204440674
1.0223930525
0.9933663090
0.9660658440
0.9499771045
0.9658734098
0.9793487554
0.9850562379
1.0079887126
1.0181346347
0.9914648753
0.9747648226
0.9865633401
0.9953102623
0.9903259757
0.9824046035
0.9867784108
0.9941932785
0.9992893479
1.0017593525
0.9910198950
0.9763171106
0.9792148289
0.9949536630
1.0037726072
0.9959073873
0.9949834272
1.0187964127
1.0282507625
1.0058611131
1.0139283412
1.0145663803
1.0023249991
0.9860122169
0.9948340878
1.0061561078
1.0060933663
1.0037913854
1.0084090550
1.0023384061
0.9555715757
0.8751681228
0.7959927793
0.7312348846
0.6806185801
0.6787761970
0.7490904813
0.8602937061
0.9380254653
0.9614959646
0.9721866753
0.9781442209
0.9802137138
0.9626402922
0.9792813947
0.9913982219
0.9827818490
0.9825586517
0.9882424623
0.9883149522
0.9900697583
0.9956655072
1.0039105487
0.9976332687
0.9709074008
0.9745452794
0.9926014922
0.9764973811
0.9625901701
0.9587254028
0.9370524137
0.9301101817
0.9462373111
0.9731364736
0.9725016038
0.9839255532
0.9983437695
1.0025245116
0.9984835728
0.9941449788
0.9993655200
1.0076225697
1.0096883590
1.0107213676
1.0045865901
0.9759856242
0.9684013736
0.9954995847
1.0102379803
0.9837015379
0.9770109090
1.0106440280
1.0102188712
0.9771585104
0.9657312551
0.9624173195
0.9455068576
0.9333618259
0.9391286207
0.9537658428
0.9631654816
0.9684286370
0.9814293206
0.9893009245
0.9885102457
0.9971770213
1.0202000392
1.0195392520
1.0077162026
1.0139032680
1.0110495517
1.0001504378
1.0015417732
0.9929469149
0.9775390445
0.9677930676
0.9658548767
0.9626101405
0.9585311599
0.9571908901
0.9594524749
0.9737547698
0.9995215354
1.0122329242
1.0072412871
1.0043308610
0.9866080631
0.9767639767
0.9950611577
0.9711944475
0.9743492908
0.9914653560
0.9969366001
0.9844415512
0.9865320342
0.9982014903
0.9938401309
0.9983662234
1.0166965596
1.0251235233
1.0153768376
0.9889816317
0.9649215927
0.9688499022
0.9683018303
0.9705554035
0.9795761179
0.9855041492
0.9983561929
1.0185909583
1.0179152213
1.0212806895
1.0194895990
1.0023166083
0.9937105859
1.0023058823
1.0007752277
1.0005474065
1.0064238657
1.0039249353
0.9985984247
0.9980715056
1.0016000009
1.0103275112
0.9967669490
0.9831600160
0.9904578096
1.0089622714
0.9936442693
0.9571123997
0.9688865166
0.9800865348
0.9942016960
0.9910462320
0.9882934792
1.0032600220
0.9921981281
0.9828486751
0.9917889938
0.9994506269
0.9961631161
1.0043903355
1.0326918509
1.0343244363
0.9958641302
0.9669170042
0.9732742049
1.0019190976
0.9982588587
0.9699532364
0.9478109843
0.9685295133
0.9719839881
0.9782614439
0.9929414731
0.9983592690
0.9941377791
0.9883951133
0.9951845559
1.0034634596
0.9986928532
0.9916567705
0.9921233339
0.9886243120
0.9824217588
0.9961352038
0.9861136157
0.9808543155
0.9662709217
0.9647478060
0.9808222206
0.9930849279
0.9750976918
0.9467994545
0.9505799904
0.9690634416
0.9756657997
0.9786981432
0.9874180148
0.9975099506
0.9981080301
0.9949480996
0.9873423015
0.9705837916
0.9737702754
0.9752934485
0.9806289095
0.9913813947
0.9834356196
0.9830161263
1.0058950059
0.9890867264
0.9787976055
0.9859718874
0.9909006501
0.9931811421
0.9785256364
0.9705245014
0.9774395050
0.9810028453
0.9851189314
0.9923482533
0.9904625145
0.9829727162
0.9747748651
0.9809445943
1.0180012805
1.0306068469
1.0193899287
0.9908149021
1.0022871298
1.0078431582
1.0051386736
0.9957475528
0.9741109295
0.9674429526
0.9691934354
0.9632630081
0.9733800954
0.9924742830
0.9882884089
0.9711218996
0.9713405147
0.9824469278
0.9856472397
0.9835229717
0.9829343213
1.0003982103
0.9804500375
0.9674661112
0.9904580376
1.0018302860
0.9952415004
0.9944289975
1.0041326439
1.0115722426
1.0127677105
1.0127327399
1.0072027753
0.9935691515
0.9872828588
0.9930000067
0.9989934887
0.9956581721
0.9843361460
0.9861073714
0.9976985837
1.0102786063
1.0004545748
0.9983976565
1.0083448312
1.0006018259
0.9986183201
0.9717009113
0.9653376897
0.9824909760
1.0072571698
1.0026683364
0.9891577014
0.9879755242
0.9998506407
1.0108209477
1.0118049041
1.0101700618
1.0137046940
1.0215036764
1.0136053582
0.9928910955
0.9992302163
1.0249143510
1.0111212163
0.9840940305
0.9766002921
0.9849425692
0.9910693565
0.9847334527
0.9828067926
0.9945986083
0.9874362743
0.9616287019
0.9620774503
0.9841907163
0.9831852170
0.9671857791
0.9715518817
0.9829241468
0.9833405073
0.9773890176
0.9888481781
0.9774263437
0.9722477068
0.9706519437
0.9674624783
0.9596250262
0.9708237672
0.9639540953
0.9583389913
0.9529970859
0.9726454674
0.9889672992
0.9867684152
0.9787681138
0.9737263972
0.9709308867
0.9678568554
0.9732639543
0.9917139087
1.0154860884
1.0166797665
1.0005622001
0.9879912894
1.0065245396
0.9946249094
0.9905089243
0.9757394154
0.9926666229
1.0084021085
1.0075904717
1.0002549397
1.0048454800
1.0178000522
1.0217346303
1.0021566524
0.9777062350
0.9809179455
0.9935596004
0.9875670663
0.9713058586
0.9327179041
0.8964254113
0.8667058451
0.8114135263
0.7607926621
0.7315191496
0.7159468084
0.7223959883
0.7743239592
0.8751081350
0.9364780347
0.9827421260
1.0063098619
0.9948610289
0.9791655247
0.9773441960
0.9825731817
0.9906772289
1.0015825525
0.9966589955
0.9908252612
0.9844583263
0.9773735570
1.0170109172
1.0133270561
0.9999788577
0.9726298423
0.9778598855
0.9758551635
0.9771222188
0.9851754822
0.9785897743
0.9698531695
0.9746135742
0.9729719509
0.9638147024
0.9680552956
0.9751673820
0.9727425496
0.9640397182
0.9793281078
1.0023087334
1.0127720575
1.0018962589
0.9975921504
0.9965761984
0.9975674381
0.9948504454
0.9730422183
0.9662750373
0.9679879129
0.9686995123
0.9771136851
0.9856782780
0.9857883032
0.9833261589
0.9848358690
0.9884228310
0.9820766393
0.9693294739
0.9830837190
0.9959353130
0.9829101158
0.9876268504
0.9766340254
0.9834540723
0.9959358779
0.9853187052
0.9747989031
0.9737586053
0.9735699180
0.9597964110
0.9456075454
0.9512719285
0.9643626769
0.9733261814
0.9759442296
0.9598340596
0.9371343268
0.9382996971
0.9691739076
0.9821862391
0.9816689863
0.9866034928
0.9913920710
0.9840170074
0.9736823654
0.9692788475
0.9550193283
0.9489657095
0.9593819481
0.9695796475
0.9762817557
0.9716975066
0.9794954547
0.9984267863
1.0079844884
1.0162333960
1.0105257518
0.9916755318
0.9837665912
0.9782744975
0.9934860198
0.9855408424
0.9718112275
1.0072801991
1.0194694596
1.0169711947
0.9972079851
0.9826233193
0.9932704532
0.9978304884
0.9974001684
0.9972992096
0.9975731995
1.0032267898
1.0151259330
1.0165655955
0.9867946285
0.9511665335
0.9627210736
0.9814981331
0.9959204442
0.9836632719
0.9680019220
0.9925123792
0.9973562041
0.9955242098
1.0041165555
1.0072875574
1.0072130041
0.9993765341
1.0050386818
1.0125110274
1.0029657446
0.9990226542
1.0055252807
0.9970608228
0.9870741745
0.9925836964
0.9925922990
0.9941731156
0.9864267005
0.9863656289
0.9817200488
0.9806519143
0.9751206643
0.9772205111
1.0079630244
1.0244752943
0.9991568723
0.9892738748
1.0034955860
0.9954192070
0.9883998263
0.9967528282
1.0035786649
1.0036741805
0.9883126770
0.9709852482
0.9695436568
0.9889998830
0.9943343209
0.9793888935
0.9861373157
0.9911695472
0.9855860184
1.0076543817
1.0247972514
1.0161404573
1.0123595294
1.0050577350
0.9930643919
0.9821583508
0.9815242920
0.9741869407
0.9686261544
0.9819529978
0.9936632478
1.0002378561
0.9991426747
0.9968867638
0.9831450279
0.9979347147
1.0256051990
1.0120302560
1.0036716869
0.9958395337
0.9913091921
0.9893537614
0.9845365205
0.9753134605
0.9857332735
0.9936282956
0.9931518397
0.9926429016
0.9908352346
0.9910417962
0.9882835409
0.9727805011
