#flux
1.0400622270
1.0358266723
0.9954042053
0.9742111833
0.9843394607
0.9761821499
0.9675223689
0.9789990315
0.9901811589
0.9842239544
0.9805683463
0.9791675496
0.9880018600
1.0082619999
1.0043188625
0.9862096599
0.9984419346
1.0152501999
0.9997651074
1.0109641240
0.9869804975
0.9906471091
0.9677035388
0.9683936845
0.9903763276
1.0012977631
0.9929795055
0.9865083274
0.9849065839
0.9704917377
0.9867385182
1.0027763607
0.9991160746
1.0046021025
1.0083118449
0.9900716833
0.9674048314
0.9744076236
0.9866949269
0.9471248592
0.9742919159
0.9961566317
0.9950817674
0.9832437595
0.9802243861
0.9927793033
1.0042160246
0.9977541500
0.9765174195
0.9617883975
0.9622169812
0.9597758712
0.9734158099
0.9948257637
0.9830784926
0.9806413355
1.0181531633
1.0161826711
1.0239512161
1.0206407990
0.9863014497
1.0201148565
1.0215729811
0.9865077995
0.9921357521
1.0103004438
1.0199116872
0.9663672396
0.9628383753
0.9892716705
0.9917431358
0.9803197601
0.9799815613
0.9841262519
0.9787609093
0.9720860408
0.9557634286
0.9181345951
0.9131863633
0.9035290229
0.9143498991
0.9107174873
0.9237784981
0.9661711052
0.9749614923
0.9754656780
0.9689879979
0.9728801027
0.9465218993
0.9020655622
0.8817844147
0.8941862782
0.9052751823
0.8939906129
0.8943372170
0.9219653441
0.9448966236
0.9445036649
0.9203707340
0.9129336531
0.9011097341
0.9208244022
0.9547761407
0.9424452665
0.9220287618
0.9436610003
0.9479528452
0.9546246605
0.9538590828
0.9307744940
0.9016893321
0.8971324021
0.9228298178
0.9440315245
0.9316032213
0.9258483555
0.9442843841
0.9442790591
0.9347965799
0.9133981905
0.9146346478
0.9410421511
0.9582398510
0.9470537137
0.9357324786
0.9395153722
0.9473096793
0.9506396815
0.9572739462
0.9435568250
0.9163720616
0.9002027055
0.9069708158
0.9276411370
0.9384259934
0.9173050351
0.9014002813
0.9192235320
0.9322602056
0.9497158014
0.9443740791
0.9401707172
0.9529715246
0.9623414329
0.9623138711
0.9275848870
0.9101003609
0.9283030546
0.9058706884
0.9140300939
0.9294385883
0.9159477900
0.8905352279
0.8810261553
0.8830034870
0.8831783740
0.8688877512
0.8542666769
0.8512675853
0.8283648933
0.8168098720
0.8163653845
0.8183017832
0.8372288294
0.8716665901
0.8669761083
0.8513931112
0.8544007600
0.8474603381
0.8729913219
0.9141564724
0.9115240991
0.8831321782
0.8738418969
0.8646881751
0.8758714348
0.8989937975
0.8831154547
0.8636525442
0.8769676679
0.8676840129
0.8522877532
0.8349244798
0.8249008759
0.8430902213
0.8662269182
0.8687406580
0.8486361671
0.8596361795
0.8460443897
0.8325267291
0.8388708211
0.8349214179
0.8044295638
0.7728732833
0.7572946467
0.7440004593
0.7261138367
0.7147584490
0.6879251174
0.6215743324
0.5721247395
0.5292059195
0.4820380660
0.4422568356
0.4054375790
0.3511033760
0.3060030147
0.2789085537
0.2619664197
0.2102110179
0.1942545229
0.1841349924
0.1635195851
0.1549288615
0.1616742100
0.1637096566
0.1652324101
0.1962868990
0.2452238862
0.2748477720
0.3054343665
0.3359932318
0.3629521645
0.4268239036
0.4984351311
0.5427902912
0.6044173559
0.6415725074
0.6436327547
0.6209967154
0.6148308621
0.6545338038
0.6735115431
0.6741824936
0.7016066957
0.7404284611
0.7451961321
0.7391041987
0.7530251553
0.7749326180
0.7933896346
0.7677944479
0.7932891964
0.8174471829
0.8705511296
0.8604850213
0.8062762884
0.8223469635
0.8316778273
0.8441008817
0.8418373546
0.8430292943
0.8433677745
0.8349161532
0.8457031357
0.8554557556
0.8573698869
0.8778150954
0.8989074086
0.8936821314
0.8874289595
0.8827160475
0.8649527152
0.8736679074
0.8906028084
0.8986437721
0.8950150864
0.9033866446
0.9141932363
0.9064201420
0.9037860168
0.9302826974
0.9508327838
0.9354206764
0.9107771095
0.9118729017
0.9282836943
0.9361039582
0.9203946464
0.8880582039
0.8790965730
0.9053844789
0.9130132778
0.8918411672
0.9079387526
0.9031135717
0.9228990010
0.9630832010
0.9718735837
0.9392909032
0.9171808135
0.9356917028
0.9561420065
0.9547039726
0.9839818447
0.9832541734
0.9344106771
0.9040964882
0.9213639524
0.9502962148
0.9537478295
0.9428534211
0.9624894725
0.9988233994
1.0024543153
0.9986966143
0.9819104204
0.9352413002
0.9355515505
0.9494464222
0.9418369453
0.9329073572
0.9316664409
0.9381704908
0.9496223891
0.9422201655
0.8885405939
0.8215099903
0.7777988208
0.7553927940
0.7641388265
0.8104562015
0.8532396620
0.8815624836
0.9167572519
0.9448032212
0.9557569164
0.9710810273
0.9788363535
0.9472789638
0.9134626021
0.9110011398
0.9265932583
0.9652960503
0.9804218251
0.9715536337
0.9515627348
0.9456025038
0.9713134246
0.9907755565
0.9728534057
0.9573532907
0.9626935225
0.9557194095
0.9669754888
0.9739989526
0.9720263962
0.9861449577
0.9941016894
0.9503808313
0.9165763591
0.9501810083
0.9623640426
0.9697832800
0.9796185389
0.9737134841
0.9657087588
0.9808099271
0.9966986841
0.9957494131
0.9778577137
0.9527967109
0.9516949950
0.9667627608
0.9518242320
0.9351322413
0.9453235367
0.9783947611
1.0300851452
0.9801110804
0.9725970207
0.9846272190
0.9889449953
0.9974815884
1.0017891194
0.9832521529
0.9581142406
0.9442955425
0.9362260257
0.9354466905
0.9350543171
0.9435342499
0.9798457352
1.0088621771
1.0060119145
1.0133088523
1.0291802204
1.0140880749
0.9805282536
0.9699581467
0.9738764853
0.9747748407
0.9935897786
0.9701936870
0.9814225028
0.9897539934
0.9994516898
0.9900208019
0.9684098145
0.9575378197
0.9511348643
0.9547111961
0.9464295003
0.9085691756
0.9245320213
0.9734762996
0.9763888194
1.0183500690
1.0076718213
0.9832040566
0.9920679649
0.9854602285
0.9475409176
0.9048465369
0.8633156253
0.8604440073
0.8509845772
0.8774305916
0.9055255475
0.9372860390
0.9573508011
0.9572256269
0.9626543906
0.9792503077
0.9988947375
1.0009932471
0.9870262211
0.9886114323
0.9910781161
0.9959753980
1.0105796181
1.0072531891
0.9828440100
0.9547387677
0.9460613147
0.9650181808
0.9879583077
1.0139890809
1.0274229957
1.0021487488
0.9768180513
0.9702000691
0.9668600927
0.9735165424
0.9971402774
1.0205988380
1.0124524104
0.9843298177
0.9947799155
1.0048955735
1.0136670806
1.0210548835
1.0079149923
1.0020734760
1.0058855520
1.0418509278
1.0476428464
1.0113010353
1.0143068626
1.0078746882
0.9906819868
0.9868580940
0.9910902683
1.0109309490
1.0366564188
1.0236624440
0.9865580887
0.9940190881
1.0075193024
0.9818323845
0.9655832109
0.9632923840
1.0032894328
0.9618592283
0.9690833871
0.9642521856
0.9653093585
0.9811414629
0.9916716745
0.9874158640
0.9834170809
1.0097121879
0.9961312774
0.9540923072
0.9754370288
1.0136804006
1.0275497870
1.0488827600
1.0394954117
1.0197290153
1.0049418580
1.0078158347
1.0144928029
0.9984934249
0.9870064908
1.0069379851
1.0157554680
0.9902574114
1.0083327540
0.9992143079
0.9910109260
0.9800768832
0.9883342768
1.0077154115
0.9911004613
0.9649553395
0.9740181990
1.0066434918
1.0204028733
1.0052060996
0.9919171957
0.9744464030
1.0137028929
1.0146774192
0.9560596158
0.9654379761
0.9722738381
0.9722567488
0.9919236785
1.0018426760
0.9918329129
0.9887809853
0.9931513432
0.9873739036
0.9846568001
0.9990927434
1.0170225912
1.0237516769
1.0143360387
1.0282658879
1.0216030748
1.0067938364
0.9613000494
0.9583400393
0.9868288722
0.9766158672
0.9664101673
1.0068616189
1.0285392751
0.9969420507
0.9806486070
1.0099099211
1.0172712813
1.0105682091
1.0174365404
1.0083764437
0.9911885026
0.9920944487
0.9881205586
0.9948947506
1.0009042822
1.0092732334
1.0349703185
1.0077204767
0.9940239255
1.0028614289
0.9840446085
0.9669140494
0.9791565321
0.9732113656
0.9826651447
0.9652810097
0.9651530304
0.9853909259
0.9857590968
0.9922045303
1.0242971096
1.0271717131
0.9964909770
1.0047871787
1.0208707717
1.0276881220
1.0364278962
1.0429975879
1.0152472569
0.9969218335
0.9933764753
1.0051522196
1.0133510689
0.9971278083
0.9942784188
1.0100683228
1.0032186240
0.9896790399
1.0058681000
1.0258444659
1.0235080730
1.0204641620
1.0243322820
1.0271417939
1.0337606159
1.0403146841
1.0369715756
1.0071561237
1.0022491241
1.0211999469
1.0247752382
1.0008847680
0.9838014422
0.9951809017
0.9904185021
0.9797471730
0.9682553231
0.9695190421
0.9668091848
0.9464561242
0.9390736405
0.9705864907
1.0061113687
1.0070031413
0.9984564512
0.9756108860
0.9692347592
0.9917981643
0.9843617655
0.9532478550
0.9694875630
0.9767491924
1.0017148098
1.0144543746
0.9828401985
1.0113673429
1.0148672759
0.9670485940
0.9584265242
0.9668314567
0.9711283406
0.9825489152
0.9660168614
0.9450004887
0.9613298267
0.9850798967
1.0017071100
1.0314064669
1.0208532137
1.0088270733
0.9918664326
0.9787793237
1.0117945219
0.9820128769
0.9680759186
0.9913420998
1.0093501741
1.0256078026
1.0276260401
1.0125177236
1.0153689364
1.0382134377
1.0341712888
1.0027173296
0.9957876221
1.0061726204
0.9928603066
0.9658040224
0.9845075576
0.9844929583
1.0307883089
1.0058321649
0.9932801569
0.9902040736
1.0108926479
1.0361316650
1.0223094368
1.0078601595
1.0236379251
1.0415094585
1.0374774104
1.0058458083
0.9799364123
0.9880417753
1.0023307142
1.0031095981
0.9673036988
0.9700039734
0.9950095565
1.0079466651
0.9828814432
0.9792309069
0.9666601795
0.9791385572
0.9949178396
1.0087432018
1.0202772282
1.0179164180
1.0093560595
0.9961233788
0.9869586549
0.9808983423
0.9852385909
1.0076003645
1.0356022523
1.0513078160
1.0283294912
1.0010139350
0.9678184940
1.0143171202
1.0423769924
1.0196191754
1.0414192251
1.0193006481
0.9860761432
0.9937667030
1.0027032097
1.0290670544
1.0283932692
0.9892094527
0.9747425615
0.9656117728
0.9419653507
0.9274468027
0.9053535358
0.8675315290
0.8307058972
0.7717836218
0.7199478945
0.7400887277
0.8007296448
0.8589553006
0.9284179266
0.9656161884
0.9570155769
0.9595208502
0.9819418946
0.9986071177
1.0035391716
0.9947084111
0.9426929278
0.8660095707
0.8252919750
0.8022751181
0.7799418531
0.8091633024
0.8714053796
0.9255751144
0.9545564445
0.9699380203
0.9675117758
0.9758136896
0.9974110798
1.0216925712
1.0132322159
0.9865899937
0.9916886374
0.9832124750
0.9951832716
0.9982722372
0.9897682950
0.9776598457
0.9599339428
0.9654105244
0.9940230602
0.9897908448
0.9632833436
0.9832893236
1.0132434689
0.9991076149
1.0112331306
1.0091314569
0.9924442788
1.0013558959
1.0040284843
0.9854733211
0.9774225176
0.9937858203
1.0093616088
1.0158108834
1.0009433905
1.0062476968
1.0150393287
1.0237449919
1.0353452318
1.0372487970
1.0361150832
1.0265723647
1.0253305031
1.0248662260
1.0117008740
1.0206910847
1.0135994825
0.9989387396
0.9849548925
0.9701254297
0.9844369640
1.0057111202
1.0060126277
1.0055694788
0.9972353262
1.0022060499
0.9722345132
0.9403491495
0.9464033589
0.9541128312
0.9609892682
0.9697599535
0.9563048359
0.9779463041
0.9772211522
1.0210429270
1.0571113894
1.0415391056
1.0069410422
1.0316096471
1.0445261964
1.0155597301
0.9864622429
0.9569826983
0.9543859239
0.9800656549
0.9840811846
0.9833294797
0.9745844806
0.9714870104
0.9966531711
1.0047486486
0.9986090129
1.0155465770
1.0270482853
1.0334278565
1.0028865550
1.0126561199
1.0139029399
1.0352209649
0.9924986865
1.0022597754
1.0205300245
1.0135293687
1.0285915170
1.0364306628
1.0142019688
1.0024753199
1.0073210742
1.0096802003
1.0121369865
1.0259075657
1.0477333671
1.0441373738
1.0270737602
1.0828412542
1.0317320604
1.0120189629
1.0414050128
1.0193412449
1.0031284878
1.0172382272
1.0336215395
1.0275523437
1.0040432976
1.0066598371
1.0120086798
1.0218362919
1.0238675472
1.0013825195
0.9784711431
0.9688743049
0.9729491569
1.0015113709
1.0115196311
1.0114675675
1.0111378355
0.9999921409
0.9890470802
0.9834986566
1.0132054983
1.0128014462
0.9862933023
0.9790977291
0.9865662887
0.9794304180
0.9802505565
1.0074809812
1.0188528617
0.9941191002
0.9843871932
1.0073567144
1.0292522008
1.0476041688
1.0563214275
1.0421436015
1.0285784589
1.0119460266
0.9886086447
1.0048835656
1.0223508611
1.0318015988
1.0153381295
1.0068088834
0.9769365339
1.0013779794
1.0303832128
1.0274373162
1.0039743552
0.9846215040
0.9824966829
0.9972989612
1.0038678499
0.9990268127
1.0082829086
0.9915625951
0.9741172479
0.9962708901
1.0122955239
1.0208721856
0.9923353697
1.0084646448
1.0298202922
0.9726840029
0.9174482827
0.9030021829
0.9112351259
0.9311305051
0.9285339523
0.9427120458
0.9758190470
0.9985742538
0.9970965506
1.0106114822
1.0475938189
1.0176437439
1.0128581690
0.9970341516
0.9909404155
0.9853087215
0.9928432088
0.9590203726
0.9655634413
0.9966005751
1.0071950500
0.9991719779
1.0079917719
1.0037299183
0.9915118210
0.9829432481
0.9677401492
0.9660333771
0.9903796683
1.0159689341
1.0262766897
1.0234662912
1.0282886090
1.0466995256
1.0058904718
0.9863960385
0.9944325101
0.9804777382
0.9966821863
0.9569544620
0.9508469125
0.9822522057
1.0087598598
0.9903745779
0.9801593610
0.9864115976
1.0142250399
1.0179064615
1.0000735773
0.9991221244
1.0058807867
0.9992239296
0.9788880843
1.0036085522
1.0162392705
1.0091396178
1.0079272306
1.0292095355
1.0228385870
0.9792860879
0.9710762869
0.9992700208
0.9919887644
0.9828855161
1.0061315056
1.0159454892
1.0059348990
0.9918891994
1.0100608188
1.0345073121
1.0255146488
1.0150314031
1.0075657842
0.9900771107
0.9703917407
0.9396548793
0.8951849718
0.8830731234
0.8273731933
0.8818920467
0.9079067768
0.9451439151
0.9512673306
0.9499787551
0.9671500711
0.9967863903
0.9776995579
0.9602441258
0.9862707595
1.0056281469
1.0154023310
1.0271374663
1.0161803723
1.0287861835
1.0330637563
1.0224951029
0.9902174297
0.9716135980
0.9896324922
0.9989371804
1.0222564319
1.0273516099
0.9809537491
0.9625121030
0.9822812143
0.9867939140
0.9804220398
0.9897880790
1.0134000536
1.0233240857
1.0246864467
1.0333177581
1.0319588362
1.0145333153
0.9924536469
0.9917146419
1.0428200984
1.0283614079
0.9891059138
0.9899305188
1.0039866678
0.9953510757
1.0312216268
1.0502093571
1.0269357659
0.9921299140
1.0080461267
1.0183481568
0.9933329665
0.9822827543
0.9957001885
0.9926445044
0.9925539167
1.0134137846
0.9951472629
0.9868928653
0.9830951933
0.9814026484
0.9998730344
1.0020775759
1.0154354414
1.0178309181
1.0084288949
1.0121255532
1.0211080349
1.0324776525
1.0236582692
1.0032462865
0.9841706741
0.9623498720
0.9589702503
0.9733916577
0.9912825227
1.0146308970
1.0183203247
0.9913267569
0.9510834219
0.9724154320
0.9813281053
0.9876400099
1.0034598845
0.9996223841
0.9995143399
0.9919779924
0.9872725209
0.9956472419
0.9761686873
0.9683647285
0.9995713261
1.0009043071
0.9716814986
0.9741628751
0.9853164945
0.9742612990
0.9854847245
1.0047898983
1.0019973544
1.0072931972
1.0020012013
0.9991875998
1.0007506815
1.0193778383
0.9953973229
0.9962317259
1.0125439797
1.0274776624
0.9973128287
0.9833812818
0.9963041004
1.0019577993
1.0083208718
1.0038519524
0.9967745837
1.0036056272
0.9943717856
0.9815472971
1.0016600033
1.0187736841
1.0120986907
1.0238918610
1.0385151465
0.9975075742
0.9975399603
1.0416954305
1.0276998114
1.0128370353
1.0229631449
1.0227854674
1.0063619459
1.0021839103
1.0255454945
1.0264368106
1.0146733236
1.0117161204
1.0032311348
0.9925740723
0.9715918354
0.9965611386
0.9963298887
0.9697097610
0.9936152371
1.0167041492
1.0316816283
1.0238409130
1.0139274183
1.0008952932
1.0092125556
1.0020248035
0.9984988000
1.0026725420
1.0192591334
1.0163574973
1.0053814444
1.0035318225
0.9880249123
0.9688975749
0.9741356909
0.9927497860
1.0180060638
1.0032535300
0.9703528162
0.9807065810
0.9949258169
1.0025792774
1.0146368133
1.0329642676
1.0038954406
0.9959198342
0.9954467553
0.9795221945
0.9895931299
0.9844311247
0.9779700356
0.9917459402
0.9931392455
0.9771769045
0.9792714484
1.0021374607
0.9804160863
0.9551060001
0.9637681114
0.9704269286
0.9991906217
1.0032980590
0.9848406598
0.9922848590
0.9926439808
1.0185751372
1.0180474637
1.0002208779
1.0158948484
1.0195764707
1.0035445749
0.9964581872
0.9921151213
0.9923037378
1.0005847807
0.9912127969
0.9848275793
0.9978700216
1.0227122072
1.0581667107
1.0568471082
1.0450510012
0.9921168422
1.0050812192
1.0309061969
0.9985008703
0.9737061655
0.9636085712
0.9713830727
0.9945551822
1.0325485994
1.0529253119
1.0449452440
1.0285280056
1.0034555623
0.9787378516
0.9847382534
1.0006860043
1.0020307831
0.9919625336
1.0185203299
1.0397812637
1.0117051324
1.0088405901
1.0166828971
1.0102796672
1.0123565040
1.0171901774
1.0127787728
1.0126884348
1.0175653509
1.0124484173
1.0038283742
1.0128267279
1.0236931187
1.0096705527
0.9931307757
0.9912056872
0.9869323187
0.9872626946
0.9710567925
0.9673333993
0.9746861774
1.0281821004
1.0458272768
1.0245260570
1.0269106984
1.0300347345
1.0337732075
1.0145453356
0.9867259981
0.9919774807
1.0153771834
1.0085093649
0.9957257642
1.0092634769
1.0016894035
0.9708452775
0.9730495913
0.9905484286
0.9914622711
0.9708680787
0.9787401385
1.0058922741
1.0127755507
1.0034964005
1.0027727073
0.9949613158
1.0130318049
1.0071503690
0.9901698306
0.9869744017
0.9837335599
0.9895520654
1.0074591565
1.0216878038
1.0406512174
1.0504624485
1.0181136499
0.9981083765
1.0114181209
1.0384025630
1.0263618664
1.0239525789
1.0077026065
0.9879149745
0.9672894350
0.9623543494
0.9876507732
0.9880305838
0.9971854945
1.0206030182
1.0141423166
0.9887519276
0.9966710526
1.0137239675
0.9994284252
0.9758383695
0.9552338164
0.9640991320
0.9523330295
0.9360596646
0.9484393709
0.9489443510
0.9451883810
0.9768148347
1.0186829973
1.0062999628
0.9825447503
0.9922302511
0.9984942947
0.9833363727
0.9685282673
0.9706955742
0.9780724174
0.9655124010
0.9457631583
0.9668609776
1.0118377781
1.0046952835
0.9769774584
0.9803779365
0.9867372981
1.0050511084
1.0255110214
1.0252198907
0.9978435952
1.0174608510
1.0151337486
0.9984076300
0.9866549476
0.9595116142
0.9631012660
0.9827062318
0.9853858328
0.9878726718
0.9901854537
0.9819580590
0.9910030484
1.0013710476
0.9767909073
0.9972346060
1.0239834653
0.9825631863
0.9773510229
1.0396330660
1.0061705564
0.9740007147
0.9803587760
0.9989130752
1.0140220528
1.0196991025
1.0058302017
0.9856120190
0.9948363330
1.0011711673
0.9920361830
0.9973644166
1.0074236741
1.0169741507
1.0252536576
1.0096780663
1.0222911153
0.9870032992
0.9682660544
0.9758931109
0.9506389482
0.9885251762
1.0215032458
1.0007622832
0.9884944705
0.9706266823
0.9655859036
0.9700302981
0.9882347272
1.0012898219
1.0008123588
1.0050826492
1.0030747153
0.9862143816
0.9905111975
1.0007266044
0.9976813541
0.9998386249
1.0240127426
1.0019749444
0.9937056662
0.9982798736
1.0001161205
0.9881015743
0.9786552347
0.9864126760
0.9910158225
0.9929624894
0.9963775517
0.9865094819
0.9830893359
0.9862356530
0.9720736298
0.9363587775
0.9002160133
0.9136419068
0.9240301201
0.9153816373
0.8548194384
0.8122981879
0.8222004748
0.8277575435
0.8466542549
0.8632670452
0.8926259374
0.9285938155
0.9396605637
0.9236292621
0.9329332530
0.9613882731
0.9663317970
0.9563415982
0.9631725071
0.9811511608
0.9842337249
0.9712634818
0.9696477561
0.9775531174
0.9872829610
0.9803318972
0.9736458377
1.0064572355
0.9508875986
0.9443422215
0.9543931564
0.9264336739
0.9624734082
0.9836159336
0.9929773056
1.0089216365
1.0274454248
0.9964349954
0.9552181627
0.9525335972
0.9497134792
0.9600688051
0.9752765721
0.9659467348
0.9692340283
0.9924844627
1.0145473080
1.0128937858
1.0203719705
1.0056301969
0.9748641505
0.9583090126
0.9760646667
0.9948636649
0.9843630779
0.9822489069
0.9893001638
0.9948608917
1.0022865590
1.0019250075
0.9959492382
1.0053010075
1.0150437770
1.0093229350
1.0223921790
1.0393095469
1.0183140818
1.0127838491
1.0150276732
1.0011130869
1.0086844042
1.0485409657
1.0335786867
1.0103647199
0.9920014213
0.9887395001
0.9962401244
0.9849914749
0.9698813323
0.9815350718
0.9940950166
0.9919800921
0.9886262026
0.9671572824
0.9925137821
0.9880736193
0.9807996892
0.9549058743
0.9747944365
0.9683096325
1.0064952313
1.0066363885
0.9729503252
0.9586614735
0.9951250154
1.0091934329
0.9898635129
0.9775257754
0.9716810816
0.9710441180
0.9777855332
0.9763872583
0.9662770737
0.9551286534
0.9489475850
0.9589758988
0.9445820032
0.9181518317
0.9573365023
0.9399581816
0.9629144715
1.0140920437
1.0063921548
0.9803375334
1.0051323722
1.0091471076
1.0135651763
0.9901368319
0.9746787628
0.9548755162
0.9431091243
0.9773418589
1.0013766580
0.9898871666
0.9867807933
0.9907694544
0.9944240719
1.0000913366
0.9878852600
0.9932412322
1.0008786852
1.0017467910
0.9932237762
0.9940097257
0.9908989204
0.9836330384
0.9867893121
1.0148363643
1.0202310954
1.0168523792
1.0242208850
1.0260072214
1.0184736928
0.9941355445
0.9654976550
0.9800327917
0.9891606331
0.9687200403
0.9905345769
0.9843254169
0.9916912052
0.9917676758
0.9470247487
0.9530649266
0.9734707422
0.9711577507
0.9804143132
0.9977098082
1.0015762097
1.0004584509
1.0026657662
1.0032408327
1.0067132186
1.0122901369
1.0029573030
0.9777172919
0.9439906658
0.9225808805
0.8710241697
0.8098542581
0.7707244680
0.7665139655
0.7945769915
0.8472461783
0.8891724347
0.9322073940
0.9652783815
0.9856341442
0.9802132443
0.9611511341
0.9567076650
0.9508121691
0.9473671909
0.9553179980
0.9549822700
0.9701430940
0.9775881734
0.9739395363
0.9793964959
0.9866251459
0.9767504227
0.9939182168
1.0039088328
0.9907876102
0.9930137362
0.9811902627
0.9573936320
0.9538665933
0.9854567061
0.9933120152
0.9986571115
1.0050269495
0.9841461276
0.9623561638
0.9770471224
0.9980028915
0.9925713120
1.0250675678
1.0190392801
0.9873958663
0.9929365062
0.9894466841
0.9990535429
0.9801057305
0.9926071316
0.9887774812
0.9694675831
0.9942622819
1.0079501989
1.0317327750
1.0416112302
1.0060511006
0.9775466017
0.9890582426
0.9987220755
0.9889547372
0.9816877846
0.9796552233
0.9763704628
0.9476753459
0.9787687562
0.9983726701
1.0264356220
1.0274789933
0.9967637387
0.9557174372
1.0043769742
1.0071304266
0.9750502325
0.9510087115
0.9841526830
1.0095129618
0.9910513737
0.9816348615
0.9996686275
0.9976033820
0.9697831699
0.9804502876
1.0094730122
0.9907148474
0.9605919202
0.9665166871
0.9475046777
0.9661300624
0.9978695968
1.0123692954
0.9860747358
0.9733338047
0.9898614535
1.0018869246
0.9977184378
0.9813817998
0.9690898472
0.9835496229
0.9996004357
0.9974570407
0.9958714116
0.9846060818
0.9791192345
0.9576447778
0.9701588416
0.9880587080
1.0073124381
0.9699870772
1.0253894289
1.0531327554
0.9930190066
1.0069555028
1.0208457544
0.9861136288
0.9900447753
1.0131411871
1.0082837409
0.9856881613
0.9829820598
1.0001891753
1.0127163465
1.0189662854
1.0114372787
0.9987088037
0.9962535543
0.9864000430
0.9702637875
0.9865150605
1.0095269281
0.9995077115
0.9805856335
0.9663431366
0.9924660403
0.9946450476
0.9847700275
0.9905711854
0.9926225068
1.0066745413
1.0035885538
0.9883224763
0.9887867955
0.9685733951
0.9636216332
0.9944663219
1.0027882060
1.0078369414
1.0075830496
0.9803059447
0.9967834951
0.9944215831
0.9732224052
0.9657681929
0.9705350684
1.0069179104
0.9978094733
0.9906567611
1.0026059057
0.9904359820
0.9805460092
0.9917868466
1.0050871940
1.0075473527
1.0013872429
1.0221563770
1.0099445912
0.9986549349
1.0083874001
1.0202606795
1.0023130275
0.9864571166
1.0246841752
1.0230253399
0.9736187884
0.9743639880
0.9546401967
0.9717077068
0.9865213282
0.9599374819
0.9431209770
0.9673456127
0.9796927349
0.9659398712
0.9803067958
1.0147168810
1.0287510631
1.0060879367
0.9761535378
1.0010759751
0.9996531820
0.9676524166
0.9802745182
0.9955199027
0.9816068292
0.9895682121
0.9839578815
0.9791789772
0.9840209942
0.9589205807
0.9597281955
0.9891026705
0.9826586885
0.9589555994
0.9649598357
0.9744579984
0.9723295997
0.9787996392
0.9898368893
1.0128842460
0.9943594434
0.9725951371
0.9721457016
0.9947959288
1.0073682077
1.0009755768
1.0267347769
1.0229712281
0.9922904834
0.9863116119
0.9981630573
0.9972180139
0.9862625483
0.9840939185
1.0004699391
1.0108193439
0.9857949568
0.9763703809
0.9887127446
0.9898535289
0.9873704377
0.9676201033
0.9994035243
0.9975741796
0.9612083804
0.9708984703
1.0034749886
1.0072589392
1.0154387732
1.0207548212
0.9864398244
0.9934117850
1.0085025639
0.9894152672
0.9762659440
0.9892799324
1.0259795801
1.0296163447
1.0088051917
1.0185345375
1.0313779731
1.0398289039
1.0078925439
0.9876381254
1.0123449355
0.9671470969
0.9742016063
0.9911501904
0.9869204312
0.9937861849
1.0216387700
1.0145192912
0.9987242470
0.9931455158
0.9841874819
1.0042816618
1.0395354954
1.0227300090
1.0032596912
1.0064298890
0.9863460821
0.9865676756
0.9888751803
1.0084520484
1.0090345382
0.9811740222
1.0026508493
0.9993264810
0.9881619034
0.9786323599
0.9753461919
0.9733953016
0.9909657455
1.0240225556
1.0232398600
1.0026520455
1.0015047598
0.9967994051
0.9987821789
0.9863970246
0.9985002636
0.9981857770
0.9862239905
1.0080101775
1.0002405478
0.9990442108
1.0187862825
1.0099440505
0.9684669001
0.9453085148
0.9693900877
0.9852632973
0.9762001498
0.9760982743
0.9893540768
1.0093459239
1.0228017715
1.0211761666
1.0257995184
1.0074721637
0.9955004838
1.0009738605
1.0050844985
0.9858924701
0.9915990215
0.9933276094
0.9892303903
0.9604446758
0.9400031856
0.9603565910
0.9860518218
1.0153191584
1.0334566436
1.0166790212
1.0117672862
1.0054749053
0.9734802683
0.9755184572
0.9999669573
0.9879309348
0.9776109991
0.9659679004
0.9283189831
0.8911231656
0.8662819745
0.8367861109
0.7899957790
0.7726466364
0.8028821105
0.8455201560
0.8847754296
0.9115554392
0.9425876663
0.9562526534
0.9605356440
0.9783077008
0.9936758223
0.9939252202
1.0000545881
1.0080150470
0.9943115626
0.9939084434
0.9717517788
0.9685142692
1.0033501807
0.9906354449
0.9694310948
0.9583735918
0.9625199982
0.9749481713
1.0067583838
0.9930725525
0.9897915146
0.9966706961
0.9993785465
0.9950231469
0.9852495322
0.9727534955
0.9819850658
1.0140890889
1.0114631797
1.0173987727
1.0019830351
1.0363425557
1.0204628806
1.0059869551
1.0435344086
1.0468185842
1.0800649378
1.0536804030
1.0231954694
0.9911872265
1.0044667176
1.0103209510
1.0194644571
1.0280033813
1.0097268320
0.9803737553
0.9857000927
1.0195423446
1.0151518843
0.9856264654
0.9822237192
1.0064662585
1.0299874048
0.9976869684
0.9994634755
1.0011582430
1.0210518286
1.0089932411
1.0237141884
1.0234486332
1.0065043134
1.0022004866
0.9761204095
0.9733949277
1.0099750019
1.0203405512
0.9960365529
0.9923590425
1.0062156747
1.0001851836
0.9881864400
0.9757513022
1.0055383450
1.0127127433
1.0131848578
0.9853967728
1.0294723150
1.0128483956
0.9956441063
1.0152508210
1.0196502119
0.9901260500
0.9907117534
0.9780143112
0.9814258194
1.0165034793
1.0230209455
0.9934220527
0.9806694607
0.9948199239
0.9903196766
0.9930445196
0.9982465011
0.9846153504
1.0019206932
1.0573769044
1.0350931753
1.0020099162
0.9901501059
0.9947359568
1.0162543135
1.0064587522
0.9918601762
0.9851953182
0.9925904819
0.9875339313
0.9814351749
0.9817887004
0.9811516256
1.0019283896
1.0057688839
1.0015167214
0.9899490440
1.0084881033
1.0228900305
1.0182279537
0.9835032681
0.9556938863
0.9779634752
0.9996518410
1.0039966535
1.0003869518
1.0019932185
0.9894873069
0.9878245368
0.9889261338
0.9891177043
0.9788298858
0.9689093624
0.9883944624
0.9904854466
0.9780247562
0.9892084917
0.9928468452
1.0458047372
1.0207769644
0.9883635646
0.9947374996
0.9909088325
1.0014305269
1.0432108359
1.0414402152
1.0364818245
1.0270643945
1.0296960974
1.0218750937
1.0212491858
1.0274160875
1.0142663561
1.0015941303
0.9935544023
0.9721755491
0.9639693834
0.9696557207
1.0154653663
0.9968437630
0.9820383708
0.9695445478
0.9885425222
1.0318686877
1.0486239402
1.0245098749
0.9950470294
0.9815583132
0.9770072985
0.9869806796
1.0055050757
1.0177791754
1.0242894243
1.0240398719
1.0180260985
1.0312419455
1.0578093336
1.0452184061
0.9981960410
1.0145474739
1.0106509201
0.9770733096
1.0190398634
0.9987665309
0.9951716868
1.0115281286
1.0365604683
1.0097311246
0.9885083314
0.9903583227
1.0158149437
1.0079221199
0.9899172547
