#flux
0.9561305223
0.9514218461
0.9436684823
0.9399302835
0.9412404974
0.9418630471
0.9471842554
0.9660740794
0.9670582557
0.9792422484
0.9976870280
0.9914363330
0.9835259468
0.9763822827
0.9666943483
0.9670354733
0.9685359999
0.9681612362
0.9717675571
0.9593277143
0.9402461128
0.9181643478
0.8841254366
0.8443938151
0.8014129733
0.7534965664
0.7152891189
0.6939766345
0.7036677565
0.7605614174
0.8299832941
0.8919285722
0.9381086342
0.9598807338
0.9635160304
0.9738773311
0.9741972936
0.9845906415
0.9853439316
0.9818170784
0.9846960750
0.9862525945
0.9781378932
0.9665601491
0.9654282786
0.9760877699
0.9847320480
0.9862627023
0.9779580830
0.9705495693
0.9694796353
0.9792103927
0.9849833510
0.9853224260
1.0038593509
0.9843582353
0.9845341561
0.9959020694
0.9933005097
0.9849786046
0.9772852350
0.9682897468
0.9638805385
0.9656231290
0.9608773624
0.9462501139
0.9238658939
0.8585826630
0.7613216060
0.6807829114
0.6463831858
0.6582921081
0.7153302184
0.8073807259
0.8808332717
0.9299571608
0.9584205953
0.9491951000
0.9207417884
0.8990551949
0.8895179789
0.8907405471
0.9048391684
0.9236244915
0.9402390200
0.9576228269
0.9603336887
0.9624584225
0.9511026184
0.9213126596
0.8988804583
0.8945431492
0.9025799156
0.9231178330
0.9308154257
0.9293514371
0.8962051721
0.8415367012
0.7533194451
0.6493431408
0.5730257938
0.5530338978
0.5914779341
0.6763831866
0.7890955146
0.8936012335
0.9509498424
0.9788507240
0.9988439604
1.0039782751
0.9818723326
0.9490187562
0.9302689846
0.9203654863
0.9157680922
0.9324691109
0.9529421759
0.9583773067
0.9628069399
0.9617871575
0.9545757935
0.9518303829
0.9520489932
0.9487796564
0.9466450355
0.9560799393
0.9817104831
0.9935868072
0.9742751951
0.9546863084
0.9263175705
0.8836185161
0.8457469301
0.8264804617
0.8258039890
0.8450095937
0.8780375813
0.9183566558
0.9503012832
0.9730351001
0.9865584049
0.9882267075
0.9810513004
0.9735876178
0.9775059766
0.9857570618
0.9738063955
0.9762034331
0.9711853632
0.9866097186
0.9870190360
0.9974362597
1.0084512578
0.9976379734
0.9923094645
0.9786028852
0.9371902721
0.8923416939
0.8543111152
0.8299322907
0.8272550194
0.8577384684
0.9085499960
0.9440443384
0.9614514688
0.9768473379
0.9765256604
0.9842497531
0.9698710330
0.9673753332
0.9438936865
0.9322307264
0.9342157868
0.9397502796
0.9384186573
0.9204766367
0.9110190198
0.9218870951
0.9338583070
0.9477539108
0.9640518164
0.9788659088
0.9914300388
0.9976009660
0.9932396433
0.9812459563
0.9740660003
0.9777701563
0.9717282493
0.9721182923
0.9715713189
0.9735249749
0.9814926942
0.9825373819
0.9730054898
0.9573116909
0.9410038920
0.9273763640
0.9046441916
0.8668181837
0.8174466429
0.7568431871
0.6886320234
0.6167725749
0.5384565340
0.4600776412
0.3893980810
0.3326941856
0.2944859441
0.2609350805
0.2357816757
0.2215536582
0.2140159720
0.2049671336
0.2022932726
0.2066268605
0.2140817002
0.2235265627
0.2371948607
0.2573734809
0.2833709371
0.3208198431
0.3675645578
0.4225174529
0.4965409036
0.5802463377
0.6653649314
0.7433454994
0.8118819860
0.8667526756
0.8939285899
0.9043791749
0.8940470301
0.8855134871
0.8956834914
0.9019790824
0.9020940521
0.8995514877
0.9054682726
0.9243598202
0.9439731974
0.9594136742
0.9785730718
0.9939411502
0.9910421725
0.9828243551
0.9829789411
0.9858678187
0.9835180306
0.9893309818
0.9975595466
0.9949484418
0.9951947303
0.9920801797
0.9741659442
0.9470008536
0.9112649777
0.8712342341
0.8458981788
0.8463264441
0.8668989642
0.8862044770
0.8816402118
0.8574017856
0.8439311108
0.8583568630
0.8871650942
0.9151915225
0.9512869310
0.9790052116
0.9899369826
0.9952093476
0.9950118843
0.9935165397
0.9980296021
0.9967380108
0.9772704408
0.9629728267
0.9625565884
0.9571982756
0.9472219453
0.9518183016
0.9697640816
0.9842900190
0.9917578909
0.9947724813
0.9934958468
0.9869736729
0.9764235368
0.9854306068
0.9871331447
0.9830198674
0.9875165205
1.0022269116
1.0035204219
1.0020287995
0.9996908836
0.9908545588
0.9868036487
0.9878523740
0.9912398104
1.0027068150
1.0128857801
1.0130298027
1.0141153749
1.0129738700
1.0159125232
1.0079808909
0.9886736507
0.9731657611
0.9661645597
0.9618568952
0.9465698392
0.9381042337
0.9324645214
0.9251363402
0.8929456377
0.8434667002
0.7907226146
0.7442583641
0.7245801298
0.7465143098
0.7922477540
0.8408403688
0.8896480294
0.9223703346
0.9374040708
0.9441966039
0.9694872901
0.9791629770
0.9760818102
0.9687514033
0.9618160961
0.9570989550
0.9528797511
0.9514414851
0.9565063848
0.9683164777
0.9853654469
0.9944531877
0.9923504250
0.9807502529
0.9652985506
0.9544748679
0.9442377251
0.9364231165
0.9376835556
0.9436154006
0.9494003165
0.9556717492
0.9519743071
0.9361463620
0.9136510147
0.9255063239
0.9409412311
0.9538549386
0.9685679178
0.9826247654
0.9939520211
1.0007748018
0.9995228281
0.9992324396
1.0004428191
0.9979898094
1.0005837853
0.9956770823
0.9909211472
0.9912326450
0.9860271822
0.9763370689
0.9662123245
0.9531368070
0.9483128763
0.9592505479
0.9455875276
0.9029563684
0.8166329695
0.6947314686
0.5581325239
0.4483891534
0.4098856695
0.4565125732
0.5658735031
0.6991711212
0.8213415981
0.9115902786
0.9651194189
0.9877040932
0.9970872182
1.0192675701
1.0094489199
1.0077437680
1.0018133173
0.9943106539
0.9945015833
0.9902735378
0.9822023960
0.9793301261
0.9670960973
0.9395462394
0.8828930281
0.7914595235
0.6902639733
0.6156211400
0.6005642185
0.6556114753
0.7503571442
0.8471994819
0.9319443404
0.9791396303
0.9816912959
0.9782686377
0.9602337824
0.9153391152
0.8268710075
0.7255637762
0.6392928140
0.5875278903
0.5929459612
0.6511857978
0.7369007379
0.8240452982
0.8944815311
0.9445839094
0.9790374598
0.9947828564
0.9930463136
1.0035042101
1.0126012125
1.0018475223
0.9887529103
0.9892986988
0.9877192859
0.9873354509
0.9880769010
0.9760103951
0.9577932299
0.9458586848
0.9353573166
0.9365190410
0.9341525438
0.9214102126
0.9131983937
0.9158122950
0.9390631481
0.9639230360
0.9747002783
0.9728110923
0.9700295104
0.9799151352
0.9911724033
0.9904558521
0.9972732671
1.0095854612
1.0133502463
1.0078844353
1.0004893496
0.9917717554
0.9834421844
0.9725991926
0.9726239241
0.9895698937
1.0027980833
1.0040099435
1.0091580268
1.0185481443
1.0153062577
1.0097113717
1.0073041494
1.0060719092
0.9871347284
0.9806837618
0.9924367297
0.9945509716
0.9935712280
0.9912798561
0.9844527562
0.9775279069
0.9714187793
0.9582341833
0.9384357229
0.9233261257
0.9144441776
0.9078845470
0.9123129775
0.9282399407
0.9452971401
0.9595541859
0.9603804717
0.9670089987
0.9643634138
0.9756541765
0.9928259235
0.9990876973
1.0075120132
1.0066479115
0.9941581128
0.9914830329
0.9885714705
0.9768831501
0.9640445243
0.9511213860
0.9367476389
0.9294120899
0.9319054089
0.9348299842
0.9393689379
0.9538600365
0.9685804455
0.9723243093
0.9749020311
0.9554832406
0.9224888706
0.8822008331
0.8471598246
0.8193256348
0.7817184015
0.7417506671
0.7023010798
0.6707112357
0.6679515886
0.7031197409
0.7651692337
0.8368484720
0.8933244029
0.9160917917
0.9263537888
0.9391162334
0.9599426249
0.9762463894
0.9769601226
0.9822923095
0.9724980820
0.9449590936
0.9359682081
0.9425762270
0.9519513714
0.9612954179
0.9705344991
0.9843341775
1.0003525902
0.9967184225
0.9799594969
0.9797833585
0.9825319343
0.9849392140
0.9837538958
0.9813747043
0.9752428075
0.9802141123
0.9844227361
0.9767276767
0.9696696954
0.9716064552
0.9762520925
0.9773860991
0.9766602666
0.9757908927
0.9729112443
0.9736860809
0.9750994926
0.9683832485
0.9614430270
0.9618598621
0.9642607518
0.9784162613
0.9903069802
0.9907729891
0.9981362839
1.0055456089
1.0006470692
0.9929325814
0.9704478279
0.9603021078
0.9637410167
0.9535653606
0.9563476789
0.9631490425
0.9668460855
0.9757122794
0.9895427955
0.9928001758
0.9854724016
0.9846570095
0.9856675146
0.9831574482
0.9772289870
0.9681804604
0.9661576082
0.9642343552
0.9625918973
0.9693722123
0.9697310119
0.9720116692
0.9756780908
0.9859972854
0.9939904584
1.0000609265
1.0013785040
0.9940477453
0.9725112346
0.9259454442
0.8517583153
0.7658537688
0.6942511296
0.6685600476
0.7057767409
0.7654747735
0.8593804770
0.9278169529
0.9701438596
0.9907570318
1.0025682309
0.9990206573
1.0041844153
1.0005513549
0.9924602930
0.9866886157
0.9846804979
0.9878122381
0.9913504978
0.9906438778
0.9914907129
0.9970736563
1.0011653759
1.0055512289
1.0053016327
1.0000732231
0.9994957103
0.9933414791
1.0100459889
0.9912697833
0.9918402092
1.0050344101
1.0085293766
1.0093945816
1.0131709197
1.0132999055
1.0094901751
1.0067021840
1.0035266021
1.0004791898
0.9980353050
0.9911273539
0.9822587630
0.9752667042
0.9863804663
0.9911771667
0.9847813444
0.9745045797
0.9738159312
0.9694446722
0.9626832698
0.9595860371
0.9537820710
0.9492117243
0.9550628308
0.9654453298
0.9736627096
0.9761758928
0.9749538624
0.9763379320
0.9827219901
0.9875034120
0.9812792936
0.9714052780
0.9786137779
0.9919258670
1.0015914850
1.0010163698
0.9995745396
1.0024384927
1.0117866259
1.0120671527
1.0014645945
0.9945881867
0.9914402594
0.9916906819
0.9870102692
0.9839255477
0.9780780753
0.9715159534
0.9823401477
0.9953115198
0.9909538177
0.9817575482
0.9639318911
0.9464898980
0.9366993209
0.9142805636
0.9082586823
0.9147804928
0.9295005346
0.9462660058
0.9533394726
0.9608930900
0.9645111108
0.9596925270
0.9525884317
0.9509348272
0.9579956685
0.9697319529
0.9806631453
0.9837841288
0.9716831936
0.9548414614
0.9084412340
0.8786442769
0.8579399323
0.8498884787
0.8514336744
0.8283880797
0.7560090884
0.6510701811
0.5591344933
0.5144790225
0.5366299974
0.6260061448
0.7385610119
0.8407444122
0.9140731964
0.9457921125
0.9496832989
0.9507302401
0.9562461122
0.9604821299
0.9504191687
0.9030423664
0.8163459087
0.7018410375
0.6006347593
0.5521182118
0.5676497708
0.6408279608
0.7451108564
0.8426218365
0.9108868471
0.9463523662
0.9600852110
0.9655221545
0.9673091188
0.9641660114
0.9636127491
0.9696530631
0.9673239100
0.9683057445
0.9775084759
0.9765717762
0.9720419099
0.9596954486
0.9661381333
0.9648418213
0.9485526174
0.9473712519
0.9524106546
0.9502259835
0.9567466721
0.9740698627
0.9900799661
0.9971132576
0.9902417595
0.9700783009
0.9402589832
0.9116642281
0.9064992931
0.9046287434
0.9089771117
0.9313310139
0.9439302017
0.9539231147
0.9622577050
0.9631790909
0.9740313071
0.9808872102
0.9856678246
0.9840403072
0.9789304212
0.9791283914
0.9852585141
0.9918155792
0.9921496471
0.9897699928
0.9886652369
0.9847349826
0.9853473497
0.9819645772
0.9845486867
0.9932520882
0.9834076739
0.9483139461
0.8954191792
0.8538050774
0.8161973246
0.8172987809
0.8495411436
0.8931085838
0.9321684273
0.9653342767
0.9855971997
0.9872327052
0.9843706355
0.9902297549
0.9972545676
0.9979075168
0.9926230051
0.9791171608
0.9722108136
0.9534493744
0.9166180062
0.8973033412
0.8803912076
0.8790905799
0.8986400631
0.9143650097
0.8871951897
0.8232798512
0.7291096949
0.6321107058
0.5739409001
0.5857427340
0.6644185149
0.7757553881
0.8772726331
0.9415974816
0.9750183479
0.9943909807
1.0046085708
1.0109754983
1.0121369196
1.0040586784
0.9999238814
0.9894242968
0.9874879950
0.9871159190
1.0031810036
1.0079360662
0.9980824295
0.9904058592
0.9892122877
0.9913451015
0.9929103876
0.9887255303
0.9839555133
0.9869803367
0.9868065949
0.9841468940
0.9901498481
0.9943048397
0.9921145113
0.9929179065
0.9887480840
0.9840854827
0.9838941422
0.9861386365
0.9812223141
0.9626855630
0.9538362809
0.9564767603
0.9654892524
0.9791472568
0.9942306206
1.0094185372
1.0182008288
1.0112168444
1.0003575494
0.9968686058
1.0003126888
1.0026758172
1.0146608099
1.0005700040
0.9884141599
0.9894337618
0.9755191127
0.9784997037
0.9823056614
0.9897478587
1.0008187965
1.0093584606
1.0148553694
1.0150517967
1.0108932710
1.0095507197
1.0081104498
0.9986426358
0.9870917323
0.9692788840
0.9387979381
0.9277242289
0.9158021701
0.9264422227
0.9471915348
0.9741136840
0.9927999573
0.9933579025
0.9922319927
0.9985635001
1.0058011183
1.0103356459
1.0142714893
1.0194292382
1.0204623330
1.0125547811
1.0079657612
1.0081628471
0.9855501505
0.9659569775
0.9280254428
0.8642258762
0.8013245962
0.7503891234
0.7437431782
0.7850036703
0.8528706335
0.9258810720
0.9682109119
0.9826340597
0.9924109487
0.9985075815
1.0016628980
1.0103754749
1.0149804267
1.0074689782
0.9937933508
0.9686359414
0.9451620836
0.9362240834
0.9352781392
0.9347459509
0.9236598279
0.8797749041
0.7992507271
0.7318333307
0.6856662119
0.6743882220
0.7149568411
0.7923782750
0.8764865089
0.9333865308
0.9648575245
0.9787210119
0.9767500288
0.9736471440
0.9735291951
0.9653082618
0.9638896280
0.9683430088
0.9525236023
0.9275269888
0.9067676199
0.8953529811
0.8996632975
0.9147365077
0.9328198753
0.9499751670
0.9582366308
0.9625627983
0.9689505790
0.9791829725
0.9830813966
0.9805979839
0.9674176699
0.9339766201
0.8905466393
0.8419038877
0.7817703989
0.7309098780
0.7049504780
0.7230126849
0.7722234221
0.8401768245
0.9216718832
0.9876607182
1.0173431633
1.0149611843
0.9985454496
0.9904816220
0.9889619302
0.9935168855
0.9990328790
0.9858061649
0.9509803991
0.9047800825
0.8336574394
0.7315842273
0.6437506490
0.6130887455
0.6392792733
0.7166856722
0.8173985295
0.8766688541
0.8850358948
0.8457864307
0.7690917778
0.7058638676
0.6830869697
0.7025162175
0.7535985343
0.8272394409
0.8926731315
0.9447616999
0.9819004536
0.9930352869
0.9953017998
0.9968079050
0.9949733942
0.9862674359
0.9777489208
0.9821689072
0.9777473704
0.9787471162
0.9839943902
0.9729770354
0.9700519812
0.9783111609
0.9912715459
1.0015475536
1.0088519409
1.0085794627
1.0076693312
1.0079329876
1.0036479605
1.0022778357
1.0073918227
1.0049766084
1.0003415262
1.0043954846
1.0073999841
1.0102088352
1.0094661506
1.0049768184
0.9949660234
0.9757097081
0.9654440897
0.9622216769
0.9564370240
0.9512778245
0.9551096010
0.9634863020
0.9730227637
0.9875452249
1.0052748103
1.0121895409
1.0052840873
0.9951176594
0.9748851183
0.9858323638
1.0004129150
0.9907103585
0.9868219890
0.9891405560
1.0083918392
1.0180111004
1.0116863579
1.0077845256
0.9794074542
0.9596193730
0.9406750421
0.9129134262
0.8852911668
0.8548942095
0.8065993588
0.7427694410
0.6937607908
0.6837600626
0.7021152984
0.7589427154
0.8505856629
0.9217301073
0.9578059899
0.9731383907
0.9576450134
0.9515041630
0.9563434187
0.9566145466
0.9604929091
0.9542078828
0.9580469793
0.9691279716
0.9743722947
0.9775342537
0.9784436841
0.9740051390
0.9726685482
0.9771581929
0.9864876992
0.9947629767
0.9995463941
1.0083169869
1.0094489024
0.9923945334
0.9825074343
0.9864953979
0.9965796579
1.0063431949
1.0079840773
1.0055835100
1.0021951480
1.0029216651
1.0039149341
1.0019802916
0.9992161882
0.9934331833
0.9884209080
0.9948777661
1.0013199598
0.9979211263
0.9913424434
0.9852465966
0.9929603773
0.9939010901
0.9757008341
0.9626756817
0.9774214249
0.9788920112
0.9645866517
0.9659396896
0.9718674255
0.9788470098
0.9831592315
0.9827817747
0.9795927689
0.9778325469
0.9805577967
0.9729241770
0.9685537145
0.9691083007
0.9660713147
0.9686605622
0.9780059445
0.9739543807
0.9812430976
0.9828729797
0.9788061802
0.9788816797
0.9844509306
0.9823718480
0.9766105683
0.9748668900
0.9766644444
0.9746388510
0.9657432277
0.9627628352
0.9763251573
0.9893310656
0.9873211804
0.9857741870
0.9904693973
0.9992538390
0.9994119020
0.9947574149
0.9662918604
0.9444526609
0.9405318051
0.9463322993
0.9677467639
0.9845455324
0.9958484222
1.0029529274
0.9989868508
0.9874703406
0.9791001992
0.9732605935
0.9704487993
0.9818090830
0.9925440790
0.9943428503
1.0091168488
1.0084974780
1.0091116592
1.0091113703
1.0020436073
0.9947526872
0.9957695612
1.0005824922
1.0073070214
1.0048399585
1.0068660276
1.0090751336
1.0045963435
1.0066488223
1.0115769296
1.0007373827
0.9807722669
0.9629592663
0.9537612706
0.9528020886
0.9611117614
0.9860131821
1.0035675237
1.0181359625
1.0297663950
1.0280494796
1.0167404669
1.0152294763
1.0046611489
0.9950936997
0.9930492551
0.9894211042
0.9846780902
0.9834303345
0.9802056930
0.9793184048
0.9879717883
0.9831553263
0.9687807937
0.9772990667
1.0005895820
0.9926030318
0.9833734034
0.9811162010
0.9767665820
0.9636356053
0.9508425953
0.9420970423
0.9440725392
0.9583655423
0.9742330396
0.9887825405
0.9963865290
0.9949965646
0.9920959250
0.9893497584
0.9796543859
0.9607956792
0.9476789008
0.9399662102
0.9185373857
0.8942833725
0.8777481728
0.8714381021
0.8824273028
0.9028104129
0.9292447355
0.9619402404
0.9825037138
0.9810790334
0.9711900064
0.9571662101
0.9431839336
0.9360521088
0.9357288535
0.9427081739
0.9488989596
0.9264557054
0.8654426838
0.7675088681
0.6646153730
0.5732157713
0.5094002234
0.5004722992
0.5410308850
0.6273721030
0.7367824262
0.8478603843
0.9329727665
0.9797889354
0.9966627535
1.0005549696
1.0006559057
0.9979041854
0.9952432353
0.9952763272
0.9957921857
0.9967874746
0.9901724687
0.9682762570
0.9529188757
0.9628423985
0.9664636140
0.9618631367
0.9687104004
0.9885320955
0.9941698173
0.9763065941
0.9714434776
0.9778531033
0.9863773371
0.9950234473
0.9998773246
0.9997361596
0.9987638290
0.9960897445
0.9883808725
0.9834651295
0.9837506647
0.9763879195
0.9685640702
0.9762470551
0.9726444403
0.9454527552
0.9063714447
0.8816225280
0.8667709702
0.8714190576
0.9080564424
0.9453989280
0.9775696338
0.9972111112
1.0055148824
1.0061178613
1.0030526485
1.0000227743
0.9849601672
0.9719100195
0.9671208869
0.9642155372
0.9713228421
0.9794363531
0.9926005761
0.9926414101
0.9902756349
0.9975461143
0.9814729670
0.9606997759
0.9596660577
0.9656549446
0.9688811928
0.9727156100
0.9777885715
0.9826963888
0.9844900632
0.9829901782
0.9877115627
0.9939737707
0.9870948017
0.9822817527
0.9922728542
0.9955656555
0.9784988613
0.9558638384
0.8914816811
0.7931018543
0.7128258942
0.6761718259
0.6977257487
0.7665644460
0.8463174674
0.9223662146
0.9775918550
0.9950183767
0.9947163188
1.0002738842
1.0024436789
1.0028547316
1.0073204134
0.9971722766
0.9969859826
0.9900624584
0.9802509259
0.9605508658
0.9514578878
0.9444255384
0.9312068950
0.9262308965
0.9411548486
0.9664170478
0.9831461617
0.9802829062
0.9698359258
0.9586291828
0.9390622706
0.9179562140
0.9084699772
0.9059087085
0.9020829098
0.9184487277
0.9364210165
0.9625862064
0.9687005869
0.9745670023
0.9520235578
0.8881196864
0.8244220148
0.7792141711
0.7773713155
0.8135053071
0.8727149738
0.9339636252
0.9764892474
1.0018962092
1.0142010997
1.0129786875
1.0107713372
0.9999414178
0.9957604238
0.9581335191
0.9162989972
0.8794791202
0.8406088977
0.8313829290
0.8493492117
0.8687668826
0.8705119596
0.8498009799
0.8104471895
0.7776529739
0.7776584216
0.8078799502
0.8427831708
0.8627392332
0.8589402769
0.8410501829
0.8400577561
0.8551593395
0.8771855825
0.9214131199
0.9477432960
0.9577693815
0.9742695016
0.9797548102
0.9805959238
0.9886941472
0.9971973072
0.9918535346
0.9780129282
0.9570116079
0.9316941284
0.9104523996
0.9007447053
0.9045416734
0.9218834214
0.9453125118
0.9626502931
0.9798085965
0.9827437954
0.9689894909
0.9633470626
0.9717007544
0.9643076542
0.9594033742
0.9702062353
0.9693825427
0.9707018752
0.9773901064
0.9842220490
0.9794385596
0.9705102089
0.9652940421
0.9707075689
0.9693278153
0.9583816775
0.9684319405
0.9821037584
0.9910767032
0.9955903108
0.9954962743
0.9946456300
0.9962871555
0.9998237520
0.9897841998
1.0019818167
0.9874860789
0.9659116711
0.9548940588
0.9597668473
0.9782738525
0.9944472583
1.0005403842
1.0051805611
1.0127718883
1.0105131018
0.9902035519
0.9695780512
0.9610426438
0.9525714775
0.9606829949
0.9528340761
0.9522624301
0.9703706125
0.9705203631
0.9744226117
0.9725199565
0.9808859437
0.9725998138
0.9660037891
0.9791254529
0.9884531421
0.9861933289
0.9895232484
0.9956899884
0.9922571422
0.9897831789
0.9952586271
1.0002220203
1.0144055715
1.0119873458
1.0091834536
1.0070175619
0.9962287614
0.9874137093
0.9701475699
0.9548756412
0.9283394226
0.8814869982
0.8337675207
0.7982436938
0.7821414960
0.7985786778
0.8338775521
0.8734994702
0.9183464024
0.9580476803
0.9863326732
0.9893187895
0.9910505947
0.9820221082
0.9740868239
0.9826843498
0.9882885346
0.9852102434
1.0022864294
1.0055581981
1.0162343826
1.0016308354
0.9999714013
1.0063048084
1.0086229914
1.0121863849
1.0091480483
0.9978619961
0.9858109429
0.9657800132
0.9458230284
0.9411242259
0.9558360195
0.9778503568
0.9909772233
0.9861741346
0.9935509470
1.0119555496
1.0056423428
1.0080201373
1.0221996450
1.0280548162
1.0215341879
1.0213718091
1.0172352541
1.0099075284
1.0065168227
1.0014848052
0.9921067947
0.9805717579
0.9739960206
0.9783546052
0.9900024977
1.0005612699
0.9970762449
0.9984154536
0.9975849319
0.9912026786
0.9916131591
0.9882193837
0.9763286189
0.9672128909
0.9595352660
0.9416565962
0.8874639143
0.7802660666
0.6497892627
0.5469479954
0.4997451321
0.5241862912
0.6224324262
0.7431470197
0.8427406761
0.9224987760
0.9726378287
0.9894952956
0.9892230400
0.9827843485
0.9811816080
0.9840226327
0.9862933627
0.9884006301
0.9908890930
1.0001640580
1.0038345792
0.9931088299
0.9836353374
0.9875231197
0.9882872262
0.9679743641
0.9398790898
0.9170933388
0.8831415132
0.8678764850
0.8778757442
0.9031117288
0.9293274437
0.9537050044
0.9618216517
0.9803777802
0.9870141590
0.9958134242
1.0007574244
0.9959516484
0.9951722325
1.0049649265
1.0115154120
1.0051895688
0.9937949713
0.9867762871
0.9857316678
0.9878440739
0.9954130963
1.0149948365
1.0129006814
1.0048910746
1.0051489820
1.0046212731
0.9951103626
0.9726643994
0.9382861149
0.8835329578
0.8432112123
0.8290689463
0.8345322570
0.8634943080
0.9126774954
0.9552950389
0.9765064673
0.9874055321
0.9884407773
0.9893368247
0.9891106165
0.9948210920
0.9984964217
1.0001598101
1.0042533551
0.9895940989
0.9658005817
0.9143968507
0.8427661495
0.7749915746
0.7409933915
0.7536885534
0.8053301755
0.8793019130
0.9466859228
0.9850878395
1.0004121470
1.0059693023
1.0041983754
0.9965588973
0.9955346578
0.9997066552
1.0101442247
1.0119525670
1.0157017343
1.0256347730
1.0177648935
1.0155239787
1.0137521336
1.0036797861
0.9865381424
0.9707587701
0.9568369649
0.9549579524
0.9687265631
0.9820889688
0.9834952367
0.9821477510
0.9935004838
1.0010342283
0.9990758631
1.0061380938
1.0022575830
0.9964507386
0.9952976219
0.9713038891
0.9524060404
0.9445474853
0.9366558400
0.9402043929
0.9450662535
0.9565562588
0.9717258476
0.9842786989
0.9944430961
0.9986746027
0.9972202793
0.9987015137
0.9977761310
0.9831574480
0.9625243133
0.9522212906
0.9275245328
0.8990817658
0.8918117725
0.8804317213
0.8875432414
0.9086991450
0.9303949308
0.9404238508
0.9446948089
0.9464830419
0.9420175479
0.9387896634
0.9462384399
0.9494348338
0.9388278674
0.9372610737
0.9437740286
0.9458524687
0.9554673836
0.9647656364
0.9716628248
0.9909654952
0.9930538892
0.9847362147
0.9707683559
0.9785498768
0.9865985211
0.9880687095
0.9783241263
0.9690235235
0.9649765654
0.9688009263
0.9787949323
0.9805902112
0.9693454160
0.9623833898
0.9717217079
0.9869260778
0.9928877572
0.9946549075
0.9739819301
0.9613345142
0.9320889952
0.9185394183
0.9101899922
0.9163120226
0.9310619273
0.9460893939
0.9508942455
0.9515206362
0.9537669205
0.9530981616
0.9489287884
0.9429989176
0.9403245269
0.9507358276
0.9620044441
0.9725418756
0.9895413001
1.0154138413
0.9998808233
0.9820252991
0.9914578130
0.9858572901
0.9783913282
0.9807575982
0.9854152837
0.9851249738
0.9774584176
0.9755174054
0.9724394818
0.9661015131
0.9608680552
0.9599752450
0.9686847815
0.9797387538
0.9854911042
0.9703053941
0.9802640077
0.9832902968
0.9693350653
0.9767489881
0.9700304786
0.9745744705
0.9848907315
0.9764811950
0.9594447776
0.9519865243
0.9502456535
0.9504309524
0.9508532366
0.9608257743
0.9682919099
0.9533186712
0.9270155758
0.8981810066
0.8731926169
0.8671086235
0.8958797172
0.9159966641
0.9409680899
0.9737513528
0.9949630502
0.9831688672
0.9731845010
0.9568125902
0.9413821845
0.9337835747
0.9367388572
0.9471054049
0.9662257344
0.9823659446
0.9926888021
1.0040435819
1.0089638025
1.0063982770
0.9961799222
0.9844885493
0.9714190684
0.9567228932
0.9640305012
0.9738958516
0.9706787451
0.9778445296
0.9973508885
0.9941700187
0.9909507129
0.9833582122
0.9666611844
0.9526674885
0.9498932851
0.9598997402
0.9767893716
0.9902848372
0.9930679863
0.9815553023
0.9662679522
0.9619913390
0.9626116926
0.9548712366
0.9558518859
0.9713224480
0.9704269263
0.9615239352
0.9540632489
0.9595862646
0.9613663392
0.9730325297
0.9869016679
1.0033364313
1.0014976119
0.9838213788
0.9730324743
0.9680957373
0.9655316133
0.9641066320
0.9491900655
0.9304417633
0.9410501756
0.9689662253
0.9883463006
0.9749402181
0.9469633760
0.9066865579
0.8811642441
0.8664804900
0.8653906005
0.8847243418
0.9110219529
0.9371280782
0.9547327008
0.9658433341
0.9777365618
0.9856428619
0.9838567414
0.9758762660
0.9687271485
0.9614245678
0.9648761340
0.9717335679
0.9770252715
0.9876922686
1.0092130105
1.0148113030
1.0032121864
0.9793018476
0.9628571922
0.9623824488
0.9651636702
0.9681199753
0.9868915582
1.0033026650
1.0013806831
0.9964601916
0.9837391162
0.9661030992
0.9730691343
0.9620443910
0.9154684210
0.8562133191
0.8050791359
0.7235513849
0.6229554949
0.5578184577
0.5438777670
0.5828245660
0.6648896858
0.7640756356
0.8602485484
0.9195489415
0.9519578734
0.9772842014
0.9828747040
0.9762672833
0.9891416664
1.0075895915
1.0066656846
1.0047262878
0.9784227656
0.9718604313
0.9710576776
0.9783930778
0.9707347008
0.9780020508
0.9810503176
0.9816514384
0.9977208281
1.0141917590
1.0117637149
1.0134247184
1.0113993814
0.9917507744
0.9675457569
0.9404425219
0.9056116338
0.8776807076
0.8595370118
0.8387925255
0.8569031186
0.9044467749
0.9367121674
0.9655528868
0.9649244620
0.9473577414
0.9395723389
0.9337164432
0.9277778039
0.9426442792
0.9571248356
0.9615035211
0.9574399144
0.9402209203
0.9211376134
0.8997828805
0.8597794053
0.8261444231
0.8047781741
0.8278766603
0.8841972805
0.9353228157
0.9764151677
0.9933050107
0.9798454696
0.9754957208
0.9435730807
0.9309816787
0.9252664914
0.9121028727
0.8874896661
0.8624031719
0.8566634914
0.8671718708
0.8782421805
0.8877435572
0.8922207429
0.8844564314
0.8777025587
0.8902401322
0.9138532272
0.9392215294
0.9675233335
0.9690021910
0.9729420933
0.9627978883
0.9342892779
0.8988883641
0.8852176241
0.8955011520
0.9277448988
0.9617299564
0.9871123538
0.9901830626
0.9750604119
0.9686746383
0.9683811326
0.9685698439
0.9785275496
0.9959402033
1.0048991418
0.9849606934
0.9701806950
0.9596921240
0.9604101509
0.9548984429
0.9675185485
0.9771049645
0.9867088692
0.9906692430
0.9894482056
0.9884949606
0.9935799857
1.0044557260
1.0155300071
1.0200760225
1.0165581733
1.0122506229
1.0060043482
1.0048268637
0.9901991373
0.9842100609
0.9941347064
1.0012917684
0.9998906059
1.0036395117
1.0063476390
1.0014527928
1.0010988530
1.0096400144
1.0260926091
1.0272379215
1.0174334972
1.0142842397
1.0065821766
0.9903488757
0.9870495401
0.9938260658
0.9979885886
0.9963927976
0.9922328727
0.9857447936
0.9906670385
0.9786891673
0.9562859662
0.9696577888
0.9933382872
1.0088356591
1.0303061101
1.0325477059
1.0223073583
1.0162661911
1.0074146597
1.0075955702
1.0150064551
1.0065844022
1.0020891306
1.0062303151
0.9983260823
0.9733976952
0.9654141055
0.9577905389
0.9670164857
0.9904750785
1.0036148844
1.0076376273
1.0010904614
0.9965794308
1.0115173553
1.0158638725
1.0042597564
0.9946540920
0.9954661061
0.9929625233
0.9904652250
1.0017430044
1.0042839830
0.9880191534
0.9680866155
0.9545702394
0.9611177589
0.9663262223
0.9813574018
0.9779016756
0.9874297030
0.9840625354
0.9897796462
0.9899758052
0.9948733548
0.9992581339
1.0126622787
1.0245781498
1.0289736190
1.0227452180
1.0071055075
0.9936902663
0.9831751721
0.9786977520
0.9708220241
0.9821879654
