#flux
1.0017497565
0.9969500747
0.9712051978
0.9674821882
0.9802549538
0.9724142305
0.9625179461
0.9674962738
0.9821156612
0.9918811682
0.9947483421
1.0359699770
1.0425749455
1.0062650101
1.0151714870
1.0135000913
1.0027889713
1.0079763510
1.0041254949
0.9769346057
0.9695760997
0.9644165046
0.9835961492
0.9945645351
0.9743979626
0.9567655182
0.9498316594
0.9609663581
0.9845381724
0.9793357297
0.9665496165
0.9690458347
0.9443399372
0.9311681065
0.9467556381
0.9630363996
0.9800683500
1.0015108472
0.9998836797
0.9872958639
0.9610777647
0.9651324628
0.9887785091
0.9790461230
0.9284846849
0.8781025687
0.8554798925
0.8524842527
0.8741052232
0.9316315287
0.9401096355
0.9592234436
0.9695337626
0.9654273273
0.9520093586
0.9611303123
0.9942626505
1.0061854366
0.9805509900
0.9694498721
0.9605450187
0.9716145374
0.9803707683
0.9774563259
0.9815986076
0.9959450882
1.0045250519
0.9936159125
0.9766349964
0.9795385626
0.9758169114
0.9473209510
0.9293530607
0.9222969521
0.9263908633
0.9347033953
0.9371676591
0.9357518719
0.9467805830
0.9763269749
0.9792931467
0.9586954119
0.9469916413
0.9599775968
0.9593239277
0.9303905898
0.9238445497
0.9439069334
0.9398427072
0.9310826938
0.9223101469
0.9181508209
0.9107676417
0.9185758457
0.9300029743
0.9444197328
0.9596390786
0.9652097586
0.9666416601
0.9641462361
0.9591407157
0.9238379460
0.9046855435
0.9188124643
0.9677777094
1.0076991256
0.9713395925
0.9163471896
0.9371152277
0.9630217255
0.9440481697
0.9496842252
0.9593037080
0.9533907356
0.9473858796
0.9450981733
0.9338616339
0.9252757214
0.9322201181
0.9199830898
0.9356770263
0.9317536642
0.9290165335
0.9219461908
0.9252999695
0.9513087928
0.9660965219
0.9569027178
0.9361703718
0.9138131408
0.9046201810
0.8921675415
0.9104362249
0.9143246935
0.8967850604
0.9031863864
0.9165093013
0.9098831956
0.9021175156
0.9201829503
0.9322608758
0.9301337722
0.9117078605
0.9052156426
0.9135657878
0.9081981421
0.8891646900
0.8844310743
0.8926661510
0.8805965031
0.8600541784
0.8894726188
0.8837505569
0.8583648259
0.8692719496
0.9007016836
0.8984317315
0.8809213779
0.8647452120
0.8612670158
0.8666626898
0.8362969908
0.8724161903
0.9185719390
0.9085674835
0.8875129815
0.8769218078
0.8636365792
0.8594478473
0.8558599567
0.8511604568
0.8573870860
0.8473645901
0.8476235748
0.8084660375
0.8006406147
0.8121457671
0.8268095697
0.8254893614
0.7940345537
0.7665058938
0.7793395606
0.7996043431
0.8138607309
0.8195294259
0.7913356861
0.7696575018
0.7772889833
0.7689980732
0.7782758055
0.7830837087
0.7675845824
0.7456303879
0.7078195502
0.6867529879
0.7090974567
0.6835258187
0.6545434214
0.6281900347
0.5922482588
0.5502416132
0.5138219021
0.4945871655
0.4830945594
0.4480980297
0.3993389678
0.3479899579
0.3004811316
0.2676188617
0.2294044104
0.2094987695
0.1990288572
0.1861797354
0.1903074705
0.2087031995
0.1955522080
0.1798028326
0.2008989485
0.2355877437
0.2787038286
0.2860622660
0.3126768133
0.3774163686
0.4397208969
0.4778311923
0.5159746487
0.5705430044
0.6192509014
0.6528140586
0.6732064245
0.6678770395
0.7120264846
0.7348002729
0.7369356292
0.7529165876
0.7523438433
0.7319131480
0.7297169326
0.7349518382
0.7700976033
0.7752660986
0.7672989801
0.7682360480
0.7723865867
0.7950171672
0.8079321844
0.7956989195
0.7970617595
0.8192960901
0.8373375125
0.8495969517
0.8445247135
0.8471973571
0.8441843030
0.8382857107
0.8270836200
0.8324072281
0.8359757236
0.8264897884
0.8386536300
0.8760111293
0.8817797868
0.8850027609
0.8801561368
0.8669546072
0.8717116749
0.8772294136
0.8873654418
0.9117924981
0.8984715410
0.8700176749
0.8778639263
0.9018692076
0.8941891017
0.8775774110
0.9213015919
0.9037542018
0.8790549693
0.8955075792
0.9214069171
0.9323737211
0.9347374367
0.9275482109
0.9134019711
0.9043519880
0.8862088702
0.8805056459
0.9094934714
0.9240794926
0.8998422269
0.8865508584
0.8905909718
0.9175524016
0.9376951185
0.9181853428
0.8940067851
0.9035404067
0.8906663909
0.9021435358
0.9163793189
0.8825092983
0.8668932824
0.9052197615
0.9296110812
0.9294778066
0.9390952437
0.9527234458
0.9494374279
0.9441101476
0.9457587868
0.9408876390
0.9552821910
0.9768765988
0.9918733139
0.9839198241
0.9842134417
0.9741411155
0.9316309256
0.8826835687
0.8574893152
0.8625774317
0.8844927524
0.9028062056
0.9262693254
0.9361281412
0.9423136882
0.9330331059
0.9299948773
0.9550482139
0.9621289018
0.9505478284
0.9461328549
0.9417177991
0.9447031058
0.9747152407
0.9275742301
0.9212947926
0.9555942586
0.9500636585
0.9964546026
0.9962503099
0.9802280374
0.9595443266
0.9322821448
0.9217585668
0.9338084043
0.9459913237
0.9602666403
0.9760161787
0.9729531970
0.9581786133
0.9514117203
0.9761790222
0.9752376718
0.9918781150
0.9860502332
0.9499876731
0.9496367661
0.9795844604
0.9837883691
0.9757138933
0.9769290341
0.9713064929
0.9732424339
0.9654338766
0.9417988160
0.9441706485
0.9601412096
0.9521540331
0.9363256981
0.9267176683
0.9279320265
0.9488892452
0.9509719160
0.9511158752
0.9705789401
0.9566189886
0.9575017077
0.9416726761
0.9449035057
0.9385824796
0.9275667041
0.9471449443
0.9649479605
0.9466320305
0.9548142925
0.9839013677
0.9905102011
0.9798120137
0.9775916938
1.0044650310
1.0283760570
0.9885327236
0.9610691229
0.9746784125
0.9982222964
1.0158077682
1.0240345655
1.0163879211
1.0078914131
1.0001150897
0.9752492731
0.9769850524
0.9899935147
0.9608547773
0.9702573479
0.9780786211
0.9669496873
0.9769692625
0.9775863424
0.9660134687
0.9737478710
0.9719171366
0.9542750851
0.9304152449
0.9230086641
0.9360450809
0.9561693592
0.9424846882
0.9156009126
0.9411989680
0.9835760549
1.0105086620
1.0144436018
1.0070995876
1.0118742550
1.0103767989
0.9911800636
0.9838515030
0.9993966832
1.0135587916
1.0161181975
1.0117261814
1.0059489881
0.9932919254
1.0203418441
1.0429245244
1.0244500407
0.9900610068
0.9544787295
0.9448877359
0.9445028878
0.9521420900
0.9237790583
0.9286587845
0.9393313040
0.9559253473
0.9822603837
0.9962081490
0.9839255839
0.9579415716
0.9588594364
0.9825183838
0.9899459249
0.9840975361
0.9689190869
0.9864600569
1.0207425761
1.0202821803
0.9670476601
0.9648220207
0.9905079576
0.9740791051
0.9827554764
1.0208081405
1.0272034181
0.9999111033
0.9838389319
0.9869162437
0.9928859306
0.9943032334
0.9958597326
1.0215618846
1.0477351641
1.0396131756
0.9936135356
0.9941124233
1.0005859926
0.9894416881
0.9937397905
1.0168712110
1.0260498296
1.0163881302
1.0199791180
1.0254436590
1.0158383147
1.0016285610
1.0228998997
1.0349287476
1.0020140279
0.9870143109
1.0020896169
0.9997046890
0.9908500196
0.9826435761
0.9851039460
0.9973234967
0.9848424395
0.9623683606
0.9726357712
0.9817497190
1.0014211489
0.9793375150
0.9916908894
1.0008553688
0.9907401764
0.9807812225
0.9845177477
0.9982677351
1.0023946425
1.0004655528
1.0193920848
1.0312796430
0.9943271989
0.9645188116
0.9486073768
0.9574805427
1.0030388225
0.9828215243
1.0083407561
1.0018403743
0.9708341847
0.9715802714
0.9926135472
1.0186054906
1.0374343592
1.0314811023
1.0119371972
1.0126050589
1.0271207620
1.0237018213
1.0095718434
1.0073878189
1.0138544675
1.0209875700
1.0019429487
0.9703228772
1.0072749446
1.0114404781
1.0004715982
0.9989034498
0.9929235365
0.9778506015
0.9810135391
1.0077165359
0.9986794197
0.9688142684
0.9739373824
0.9974417256
1.0139373881
1.0252705144
1.0320265032
1.0379321581
1.0145503376
0.9875745060
1.0192995998
1.0147185231
0.9936071204
0.9912245907
0.9780017540
0.9737917465
0.9738959165
0.9984307059
0.9812392152
0.9752354250
0.9791550490
1.0115649022
1.0091603284
0.9802048310
0.9805283413
1.0020934231
1.0139897912
1.0017623867
0.9811807196
0.9784828900
0.9886413631
0.9987497945
0.9973915090
0.9668085105
0.9862464076
1.0012928175
1.0087214367
1.0001368692
1.0098310965
0.9999703886
0.9762888230
0.9979363842
1.0094362960
0.9994284939
1.0128691552
1.0251770148
1.0033119586
0.9870969306
1.0006933875
1.0097461063
1.0012173705
0.9720546562
0.9723065872
0.9822990854
0.9923752215
1.0399186105
1.0429543456
0.9985319325
0.9748293895
0.9651752262
0.9779529575
0.9760324053
0.9721894796
0.9942582297
1.0159725065
1.0083902427
0.9987491662
1.0213096455
1.0427235845
1.0226750175
1.0358531293
1.0389328390
1.0378166158
1.0306750072
1.0050924047
0.9890521396
0.9832747884
1.0092117383
1.0007405256
0.9937880979
0.9825920000
0.9833546528
0.9972417558
0.9963821342
1.0006154129
1.0137570403
1.0042188573
0.9942327082
0.9966996206
0.9837687787
1.0106354041
0.9894738447
0.9995195197
0.9951425109
1.0148184663
1.0051067966
0.9872045941
0.9869453312
1.0283032696
1.0470900718
1.0202122143
0.9903608850
0.9717760025
0.9699354608
0.9990847529
1.0299835142
1.0301644344
1.0168228472
1.0006023652
0.9909705965
1.0155298694
1.0204289552
0.9997128228
0.9796691117
1.0101112988
1.0262051360
1.0084563336
1.0092956394
1.0392428167
1.0478228249
1.0215929079
0.9990165146
0.9951759735
0.9913053701
0.9729242999
0.9644788760
0.9805497576
0.9936908223
0.9957811775
1.0066948012
1.0146309871
0.9875587217
0.9714925491
0.9984915588
1.0043822737
1.0033650054
1.0135762539
0.9992876314
0.9958151382
1.0094615020
1.0181702850
1.0212793504
1.0159019649
1.0192167489
1.0151751504
1.0006177008
0.9792604848
0.9756791643
1.0117964413
1.0103278195
1.0049347647
0.9931796542
1.0008222753
1.0002877781
1.0091714843
1.0230462899
1.0376160514
1.0447351720
1.0309571791
1.0025576450
0.9840247172
0.9908314622
1.0015788495
0.9854224636
0.9634037121
0.9709804202
0.9912793666
0.9651931870
0.8871996192
0.8321916436
0.8128043703
0.8006458166
0.8215404216
0.8932291371
0.9417136005
0.9609677948
0.9901675666
1.0079929246
0.9933193218
0.9762789362
0.9821512260
0.9763801857
0.9574308167
0.9547456316
0.9367341687
0.8971981593
0.8711284520
0.8650218779
0.8843047031
0.9391199465
0.9889464799
1.0027758994
0.9930483543
0.9807284360
0.9899328006
1.0233168526
1.0280396992
1.0028291643
1.0054854115
0.9900525191
0.9934694972
0.9942876575
0.9752159439
0.9828206304
1.0277542782
1.0456010925
1.0082610775
0.9855951995
1.0013424185
0.9934088146
0.9929133317
0.9905967224
0.9726420761
0.9813939541
0.9865027693
0.9909578548
1.0117906491
0.9915927642
1.0075393207
1.0154983619
1.0175731433
0.9960301862
0.9842288947
0.9946549879
1.0143472233
1.0210154028
1.0252022595
1.0463494306
1.0488245559
1.0092161670
0.9843064347
0.9837820471
0.9921087281
0.9929666559
1.0262380676
1.0558643197
1.0273854099
1.0136100370
1.0107452819
1.0259237105
1.0186587800
0.9942982655
1.0146090138
1.0258499750
1.0168668872
0.9831674762
0.9764346307
1.0005767256
0.9887523266
0.9831601874
0.9993707205
0.9970020623
0.9978616580
0.9948040862
0.9843041980
1.0196900377
1.0475573805
1.0183599637
1.0038921980
1.0165434598
1.0330564452
1.0079662247
1.0071556696
0.9754928797
0.9484607087
0.9424293685
0.9517219780
0.9802290483
0.9995263629
1.0044881189
1.0145852120
1.0223924611
1.0403462485
1.0131692051
0.9810730381
1.0013676292
1.0335469283
1.0173712062
1.0106075508
1.0132109898
0.9766379310
0.9824223340
0.9906899127
1.0120960799
1.0290463885
1.0165439913
1.0019859022
1.0272442137
1.0407280143
1.0070156715
1.0108710571
1.0036574768
1.0102956167
1.0109627409
0.9746981685
0.9687641689
0.9674677864
0.9792244564
0.9932896570
1.0161978616
1.0187478710
1.0069801288
1.0125370597
1.0165042744
1.0027865901
0.9867262355
0.9815928766
0.9871603604
0.9930139236
0.9970217128
1.0158552085
1.0284772517
0.9980551255
0.9812453987
1.0046113947
1.0068564731
0.9616061338
0.9818056254
1.0024312579
1.0279746775
0.9991010843
0.9911878840
1.0187824086
1.0225564201
0.9959781665
0.9792232400
0.9963959535
1.0234269993
1.0300723586
1.0192781561
0.9989673750
0.9841946153
1.0062673628
1.0082523666
1.0016518847
1.0234871338
0.9929281024
0.9698131030
0.9945057410
0.9891573196
0.9955450209
0.9804566234
0.9843888616
0.9908858540
1.0012982061
1.0047724862
0.9984239406
0.9838802771
0.9884968800
1.0133279998
1.0122492352
1.0042263814
0.9719692672
1.0075468267
0.9719732276
0.9973646935
1.0032677651
0.9636723207
0.9695448507
1.0100517675
1.0016945350
0.9895805464
0.9725521948
0.9600629724
0.9431029833
0.9442215966
0.9689303595
0.9891804755
0.9948001025
0.9970071407
0.9973428932
0.9875362190
0.9722276681
0.9953473947
0.9993945331
0.9802569401
1.0032941520
1.0148159039
0.9986892122
0.9691871936
0.9709124527
0.9895161596
0.9928318339
0.9848317218
0.9858673678
1.0062142107
1.0116117126
0.9956305028
0.9981494673
1.0240193158
1.0392558731
1.0249707509
0.9898043728
1.0120336529
1.0386791337
1.0184970310
1.0179057859
1.0160397279
0.9712838791
0.9868349055
0.9828743790
0.9713963431
0.9868844366
0.9940007056
1.0017564248
1.0227273323
1.0278757549
1.0168640636
1.0179496472
1.0248988602
1.0202351283
1.0136455582
1.0152908180
1.0429885126
1.0417019319
0.9731280409
0.9536637236
0.9604765045
0.9830339154
0.9982811706
0.9735408541
0.9630906753
0.9734333826
0.9817984604
1.0027953035
0.9920083573
1.0051092569
1.0250238370
1.0251000957
1.0291639018
1.0084162302
0.9795810092
0.9949453562
1.0250662797
0.9903008315
0.9819740278
0.9949032842
0.9699040514
0.9407347230
0.9205750125
0.9133665771
0.9042925534
0.9054325681
0.9234845409
0.9537699053
0.9712057451
0.9764528315
0.9899215375
1.0057339723
1.0006584960
0.9832818702
0.9832850221
0.9912794740
0.9848103026
1.0034150087
1.0290612139
1.0168007239
1.0238252286
1.0359807197
0.9979213665
1.0039702930
0.9850469880
0.9807050085
0.9894841732
1.0014848429
1.0151667429
1.0161889180
1.0160408520
1.0159230596
1.0204612457
1.0409231546
1.0472562427
1.0321420828
1.0179343956
0.9967000802
1.0297347962
1.0488648789
1.0046807670
1.0167099183
1.0178935072
0.9856678286
0.9921037610
1.0064121356
1.0182429572
1.0062746745
0.9801725068
0.9715643172
0.9951247134
0.9982492633
0.9765994416
0.9782357591
0.9852250761
0.9833124080
0.9792977153
0.9823896704
0.9935599066
1.0138653967
1.0485790671
1.0254538845
0.9947457265
1.0291987038
1.0450812015
1.0385368245
1.0297736877
1.0252105831
1.0318964943
1.0355731501
1.0237035804
1.0095048869
1.0250062902
1.0441743303
1.0123862095
0.9752768760
0.9830416289
1.0110921743
1.0311016783
1.0377071933
1.0253004031
1.0178904232
1.0187218159
1.0203219884
1.0300720404
1.0432330738
1.0503147176
1.0582508226
1.0312201799
1.0100331032
1.0229800512
1.0268492032
1.0171558608
1.0187989747
1.0212237025
1.0282647161
1.0299981521
1.0043558498
1.0014051005
1.0225056626
0.9832791316
1.0008766582
1.0029144393
0.9934807330
1.0309624671
1.0308122404
1.0124764437
0.9921111747
1.0115549701
1.0177121575
1.0002720904
1.0023301876
1.0025241742
0.9890137184
1.0061035022
1.0351713864
1.0301001777
1.0025156132
1.0052360166
0.9822103344
1.0069521354
1.0520365720
1.0321045472
1.0249310433
1.0268934489
1.0321196561
1.0444450372
1.0383552699
1.0103574447
0.9946306160
0.9962744519
0.9953290014
0.9770420084
0.9582573057
0.9745941161
1.0107025016
1.0231238410
1.0344878697
1.0083813248
1.0167593159
0.9883353699
0.9568668955
1.0042209869
0.9981897789
0.9746751357
0.9789893791
1.0153828208
1.0072945303
0.9930130259
0.9934388608
1.0062244134
1.0057938159
0.9995205867
0.9952968784
0.9721688569
0.9542340007
0.9789991118
1.0111022201
1.0040020049
0.9674939586
0.9918062057
1.0325575466
1.0127080977
0.9824884139
1.0140190329
1.0168307379
0.9752993577
0.9735752458
0.9783810981
0.9767924810
0.9783578452
0.9998046493
1.0205242340
1.0109328115
1.0026421405
1.0192776547
1.0136202100
0.9934348613
0.9927783579
0.9925427549
1.0166030459
1.0256114191
0.9995121834
1.0099556552
1.0305915393
1.0142880032
0.9886246879
0.9891892599
0.9962290022
0.9949564736
0.9999462858
1.0312061221
1.0361366981
1.0033677823
0.9869332868
0.9903564623
0.9923782655
0.9834341869
0.9940117159
1.0295183416
1.0242065141
1.0281292638
1.0286586780
0.9930557831
1.0043930204
1.0177103294
1.0089764944
0.9915775887
1.0193990026
1.0266831167
1.0001121417
0.9974687591
1.0170149832
1.0087060512
0.9844873660
0.9886642461
1.0032650791
1.0019832294
0.9984679685
0.9886605939
0.9809946201
1.0004476630
0.9969568161
0.9934639892
0.9817575747
0.9798121880
0.9756904435
0.9909627323
1.0076917720
1.0085213371
0.9920798953
0.9951255275
1.0123998376
1.0172759717
1.0284519570
1.0380460472
1.0137187969
0.9978400025
0.9799088432
0.9920147424
0.9821261761
1.0140908964
1.0120307244
1.0041969996
1.0176779939
0.9885154782
0.9771261454
0.9680932802
0.9949704480
0.9938992009
0.9983336366
1.0016849614
0.9857815561
0.9797502911
0.9904162902
0.9954453858
0.9967635352
0.9947429947
0.9887790344
1.0129920179
1.0470739850
1.0355368201
0.9966562853
0.9684088921
0.9797022932
0.9936601850
0.9831641543
0.9729885183
0.9797179703
0.9901067373
0.9923935453
0.9950733552
1.0055424077
0.9991218774
0.9877225845
1.0051899585
1.0083454389
0.9646844729
0.9499647546
0.9857374018
1.0001975155
0.9900374593
1.0050763045
0.9932598460
0.9930019276
0.9983492933
1.0067501561
1.0191984002
1.0292435029
1.0185171630
0.9983400846
0.9849633556
0.9955095666
1.0111932453
1.0203467610
1.0128252721
0.9901461655
0.9979494673
0.9958617475
0.9878280570
0.9906845578
1.0020907560
0.9931496615
0.9729714390
0.9605319160
0.9926079195
0.9856204342
0.9794568972
0.9791685473
0.9774330714
0.9521709934
0.9475373965
0.9734827357
0.9766111489
0.9750747050
0.9950254931
1.0022637454
1.0052195888
0.9923549537
0.9695727429
0.9973727757
1.0239001094
1.0165590099
0.9993133725
1.0130346478
0.9914884754
0.9684010020
0.9365085239
0.9607193132
0.9667297486
0.9863432276
0.9937228911
0.9934416053
0.9942717139
1.0067796741
1.0205620484
1.0169169179
1.0083785331
0.9814225170
0.9928349031
0.9720790877
0.9689881555
0.9884692335
1.0206920560
1.0107143402
0.9858546652
1.0007779537
1.0284449151
1.0311661228
1.0316780662
0.9993289045
0.9754194837
0.9887501138
0.9997981671
0.9937632290
0.9907065416
1.0004438220
1.0196798674
1.0149281538
0.9816983752
0.9899566277
1.0329247052
1.0401660612
1.0034338536
1.0130541930
1.0157757160
0.9956499325
0.9953569659
1.0128589052
1.0007969613
1.0281642594
1.0200631765
0.9930190103
0.9922885153
1.0047899265
1.0049634123
0.9936759280
0.9807735374
0.9742585007
1.0144154323
1.0411810422
0.9988399408
1.0135591241
0.9778147325
0.9798628978
0.9987222650
1.0184839554
1.0022812365
0.9887716683
1.0142906500
1.0178149879
1.0193117939
1.0153838393
0.9979472135
0.9967805797
0.9998498533
0.9897530057
0.9877012011
0.9775167383
0.9752675009
0.9927836806
0.9962493221
1.0039925545
1.0330003686
1.0313369076
0.9863042794
0.9615110599
0.9740918742
0.9722077741
0.9771040035
0.9649840741
0.9421540210
0.9329797252
0.9324444059
0.9075389952
0.8959898850
0.9302301515
0.9611319373
0.9817169904
0.9905463823
0.9554136182
0.9381487433
0.9558866031
0.9909516691
0.9704900850
0.9453457965
0.9474003988
0.9726326863
1.0334108229
1.0322127729
1.0174999212
1.0046788103
1.0078458785
1.0018479607
0.9862917735
0.9725284485
0.9739322230
0.9875172229
0.9863805080
1.0031010507
1.0102626147
1.0350920439
1.0029432252
0.9489326939
0.9492654414
1.0253714262
0.9782520023
0.9420346181
0.9294016479
0.9675800274
0.9966170158
0.9832870914
0.9736535221
0.9790500613
0.9954798688
0.9989121235
0.9867190287
0.9913996858
1.0133252634
1.0346776367
1.0158328371
0.9900491215
1.0242924920
1.0249883936
1.0243165872
1.0068641105
0.9814816586
0.9505101310
0.9656541754
0.9847656246
0.9839657680
0.9737883947
0.9744100044
0.9928514085
0.9866564550
0.9757527905
0.9817202018
0.9792331598
0.9844111741
0.9945123063
0.9979061040
1.0098020634
1.0099464321
1.0001227926
1.0181281650
1.0038664384
0.9797246972
0.9888890831
0.9752566115
0.9360717315
0.9282967070
0.9463452570
0.9613903536
0.9745511157
0.9716825331
0.9662167080
0.9599667650
0.9491500282
0.9587393480
0.9694496769
0.9870736509
1.0210415366
1.0116289621
1.0031833966
0.9914576277
0.9853992199
0.9800055414
1.0299385083
0.9939673814
0.9687393511
0.9639767200
0.9730667716
0.9953145282
1.0048800405
1.0118570780
1.0099975401
1.0156743203
1.0266394297
1.0099209764
1.0012929766
0.9840416866
0.9758455267
0.9778373859
1.0084116679
0.9818776607
0.9640154227
1.0036014388
0.9647758557
0.9836372870
1.0033930965
0.9915838427
0.9956025639
0.9776576751
0.9922974898
0.9865870310
0.9639411809
0.9620032288
0.9693988098
0.9864344836
0.9930922713
0.9903847186
0.9850273319
0.9756165307
0.9727183360
0.9519785614
0.9985171107
1.0080748952
1.0031787883
0.9679202575
0.9684242628
1.0001391932
0.9977975988
0.9864485608
0.9891214237
1.0025590853
0.9944664862
0.9720683475
0.9874168805
1.0191686856
1.0080380096
0.9955477434
0.9985977355
1.0104888347
0.9895138194
0.9963229706
0.9804659329
0.9713167991
0.9778382068
1.0100305370
0.9970566739
0.9782234197
0.9967294462
0.9866480958
0.9905316315
1.0001066497
0.9568714736
0.8954838630
0.8666957636
0.8523592241
0.8376265726
0.8350342965
0.8715190208
0.9249082654
0.9779693337
0.9901401436
0.9926129728
0.9799878077
0.9703019927
1.0046687191
0.9898203305
0.9899134332
0.9922960098
0.9736105302
0.9536345420
0.9678241799
0.9776738043
0.9669129860
0.9738903770
0.9824640621
0.9717080154
0.9784981440
0.9658082765
0.9685411484
0.9819163559
0.9937316102
1.0120981766
0.9806673144
0.9933566569
1.0179578358
1.0151091024
1.0024176620
0.9901171844
1.0042281196
0.9931140076
0.9644136405
0.9438793529
0.9518656256
0.9755013633
0.9877038266
0.9978420489
0.9987599529
0.9699365332
0.9619866138
0.9879463119
1.0202661024
1.0163827958
0.9914457039
0.9678387008
0.9926845836
0.9918072090
1.0129350624
0.9670760432
0.9431686819
0.9723876869
0.9875835586
0.9919533680
0.9976520472
0.9804756776
0.9683580845
0.9967428420
1.0211682364
1.0212535148
1.0186514686
1.0191612152
1.0215372071
1.0408452699
1.0218015398
1.0022118086
0.9622290359
0.9864839384
0.9928247641
0.9672445040
0.9556957905
0.9839298961
1.0010669754
0.9890487276
0.9658158301
0.9655688560
0.9766772584
0.9888422878
1.0205480595
1.0029067263
0.9904771905
1.0064993991
1.0195773401
0.9928536986
0.9718042101
0.9952492037
1.0037387262
1.0130827486
0.9873528275
0.9766263038
0.9796443875
0.9970601108
0.9976296521
1.0073038330
1.0107924001
1.0053448860
0.9977402706
0.9848844384
1.0075798952
1.0437016701
1.0336891206
0.9994612322
0.9547413178
0.9571979328
1.0038256596
1.0331856375
1.0313080754
1.0197432703
0.9640044334
0.9930331741
0.9896637909
1.0154830467
1.0072505335
0.9934350190
0.9977297068
0.9831317948
0.9636231480
0.9581679191
0.9584110971
0.9832961565
0.9846828130
0.9848658104
1.0189797403
0.9923762092
0.9570462369
0.9940724909
1.0023174403
0.9957326411
0.9790972168
0.9684075287
0.9893840756
1.0182757412
1.0335510168
1.0114799285
0.9739148202
0.9713576611
1.0082574524
1.0088463180
0.9615622931
0.9712757893
0.9991407463
0.9880371912
0.9580031227
0.9968059182
1.0333630024
1.0052772027
1.0006876299
1.0063075189
0.9619641545
0.9469616189
0.9804150165
0.9728068915
0.9869725834
1.0227681579
1.0163947106
1.0018983398
0.9892645922
0.9742499673
0.9845317718
0.9837160086
0.9953393566
0.9827741538
0.9947180411
0.9971365035
0.9484679041
0.9545134796
1.0216975973
1.0354553608
0.9954443076
0.9610652146
0.9573549933
0.9815191077
0.9989200906
1.0013918507
1.0298502752
1.0815044864
1.0872744401
1.0387560371
0.9941620035
0.9793896531
1.0019019378
1.0052661561
0.9876314530
0.9773793201
1.0029748671
1.0052805773
0.9953169261
0.9826616905
0.9514433747
0.9796425591
1.0107768830
1.0173958932
1.0107228901
1.0097366860
1.0056443125
0.9934649437
0.9772546908
0.9680837165
0.9804443081
1.0033810358
1.0147649812
1.0189837965
1.0132016439
1.0135696930
0.9767150452
0.9484445190
0.9757259404
1.0266605151
1.0363458570
1.0037297794
0.9883487785
1.0092021740
1.0192503208
0.9976056064
0.9991453567
1.0112040081
1.0061083107
0.9920299618
1.0015868150
1.0362302956
1.0152624617
0.9792561109
0.9870474545
0.9972923571
0.9984724486
1.0113924510
1.0303734779
1.0087317750
0.9836511035
0.9938406213
0.9844076969
0.9755453557
0.9565383097
0.9771534490
0.9763633667
0.9776373175
0.9849540907
0.9870422170
1.0023011413
1.0048533867
1.0047969918
1.0035883712
1.0044965690
1.0149092783
1.0194090037
1.0278261866
1.0402076298
0.9997754379
0.9670359084
0.9935724326
1.0070887372
0.9873961967
0.9716785484
0.9812055428
0.9942944687
0.9938499314
0.9915211811
1.0111561421
1.0361144494
1.0200345365
0.9838205346
0.9855853251
0.9900489186
0.9810485829
0.9872938444
0.9951379256
0.9857059862
0.9827217509
0.9932512572
1.0058994724
0.9960264892
0.9906261467
0.9890166619
0.9838731229
0.9637110804
0.9758285793
1.0066621846
1.0225834172
1.0056108519
0.9798539173
1.0072362338
1.0073645157
0.9804049927
0.9952714141
0.9944754212
0.9712754077
0.9793890363
1.0126778393
1.0069185525
0.9673020443
1.0101109158
0.9955409412
0.9783177588
0.9896976779
0.9939601258
0.9835617180
0.9691242811
0.9712833754
0.9893458968
0.9968134086
1.0065818224
1.0372302158
1.0481685482
1.0374486458
1.0217926038
1.0244957807
1.0459891059
1.0113359021
0.9942104548
0.9782320695
1.0287076813
1.0253190601
1.0301607535
1.0256925709
1.0192858457
1.0292877161
1.0213302001
0.9935166175
0.9914029906
1.0095785732
1.0160264293
1.0125605142
0.9639314265
0.9001760133
0.8813509726
0.8712164730
0.8058262366
0.8151235331
0.8782738915
0.9214213975
0.9513197217
0.9385111584
0.9627609854
1.0117336911
1.0202355215
1.0082571024
0.9987405377
0.9805259264
0.9775782998
1.0005558192
1.0150740781
1.0243174697
1.0209655932
1.0142752008
1.0131611194
0.9929296438
1.0004113986
0.9878034266
0.9933531804
0.9802897029
0.9852597724
0.9822065321
0.9743544747
0.9650726005
0.9668386992
0.9963802190
1.0144505172
0.9981759148
0.9983530203
1.0151694194
1.0143813409
1.0302353910
1.0132816281
0.9692621527
0.9850519631
0.9864170822
0.9644086849
0.9730348737
0.9909953814
1.0092039106
1.0122046012
1.0268868052
0.9791263263
0.9635646997
0.9971948145
0.9935264473
0.9872690096
1.0137556168
1.0276971673
1.0130191154
0.9990490175
0.9986841146
1.0053086436
1.0064492990
1.0200142382
1.0176083603
1.0038668734
0.9982837775
1.0143240053
1.0105762856
1.0311190971
1.0447786827
1.0079657221
1.0072970656
1.0248593122
1.0167446801
0.9794701421
0.9499010247
0.9656134421
0.9914395027
0.9918201556
1.0139230127
1.0461614406
1.0255934267
0.9708418620
0.9724519405
1.0255940509
0.9992671083
0.9982273249
1.0299227689
1.0203395428
1.0130333462
1.0169486411
1.0074768383
0.9868759673
0.9719121171
0.9820543049
0.9704704530
0.9651318819
1.0007885798
1.0311309404
1.0333649294
0.9943047745
0.9749008268
0.9923225678
1.0137587279
0.9734132898
1.0084659743
0.9900121792
1.0238416646
1.0220312702
1.0010893722
1.0289218121
1.0420295981
1.0045186209
1.0033371793
1.0106362707
0.9965531036
0.9918524211
1.0013762872
1.0015149473
0.9834500986
0.9761753820
1.0101040505
0.9851416468
0.9861426250
0.9948051386
0.9732355463
1.0004331659
1.0305225936
1.0176637788
0.9789772228
0.9653427859
0.9934664997
0.9895325096
0.9800634856
0.9861556582
1.0046652473
1.0027672950
0.9914398049
1.0000454476
1.0074652629
1.0166773993
1.0215864940
1.0049513198
1.0246021268
0.9800422980
0.9984163016
0.9786666484
0.9685323733
0.9691171193
0.9824488495
0.9763901471
0.9776736735
0.9950562743
1.0205090962
1.0181558915
1.0309338939
1.0243438488
1.0040970117
1.0174918669
1.0378806223
1.0567261153
1.0225517001
1.0039404567
1.0287289284
1.0567120222
1.0415339261
1.0372905194
0.9784971423
1.0008403588
1.0011639157
1.0113521616
1.0200403950
1.0162336383
1.0283428123
1.0342543835
0.9968112770
0.9770779624
1.0000246349
1.0105201960
1.0048988403
1.0015089221
0.9899297397
1.0029693894
1.0132278318
1.0258389840
0.9941984740
1.0446438708
1.0588754672
1.0081469332
1.0183610596
1.0470617430
1.0421502400
1.0341937502
1.0199117609
1.0222652293
1.0158552341
1.0080368910
1.0139581570
