#flux
0.9846552687
0.9786748540
0.9737631682
0.9771563519
0.9806192680
0.9740270667
0.9777056807
0.9950932276
1.0036650303
0.9997071855
0.9874088720
0.9815558577
0.9910713009
0.9836764243
0.9959694609
1.0041303861
0.9940911087
0.9847732513
0.9812685602
0.9851379895
0.9916720168
0.9864075353
0.9806209193
0.9831870355
0.9857620801
0.9907056390
0.9922202396
0.9775549911
0.9632275701
0.9633316787
0.9734463408
0.9882354025
0.9936118214
1.0025088570
0.9909667404
0.9794850961
0.9897104172
0.9996277769
0.9921677261
0.9847025994
0.9884516314
0.9858101840
0.9837559452
0.9934560417
1.0034838717
1.0028184400
0.9888743961
0.9815354867
0.9859174457
0.9871753565
0.9911628774
1.0024812105
0.9955653922
0.9773370834
0.9728386869
0.9719876475
0.9675438092
0.9746882435
0.9920084409
0.9906794180
0.9900493666
0.9900722204
0.9811551668
0.9750595340
0.9753250372
0.9692626972
0.9614963026
0.9764278063
1.0032552810
0.9946307381
0.9827771222
0.9775166362
0.9589881672
0.9894379981
1.0135945756
1.0040735836
0.9776411828
0.9586731633
0.9612306568
0.9651676050
0.9647885556
0.9681025167
0.9713854600
0.9708281644
0.9714511638
0.9708507593
0.9603432512
0.9453633864
0.9431826978
0.9460195126
0.9349335543
0.9447696992
0.9440673891
0.9441320406
0.9364246838
0.9374231640
0.9567791468
0.9642835676
0.9571396505
0.9510139388
0.9559981823
0.9686832720
0.9735676914
0.9702706725
0.9772240899
0.9943170177
0.9974906638
0.9840988116
0.9788500418
0.9666570077
0.9685908822
0.9612075664
0.9509448898
0.9459865485
0.9507391648
0.9539584702
0.9462985279
0.9411004502
0.9461517611
0.9585544142
0.9615281207
0.9562175284
0.9542835899
0.9547202662
0.9480721118
0.9342905434
0.9276888884
0.9386690664
0.9535478368
0.9537135987
0.9507442248
0.9472371617
0.9425792635
0.9396463623
0.9342859270
0.9274910299
0.9304370822
0.9428011848
0.9408702802
0.9254199732
0.9120785817
0.9142820561
0.9255853214
0.9312328928
0.9292479880
0.9237076072
0.9138370830
0.9059978418
0.9135106236
0.9193313925
0.9203604374
0.9181318151
0.9185608062
0.9071669014
0.9143868585
0.9210290291
0.9094889800
0.9100799265
0.8978817771
0.8924174243
0.8844916277
0.8814957422
0.8904426429
0.9003658696
0.9030865211
0.8967914662
0.8882654667
0.8829083802
0.8830208405
0.9020057503
0.9105002263
0.8901270868
0.8787941755
0.8844085674
0.8743168755
0.8647903536
0.8705694393
0.8748549493
0.8771361830
0.8777838288
0.8724867066
0.8675681205
0.8602627988
0.8527819507
0.8550999905
0.8593828538
0.8533567993
0.8378061768
0.8260752122
0.8296896934
0.8394927564
0.8398234296
0.8216980052
0.8266228621
0.8287809354
0.8201418073
0.8120596276
0.8054347639
0.7879214320
0.7576089311
0.7359393367
0.7294802236
0.7148489046
0.6895254474
0.6705684125
0.6536802577
0.6314468646
0.6098809827
0.6002153011
0.5980497752
0.5857241317
0.5736118395
0.5623069457
0.5629347726
0.5524547850
0.5486265323
0.5605648001
0.5706863555
0.5773818697
0.5956369473
0.6160013609
0.6257539130
0.6363019481
0.6557388682
0.6757608236
0.6895774065
0.7010864701
0.7224036480
0.7356868987
0.7362999712
0.7468215096
0.7628839542
0.7694273401
0.7841905525
0.8040882165
0.8177685051
0.8151548809
0.8149522197
0.8082727331
0.7956721412
0.7985134597
0.8173613157
0.8325345532
0.8341760986
0.8271433888
0.8207514886
0.8188019533
0.8155010474
0.8172335215
0.8129469080
0.8084031453
0.8071473005
0.7988531639
0.7923660708
0.7752589543
0.7779261258
0.7831332937
0.7740152865
0.7713902179
0.7645213380
0.7504331833
0.7362975744
0.7221112567
0.7133493212
0.7172553890
0.7303134824
0.7500494327
0.7679473395
0.7631879327
0.7434192492
0.7515596934
0.7722438602
0.7812780423
0.7815126135
0.7838516595
0.7966962708
0.8125279402
0.8192030122
0.8328949036
0.8490970419
0.8594776246
0.8602697008
0.8606260884
0.8747163002
0.8980854251
0.9082281364
0.8956967921
0.8792123076
0.8755911484
0.8801159754
0.8806402886
0.8720696398
0.8865894883
0.8993567521
0.9021761924
0.9100579268
0.9254891861
0.9333063445
0.9272942037
0.9262772370
0.9279241452
0.9221529567
0.9154244101
0.9107681429
0.9082675313
0.9112024655
0.9118777370
0.9145858023
0.9252779618
0.9313083054
0.9266449535
0.9114115496
0.9125957356
0.9223132822
0.9145447434
0.9045819786
0.8984741726
0.8906008570
0.8846988113
0.8856973974
0.8885952534
0.8924814463
0.8995422248
0.9020502986
0.9087235560
0.9284054133
0.9358500662
0.9374152275
0.9436541726
0.9603788151
0.9642265400
0.9513532292
0.9537722292
0.9594776612
0.9630126030
0.9567236189
0.9607134864
0.9562188996
0.9417341889
0.9415702428
0.9474033970
0.9519628102
0.9590401622
0.9616893652
0.9589213298
0.9601578795
0.9589659500
0.9535438563
0.9578355714
0.9696321869
0.9554299025
0.9517593550
0.9576951890
0.9555410445
0.9576862883
0.9659022825
0.9668029055
0.9680718433
0.9700912162
0.9710021026
0.9630234052
0.9552243759
0.9598700161
0.9725080322
0.9840237517
0.9875791885
0.9759258224
0.9573213165
0.9442370216
0.9342605722
0.9359088361
0.9386759444
0.9343882378
0.9425572720
0.9473281187
0.9518339817
0.9539242649
0.9609818803
0.9726262227
0.9782126870
0.9772966677
0.9801099967
0.9834969696
0.9753365756
0.9703820091
0.9877778062
1.0032855123
0.9950619545
0.9745785957
0.9652047181
0.9776287041
0.9853106992
0.9757799890
0.9800522926
0.9908517970
0.9930441018
1.0039962119
1.0022959769
0.9945593922
0.9882790330
0.9737340900
0.9638830630
0.9707010594
0.9782949538
0.9736604594
0.9686517942
0.9725181554
0.9755744548
0.9763083472
0.9737776365
0.9692697855
0.9588025329
0.9815434722
0.9914633540
0.9741741345
0.9589312623
0.9598611537
0.9668729191
0.9671468699
0.9628579717
0.9659266907
0.9678685588
0.9684552740
0.9714961234
0.9662411683
0.9565252527
0.9615529575
0.9731787319
0.9756725776
0.9706087447
0.9705635172
0.9745631178
0.9728293501
0.9802582825
0.9901012199
0.9897936355
0.9935630251
0.9794025130
0.9649352319
0.9713089576
0.9863369183
0.9946551722
0.9953696716
0.9964109264
1.0044969653
1.0104250342
0.9991702289
0.9842278715
0.9834727752
0.9821445234
0.9726276959
0.9696653257
0.9888318356
0.9931569525
0.9859149791
0.9805238930
0.9711014181
0.9599518398
0.9661284920
0.9873837763
0.9958025084
0.9938228554
0.9960589217
0.9889738995
0.9748138229
0.9748515790
0.9744161438
0.9695116155
0.9682106846
0.9739208330
0.9747061620
0.9733726760
0.9875122425
0.9908637637
0.9967134847
0.9901723865
0.9849338255
0.9832165932
0.9910069515
0.9904143125
0.9817728418
0.9777175141
0.9737316431
0.9671879054
0.9700795395
0.9793354882
0.9811833576
0.9878701438
1.0033118369
1.0072275773
0.9893178587
0.9716154062
0.9882100139
0.9958199996
0.9902232765
0.9943507438
1.0143932095
1.0228886641
1.0097712894
1.0000159945
1.0046600963
1.0178778572
1.0199888728
1.0113346759
1.0045997380
0.9995485797
1.0030923685
1.0091976501
1.0011389081
0.9984218018
1.0011084756
0.9911003738
0.9827243472
0.9925855579
0.9968152375
0.9892645761
0.9858621198
0.9990374605
1.0057214594
0.9984801291
0.9948564936
0.9991826459
0.9951956897
0.9847001450
0.9847913748
0.9924983119
0.9957628731
0.9955976801
0.9923307848
0.9815069801
0.9829740201
1.0045139412
1.0090668492
1.0115476069
1.0282345103
1.0156457963
1.0053327989
1.0048328154
1.0109246049
1.0179774933
1.0127448526
0.9986526524
0.9926132461
0.9920478606
0.9905582219
0.9957446908
0.9978728541
0.9875233743
0.9912076295
1.0072041596
1.0113345390
1.0053435126
0.9941827565
0.9908976902
0.9917643523
0.9862970149
0.9843275253
0.9896187884
0.9892437639
0.9906824918
0.9958319106
0.9959500281
0.9906655832
0.9938897669
1.0083752424
1.0114138769
0.9956523707
0.9845920338
0.9710095894
0.9780239903
1.0006313418
1.0180203884
1.0128318617
0.9931608908
0.9954710594
0.9827075836
0.9949644908
0.9975217988
0.9984668860
0.9902372041
0.9857483796
0.9897436641
0.9889926936
0.9838306197
0.9870708962
0.9963683185
1.0016507837
1.0083796030
1.0134959406
1.0038130192
1.0058293999
1.0249075199
1.0137571905
1.0021368245
1.0043572493
1.0108904676
1.0067986995
1.0031557173
1.0024891539
0.9978408556
0.9900095705
0.9865322430
0.9877911329
0.9887403129
0.9876174012
0.9838419449
0.9795338495
0.9817864702
0.9858467495
0.9965616312
1.0031894945
1.0010133350
0.9858918911
0.9828495210
0.9940712391
1.0083656721
1.0151966620
1.0064846335
0.9895112898
0.9830217778
0.9913518356
1.0022296082
1.0083485295
1.0063707351
0.9998395039
0.9998997155
1.0045078994
1.0061063244
1.0046053112
0.9976116775
0.9935525762
0.9922593317
0.9992868470
0.9999532059
1.0001936124
0.9949745007
0.9903529858
0.9985891935
1.0044157372
1.0069022126
1.0067067932
1.0089979528
1.0153922001
1.0178029415
1.0150793864
1.0180309113
1.0260153912
1.0225825363
1.0055218993
0.9865176161
1.0018972444
1.0150939413
1.0011506379
0.9821347382
0.9701364495
0.9766001747
0.9856041428
0.9819164226
0.9781892044
0.9762205756
0.9931696116
1.0042904017
0.9971303657
0.9956428263
0.9980552831
0.9934954728
1.0016977215
1.0151203977
1.0144307252
1.0013361075
0.9974187592
0.9947387593
0.9834396362
0.9952243621
1.0084006824
1.0192582046
1.0191697665
1.0061032951
0.9948425320
0.9886640968
0.9968884539
0.9957019873
0.9934579074
1.0082313477
1.0240300819
1.0314786570
1.0288663179
1.0129604390
1.0068776180
1.0123883792
1.0077547118
1.0079609588
1.0057005020
1.0067034799
0.9964079349
0.9866160975
1.0051638934
1.0133122978
1.0099442276
0.9928497523
0.9977803273
1.0213281073
1.0351994523
1.0258729787
1.0016943080
0.9848548979
0.9809115965
0.9778331943
0.9648469600
0.9465899300
0.9393196326
0.9379661021
0.9421812094
0.9267728067
0.9094272051
0.9079397534
0.9185130050
0.9263781381
0.9370299522
0.9381956563
0.9380031064
0.9540318587
0.9832915667
0.9979865725
0.9940454366
0.9999444426
1.0093175816
0.9920490671
0.9651049862
0.9532618839
0.9458441347
0.9543698668
0.9556412433
0.9550631155
0.9635279744
0.9822546413
0.9885304657
1.0005170046
0.9852964853
0.9826989004
0.9878760746
0.9916528027
0.9972324962
1.0094837903
1.0229396811
1.0205732587
1.0106884523
1.0124429738
1.0122663478
1.0021033940
0.9915536261
0.9822405336
0.9975756722
1.0149574157
1.0158331858
1.0095755015
1.0063209555
1.0007147497
0.9957840911
0.9879796619
0.9996820058
1.0147686053
1.0058939402
0.9809444706
0.9572568459
0.9440096070
0.9460166443
0.9448553958
0.9288467670
0.9254671251
0.9370789152
0.9491129806
0.9695813675
0.9814876994
0.9953053890
1.0028107065
1.0090007642
1.0002372994
0.9956522861
0.9926646827
0.9842681747
0.9788895882
0.9703705124
0.9556660843
0.9498384478
0.9563528257
0.9672704643
0.9809613788
0.9908586384
0.9922427137
1.0014210061
1.0122815915
0.9928662208
0.9784639226
0.9796823863
0.9925007739
0.9877899897
0.9827846145
0.9843923443
0.9930078043
0.9969390391
0.9969691733
0.9970590411
0.9935628415
0.9912996228
0.9967887670
0.9999637998
0.9978082133
0.9988707975
0.9975796218
0.9952076316
0.9945210686
0.9935351482
0.9953210321
0.9860092140
0.9817946391
0.9869587477
0.9997477419
0.9983217097
0.9957086952
1.0084980634
1.0186022671
1.0211611603
1.0235631573
1.0239897531
1.0223428392
1.0179813684
1.0062661647
0.9817236814
0.9854976964
0.9956789341
0.9935101057
0.9953462596
1.0003319238
1.0067615411
1.0121445496
1.0040376901
0.9936477776
0.9973529533
1.0046258178
1.0223333564
1.0347730466
1.0210222030
0.9935002524
0.9814123655
0.9863694018
0.9897509812
0.9965983806
0.9950845447
0.9930227556
1.0043310050
1.0115669439
1.0263698110
1.0197058516
0.9910990551
0.9897274554
1.0015749866
1.0072685956
1.0027414706
0.9996943570
1.0084552375
1.0157797148
1.0159123875
1.0043935396
0.9884515117
0.9920774451
1.0034705392
1.0019903489
1.0057748018
1.0037545442
0.9879553291
0.9838566251
1.0051810869
1.0185999951
1.0013873862
0.9863865956
0.9978304842
1.0101994135
1.0090440807
1.0135022190
1.0173467995
1.0137613834
1.0064242648
0.9994378453
1.0012958631
1.0137210821
1.0192206873
1.0133055312
1.0170750215
1.0245649859
1.0165184537
1.0267544842
1.0217780842
1.0094418488
1.0180374330
1.0136227039
1.0154646481
1.0190750040
1.0145436353
1.0074999230
1.0050278258
1.0000957781
0.9989961765
1.0109172690
1.0195080787
1.0057833011
0.9802771509
0.9689614127
0.9804690526
0.9866777296
0.9909870907
0.9876546575
0.9851451356
0.9833504998
0.9764099334
0.9925690472
1.0105124220
1.0039847182
0.9924096415
0.9956878309
1.0028060147
0.9982102550
0.9878585379
0.9858978424
0.9972681980
1.0119947246
1.0136676286
1.0062180599
1.0012835659
0.9961942616
0.9995911339
1.0142885320
1.0003458516
0.9992798572
1.0172859258
1.0251451529
1.0052301466
0.9908746349
1.0040600823
1.0166848532
1.0190476591
1.0128458175
0.9974121858
0.9849733360
0.9865469331
0.9936166511
0.9985206780
1.0031776110
1.0055145771
1.0034381011
1.0039704944
1.0056695882
1.0002830554
1.0037491966
1.0282979597
1.0212414428
1.0011806698
0.9919659018
1.0001321023
1.0078181714
1.0045963454
1.0039998792
1.0122196308
1.0138718420
1.0045050784
0.9947033797
0.9894053363
0.9970424484
1.0021348514
1.0027498307
1.0021484453
0.9806162173
0.9939277423
1.0215430525
1.0183557662
1.0035076058
0.9939297249
0.9963657642
0.9999778983
0.9951819100
0.9928049565
0.9917719872
0.9845097908
0.9772055062
0.9765217688
0.9704404959
0.9522240202
0.9504150190
0.9726020921
0.9713114600
0.9627604650
0.9760713231
0.9796607114
0.9817186536
0.9873017529
0.9906632539
0.9881789899
0.9864313527
0.9872158185
0.9965700296
1.0051773511
1.0058832958
1.0052994311
1.0022874068
0.9925810663
0.9840090181
0.9852565418
0.9992272308
1.0100431470
1.0147552007
1.0134270880
1.0128037117
1.0070697174
0.9983753727
1.0007845469
1.0026295544
1.0000005262
0.9972329079
0.9919069449
0.9905821042
0.9962020031
1.0035156490
1.0073421995
1.0157883788
1.0226381712
1.0130341152
1.0032881328
0.9958860780
0.9824722342
0.9794033897
0.9713770383
0.9956834373
1.0000760802
0.9938423279
0.9743996306
0.9742188841
0.9803041280
0.9713191018
0.9685639329
0.9685953338
0.9748103172
0.9790716105
0.9878442830
0.9994027959
1.0094069557
1.0206088446
1.0069959092
0.9821351792
0.9937276900
0.9981662603
1.0047293039
1.0134792109
0.9975024501
0.9912873855
1.0018817938
0.9961898445
1.0010269938
1.0129072974
1.0151569653
1.0117968205
1.0063000202
0.9981699613
0.9844510112
0.9757699744
0.9913699807
1.0204710083
1.0287541940
1.0156497007
1.0053843302
1.0045245901
1.0126591419
1.0235945023
1.0165147713
1.0037570108
1.0096640954
1.0218875850
1.0117042785
1.0152843152
1.0222371985
1.0104855727
1.0000164431
0.9945041573
0.9960932692
0.9961137193
0.9851723956
0.9808943134
0.9872393140
0.9933987189
0.9983473425
0.9934933096
0.9857390903
0.9913272416
1.0016077113
0.9796242959
0.9815641015
0.9831085004
0.9920629154
0.9955761229
0.9868228945
0.9974368598
1.0151299806
1.0135608810
0.9992143705
0.9904336592
0.9927486215
1.0050794537
1.0146016008
1.0045845799
0.9995757591
0.9915481612
0.9942245488
1.0025003576
1.0040023647
1.0017284799
1.0068999562
1.0033522362
0.9910433963
0.9841660020
0.9877893115
1.0001638233
1.0060534087
1.0028166007
1.0075330409
1.0167065265
1.0124601131
1.0053660822
1.0081161370
1.0039480206
0.9979244924
0.9886876961
0.9924615961
1.0035764388
0.9957453640
1.0020644795
0.9957674938
0.9962702075
0.9951751963
0.9993592994
1.0032464568
0.9978452490
0.9860803524
0.9822331544
0.9879992406
1.0033958949
1.0194524586
1.0193611455
1.0131285537
1.0107597373
1.0076627932
0.9978307843
0.9975801392
1.0068153823
1.0233754615
1.0156368688
1.0010540577
0.9952808706
0.9913046231
0.9948864564
0.9894311863
0.9972449415
1.0049008345
1.0013972423
0.9985308842
1.0032609882
1.0032414898
0.9899975658
0.9829298691
0.9917090335
0.9903116796
0.9934556123
0.9838726209
0.9885202335
1.0104159420
1.0192071788
1.0118060159
0.9868557739
0.9971201471
0.9940451902
0.9918634889
0.9883114799
0.9814903296
0.9791092415
0.9861044865
0.9937146945
1.0000525006
1.0042876012
0.9938551819
0.9860342012
0.9838164634
0.9921525702
1.0053861220
1.0221215913
1.0218178004
1.0011195565
0.9898675135
0.9943958786
1.0038855228
1.0059761290
1.0072914062
1.0085422982
1.0159829858
1.0162908464
1.0063619178
0.9959228699
0.9881534355
0.9904216887
1.0006264218
0.9975750519
1.0000935398
1.0047292400
0.9898731451
0.9965589669
1.0027832986
0.9937866325
0.9988545098
1.0077179392
1.0077554099
0.9965577053
0.9917545399
0.9979134671
1.0002793757
1.0041127039
1.0174244347
1.0197923137
1.0087261668
1.0077232075
1.0085125522
1.0046181634
1.0091772030
1.0123159679
1.0071439905
0.9983735286
0.9932262001
0.9922681794
0.9862730511
0.9768722955
0.9840554294
0.9974652027
1.0059315729
1.0102429989
1.0150496140
1.0195614728
1.0174093267
1.0102018631
1.0027812267
0.9960940383
0.9937580721
0.9950151525
1.0005554503
1.0016859141
0.9879712362
0.9751969741
0.9805122710
0.9948343649
0.9999971589
0.9992230730
1.0055393737
1.0120297908
1.0164529244
1.0150019366
1.0141584697
1.0129342341
1.0078307854
1.0000553459
0.9927253030
0.9917163508
0.9941455823
0.9840588374
0.9727731920
0.9781057530
0.9843910454
0.9912903673
0.9927350118
0.9940232348
1.0088841775
1.0194259365
1.0149513056
0.9915208563
0.9901919264
1.0054041897
1.0092721854
1.0068816423
1.0085150105
1.0062326976
1.0003696956
0.9994152956
0.9956222642
0.9856037928
0.9808709333
0.9831409630
0.9804477921
0.9749135476
0.9859852164
0.9878979564
0.9920021088
1.0038785582
1.0055392060
1.0051418335
1.0040166467
0.9960418547
0.9775864399
0.9676843578
0.9807470148
1.0020940295
1.0065297604
0.9956711227
0.9958221225
1.0078630321
1.0076992867
0.9922221782
0.9931580435
0.9964331648
1.0006763003
0.9947583825
0.9933670604
1.0022830552
1.0098889936
1.0079749998
1.0046866975
1.0027622412
1.0014275260
1.0068090582
1.0110096976
1.0151455571
1.0219405770
1.0140222092
0.9990347318
0.9982250337
0.9857709380
0.9747538419
0.9708827425
0.9934283427
1.0125662670
1.0025383614
1.0083649906
0.9941741874
0.9962414085
1.0146420591
1.0162800074
1.0059060767
0.9917767009
0.9936656235
0.9991757747
0.9906574250
0.9847638200
0.9886859503
0.9864267553
0.9841340354
0.9936622865
0.9931798628
1.0039626609
1.0120614039
0.9829583126
0.9831145553
0.9885510898
0.9988129749
0.9972395134
0.9936678808
0.9965737536
1.0047568781
1.0080048512
1.0067895967
0.9983030411
0.9842679047
0.9797769717
0.9909053549
1.0045974834
1.0072297737
1.0023425786
0.9929503390
0.9885311427
0.9896104682
0.9858737881
0.9825688267
0.9845341217
1.0019312780
1.0048840716
1.0041256537
1.0026902119
1.0036073451
0.9936641168
0.9848066312
0.9879842494
0.9898377542
0.9851157410
0.9855059184
0.9863261177
0.9737643606
0.9696140242
0.9822794946
0.9820730884
0.9654737430
0.9548128534
0.9522747975
0.9433956985
0.9471535906
0.9598762361
0.9659789297
0.9679395500
0.9624521658
0.9609884819
0.9688267029
0.9792686606
0.9816506010
0.9783228816
0.9717420670
0.9510747151
0.9358847104
0.9467742988
0.9726669464
0.9878762859
0.9791073165
0.9916740859
0.9898450972
0.9982128116
0.9998348849
1.0035449721
1.0139651493
1.0176904875
1.0137765932
0.9966676841
0.9831326890
0.9859691916
0.9963332421
0.9945995100
0.9854529839
0.9905954629
0.9886262230
0.9931753853
1.0034356281
1.0071665032
0.9932939451
0.9874821374
1.0506667073
1.1052584158
1.0307406663
0.9958463464
0.9798674338
0.9819202262
0.9972837861
0.9984159940
0.9890910111
0.9867944009
0.9958150233
1.0059421499
1.0032069993
0.9933153273
0.9920089246
0.9913638615
0.9827239538
0.9827414780
0.9845145909
1.0003318310
0.9995090319
0.9761912165
0.9708973760
0.9766153849
0.9671745093
0.9686214249
0.9748163474
0.9906500972
1.0055145499
0.9990537296
0.9869625252
0.9912407268
1.0051969291
1.0171560275
1.0141227530
1.0012779547
0.9800516602
0.9787559537
0.9925812728
0.9974781926
0.9896165417
1.0000705626
1.0127778409
1.0038868794
1.0087053228
1.0168398134
1.0105378173
1.0036669585
1.0040251425
0.9995809576
0.9935073137
0.9915288012
0.9870660794
0.9894106564
0.9980885977
0.9905922148
0.9810281715
0.9848073273
1.0099991896
1.0123492786
0.9923844477
0.9773310318
0.9859154179
1.0103229508
1.0085911974
0.9899928008
0.9908766768
0.9916144020
0.9914802482
1.0062966708
1.0229346636
1.0263362964
1.0219891059
1.0134599897
1.0070933826
1.0109475722
1.0107541153
0.9966913928
0.9857432829
1.0003189412
1.0035167751
1.0128670703
1.0117590251
1.0133684828
1.0089300635
1.0023640174
0.9989179342
1.0003491086
1.0064194280
1.0118172214
1.0102838197
1.0025038788
0.9977498766
1.0097645635
1.0346517980
1.0385375487
1.0384057234
1.0368535840
1.0205261313
1.0064148564
1.0067991849
1.0039332708
1.0186653702
0.9982976214
0.9931419542
1.0020172679
1.0002386414
0.9942480248
0.9869375039
0.9856606212
0.9934495321
0.9929319991
0.9817317682
0.9779874794
0.9730785754
0.9638227895
0.9803894732
0.9896315058
0.9883814289
0.9953668927
0.9921174834
0.9682173088
0.9613168089
0.9612524992
0.9601937922
0.9408379100
0.9309344967
0.9362160408
0.9360444215
0.9306975313
0.9428670471
0.9679917741
0.9755647749
0.9679633624
0.9724440847
0.9846687657
0.9874328360
1.0046208731
0.9958176155
0.9986458310
0.9962805299
1.0010615431
1.0059228407
0.9926909475
0.9866845186
0.9842721734
0.9776152313
0.9810589280
0.9938382889
1.0047363512
1.0053494595
0.9924904974
0.9768492627
0.9751385990
0.9880468768
1.0020779048
1.0073369955
1.0076508470
0.9930800075
0.9986237101
1.0097849783
0.9991566846
0.9852857752
0.9783556910
0.9799352328
0.9880472735
0.9894102121
0.9923890956
0.9932128210
0.9940524024
0.9944973856
0.9951783145
1.0047613626
1.0080384524
0.9976679143
0.9918429307
0.9728671340
0.9612352031
0.9572519640
0.9518431817
0.9522148182
0.9541928197
0.9462366477
0.9479130665
0.9588339420
0.9730025509
0.9835122076
0.9881781680
0.9928054102
0.9982369546
1.0020520586
0.9989994707
0.9892910882
0.9894092936
1.0006333140
1.0042895526
1.0033818886
1.0063118581
1.0056941735
1.0176074649
1.0201850216
1.0015635525
0.9819832883
0.9847316553
0.9907454154
0.9984786121
1.0007493759
0.9995589374
0.9917489878
0.9857986642
0.9987284629
1.0125191301
1.0079544330
1.0037263226
0.9946954959
0.9934633333
1.0000047931
1.0121258241
0.9987412843
0.9880636798
0.9871456152
1.0098735864
1.0137902250
0.9981804391
1.0006104986
1.0045236780
1.0006594212
1.0013128521
1.0042738129
1.0103091143
1.0155187113
1.0052283275
0.9950016449
1.0048908310
1.0017389152
0.9894904451
0.9837303515
0.9921441989
1.0094740381
0.9987224028
0.9974987436
1.0004895375
1.0097781751
1.0014611018
0.9926753113
1.0015615633
1.0200559561
1.0150757624
1.0024887244
1.0092698383
1.0178747741
1.0111307656
1.0021411400
1.0002143031
1.0108648574
1.0232142333
1.0080562279
0.9952841117
0.9934164180
1.0106465593
1.0192388161
1.0077684208
1.0116884017
1.0045711009
1.0089222306
1.0131378607
1.0069069400
0.9985603788
0.9990478278
1.0093785274
1.0265510854
1.0359884791
1.0246362969
1.0093928814
1.0037660071
1.0002199700
1.0044915560
1.0030130117
1.0080674563
1.0013461354
0.9962511574
0.9936300167
1.0053318454
1.0068910200
1.0022529462
0.9978341781
1.0018556498
1.0018811275
0.9913775090
0.9762591982
0.9701900373
0.9726131846
0.9776379199
0.9922145558
1.0033028959
1.0136782522
1.0054542910
0.9814840748
0.9895762192
0.9811329848
0.9853456308
0.9981220483
0.9891206295
0.9819533396
0.9845935378
0.9900030948
0.9990850536
1.0022578170
0.9940715570
0.9902623023
0.9918699401
0.9804092278
0.9666560578
0.9785201734
0.9985002969
0.9991940164
0.9996562395
0.9870349116
0.9833877277
1.0031579323
1.0153613471
1.0070433087
1.0115180491
1.0080307466
0.9883727921
0.9751546745
0.9794497872
0.9962789923
1.0059297752
1.0004152018
0.9925586365
0.9963200505
1.0045963103
1.0034485213
0.9997953841
0.9909393741
0.9996664518
1.0013346239
1.0000336928
1.0016432858
1.0019867804
0.9756953678
0.9750829813
0.9916665727
0.9962803252
0.9906873852
0.9849829405
0.9846540435
0.9846723324
0.9789602762
0.9772826867
0.9841999362
0.9841119278
0.9753918027
0.9769242248
0.9905644927
0.9980178238
0.9846724882
0.9784636391
0.9781337319
0.9774304862
0.9928173145
0.9790543242
0.9756025690
0.9716449725
0.9756451338
0.9895730895
0.9942432555
0.9913937173
0.9851548058
0.9778686374
0.9772576953
0.9912510843
1.0186101061
1.0291203996
1.0114663665
1.0051024057
1.0009579480
0.9966593428
1.0002552950
0.9984144032
0.9994615261
0.9975851263
0.9950309114
0.9882773539
0.9939655036
1.0029786353
1.0092633612
1.0039975154
0.9955197318
0.9973038768
0.9965978714
0.9912863017
0.9925672938
0.9779065483
0.9816378664
0.9883107089
0.9835701885
0.9891722865
1.0050805121
0.9946890806
0.9932695926
0.9927289536
0.9976024119
0.9911083372
0.9919414057
0.9898772143
0.9872108603
0.9865536028
0.9984697460
1.0057908350
0.9996063844
1.0008906204
0.9967014507
0.9884010119
0.9920752801
0.9935007424
0.9953609464
0.9910819448
0.9862799319
0.9891533833
0.9815645164
0.9947477254
0.9870836882
0.9745146596
0.9869242793
0.9891857631
0.9921329986
0.9929331261
0.9919439921
0.9929358710
0.9931608946
0.9933320708
0.9893642856
0.9929657239
0.9997491257
0.9902398766
0.9938692922
0.9849479790
0.9737829049
0.9855641643
1.0007207568
0.9973237734
1.0049518451
1.0020781571
0.9949400329
0.9965277377
0.9990889029
0.9914360741
0.9831568778
0.9786093040
0.9694144269
0.9622502629
0.9567810947
0.9320795615
0.9178177567
0.9197918776
0.9310960883
0.9534626846
0.9670247106
0.9555185939
0.9581154633
0.9544975859
0.9587528163
0.9767362753
0.9953329215
1.0011296509
0.9788884112
0.9526899306
0.9584333667
0.9864312883
0.9936850474
0.9693276918
0.9546968549
0.9743358658
0.9880067713
0.9859606805
0.9726468450
0.9883394027
0.9993349977
0.9943018128
0.9914851438
0.9966909024
1.0103920913
0.9993828531
0.9865740042
0.9893253919
0.9970760726
0.9976846718
0.9944293441
1.0033437455
1.0100878590
0.9970151555
0.9886624368
0.9781763094
0.9694579878
0.9841240060
0.9790054437
0.9904939428
0.9863661214
0.9842566026
0.9877753383
0.9905475709
0.9859202947
0.9862522941
0.9860312847
0.9745365315
0.9549826148
0.9450264594
0.9440825946
0.9418674267
0.9372001140
0.9455287142
0.9700869042
0.9734785278
0.9769760620
0.9783571897
0.9945032259
1.0097669355
1.0066231813
1.0078072199
1.0099505427
1.0053410816
0.9979621886
0.9926652864
1.0041918565
1.0147233225
1.0164522561
1.0078084860
1.0037624704
1.0000850363
0.9899043813
0.9882913257
0.9911826021
0.9944921254
0.9940654058
0.9848666932
0.9943238471
0.9879789164
0.9873767645
0.9994682575
0.9813492029
0.9916798760
1.0018160049
1.0021929012
0.9889766041
0.9765740111
0.9777989195
0.9881539533
1.0028182807
1.0073998045
0.9951387883
0.9824868528
0.9736288585
0.9691819755
0.9852133726
0.9985085752
1.0053159724
0.9996347620
0.9952649790
0.9946015984
1.0093072286
1.0066412838
1.0009581184
0.9908498911
0.9998515289
1.0004424558
0.9938432257
0.9885653561
0.9877985386
0.9930869296
0.9980310358
0.9905299865
0.9780013343
0.9877887746
1.0005687031
1.0115146619
1.0069479093
1.0048401112
0.9909445324
0.9791005771
0.9774402329
0.9896762345
0.9944959044
1.0055558135
1.0052053989
0.9951768341
0.9926143905
0.9885112024
0.9823707273
0.9925111482
1.0077777734
1.0013716971
0.9836009432
0.9753476935
0.9817723141
0.9915783584
1.0066837687
0.9928761241
0.9859310753
0.9848004067
0.9888028083
0.9965719085
0.9881149092
0.9949976820
1.0102372140
1.0210121364
1.0199905087
1.0094764553
0.9900563177
0.9755013131
0.9849209439
1.0022866445
1.0050224201
1.0115602803
1.0158083967
1.0134311884
1.0051976641
1.0100780686
0.9923032710
0.9866475441
0.9903475506
0.9972296232
0.9990362337
0.9974559909
0.9892211894
0.9721953751
0.9851517666
1.0144389674
1.0218388474
1.0034220169
0.9909858795
1.0004195582
1.0041561227
1.0011187413
1.0100439755
1.0122172015
0.9897456424
0.9711044966
0.9892742741
0.9926453306
0.9856554744
0.9976476310
1.0109357354
1.0190450549
1.0224048956
1.0107261708
0.9883387255
0.9869125713
0.9996276042
0.9977647679
