#flux
0.9995651294
0.9928130001
0.9873377356
0.9629015368
0.9515538241
0.9579241191
0.9655399640
0.9637259029
0.9713415035
0.9895953493
0.9912190076
0.9860580849
0.9887737720
0.9987057854
1.0075691364
1.0060322423
1.0082648606
1.0043008273
0.9979813369
0.9984316106
0.9916512890
0.9622916819
0.9173405070
0.8842326723
0.8607182174
0.8236057228
0.7855554700
0.7666213922
0.7693946100
0.7948748798
0.8482389182
0.9071342424
0.9515722705
0.9792003353
1.0002740278
1.0197523177
1.0165253771
0.9959600683
0.9917296297
1.0066242944
1.0050933051
0.9881193303
0.9624452861
0.9460987030
0.9465501729
0.9601346092
0.9813670386
0.9862325383
0.9770728330
0.9800293958
0.9908120694
1.0013180900
1.0142259047
1.0173518775
1.0070023463
1.0011095907
1.0014016874
1.0038447718
1.0082695428
1.0154425525
1.0145619760
0.9874605546
0.9706187007
0.9750794703
0.9913305401
1.0037584188
0.9685190838
0.9055692346
0.8471118216
0.7871695168
0.7307413794
0.7155186722
0.7469071035
0.8168841244
0.8998750880
0.9589171343
0.9911021081
0.9929293847
0.9781467243
0.9634759202
0.9518988003
0.9580365659
0.9726464787
0.9650626716
0.9715538497
0.9746155441
0.9780273457
0.9691525233
0.9444267703
0.9170217434
0.8937781681
0.8811870882
0.8899444510
0.9088924167
0.9284517547
0.9533461949
0.9618283776
0.9250638403
0.8595185644
0.7832382493
0.7045440109
0.6628774806
0.6847272525
0.7369191112
0.8424206131
0.9252571329
0.9682486543
0.9909440945
1.0023245100
0.9952383064
0.9696981109
0.9495598474
0.9523858833
0.9531116178
0.9529443058
0.9750904375
1.0030838727
1.0173555093
1.0112181818
1.0030718243
1.0019467857
1.0001014140
1.0043134476
1.0125113091
1.0072855831
0.9850427101
0.9840449515
1.0020190860
1.0066966270
1.0037088825
0.9983226904
0.9813804333
0.9639637506
0.9493901676
0.9300281372
0.9089097077
0.9059387169
0.9346144305
0.9667561307
0.9793791451
0.9751257398
0.9671482236
0.9636783670
0.9632059137
0.9679211088
0.9942259597
1.0009973227
0.9960542197
0.9959497144
1.0011804699
1.0016842827
0.9998353785
1.0075731041
1.0209584503
1.0199301622
1.0003525780
0.9669644535
0.9122004286
0.8513628165
0.8217516736
0.8247363221
0.8528033953
0.8881218968
0.9217464254
0.9554198700
0.9741812086
0.9908142140
0.9901170830
0.9811920893
0.9789748447
0.9798055087
0.9645440920
0.9352222115
0.9143363457
0.9080428132
0.9005880089
0.8904267451
0.8832803120
0.8779791919
0.8974884646
0.9145750777
0.9380329137
0.9504472973
0.9530185550
0.9460941799
0.9407069471
0.9534528001
0.9575836314
0.9461478015
0.9392015331
0.9457680082
0.9421985544
0.9273321459
0.9146822498
0.9083573284
0.9052124751
0.8953782805
0.8637192253
0.8136678761
0.7647237921
0.7103059895
0.6635570776
0.6048670635
0.5325036984
0.4495229252
0.3705150093
0.3098646024
0.2629743278
0.2288161180
0.2144793303
0.2015010697
0.1958618713
0.1932746339
0.1884838652
0.1798296530
0.1732892697
0.1791457011
0.1950890180
0.2086778924
0.2185373656
0.2349845525
0.2626460921
0.3059052495
0.3668775400
0.4094906535
0.4745219024
0.5708084269
0.6682188006
0.7379262558
0.7838578521
0.8254327122
0.8620383532
0.8814105166
0.8933631817
0.8941806356
0.8891709651
0.8989389431
0.9200130897
0.9366445383
0.9556127145
0.9869906087
1.0125096910
1.0159055247
1.0109532680
1.0051437750
0.9887806587
1.0020955161
1.0190140509
0.9972614624
0.9814483680
0.9863878659
1.0017715899
1.0058556738
0.9989561843
0.9958089271
0.9872039156
0.9640023135
0.9367905207
0.9168661513
0.9140452516
0.9286456093
0.9515893894
0.9551499429
0.9519228611
0.9498068668
0.9488510077
0.9651824987
0.9915419933
0.9965366388
0.9995737232
1.0028741029
0.9942989697
0.9879173717
0.9964577180
1.0194877994
1.0256243599
1.0012506275
0.9792528366
0.9787184433
0.9794318549
0.9753926749
0.9819215084
0.9920771111
0.9915971964
0.9870107648
1.0016289803
1.0134766771
1.0055008836
0.9974537774
1.0005076651
1.0058532102
1.0047228105
0.9950583755
0.9888384162
0.9916259634
0.9923911154
0.9933516549
0.9975227469
0.9967375714
0.9962217763
1.0031467761
1.0150034425
1.0133678555
0.9931896791
0.9879963893
1.0089147447
1.0163904487
0.9876614501
0.9630889287
0.9840166764
0.9889821377
0.9803471405
0.9844391556
0.9941979456
0.9996767420
0.9980637359
0.9723841831
0.9196044682
0.8496850056
0.7748899529
0.7294250354
0.7200923207
0.7572593436
0.8191365527
0.8798442363
0.9296873381
0.9619446156
0.9813884906
1.0011028087
1.0130723727
1.0013956242
0.9821442443
0.9749265919
0.9776338373
0.9867445248
1.0035221470
1.0106281817
1.0067109667
1.0076490081
1.0067992441
0.9959818033
0.9814458140
0.9691614066
0.9667611499
0.9453433623
0.9241164631
0.9373241165
0.9494600431
0.9650916338
0.9765400374
0.9817975222
0.9819993110
0.9753469662
0.9672768564
0.9665888097
0.9718378145
0.9820191862
0.9897184553
0.9898876006
0.9960550856
1.0183635880
1.0336404569
1.0092467616
0.9996526896
1.0048937103
1.0172254235
1.0255692885
1.0048507367
0.9910305459
0.9827907061
0.9944670287
1.0034861424
1.0140496404
0.9991864814
0.9704478349
0.9477760390
0.9125563611
0.8384954514
0.7337970701
0.6369990137
0.5876704033
0.6009736464
0.6658095719
0.7690219238
0.8888158596
0.9626472972
0.9975809921
0.9969842272
1.0117183780
1.0301531508
1.0218593942
1.0155949390
1.0219168335
1.0195166462
1.0092773843
1.0017019874
1.0002862867
1.0052296326
1.0124184051
1.0028851593
0.9526525064
0.8622210410
0.7611054391
0.6833677445
0.6400128809
0.6561814463
0.7407533977
0.8526643208
0.9365518894
0.9784101863
0.9918760065
0.9715111150
0.9540735359
0.9251816280
0.8606446151
0.7705860316
0.6824169781
0.6223969127
0.6151549899
0.6676644081
0.7558691968
0.8444816691
0.9110980888
0.9557727875
0.9902565484
0.9945522698
1.0006449762
1.0068860128
1.0223718733
1.0241075364
1.0138112390
1.0033118327
1.0016930275
0.9930904465
0.9836635177
0.9872802683
0.9873363586
0.9816521498
0.9812948599
0.9759849166
0.9700610515
0.9850700384
0.9938398507
0.9841487842
0.9954916458
1.0084794608
1.0018781764
0.9856518440
0.9794253123
0.9897590635
0.9970036075
0.9898995853
0.9960790428
1.0085637922
1.0058205366
1.0028566394
1.0120632081
1.0101076799
0.9973813249
0.9929015067
1.0044728925
1.0199567064
1.0099324326
1.0091878527
1.0287255981
1.0226746992
1.0158773756
1.0249772239
1.0348205857
1.0365879657
1.0282384777
1.0307512235
1.0106024932
1.0039014768
1.0013267256
1.0084424391
1.0162185049
1.0142346993
1.0077425837
0.9996713217
0.9898228800
0.9849853847
0.9889194201
1.0001168969
1.0133885796
1.0224988861
1.0176810805
1.0068334393
0.9996227359
1.0052738570
1.0246565762
1.0088147588
0.9910424403
0.9960613698
0.9979436962
0.9903438533
0.9912145061
1.0002540177
0.9939779677
0.9891234002
0.9863289572
0.9632383547
0.9522518335
0.9539676006
0.9645800258
0.9791814686
0.9964724056
0.9937478928
0.9969809324
1.0039556323
0.9919622830
0.9898878705
0.9911275904
0.9743079306
0.9667934144
0.9654732300
0.9387605630
0.8879850044
0.8254711188
0.7638855192
0.7256457685
0.7333810755
0.7819494173
0.8398294398
0.9056633389
0.9632249806
0.9919280198
1.0035598303
0.9941033918
0.9954143509
1.0159781982
1.0039251347
0.9717431529
0.9596901076
0.9604615754
0.9738733466
0.9836107655
0.9881536680
0.9953114800
0.9976650311
0.9947839243
0.9982239749
0.9987739634
0.9828990503
0.9697979195
0.9710979604
0.9668482468
0.9635750969
0.9697587797
0.9822037656
0.9989047403
1.0015359794
0.9812437728
0.9678588578
0.9694737274
0.9675248312
0.9707880581
0.9777293817
0.9787015635
0.9780458854
0.9718931637
0.9542413535
0.9398912419
0.9426408041
0.9599489130
0.9718689805
0.9739526635
0.9805010180
0.9996129810
0.9874447491
0.9865635830
0.9858255686
0.9758428010
0.9677848008
0.9692484845
0.9720082687
0.9740157152
0.9821030582
0.9891713488
0.9940938972
1.0018014635
1.0081377793
1.0153332882
1.0227128474
1.0150286839
1.0173292005
1.0092029790
0.9794442519
0.9791321709
1.0007130651
1.0054562374
0.9881477325
0.9756471869
0.9823959464
0.9834016353
0.9694129200
0.9754046510
0.9964545768
0.9989087430
0.9947286026
0.9920362148
0.9669853500
0.9015992903
0.8126067347
0.7456076003
0.7074678527
0.7070006558
0.7558222647
0.8442756789
0.9232950818
0.9608333468
0.9694896231
0.9813147326
0.9984986092
0.9908924198
0.9912580915
1.0047456929
1.0049073661
0.9778501842
0.9594664633
0.9689923252
0.9842540598
0.9958564682
1.0088774784
1.0120974209
1.0009711179
0.9749236195
0.9517086820
0.9571137745
0.9833203351
0.9991712910
0.9999324008
0.9940719289
0.9833671775
0.9793668924
0.9726336368
0.9886025412
1.0152636973
1.0058088635
0.9948402830
1.0037507413
1.0012301840
0.9898462589
0.9903195707
0.9933474769
1.0013634842
1.0034741554
0.9965021567
0.9920250705
0.9936384732
0.9822834070
0.9535695888
0.9505909079
0.9532091467
0.9547991956
0.9673640886
0.9860689685
0.9920632083
0.9751680380
0.9738414664
0.9882384923
0.9957277046
0.9978999395
0.9955162550
0.9817149481
0.9665944461
0.9777717649
1.0002690114
1.0033499363
0.9897032497
0.9792798267
0.9830321981
0.9861296071
0.9971373033
1.0152768726
1.0201041940
1.0273186009
1.0267674760
1.0121532800
0.9926461159
0.9860416366
0.9908530131
0.9937366407
0.9972667924
1.0054031178
1.0018250537
0.9763888577
0.9458040809
0.9299415955
0.9368992317
0.9519235311
0.9584304669
0.9652211492
0.9687186041
0.9908045945
0.9974856825
0.9859640917
0.9845031362
0.9817633010
0.9929586891
1.0090998104
1.0068029116
1.0022562744
1.0051686947
0.9966403027
0.9812406371
0.9580085210
0.9210565487
0.8871661326
0.8822048870
0.8840603714
0.8460447771
0.7724047331
0.6888685127
0.5985486680
0.5227280503
0.5253378053
0.6001068198
0.7023686279
0.8071848515
0.8903544839
0.9317959607
0.9432348038
0.9601219318
0.9805006196
0.9764786873
0.9677719819
0.9361577794
0.8496752790
0.7401923853
0.6454730335
0.5794686602
0.5702740468
0.6351264056
0.7445618718
0.8510652964
0.9300143314
0.9676097449
0.9813510977
0.9902940223
1.0086610907
1.0069403521
0.9896799737
0.9932169661
1.0037695211
0.9934627935
0.9788515958
0.9811111547
0.9825471063
0.9962448361
1.0059875244
0.9906978067
0.9737482701
0.9818178697
0.9765063210
0.9661301187
0.9729535820
0.9855737187
1.0002067620
1.0084489263
1.0098218968
1.0012165821
0.9793439278
0.9565026715
0.9346284614
0.9166387572
0.9271428873
0.9401653405
0.9514789451
0.9678935448
0.9905157043
0.9742526400
0.9740139172
0.9872170953
0.9943446389
1.0055696316
0.9989987900
1.0017838299
1.0283886522
1.0315604949
1.0112078182
1.0092094573
1.0205358705
1.0171916070
0.9971469100
0.9741328202
0.9674593339
0.9806282281
0.9891144284
0.9778590527
0.9417198764
0.8901075236
0.8398016941
0.8198777124
0.8296876192
0.8996124082
0.9634674266
0.9999911865
1.0117306480
1.0016005070
1.0059047267
1.0142340520
1.0168010038
1.0206229863
1.0156420234
0.9972997377
0.9762934390
0.9470020287
0.9113053777
0.8937377444
0.8918819623
0.8994514851
0.9344219339
0.9670208413
0.9733731993
0.9360530977
0.8511779573
0.7849830252
0.7266094509
0.7178306670
0.7640959339
0.8458569693
0.9237158491
0.9625715734
0.9774707778
0.9896881452
0.9887638631
0.9844116677
0.9857866021
0.9929027183
0.9873730310
0.9829413489
0.9961288667
1.0092185047
0.9939469464
0.9964388921
1.0332989045
1.0439359802
1.0472101690
1.0688505357
1.0674369954
1.0440374773
1.0137064460
1.0024449633
1.0088551416
1.0089062476
0.9987193697
0.9833457197
0.9896485249
0.9922543540
1.0021592471
0.9960337381
1.0065598587
1.0248795338
1.0140291951
0.9961537263
1.0035474430
1.0049646331
1.0041466918
1.0034929902
0.9958079375
1.0003781296
1.0053601342
0.9935731263
0.9890333593
1.0083627736
1.0239925225
1.0159807334
0.9989419487
0.9842213730
0.9680025853
0.9659766424
0.9749747851
0.9851520834
1.0123805585
1.0025589021
0.9987932087
0.9969783446
0.9918789126
0.9940922613
1.0071037400
1.0128435336
1.0193050621
1.0158226557
1.0056097338
1.0050986524
0.9965508656
0.9699946932
0.9507527164
0.9507180100
0.9658466760
0.9743051394
0.9800934751
1.0048009959
1.0082002302
0.9962257762
1.0070073181
1.0188795588
1.0076156422
1.0117334527
1.0320880589
1.0281416505
1.0111352190
1.0008692696
0.9936612293
0.9764996964
0.9484337584
0.9011404940
0.8152989785
0.7484612847
0.7521288972
0.7930001336
0.8510089878
0.9075648771
0.9585060069
0.9777436013
1.0039103333
1.0095079918
1.0281851103
1.0274372294
1.0165768040
1.0170782176
1.0145230894
1.0095293223
1.0081639837
1.0006779350
0.9856413143
0.9729041109
0.9630030907
0.9498175825
0.9254950391
0.9068521252
0.8725033261
0.8544605122
0.8743252920
0.9018898927
0.9417231400
0.9717700221
0.9891066276
1.0154597854
1.0249477897
1.0096634232
0.9956670179
0.9928505019
0.9936624093
0.9752026052
0.9378418172
0.9167121108
0.9166797918
0.9166414748
0.9235070711
0.9363869980
0.9577579942
0.9583004630
0.9486343239
0.9475399659
0.9592777679
0.9756301175
0.9941308320
1.0064944200
1.0070975201
1.0055190410
0.9855723095
0.9624944682
0.9253859587
0.8632778869
0.8056234426
0.7855961397
0.8088911103
0.8515055068
0.8927201092
0.9379297322
0.9648690853
0.9838570654
0.9924761685
0.9927642512
1.0011148115
0.9987630031
1.0028740470
1.0061899770
0.9728521954
0.9128721885
0.8461289835
0.7656152143
0.6813921879
0.6347068015
0.6531852164
0.7248916875
0.8091948100
0.8671245648
0.8947626558
0.8940655656
0.8674763544
0.8044021889
0.7699769519
0.7673778414
0.7983939606
0.8477149681
0.9114536687
0.9577792169
0.9873158155
1.0037149182
1.0035505535
1.0028161138
0.9990529306
1.0021506465
1.0183015422
1.0251719149
1.0108127263
0.9929003720
0.9936840072
1.0076268693
1.0058359854
0.9831090061
0.9754247415
0.9818602966
0.9736448621
0.9902625422
0.9914451472
0.9786817129
0.9744231621
0.9605307078
0.9476066624
0.9382369562
0.9387266574
0.9488996294
0.9553711550
0.9487798489
0.9336198699
0.9204963391
0.9168735747
0.9251094049
0.9329500930
0.9335783301
0.9320116632
0.9370883331
0.9609036798
0.9719899173
0.9648881040
0.9779663374
0.9894873886
0.9829634067
0.9783153101
0.9708329248
0.9674050850
0.9822007041
1.0033119878
1.0116369121
1.0066544038
0.9988363910
1.0001303699
1.0055838907
0.9891874548
0.9732751478
0.9870279243
1.0114713767
0.9813860697
0.9475116855
0.9386722751
0.9378881957
0.9093782638
0.8566695568
0.8143692848
0.7812860846
0.7695026082
0.8066109155
0.8822607657
0.9680029469
1.0312114878
1.0385040600
1.0121630480
1.0038875265
1.0082544279
1.0064902255
1.0035971183
0.9831277810
0.9809587302
0.9952293381
0.9911648761
0.9947533532
1.0024175318
1.0127752518
1.0180951985
1.0116701579
0.9986339476
1.0029072947
1.0215957553
1.0316746812
1.0273645662
1.0150305551
0.9987911032
0.9878460261
0.9915114944
0.9953927659
1.0049819927
0.9965706555
1.0095883834
1.0215405535
1.0154302937
1.0051656406
1.0054293839
1.0134699867
1.0182203899
1.0094563772
0.9931954980
0.9952898927
1.0034194851
1.0009602961
0.9951970351
0.9894634137
0.9843637156
0.9857669330
0.9912717190
0.9819603770
0.9590617862
0.9619379097
0.9650396063
0.9665093244
0.9791225008
0.9890472324
1.0118990663
1.0144200809
1.0068539749
1.0070286030
1.0015482744
0.9813553539
0.9734469535
0.9846873987
0.9890998615
0.9813388676
0.9795068253
0.9881741101
0.9942414812
0.9751007445
0.9646123147
0.9813144652
0.9949082208
0.9938829858
0.9891983524
1.0022654847
1.0022830665
0.9859729035
0.9795926768
0.9944545680
1.0022005443
0.9953109084
0.9897107590
0.9880000736
0.9871465789
0.9883861299
0.9905951350
0.9916326903
0.9866800570
0.9851835059
0.9896507264
0.9978578302
1.0287431937
1.0393903246
1.0076007124
0.9789296091
0.9657503180
0.9685180084
0.9794576108
0.9869883398
0.9958945838
1.0081803595
1.0108935112
1.0045962335
0.9998952512
1.0014602323
1.0054308789
1.0030756823
0.9980669689
0.9990890343
0.9956235193
0.9944621590
0.9952967850
1.0029697242
1.0213123425
1.0290647054
1.0091430725
0.9878101689
0.9839560473
0.9797920935
0.9714192051
0.9710043943
0.9827373632
0.9964441305
1.0046831257
1.0090574960
1.0065531402
0.9992613376
1.0098717356
1.0368789400
1.0433971460
1.0303849941
1.0130086948
1.0270333842
1.0141687217
0.9733942602
0.9728870301
0.9863505617
0.9831519014
0.9883401663
1.0045613409
1.0055524189
0.9980815313
1.0041070490
1.0122222842
1.0032480565
0.9863436983
0.9814678226
0.9929121366
1.0031112363
0.9979765694
1.0018795150
1.0128669759
1.0261195738
1.0152362491
1.0060793800
0.9983749707
0.9966992500
0.9953018250
0.9924466762
0.9833759597
0.9705621873
0.9645074026
0.9582443704
0.9518267580
0.9513500795
0.9526687753
0.9529801858
0.9510586741
0.9510197178
0.9759705967
0.9833972116
0.9715196294
0.9588930293
0.9450929595
0.9536297713
0.9432835074
0.9612728933
0.9669318022
0.9712473101
0.9550824034
0.9098714189
0.8531391286
0.7863518754
0.7222311136
0.6769219869
0.6606397796
0.6867189056
0.7565541078
0.8477801890
0.9148096139
0.9451960546
0.9857916917
0.9876954400
0.9944264020
0.9941359120
1.0073787624
1.0074560777
1.0077915646
1.0079276003
1.0027081184
0.9911260027
0.9793396491
0.9744596905
0.9755388494
0.9801297008
0.9792293713
0.9712151460
0.9712113606
0.9700098589
0.9545399112
0.9715316622
0.9914077214
1.0048261030
1.0098250139
1.0059319686
0.9989166116
1.0135389905
1.0167412530
1.0015901942
0.9978172512
0.9916210519
0.9837270577
0.9820222836
0.9712133145
0.9568447374
0.9398377198
0.9068220037
0.8796441448
0.8758432906
0.8776992288
0.9118105341
0.9596171871
0.9885256822
1.0134838193
1.0074453140
1.0057094623
0.9820446181
0.9765869266
1.0067963796
1.0180996578
1.0056523190
0.9987168292
0.9926526857
0.9777061604
0.9751956166
0.9872338872
0.9900060060
0.9845413039
0.9827937765
0.9774799758
0.9714205332
0.9661041669
0.9609563940
0.9708934171
0.9877580557
0.9918622565
0.9794806378
0.9871857337
0.9946446105
0.9905308957
0.9873156974
0.9897147949
0.9879255405
0.9812579480
0.9694110108
0.9372219079
0.8876635301
0.8575303012
0.8521579676
0.8441152094
0.8677049684
0.9112242711
0.9513636906
0.9929576095
0.9914923501
0.9896312021
1.0118306557
1.0077836150
1.0047411462
0.9933766755
0.9852123531
0.9677375846
0.9636638193
0.9635934690
0.9650721079
0.9735957016
0.9779019087
0.9735292955
0.9722855305
0.9708992865
0.9580257701
0.9601543748
0.9672898909
0.9633122805
0.9507438257
0.9442093691
0.9579809679
0.9643805843
0.9527895448
0.9438306376
0.9470585702
0.9509603265
0.9456787183
0.9505844107
0.9643305781
0.9616949866
0.9336468750
0.8878040673
0.8375989164
0.8094341403
0.8214098266
0.8665325346
0.9311641190
0.9754216719
0.9890656658
0.9954931121
0.9823956222
0.9764370465
0.9818390280
1.0108427259
1.0543052368
1.0159567028
0.9528572473
0.9019592755
0.8679123006
0.8639117624
0.8658925239
0.8494198961
0.8248071463
0.7914003297
0.7590914447
0.7501346081
0.7697971604
0.8111795697
0.8503158976
0.8674142172
0.8460321954
0.8265830050
0.8461031394
0.8847242729
0.9225827195
0.9516472734
0.9737394739
0.9835973395
0.9943207176
1.0004121506
0.9959911907
0.9890795404
0.9799674288
0.9637154995
0.9449751949
0.9338341185
0.9136424279
0.8833508167
0.8622482471
0.8763936626
0.9164492097
0.9625030526
0.9784458079
0.9901350494
0.9785916450
0.9522629764
0.9519196339
0.9573328018
0.9503339279
0.9481339894
0.9548244319
0.9632977375
0.9692782889
0.9746596252
0.9854203468
0.9811295402
0.9763818202
0.9658005172
0.9653859851
0.9831623901
0.9761204039
0.9793809768
0.9970364879
1.0021961880
1.0049835728
1.0085041779
0.9921034017
0.9716672166
0.9763298658
0.9814205965
0.9781360910
0.9845536913
0.9935910046
0.9863842139
0.9725188097
0.9774259580
0.9910329191
0.9888254874
0.9729115425
0.9894759212
0.9728768158
0.9862324080
0.9662251986
0.9678902456
0.9594473562
0.9629737798
0.9802997010
0.9899189415
0.9723516286
0.9632435375
0.9679557002
0.9608432940
0.9447817618
0.9401784287
0.9488207077
0.9579722185
0.9669334703
0.9685352075
0.9736271510
0.9879248641
0.9901346045
0.9679198790
0.9633160397
0.9701036373
0.9704559884
0.9828148692
0.9922663663
0.9882122591
0.9780847196
0.9744864078
0.9574334938
0.9268299261
0.8909720603
0.8613433750
0.8536663421
0.8422925695
0.8382122236
0.8557895459
0.8769885371
0.8933404230
0.9343461949
0.9558721404
0.9593552850
0.9644762387
0.9583135070
0.9597356570
0.9693796882
0.9835509313
0.9959047810
0.9946469651
0.9899739706
0.9856029312
0.9826920563
0.9867303962
0.9928282459
0.9977172540
0.9941672208
0.9750018972
0.9751278012
0.9824186047
0.9832992832
0.9742957981
0.9703913398
0.9797405232
0.9747490508
0.9793354407
0.9634527755
0.9677627302
0.9934157529
1.0092400846
1.0102020210
1.0017815047
0.9891866869
0.9730688371
0.9624529824
0.9751282643
0.9873118722
0.9770086596
0.9723375042
0.9724978253
0.9792906025
0.9765199445
0.9747702157
0.9795010600
0.9630491989
0.9782903535
0.9748246623
0.9769805621
0.9815672231
0.9818539304
0.9766999510
0.9739756180
0.9721373155
0.9665096908
0.9478641542
0.8982482416
0.8193447704
0.7143391087
0.6002807484
0.5184710260
0.5080840146
0.5854181225
0.7012323346
0.8100018720
0.8783542564
0.9381872049
0.9592162709
0.9535932649
0.9637765729
0.9778352663
0.9804345630
0.9790778484
0.9787616385
0.9862994241
0.9951733146
0.9904958909
0.9869883798
0.9856541778
0.9862379183
0.9800732083
0.9545934309
0.9365293512
0.9075554204
0.8881779941
0.8870248703
0.8745393107
0.8718319945
0.8838313176
0.9294591500
0.9470326270
0.9417841791
0.9485619528
0.9624819366
0.9720194311
0.9755833450
0.9702646704
0.9645743672
0.9661274568
0.9697456152
0.9724202438
0.9671748518
0.9711968370
0.9920951094
0.9873872972
0.9631309610
0.9843354727
1.0054524207
0.9874886660
0.9750360550
0.9765926874
0.9710172761
0.9410447108
0.9006156096
0.8727117095
0.8545912665
0.8450807813
0.8646166691
0.9075537613
0.9473299190
0.9737489008
0.9806851980
0.9814380441
0.9687632406
0.9662775717
0.9755191279
0.9727692890
0.9688409531
0.9824223122
0.9824990827
0.9599427634
0.9337926143
0.9062671754
0.8757909806
0.8349435799
0.7995213982
0.7959157634
0.8310010599
0.9080475438
0.9723793821
0.9762672442
0.9598414025
0.9720527674
0.9966089763
1.0011002726
0.9909653953
0.9779543253
0.9749293925
0.9863370727
1.0032514504
1.0051385385
0.9875385180
0.9791093920
0.9826579674
0.9763368475
0.9667844076
0.9655459242
0.9607987525
0.9593582609
0.9732517277
0.9847717166
0.9869363340
0.9849240948
0.9911820231
0.9919963459
0.9857918357
1.0046978149
1.0102929014
0.9840420213
0.9639103095
0.9557948998
0.9555507031
0.9543668907
0.9434159932
0.9502016686
0.9686319139
0.9758325829
0.9864924933
0.9977753962
0.9983083840
0.9898399468
0.9779516206
0.9840538834
0.9928422496
0.9871892503
0.9748178993
0.9691681402
0.9717115795
0.9545885651
0.9604694368
0.9726994211
0.9656656397
0.9594039391
0.9719344447
0.9921438166
0.9994939396
0.9888392875
0.9765898997
0.9760201512
0.9760679810
0.9709244056
0.9689301411
0.9716061575
0.9734333765
0.9444195669
0.9459171534
0.9532940625
0.9614565570
0.9866791752
0.9994906315
0.9911521629
0.9883717797
1.0003791771
1.0089281791
0.9973052446
0.9769022354
0.9655508828
0.9638998881
0.9712358950
0.9856423843
0.9875102073
0.9826909313
0.9908726777
0.9715258139
0.9840405297
0.9947889867
0.9806288197
0.9665353101
0.9653263185
0.9539854724
0.9427514161
0.9333107002
0.9406369448
0.9756829315
1.0039847768
1.0026178154
0.9879681727
0.9671915537
0.9503230751
0.9593164512
0.9673439400
0.9783686666
0.9883216060
0.9929508119
0.9934733348
0.9869397132
0.9934690351
0.9948204203
1.0107248368
1.0107808863
0.9962518241
0.9926154726
0.9887611901
0.9828344489
0.9790239211
0.9875268468
1.0051934443
1.0201834784
1.0238509528
1.0048903370
0.9751862365
0.9662427856
0.9822956346
0.9982289958
0.9900292567
0.9909287070
0.9771151744
0.9819027114
0.9730226543
0.9726933020
0.9616192877
0.9516532160
0.9451981063
0.9444230808
0.9501035197
0.9518165635
0.9603161400
0.9723821460
0.9675849590
0.9635836657
0.9691485685
0.9539362139
0.9258645995
0.9221013626
0.9406613058
0.9647423428
0.9664806100
0.9756456236
0.9930183782
1.0022421426
0.9853133816
0.9705381218
0.9653594772
0.9717376284
0.9720883879
0.9769589596
0.9936436040
1.0008656679
0.9863499969
0.9722495000
0.9783227436
0.9816501737
0.9885306923
1.0121825299
1.0019367875
1.0023384086
1.0263810575
1.0087331254
0.9846314833
0.9864994296
0.9867876301
0.9749650404
0.9670911189
0.9643346947
0.9683553827
0.9759364439
0.9803141254
0.9829768603
0.9910429422
1.0004621577
1.0025108602
1.0008077118
0.9954652265
1.0128561501
0.9983207985
0.9883656314
0.9979087688
0.9991903990
0.9983345928
0.9747692436
0.9651516332
0.9522125617
0.9584117524
0.9581454256
0.9660274957
0.9790279415
0.9840093360
0.9862109756
0.9896049529
0.9882567093
0.9781903794
0.9644357451
0.9630869811
0.9684518121
0.9695116357
0.9755613744
0.9703332879
0.9759625073
0.9618448568
0.9474937725
0.9458422130
0.9363138133
0.9172461318
0.9212306225
0.9356840257
0.9481962958
0.9536453612
0.9490104291
0.9574536537
0.9908414873
1.0178110894
1.0152484282
0.9833342644
0.9620931427
0.9692991090
0.9759385393
0.9955327986
1.0077771019
0.9970531862
0.9901880722
0.9893133746
1.0021291090
0.9905532221
0.9833607943
0.9763846121
0.9602697894
0.9614713145
0.9813469738
0.9916997470
0.9876499391
0.9882342554
0.9959087093
0.9874999789
0.9575773238
0.9085072888
0.8785670658
0.8385323145
0.7567789807
0.6528817654
0.5625990906
0.5246402795
0.5373490277
0.6166356575
0.7355245144
0.8495121470
0.9183743581
0.9487384761
0.9523989379
0.9604126931
0.9939243291
1.0176139954
1.0060944533
0.9808359599
0.9668864720
0.9701230291
0.9534999753
0.9480928686
0.9725123142
1.0002566131
0.9972855133
0.9833693976
0.9813721153
0.9835426610
0.9888715585
0.9824738597
0.9783841115
0.9849266561
0.9748611391
0.9514385661
0.9355744451
0.9230582779
0.9103070281
0.9049813199
0.9229087970
0.9391934884
0.9500414049
0.9457724785
0.9572997234
0.9713894887
0.9652263276
0.9247962384
0.9274967814
0.9656582432
0.9892374487
0.9874719844
0.9841069238
0.9908041935
0.9859312636
0.9775550428
0.9708486268
0.9502514653
0.9263732377
0.9176845531
0.9332917432
0.9442297612
0.9612642631
0.9720956570
0.9845434864
0.9912359756
0.9721887394
0.9844138269
0.9779048974
0.9654821454
0.9439686043
0.9126479128
0.8981892716
0.8883666434
0.8782057120
0.8794379545
0.8982227896
0.9131444496
0.9144542165
0.9225442883
0.9196713076
0.9325607435
0.9669521744
0.9944260386
0.9976993681
0.9857880827
0.9633354177
0.9386755634
0.9251238570
0.9179487638
0.9130053340
0.9113222768
0.9316106874
0.9594189794
0.9708504050
0.9695696869
0.9642939354
0.9606849222
0.9589538294
0.9572864961
0.9709020687
0.9802805695
0.9737997879
0.9582669429
0.9469117833
0.9525312659
0.9653144778
0.9552654224
0.9554530909
0.9820350126
1.0026433841
0.9986207159
0.9877348543
0.9829136123
0.9837413584
0.9842159958
0.9834434076
0.9977266967
1.0138499178
0.9981810336
0.9703857224
0.9440921750
0.9508891442
0.9654059310
0.9819320115
0.9898113088
1.0064416431
0.9779100433
0.9671854519
0.9703873821
0.9829812567
0.9948458949
1.0024964875
1.0034483430
1.0086491024
1.0054753136
0.9919680390
0.9813527513
0.9739253958
0.9684171235
0.9699537473
0.9730280036
0.9649307805
0.9752180413
0.9810307976
0.9761205464
0.9624802566
0.9732090255
0.9689744602
0.9662702464
0.9722732472
0.9745409334
0.9742909840
0.9737619742
0.9719918890
0.9662027883
0.9694871853
0.9750937388
0.9711742275
0.9712353985
0.9833098394
0.9995641470
0.9899970727
0.9773957643
0.9826106022
0.9828404787
0.9841323448
1.0003508142
0.9977629193
0.9835556589
0.9926445816
0.9913457717
1.0028393370
1.0011953231
0.9750903264
0.9662315233
0.9716354106
0.9810749509
0.9927859434
0.9975988263
1.0008136470
0.9972201360
0.9965936380
0.9812687640
0.9884318716
0.9838582287
0.9706533688
0.9567563915
0.9601005429
0.9742664482
0.9739349299
0.9888991385
1.0103080031
1.0008629010
0.9890537918
1.0033309835
1.0085037135
0.9886762471
0.9785976706
0.9888181297
0.9900815672
