#flux
0.9621973100
0.9529822309
0.9184567100
0.8915520987
0.9013000866
0.8930805231
0.9095488844
0.9512764514
0.9956803070
1.0029323083
0.9639318005
0.9520818722
0.9789137363
0.9788079193
0.9766884468
0.9881812032
0.9961903387
0.9912321651
0.9811035197
0.9726315333
0.9696712834
0.9698978715
0.9614339301
0.9362674228
0.9018026776
0.8807479794
0.8376549431
0.8086649190
0.8401591399
0.8769943559
0.9187203713
0.9471960123
0.9757609291
1.0003336108
1.0147518733
1.0126197156
1.0019914856
1.0009310749
1.0096204659
1.0060465977
0.9902463330
0.9804503024
0.9855531912
0.9854784999
0.9514405092
0.9455983760
0.9691139700
0.9716655291
0.9789264978
0.9694673375
0.9575461798
0.9551328616
0.9505459962
0.9340463315
0.9278469928
0.9551757492
0.9953994195
1.0061418914
0.9990059435
0.9855883211
0.9778742244
0.9891185601
0.9997533859
0.9836254684
0.9564680835
0.9465915656
0.9361218322
0.8863639201
0.8267107151
0.7505517033
0.6882369512
0.7067636876
0.7635391606
0.8428862291
0.9161586818
0.9551708527
0.9707381225
0.9560898149
0.9207184230
0.8889892922
0.8921852395
0.9112890316
0.9201212507
0.9328594064
0.9493256776
0.9586295241
0.9590302066
0.9480467070
0.9615117306
0.9355418845
0.9125160258
0.8855627493
0.8917945751
0.9353283659
0.9610046910
0.9374247067
0.9040535059
0.8717756624
0.8172481044
0.7475359934
0.6974238189
0.6867311361
0.7207342942
0.7925711488
0.8738309776
0.9395895778
0.9781148889
0.9759863213
0.9846639303
0.9955991184
0.9967954911
1.0004365599
0.9815226784
0.9432333408
0.9276911408
0.9488326605
0.9776958805
1.0015806391
1.0136433699
1.0126452879
1.0095856946
0.9959762612
0.9707099419
0.9556351585
0.9559996995
0.9596943518
0.9677499379
0.9743482200
0.9670118381
0.9590895011
0.9620967605
0.9653864474
0.9116843334
0.8620923695
0.8787046314
0.8880651136
0.9032622403
0.9125694136
0.9391689260
0.9706456621
0.9926613973
0.9904181830
0.9753389753
0.9758837133
0.9893708685
0.9954740592
0.9965240811
0.9960654308
0.9880570161
0.9780851466
0.9711041872
0.9657969152
0.9738375018
0.9857945951
0.9802796504
0.9697255357
0.9644519575
0.9247518908
0.8644927683
0.8242911051
0.8319548024
0.8709758960
0.9083507726
0.9395305066
0.9762449903
1.0010181860
0.9903732449
0.9747115491
0.9798234190
0.9594346374
0.9450534738
0.9510076619
0.9338913772
0.9079344318
0.9155161094
0.9284902365
0.9112520786
0.9016349171
0.9017023212
0.9169989369
0.9293384954
0.9423818323
0.9683974482
0.9951181120
1.0063655036
1.0009513339
0.9729046996
0.9375746817
0.9411840428
0.9470675902
0.9395529294
0.9561604007
0.9319805204
0.9116677476
0.9345994998
0.9528037961
0.9413390730
0.9162992726
0.8818503218
0.8287137769
0.7669375951
0.6936688600
0.6283862763
0.5681000820
0.5017026463
0.4346002809
0.3675256354
0.3075362693
0.2699302331
0.2392881204
0.2219019179
0.2076154686
0.2024423816
0.1989727953
0.1985780460
0.2101047537
0.2194620725
0.2261939004
0.2513038357
0.2581304014
0.2762865156
0.3177267356
0.3784719652
0.4344793218
0.4888575326
0.5576471851
0.6363254463
0.7178908299
0.7945317736
0.8375342359
0.8300832250
0.8100476361
0.8106455703
0.8347565768
0.8489792454
0.8676433302
0.8854139622
0.8965290213
0.8961385338
0.8886493878
0.9210076335
0.9631755908
0.9704744842
0.9541696378
0.9404099720
0.9474968676
0.9692397713
0.9730330467
0.9502997547
0.9372323166
0.9494354498
0.9534535123
0.9595615089
0.9574904569
0.9400889942
0.9174827395
0.8908206983
0.8579965163
0.8356672567
0.8514447714
0.8882767932
0.9028457326
0.9178477036
0.9359753225
0.9392491379
0.9333139776
0.9345749621
0.9521339064
0.9795883603
0.9932967821
0.9885076126
0.9894486696
0.9968274706
0.9799882901
0.9764689222
0.9852674630
0.9725779665
0.9501305204
0.9197881275
0.9040609312
0.9249573188
0.9552100458
0.9689683466
0.9759922088
0.9728298266
0.9726709944
0.9910011912
1.0042873155
0.9918219909
0.9737005796
0.9695633567
0.9754588511
0.9763690191
0.9901580670
1.0198236471
1.0190976005
1.0047045140
0.9956379971
1.0006161053
1.0114129428
0.9745745353
0.9659790314
0.9808219770
0.9919459101
0.9994522176
1.0036724214
0.9959992610
0.9756351229
0.9673015805
0.9804946297
0.9867792791
0.9864852274
1.0008765412
1.0098215308
0.9850915265
0.9537647486
0.9251156937
0.8772779007
0.8201845460
0.7524647132
0.7171462475
0.7489863277
0.7942958813
0.8373572052
0.8698586003
0.8948821240
0.9191130840
0.9464825736
0.9716237078
0.9825455652
0.9837137018
0.9797046394
0.9542626832
0.9354396515
0.9222594413
0.9540982544
0.9871444916
0.9973681756
0.9872224111
0.9807755094
0.9742918236
0.9477591648
0.9219058866
0.9081465013
0.9108870522
0.9090182776
0.8939187157
0.8858385163
0.8993477440
0.9295370761
0.9574930529
0.9625438385
0.9515988113
0.9505144749
0.9678072911
0.9990937006
1.0284992589
1.0372425388
1.0226674586
1.0120179986
1.0038458036
1.0162770812
1.0187717530
1.0024538245
0.9857924117
0.9718405602
0.9701665212
0.9839774094
0.9868090603
0.9863027217
0.9980910641
0.9908135940
0.9669318523
0.9726694959
0.9840415523
0.9438375872
0.8531800811
0.7477100387
0.6447112824
0.5787670413
0.5553060146
0.5925410899
0.6814165643
0.7773791936
0.8692362822
0.9401995790
0.9775893827
0.9823983184
0.9789389150
0.9908036320
1.0088829587
1.0167417882
1.0064124219
0.9841168074
0.9934561075
0.9901523058
0.9705790424
0.9611921469
0.9804886396
0.9583145492
0.8879923916
0.8232871233
0.7716958702
0.7245154890
0.6985486082
0.7240699778
0.8059446041
0.8759995191
0.9334364208
0.9646467984
0.9664291275
0.9624368417
0.9366137835
0.8769459719
0.8030030501
0.7295460224
0.6658667034
0.6442883432
0.6698167697
0.7182449524
0.8078610671
0.8728534781
0.9313827322
0.9553145820
0.9735540119
1.0002213739
1.0083268166
0.9932223499
0.9778350586
0.9684877649
0.9744889332
0.9828038430
0.9720972328
0.9579234943
0.9483341743
0.9437482574
0.9568510471
0.9632955101
0.9629959934
0.9581448333
0.9564900008
0.9553554209
0.9288847458
0.9272005119
0.9466813393
0.9525281331
0.9613936561
0.9495297351
0.9389748496
0.9397668882
0.9477299082
0.9610739976
0.9740688819
0.9833240153
0.9915326237
1.0004581915
1.0028432403
0.9827911346
0.9577136853
0.9490630058
0.9505806746
0.9369367378
0.9550478938
0.9838052805
0.9896586473
0.9790160837
0.9850739394
1.0069185651
1.0151035851
1.0161675974
1.0131562591
0.9921116321
0.9625608138
0.9392641368
0.9308871742
0.9471762081
0.9585846464
0.9694642415
0.9731615343
0.9854808252
0.9901301455
0.9702686082
0.9677160138
0.9711821048
0.9969126355
1.0044346781
1.0054304573
1.0020629899
0.9950898398
0.9929853222
0.9957474537
0.9923262286
0.9861229206
0.9854023683
0.9844077877
0.9841253979
0.9917481040
0.9876799274
0.9641811318
0.9661542008
0.9846099472
0.9584965232
0.9109701205
0.9304637438
0.9487467752
0.9618852314
0.9753847046
0.9783783540
0.9746619241
0.9724678286
0.9693197789
0.9647517106
0.9495416564
0.9183868725
0.8931815799
0.8777009964
0.8444420173
0.8058889055
0.7697841321
0.7497759274
0.7557481333
0.7819219156
0.8295755621
0.8943644314
0.9452154298
0.9667564557
0.9720599283
0.9796928503
0.9902084026
0.9804739395
0.9761653991
0.9704856716
0.9611232195
0.9479500794
0.9457822783
0.9658265326
0.9716370600
0.9566816251
0.9605329992
0.9812300847
0.9824148834
0.9748057465
0.9906839734
0.9687860939
0.9446851974
0.9341990546
0.9174631559
0.9086625474
0.9215392860
0.9457508799
0.9629924145
0.9710824198
0.9773500126
0.9834619904
0.9873352827
0.9867872305
0.9827514703
0.9832294667
0.9870198424
0.9767841806
0.9587553005
0.9385270571
0.9567802732
0.9693758071
0.9787754256
0.9917132027
1.0029419872
1.0123895042
1.0152687037
1.0109115908
1.0040068558
0.9819924891
0.9462683106
0.9255948302
0.9246377308
0.9302242607
0.9498507178
0.9761933656
0.9826092415
0.9891203082
0.9982288414
1.0139150554
1.0072414909
0.9740433410
0.9582745455
0.9509305979
0.9457092141
0.9386006357
0.9495950793
0.9815751570
0.9831832236
0.9714418527
0.9581663047
0.9449598365
0.9441733927
0.9508168676
0.9560335809
0.9694545679
0.9857281176
0.9853193573
0.9721982672
0.9503080616
0.8952524983
0.8209463207
0.7407818888
0.6955353163
0.7453076700
0.8128526789
0.9053474172
0.9593083629
0.9619398758
0.9519310902
0.9586838506
0.9811054481
1.0026493530
1.0092011031
1.0029534507
0.9985228911
0.9970646323
0.9914139051
0.9959019827
1.0080858074
1.0204130684
0.9960151218
0.9584253035
0.9733014188
1.0036536996
1.0209606383
1.0047489926
0.9917218544
0.9834229293
0.9776442723
0.9868196948
0.9856247483
0.9748887304
0.9906311814
0.9976636793
0.9878409735
1.0113571509
1.0309942825
1.0163350980
1.0075440445
1.0047726641
1.0041293294
0.9934138243
1.0159695615
1.0159474492
0.9950248943
0.9758171566
0.9415045063
0.9279251116
0.9482898531
0.9589904418
0.9531964520
0.9473295243
0.9477777788
0.9531995895
0.9637250167
0.9767441862
0.9853030679
0.9887651265
0.9869294801
0.9714725973
0.9768100056
0.9652365470
0.9391304631
0.9414189024
0.9549894995
0.9854694807
1.0003851741
0.9861480828
0.9939102172
0.9988940712
1.0016176751
1.0049892065
1.0115546580
1.0125871578
1.0116327452
1.0200357770
1.0328518039
1.0390962799
1.0335275958
1.0205648454
0.9986307494
0.9929688749
1.0076104217
0.9813786859
0.9433316577
0.9228595906
0.9129230918
0.8933509080
0.9012623019
0.9301138418
0.9524815669
0.9430985343
0.9510032733
0.9752441451
0.9814467410
0.9713211768
0.9589036040
0.9481545306
0.9480170955
0.9664868426
0.9904766806
0.9885426155
0.9440877843
0.8956503879
0.8913355795
0.8998112896
0.9120523939
0.8852645839
0.8475531516
0.7755096807
0.6914847930
0.6276316476
0.5996245847
0.6177129905
0.6877906554
0.7761336754
0.8470116165
0.9067121966
0.9605559128
0.9855708232
0.9701757590
0.9472875245
0.9556869433
0.9342046777
0.9111700451
0.8229401668
0.7501633290
0.6729453776
0.6411943483
0.6574126285
0.7334587963
0.8260839998
0.8947238454
0.9298074280
0.9515535628
0.9701222440
0.9874336052
1.0054139586
1.0096963036
0.9919374159
0.9742367256
0.9625447957
0.9509685974
0.9666452517
1.0039009524
0.9844301954
0.9614842219
0.9393747515
0.9377502837
0.9321547596
0.9319112299
0.9277885809
0.9238238860
0.9163434991
0.9177651682
0.9379813939
0.9615517823
0.9712863046
0.9676243243
0.9560854386
0.9387461259
0.9162611361
0.8970239556
0.9120487431
0.9405076618
0.9319339169
0.9447086105
0.9596876822
0.9548463208
0.9451231161
0.9732835376
0.9667178392
0.9551846622
0.9589644305
0.9682320062
0.9777976462
0.9885836634
0.9958827974
0.9966792568
0.9931992739
0.9818800237
0.9620321163
0.9530641494
0.9677211835
0.9862822847
0.9745563947
0.9440300868
0.9073214471
0.8728827064
0.8422113057
0.8225226213
0.8384762213
0.8971790729
0.9493649591
0.9616021304
0.9561863087
0.9597567670
0.9776300672
0.9885667166
0.9905505448
1.0002450353
0.9902316865
0.9624522250
0.9513263386
0.9156004788
0.8880121882
0.8850928573
0.8965617090
0.9190411938
0.9314069949
0.9311382632
0.9261021486
0.8928330948
0.8371508171
0.7681594189
0.7159038324
0.7048045953
0.7585145230
0.8542388334
0.9293479760
0.9685649328
0.9955892277
1.0045825231
0.9968425194
0.9821072859
0.9721138710
0.9845826397
0.9849569385
0.9648620695
0.9675932841
0.9708942332
0.9743783245
0.9749055375
0.9728846145
0.9792869996
0.9962731111
1.0050593540
0.9850944153
0.9715392068
0.9769704994
0.9839106657
1.0011803654
1.0122581562
1.0096229979
1.0106905151
1.0000357262
0.9965368281
1.0152542225
1.0102886415
1.0093941549
1.0238314935
1.0073078115
0.9880592983
0.9505801272
0.9351351669
0.9396764211
0.9449853978
0.9647958481
0.9955424223
1.0060387015
0.9918198160
0.9750763036
0.9743227482
0.9962430514
1.0070694305
0.9968358828
0.9969294245
0.9810418736
0.9733573577
0.9709361071
0.9407975980
0.9503600533
0.9799843533
0.9938920680
0.9946683939
0.9923051858
1.0041436073
1.0172325768
1.0133950475
1.0051837424
1.0094316709
0.9987100112
0.9570222829
0.9230084641
0.9009513147
0.9020836967
0.9229117300
0.9354246607
0.9451340098
0.9679797234
0.9718246077
0.9757227366
0.9541320666
0.9558043821
0.9927741857
1.0171809283
1.0201972735
1.0018608102
0.9825312619
0.9768408141
0.9749015357
0.9626057126
0.9345973192
0.8945060985
0.8532764153
0.8151770486
0.7936542172
0.8157555733
0.8605601029
0.8813676802
0.9099388125
0.9497833865
0.9570290437
0.9662076353
0.9873971575
1.0063973934
1.0175140348
1.0139390477
0.9962363437
0.9950718679
0.9976005786
0.9779131563
0.9558943732
0.9490395679
0.9387495436
0.9128322610
0.8888481376
0.8694887643
0.8350045886
0.8017904347
0.8034659935
0.8192026364
0.8613649888
0.9350928641
0.9813275662
0.9901674043
0.9878752162
0.9921819859
0.9754082780
0.9582777467
0.9685536484
0.9746014444
0.9582263396
0.9240524087
0.8768209392
0.8660554678
0.8816568267
0.8747811853
0.9009399256
0.9492529784
0.9666087513
0.9572875935
0.9399360465
0.9406166652
0.9531706147
0.9731816560
1.0025597421
1.0181883420
0.9950344938
0.9513392421
0.9087964542
0.8682387919
0.8373654144
0.8216523351
0.8194468364
0.8402057767
0.8726017602
0.9024898909
0.9542201309
0.9804582891
0.9737726558
0.9890591082
1.0030481616
0.9888834953
0.9928530949
1.0198848268
1.0262497595
0.9676071388
0.8997913771
0.8257692871
0.7488597150
0.6792118323
0.6508888859
0.6800059776
0.7539898304
0.8473276920
0.8997304274
0.9015815372
0.8809667127
0.8361233476
0.8021357697
0.7910432937
0.7690173268
0.7755522593
0.8366374963
0.9158818112
0.9572293454
0.9720526646
0.9811522312
0.9895867854
1.0021508406
1.0053715956
1.0013567027
1.0100719834
1.0196426537
1.0081478103
0.9894390287
0.9773414167
0.9755447771
0.9714749545
0.9704916797
0.9866401899
0.9844318876
0.9825757964
0.9936757690
1.0189600675
1.0247236829
1.0073779981
1.0051175179
0.9880703997
0.9746505917
0.9884918915
0.9971235200
0.9904198206
0.9787427564
0.9648478735
0.9562240902
0.9481371078
0.9441696861
0.9462207409
0.9662305447
0.9991449092
0.9929861751
0.9779226091
0.9748355877
0.9828411232
0.9937561689
1.0045090792
1.0101139000
1.0012163240
0.9822450366
0.9803316726
0.9959523223
1.0068796591
1.0050560006
1.0023792889
1.0100600895
1.0176622631
1.0090822986
1.0038530256
1.0057044585
0.9967627237
0.9717838945
0.9286823541
0.9054229940
0.8660032957
0.8354311232
0.8166319842
0.7815247462
0.7531826520
0.7531608906
0.7779021418
0.8134885790
0.8694848493
0.9295038590
0.9751310550
0.9928091056
0.9856955589
0.9972420689
1.0074590529
1.0046835025
1.0161171498
1.0071659376
0.9741924267
0.9603487200
0.9527929153
0.9649863966
0.9336970141
0.9104219797
0.9192625452
0.9146933336
0.9165828320
0.9494962257
0.9931730381
1.0009102980
0.9903855042
0.9823356030
0.9666185727
0.9628625669
0.9678736260
0.9681986004
0.9548273849
0.9302012294
0.9358993926
0.9639875751
0.9838807677
0.9781245985
0.9596932995
0.9847746875
1.0194428122
1.0215428039
1.0198872217
1.0061404663
0.9894735606
1.0008671425
1.0140961629
1.0017632338
0.9786725606
0.9580693514
0.9429472753
0.9236757891
0.9089919082
0.9358220445
0.9492194978
0.9496329005
0.9324669002
0.9462048195
0.9370515946
0.9313577645
0.9642682752
0.9926051744
1.0037690123
0.9814641986
0.9570623719
0.9461952027
0.9440140723
0.9514728296
0.9758541146
1.0100729120
1.0259787802
1.0081878345
0.9803286788
0.9753920082
0.9858591438
0.9822477201
0.9485881043
0.9563212074
0.9552449150
0.9408671448
0.9735439233
0.9798044699
0.9853234108
0.9800204816
0.9733223115
0.9754863742
0.9724997518
0.9615420081
0.9532296776
0.9437882222
0.9428715847
0.9689576226
0.9854835225
0.9787566787
0.9791396196
0.9568436006
0.9582019313
0.9722105359
0.9873023712
0.9908590696
0.9800434629
1.0000480739
1.0241920006
1.0207399618
1.0012487116
0.9793116544
0.9649511673
0.9795199200
1.0076784000
1.0147035698
0.9991436162
0.9887850055
1.0009271312
1.0055027022
0.9962311902
1.0155407328
1.0190429337
0.9941726704
0.9957198221
1.0147569667
1.0117422808
0.9879002841
0.9696856857
0.9711680358
0.9865768050
1.0052753574
1.0299441967
1.0570818481
1.0639752356
1.0435682753
1.0289325600
1.0311115617
1.0274262547
1.0348392447
1.0377521677
1.0069298231
0.9862833077
0.9810990565
0.9912388967
0.9773073832
0.9595136925
0.9704798766
0.9769367081
0.9825345128
0.9912141475
0.9894194303
0.9720282505
0.9629866167
0.9535172285
0.9444131447
0.9555753021
0.9775336673
0.9858357808
0.9798823704
0.9768632791
0.9785709624
0.9740242155
0.9717720486
0.9683549582
0.9479132550
0.9525344564
0.9656560468
0.9637961793
0.9779660211
0.9711089933
0.9607296190
0.9466440586
0.9392640488
0.9370061151
0.9396921867
0.9409960797
0.9422240083
0.9501535428
0.9528134878
0.9518364789
0.9483444065
0.9331243451
0.9330961304
0.9338211086
0.9464716696
0.9521829590
0.9427803048
0.9113059605
0.8580841565
0.8075130367
0.7593277906
0.7020455178
0.6720165915
0.6838701305
0.7371163005
0.8098120130
0.8663482021
0.9067393561
0.9563358369
1.0079447246
1.0296853922
1.0108701721
0.9983514990
1.0006706326
1.0151263463
1.0195769406
1.0148049639
1.0132534985
1.0202695859
0.9781937601
0.9765625889
0.9760145879
0.9960246388
1.0094934896
0.9984235071
0.9947613292
1.0002015277
0.9957721636
0.9960723208
1.0057365852
1.0093012356
1.0223770929
1.0251904969
1.0127927516
1.0134158432
1.0078373405
0.9966046131
1.0209730501
1.0094254118
0.9863457222
0.9638779337
0.9535381439
0.9323591777
0.9041895684
0.8799230503
0.8610403972
0.8630917577
0.8909293674
0.9273252026
0.9614921254
0.9883365556
1.0004002457
0.9943864484
0.9814722548
1.0015360765
0.9764377238
0.9601113656
0.9796614353
0.9951023030
0.9994472510
0.9865964488
0.9840061388
0.9940433358
1.0114087939
1.0154328460
0.9829536299
0.9405783588
0.9363417244
0.9598393039
0.9680657884
0.9601083459
0.9619131615
0.9874670134
1.0155539974
1.0297621096
1.0277126319
1.0252189439
1.0333672450
1.0146863125
0.9792306453
0.9497968506
0.9348337416
0.9238061644
0.8949616321
0.8503998473
0.8084344487
0.7867623416
0.7977161383
0.8363025214
0.8865809145
0.9392323091
0.9805411914
0.9951725825
1.0018633217
1.0059683092
0.9969440603
0.9913071994
0.9924976721
0.9826385635
0.9714655137
0.9785827573
0.9731231860
0.9758252986
0.9643356091
0.9463775500
0.9398491120
0.9455195499
0.9519064446
0.9668697570
0.9844856538
0.9884267063
0.9820443708
0.9678370751
0.9612682875
0.9420152457
0.9305141603
0.9266291361
0.9210287098
0.9398211088
0.9462430264
0.9637833986
0.9756080904
0.9724599577
0.9346172598
0.9037803631
0.8720302369
0.8559437188
0.8593782063
0.8641586093
0.8868284967
0.9466173623
1.0033289243
1.0167394452
1.0223174063
1.0480496076
1.0302609955
1.0215610365
1.0234562591
1.0202401561
0.9848757481
0.9483323256
0.9060927558
0.8843929370
0.8815871902
0.8848145336
0.8721982234
0.8414879591
0.8148798435
0.7981744919
0.7982434945
0.8207786737
0.8440790439
0.8419835089
0.8243385351
0.8236230839
0.8346426277
0.8443981889
0.8796105594
0.9253340358
0.9519379092
0.9837852410
0.9931935706
0.9839729010
0.9982079910
1.0150456861
1.0152005259
0.9978548506
0.9675947307
0.9423820350
0.9107574803
0.8748496334
0.8623940015
0.8788121008
0.9091591058
0.9362520439
0.9587162231
0.9840814784
0.9884165572
0.9834826468
0.9535496794
0.9516335267
0.9433593949
0.9421408941
0.9631899940
0.9763512406
0.9770812400
0.9732423226
0.9692917266
0.9659581217
0.9629591545
0.9492897832
0.9323613590
0.9354823066
0.9488541813
0.9513766381
0.9558606703
0.9633520268
0.9874246350
0.9956842226
0.9890084972
1.0003932143
0.9675845067
0.9597560501
0.9577650407
0.9565796402
0.9651736703
0.9686700023
0.9672476766
0.9534283993
0.9468154323
0.9556563400
0.9746328123
1.0031685774
1.0073796012
0.9723781825
0.9577402038
0.9440774244
0.9251060388
0.9272592409
0.9494184181
0.9444083883
0.9399483533
0.9658934161
0.9686107358
0.9881119272
0.9979076656
1.0008358841
0.9911420779
0.9851663840
0.9902798428
0.9998783318
1.0018380102
0.9993924619
0.9906678300
0.9783345874
0.9810317559
0.9775356823
0.9885507443
1.0033574869
0.9737328569
0.9650386066
0.9947356277
1.0049015811
0.9713620590
0.9170836596
0.8906263096
0.8873680059
0.8875878238
0.8681890792
0.8484982599
0.8502345937
0.8684546763
0.9010984892
0.9318550756
0.9484556258
0.9682192463
0.9802238033
0.9789467385
0.9842903068
0.9759845490
0.9870610961
0.9753675582
0.9797560893
0.9782999623
0.9599561624
0.9830398746
1.0041401643
1.0241417550
1.0047368283
0.9887016663
0.9786848380
0.9750043348
0.9792420798
0.9823992904
0.9741567483
0.9530861712
0.9466910469
0.9774887956
1.0144977410
1.0481428465
1.0447071849
1.0156525460
1.0026491602
1.0100792590
1.0196218755
1.0229303614
1.0112746333
0.9863785873
0.9794047630
0.9937309306
0.9980291360
0.9978186796
0.9899006539
0.9761321439
0.9801626027
0.9852713065
0.9652731296
0.9549213497
0.9679895584
1.0017319477
0.9934649173
0.9867317470
0.9973735705
0.9768603739
0.9652688351
0.9988369515
0.9879090884
0.9733606481
0.9627539385
0.9126646587
0.8206665035
0.7093622572
0.6216698019
0.5960210152
0.6311819400
0.7055147195
0.7955402611
0.8717102251
0.9241656703
0.9587082873
0.9836574421
1.0002393793
0.9872038983
0.9839984417
0.9938582552
1.0039131956
0.9827751887
0.9723125960
0.9726450832
0.9729644825
0.9744489860
0.9842715284
0.9891686328
0.9647180458
0.9487034986
0.9397343724
0.9149682509
0.9078823814
0.9051015893
0.9087579815
0.9324201338
0.9546520187
0.9636012652
0.9606304058
0.9559494126
0.9683172735
0.9833699724
1.0100432310
1.0336758446
1.0296037767
0.9925101831
0.9744009064
0.9575903679
0.9456129776
0.9478547022
0.9543422111
0.9739635508
1.0044986670
1.0123076978
0.9987410230
0.9873369862
0.9939629418
0.9776392117
0.9695732276
0.9718769734
0.9343995194
0.8989472443
0.8840277399
0.8646656370
0.8771673257
0.9295832145
0.9605580566
0.9582964076
0.9472017039
0.9376288223
0.9325587943
0.9445302300
0.9698506512
0.9778327270
0.9739700926
0.9950225396
0.9918136992
0.9892531583
0.9891357890
0.9354200487
0.8775787388
0.8095562273
0.8137686411
0.8109514294
0.8262077564
0.8772170840
0.9226729941
0.9558763107
0.9682000822
0.9773929988
0.9828083877
0.9743874561
0.9693595202
0.9824478527
0.9921448339
0.9856644145
0.9953509721
0.9923519359
0.9836337433
0.9859404766
0.9649560696
0.9473538619
0.9709421686
0.9818622748
0.9598194651
0.9483233038
0.9659031764
0.9833590816
0.9961181366
0.9849975920
0.9738902757
0.9853786881
0.9982491412
1.0089096341
1.0216779632
1.0081373940
0.9772504406
0.9488652946
0.9502146844
0.9551371404
0.9105710172
0.8712784025
0.8776039050
0.9375180445
0.9692209091
0.9697807988
0.9626717785
0.9809883052
1.0001239900
1.0006804759
0.9932696066
0.9802908362
0.9807538989
0.9916976221
0.9762731621
0.9466842397
0.9322568153
0.9222976152
0.9527197694
0.9692070393
0.9649682551
0.9765354008
0.9838458265
0.9919641301
0.9855203565
0.9935751242
0.9949025540
0.9877852683
0.9835202102
0.9976471218
1.0043635429
0.9821324553
0.9655744148
0.9712178121
0.9778369869
0.9841254061
0.9931908998
0.9979149527
0.9961125437
0.9597427241
0.9547459599
0.9635363175
0.9520742810
0.9594883791
0.9834538819
0.9816519123
0.9828889192
0.9737216139
0.9553224599
0.9452489686
0.9554481005
0.9753182507
0.9815972390
0.9872330759
0.9888828897
0.9745377119
0.9641915627
0.9550284943
0.9550028623
0.9396649610
0.9487558935
0.9752810497
0.9714548394
0.9611574473
0.9699130215
0.9608046459
0.9532909417
0.9888094563
0.9899022908
0.9735896197
0.9600198812
0.9684883533
0.9917671090
1.0093926616
1.0165212820
1.0102958651
0.9891863866
0.9779510251
0.9890831995
0.9916608374
1.0076558252
0.9964785130
1.0048148005
0.9889917152
0.9835197133
0.9829990217
0.9732544892
0.9456180364
0.9387311206
0.9408699031
0.9578363108
0.9981397663
1.0121145147
0.9893995089
0.9655233652
0.9681946468
0.9812114805
0.9767987370
0.9655169246
0.9492414541
0.9527350025
0.9290671840
0.9241195043
0.9554937677
0.9729688344
0.9772999447
0.9646600603
0.9386367977
0.9156908264
0.9196585755
0.9284300179
0.9495242661
0.9552926739
0.9576020951
0.9729738262
0.9828694277
0.9822864842
0.9919479760
1.0051886099
0.9971274596
0.9874763297
0.9818755704
0.9841539353
1.0000197037
1.0073644811
0.9985854494
0.9945795719
0.9776568066
0.9823868948
1.0053465803
1.0046580512
0.9798773962
0.9749362992
0.9940228808
0.9854496729
0.9578498488
0.9514595668
0.9646319644
0.9854906222
1.0037976921
0.9996745290
0.9640944866
0.9425785140
0.9588419053
0.9768283156
1.0033740735
1.0308580120
1.0241479398
1.0030264094
0.9873416887
0.9674680146
0.9592858957
0.9413338198
0.9407058745
0.9627997611
0.9670273772
0.9577147698
0.9636451031
0.9734106722
0.9705033861
0.9601619364
0.9598556066
0.9753031203
0.9602288693
0.9621456338
0.9789561920
0.9799934900
0.9586420166
0.9595537908
0.9692402704
0.9799655476
0.9837688100
0.9717471028
0.9510113802
0.9401614319
0.9528081249
0.9663772979
0.9611836528
0.9389760757
0.9076465416
0.8962206902
0.9222688927
0.9560461072
0.9614278461
0.9539634747
0.9868340075
0.9733056876
0.9794289157
0.9937168914
0.9938348146
0.9917921297
0.9896356693
0.9984231460
1.0163390726
1.0209593849
1.0150569840
1.0026512142
0.9931030420
0.9925587919
0.9931295891
0.9917220501
0.9830089177
0.9707367592
0.9802017198
0.9847835078
0.9930890455
1.0154188326
1.0312196810
0.9960066716
0.9676168498
0.9723589186
0.9706627900
0.9408141945
0.8855028591
0.8311553839
0.7667476004
0.6836990601
0.6304957622
0.6256789256
0.6484780966
0.6966113577
0.7720931746
0.8764885965
0.9567041741
0.9869362094
1.0053352757
1.0137677606
1.0086465688
1.0009965317
0.9554791367
0.9380592541
0.9459671203
0.9638164692
0.9554891922
0.9410045974
0.9549109615
0.9859890762
1.0032960165
1.0058386934
1.0058840654
1.0001105727
0.9898118756
0.9785245686
0.9551023376
0.9590183973
0.9816944652
0.9858165764
0.9380177854
0.8925750187
0.8780677248
0.8795111803
0.8991072437
0.9127794881
0.9317463985
0.9506403028
0.9546988723
0.9449511666
0.9468272541
0.9790531942
1.0098146521
1.0114944700
1.0068153861
1.0033142548
0.9896630631
0.9889908609
0.9754986165
0.9501668060
0.9320160937
0.9276445624
0.9010820798
0.8946674641
0.8938883182
0.9151205730
0.9286010791
0.9400718188
0.9595438334
0.9767069413
0.9795471119
0.9798102041
0.9831928677
0.9700254292
0.9365139271
0.9170286627
0.9213853513
0.9121351603
0.9074800235
0.9067209091
0.8984823439
0.8872706401
0.8938956480
0.9120086152
0.9380333863
0.9605359745
0.9637838617
0.9753803480
0.9921365626
0.9893209426
0.9724686399
0.9457040476
0.9209198705
0.9168640808
0.9286578452
0.9398490359
0.9467406074
0.9534938868
0.9773548619
1.0009764841
1.0028189688
0.9905477446
0.9929597374
0.9718838797
0.9736704802
0.9603375420
0.9487118552
0.9607678229
0.9583790061
0.9367939034
0.9371227178
0.9675396534
0.9934612408
0.9976455752
0.9940399111
1.0022846321
1.0089012456
0.9902709101
0.9863538460
0.9956780063
1.0184725939
1.0320277257
1.0098845058
0.9817229108
0.9716632132
0.9677749682
0.9626158700
0.9942934131
1.0008482530
1.0015074929
1.0032138618
1.0061542657
1.0016611530
1.0042019112
1.0116001682
1.0084976431
1.0014762585
0.9964971289
0.9936569318
0.9846494537
0.9619269119
0.9491701694
0.9450535937
0.9061580537
0.8910068629
0.8953904023
0.9037458020
0.9513780417
0.9607040442
0.9643537583
0.9592343811
0.9777293432
0.9960885763
1.0107375886
1.0234148505
1.0201623884
1.0051529922
0.9949505536
0.9923150625
0.9918073188
1.0045884330
0.9965689132
0.9807467646
0.9665004586
0.9658274425
0.9473443547
0.9536122185
0.9705188511
0.9743415114
0.9949244795
0.9995667624
0.9937246405
0.9891981880
0.9891637651
0.9831505524
0.9689119016
0.9497738195
0.9425165550
0.9638486511
0.9809083295
0.9754802960
0.9599805096
0.9488523771
0.9536064868
0.9720199025
0.9567487221
0.9175300709
0.9060203000
0.9355279227
0.9531010080
0.9774386355
0.9707639002
0.9753674258
0.9836529839
0.9844077472
0.9865800398
1.0009178921
1.0227539887
1.0274896737
1.0046524994
0.9690448562
0.9481125449
0.9766164379
0.9862730993
0.9693161559
