#flux
0.9053704995
0.9019757960
0.9097403371
0.9071129869
0.9184391664
0.9383483148
0.9372988782
0.9470568041
0.9642879487
0.9701493929
0.9696429167
0.9792678088
0.9854306531
0.9836920834
0.9750706008
0.9514496597
0.9283791942
0.9274674129
0.9311422791
0.9235010643
0.9108524506
0.8876259472
0.8498538213
0.8099870693
0.7648890355
0.7296713374
0.7037930787
0.7038812491
0.7360593062
0.7837965577
0.8476270902
0.8983721374
0.9367397543
0.9529355195
0.9510519288
0.9568652084
0.9726983346
0.9876534513
0.9912041409
0.9842968267
0.9823612986
0.9773965578
0.9639269899
0.9356513383
0.9426224111
0.9540938008
0.9531906362
0.9539774760
0.9564618878
0.9642553863
0.9639476767
0.9508156166
0.9673177722
0.9937024036
0.9962475112
0.9874623609
0.9819091413
0.9787875707
0.9719259785
0.9512992956
0.9291025191
0.9300928114
0.9284207914
0.9328417844
0.9386920171
0.9285746481
0.8862424901
0.8070633194
0.7242749884
0.6579897154
0.6348748737
0.6507311781
0.7003359333
0.7728327452
0.8504733703
0.9159706543
0.9516106964
0.9503750948
0.9269635219
0.9003255721
0.8857167422
0.8920588631
0.8968886247
0.9143811180
0.9433511430
0.9565447671
0.9573148575
0.9589089365
0.9478973076
0.9400608023
0.9168555379
0.9061941671
0.9065057500
0.9035532918
0.8959677385
0.8767461761
0.8375848615
0.7809962043
0.7116426102
0.6360921032
0.5747642279
0.5812299055
0.6297118280
0.7003568666
0.7903113124
0.8804441832
0.9549491498
0.9895446192
1.0001545176
1.0029789486
0.9938549984
0.9769767504
0.9556491062
0.9319498017
0.9136927848
0.9100607465
0.9202125765
0.9302945487
0.9278775990
0.9198926078
0.9202609857
0.9189524768
0.9106300076
0.9137910481
0.9363897546
0.9593663007
0.9890219385
0.9674606925
0.9503428428
0.9247766809
0.8834542182
0.8398429653
0.8041778742
0.7839837306
0.7874389326
0.8129936675
0.8566697184
0.9068393495
0.9399769646
0.9482507759
0.9475995358
0.9528532017
0.9461956684
0.9276285718
0.9223132522
0.9366485880
0.9502864423
0.9542483667
0.9637963863
0.9811717950
0.9975916527
1.0136443336
1.0240029021
1.0193294166
0.9983087199
0.9681002540
0.9340817027
0.8867746262
0.8447597752
0.8371725733
0.8318911657
0.8498156259
0.8998562484
0.9503885403
0.9735303942
0.9790168221
0.9775472738
0.9699912383
0.9586555751
0.9322310101
0.9098835911
0.9152347260
0.9309637821
0.9378693019
0.9390841079
0.9395223900
0.9385441101
0.9333753340
0.9352368179
0.9507168456
0.9629885520
0.9831024151
0.9914645785
0.9835106979
0.9801422994
0.9977177832
1.0132766184
0.9727564717
0.9531091112
0.9711573746
0.9840770527
0.9752591144
0.9691751647
0.9682196614
0.9608143363
0.9468452277
0.9271346810
0.9034041314
0.8735119706
0.8292918212
0.7715633878
0.7074484666
0.6492770840
0.5809373292
0.5146441048
0.4606498994
0.4081304225
0.3729384250
0.3441035429
0.3157540891
0.2965502996
0.2876553868
0.2844884009
0.2820597258
0.2782640544
0.2778105071
0.2859101117
0.2979498552
0.3097120767
0.3276079568
0.3549911397
0.3892991423
0.4323197278
0.4692009211
0.5227121830
0.5926209207
0.6675761562
0.7379785177
0.7825102644
0.8139038762
0.8309385009
0.8383249629
0.8411128080
0.8433093967
0.8340477937
0.8325789866
0.8516707974
0.8706964180
0.8789605151
0.8873851542
0.8932624270
0.8903921092
0.8941454707
0.9039100352
0.8966170144
0.8889722058
0.8745464796
0.8634872663
0.8709617687
0.8801698848
0.8855799425
0.8958643883
0.8972248282
0.9016530020
0.8840998064
0.8428904684
0.8044678547
0.7793099516
0.7575036776
0.7343022228
0.7175330631
0.7152284322
0.7165195423
0.6951074303
0.6887676582
0.7283558235
0.7668105114
0.8266714222
0.8760434442
0.9026826960
0.9251010762
0.9382061579
0.9348886022
0.9333073460
0.9286048450
0.9273549580
0.9163033342
0.8985930584
0.8851346677
0.8730769306
0.8653310887
0.8702852754
0.8864443303
0.9108762729
0.9487014355
0.9653644913
0.9581927373
0.9496698280
0.9499191507
0.9444371822
0.9417034417
0.9390921304
0.9371657488
0.9389667762
0.9422867823
0.9686714911
0.9777864241
0.9652812357
0.9610388313
0.9624811487
0.9630493353
0.9726327182
0.9876345729
1.0032707791
1.0087503695
0.9981284831
0.9988037797
1.0051031081
0.9748478725
0.9729622811
0.9432316579
0.9316286480
0.9030539960
0.8838356816
0.8815662378
0.8662270786
0.8347546247
0.8071001090
0.7852074893
0.7599772998
0.7393084488
0.7416931499
0.7689082969
0.7992774191
0.8160716938
0.8388448075
0.8739387032
0.9095140076
0.9406890050
0.9550182226
0.9488129035
0.9558839424
0.9471835562
0.9260629362
0.9274913069
0.9326446464
0.9368245941
0.9489791021
0.9638929191
0.9700895149
0.9681070536
0.9701070241
0.9738464429
0.9622269346
0.9498523903
0.9395496175
0.9421536463
0.9487033024
0.9497337723
0.9448726959
0.9296191120
0.9080216148
0.8952455690
0.8887615210
0.8970239037
0.9143117735
0.9223697171
0.9372165296
0.9522400593
0.9614759022
0.9657120845
0.9652701116
0.9753415693
0.9873962162
0.9813170827
0.9877125849
1.0133744157
1.0156648605
0.9999567772
1.0066838035
0.9838071774
0.9661020723
0.9514424967
0.9311288010
0.8988136710
0.8424793702
0.7582399912
0.6566653728
0.5531393447
0.4852083159
0.4732898571
0.5086275647
0.5844572223
0.6894473782
0.8030856770
0.8910840068
0.9367627076
0.9702405245
1.0161728863
1.0333490840
1.0220639266
1.0235100452
1.0006774213
0.9860914331
0.9591103766
0.9479235504
0.9502860001
0.9507613369
0.9350756114
0.9019157187
0.8558775808
0.7855792204
0.7036074323
0.6595851288
0.6641298664
0.7129736265
0.7987178317
0.8866598740
0.9544114341
0.9763839490
0.9865408916
0.9940803071
0.9803863813
0.9364637892
0.8572706869
0.7732595017
0.6973888934
0.6603893197
0.6643923666
0.7027206000
0.7596405565
0.8225652434
0.8866085952
0.9399760607
0.9830709028
1.0200138168
1.0355435324
1.0181363812
0.9989507862
0.9899171653
1.0040139292
1.0080325959
1.0141215895
0.9860180245
0.9645391914
0.9630046039
0.9597372827
0.9428675252
0.9178432189
0.8939644904
0.8814555285
0.8823260988
0.8876042619
0.9034850377
0.9406637430
0.9651242509
0.9561448430
0.9511619456
0.9668412373
0.9819952906
0.9827321657
0.9866498489
1.0020448498
1.0053482331
0.9951851578
0.9845739793
0.9964051083
1.0027480380
0.9899513572
0.9643851756
0.9416125197
0.9294595156
0.9238538041
0.9230192243
0.9299472938
0.9415184240
0.9474534189
0.9462066670
0.9500940438
0.9634584019
0.9778546701
0.9807865993
0.9828261219
0.9843617288
0.9770819721
0.9635681019
0.9589394500
0.9626462562
0.9535620127
0.9254681388
0.8973556777
0.8710040228
0.8534669939
0.8526084098
0.8616331240
0.8881151131
0.9057038203
0.9098089748
0.9079237013
0.9325104094
0.9546731782
0.9554535230
0.9535095624
0.9506955342
0.9637513351
0.9660883595
0.9836175282
0.9888684005
0.9768652700
0.9776521421
0.9754246486
0.9677713536
0.9586616829
0.9431335942
0.9353844269
0.9365703683
0.9380590780
0.9481713929
0.9694263890
0.9850554590
0.9617497945
0.9216218065
0.9091319464
0.8692739421
0.8197642480
0.7912957130
0.7696593476
0.7396485766
0.7073153569
0.6947365654
0.7134875465
0.7505478566
0.7925395365
0.8333744421
0.8716941607
0.9017612649
0.9118834474
0.9236576047
0.9222271061
0.9380607467
0.9611177458
0.9768536040
0.9749276769
0.9680643423
0.9602414956
0.9489224128
0.9508354252
0.9655545272
0.9819208526
0.9898486147
0.9914004246
0.9930931150
0.9851182572
0.9770996710
0.9802322743
0.9760466093
0.9670043181
0.9600315729
0.9599069355
0.9714726678
0.9758283998
0.9514562500
0.9399230641
0.9434300208
0.9454155672
0.9430449380
0.9688291880
0.9693810503
0.9682998918
0.9647806407
0.9590534303
0.9611952606
0.9636188523
0.9569620392
0.9530525297
0.9627133710
0.9801474581
1.0013497024
1.0188395646
1.0312561924
1.0332889483
1.0132232432
1.0053952732
0.9880482468
0.9754956437
0.9569302145
0.9516204238
0.9627588830
0.9701258393
0.9695280726
0.9714173662
0.9754439027
0.9789210875
0.9759955115
0.9679777480
0.9572360779
0.9459829169
0.9505560242
0.9481989342
0.9410469821
0.9478376509
0.9623281065
0.9760540285
0.9798665132
0.9897988514
1.0009289699
0.9989910934
1.0123389114
1.0159070937
0.9894191746
0.9532796213
0.8969767460
0.8357540311
0.7826942595
0.7467716716
0.7446655651
0.7685836279
0.8127026645
0.8775875841
0.9311011897
0.9575898780
0.9741214169
0.9914683543
1.0175814938
1.0287671949
1.0076341105
1.0146145905
0.9865116973
0.9700860499
0.9719874466
0.9725751291
0.9776995881
0.9903656676
1.0090342535
1.0231105961
1.0213356874
1.0134371200
1.0092069993
1.0004525575
0.9919312126
1.0000323673
1.0080522907
1.0243770695
1.0185990588
1.0105415586
1.0329997737
1.0390626151
1.0374851753
1.0263675044
1.0255161443
1.0238950646
1.0032736698
0.9827908282
0.9844691446
0.9955009785
0.9964580971
0.9884559227
0.9815500958
0.9797749026
0.9762094832
0.9843450438
0.9757346887
0.9490112782
0.9438257508
0.9345050179
0.9297549277
0.9368023815
0.9505877540
0.9604009351
0.9775192465
0.9955251140
0.9954062131
0.9898082223
0.9913557579
0.9931641963
0.9929095736
0.9996319111
1.0156384142
1.0254287666
1.0211682037
1.0362984210
1.0185522000
0.9963074126
1.0117537772
1.0194822862
1.0042254690
0.9927161200
0.9852864015
0.9713476064
0.9615450449
0.9682438718
0.9788164385
0.9815583580
0.9887733926
1.0006630440
1.0025219030
0.9795303193
0.9427952612
0.9235394915
0.9118394924
0.9089524739
0.9095446750
0.9330771265
0.9591489653
0.9722085786
0.9777052643
0.9752471058
0.9612905701
0.9474153387
0.9503552984
0.9546264806
0.9760758368
0.9940790414
0.9881013141
0.9697167398
0.9367863320
0.9017747712
0.8847740394
0.8672603833
0.8561122577
0.8561171517
0.8346214625
0.7798000981
0.7044763367
0.6477633819
0.6309513076
0.6470781469
0.7114757217
0.7906582062
0.8687693336
0.9086041584
0.9261723597
0.9497157897
0.9729916998
0.9749379944
0.9617565345
0.9401274299
0.8927239507
0.8182979608
0.7446221660
0.6870781265
0.6496789365
0.6506432826
0.6873728315
0.7470052124
0.8176382281
0.8689027444
0.9153184490
0.9462088442
0.9485190285
0.9538070671
0.9615543386
0.9554834892
0.9580829443
0.9685039498
0.9804268337
0.9836982517
0.9762419668
0.9724131867
0.9678718012
0.9612740100
0.9504550934
0.9380027379
0.9242102047
0.9254526547
0.9541527361
0.9635733558
0.9508575906
0.9454616469
0.9527369501
0.9393658032
0.9351367946
0.9225458527
0.9160454283
0.9162711706
0.9206412560
0.9328092830
0.9474724687
0.9570104507
0.9670408193
0.9826540777
0.9827367391
0.9794136078
0.9706358249
0.9556996399
0.9496354652
0.9423006853
0.9556042209
0.9628601675
0.9687748860
0.9718666822
0.9808052296
0.9908078611
0.9775254883
0.9702844014
0.9806172414
0.9804493099
0.9628786368
0.9418785663
0.9196133059
0.8988540385
0.8849985989
0.8771797338
0.8735371485
0.8941774210
0.9236404904
0.9521343524
0.9900659426
0.9965176061
1.0019430445
1.0047631612
1.0109515877
1.0102344142
0.9998517063
1.0036745329
1.0006207778
0.9861520490
0.9686102192
0.9448610786
0.9264441491
0.9145295736
0.8996780762
0.8961938184
0.8801343794
0.8419449406
0.7821104985
0.7042735820
0.6410044243
0.6119603305
0.6246520909
0.6877440331
0.7702439148
0.8498149074
0.9317239468
0.9848267516
1.0048538099
1.0206656149
1.0281493409
1.0260245212
1.0185579054
0.9926070861
0.9750254509
0.9644364583
0.9757304338
0.9908699225
0.9798510697
0.9861161791
0.9831366360
0.9867085756
0.9918510407
0.9855171648
0.9917066507
1.0031472139
1.0011656690
0.9973821807
0.9916972935
0.9866181481
0.9827685991
0.9750840363
0.9719128890
0.9847977336
0.9988742543
0.9905351445
0.9731169589
0.9606286114
0.9559244785
0.9699579150
0.9535509119
0.9586090666
0.9779815219
1.0130428996
1.0283000139
1.0317839621
1.0313095243
1.0309897317
1.0338542235
1.0286635997
1.0162889832
1.0092990355
1.0033217614
0.9913244527
0.9772266006
0.9567587901
0.9479446875
0.9564091900
0.9719876152
0.9867425147
1.0075161006
1.0107829338
1.0031055604
1.0011989407
1.0033633939
1.0003138826
1.0014401714
0.9866332887
0.9668016494
0.9499601475
0.9444247606
0.9460267195
0.9490206160
0.9652547117
0.9905425853
1.0011766930
1.0001274788
1.0039308423
1.0050523325
0.9965884868
1.0070453928
1.0293440829
1.0406497967
1.0333039346
1.0347226840
1.0411804807
1.0305627888
0.9946882981
0.9657597452
0.9296256745
0.8790859840
0.8339418737
0.8005418524
0.7961174165
0.8375042285
0.8842694576
0.9153488905
0.9472081357
0.9644779933
0.9858809470
1.0140727867
1.0323206945
1.0292781470
1.0147219572
1.0000063049
0.9807365794
0.9595291304
0.9424911158
0.9570204466
0.9667123328
0.9529887767
0.9208245114
0.8765530563
0.8222525353
0.7649071519
0.7307710680
0.7284006059
0.7566955613
0.8329753242
0.8965469324
0.9386279908
0.9452626121
0.9669077516
0.9676656397
0.9467426449
0.9571738879
0.9679619757
0.9765416154
0.9875973112
0.9744474011
0.9532739966
0.9395074608
0.9265681816
0.9275939018
0.9452846139
0.9465279882
0.9350518736
0.9454094186
0.9645613920
0.9686300876
0.9822171319
0.9869893505
0.9741260918
0.9576944382
0.9129454401
0.8571162638
0.8152866067
0.7766429339
0.7662769213
0.7675861732
0.7966740455
0.8522867643
0.9030368063
0.9362162067
0.9620289846
0.9821965271
0.9881474694
0.9872906968
0.9881238428
0.9945554489
0.9965193258
0.9976399183
0.9784121462
0.9554751955
0.9179308373
0.8499887667
0.7762572147
0.7289249854
0.7169874075
0.7409211883
0.8021466114
0.8654622008
0.8955818683
0.8910269170
0.8607439935
0.8101068506
0.7605399162
0.7406807977
0.7481509303
0.7831336300
0.8272429659
0.8875307350
0.9380091698
0.9611392862
0.9738671458
0.9907677699
0.9964351179
1.0011450210
0.9889156607
0.9764367180
0.9603349123
0.9525082631
0.9538580619
0.9599333200
0.9704452887
0.9851071357
1.0056214760
1.0205243569
1.0281790254
1.0375260140
1.0321310278
1.0316203996
1.0122916294
1.0010969943
1.0079886881
1.0023192259
1.0146953475
1.0266536339
1.0294714064
1.0394085819
1.0465342282
1.0320118092
1.0095757936
0.9928466074
0.9757190263
0.9635885081
0.9556474550
0.9351800874
0.9337878288
0.9585012891
0.9885257794
1.0121536149
1.0433403163
1.0486683044
1.0370565584
1.0414434005
1.0415890148
1.0248989997
1.0022687587
0.9932483917
0.9891783298
0.9965264118
1.0079143986
1.0202535021
1.0401231940
1.0495303390
1.0322134335
1.0061227537
0.9784353932
0.9466054859
0.9006661660
0.8613079625
0.8372500065
0.8078201140
0.7666746721
0.7328948690
0.7376137506
0.7729344627
0.8388466545
0.9069963814
0.9498986622
0.9750942248
0.9802881270
0.9786567344
0.9777823543
0.9704667045
0.9718620104
0.9976809624
1.0265356248
1.0366903875
1.0238864177
1.0131897453
1.0253494069
1.0278718705
1.0138792519
0.9965585478
0.9999906819
1.0081417846
1.0025843903
0.9839544844
0.9787003886
0.9745458064
0.9848018200
0.9978618333
1.0061720670
1.0051620525
0.9953908053
0.9916419409
0.9879560533
0.9916689448
0.9768539826
0.9864897164
0.9925677020
0.9925376014
0.9903696661
0.9882449842
1.0010200691
0.9989913870
0.9729235167
0.9655862668
0.9633541937
0.9601979113
0.9588242252
0.9613735658
0.9704563599
0.9843594332
0.9892171854
0.9789976411
0.9726568361
0.9763766016
0.9733362218
0.9798260541
0.9988294869
0.9947520030
0.9837754169
0.9843779923
0.9926707347
0.9970086283
0.9986268658
1.0094514144
1.0117017053
1.0026358478
0.9917999679
0.9865991118
0.9823550410
0.9718827093
0.9647825606
0.9702077756
0.9790464594
0.9908565670
1.0046826409
0.9940619266
0.9736135110
0.9693817253
0.9529991019
0.9649690838
0.9609208095
0.9645150284
0.9755329654
0.9784612625
0.9813366722
0.9806194720
0.9564700857
0.9532963889
0.9468930373
0.9450993614
0.9627248176
0.9745368451
0.9885306736
0.9933931474
0.9793927267
0.9801121188
0.9836091725
0.9793389013
0.9748308242
0.9768726196
0.9823262198
0.9963369799
1.0012249129
1.0054432721
1.0140404917
1.0184120894
1.0196850032
1.0177313126
1.0118806563
1.0003060695
0.9974193286
1.0000856626
1.0039386207
1.0209168136
1.0089650903
0.9957790559
1.0114670920
1.0306467742
1.0284154169
0.9902748688
0.9831296216
0.9570320208
0.9656271382
0.9715385001
0.9995782285
1.0177656589
1.0353644978
1.0472644683
1.0490779591
1.0381357550
1.0159549535
0.9950736991
0.9803573877
0.9714901860
0.9790355351
0.9849186683
0.9681992261
0.9776195107
0.9945200442
1.0035642994
1.0049488523
0.9960637983
0.9907134164
0.9973806008
0.9935389660
0.9798343002
0.9688518072
0.9587853678
0.9472296684
0.9328034113
0.9258394064
0.9364745945
0.9601549488
0.9800358098
0.9841973659
0.9879801098
0.9928677293
1.0046162451
0.9895576032
0.9748543154
0.9670816199
0.9416289833
0.9305868815
0.9172111064
0.8962765625
0.8889940584
0.8943458434
0.9012724464
0.9276552534
0.9692369507
0.9962782785
1.0053445362
1.0110406145
1.0092255053
0.9916074650
0.9688665287
0.9600694960
0.9591073720
0.9593781946
0.9483994253
0.9024027502
0.8467281041
0.7854717498
0.7105443481
0.6388829605
0.5941610793
0.5984147640
0.6451639636
0.7110805774
0.7882781398
0.8666821627
0.9265225812
0.9647114542
0.9907703093
1.0033503648
1.0051074570
1.0079131246
1.0044826472
0.9876751331
0.9762851292
0.9676612327
0.9608996549
0.9489360965
0.9305556981
0.9194683759
0.9214166850
0.9389283619
0.9547893303
0.9591234496
0.9596594611
0.9642577034
0.9726583889
0.9816636834
0.9921649340
1.0044949198
1.0070508856
0.9925484961
0.9844590410
0.9919353542
0.9767657452
0.9552967897
0.9570356132
0.9583586201
0.9469431304
0.9467965349
0.9573861411
0.9512534228
0.9308672553
0.9134988216
0.9033650341
0.9174002374
0.9453869431
0.9712497568
0.9990080655
1.0233638545
1.0312547489
1.0191650385
0.9961074425
0.9911636337
0.9709405794
0.9364041057
0.9287191125
0.9486565662
0.9570887749
0.9759703021
0.9988024177
1.0104437458
0.9983420959
0.9792578948
0.9714081459
0.9709397643
0.9696934012
0.9644398107
0.9604517682
0.9657748747
0.9763555154
0.9817356006
0.9805191868
0.9837965510
0.9796610762
0.9703070474
0.9855153005
1.0075681523
1.0111423548
0.9972933442
0.9785001804
0.9442492305
0.8928392808
0.8292866289
0.7717296244
0.7446278250
0.7713455874
0.8349626008
0.8999948588
0.9509882838
0.9856793378
1.0032933099
1.0042353460
1.0082267038
1.0025169135
0.9959833958
1.0010112072
1.0046533958
1.0059250109
0.9840454083
0.9679688517
0.9671335980
0.9539355089
0.9298286040
0.9311021696
0.9531235079
0.9761258899
1.0071991042
1.0320026702
1.0385712150
1.0279548269
0.9911816866
0.9614613287
0.9240163301
0.9174530899
0.9282635099
0.9344048933
0.9384563396
0.9626263216
0.9850716446
0.9819846688
0.9813763204
0.9496438832
0.9033039948
0.8719999174
0.8621761933
0.8675448062
0.8846617921
0.9201902738
0.9694731341
1.0182711814
1.0615932977
1.0789946551
1.0585090520
1.0530360458
1.0199348092
0.9954663544
0.9713839170
0.9296818028
0.8794776766
0.8592851296
0.8576237021
0.8827204872
0.8985122537
0.9100620453
0.9082438179
0.8914684178
0.8804515802
0.8913536594
0.9048335612
0.9091945294
0.9140401270
0.9045459417
0.8896445845
0.8892489182
0.8933609143
0.9104710480
0.9271863884
0.9486634961
0.9587707609
0.9636088184
0.9757538824
0.9982251245
1.0116179911
1.0113155759
1.0095115871
1.0009579408
0.9753138918
0.9522431356
0.9365771629
0.9173884427
0.9036826684
0.9052757252
0.9241645630
0.9424485123
0.9485407684
0.9522288640
0.9557316417
0.9652837295
0.9536748017
0.9488281543
0.9618372334
0.9593958971
0.9602725349
0.9687411995
0.9651424647
0.9530803629
0.9472273216
0.9434430810
0.9339977872
0.9232127335
0.9203159031
0.9294077531
0.9446173030
0.9604448941
0.9713080051
0.9574672709
0.9639651612
0.9722770737
0.9814579936
0.9821266279
0.9938464759
0.9902902043
0.9768419517
0.9701655409
0.9836235063
0.9953302089
1.0051412453
1.0127421700
1.0138568491
1.0164183069
1.0217610732
1.0119797839
0.9837843810
0.9594273663
0.9366255367
0.9323599095
0.9340210767
0.9496472532
0.9509181736
0.9667012366
0.9634471913
0.9624847904
0.9716911763
0.9925157992
0.9995003034
1.0011649582
1.0048149021
1.0162796199
1.0194319166
1.0173578426
1.0143498964
1.0030308481
0.9996078203
0.9901320245
0.9771328750
0.9890168370
0.9958306803
0.9921748047
1.0080613200
1.0263320954
1.0094195485
0.9876894078
0.9746866919
0.9528851473
0.9126305753
0.8784048570
0.8591818633
0.8551735712
0.8674177312
0.8910421122
0.9208087156
0.9484873802
0.9646489759
0.9802802370
1.0011147777
1.0020074175
0.9880346479
0.9767602262
0.9782383094
0.9836757856
0.9838960485
1.0094904774
1.0258295362
1.0334806805
1.0339015294
1.0219816890
1.0162957286
1.0162486725
1.0131113545
1.0065483965
0.9944016942
0.9820681191
0.9756666626
0.9712043725
0.9776540017
0.9649339058
0.9501882709
0.9675037624
0.9963917557
1.0049145921
1.0111698319
1.0236226977
1.0290534345
1.0438037080
1.0496009259
1.0443946729
1.0364832081
1.0295133197
1.0280591340
1.0345841835
1.0355000392
1.0203539060
1.0020905849
0.9965909394
1.0034218458
1.0081756048
1.0057182295
1.0229158697
1.0093842664
1.0143565146
1.0171203514
1.0123075787
1.0167786445
1.0197373099
1.0047155292
0.9918096554
0.9585041877
0.9073572837
0.8369687749
0.7373579458
0.6527394760
0.6209818296
0.6434516925
0.7132504063
0.7849305730
0.8540045265
0.9059728921
0.9524711722
0.9770302040
0.9812726094
1.0012415651
0.9996154174
0.9936464277
1.0270107988
1.0405888843
1.0286140127
1.0236398533
1.0258135597
1.0236173433
1.0232372100
1.0240606521
1.0262791557
1.0151233553
0.9830452655
0.9688436095
0.9636851396
0.9646993038
0.9726316187
0.9628881369
0.9609604858
0.9656780689
0.9804736129
0.9912372582
0.9919960048
0.9990329994
1.0111346350
1.0184775593
1.0315930847
1.0396958135
1.0313567488
1.0166722400
0.9983762180
0.9851771192
0.9873628359
0.9944566042
1.0057062781
0.9986941281
1.0196398086
1.0190068893
1.0211791721
1.0117183268
1.0125724360
1.0075818224
0.9572141382
0.9163172824
0.8898905638
0.8799731939
0.8975785710
0.9286749409
0.9618529681
0.9860126135
0.9988321730
1.0070749200
1.0105338260
1.0140827928
1.0257109171
1.0298596278
1.0386592462
1.0336095913
1.0329667833
1.0074627168
0.9813077891
0.9129196186
0.8652202129
0.8178414678
0.8051245685
0.8321650891
0.8758824037
0.9341527426
0.9852627957
1.0085577838
1.0234872235
1.0401126898
1.0427856322
1.0299416367
1.0150541540
1.0196466945
1.0391114002
1.0555629116
1.0479463846
1.0399854812
1.0565426730
1.0720685275
1.0585073025
1.0403820692
1.0111542672
0.9906650149
0.9655737985
0.9560025891
0.9411017755
0.9383817340
0.9530422351
0.9625110063
0.9647669673
0.9711906338
0.9847042485
0.9956628132
0.9941887354
0.9923659665
0.9778996287
0.9597972523
0.9387627538
0.9298637365
0.9245400434
0.9236810179
0.9284334191
0.9477362943
0.9723427835
0.9892406589
0.9976284501
0.9977395631
0.9915053819
0.9857689727
0.9772538647
0.9598596241
0.9338023285
0.8957019320
0.8585500621
0.8223323251
0.7953572215
0.7906617098
0.7994089581
0.8158967466
0.8308411167
0.8516244117
0.8663579564
0.8756918305
0.8811611172
0.8824684203
0.8746980034
0.8620795430
0.8540011920
0.8483402981
0.8574484573
0.8823959538
0.8991646484
0.9108836477
0.9221287162
0.9442383565
0.9557560695
0.9488329227
0.9464449617
0.9397421661
0.9454849724
0.9414092748
0.9385686268
0.9317466663
0.9188878715
0.9242391523
0.9377592314
0.9430589475
0.9504389090
0.9654047150
0.9689417753
0.9719557786
0.9896887132
0.9850364620
0.9618102935
0.9571597848
0.9423580587
0.9237521532
0.9099806178
0.9193313474
0.9126775320
0.9225151174
0.9348869033
0.9339295230
0.9094035240
0.9224946339
0.9182500407
0.9006940934
0.9086349551
0.9288782876
0.9369797825
0.9484948917
0.9677945938
0.9687328603
0.9623523774
0.9689695494
0.9714962904
0.9746271142
0.9738955854
0.9785534377
0.9858049435
0.9764721264
0.9578900064
0.9424502553
0.9379900980
0.9455354296
0.9459730456
0.9321114824
0.9263934279
0.9247744722
0.9178838680
0.9180959431
0.9337055636
0.9504103800
0.9577845343
0.9686761640
0.9720709314
0.9736550835
0.9502247143
0.9451149367
0.9297371796
0.9345532047
0.9414736521
0.9159701103
0.9259637702
0.9479323877
0.9556328716
0.9346713836
0.9112016785
0.8882539030
0.8636152533
0.8582611334
0.8731957132
0.8930126704
0.9213376290
0.9464606014
0.9558699821
0.9525452335
0.9499060750
0.9398402111
0.9296256757
0.9255930186
0.9186906990
0.9136243726
0.9314619659
0.9484998748
0.9544804628
0.9607863852
0.9784253686
0.9887267059
0.9920630173
0.9758808557
0.9439440663
0.9322004928
0.9405063794
0.9522699852
0.9636047353
0.9758691912
0.9881991790
0.9945406200
0.9867335533
0.9617115315
0.9356599075
0.9210056021
0.9139430083
0.9286225719
0.9393695523
0.9550338832
0.9554910637
0.9514860216
0.9393811469
0.9388299522
0.9487445631
0.9438133860
0.9393887647
0.9440285494
0.9521321337
0.9589494050
0.9526552911
0.9583803620
0.9622706999
0.9638659791
0.9787418900
1.0052999170
1.0099892311
0.9943673509
0.9724870539
0.9562416280
0.9314083258
0.9120395392
0.9092762101
0.9256029534
0.9520135564
0.9697420219
0.9730079885
0.9690385372
0.9569706206
0.9289037482
0.8882476503
0.8519468743
0.8469072815
0.8762803155
0.9220859639
0.9377831782
0.9725562235
1.0075267574
1.0021855264
0.9867212577
0.9760901479
0.9665583743
0.9535762035
0.9471351606
0.9517097427
0.9575102627
0.9637026369
0.9813551496
1.0040554959
1.0112763336
1.0079454340
0.9706372805
0.9392301857
0.9173466824
0.9306938692
0.9530617495
0.9708334830
0.9851239005
0.9808526387
0.9798507828
0.9826692755
0.9742791126
0.9555453013
0.9314014961
0.9054682230
0.8735558593
0.8298801282
0.7753072556
0.7196725309
0.6891773442
0.6806687891
0.6911538476
0.7309226402
0.7745999355
0.8273787635
0.8670029756
0.9063415758
0.9407276581
0.9545263975
0.9734185847
0.9957340249
1.0114617106
1.0127317900
0.9991552904
0.9893825468
0.9779991517
0.9527672224
0.9291308781
0.9190527223
0.9254033509
0.9376839921
0.9561624310
0.9759896384
1.0224707259
1.0602241892
1.0572852627
1.0373686726
1.0270471369
1.0034457390
0.9690799171
0.9245888821
0.8957976442
0.8684974254
0.8618681304
0.8916501023
0.9312667608
0.9511947245
0.9583876120
0.9608923609
0.9495912613
0.9527943087
0.9411570706
0.9273632102
0.9073264826
0.9039789042
0.8952170902
0.8813415617
0.8794545690
0.8698218883
0.8499410987
0.8376075978
0.8324688721
0.8384078014
0.8710900967
0.9203682349
0.9638846810
0.9946669518
1.0013696224
0.9798558012
0.9609163424
0.9485524277
0.9248392071
0.9276711316
0.9217562545
0.9080709309
0.8981261719
0.8944128381
0.9160454939
0.9151936161
0.9068829446
0.9017455484
0.9038716739
0.9053164309
0.9067773975
0.9069911400
0.9081810101
0.9209434004
0.9428537340
0.9560119718
0.9495784782
0.9319445582
0.9306880001
0.9377024715
0.9593066000
0.9640063443
0.9936903950
1.0020859459
0.9715747233
0.9464495392
0.9379765178
0.9485586070
0.9715020222
0.9897267460
1.0101095292
1.0195581899
1.0190037782
1.0122619426
0.9975769520
0.9829747821
0.9771497090
0.9784356150
0.9704633573
0.9652201372
0.9715886881
0.9710885724
0.9855699953
0.9888569494
0.9883523103
1.0142743583
1.0267463926
1.0166974611
1.0183382718
1.0064455163
1.0037092325
1.0016452634
0.9925408499
0.9889086132
0.9918137729
0.9903245395
0.9924676162
1.0103321304
1.0205735261
1.0281990448
1.0512946088
1.0766607335
1.0648079514
1.0458984364
1.0302828127
1.0189682007
1.0046784352
1.0070428859
1.0249918360
1.0300539603
1.0173133750
1.0074218389
0.9976289286
0.9853580387
0.9811596940
0.9873484353
0.9936154961
0.9984969207
1.0196914430
1.0544644635
1.0700065285
1.0542792238
1.0496857418
1.0249223076
1.0036451818
1.0233004065
1.0417920608
1.0421260979
1.0201147272
0.9919413594
0.9638876993
0.9418960663
0.9438706856
0.9711390326
0.9910888199
1.0029434410
1.0225740504
1.0303632341
1.0316018591
1.0398328881
1.0505692366
1.0543295502
1.0442116626
1.0241367995
1.0600570555
1.0319775735
1.0176123610
1.0143901047
0.9955782607
0.9475781373
0.9334901080
0.9301639529
0.9498658701
0.9779985027
0.9966275118
1.0068543180
1.0145744233
1.0277467985
1.0339343770
1.0344482541
1.0484938221
1.0585498496
1.0663479513
1.0517771577
1.0629077653
1.0533436125
1.0261336748
0.9808188904
0.9302261823
0.9327442825
0.9675817234
