#flux
0.9743889875
0.9503011219
0.9430806599
0.9507838278
0.9489085295
0.9324498514
0.9201254166
0.9248869122
0.9460886138
0.9653837147
0.9610166520
0.9635966414
0.9831830754
0.9909683415
0.9772506125
0.9663094639
0.9715628871
0.9986541496
1.0034858994
0.9796353612
0.9540709900
0.9237657037
0.8838064237
0.8454793175
0.8036580032
0.7566027138
0.7163341652
0.6639872215
0.6414492452
0.7129684048
0.7949037037
0.8844047169
0.9606006305
0.9791846180
0.9782952534
0.9849367537
0.9693175549
0.9662874810
0.9798564372
0.9763178648
0.9519871865
0.9407738345
0.9589200583
0.9726445564
0.9625945491
0.9677142285
0.9970512406
0.9950352177
0.9707036910
0.9592809001
0.9383719258
0.9193133472
0.9340744514
0.9565176983
0.9781492544
0.9595499841
0.9881528665
0.9870409281
0.9768525659
0.9970768520
1.0130541718
0.9826985583
0.9453531685
0.9443550485
0.9589146123
0.9556412600
0.9242206894
0.8539846926
0.7401169000
0.6357356366
0.5769013081
0.5695464577
0.6250923782
0.7473826712
0.8739882148
0.9644571946
0.9685833462
0.9437191128
0.9320821730
0.9211314011
0.9003632493
0.8893801354
0.8933387769
0.9122101950
0.9406683175
0.9544676887
0.9507650137
0.9525154066
0.9500060975
0.9334766404
0.9172900348
0.9149048113
0.9054779357
0.8922329348
0.9277985059
0.9104600430
0.8747598473
0.8298841970
0.7483228064
0.6411791817
0.5594294997
0.5331523983
0.5634486183
0.6608135424
0.7957900957
0.9009131345
0.9555456312
0.9776414466
0.9889980393
0.9954747503
0.9806320707
0.9384946577
0.9260943147
0.9732145607
0.9251386798
0.9328626263
0.9605318415
0.9761385442
0.9747536538
0.9764870523
0.9803930416
0.9497362727
0.9214759325
0.9247040181
0.9485585906
0.9712715329
0.9812734974
0.9965371995
0.9887630810
0.9692155625
0.9458600720
0.8927205679
0.8545516183
0.8352455587
0.8071638338
0.8146976449
0.8797484310
0.9424739402
0.9561517111
0.9621113508
0.9925029474
0.9945030236
0.9839263681
0.9795809329
0.9815953472
0.9814933727
0.9552272520
0.9334262505
0.9479948676
0.9592986363
0.9560627496
0.9860000999
1.0258537876
0.9961630157
1.0012826923
0.9904639908
0.9234347559
0.8697718675
0.8385993110
0.8254641846
0.8324012239
0.8582792108
0.9090608510
0.9495258039
0.9803436952
1.0090097462
0.9991710987
0.9711275834
0.9590901283
0.9365032994
0.9100502786
0.9119009360
0.9175670881
0.8947158571
0.9174064907
0.9015863733
0.9118305195
0.9201469842
0.9179927070
0.9292472500
0.9654887605
0.9977884644
1.0000593813
1.0076076522
1.0101829083
0.9954509636
0.9928832076
0.9886511277
0.9871237320
0.9909891654
0.9869464531
0.9967914300
1.0038783388
0.9431756917
0.9354669567
0.9698087563
0.9513789322
0.9450758673
0.9043814711
0.8414427273
0.7719030668
0.6952674503
0.6093747792
0.5142385768
0.4171974851
0.3339420971
0.2661436241
0.2130865667
0.1857678258
0.1560313775
0.1330687637
0.1269847833
0.1200902497
0.1064852784
0.1035716485
0.0984194845
0.1090236027
0.1146900578
0.1362289671
0.1671819566
0.1965467125
0.2318637536
0.2725980331
0.3277131842
0.4161460253
0.5168125436
0.6016602311
0.6907240834
0.7898473320
0.8583724291
0.8754584146
0.8844266493
0.8993952013
0.9045919588
0.9107842192
0.9297428057
0.9415376221
0.9666789204
0.9922231226
0.9921191812
1.0055676823
1.0234364212
1.0085817191
0.9974373712
1.0123642662
1.0183216493
1.0127237253
1.0236894127
1.0421950936
1.0444060473
1.0161019736
1.0449091842
1.0128277470
0.9990597460
0.9738316678
0.9425033901
0.9202847773
0.8881516205
0.8663023009
0.8926247375
0.9225956651
0.9099171420
0.8693172753
0.8500913822
0.8644022134
0.8838647954
0.9043996540
0.9407010543
0.9715792254
0.9895729964
1.0188990089
1.0005570949
1.0210537186
1.0245620994
1.0196090701
1.0249995931
1.0087817499
0.9803671998
0.9615440727
0.9620525956
0.9797613945
0.9967421883
0.9956165269
0.9946554254
1.0134125277
1.0321783603
1.0251091385
1.0038712010
0.9873770143
0.9744402641
0.9852416639
1.0094747872
1.0071119830
1.0260815806
1.0231606008
1.0399462300
1.0270251049
1.0513861911
1.0540803262
1.0272832138
1.0061214078
1.0046883278
1.0129810889
1.0254990339
1.0414823090
1.0481959631
1.0258603466
1.0008183266
1.0126397232
1.0329434611
1.0460987523
1.0040241219
0.9629143757
0.9612415674
0.9519522908
0.9181699391
0.8979493744
0.8310749282
0.7884004725
0.6960210354
0.6675450543
0.6982418784
0.7479049673
0.8029668894
0.8531404783
0.8842456297
0.9011001518
0.9245475795
0.9496460841
0.9618760352
0.9924028062
1.0091771976
0.9533133187
0.9794152159
1.0032327527
0.9908044277
0.9926442862
0.9938181100
0.9741015969
0.9794149439
0.9976886583
0.9825001265
0.9589857646
0.9654941226
0.9660730043
0.9586383484
0.9647751032
0.9668815520
0.9536950630
0.9304778771
0.9062505408
0.8982780827
0.9110078605
0.9038053797
0.9461628019
0.9646282180
0.9678420299
0.9794417642
0.9961580429
1.0061606168
1.0045640577
1.0074019763
1.0076751263
0.9931948805
1.0167276238
1.0226080294
0.9827903950
0.9698789397
0.9845974309
0.9850318938
0.9681020398
0.9713687271
0.9757257438
0.9560066969
0.9353124858
0.9093142476
0.8005940914
0.6482652887
0.4953436830
0.3924058685
0.3548409579
0.4017870403
0.5324983824
0.6844206076
0.8211527559
0.9261831380
0.9861870951
1.0171379609
1.0335257730
1.0215009496
1.0037441700
1.0176505174
1.0065720445
0.9892257973
0.9499699625
0.9882202047
1.0077392142
0.9713308703
0.9436318212
0.9252841075
0.8678504490
0.7732870298
0.6451085127
0.5540618111
0.5371369913
0.5953844593
0.7152828690
0.8379292994
0.9119085577
0.9522608466
0.9774881534
0.9872850376
0.9503610477
0.8801416564
0.8264831801
0.6836384961
0.5601406216
0.5321480412
0.5042213160
0.5842904176
0.6885160683
0.8152825063
0.8989058997
0.9330968935
0.9554537570
0.9726334735
0.9828298619
0.9944221149
1.0099873489
1.0167110988
1.0072605398
1.0122519281
1.0060441944
0.9817916304
0.9567151798
0.9465136202
0.9358065033
0.9272656544
0.9243702085
0.9209862979
0.9149712730
0.8997964511
0.9149375732
0.9374040355
0.9562478628
0.9593739392
0.9615710178
0.9777391749
0.9939915355
0.9956617712
0.9768830925
0.9677540395
0.9760170968
0.9724352468
0.9811658436
1.0187146975
1.0135487110
0.9922966512
0.9953929932
0.9673244207
0.9686636683
0.9802884218
0.9785636509
0.9897007157
1.0089257417
1.0081255183
1.0011509834
1.0076245378
1.0084185152
1.0039257880
1.0238307445
1.0413008207
1.0320794060
1.0293513088
1.0127753833
0.9912647544
0.9963452788
0.9932390219
0.9630993199
0.9349444885
0.9250962795
0.9162360780
0.9042574049
0.9150996774
0.9409854070
0.9550452066
0.9802122239
1.0099916581
1.0050760561
0.9764301727
0.9532337598
0.9495937201
0.9651272972
0.9890622408
1.0041012450
0.9862567977
0.9495782070
1.0085534884
0.9977991583
0.9982129626
0.9751110229
0.9631867945
0.9441972607
0.9234996410
0.9191076979
0.9229145010
0.9310269231
0.9494240706
0.9672421600
0.9726028798
0.9680920016
0.9516918067
0.9308639020
0.8902397457
0.8240236691
0.7627630091
0.7637308797
0.6783022710
0.6229911533
0.6192259548
0.6368898977
0.6717419977
0.7361161335
0.8254465241
0.8944003460
0.9205493116
0.9416929937
0.9665106092
0.9694314674
0.9766340362
1.0046608895
1.0008096104
0.9863553718
0.9681550691
0.9473761136
0.9305311028
0.9496340368
1.0053400342
1.0301882953
1.0233405985
1.0261304138
0.9964972079
0.9636119731
0.9667142822
0.9838010540
0.9493166340
0.9202202795
0.9320778907
0.9373221447
0.9379127622
0.9582435123
0.9665024719
0.9582768670
0.9712872772
0.9768628126
0.9586726389
0.9616129086
0.9920265776
1.0201196835
1.0226135252
0.9818480496
0.9511050019
0.9368185116
0.9704257013
0.9972104338
0.9941804288
0.9925750927
0.9956027683
0.9909802069
0.9939714317
1.0044533660
0.9945414091
0.9782148974
0.9747112110
0.9616614547
0.9496061114
0.9381548419
0.9410082731
0.9808521120
0.9822799696
0.9730891836
0.9927904715
0.9932033478
0.9645988685
0.9689045716
0.9885205863
0.9747207220
0.9427787691
0.9337827026
0.9428469166
0.9494274382
0.9488342450
0.9258736859
0.9168615262
0.9329392805
0.9584311349
0.9815810833
0.9926194009
0.9915932972
1.0022281410
0.9950412191
0.9268690828
0.8678395585
0.7847984899
0.6755867163
0.6167299840
0.6492391509
0.7500801047
0.8516961028
0.9113967478
0.9539912047
0.9926413145
1.0036392461
1.0081441966
0.9902004968
0.9768752481
0.9933741479
0.9585733541
0.9472926661
0.9804449810
1.0047121212
1.0038819799
0.9890115922
0.9955409197
0.9923136902
1.0030160882
1.0260306653
1.0430602514
1.0353872453
0.9990001170
0.9680075452
0.9703620985
0.9816704554
0.9674323727
0.9493107960
0.9788120885
1.0387642919
1.0223516168
1.0038868651
1.0071102154
1.0024718417
1.0017121414
1.0105810075
1.0045207241
0.9873500822
0.9805051786
0.9885921059
0.9933554117
0.9810477396
0.9756484681
0.9985996951
1.0035528980
0.9589480711
0.9418531449
0.9458388732
0.9189729646
0.9194612121
0.9500038350
0.9526358893
0.9734889289
1.0072526964
0.9934103128
0.9621146633
0.9480792147
0.9457937475
0.9518430856
0.9668882850
0.9843998738
0.9993243306
1.0063086133
1.0072733271
1.0224092412
1.0419935179
1.0183831941
0.9941072869
0.9871815204
0.9636412017
0.9826616375
1.0066362806
1.0225290079
0.9910452924
1.0061910644
1.0333698052
1.0255086236
1.0009562160
0.9778919554
0.9585322768
0.9403495448
0.9262995771
0.9355156642
0.9435766862
0.9173489364
0.9032754985
0.9108534635
0.9290141135
0.9777430712
0.9943899275
0.9686431024
0.9676794548
0.9720503390
0.9852619434
0.9651573048
0.9559696547
0.9706816195
0.9608083512
0.9308442988
0.8945815481
0.8653140711
0.8562620865
0.8600196602
0.8485599333
0.7934208370
0.6861856928
0.5665292481
0.4976673526
0.4584820018
0.4694688553
0.5668472035
0.7061084857
0.8063626085
0.8729042795
0.9173456209
0.9537827646
0.9845424308
0.9841567233
0.9625800780
0.9414779235
0.8838470098
0.7892528857
0.6665700826
0.5438326439
0.5003210682
0.5503161419
0.6341451914
0.7352063156
0.8274693741
0.9173047757
0.9512900680
0.9934497914
0.9929808029
0.9799501413
0.9725529197
0.9639715091
0.9761259064
0.9938659353
1.0000331797
1.0162273883
1.0098582553
0.9735872393
0.9411271972
0.9401288003
0.9532101262
0.9548191830
0.9666097529
0.9602757728
0.9575377086
0.9566669726
0.9655137955
0.9635252352
0.9744112137
0.9800893784
0.9717623128
0.9552594331
0.9226626820
0.8908137223
0.8896957476
0.9098305849
0.9313357188
0.9437870899
0.9377193950
0.9420455945
0.9712104203
0.9819223580
0.9684739457
0.9590533033
0.9896260530
0.9994200423
0.9773021776
0.9535496876
0.9816315183
1.0102459446
1.0297398954
1.0313082329
1.0041588503
0.9731365192
0.9624484556
0.9665069758
0.9645203628
0.9484309545
0.9272706739
0.8854670114
0.8255655764
0.7995335908
0.8117969606
0.8331523084
0.8864327703
0.9217448594
0.9574052502
1.0001960160
0.9733070283
1.0377375749
1.0291879035
0.9838723780
0.9661341924
0.9562942627
0.9598966542
0.9710577100
0.9513183014
0.9087727556
0.8829992896
0.8755952073
0.8770376189
0.8867529761
0.8896677351
0.8803442546
0.8235111397
0.7244231409
0.5736508332
0.4979203633
0.5534537111
0.6338895203
0.7740150707
0.8992680262
0.9466401046
0.9555342048
0.9914473138
1.0031562607
0.9888404393
0.9869724048
0.9928990323
0.9953482767
1.0095217218
1.0314451123
1.0344026594
1.0250328582
1.0289201225
1.0283392102
1.0056172447
1.0009056202
1.0180785957
1.0195923287
0.9899534243
1.0482069172
1.0129607499
1.0051136096
0.9919142988
0.9712170924
0.9679054442
0.9717697458
0.9732491635
0.9864116779
1.0029616963
1.0037292681
1.0027817534
1.0042080777
0.9868234839
0.9536125166
0.9450905214
0.9634660047
0.9660484494
0.9709734509
0.9859624470
0.9891443420
0.9884235835
0.9979832579
0.9849717713
0.9932098621
1.0138320861
1.0077885897
1.0022660618
1.0030329288
0.9754486268
0.9355926154
0.9277400649
0.9502442367
0.9774651707
0.9921003719
0.9873803254
0.9513489978
0.9696726743
1.0037986781
1.0066677843
0.9917638835
0.9881097958
0.9900895976
0.9605011886
0.9325732857
0.9277890340
0.9241529402
0.9290123279
0.9417076325
0.9587569019
0.9982892822
1.0224523895
0.9888318608
0.9875826984
1.0139867708
1.0114450766
1.0099698750
0.9739345187
1.0081771119
1.0256564983
0.9994035112
1.0058468741
1.0038197270
0.9418547658
0.8632187343
0.7822841228
0.7373988152
0.7387930175
0.7437617696
0.7548170988
0.8148409773
0.9005957670
0.9504685855
0.9667026638
0.9871289770
1.0175887499
1.0242832194
1.0055384073
1.0025617072
1.0223640685
0.9774721780
0.9584345980
0.9420844718
0.9283498569
0.9399752717
0.9341244524
0.9234023751
0.8746122651
0.7881485947
0.7098232402
0.6752600249
0.6773065774
0.7021647212
0.7999043792
0.9017957899
0.9540183623
0.9545138167
0.9513700495
0.9556645274
0.9636180726
0.9573212221
0.9578233077
0.9728065984
0.9579165120
0.9287236041
0.9032051879
0.8938282867
0.9178905402
0.9336839435
0.9393973408
0.9558635161
0.9549352799
0.9533105978
0.9795116626
0.9748585034
0.9706912995
0.9945684446
0.9863831246
0.9293865069
0.9318953716
0.9274489735
0.8567614843
0.7723418897
0.7093400525
0.6998446993
0.7225512640
0.7610236424
0.8254852387
0.8933926882
0.9376110143
0.9690586684
0.9994921603
1.0198421532
1.0186722678
0.9830223803
0.9543357687
0.9533345603
0.9579607405
0.9555380283
0.8811482882
0.7746549133
0.6695017743
0.6043102975
0.5650921929
0.6052882169
0.6975336858
0.7844584441
0.8337960857
0.8370776179
0.7926611608
0.7266621211
0.6755504153
0.6472544503
0.6474919459
0.7054039490
0.8345165333
0.9047410035
0.9534375137
0.9476977082
0.9564214937
0.9649915700
0.9710418473
0.9745752540
0.9865731109
0.9959483479
0.9841183873
0.9840472992
0.9869563033
0.9849072202
0.9902860688
0.9970870754
0.9843986405
0.9736880078
0.9974991027
1.0019855871
0.9742680739
0.9712595948
0.9909547311
1.0155871841
1.0119867933
1.0235014322
1.0124117755
1.0133304520
1.0041761782
0.9614867326
0.9912840552
1.0132520676
0.9869418845
0.9720544020
0.9402037440
0.9206329936
0.9511880658
0.9645874541
0.9622440294
0.9519087804
0.9494586329
0.9400194219
0.9774267847
0.9752309567
0.9898782136
1.0192588619
1.0390640439
1.0094344834
1.0082619743
1.0016046908
0.9916336351
0.9895660670
0.9888752247
1.0137507463
1.0453083685
1.0436960748
1.0146753937
0.9872082155
0.9594349169
0.9148868146
0.9004899454
0.8988193633
0.8610764989
0.7840493823
0.7085320133
0.6453313465
0.6421786993
0.6826504436
0.7337213482
0.8237660314
0.9133758523
0.9639680723
0.9844777771
0.9954100330
0.9937408863
0.9877514208
0.9892261262
0.9717002875
0.9421687636
0.9639943511
0.9908442154
0.9853130489
0.9737606548
0.9760670859
0.9527562169
0.9652963377
1.0297768826
0.9957395434
1.0265232779
1.0366816011
1.0292747198
0.9952828976
0.9850637813
1.0090991467
1.0078997569
0.9917527330
0.9890930698
0.9743569887
0.9656406286
0.9870650338
0.9838902588
0.9847613040
0.9967937820
1.0274978999
1.0106274955
0.9929839483
1.0050913829
1.0248904545
1.0098018656
1.0113872919
1.0118942454
1.0093320611
0.9927283841
0.9766555532
0.9918434353
0.9958004071
0.9570163707
0.9305997635
0.9452153187
0.9604343453
0.9701805843
0.9974498172
1.0009942407
0.9674139500
0.9880644038
1.0095269060
1.0035011845
1.0003832191
0.9683454672
0.9378404182
0.9274693508
0.9245665546
0.9356454065
0.9641404361
0.9830937351
0.9860011991
0.9928060015
0.9971951365
0.9915240823
0.9941730067
0.9927777634
0.9930044927
0.9809718380
0.9653192304
0.9882968278
0.9971077771
0.9828390850
1.0132399044
1.0007353429
0.9991755300
1.0093281743
0.9897237857
0.9793143994
0.9627240003
0.9472934655
0.9357438824
0.9350126137
0.9557701233
0.9770197725
0.9896816224
1.0107693671
1.0279696720
0.9870327790
1.0009656153
0.9918392514
1.0100898468
0.9863641356
0.9943766821
1.0082485371
1.0126507545
1.0219795856
1.0135380146
1.0376805944
1.0234228546
1.0279338795
1.0230842962
0.9880063424
0.9980755332
1.0272999676
1.0149010918
1.0002118601
0.9927945275
1.0378889186
1.0096038825
1.0047922935
0.9878040071
0.9623999994
0.9644511597
0.9840300147
0.9907787337
0.9924445922
0.9704732727
1.0299807877
1.0381563921
1.0130009705
1.0107247522
1.0202180955
1.0130423303
1.0012769093
1.0184282426
1.0097796884
0.9665027255
0.9711402877
1.0072744065
0.9712318311
0.9631919416
0.9766833050
0.9631956430
0.9839507990
0.9844074293
0.9985743497
1.0082342620
0.9925900186
0.9751561799
0.9662145104
0.9527955810
0.9384434815
0.9403219451
0.9632367062
0.9817540836
0.9746901847
0.9821298152
0.9940382296
0.9935417349
0.9690221590
0.9666337251
0.9568706218
0.9798690532
0.9487965787
0.9224650179
0.8937820048
0.8840919721
0.8573726676
0.8566283665
0.8894120806
0.9246513626
0.9720563482
1.0098944301
0.9881255654
0.9394598911
0.9166567025
0.9086140184
0.9274459580
0.9220407048
0.9236553701
0.9031739436
0.9303102213
0.8545587445
0.7163295088
0.6254216192
0.5383549525
0.4985545143
0.4783893723
0.5114705755
0.6213625328
0.7378782711
0.8205421513
0.8871660563
0.9408510489
0.9669548150
0.9675567920
0.9717592686
0.9986323341
1.0045951000
0.9947195187
1.0152443805
0.9893941338
0.9684665815
0.9885372936
0.9739381583
0.9652584370
0.9595591971
0.9736787251
0.9701673786
0.9858963327
0.9905755371
0.9832541883
0.9990335427
1.0152710551
0.9987848563
0.9813412079
0.9983835790
0.9978440131
0.9823709673
0.9958688176
1.0077749637
0.9799358491
0.9680402374
0.9618494234
0.9707741427
0.9704964116
0.9337669856
0.9086861823
0.8894250726
0.8572784189
0.8371670802
0.8500675982
0.8966070458
0.9517759260
0.9704852362
0.9550108413
0.9653636645
1.0025331653
1.0063061121
1.0048572470
0.9766461836
0.9789763633
0.9613746936
0.9641421151
0.9690445806
1.0034153932
1.0212736280
1.0057404678
0.9767365844
0.9893805386
0.9867395168
0.9697160135
0.9674588398
0.9741440262
0.9818762862
0.9764116528
0.9595294559
0.9542704796
0.9749525354
0.9994849670
0.9977989085
0.9789651699
0.9764954932
0.9774759621
0.9960635870
0.9763316800
0.9571689324
0.9524795832
0.8797927023
0.7500728531
0.6541917623
0.6201252632
0.6484464591
0.7378847266
0.8398821512
0.9157177545
0.9735247619
0.9906824836
0.9946576983
0.9983118604
1.0075027522
0.9913623251
1.0060691488
1.0313858203
1.0260745292
0.9869095843
0.9605152359
0.9692119321
0.9553396523
0.9359060603
0.9194656847
0.9155084733
0.9453424470
0.9950262322
1.0228755918
1.0125018778
0.9813805349
0.9558034352
0.9455398408
0.9363070722
0.9137401655
0.9104851851
0.9464947308
0.9475722489
0.9351326413
0.9217233532
0.9088714720
0.9057116972
0.8853013107
0.8448338087
0.8036179692
0.7632372628
0.7547382497
0.8121562629
0.8875624419
0.9225208147
0.9577735432
1.0148430621
1.0120815633
0.9775861949
0.9722607346
0.9610988569
0.9863062321
0.9545531477
0.9445521447
0.8745930936
0.8268950202
0.8197939131
0.8301725990
0.8394101746
0.8182749606
0.7860172327
0.7529079870
0.7246286778
0.7298657765
0.7569990447
0.7765426887
0.8104906399
0.8188180474
0.7955549950
0.8224049997
0.8664120327
0.8527169211
0.8888955192
0.9209529845
0.9809672636
0.9870031620
0.9638946857
0.9671200973
0.9651600324
0.9676296333
0.9763273221
0.9697339750
0.9556108865
0.9328702887
0.8970648320
0.8869596715
0.9097353429
0.9312555017
0.9552399620
0.9745395231
0.9519176580
0.9449603664
0.9747976819
0.9446759571
0.9595312356
0.9745166309
0.9565752441
0.9673945597
0.9668334036
0.9567277097
0.9718217526
0.9990743655
1.0105358050
0.9959651483
0.9659548280
0.9470402597
0.9408338413
0.9330137831
0.9488234635
0.9662257794
0.9426985788
0.9576315959
1.0023691674
0.9797205741
0.9504162944
0.9946605025
0.9954713558
1.0015011369
0.9994580268
0.9935974028
0.9863463128
0.9933454092
1.0031844178
1.0130258913
1.0294435411
1.0194505026
0.9993063958
1.0305397684
1.0200838721
0.9806317831
0.9816848101
0.9595597977
0.9566932108
0.9448595845
0.9786226919
0.9993461135
1.0070431912
1.0015835060
0.9879163817
0.9755927638
0.9745062601
0.9956794155
1.0128578174
1.0070806519
1.0063238970
1.0116258639
1.0031484109
1.0252786261
1.0575237892
1.0395605927
0.9864729288
0.9743283641
0.9937232802
0.9998875679
1.0198496768
0.9722262458
0.9571950183
0.9803581581
0.9497081701
0.8877333182
0.8553957300
0.8202849064
0.7805077103
0.7724511572
0.7835715339
0.8120004013
0.8709345798
0.9031185372
0.9139445033
0.9280419743
0.9579938930
0.9501900054
0.9493754850
0.9712759435
0.9633376361
0.9600031894
0.9907543778
0.9995955865
0.9957297713
1.0185349137
1.0268253012
0.9997336882
0.9696806716
0.9786314054
1.0060988457
1.0074275177
0.9964947333
0.9852258906
0.9619694605
0.9527338964
0.9509544041
0.9617309608
0.9902947514
1.0247074330
1.0065436026
1.0128138162
1.0031128756
0.9904539660
1.0128748767
1.0375355869
1.0191160436
0.9917888468
0.9869465286
0.9906296243
0.9893149403
0.9990707165
1.0198214835
1.0087564419
0.9739126263
0.9623393790
0.9278207426
0.9507135913
1.0165767462
0.9902065205
0.9575000161
0.9958854685
0.9782919239
0.9862903491
0.9751776177
0.9736467296
0.9857035351
0.9706160801
0.9284768824
0.8333131626
0.7080321380
0.5977920360
0.5048712523
0.4664330541
0.4731014987
0.5768782090
0.7177614070
0.8370983766
0.9215081873
0.9727630013
0.9727169947
0.9684543781
0.9661127551
0.9487169519
0.9428012893
0.9664477884
0.9821214177
0.9954582332
0.9963613756
0.9922408878
0.9993777977
0.9976977229
0.9897796155
1.0002147464
0.9852577955
0.9306134381
0.8691906296
0.8397215492
0.8562392752
0.8689531413
0.8936807534
0.9041136825
0.9309779768
0.9455475481
0.9591400415
0.9624453950
0.9724808504
0.9895921170
1.0092326415
1.0121661060
1.0055371913
1.0037953480
0.9972600089
0.9841470242
0.9715045510
0.9873669986
0.9923155350
0.9782555508
0.9962988157
0.9813521091
0.9423474607
0.9524662627
0.9521440143
0.9516296985
0.9298778221
0.9108843503
0.8724854330
0.8297216029
0.7943363880
0.7937022415
0.8465741812
0.9124920378
0.9447169507
0.9528124037
0.9655505669
0.9895225439
0.9965484954
0.9947741447
0.9794866804
0.9657715023
0.9974974971
0.9863382819
0.9252919392
0.8890143606
0.8690452741
0.7925426536
0.7233101031
0.6976715066
0.7187034174
0.7780218713
0.8311436707
0.8829621366
0.9359131281
0.9541000346
0.9823921776
0.9918211949
0.9813202593
0.9696750086
0.9820553709
0.9926996472
1.0069784671
0.9815921139
0.9824397935
0.9915955693
0.9856923870
0.9731680310
0.9724310820
0.9714926205
0.9686225728
0.9640797552
0.9654757848
0.9690729955
0.9752133091
0.9908585235
1.0022145078
1.0144175771
0.9860408602
0.9658843173
0.9499662665
0.9514383016
0.9662585527
0.9775201624
0.9769064619
0.9541564136
0.9338502882
0.9234565277
0.9307754568
0.9365598982
0.9459350508
0.9415959268
0.9597957835
0.9922464666
0.9901153948
0.9918045896
1.0088480076
0.9821180929
0.9430152708
0.9414119069
0.9494367464
0.9387357080
0.9203142669
0.9152254003
0.8879264178
0.8985165249
0.9102784595
0.9029464121
0.9304175258
0.9686396652
0.9563404074
0.9344254239
0.9238227378
0.9212938911
0.9382597928
0.9596485434
0.9563405854
0.9252865622
0.9251509221
0.9415563735
0.9739029573
0.9424683094
0.9495755639
0.9690693563
0.9676944129
0.9742107088
0.9863239012
0.9980220050
0.9632015038
0.9473530089
0.9556323507
0.9642358660
0.9606810176
0.9478857394
0.9425288330
0.9509391308
0.9619513049
0.9727241385
0.9894134231
1.0041466283
0.9807921732
0.9476503304
0.9405140986
0.9035044661
0.8637728070
0.8925310290
0.8936179108
0.8718022233
0.9195708879
0.9725641559
0.9672454259
0.9418832761
0.9205054827
0.9142669433
0.9288853890
0.9512754076
0.9722997981
0.9759699837
0.9717669160
0.9755780977
0.9747873233
0.9852019807
0.9758328869
0.9623595794
0.9967270905
1.0203205896
1.0105035813
0.9706932778
0.9806262941
0.9783321019
0.9752022571
0.9720974178
0.9473542978
0.9334552503
0.9495932655
0.9598174760
0.9551018826
0.9681559695
0.9957322330
0.9783320269
1.0112380715
1.0443120473
1.0179660853
0.9371385983
0.9372859933
0.9566738907
0.9571338457
0.9537300531
0.9437912707
0.9495380463
0.9532380163
0.9463932420
0.9467243847
0.9552720986
0.9381378322
0.9016456633
0.8791076380
0.8745260721
0.9178867947
0.9261191019
0.8997054818
0.9433161805
0.9557212339
0.9336201418
0.9502015550
0.9861696820
0.9620576286
0.9412047864
0.9404312455
0.9440295504
0.9732423748
0.9871986223
0.9998413644
1.0129633524
1.0053955033
1.0038283322
1.0157225824
1.0043705818
0.9885754804
0.9822175227
0.9772414912
0.9487075730
0.9532419256
0.9696982738
0.9925513101
1.0259695185
0.9917089852
0.9919577977
0.9878012598
0.9893484161
0.9961809435
0.9843876231
0.9881038625
0.9910469299
0.9848718845
0.9958685149
1.0013824076
0.9843086162
0.9740986787
0.9692133973
0.9487519705
0.9372172023
0.9409999437
0.9620955530
0.9575028173
0.9434491480
0.9310125505
0.9418162446
0.9702445721
0.9624618340
0.9674055666
0.9851819200
0.9841709968
0.9721268021
0.9771963389
0.9788324658
0.9460049927
0.9199256452
0.9246089276
0.9063684070
0.9274901387
0.9463264611
0.9853795006
0.9448658833
0.8928434195
0.8452631986
0.8321367321
0.8503384772
0.8890478594
0.9104496972
0.9261020591
0.9366080088
0.9435186552
0.9517820420
0.9666430731
0.9746261404
0.9643584744
0.9568739574
0.9573054278
0.9506806520
0.9642041133
0.9609653278
0.9799434376
0.9996973634
0.9977818155
0.9721333536
0.9409815002
0.9342159058
0.9362132697
0.9245372904
0.9460449119
0.9795958120
0.9888060490
0.9688360112
0.9482349724
0.9464186602
0.9477184207
0.9264023254
0.8994855852
0.8951467971
0.8176893745
0.7496861340
0.6672832703
0.5761629994
0.5127661264
0.4987043113
0.5529468402
0.6185511970
0.7266649826
0.8307531251
0.8948537603
0.9506443014
0.9653656210
0.9671321191
0.9570257095
0.9542272649
0.9771226037
0.9854071028
0.9766650176
0.9388993379
0.9321960455
0.9355353643
0.9302634327
0.9476199073
0.9615656026
0.9632353565
0.9904691560
0.9979341873
1.0079196991
1.0066146809
1.0101656414
1.0127094955
1.0020486207
0.9871985362
0.9566350077
0.9083192425
0.8584764578
0.8248780485
0.8268830902
0.8478571751
0.8727896047
0.8847012081
0.9236177383
0.9353220152
0.9364130723
0.9142322146
0.9170545007
0.9380193562
0.9603206011
0.9513718053
0.9249102257
0.9530029932
0.9622697722
0.9016879665
0.8414121736
0.8338465842
0.8404187961
0.8327116020
0.8398175701
0.8683055864
0.9085560331
0.9737247195
0.9739016245
0.9683492441
0.9479032748
0.9400372629
0.9087817888
0.8998101617
0.8698588309
0.8397831698
0.8134224746
0.8023821423
0.8164368673
0.8586680801
0.8883085647
0.8780129746
0.8613386418
0.8520493565
0.8456483263
0.8843973670
0.9332954049
0.9559707169
0.9679704462
0.9618209698
0.9527239807
0.9443339820
0.9170479577
0.8740698201
0.8652901102
0.8925902749
0.9372397731
0.9688839849
0.9729819167
0.9574793561
0.9491565493
0.9362587631
0.9044138956
0.9069834616
0.9528726388
0.9564669303
0.9488851715
0.9659689709
0.9278366924
0.9320821292
0.9604246446
0.9733997227
0.9512419471
0.9384748971
0.9761521345
0.9929916791
0.9625379347
0.9671062033
0.9914372213
1.0075090458
1.0244529087
1.0161989927
0.9977511918
0.9950633593
0.9777954242
0.9617508199
0.9638835097
0.9738279560
0.9903117390
0.9914227494
0.9969128188
0.9970028791
1.0135330080
1.0156438620
0.9915616932
1.0135190259
1.0263425193
0.9986287108
0.9920971910
1.0113621842
0.9851500448
0.9551421175
0.9598185737
0.9722862144
0.9867895592
0.9866643766
0.9818480882
0.9743024736
0.9390132689
0.9486335694
0.9972286139
0.9774457579
1.0042487475
1.0117617249
1.0194065687
1.0106033384
0.9832656731
0.9731766431
0.9705558183
0.9750856493
0.9662693568
0.9560376261
0.9520592788
0.9707288277
0.9943536508
0.9569593764
0.9341642768
0.9712770628
0.9717975401
0.9602582244
0.9882724204
0.9956100527
0.9978651564
0.9891203506
0.9811545978
0.9603554218
0.9760942662
0.9665253270
0.9655855192
0.9681487413
0.9567904513
0.9622608264
0.9681255104
0.9482905912
0.9366335888
0.9389028680
0.9339717297
0.9500912815
0.9706903815
0.9675388653
0.9771672825
0.9721115045
0.9740318351
0.9728120023
0.9700134696
0.9907508761
0.9821028056
0.9879087353
0.9897524658
0.9859197946
0.9854417610
0.9805502659
0.9698655376
0.9709265359
0.9747507746
