#flux
0.9537673053
0.9670927214
0.9691276590
0.9645330819
0.9665078053
0.9568213130
0.9252908082
0.9040523279
0.9151466886
0.9295295661
0.9278407100
0.9204227646
0.9141316208
0.9070782856
0.9043642959
0.9110391825
0.9205838211
0.9275286920
0.9397517215
0.9460428223
0.9572914580
0.9450832573
0.9456092205
0.9540416318
0.9527385572
0.9322400968
0.9031743044
0.9000777023
0.9139922322
0.9221079487
0.9320490295
0.9383436384
0.9295585448
0.9207886866
0.9250842993
0.9292830538
0.9195531841
0.9119711079
0.9233522154
0.9420338649
0.9294656046
0.9174794199
0.9079167784
0.9116260641
0.9296754660
0.9336209797
0.9167336111
0.9164073260
0.9204477649
0.9118118166
0.9037874295
0.9084799200
0.9153306264
0.9111887727
0.8993720590
0.8934426855
0.9065668179
0.9370583683
0.9495264690
0.9558172037
0.9363909887
0.9152044224
0.9194805256
0.9128527806
0.8883021486
0.8772834763
0.8672167115
0.8864920434
0.8890992954
0.8811064162
0.8847690874
0.8867682903
0.8795155804
0.8773354832
0.8800296168
0.8754465290
0.8780316980
0.9034684647
0.9085513084
0.8956076266
0.8862870459
0.8881398186
0.8894212992
0.8780506202
0.8700579831
0.8779545212
0.8732766702
0.8763214716
0.8763278991
0.8735757829
0.8699820656
0.8625973722
0.8528523821
0.8485447298
0.8566926614
0.8712852025
0.8744655940
0.8641527836
0.8656985362
0.8785343349
0.8698949660
0.8523926668
0.8354826062
0.8383476381
0.8499615883
0.8395723036
0.8380000265
0.8546349575
0.8475212035
0.8417703865
0.8465160014
0.8474923886
0.8462911321
0.8476643992
0.8452029583
0.8360779483
0.8243417002
0.8139563128
0.8262075501
0.8432999395
0.8352102945
0.8200369375
0.8299686369
0.8425999182
0.8341226466
0.8208328744
0.8248635813
0.8332848756
0.8369497653
0.8326912992
0.8184198114
0.8094968411
0.8178057831
0.8329541622
0.8363864448
0.8201327454
0.7970054534
0.7883879826
0.7935245743
0.7977071477
0.7889396813
0.7853073709
0.7891565200
0.7825892571
0.7825245110
0.7964232634
0.8010491847
0.7934479966
0.7912844488
0.7925521153
0.7854769490
0.7900168190
0.7995342008
0.7931620536
0.7849747509
0.7896003923
0.7983008441
0.7914476848
0.7664403609
0.7555958129
0.7550195411
0.7483565982
0.7644396055
0.7708810078
0.7506250091
0.7343955707
0.7378996866
0.7470944592
0.7583039232
0.7658528689
0.7600706943
0.7555419270
0.7558200870
0.7528392460
0.7457666727
0.7324615149
0.7189743849
0.7149511749
0.7196241312
0.7249614480
0.7270280057
0.7149848044
0.7122546320
0.7041905268
0.6841035130
0.6849265875
0.7040683465
0.7148011849
0.7079278562
0.6997925037
0.7032292718
0.7022152693
0.6914386245
0.6878891470
0.6868806629
0.6767195377
0.6726460493
0.6697396074
0.6677465138
0.6666466694
0.6495948865
0.6134403991
0.5659795396
0.5369473011
0.4978276331
0.4710558296
0.4295730072
0.3894757402
0.3586322827
0.3291805574
0.3046874992
0.2907178779
0.2812544265
0.2751056220
0.2697799880
0.2636243691
0.2711296678
0.2865885380
0.3012647409
0.3192323537
0.3407431344
0.3737380350
0.4243537854
0.4651389599
0.5021850591
0.5269958566
0.5585792334
0.6133945647
0.6482853654
0.6601637441
0.6741145624
0.6928728021
0.6965385428
0.6815581109
0.6740842834
0.6825669101
0.6860069780
0.6914572075
0.7009630236
0.7024148136
0.7012263714
0.7091486942
0.7240351812
0.7276598052
0.7186344387
0.7184454206
0.7263938398
0.7277235804
0.7375547316
0.7404996454
0.7363497567
0.7354137125
0.7291561623
0.7170691135
0.7148228038
0.7251811514
0.7397076273
0.7480112076
0.7440071936
0.7673056107
0.7636726024
0.7600892790
0.7575727159
0.7569526724
0.7490344542
0.7365091503
0.7266029495
0.7330013481
0.7622062352
0.7812182328
0.7909201493
0.7951109921
0.7933333834
0.7884859206
0.7825714141
0.7785215304
0.7820953906
0.7937514950
0.8002866106
0.7917720952
0.7820805797
0.7843906851
0.7856530332
0.7892088235
0.7939647486
0.7766087231
0.7664146342
0.7811176622
0.7982901584
0.8063934541
0.8128106209
0.8151585188
0.8120057861
0.8139740361
0.8245602968
0.8259571602
0.8106988915
0.8026804308
0.8042938373
0.8027778184
0.8009356946
0.8025193601
0.8148441250
0.8358663887
0.8362715024
0.8354330358
0.8409845126
0.8340503641
0.8247307246
0.8430857571
0.8578225241
0.8537221006
0.8451648879
0.8386501636
0.8325785934
0.8316694372
0.8382588137
0.8394029405
0.8278532861
0.8312451619
0.8401979926
0.8442987017
0.8390431421
0.8493810181
0.8459072413
0.8464923347
0.8637049957
0.8709065938
0.8712165838
0.8656534407
0.8684908343
0.8709342648
0.8755837554
0.8809569421
0.8721832929
0.8619730848
0.8686799866
0.8685675320
0.8522819192
0.8449043874
0.8525920684
0.8581055438
0.8653416500
0.8633221091
0.8603197094
0.8577195452
0.8571309947
0.8638740859
0.8802622902
0.8846390596
0.8875142599
0.9042907485
0.9091290764
0.8929736730
0.8796851993
0.8746019455
0.8720080545
0.8754639143
0.8712561995
0.8716493481
0.8716213624
0.8773611580
0.8857878685
0.8891468984
0.8901796948
0.8869163542
0.8782119614
0.8838385505
0.9044182561
0.9232462590
0.9217900670
0.9044760081
0.8853895301
0.8795529871
0.8906331364
0.9053211127
0.9123836371
0.9135275071
0.9101050422
0.9059227576
0.9203193939
0.9310634656
0.9195928506
0.9137946360
0.9032379272
0.9066479835
0.9132937113
0.9237059881
0.9273937031
0.9261647093
0.9332639676
0.9375090497
0.9278355353
0.9227683795
0.9296875682
0.9280759411
0.9132437285
0.9027148612
0.9047488445
0.9173310333
0.9143943051
0.8997740462
0.8960833949
0.9127961906
0.9310476866
0.9289655779
0.9281475785
0.9268833175
0.9236001125
0.9114126282
0.9260912396
0.9409521802
0.9225600487
0.8972571640
0.9015307436
0.9242850935
0.9329755550
0.9253048632
0.9239784656
0.9368286363
0.9488667561
0.9285602213
0.9097460386
0.9211762528
0.9236324429
0.9318901590
0.9386072665
0.9387906932
0.9343217543
0.9371183709
0.9449650443
0.9493150509
0.9578874880
0.9534566724
0.9392896204
0.9390836758
0.9412409351
0.9347148773
0.9338761931
0.9338120264
0.9299912448
0.9330065384
0.9438597526
0.9508575214
0.9537039891
0.9491260005
0.9389956380
0.9574974977
0.9608087031
0.9598107369
0.9618340931
0.9681243765
0.9691682223
0.9660290543
0.9667277096
0.9657117114
0.9612689760
0.9646998929
0.9670565406
0.9559566111
0.9505391805
0.9484960175
0.9402473222
0.9513726487
0.9607628304
0.9485141980
0.9380334987
0.9396209132
0.9271703793
0.9207013947
0.9343448623
0.9571953088
0.9744998169
0.9807823867
0.9825088305
0.9835751116
0.9810252177
0.9754451285
0.9696860461
0.9700099837
0.9767931979
0.9896352929
0.9822474301
0.9839686192
0.9841766702
0.9674018932
0.9609122171
0.9685983180
0.9726964325
0.9839731387
0.9936280195
0.9867381732
0.9755730878
0.9654189113
0.9571075735
0.9558223554
0.9616085114
0.9654775394
0.9600104970
0.9606327810
0.9634228627
0.9638106639
0.9616779216
0.9550664951
0.9646917968
0.9699623026
0.9781221762
0.9615977478
0.9556973464
0.9654513902
0.9728924560
0.9725808479
0.9749806965
0.9744848188
0.9682666887
0.9723541273
0.9865467567
0.9852161344
0.9657547056
0.9548623331
0.9564631574
0.9707403769
0.9744749637
0.9626535084
0.9664264072
0.9807704154
0.9733089978
0.9519974615
0.9543360470
0.9619649494
0.9666090785
0.9743781401
0.9862292848
0.9964413404
0.9920752129
0.9790418798
0.9670334823
0.9632952227
0.9855858953
0.9971919710
0.9781912853
0.9795094834
0.9762479418
0.9693517200
0.9580474062
0.9547331764
0.9624619164
0.9641774910
0.9488757150
0.9353442116
0.9412175024
0.9493109358
0.9665718382
0.9779837211
0.9767236440
0.9857830806
0.9978216961
0.9916143538
0.9926307652
1.0082638983
1.0084705093
0.9977607932
0.9942493929
0.9865922829
0.9694055775
0.9624650943
0.9710845146
0.9900509033
0.9948555650
0.9815175625
0.9757280576
0.9777498435
0.9831196784
0.9869910018
0.9959578498
1.0013519072
0.9942052255
0.9914193638
0.9953212086
0.9913319799
0.9813385125
0.9804485920
0.9939013842
1.0092553629
0.9990889178
0.9708065458
0.9663132001
0.9939750797
1.0088763475
1.0148450276
1.0007835544
0.9800725152
0.9823505947
0.9956840886
0.9973870797
0.9952843686
1.0019876282
1.0072295549
1.0000009271
0.9887932131
0.9825067054
0.9840207285
0.9985917683
0.9835014879
0.9632651622
0.9572454477
0.9499821753
0.9572093303
0.9828357552
0.9933190671
0.9859817466
0.9828831173
0.9769484438
0.9774128237
0.9945372120
1.0046534871
1.0030793933
1.0112593804
1.0203726826
1.0167548971
1.0046377625
1.0112123812
0.9991489386
0.9960556235
1.0017602952
0.9837247325
0.9739483438
0.9578579847
0.9681370321
0.9883783129
0.9932275156
0.9984248839
1.0040913191
0.9985846424
1.0011475275
1.0132008035
1.0133604531
1.0014780298
0.9875361058
0.9780712730
0.9759104886
0.9766554938
0.9991821466
1.0137023020
0.9926892726
0.9840442355
0.9823506636
0.9847283871
0.9892767746
0.9994998420
1.0094492598
1.0076807241
1.0051871600
1.0086528833
1.0091625299
1.0022975268
0.9970047107
0.9937615995
0.9875372021
0.9941139946
1.0101040206
0.9964361797
0.9697965518
0.9675436666
0.9791924303
0.9758549820
0.9774525739
0.9888705252
0.9987865570
1.0001158353
0.9966133552
0.9980593760
1.0002518642
1.0022264298
0.9952898414
0.9866203496
0.9871587760
0.9939187796
1.0020414600
1.0004273861
0.9929269826
0.9958999037
0.9813336640
0.9744086456
0.9821158573
0.9884392752
0.9910820297
0.9899401729
0.9890120139
0.9923256854
0.9961141868
1.0031688276
1.0126691348
1.0135821984
1.0156065582
1.0084000760
0.9857786791
0.9735933016
0.9788181572
0.9794977129
0.9690234594
0.9773862701
0.9984642589
1.0301727734
1.0303426018
1.0050039523
0.9854696264
0.9927719118
0.9987947844
0.9918000295
0.9913956293
0.9782753295
0.9639405946
0.9562168268
0.9529033572
0.9585997780
0.9758948238
0.9974513188
1.0051981891
0.9864654498
0.9706559279
0.9839499119
0.9984362813
1.0214161141
1.0305299389
1.0202425263
0.9951858993
0.9894200257
1.0041481919
1.0067450427
0.9868573136
0.9667821961
0.9682056787
0.9802068825
0.9946580178
0.9996305325
0.9941657605
0.9891685785
0.9969751693
1.0182366595
1.0136504810
0.9999147667
1.0017339017
1.0033616928
0.9945476422
0.9902347272
0.9839195734
0.9862707399
0.9898849992
0.9954539722
1.0038858682
1.0053176478
0.9991058085
0.9961523504
1.0029479612
1.0037030243
0.9888866400
0.9813276133
0.9901923467
0.9939872591
1.0005543565
1.0096117428
1.0011639230
1.0048124258
1.0065621728
1.0026067435
1.0007179630
1.0203720204
1.0145095996
1.0068498783
1.0118963307
1.0121612695
1.0072526480
1.0058720872
1.0035274414
1.0014898537
1.0089293704
1.0122585801
0.9949582547
0.9771946686
0.9768114676
0.9799386320
0.9752011369
0.9703519303
0.9780146621
0.9922978457
0.9996464968
0.9709854822
0.9655385948
0.9820596653
0.9881616467
0.9786771737
0.9598323861
0.9677681358
0.9965921686
1.0118585421
1.0090704662
1.0050302760
1.0015445501
0.9939400172
0.9950550369
1.0124093461
1.0111838581
0.9941195615
1.0064746551
1.0009003896
1.0007760754
0.9948177110
0.9960203320
0.9949915058
0.9992682637
1.0033541574
1.0099094003
1.0133121311
1.0060127259
0.9978827881
0.9897264794
0.9835438423
0.9828796209
0.9787268437
0.9854326681
1.0081336092
1.0210883997
1.0180303933
1.0041682400
0.9902859047
0.9933260496
0.9846306804
0.9922278408
1.0113066957
0.9957971728
0.9809686279
0.9911622901
1.0015654235
1.0015010099
0.9897027704
0.9756606377
0.9827571393
0.9980269308
0.9966565011
1.0036037062
1.0058616890
0.9952959290
0.9883788728
0.9895196514
0.9790945325
0.9973685803
0.9959123609
0.9928682340
1.0075786782
1.0087567818
1.0151108230
1.0194370649
1.0067130389
0.9954320529
0.9941089875
0.9986897605
1.0043513186
1.0089177596
1.0184043523
1.0224330918
1.0040169036
1.0039179327
1.0068243047
1.0139794613
0.9892991363
0.9829728357
0.9936439065
1.0076293894
1.0039777359
0.9899664327
0.9834841007
0.9964105753
0.9965535625
0.9896652040
0.9840146305
0.9881244952
1.0038211487
1.0100559952
1.0053432860
1.0113466078
1.0151646931
1.0124379418
1.0076711103
1.0071172382
1.0125067204
1.0002955093
0.9917242522
0.9721473030
0.9777125262
0.9733866834
0.9785692470
1.0003070697
1.0055774426
0.9898156343
0.9919233891
1.0057478959
1.0030811005
1.0007061904
1.0070654109
1.0013975580
1.0025101128
0.9995425573
0.9903431269
0.9872037581
1.0028390781
1.0201276700
1.0089124353
0.9934049168
0.9972838568
1.0022970005
0.9982227996
0.9919325554
0.9876190146
0.9899649943
0.9932569679
0.9974288418
1.0042466086
1.0033323164
0.9999156310
1.0116571431
1.0178514548
1.0088554409
0.9971574260
0.9915586920
0.9934910716
0.9868460802
1.0036596481
1.0143702203
1.0231155800
0.9994858050
0.9798217374
0.9799185376
0.9840857694
0.9936074002
1.0091586229
1.0109029159
1.0093758221
1.0177584361
1.0216086173
1.0194728091
1.0042101827
0.9886326020
0.9928544014
0.9845992004
0.9867155870
1.0130805162
0.9985331631
0.9895823772
1.0014985708
1.0121274974
1.0210644578
1.0196280441
1.0051080167
0.9918496032
0.9974660135
1.0059247711
1.0108095606
1.0119422429
0.9978240494
0.9858418561
0.9936201636
1.0039947249
1.0045503114
0.9986917807
0.9915941673
1.0032867489
0.9697198126
0.9867886204
1.0231732281
1.0296159269
1.0320683697
1.0182606949
0.9872587568
0.9775440272
0.9935288006
0.9948413220
0.9854612465
0.9910483813
0.9974317081
0.9966762837
1.0006996319
0.9971390899
0.9881326239
0.9855243239
0.9818568383
0.9871593667
0.9877088907
0.9692880342
0.9699325424
0.9897242176
0.9983715989
0.9851717514
0.9699747788
0.9780271910
1.0033961142
1.0180080894
1.0154936684
1.0087534031
1.0007294243
0.9974361241
1.0107600252
1.0148201810
0.9909195337
0.9718057840
0.9746453508
1.0098002352
1.0119900081
0.9896362090
0.9953056144
1.0025323796
1.0179193436
1.0178158733
1.0158861571
1.0142693642
1.0033127860
0.9934222357
0.9860490025
0.9882077284
1.0048640283
1.0156816249
1.0189082237
1.0179718094
1.0258857438
1.0281442520
1.0064667742
0.9914173709
0.9932498789
1.0029341584
0.9961897037
0.9788598073
0.9759095390
0.9795965816
0.9891769609
1.0010317781
1.0020182403
0.9976835507
0.9966128648
1.0002771086
1.0098692934
1.0189608838
1.0176410524
1.0131532885
1.0221340988
1.0219463708
1.0020924794
1.0041057791
0.9967696428
0.9876414951
0.9791153290
0.9791874858
0.9997726381
1.0055522460
1.0087260866
1.0087936190
1.0180117436
1.0218072861
1.0167623377
1.0060306497
0.9926933158
0.9881582346
0.9862968718
0.9902901568
0.9880470268
0.9909518532
0.9948611208
0.9791420191
0.9799152619
0.9944237604
1.0169574593
1.0139161107
0.9922964268
1.0095894692
1.0284093170
1.0116823516
1.0108184209
1.0274563520
1.0234145988
1.0050443114
1.0048518426
1.0135321368
1.0065926107
1.0109840478
1.0134734726
1.0122355885
1.0137557983
1.0051846830
1.0001642472
0.9897161046
0.9988845428
1.0164125297
1.0249381172
1.0214936947
1.0219947172
1.0263783962
1.0180740342
1.0062839740
1.0052526829
1.0006194344
0.9819235084
0.9720606377
0.9874844088
1.0073686473
1.0085579017
0.9975153050
0.9969345361
0.9972315229
0.9904172616
0.9973404564
1.0035891919
1.0121800791
1.0040237905
0.9848499272
0.9705411250
0.9683281493
0.9739868845
0.9818065806
0.9875519576
0.9926104824
0.9893950710
0.9783034897
0.9809890253
0.9929967171
1.0089326854
1.0227797712
1.0243299781
1.0314989931
1.0195783129
1.0063856884
1.0281603224
1.0170084414
1.0096310586
1.0036959266
0.9947365965
1.0037656010
1.0113073988
1.0122297807
1.0094314083
0.9944045103
0.9847143807
0.9959794659
0.9955926644
0.9774145602
0.9823042063
1.0076953929
1.0063957772
1.0152115949
1.0192451793
1.0082003770
1.0017628435
1.0027709149
0.9995035599
0.9893347196
0.9878287284
0.9859616756
0.9812954836
0.9775265081
0.9934623308
1.0164089192
1.0203017196
1.0188210880
1.0255705524
1.0245827401
1.0215330343
1.0282031087
1.0250810198
1.0093653708
0.9856723736
1.0043233751
1.0262156310
1.0233229070
1.0088820240
1.0046140329
1.0145509496
1.0179903179
1.0163603655
1.0188976190
1.0138482983
0.9983657140
1.0005158862
1.0189613797
1.0202487098
1.0111372570
0.9957955950
0.9929564966
1.0151654350
1.0142112395
0.9926880774
1.0010994921
1.0033738718
1.0089191588
1.0149080518
1.0194727966
1.0163533558
1.0263784497
1.0376423121
1.0200752819
1.0116929470
1.0220768020
1.0060789851
0.9748736481
0.9747648493
0.9903530384
0.9983706069
1.0040975787
1.0050580685
1.0151153968
1.0155720667
1.0286791296
1.0275340674
0.9988637510
1.0008804798
1.0237944255
1.0198185031
1.0051828178
0.9981060020
0.9996711219
0.9975329540
0.9929499216
0.9871159295
0.9853299265
1.0005532896
1.0169872162
1.0227155503
1.0231270204
1.0031607330
0.9848535919
0.9899097415
0.9989660212
1.0060950494
1.0239369297
1.0132131362
1.0182320406
1.0114099378
1.0002075687
1.0031104182
1.0067413978
0.9995760578
0.9853592985
0.9820653770
0.9932460353
0.9968097439
0.9911010775
0.9923354019
0.9946519637
1.0030571654
1.0107743740
1.0056031833
1.0120797736
1.0096556255
0.9987681117
1.0008977176
1.0127208684
1.0153279336
1.0013027044
0.9856339856
0.9945987957
1.0121226863
1.0153090160
0.9981646130
0.9872539589
0.9977369126
0.9905624877
0.9783516806
0.9971954351
1.0223290607
1.0207839558
1.0084064048
1.0073528633
0.9863881089
0.9939073435
1.0033353048
0.9920385932
0.9906209093
1.0036708495
1.0273573014
1.0283925613
1.0127555086
1.0058405447
1.0097109092
1.0086864823
1.0008663354
1.0034497383
1.0152156378
1.0224269952
1.0197712525
1.0133915828
0.9882119069
0.9573905042
0.9766246955
0.9937643077
0.9940234817
0.9817585627
0.9820822836
0.9906588579
0.9976416719
0.9887652694
0.9959358033
1.0226959167
1.0277817110
1.0021660767
0.9770326106
0.9744875409
0.9935109475
1.0056258029
0.9981991626
0.9950673384
1.0101017528
1.0226705773
1.0136113417
1.0094065272
0.9968193835
0.9869835282
0.9957149291
1.0072193965
1.0089906544
1.0033322903
0.9874393707
0.9824425804
0.9902381626
0.9890279176
0.9831108126
0.9845414808
0.9892567506
1.0002291675
1.0030585513
0.9956801299
0.9928588151
0.9967671527
0.9977853122
1.0005729325
1.0022452332
1.0142225311
1.0161817564
0.9973929512
0.9816265718
0.9792650461
0.9854381152
0.9907893783
0.9938531890
0.9963077064
0.9917938126
0.9794686309
0.9728014376
0.9789507055
0.9979037467
0.9907167339
0.9880375182
0.9950108898
0.9961955006
0.9752505550
0.9693972878
0.9713364155
0.9888225639
1.0082718985
1.0083823843
1.0060985749
1.0072117987
1.0073993389
0.9940319857
0.9792664000
0.9779438050
0.9769634839
0.9851291686
0.9947766026
0.9851057226
0.9971043415
1.0044140587
0.9983770929
1.0078738064
1.0146687887
1.0269594386
1.0055567230
1.0018106799
0.9963601674
0.9894855349
0.9875190207
0.9889679567
0.9948366456
1.0007365105
0.9976037043
0.9935170453
0.9991464009
0.9987176493
0.9821162794
0.9648889330
0.9852178552
1.0070689500
1.0048883653
1.0074294502
1.0026120484
0.9748501838
0.9670405849
0.9822074141
0.9764410025
0.9644772546
0.9719114171
0.9839378000
0.9896099456
0.9899834828
0.9897698801
0.9884275810
0.9770737543
0.9687189195
0.9864149881
0.9998016983
0.9989321315
0.9990557891
0.9885195379
0.9873432976
0.9872850574
1.0021275722
1.0077840083
0.9874992271
0.9864225243
1.0061381680
0.9907700940
0.9818317634
0.9923593573
1.0036167228
0.9997449364
0.9886982480
0.9927781485
0.9934118674
0.9822256064
0.9792631945
0.9828594974
0.9752291786
0.9788994636
0.9872379463
0.9882431812
0.9876830386
0.9919974454
0.9855198941
0.9794615223
0.9765957425
0.9655373447
0.9666136368
0.9917688411
1.0114774013
1.0042962901
0.9927822583
0.9933466533
0.9958726572
1.0033189122
0.9941433510
0.9798436132
0.9754659485
0.9764244154
0.9805203292
0.9825423293
0.9723152833
0.9967918121
1.0097924889
1.0101936289
0.9970169890
0.9905532176
0.9985035591
0.9951318052
0.9868769775
0.9904347073
0.9964698892
0.9942202801
0.9863464728
0.9861603868
0.9945585794
0.9945943319
0.9945297778
0.9850776797
0.9852533741
0.9957124349
0.9870659646
0.9814944712
0.9860421514
0.9852393689
0.9916611632
0.9900758736
0.9738571176
0.9669392263
0.9742801603
0.9769956220
0.9764747869
0.9859467512
1.0001216059
1.0051437055
0.9844359055
0.9661748572
0.9495919759
0.9687670950
0.9814081808
0.9827176645
0.9801533580
0.9810804588
0.9666635908
0.9680590384
0.9775122187
0.9851194717
0.9904970314
0.9882359331
0.9855682054
0.9809896700
0.9762617802
0.9786996010
0.9846566378
0.9998024592
1.0077478932
1.0119393859
1.0080803166
0.9989945029
0.9743382499
0.9630216991
0.9746620693
0.9848142379
0.9985637556
0.9899458509
0.9821698958
0.9817072042
0.9854825610
1.0007382214
1.0072592422
0.9946606641
0.9952800896
1.0128554334
1.0046390423
0.9766278632
0.9712250297
0.9865508520
1.0163575160
0.9943064751
0.9946752445
0.9937128505
0.9908932932
0.9878603897
0.9805992046
0.9834714598
0.9937149888
0.9971814296
1.0092974763
1.0159517449
0.9971112520
0.9838123407
0.9917459270
0.9888690637
0.9799268985
0.9946350417
1.0026833264
0.9911570575
0.9762151878
0.9720574463
0.9655378689
0.9709519763
0.9703205674
0.9692008522
0.9740049909
0.9788159385
1.0044089067
1.0169042719
0.9999945145
0.9749969854
0.9643531963
0.9689452946
0.9764751107
0.9792218787
0.9783285381
0.9754527448
0.9700725835
0.9627409533
0.9602396813
0.9853372412
1.0002979656
0.9973246201
0.9762370576
0.9908962323
1.0024105946
0.9905051481
0.9931381454
1.0074786449
1.0118624943
0.9970906223
0.9930757392
0.9966308477
0.9891303402
0.9918768847
1.0051014968
0.9952692909
0.9833888677
0.9756352584
0.9677745673
0.9700387027
0.9806026154
1.0075277581
1.0026297693
0.9793757222
0.9857172990
0.9947932774
1.0033664649
0.9925461532
0.9954872322
1.0127482800
1.0104479980
0.9901281167
0.9740249429
0.9696470816
0.9766357963
0.9849565949
0.9800278005
0.9711674957
0.9795923541
0.9939941569
0.9866529829
0.9659605010
0.9596143313
1.0039464031
1.0235777185
0.9921355950
0.9814082983
0.9751927694
0.9629984994
0.9704200846
0.9823347140
0.9860788805
0.9849002808
0.9850721711
0.9904370211
0.9902765652
0.9852957729
0.9768957069
0.9755559676
0.9797068226
0.9853584406
0.9828302679
0.9856424434
0.9882111678
0.9753775802
0.9925088520
1.0008277989
0.9985240176
1.0014676213
0.9960948473
0.9809324678
0.9935842980
1.0083266635
0.9993325444
1.0044905180
1.0115101816
0.9946300982
0.9895599038
0.9979910726
0.9924902322
0.9798426479
0.9772204475
0.9969761282
1.0119754374
1.0313600468
1.0270892110
1.0119058514
0.9912971190
0.9827760322
0.9747760153
0.9861831707
1.0008422440
1.0023053221
0.9989230575
0.9961550466
1.0049787671
1.0135705512
1.0060949086
1.0142547312
0.9916649964
0.9899457355
0.9889835924
0.9996838271
1.0255868790
1.0106363456
0.9811660637
0.9812281975
0.9782632829
0.9938050431
1.0216555158
1.0306043969
1.0184177887
0.9990418714
0.9786880309
0.9745186788
0.9906652122
0.9939009699
0.9925943855
0.9857432722
0.9694383847
0.9748795612
0.9853811137
0.9916536267
0.9898405836
0.9983262697
1.0202034087
1.0160763003
0.9964197660
1.0061966867
1.0125389906
1.0164162108
1.0037165882
0.9847957612
0.9906833412
1.0109831216
1.0205209933
1.0137187050
1.0079199902
1.0092934405
1.0201663304
1.0130274681
1.0026956626
1.0030386677
1.0114993870
1.0243508394
1.0308390987
1.0209643863
0.9969498644
1.0054313033
1.0157509324
1.0124910232
1.0077653972
0.9958872778
0.9793824757
0.9792219516
0.9910516276
0.9932338684
0.9893798012
0.9892937464
0.9935576409
1.0001073997
0.9983304714
0.9978792450
0.9892016853
0.9992690299
1.0062699535
1.0209725648
1.0237958777
1.0036654365
0.9818960436
0.9724099088
0.9841833669
1.0086042589
1.0174725067
1.0096519595
1.0088796785
1.0072918603
0.9981880365
1.0117740852
1.0159160672
0.9918087222
1.0017887136
1.0038035456
1.0252052265
1.0103508624
0.9919247323
0.9726796807
0.9764355243
0.9896735006
1.0011691388
1.0086448845
1.0159225835
1.0152293912
1.0028170595
0.9925803342
0.9928698459
0.9963795298
0.9955424963
0.9891516742
0.9895957592
0.9893681261
0.9734661754
0.9920763460
0.9840957056
0.9806758471
1.0036648628
1.0023207590
0.9999430897
0.9972439037
1.0024931866
1.0146333776
1.0213002818
1.0235125058
1.0227185234
1.0166968491
1.0111513011
1.0075100660
1.0010318341
0.9919144171
0.9902818250
0.9919065481
0.9763871685
0.9899477439
1.0062896257
1.0047555449
1.0060233766
0.9987266217
0.9891599729
0.9834096874
0.9871458554
0.9863980570
0.9828287588
0.9868433616
0.9924428593
0.9960972301
1.0012597642
0.9962335928
0.9803085520
0.9800591102
0.9964045623
1.0051051824
1.0003250386
1.0000045500
1.0117770653
1.0041645510
0.9915845406
0.9934035654
0.9808269008
0.9691567579
0.9765696321
0.9865406058
0.9843060142
0.9886507067
1.0016591532
1.0009159573
0.9914031948
0.9947089608
1.0048397792
1.0085254654
1.0048583518
1.0047561226
1.0052987556
0.9901469902
1.0045158113
1.0252813704
1.0128491771
1.0017434412
0.9910843882
0.9870522561
0.9975775262
1.0114270281
1.0107698136
0.9907917161
0.9712752601
0.9679319357
0.9725285586
0.9756960037
0.9851314182
1.0142857020
1.0308865970
1.0052020381
1.0054866882
0.9837992833
1.0340990760
1.0238213154
1.0034714845
0.9876788954
0.9882148001
1.0088388069
1.0281248527
1.0266010968
1.0114122381
1.0072710071
1.0119371075
1.0145070714
1.0086923747
0.9946968848
0.9950455572
0.9957898929
1.0042964728
1.0173950830
1.0290891099
1.0172342011
0.9762469425
0.9805217092
1.0099530476
1.0169213593
1.0022257455
1.0158385522
1.0080693145
0.9681650578
0.9646606802
0.9827133804
0.9856909353
0.9859377805
0.9870907223
0.9815202362
0.9775160591
0.9768258721
0.9838588498
0.9760511384
0.9511999037
0.9810658547
0.9988415707
0.9956578392
1.0021045264
0.9924841246
0.9942731136
0.9986469087
0.9851957263
0.9982011184
1.0114395503
1.0066991138
0.9969075851
0.9918759651
0.9838802469
0.9730708186
0.9832392554
0.9982408699
1.0117848348
0.9928269874
0.9899624243
1.0125606525
1.0319692980
0.9975648933
1.0147506005
0.9841246192
0.9679351431
0.9772155479
0.9967037119
1.0034549013
0.9923202899
0.9758064362
0.9768958581
0.9970394515
1.0062467515
0.9898085179
0.9786529345
0.9899422788
0.9774309077
0.9729561884
0.9790037600
0.9871991109
0.9731860764
0.9904739388
1.0093307538
1.0070062936
1.0286076764
1.0190204622
1.0191395741
1.0151292467
1.0218999644
1.0330025048
1.0210637300
1.0076357697
1.0071430303
1.0031529138
1.0068525024
1.0041422857
0.9950046037
0.9936304991
1.0068092023
1.0184320116
1.0098234803
1.0169349810
0.9801538793
0.9616605370
0.9800850254
0.9945715915
1.0105122835
1.0110639988
1.0115581343
1.0091515775
1.0084580842
1.0120775644
1.0192681974
1.0302503057
1.0279126776
1.0180055511
1.0090520038
1.0165692433
1.0110627111
0.9763813613
0.9721100644
0.9742995404
0.9888092104
1.0087216896
1.0087556714
1.0135579155
1.0300628307
1.0176373578
1.0038817082
1.0047198818
0.9951514008
0.9849176428
0.9878054180
0.9919511249
1.0060952270
1.0237109548
1.0209144321
1.0006385068
0.9928173770
0.9979849752
1.0193865206
1.0069980958
0.9974193514
0.9921378256
0.9921780975
0.9809951028
0.9888148927
0.9954720703
0.9947978050
0.9920514818
0.9789188985
0.9659990784
0.9681946684
0.9838501244
1.0092580450
1.0193667306
0.9961388766
0.9751803950
0.9867703241
0.9911253604
0.9890190843
0.9847811201
0.9788267662
0.9664518711
0.9632822153
0.9598780009
0.9615163978
0.9834193129
0.9988561370
1.0035017806
1.0093507413
1.0102956461
0.9974680756
0.9873672251
0.9964600064
1.0043326915
0.9944012507
0.9780074618
0.9636953391
0.9478733687
0.9641623483
0.9664803133
0.9825256815
1.0105626332
1.0099049821
1.0035512699
0.9970837252
0.9875188407
0.9931513198
1.0067827004
1.0258871446
1.0330226750
1.0170381453
0.9961662152
0.9844788690
0.9925710732
1.0121349855
1.0073792367
0.9972063618
0.9888734695
0.9976029414
1.0037823206
1.0273024329
1.0269853242
1.0029157009
0.9862137192
0.9790831680
0.9897226792
1.0022544137
1.0070524233
1.0044073312
0.9915350562
0.9903385435
1.0002309887
0.9891090036
0.9844856493
0.9991675692
0.9943191753
0.9729354145
0.9766033605
0.9795737212
0.9675521098
1.0102490386
1.0162458201
1.0057902899
1.0099516278
1.0009851600
0.9938476081
1.0005164568
1.0012005235
0.9951995007
0.9991010605
