#flux
0.9146310560
0.9024160325
0.9026294779
0.8962807570
0.8908952411
0.9026287528
0.9113170860
0.9295611006
0.9309086083
0.9162133120
0.9127844084
0.9213939382
0.9303980569
0.9319077004
0.9308831286
0.9350510757
0.9087301176
0.9171477530
0.9379048469
0.9518478628
0.9572320183
0.9600259366
0.9643596496
0.9626791467
0.9507347407
0.9496507917
0.9656422331
0.9583100621
0.9460300684
0.9451771513
0.9403168606
0.9344395721
0.9368279180
0.9338209956
0.9184402732
0.9055110761
0.9151500592
0.8976261879
0.8932886305
0.8990269188
0.9213548687
0.9567339717
0.9219823177
0.8899760546
0.9160931031
0.9473739289
0.9513056364
0.9387685351
0.9228195028
0.9193119816
0.9396495127
0.9628262456
0.9662715327
0.9608696383
0.9511942092
0.9317732151
0.9259597778
0.9218213885
0.9086259756
0.8978030644
0.8971539708
0.8995981047
0.9044889653
0.8860818487
0.8952314489
0.9101316321
0.9154997242
0.9189213283
0.9245577170
0.9291815836
0.9234718012
0.8950581729
0.8721620364
0.8762109509
0.8654443324
0.8514945907
0.8638036042
0.9025024593
0.9050811172
0.8671355464
0.8603686074
0.8542690583
0.8441701441
0.8203745209
0.8054601115
0.8203210602
0.8497649281
0.8696547364
0.8716671026
0.8641831473
0.8622021220
0.8723431743
0.8763039799
0.8697416230
0.8771750066
0.8883341817
0.8994881323
0.9167947759
0.9212250035
0.9023904664
0.8797748324
0.8395349361
0.8166675932
0.8255681704
0.8276909670
0.8256754519
0.8224069408
0.8245509864
0.8307895025
0.8292495690
0.8248406452
0.8319359495
0.8382522003
0.8339129815
0.8342647486
0.8392927827
0.8483657434
0.8315894059
0.8249742654
0.8489440273
0.8397162349
0.8383447194
0.8482151640
0.8710367658
0.8657976222
0.8671224230
0.8951117669
0.8989841252
0.8631254956
0.8402190210
0.8490859677
0.8463115320
0.8139055277
0.7894427210
0.7863118952
0.7771297148
0.7757804797
0.7997099279
0.8282594710
0.8369186260
0.8342725954
0.8348160754
0.8260956216
0.8224871888
0.8148413387
0.8110666964
0.7954062954
0.7803569869
0.7791659896
0.7824627797
0.7813968857
0.7829075331
0.7864353513
0.7744854428
0.7514602375
0.7470761553
0.7563148189
0.7606116814
0.7671053378
0.7646599273
0.7535298677
0.7702240847
0.7774038257
0.7622701447
0.7540296899
0.7658405897
0.7653455622
0.7495401142
0.7342062174
0.7267598548
0.7232165815
0.7164531300
0.7034482289
0.6924442157
0.6971270879
0.7055365046
0.6899808184
0.6742005589
0.6650580731
0.6632989226
0.6587643311
0.6566431627
0.6693797900
0.6520572193
0.6511263817
0.6406360246
0.6237841738
0.6029579203
0.5850161398
0.5684400660
0.5583108184
0.5540191671
0.5361845563
0.5059161615
0.4820191054
0.4619982372
0.4439294959
0.4251515974
0.3977330459
0.3607026493
0.3433574376
0.3509938562
0.3514676290
0.3354358474
0.3278165193
0.3176219858
0.2847045179
0.2753897421
0.2741878561
0.2586827956
0.2352968273
0.2232065623
0.2245076969
0.2235551778
0.2210863867
0.2360392835
0.2506040428
0.2304093238
0.2296841822
0.2441488057
0.2370178753
0.2426148973
0.2601940751
0.2745981319
0.2936418242
0.3173358395
0.3498114243
0.3920278059
0.4537828495
0.4969024746
0.5193098618
0.5440716578
0.5752107786
0.6086937540
0.6407863395
0.6595654192
0.6666356851
0.6811879824
0.6953440087
0.7168574593
0.7410277209
0.7534524253
0.7697573482
0.7831616197
0.7818116490
0.7730994631
0.7690880296
0.7703365645
0.7632965330
0.7342177020
0.7252866206
0.7271374621
0.7286275907
0.7295758490
0.7326605412
0.7437169972
0.7440689038
0.7420147899
0.7526421291
0.7510052502
0.7652183896
0.7712643793
0.7481519007
0.7372493165
0.7494055649
0.7524779687
0.7577032265
0.7621559647
0.7606767262
0.7676950851
0.7812835138
0.7913935150
0.7893872399
0.8015046446
0.8181240253
0.8161869756
0.8232999792
0.8174197071
0.8091799764
0.8066736073
0.7968745996
0.7979214196
0.8203649402
0.8148747313
0.8499867682
0.8648257832
0.8844809042
0.8943302064
0.8736631177
0.8514470633
0.8407664150
0.8313303628
0.8283693926
0.8380835493
0.8525980115
0.8500492158
0.8168428703
0.7829197250
0.7787336126
0.7989176424
0.8182009776
0.8298951257
0.8264111153
0.8270032193
0.8529628823
0.8575962861
0.8394377668
0.8370098050
0.8470506262
0.8499262420
0.8502693854
0.8384978959
0.8201567200
0.8162262506
0.8237326632
0.8280252343
0.8376193961
0.8498503837
0.8358179883
0.8297142737
0.8285860798
0.8146237815
0.8185753593
0.8093108088
0.8102911077
0.8238398214
0.8319765175
0.8337904619
0.8352296729
0.8388523472
0.8456054953
0.8487285155
0.8479607750
0.8502726335
0.8539017006
0.8585763006
0.8638833289
0.8592526640
0.8558501823
0.8652463194
0.8734704340
0.8727053079
0.8708799165
0.8746090851
0.8901721109
0.8989956454
0.9159801673
0.9286836473
0.9317408487
0.9271068173
0.9325080938
0.9433906578
0.9251979439
0.8848766565
0.8656093283
0.8712332263
0.8663090029
0.8494358779
0.8518695808
0.8639783971
0.8745330790
0.8643567051
0.8416203979
0.8374245378
0.8570304172
0.8745563381
0.8747282781
0.8486202574
0.8497012913
0.8570523443
0.8673976483
0.8945140732
0.9188507969
0.9346377929
0.9474398853
0.9514757632
0.9470120559
0.9442214414
0.9484364819
0.9509595300
0.9313433920
0.9329800096
0.9207518456
0.8884201635
0.8615556853
0.8481162385
0.8502201092
0.8723516848
0.8793334943
0.8671517197
0.8728343493
0.8722011283
0.8694350413
0.8736217805
0.8710888675
0.8605025232
0.8718534168
0.9062622558
0.9161072861
0.9078474182
0.9056650536
0.9221845970
0.9372220500
0.9347002049
0.9535249465
0.9476069735
0.9588644196
0.9537422098
0.9511852014
0.9460182143
0.9258036278
0.8956927300
0.8808199253
0.8835604756
0.8778025507
0.8573084406
0.8506392990
0.8668890721
0.8743835228
0.8623525198
0.8586794996
0.8813250254
0.8809116788
0.8746014094
0.8881301962
0.8938472000
0.9057204949
0.9230784933
0.9210225293
0.9073805059
0.9060124965
0.9179283825
0.9276552814
0.9285588434
0.9336500214
0.9380582845
0.9280344017
0.9155362457
0.9162582932
0.9248790090
0.9273055135
0.9372750006
0.9668951352
0.9847199760
0.9727725736
0.9553768385
0.9494904760
0.9375304318
0.9183726643
0.9146587881
0.9084108069
0.8955731929
0.8907337628
0.8943746789
0.8952672560
0.8932714905
0.8989684360
0.9141045564
0.9249471558
0.9209491736
0.9230079126
0.9622352789
0.9707862060
0.9649397591
0.9624441058
0.9476352619
0.9353202143
0.9416904031
0.9468336900
0.9416073957
0.9376553374
0.9290109202
0.9219829729
0.9162943212
0.9130007785
0.9216958333
0.9409751090
0.9488308006
0.9345605458
0.9212622035
0.9268233292
0.9438640467
0.9541531084
0.9479249919
0.9332076641
0.9354949461
0.9546042530
0.9446479960
0.9482881809
0.9332253538
0.9436516857
0.9524579653
0.9351507948
0.9219189532
0.9222498615
0.9222614048
0.9190566982
0.9123045467
0.9059232097
0.9210123788
0.9511663660
0.9493749646
0.9453035955
0.9438408049
0.9540655593
0.9383953811
0.9547991492
0.9774343454
0.9885874960
0.9848263005
0.9879987553
0.9946336763
0.9953293605
1.0018708712
1.0001739621
0.9828176675
0.9613051201
0.9495334555
0.9593669031
0.9774727714
0.9752290869
0.9640965881
0.9453013043
0.9179529166
0.9146077271
0.9255947363
0.9283042327
0.9387981573
0.9512610514
0.9501195095
0.9568804282
0.9657119998
0.9850804063
0.9935023044
0.9766694122
0.9565934856
0.9589814303
0.9687344843
0.9603147553
0.9395863623
0.9221605074
0.9338945934
0.9680137386
0.9946706845
1.0190227681
1.0078731590
0.9915410647
1.0157103813
1.0400765085
1.0286379485
1.0137661718
0.9937526908
0.9793220045
0.9650791933
0.9523729731
0.9425477659
0.9356022114
0.9400603029
0.9536863135
0.9578387380
0.9548565725
0.9572147844
0.9465889246
0.9555049836
0.9496845917
0.9261543677
0.9304255797
0.9310217581
0.9335600235
0.9335535444
0.9352708896
0.9405771045
0.9503007611
0.9705656531
0.9884023922
0.9804269403
0.9654535238
0.9720223729
0.9818155437
0.9808140801
0.9822250032
0.9663833041
0.9671303317
0.9929627107
0.9732605679
0.9710421922
0.9630470341
0.9462738323
0.9468857438
0.9510578292
0.9533277904
0.9553145784
0.9528739512
0.9502502200
0.9619765650
0.9581572157
0.9609503668
0.9763495193
0.9707219706
0.9596773201
0.9599668363
0.9608817511
0.9675497091
0.9623175831
0.9301055527
0.9126876288
0.9258868018
0.9191085340
0.9097060864
0.9217867742
0.9342756455
0.9272554467
0.9204231817
0.9287589756
0.9418113863
0.9565926515
0.9619137775
0.9661375475
0.9718316595
0.9582318642
0.9341070009
0.9179597079
0.9084061078
0.9000294694
0.9043072400
0.9193947995
0.9010617533
0.9194975447
0.9429613317
0.9385401600
0.9519001729
0.9676876241
0.9800196947
0.9658420503
0.9611903744
0.9605453816
0.9510700499
0.9416580800
0.9429781503
0.9631705712
0.9929829542
0.9979078149
0.9646401740
0.9338224552
0.9498849768
0.9656001888
0.9803801152
0.9896134589
0.9711639073
0.9893471440
1.0044300372
0.9994700966
0.9883648951
0.9786171579
0.9576733661
0.9469725661
0.9679093475
0.9925994065
0.9898335469
0.9719217088
0.9593558791
0.9545043338
0.9578861005
0.9482371973
0.9348265449
0.9570003428
0.9681495966
0.9666606009
0.9566306735
0.9728325877
0.9691470403
0.9800780980
0.9978120928
0.9921810922
0.9866323668
0.9992875068
1.0088139418
1.0003842701
0.9826048590
0.9772174603
0.9880443485
0.9893767703
0.9824223429
0.9828519735
0.9978214544
1.0033718696
0.9976321416
0.9909418794
1.0041420978
0.9996769954
1.0114958740
1.0062556303
0.9873434938
0.9658778926
0.9446378088
0.9486942644
0.9723322772
0.9812062595
0.9796034302
0.9727743741
0.9542590898
0.9496724525
0.9521563239
0.9434980728
0.9507838500
0.9644624258
0.9610246546
0.9503304891
0.9310596610
0.9128193429
0.9087687318
0.9000633967
0.8960645453
0.8928273454
0.8709968042
0.8555737951
0.8748392956
0.9057852562
0.9079714611
0.8748319094
0.8548171151
0.8714245776
0.8751317657
0.8906121740
0.9081401913
0.9091046532
0.9086007113
0.9239625676
0.9349758473
0.9435771139
0.9488693185
0.9636561312
0.9642325120
0.9616089309
0.9756448380
0.9888837346
0.9868622702
0.9889301820
0.9924628358
0.9931281346
1.0048464883
1.0218727321
1.0352164118
1.0475062606
1.0502255481
1.0140587959
0.9793020744
0.9783528199
0.9986497822
0.9622693215
0.9521887754
0.9669522553
0.9811838646
0.9887485897
0.9932686817
1.0141819966
1.0424304413
1.0461356604
1.0353037313
1.0362234331
1.0410957131
1.0327741790
1.0199799243
1.0168635268
1.0032311990
0.9837856061
0.9901507036
1.0008790374
0.9651621584
0.9844983095
0.9933723972
0.9859281515
0.9734599287
0.9683356483
0.9709097194
0.9819865491
0.9931397071
0.9944272544
0.9950410346
0.9974523210
0.9898621318
0.9771565643
0.9726335402
0.9681297439
0.9628052027
0.9774587560
0.9604121414
0.9805786140
1.0108221998
0.9984319421
0.9845522453
0.9747205821
0.9747516284
0.9721242627
0.9601799444
0.9306452548
0.9102503992
0.9233562661
0.9423339541
0.9418192889
0.9395523255
0.9452398351
0.9452389012
0.9480072897
0.9573601067
0.9550675056
0.9478599480
0.9612581578
0.9564019954
0.9618590876
0.9486077290
0.9548459656
0.9956966699
1.0214662888
1.0256514775
1.0276793332
1.0327393450
1.0199058074
1.0185239656
1.0259272841
1.0060445904
0.9719037304
0.9503810824
0.9377067836
0.9346134532
0.9540188692
0.9848430372
0.9822615147
0.9636661603
0.9687092934
0.9621664277
0.9686359088
1.0015369585
0.9945459224
0.9988975565
0.9975666751
1.0029928521
1.0018553706
1.0031050043
1.0116313101
1.0294973183
1.0417386314
1.0399492393
1.0631349952
1.0821671499
1.0747693207
1.0611966647
1.0484112766
1.0441749828
1.0343063920
0.9968453659
0.9581577596
0.9424853991
0.9640130294
0.9806073839
0.9734239404
0.9771498133
0.9828007035
0.9805926430
0.9787652527
0.9863296737
0.9910734178
0.9802018696
0.9689891291
0.9666547611
0.9841696632
1.0120830882
1.0031690521
1.0053902564
1.0239337391
1.0255903507
1.0175826831
1.0047288611
0.9968332521
0.9905701026
0.9805918522
0.9838659281
1.0019506722
1.0074035086
0.9945193754
0.9900827590
1.0031183225
1.0136664317
1.0096389626
0.9995393152
0.9997808572
1.0034649146
1.0174363646
1.0090559546
1.0043971282
1.0071246951
0.9908447866
0.9640586770
0.9557506667
0.9570345478
0.9728401914
0.9980050747
1.0102991864
1.0221355719
1.0261229910
1.0075727245
0.9782427434
0.9593816522
0.9658773474
0.9898219098
0.9943046070
0.9758615146
0.9757856876
0.9853576821
0.9639958524
0.9343293524
0.9277554944
0.9379300845
0.9359139099
0.9392639260
0.9312609703
0.9421859413
0.9447223330
0.9646993226
0.9836038212
0.9853083918
0.9827157412
0.9786730820
0.9755942165
0.9736297512
0.9771690668
0.9849413545
0.9822741198
1.0128213793
1.0125368071
1.0112318962
1.0256770661
1.0032564132
1.0117175870
1.0402361522
1.0281671707
0.9918289883
0.9692279996
0.9709261788
0.9748630240
0.9673299164
0.9642292770
0.9723915485
0.9777443726
0.9780393157
0.9836596811
1.0066121948
1.0074670280
0.9786611108
0.9481473102
0.9528945146
0.9884888455
0.9816916347
0.9634881951
0.9741644201
0.9965131817
1.0256820433
1.0421289248
1.0446607097
1.0465426166
1.0550685082
1.0664976972
1.0555895005
1.0173063168
0.9964826347
1.0027355456
0.9969884585
0.9843433458
0.9907369305
1.0223881648
1.0172756928
0.9776433266
0.9643703824
0.9507494488
0.9461914676
0.9646005575
0.9774729828
0.9744057112
0.9703496978
0.9674543591
0.9568667032
0.9554699823
0.9732916366
0.9827931076
0.9702903441
0.9555196706
0.9467005743
0.9577114496
0.9924657199
1.0217972833
1.0365922513
1.0382741679
1.0350046067
1.0353716401
1.0391285178
1.0408931030
1.0113589915
0.9756811210
0.9760902974
0.9841294448
0.9791362951
0.9801878469
0.9907500164
1.0038259203
1.0163848038
1.0214331931
1.0343460529
1.0229929860
1.0084629434
1.0341589013
1.0377175411
1.0378073743
1.0453493461
1.0237075623
1.0134439204
1.0135662568
1.0176566720
1.0230091807
1.0276136918
1.0248423985
1.0225485622
1.0154028194
1.0035590743
0.9952007175
0.9887239900
0.9962339611
1.0224891445
1.0369977198
1.0350536019
1.0394104233
1.0370829612
1.0295733854
1.0467299448
1.0508039377
1.0359158738
1.0248659000
1.0238798545
1.0157310501
1.0070679034
1.0035952284
1.0004731217
0.9959612419
0.9870488402
0.9892304104
1.0156241788
1.0294205177
1.0073315763
0.9835727538
0.9613305256
0.9506856739
0.9633636377
0.9924424478
0.9989185318
0.9955370590
1.0020815052
0.9943321653
0.9830315339
0.9975301674
1.0266485360
1.0273927957
1.0068252902
1.0011650678
1.0030008310
0.9923795155
0.9792390220
0.9711031767
0.9650146289
0.9631117771
0.9587323275
0.9504946404
0.9402264777
0.9346439659
0.9243860318
0.9511108333
0.9546690492
0.9434387154
0.9269589628
0.9291555501
0.9428370049
0.9461707675
0.9556751505
0.9748874738
0.9901120909
0.9934346143
1.0117139671
1.0445619812
1.0400378305
1.0494204607
1.0623956389
1.0485972985
1.0378158222
1.0481632640
1.0300948778
1.0105015251
0.9948662655
0.9913336789
0.9847393126
0.9817233265
0.9916810139
1.0059241790
1.0145654641
1.0147616062
0.9994189871
0.9866434773
0.9889084648
0.9947355414
1.0044816669
1.0037593730
1.0077772462
0.9936649027
1.0003853752
1.0260538640
1.0209199954
1.0170099169
1.0183359612
1.0058256097
0.9914752698
0.9867973563
0.9903614581
0.9892317404
0.9825536182
0.9792865979
0.9866312677
0.9979746852
1.0012215093
0.9927156873
0.9828497573
0.9919021792
1.0131502589
1.0210995931
1.0257323007
1.0307206543
1.0090291551
1.0070526285
1.0481667558
1.0613549062
1.0353312973
1.0117991667
1.0192178684
1.0245415966
1.0143385994
1.0103771665
1.0167152467
1.0173240087
1.0176322567
1.0255322181
1.0258609645
1.0193311754
1.0149109986
1.0132939655
1.0156566345
1.0471619478
1.0290881496
0.9944806752
1.0058358555
1.0074074398
1.0031659903
1.0071917247
1.0210647376
1.0195012213
1.0252138744
1.0262643543
1.0185668803
1.0189664679
1.0177922159
1.0129631511
1.0206914873
1.0245277800
1.0233100903
1.0165497612
1.0262517564
1.0319197646
1.0343384672
1.0054458867
1.0019340803
1.0175462717
1.0200024381
1.0123252850
1.0064584089
1.0042764839
1.0213475943
1.0194109735
0.9960604039
0.9758223993
0.9727888384
0.9787280645
0.9801866405
0.9873162336
1.0025184749
1.0313703380
1.0275168932
1.0121482331
1.0066410108
0.9926707147
0.9834645285
1.0173062514
1.0180346122
1.0244276846
1.0397180350
1.0323503397
1.0073325435
1.0042732271
1.0116083658
1.0060225998
0.9976790753
1.0007249995
1.0122007269
1.0265339801
1.0334852941
1.0216148593
1.0370015267
1.0504763150
1.0175053123
1.0112539664
0.9963643254
0.9996168999
0.9944614791
1.0000103571
1.0131973596
1.0113060566
1.0092638524
1.0110789250
1.0219623799
1.0300204970
1.0244514660
1.0086924758
0.9966977462
0.9983254760
0.9964695495
0.9917426965
0.9866834642
0.9790258324
0.9745277168
0.9724988919
0.9791646416
1.0056423275
1.0288002665
1.0274166313
1.0248732235
1.0276757161
1.0331958737
1.0397099800
1.0269861458
1.0334980999
1.0457352381
1.0236915377
1.0074019194
1.0172209052
1.0137594493
1.0092705669
0.9931117281
0.9760940444
1.0003786912
1.0112446359
0.9934259224
0.9984055157
0.9979672520
1.0189863892
1.0162127432
0.9958950436
0.9910459367
0.9992501507
1.0069201731
1.0130363434
1.0086242802
0.9847529522
0.9655106993
0.9707660175
0.9816181143
0.9928334956
0.9946102902
1.0228349331
1.0601614061
1.0342606791
1.0444258789
1.0504804727
1.0634852935
1.0583488681
1.0467089664
1.0173006663
1.0087584470
1.0009094428
0.9929913410
0.9927495403
0.9942589318
0.9915216630
0.9835682629
0.9758087034
0.9809781364
0.9936921592
0.9867177347
0.9778450468
0.9850843788
0.9906326546
0.9982734394
1.0208013815
1.0424132567
1.0444323966
1.0159593490
0.9918075702
0.9702200186
0.9689805355
0.9695129704
0.9667514979
0.9720404215
0.9978861381
1.0157683595
1.0021201529
0.9993277931
1.0153696325
1.0202826555
1.0148119858
1.0115052865
1.0198466275
1.0258387106
1.0106287608
1.0293890851
1.0696874818
1.0577545401
1.0188450287
0.9985459775
1.0061723076
1.0054183089
1.0046431333
1.0149187573
1.0247938443
1.0368621088
1.0369756158
1.0100346915
1.0044591885
1.0188575181
1.0197284315
1.0298649567
1.0229104320
1.0122887293
1.0127594991
0.9952722258
0.9838418527
0.9888715465
0.9898063827
0.9985929704
1.0079823356
1.0088393317
1.0065035216
1.0216601350
1.0338540559
1.0126438347
0.9848545967
0.9924666728
1.0161578221
1.0117869774
1.0033238978
1.0020199122
0.9861534845
0.9605301022
0.9493409686
0.9902500194
1.0526611709
1.0574641098
1.0454909943
1.0421597073
1.0284628323
1.0205467458
1.0160580550
0.9990170420
0.9800360222
0.9713633340
0.9670927363
0.9674800176
0.9782009638
0.9903961205
0.9967484207
1.0074361181
1.0306559560
1.0312555995
1.0076577346
1.0117519341
1.0185047829
1.0232455141
1.0140016552
0.9779221104
0.9601259314
0.9674088641
0.9720329927
0.9886501776
0.9948622510
0.9682129912
0.9411966645
0.9387776081
0.9479239161
0.9552991835
0.9595973960
0.9423805737
0.9103979030
0.8985837549
0.8907411558
0.9217551404
0.9422480613
0.9403200067
0.9343055538
0.9464177898
0.9572552654
0.9687455006
0.9760540872
0.9639065418
0.9415229930
0.9338573485
0.9429133748
0.9534785084
0.9562967405
0.9526762920
0.9676751644
1.0021946462
1.0215092990
1.0302550943
1.0350636528
1.0337253127
1.0209300761
1.0356170089
1.0501298384
1.0459910791
1.0309688522
1.0114389263
0.9988265723
1.0115497513
1.0148452150
1.0009796070
0.9895200822
0.9891388026
1.0001044743
1.0034829431
1.0070366191
0.9966219316
0.9894286776
0.9572172390
0.9523668269
0.9912828547
1.0040566445
1.0161959525
1.0089202529
1.0029232710
1.0087907338
1.0210563711
1.0180142112
1.0206319347
1.0317734253
1.0307094547
1.0141251003
1.0025595782
1.0091562432
1.0149000204
1.0017054911
0.9926343156
1.0037688221
1.0065174910
1.0038760846
1.0258462710
1.0598745925
1.0679564522
1.0459566873
1.0278396908
1.0100022541
1.0097542843
1.0150285737
1.0206594555
1.0149409123
1.0113380617
1.0250143905
1.0395472636
1.0414839134
1.0305197267
1.0097056304
1.0108934304
1.0014134543
1.0214833953
1.0396890302
1.0274544699
1.0179352126
1.0225769295
1.0049801203
0.9758859456
0.9780118443
1.0023051819
0.9908998525
0.9855346740
0.9950764659
1.0035212541
1.0007178236
0.9978014460
1.0139261651
1.0374653391
1.0503174845
1.0396923056
1.0116048162
0.9920628695
0.9884250565
1.0017443576
0.9986628591
0.9623105472
0.9506522728
0.9980196734
1.0189780899
1.0009076312
0.9971177799
1.0197892948
1.0238430367
1.0218448461
1.0199686924
1.0026346485
0.9805417693
0.9783359692
1.0073122393
1.0264062599
1.0302061465
1.0300190963
1.0299445178
1.0177618147
1.0115408780
1.0132379234
1.0266001745
1.0420620679
1.0440566272
1.0377410936
1.0363347501
1.0361580058
1.0342896176
1.0146915879
0.9835817490
0.9827163410
1.0085147738
1.0133269089
1.0066601484
1.0198170919
1.0356972403
1.0300252994
1.0100423815
1.0117088639
1.0125705321
1.0230899534
1.0294731434
1.0166252113
1.0135141820
1.0042735529
1.0019067400
0.9945966238
0.9931260177
1.0014392209
1.0027929082
1.0027845509
0.9992057470
0.9801038110
0.9701884535
0.9758579644
0.9904232587
1.0042098584
0.9845648571
0.9622897159
0.9582573304
0.9756324946
0.9616206518
0.9420203929
0.9351466236
0.9570896953
0.9632131616
0.9701137399
0.9620304040
0.9589044067
0.9648650342
0.9678797956
0.9813824938
1.0021126477
1.0081301179
1.0101389926
0.9998499087
0.9697622422
0.9677190083
0.9659085581
0.9620634773
1.0007326530
1.0259329514
1.0310968895
1.0178988301
1.0047505193
1.0139788826
1.0312757198
1.0456990516
1.0526517778
1.0622489547
1.0749822493
1.0693095599
1.0506320441
1.0451544037
1.0402921733
1.0252934130
1.0038548813
1.0101820070
1.0009284372
1.0166594844
1.0268189657
1.0161998978
1.0043499801
1.0076655423
0.9980762586
0.9883772861
1.0014178978
1.0099028072
1.0101654479
1.0104033294
1.0300048197
1.0505412405
1.0406189600
1.0280933515
1.0399573589
1.0530698406
1.0451182484
1.0313733888
1.0266591932
1.0141493542
1.0096640805
1.0171569557
1.0305833069
1.0258231247
1.0179682243
1.0096785639
1.0043203001
1.0105805581
1.0107266036
1.0055574606
1.0240666368
1.0453826973
1.0385496306
1.0281035439
1.0270363218
1.0228259114
1.0271773036
1.0419323389
1.0236916055
0.9936666550
1.0067194451
1.0103526434
0.9811425949
0.9917448437
1.0145982419
1.0106295936
1.0115132071
1.0167436957
1.0077424718
1.0174965442
1.0306964083
1.0244244524
1.0173369826
1.0207888716
1.0271062265
1.0241179409
1.0210919143
1.0308222470
1.0468030201
1.0431512338
1.0401436401
1.0473665426
1.0462909190
1.0767102580
1.0666696392
1.0312101464
1.0037998829
0.9858751525
0.9596855767
0.9512630358
0.9568687658
0.9660948563
0.9888061181
1.0124543797
1.0100748317
0.9848997211
0.9701242142
0.9861110473
0.9954607843
1.0104526307
1.0060344529
0.9950856097
0.9985162050
1.0158962567
1.0567531239
1.0907679691
1.0684052342
1.0387008948
1.0179366581
1.0094193736
1.0200353678
1.0304043927
1.0314407261
1.0331432192
1.0242847163
1.0055369648
1.0097884515
1.0244648864
1.0210924052
1.0077480648
1.0100429443
1.0201477507
1.0243013448
1.0467222303
1.0260602131
1.0143060242
1.0101882599
1.0070515046
1.0108589909
1.0098873814
1.0051665092
1.0012729522
0.9955997238
1.0009290407
1.0200539413
1.0293759692
1.0403129187
1.0591374077
1.0552646662
1.0528378044
1.0430883377
1.0260061893
1.0236213428
1.0106658187
0.9818552809
0.9871188952
1.0086536750
1.0249522149
1.0277755530
1.0331173633
1.0235176570
1.0111629593
1.0182151359
1.0237858825
1.0169897914
1.0157831053
1.0136686218
1.0076092282
0.9917501819
1.0068527190
1.0077372009
0.9845091101
0.9978652807
0.9984478015
1.0003865328
1.0137020422
1.0033763577
1.0046687801
0.9975506734
0.9919181497
0.9960723541
0.9966571491
0.9942816663
0.9933965418
0.9909108852
0.9920652732
0.9958986129
0.9965474347
1.0003601917
1.0150231758
1.0269620807
1.0147595812
1.0108346404
1.0233226659
1.0127819036
1.0127183488
0.9995039014
0.9827009484
0.9896273804
1.0030511218
1.0027273175
0.9964704020
0.9949397876
0.9858323634
0.9847733028
1.0042801169
1.0051233233
1.0120658307
1.0016692064
1.0004803458
1.0068590025
1.0067910758
0.9973712085
1.0092146735
1.0103015350
1.0162659666
0.9910775629
0.9777871602
0.9694167070
1.0016713134
1.0337501592
1.0424500237
1.0303129101
1.0083491421
1.0002185357
0.9984484524
0.9882653457
1.0000402388
1.0080279608
0.9966695195
0.9980508512
0.9842378013
0.9763892404
0.9851650556
0.9658512119
0.9494784286
0.9814853773
0.9884946914
0.9935221168
1.0122479394
1.0135036757
1.0083889157
1.0157454543
1.0204448461
1.0060970248
0.9903917249
0.9895798404
0.9835357623
0.9843903954
0.9860528817
0.9943309016
1.0079412899
0.9940332447
0.9963544618
0.9883334642
0.9841492073
0.9853594534
0.9817940569
0.9774249893
0.9862232341
1.0069503487
1.0136211624
1.0143623685
1.0175543982
1.0185840690
1.0146300357
1.0039405138
0.9986231448
0.9875295289
0.9876065006
1.0087407886
1.0140630448
1.0084422034
0.9976041940
0.9656596128
0.9546791048
0.9644028004
0.9946014725
1.0075585011
1.0047806096
1.0057649610
0.9931806660
0.9661550881
0.9545375816
0.9675808132
0.9805272812
0.9858557683
1.0000868985
1.0069811893
1.0073034783
1.0094018399
0.9971267210
0.9619111868
0.9488272594
0.9719726285
0.9984165988
0.9964092894
1.0030713385
1.0097063885
1.0079360071
1.0070242137
1.0010118771
0.9813734562
0.9719828831
0.9866569324
0.9983804788
0.9909928099
0.9863339953
0.9945556701
0.9927179518
0.9837234300
0.9717710370
0.9666959756
0.9550620363
0.9403261104
0.9346731116
0.9041644274
0.9105948014
0.9300588034
0.9466208815
0.9325370438
0.9207136918
0.9278769532
0.9434318608
0.9518043872
0.9351212951
0.9143715654
0.9245472872
0.9363614378
0.9465157080
0.9441765399
0.9551424972
0.9619860097
0.9685570873
0.9967152170
0.9972588068
1.0238362568
1.0401455855
1.0367255512
1.0267158050
1.0133875231
1.0078068549
1.0131261176
1.0018785786
0.9871396507
0.9954008122
1.0193509304
1.0459554139
1.0508124116
1.0399788768
1.0299876290
1.0392301681
1.0371766852
0.9900439259
0.9823384801
0.9810002842
0.9700820007
0.9517318413
0.9286935698
0.9496047569
0.9733380660
0.9923928626
0.9947698083
0.9822280824
0.9759600210
0.9849163525
1.0030513726
1.0147315360
1.0099987138
1.0073751281
0.9917289515
0.9659926649
0.9535889863
0.9542753399
0.9747055495
0.9884082169
0.9929391550
0.9995332915
1.0047577212
1.0066870456
1.0084451216
1.0178126566
1.0127226884
0.9916274144
0.9787973537
0.9762062778
0.9661812093
0.9514627189
0.9466106186
0.9497667190
0.9645975861
0.9857526195
1.0034087495
1.0052166576
1.0224470121
1.0265995092
1.0092636333
0.9939951431
1.0057143683
0.9983476523
0.9703254575
0.9635397319
0.9822264579
0.9898399602
0.9760830097
0.9623512391
0.9686596378
0.9870785278
0.9928557174
0.9878610084
0.9743850894
0.9749560255
0.9808246390
1.0053528787
0.9924374368
0.9678495713
0.9652048432
0.9786524093
0.9864856972
0.9911915463
0.9816536823
0.9759992349
0.9776753028
0.9909989626
0.9990010260
1.0047867714
1.0151071131
1.0167476257
1.0132770814
1.0063214129
0.9959533321
0.9655920202
0.9537457053
0.9739631811
1.0037871149
1.0112930327
1.0021336825
0.9484405384
0.9667973663
0.9843384319
0.9978614659
1.0015204020
0.9919312062
0.9890747348
0.9887615546
0.9891738545
0.9884992045
0.9853761017
0.9935098978
1.0021436712
1.0020704016
0.9962936230
1.0089239080
1.0122832626
1.0245456129
1.0129714136
0.9859589969
0.9809349849
0.9867820177
0.9980686746
0.9835463382
0.9695592394
0.9704664497
0.9832280011
0.9932198510
0.9897348776
0.9815922668
0.9855885735
0.9890339355
0.9731405046
0.9677138581
0.9657737022
0.9881005430
0.9983472337
0.9738911462
0.9541410586
0.9525341245
0.9552080882
0.9600068495
0.9773873425
0.9927889960
0.9957596081
0.9871379797
0.9741529163
0.9634957847
0.9785757810
1.0049827558
1.0112461195
1.0041060029
0.9926949695
0.9880207725
0.9953011983
0.9947859824
0.9898811991
0.9928984112
0.9902083212
0.9635248803
0.9613298332
0.9819617698
0.9820800654
0.9669898894
0.9559698687
0.9732751613
0.9887393030
0.9825235707
0.9932370340
1.0159145664
1.0065106468
0.9887764271
1.0041953888
1.0199054396
1.0062633714
0.9710370176
0.9404680288
0.9501929888
0.9714980983
