#flux
0.9780409343
0.9715101530
0.9710249022
0.9715124776
0.9708757493
0.9717063619
0.9733386718
0.9734043259
0.9721700066
0.9718825031
0.9715419665
0.9708614394
0.9723460800
0.9716871554
0.9733040739
0.9749078937
0.9758894440
0.9743552085
0.9733456545
0.9749524239
0.9759324010
0.9725015433
0.9696730269
0.9684985679
0.9647874223
0.9598019232
0.9571254779
0.9562705990
0.9562237002
0.9581887791
0.9619580695
0.9642939082
0.9642736399
0.9627677149
0.9673988224
0.9694584266
0.9669327850
0.9673101870
0.9685862750
0.9661627914
0.9625827303
0.9587063473
0.9571568124
0.9617972550
0.9684379515
0.9742334411
0.9764958742
0.9734400855
0.9691583971
0.9659938830
0.9638007675
0.9653733658
0.9652405407
0.9626573349
0.9652794616
0.9600440768
0.9592131669
0.9612449764
0.9599005106
0.9584263137
0.9574912225
0.9552344623
0.9547394867
0.9560078323
0.9570948522
0.9572366550
0.9545077628
0.9470713582
0.9363562995
0.9249327015
0.9165073160
0.9167069051
0.9228809527
0.9396831198
0.9489824985
0.9521963168
0.9510079749
0.9496721040
0.9484786309
0.9439548143
0.9419752838
0.9410736015
0.9418726627
0.9425047439
0.9402858850
0.9346915952
0.9259185135
0.9128954978
0.8936082098
0.8682178019
0.8445471963
0.8359795377
0.8448622265
0.8683734585
0.8949279507
0.9154576821
0.9253673834
0.9251568676
0.9173627550
0.9058792915
0.8946271685
0.8895525384
0.8919577383
0.9045524577
0.9206448461
0.9316139736
0.9370345660
0.9399308706
0.9395635827
0.9335767112
0.9237412516
0.9141117949
0.9059922888
0.9029578866
0.9025852827
0.9097928200
0.9192310179
0.9234343264
0.9239179279
0.9265781481
0.9310909355
0.9333759261
0.9339071756
0.9307379275
0.9291840170
0.9269033288
0.9230652590
0.9206496023
0.9169398872
0.9140742649
0.9160098047
0.9150883207
0.9142559527
0.9092375618
0.9051518429
0.9041959218
0.9045629576
0.9059476785
0.9095474545
0.9126827703
0.9104590386
0.9059500966
0.9040776201
0.9058329980
0.9071934522
0.9057724440
0.9017720517
0.8977970674
0.8967387948
0.8967379321
0.8947400543
0.8924974149
0.8924695493
0.8912789128
0.8881894933
0.8871365994
0.8768003928
0.8632413735
0.8483040057
0.8363285344
0.8331218864
0.8371795864
0.8455339630
0.8546116559
0.8609719091
0.8630750539
0.8620243430
0.8593345606
0.8555157854
0.8506065748
0.8449022797
0.8409417549
0.8381933696
0.8271693700
0.8137782468
0.8015589410
0.7975146892
0.7962943982
0.8018976070
0.8097553815
0.8135217512
0.8135857943
0.8135627655
0.8120073717
0.8080082392
0.8044896611
0.7996390845
0.7941358094
0.7915053138
0.7873502015
0.7800183850
0.7719378480
0.7634484498
0.7551242837
0.7512206324
0.7421412025
0.7275319917
0.7175218878
0.7035452200
0.6846306556
0.6608020783
0.6317785668
0.5954417952
0.5496225569
0.4967315933
0.4427839385
0.3918594081
0.3459759249
0.3079955693
0.2804785728
0.2620059983
0.2475412031
0.2378161447
0.2336540551
0.2333790343
0.2364314461
0.2443685729
0.2584230056
0.2784053719
0.3079591951
0.3478487072
0.3934285865
0.4431459628
0.4958324438
0.5474723887
0.5925011810
0.6287407831
0.6602172870
0.6881268476
0.7077332117
0.7201847768
0.7284666857
0.7342681205
0.7418547613
0.7479898721
0.7550389182
0.7667278436
0.7790731889
0.7899243736
0.7961464112
0.7994262374
0.8007498459
0.8028174276
0.8093135500
0.8168436064
0.8208829021
0.8217959088
0.8241432674
0.8307949663
0.8361123773
0.8361597326
0.8405846863
0.8433494976
0.8484843938
0.8515796608
0.8501301919
0.8495932505
0.8490651835
0.8493781356
0.8534877187
0.8593758861
0.8640064395
0.8681068214
0.8728566222
0.8765784773
0.8782241899
0.8789149185
0.8802428680
0.8827767506
0.8855455318
0.8873924849
0.8892125044
0.8923073302
0.8939672431
0.8929780250
0.8952033417
0.8923038631
0.8973980014
0.9008194863
0.9020534258
0.9043992632
0.9070701386
0.9078837443
0.9068626901
0.9056570533
0.9082849498
0.9122395119
0.9127439334
0.9129610786
0.9149870384
0.9153449391
0.9173270048
0.9183214413
0.9191452920
0.9227323229
0.9260613865
0.9263131756
0.9224008561
0.9226790217
0.9263054613
0.9298616768
0.9306153194
0.9300574988
0.9283653824
0.9263734465
0.9271226345
0.9310166887
0.9332951299
0.9313825518
0.9280416374
0.9250611446
0.9250701856
0.9292684777
0.9304681818
0.9261024745
0.9196250793
0.9045171529
0.8710502528
0.8213803512
0.7722594672
0.7449673875
0.7516680038
0.7891693727
0.8432555284
0.8904982213
0.9192575781
0.9313415534
0.9346613370
0.9377154800
0.9413214129
0.9411968363
0.9392724441
0.9405498519
0.9390273077
0.9398616352
0.9401186477
0.9441175834
0.9425509757
0.9440392839
0.9449936985
0.9450444610
0.9435086307
0.9399092510
0.9363328035
0.9340273222
0.9338904048
0.9354623604
0.9363430960
0.9363258317
0.9371494310
0.9384712161
0.9412989478
0.9448227364
0.9459118028
0.9451084085
0.9458206835
0.9506356102
0.9569632924
0.9562862928
0.9566683390
0.9595561224
0.9605739640
0.9578365546
0.9559378889
0.9537119565
0.9514676103
0.9511598168
0.9521752856
0.9545971764
0.9597625498
0.9668661461
0.9719931310
0.9678866480
0.9624192323
0.9585589990
0.9541185370
0.9470929851
0.9233572374
0.8977316000
0.8813849698
0.8765075202
0.8875395360
0.9134097220
0.9392262679
0.9540747389
0.9627789122
0.9670617386
0.9671256104
0.9674226570
0.9679269481
0.9677196836
0.9662596426
0.9649438147
0.9663849139
0.9697097302
0.9709763072
0.9705780602
0.9685389842
0.9680748217
0.9655412289
0.9557786552
0.9367535592
0.9119887617
0.8938845569
0.8884915966
0.8978017943
0.9203874033
0.9452885095
0.9603383947
0.9664167507
0.9686944191
0.9618508414
0.9468696530
0.9308578419
0.9031886065
0.8582943232
0.8258367055
0.8144921763
0.8268237936
0.8628739037
0.9074241872
0.9408560875
0.9597284041
0.9693482661
0.9734537416
0.9743817616
0.9743873376
0.9762369190
0.9772407388
0.9744518029
0.9743610277
0.9754848021
0.9746667441
0.9738724536
0.9740821041
0.9738109230
0.9734076506
0.9682304184
0.9644551985
0.9649775177
0.9662976239
0.9685990374
0.9734185125
0.9775403176
0.9801090931
0.9800265771
0.9780043193
0.9772381058
0.9777525593
0.9775355985
0.9780377390
0.9801834761
0.9809364541
0.9784256306
0.9825681850
0.9800531775
0.9815302657
0.9815833969
0.9829728708
0.9825361590
0.9820414247
0.9830458776
0.9827318791
0.9821947909
0.9831968969
0.9822861689
0.9817483893
0.9836731700
0.9840120657
0.9836613067
0.9856538087
0.9867810431
0.9879030311
0.9867316357
0.9836130667
0.9821923804
0.9823985868
0.9824815622
0.9832382753
0.9821926822
0.9833987023
0.9826244826
0.9807313140
0.9799438716
0.9834487585
0.9853745144
0.9837773987
0.9817814031
0.9809456678
0.9820822568
0.9826212976
0.9827129418
0.9859889717
0.9880946879
0.9875497848
0.9843897006
0.9834034368
0.9825679930
0.9808566400
0.9803249196
0.9739712089
0.9665667143
0.9588133360
0.9548845673
0.9566457490
0.9623882256
0.9712193499
0.9786587876
0.9812799974
0.9825488784
0.9821376351
0.9774013736
0.9732372427
0.9706392853
0.9698829289
0.9727408524
0.9748225172
0.9637811408
0.9455022094
0.9304661904
0.9244553848
0.9288982967
0.9425284786
0.9620449166
0.9747694571
0.9802744092
0.9826640780
0.9791735349
0.9747699799
0.9773845878
0.9803919260
0.9817184745
0.9832460434
0.9819348012
0.9802184776
0.9805545048
0.9810560348
0.9813216437
0.9820973942
0.9852544768
0.9843623448
0.9831784370
0.9809596161
0.9787576105
0.9810536862
0.9837484324
0.9832031159
0.9815744076
0.9816098534
0.9827986212
0.9826064256
0.9833801964
0.9844895733
0.9813308536
0.9800385980
0.9791226343
0.9807170213
0.9778719385
0.9712344560
0.9599305671
0.9522444541
0.9470116020
0.9457824478
0.9522546724
0.9617162682
0.9709172277
0.9795559139
0.9851681833
0.9868309116
0.9874009168
0.9878762038
0.9872420259
0.9858017520
0.9828365389
0.9793530516
0.9763168057
0.9764909052
0.9757179383
0.9791297362
0.9840658086
0.9863625897
0.9893432498
0.9900365571
0.9881986396
0.9876593415
0.9869291799
0.9861123870
0.9868263778
0.9867225714
0.9841223530
0.9815788880
0.9819494887
0.9836798956
0.9806582897
0.9812538278
0.9840048996
0.9872668117
0.9902893504
0.9908666117
0.9880455909
0.9833091279
0.9741739453
0.9526001424
0.9174077352
0.8821040306
0.8642603600
0.8694566374
0.8964414302
0.9331160868
0.9602230552
0.9735450979
0.9768476297
0.9797293319
0.9828293059
0.9864010872
0.9878584096
0.9900104814
0.9922486019
0.9913605109
0.9902995310
0.9892502731
0.9880492302
0.9889824056
0.9833892556
0.9737379076
0.9649803082
0.9586110501
0.9561302832
0.9587680012
0.9658301450
0.9740091120
0.9800372809
0.9858513870
0.9877674382
0.9862645692
0.9868043944
0.9899840913
0.9927831035
0.9930245609
0.9918181268
0.9914554026
0.9903006543
0.9889717533
0.9897106078
0.9916612486
0.9920025223
0.9903809029
0.9890233857
0.9893729681
0.9901677765
0.9899758740
0.9896197222
0.9884501664
0.9887305530
0.9916685698
0.9928748794
0.9919550407
0.9899928383
0.9896095004
0.9913868405
0.9935107409
0.9926617215
0.9928275113
0.9940786811
0.9930332412
0.9917301087
0.9908761504
0.9914619911
0.9945523951
0.9962058385
0.9947277539
0.9938598593
0.9947394937
0.9960518632
0.9971593055
0.9950960167
0.9922246307
0.9934427814
0.9971920013
0.9955887543
0.9951387243
0.9939403500
0.9929861631
0.9935126340
0.9921018645
0.9860796125
0.9783072645
0.9710016203
0.9654709698
0.9653335831
0.9707283874
0.9778898404
0.9850912553
0.9890588188
0.9880865220
0.9906678145
0.9908889034
0.9913838484
0.9914111814
0.9894335819
0.9902335046
0.9877947750
0.9849711779
0.9848284998
0.9815061647
0.9715636266
0.9560421367
0.9381832633
0.9252823204
0.9211570374
0.9190591445
0.9084111057
0.8715046537
0.7981663923
0.7185101938
0.6746864620
0.6831610842
0.7516778472
0.8428088398
0.9094575677
0.9489799715
0.9662731412
0.9757416116
0.9800648716
0.9795565167
0.9782020202
0.9736878869
0.9540369385
0.9096463257
0.8452016822
0.7812219306
0.7458356613
0.7566710895
0.8094849492
0.8807379572
0.9394855918
0.9677780490
0.9747223398
0.9814690579
0.9844876001
0.9859787318
0.9905445467
0.9935716801
0.9932425930
0.9903346373
0.9896484585
0.9913141132
0.9915365083
0.9907491102
0.9916643032
0.9934169867
0.9932774323
0.9907733967
0.9893529288
0.9904198415
0.9913036204
0.9915961570
0.9924665636
0.9928672527
0.9925949545
0.9928205472
0.9911464419
0.9891294315
0.9835240245
0.9796653560
0.9792994328
0.9818448194
0.9867588544
0.9902781484
0.9909604636
0.9915697693
0.9914600243
0.9919015229
0.9935024983
0.9948002332
0.9964333380
0.9985077490
0.9974131772
0.9959367797
0.9957624586
0.9944018902
0.9962792170
0.9922758787
0.9908970693
0.9931430986
0.9925277398
0.9929575405
0.9920483649
0.9836750273
0.9660687492
0.9332436832
0.8943648209
0.8690484755
0.8676252164
0.8893579164
0.9257957576
0.9663936281
0.9840624015
0.9892739011
0.9923232171
0.9933210041
0.9929114739
0.9894863110
0.9869447239
0.9857394894
0.9822976791
0.9734551626
0.9590103736
0.9410529208
0.9261170035
0.9215410628
0.9272658029
0.9455247384
0.9695769027
0.9832012605
0.9870067212
0.9834088614
0.9744772489
0.9688511713
0.9644165091
0.9671949294
0.9752691954
0.9852819502
0.9943728657
1.0001456540
1.0027792708
1.0029435766
1.0004901320
0.9971249253
0.9959643539
0.9973718598
0.9994238448
1.0005615365
0.9990950649
1.0000413728
0.9987689728
1.0011131862
0.9976890661
0.9962471099
0.9975210565
0.9956534630
1.0003305120
0.9989231181
0.9962874486
0.9962302486
0.9950082496
0.9944327618
0.9963324779
0.9967766504
0.9953168760
0.9960051398
0.9979587695
0.9982648129
0.9987455918
0.9983273859
0.9959842573
0.9983976179
0.9986719636
0.9961589911
0.9982544364
0.9998299373
0.9985505413
0.9973600926
0.9955248407
0.9964726969
0.9992916671
0.9982535128
0.9958225871
0.9964591080
0.9956533722
0.9930288039
0.9958011981
0.9973815400
0.9942429402
0.9965654733
0.9991668031
0.9981764431
0.9963029984
0.9982146014
1.0000351820
0.9987925169
0.9983250862
0.9998297939
0.9999876558
0.9971390909
0.9936370909
0.9918829086
0.9919556212
0.9930697421
0.9942626112
0.9947880010
0.9952365296
0.9959460690
0.9976270094
0.9971041251
0.9993727958
0.9959970971
0.9975247127
0.9966618465
1.0007203174
0.9995290999
1.0012373265
1.0017723752
0.9970946945
0.9952910542
0.9930739983
0.9790609621
0.9510834573
0.9186174267
0.8955650416
0.8921897196
0.9094056722
0.9399899097
0.9692801922
0.9856662445
0.9951527440
0.9996187990
0.9965511011
0.9989970707
0.9967721721
0.9962724729
0.9955775330
0.9959640169
0.9915869508
0.9847457853
0.9839328509
0.9864111171
0.9873255298
0.9869417616
0.9838819480
0.9795456500
0.9779975317
0.9747180544
0.9765583611
0.9832979199
0.9879301756
0.9889260906
0.9918059450
0.9940249929
0.9977907873
0.9994246452
0.9985524325
0.9982160389
0.9977022927
0.9954414939
0.9915614273
0.9867501685
0.9819107896
0.9781899598
0.9757834284
0.9748540972
0.9772182976
0.9821180092
0.9852760335
0.9884685106
0.9881478437
0.9887709076
0.9894066816
0.9876827265
0.9899532222
0.9954374701
0.9979002595
0.9951158143
0.9890250878
0.9769395000
0.9618250333
0.9513023163
0.9462259000
0.9494204557
0.9648282134
0.9822457493
0.9904489830
0.9920091734
0.9946216845
0.9974759307
0.9947776139
0.9962715445
0.9965274362
0.9970626047
0.9950372808
0.9853147848
0.9641097325
0.9221466470
0.8665002458
0.8202458361
0.8022062554
0.8197822221
0.8661949633
0.9199648070
0.9579173030
0.9721194590
0.9703760227
0.9631423550
0.9557487176
0.9563784968
0.9692035163
0.9821087078
0.9868569463
0.9923232242
0.9939846921
0.9976262933
0.9977026606
0.9967750155
0.9987532828
0.9991401099
0.9967029751
0.9963996402
0.9988441706
1.0010309704
1.0016650658
0.9997775044
0.9963912261
0.9937904785
0.9913542721
0.9933586615
0.9976995393
0.9966005027
0.9986938986
0.9998947140
1.0008947738
0.9987061359
0.9983640708
0.9980556351
0.9965346851
0.9962460345
0.9975743350
0.9999591036
1.0008908898
0.9992595222
0.9977773168
0.9973852687
0.9962576069
0.9944618331
0.9939774607
0.9948402407
0.9943163032
0.9918851585
0.9909918335
0.9922315190
0.9930127903
0.9937324984
0.9957672171
0.9989014313
1.0007579761
1.0027589933
1.0054211699
1.0059299326
1.0036607372
1.0011819949
1.0010869583
1.0018243691
0.9997039723
0.9991948279
0.9976862188
0.9897401874
0.9778558510
0.9720137305
0.9698746885
0.9717474561
0.9761208851
0.9771341692
0.9743020927
0.9686611046
0.9649331694
0.9695850949
0.9800840606
0.9891669947
0.9942420829
0.9979851996
1.0002332709
1.0002871582
1.0020189459
1.0015234139
1.0004552493
0.9981446281
1.0012359190
1.0013041755
1.0008520462
0.9971395715
0.9977785974
0.9974501555
0.9985584375
0.9995374706
0.9998133482
1.0016035935
1.0045173818
1.0045519436
1.0021522176
1.0000035605
0.9996619807
1.0014064147
1.0016620444
1.0015337602
1.0033269655
1.0041342715
1.0043253160
1.0023327833
1.0020363657
1.0039580869
1.0037680165
1.0029107298
1.0007555061
0.9998861631
1.0004374432
0.9992964931
0.9971581158
0.9968855883
0.9997785120
1.0029654135
1.0033789142
1.0012802553
0.9984340033
0.9989771620
0.9983373607
0.9946741152
0.9908404609
0.9889966433
0.9900303395
0.9918432554
0.9932960867
0.9934803566
0.9948033358
0.9971317085
0.9966368140
0.9942239410
0.9919528746
0.9891329814
0.9850940328
0.9847979558
0.9880921712
0.9901772923
0.9945666570
0.9961168467
0.9987434387
1.0025556660
1.0026086097
0.9993377616
0.9970346108
0.9965677527
0.9968930359
0.9958627119
0.9977791352
1.0020640443
1.0022372174
1.0010789167
0.9994557093
1.0010910811
1.0032741206
1.0025609371
1.0016062834
0.9994871656
0.9970014319
0.9987350559
0.9981310768
0.9973907407
0.9981707376
0.9994572537
0.9969140618
0.9934838207
0.9880631413
0.9893323835
0.9928051865
0.9967034088
0.9987385631
1.0007852069
1.0019900918
1.0011665268
1.0020612170
1.0037148739
1.0028701575
1.0028296939
1.0029814784
1.0021297901
1.0069869881
1.0041939814
1.0023408267
1.0061340745
1.0038974495
1.0004045369
1.0014041136
1.0014663046
1.0036921770
1.0026856161
1.0005539600
0.9970800261
0.9937517356
0.9948123404
0.9991045139
1.0010265596
0.9995427615
0.9994430322
1.0024085617
1.0043498390
1.0072665580
1.0072983291
1.0048870489
1.0039212238
1.0029411798
1.0039071700
1.0012897900
0.9979217790
0.9973752376
0.9974270440
1.0004846958
1.0014237100
1.0007665530
0.9997958291
0.9993250131
0.9987961849
0.9994675551
1.0017322779
1.0007640583
1.0021597234
1.0039130406
1.0034887882
0.9997318029
0.9971719466
0.9980283733
1.0016928028
1.0007746120
0.9995508461
0.9998836099
1.0008795743
1.0037154118
1.0047026815
1.0045334662
1.0026508219
0.9965334794
0.9903297124
0.9889385990
0.9904963022
0.9937119943
0.9966710403
0.9954637654
0.9944550909
0.9983772129
0.9973498586
0.9944975462
0.9931411857
0.9917481701
0.9951695962
0.9990673912
1.0032382975
1.0006284671
0.9955377356
0.9933963383
0.9894988277
0.9795911006
0.9670151822
0.9568631707
0.9523884922
0.9561829188
0.9696907208
0.9898130012
1.0000288378
1.0052089600
1.0034999772
0.9988661161
1.0023584292
1.0026181183
0.9996090981
1.0035729266
1.0034962169
1.0051098410
1.0050139233
1.0017460889
0.9993372525
0.9981575008
0.9944217668
0.9917588081
0.9951415694
0.9961167076
0.9935651371
1.0000787928
1.0045680518
1.0031588422
1.0039570547
1.0054560271
1.0044076210
1.0043898232
1.0040385854
1.0051772319
1.0023843905
0.9999945299
1.0001308644
0.9998612080
0.9986662824
0.9967785501
0.9901366654
0.9738416378
0.9497450109
0.9284121490
0.9208069722
0.9260752192
0.9417812248
0.9680424940
0.9881682651
0.9961500782
0.9988314951
1.0003643146
1.0006269462
1.0000251126
1.0005093372
1.0018413457
1.0034358007
1.0031144202
1.0029456475
1.0032394122
1.0032221604
1.0013871115
0.9993286058
1.0016043314
0.9993095895
0.9960271631
0.9961088516
0.9958015291
0.9989716086
0.9994659346
1.0010548005
1.0009195545
1.0010057728
1.0012974434
1.0013792823
1.0027764343
1.0017914453
0.9997244145
0.9989883196
0.9968115863
0.9938708140
0.9941473708
0.9946030722
0.9898195099
0.9828733496
0.9810922282
0.9810204307
0.9850514343
0.9916957164
0.9991421034
0.9994243756
1.0002011870
0.9969750936
0.9979412614
0.9981264493
0.9950651176
0.9938014068
0.9953628835
0.9956821745
0.9947196954
0.9947816876
0.9942191066
0.9926625483
0.9925449719
0.9911529874
0.9909148400
0.9927981848
0.9935252262
0.9935653532
0.9913382183
0.9910511755
0.9880131497
0.9851289454
0.9837417140
0.9860360405
0.9870275746
0.9850060158
0.9839854689
0.9855098250
0.9867108664
0.9878208833
0.9893901427
0.9881227865
0.9839587854
0.9794114041
0.9754608397
0.9727255973
0.9752267800
0.9817819698
0.9898185064
0.9952203606
0.9940354809
0.9967789703
0.9980681659
0.9954571116
0.9913340739
0.9903573438
0.9901279236
0.9815358615
0.9629649806
0.9402301741
0.9209127614
0.9103922196
0.9058044555
0.8974288939
0.8712303374
0.8301166331
0.8006342761
0.7963308053
0.8228371271
0.8670182306
0.8942056579
0.8966102030
0.8877922229
0.8874949677
0.9034728435
0.9282219473
0.9535038179
0.9701269069
0.9784173370
0.9835771535
0.9865630607
0.9878573788
0.9887089360
0.9898381747
0.9912866930
0.9888480253
0.9754946682
0.9570506023
0.9340120952
0.9263154518
0.9305619579
0.9421256664
0.9628484710
0.9812864231
0.9880494016
0.9890979988
0.9847352915
0.9754128317
0.9659280332
0.9621213068
0.9670791376
0.9767194460
0.9842664785
0.9906098255
0.9968310212
0.9962627740
0.9926874504
0.9924957277
0.9926792057
0.9913050956
0.9909991966
0.9923243042
0.9922965360
0.9947233151
0.9996197305
1.0016932930
0.9993928924
0.9965359006
0.9974883886
0.9997458497
0.9993608070
0.9971482561
0.9954137131
0.9975028552
1.0004635551
1.0028936950
1.0060606568
1.0062751717
0.9999508511
0.9979894160
0.9973603619
0.9973091781
0.9974102429
0.9931657258
0.9934090030
0.9959257970
0.9952658033
0.9940571154
0.9928815688
0.9934222105
0.9949497118
0.9937264717
0.9925220673
0.9915877611
0.9957278119
0.9968964252
0.9947161741
0.9983954061
1.0002332486
0.9970163417
0.9984127737
1.0005636534
1.0027783368
1.0052562100
1.0031645856
0.9998382919
0.9994355598
0.9989750935
0.9975982628
0.9962969793
0.9939621980
0.9899096120
0.9818248383
0.9664569492
0.9481653111
0.9301290653
0.9202778875
0.9185489594
0.9253558707
0.9425889650
0.9584793277
0.9727549847
0.9855126525
0.9933512163
0.9983102329
1.0000993229
0.9995620978
0.9990319540
0.9987053053
0.9986348573
0.9985377341
0.9978356795
0.9980750188
0.9994577197
1.0015209079
1.0029961246
1.0040572077
1.0017549037
1.0019204260
1.0014479663
1.0004922880
1.0018100190
1.0005172670
0.9984948610
0.9977741944
1.0000050111
1.0024630854
1.0025907111
1.0011496323
1.0011051821
1.0036904439
1.0038087466
0.9999125227
1.0009466388
1.0007991224
0.9982670383
0.9957552543
0.9939268940
0.9969764078
0.9960273219
0.9950745130
0.9968917065
0.9979873733
0.9969911215
0.9972360415
0.9987970037
0.9979087905
0.9942719515
0.9933602044
0.9948081380
0.9957013781
0.9967361546
0.9961742233
0.9931217138
0.9885096604
0.9888193704
0.9826007649
0.9625588464
0.9111502251
0.8326245054
0.7588862071
0.7275196995
0.7445786908
0.8090412140
0.8841903480
0.9424295897
0.9732723084
0.9859125869
0.9912342476
0.9934268983
0.9929482485
0.9901545709
0.9883829539
0.9904767840
0.9963849616
0.9998246287
0.9976576756
0.9982024656
1.0014472916
1.0017162584
0.9976356178
0.9991035728
0.9997894313
0.9966687881
0.9892649418
0.9860686207
0.9850977571
0.9832408411
0.9847501991
0.9902070958
0.9948470900
0.9970524553
0.9976866247
0.9979198533
0.9998647551
1.0021697946
1.0017225245
1.0005815250
1.0000423991
0.9958921842
0.9979660215
0.9982391067
0.9996721883
1.0021691242
1.0011991420
1.0015223794
1.0025046052
1.0004432438
0.9989415472
0.9989476152
0.9981809798
0.9968761963
0.9935862590
0.9880573376
0.9807258106
0.9745676863
0.9744984314
0.9787241129
0.9880949346
0.9938050052
1.0001967141
1.0045300662
1.0054935256
1.0018336943
1.0019061275
1.0021008032
1.0036452926
1.0048265523
1.0028592431
0.9982531877
0.9933888030
0.9918678754
0.9933438037
0.9906849674
0.9844867643
0.9826682011
0.9812602966
0.9850723537
0.9915941602
0.9975113185
1.0019501348
1.0023140671
0.9999948418
0.9990825428
0.9986849610
0.9995646027
1.0002661764
0.9988316466
0.9986779146
1.0011795523
1.0032822712
1.0041998617
1.0052301777
1.0059040263
1.0042399467
1.0013506911
0.9993862482
1.0009862117
1.0038723208
1.0030749216
1.0021913185
1.0025334953
1.0015953455
1.0004310324
1.0042496577
1.0035280692
1.0008262457
1.0006483095
1.0021177472
1.0023292999
1.0030327405
1.0051320890
1.0042668927
1.0023150459
1.0011591457
1.0020332551
0.9987554694
1.0010341884
1.0041801032
1.0031064523
1.0024929692
1.0030906911
1.0026179412
0.9989087019
0.9975649632
0.9984353983
0.9957784250
0.9970528176
1.0005905185
1.0019555430
1.0031099713
1.0040763694
1.0038784211
1.0020886545
1.0015246846
1.0029979090
1.0031226780
1.0015038676
1.0007141663
0.9974513120
0.9984955459
1.0018264846
1.0002720969
0.9976661907
0.9971992205
0.9948026604
0.9934701374
0.9964641781
0.9990114869
1.0003706030
1.0022152635
1.0027917137
1.0019411347
0.9996966220
0.9997321699
1.0011791796
0.9996220131
1.0004435019
1.0013777822
1.0021139694
1.0010936460
1.0019081222
0.9999918896
0.9987947911
1.0007773052
1.0022570659
0.9997505835
0.9974624903
0.9947983004
0.9883494322
0.9799006724
0.9733682818
0.9720906915
0.9787182460
0.9892474944
0.9935651040
0.9971731390
0.9994236733
1.0023874431
1.0003031007
0.9979561364
0.9967574312
0.9989095014
0.9989661648
0.9997718298
1.0000960603
0.9996811251
0.9981512146
0.9987267259
1.0004362929
0.9990087707
0.9973436285
0.9998461277
1.0023423996
1.0012358746
1.0006671788
0.9975619443
1.0001761833
1.0017478849
0.9953676779
0.9946902071
0.9948339647
0.9986982968
1.0038022350
1.0061884272
1.0041224649
1.0009285293
0.9997784088
1.0018950433
1.0025968882
1.0014684544
1.0010008261
0.9978963670
0.9949677584
0.9950067864
0.9965954257
0.9950530121
0.9989035997
1.0003519093
0.9988420891
0.9965378196
0.9968456228
0.9952016123
0.9949669973
0.9971689843
1.0003047927
0.9998941703
1.0014936420
1.0013089366
1.0006035515
1.0023672790
1.0009747018
0.9980419196
0.9980331981
0.9996881192
0.9985658088
0.9988796257
1.0031508003
1.0056066256
1.0029201784
1.0052337324
1.0020176316
1.0034937918
1.0024052324
1.0025626685
1.0034996308
1.0017789992
1.0007460593
1.0008869013
1.0028722226
1.0049019531
1.0035265384
1.0016658920
1.0014246026
1.0019489688
0.9976926976
1.0013145883
1.0027510064
1.0023057133
1.0042117074
1.0013202837
0.9973799148
0.9993739349
0.9989295822
0.9997131158
1.0015411923
1.0008966628
0.9979000485
0.9960528726
0.9956870576
0.9921513609
0.9871247097
0.9878564353
0.9910537404
0.9931966158
0.9971284636
0.9972093654
0.9977923272
1.0009576174
1.0006417898
1.0035936582
1.0005340776
0.9997171640
1.0019082011
1.0035688333
1.0010663512
1.0009583950
1.0022710606
0.9975237713
0.9858945950
0.9727316028
0.9643549676
0.9621754328
0.9617786817
0.9656469091
0.9697124055
0.9739887281
0.9784004082
0.9830356581
0.9926900157
0.9961325578
0.9969525872
0.9965716635
0.9979759579
0.9993104926
1.0009955608
1.0005618514
0.9998680348
1.0012241686
1.0041621487
1.0035237503
0.9990610325
0.9980503732
0.9994380383
0.9991668841
0.9951153698
0.9960447558
0.9990922143
1.0013032911
0.9967732416
0.9932281610
0.9951717879
0.9865735903
0.9815667571
0.9732718176
0.9503191394
0.9179930824
0.8816733521
0.8385243108
0.7891833576
0.7518071797
0.7444207552
0.7693075674
0.8251601611
0.8948413387
0.9512366712
0.9835987792
0.9919554105
0.9912427882
0.9900538170
0.9966156854
0.9968908345
0.9954439888
0.9955630152
0.9972803370
0.9985330407
0.9981033947
0.9966739566
0.9982291680
1.0019587773
1.0028754374
0.9997002738
0.9960860149
0.9958362078
0.9963869406
0.9940284841
0.9912395599
0.9895895392
0.9855697046
0.9802680502
0.9790189567
0.9802398974
0.9814165871
0.9818915010
0.9850312800
0.9868682003
0.9883560812
0.9904108714
0.9933377685
0.9960663535
0.9963263891
0.9943805537
0.9937721241
0.9949803640
0.9951950759
1.0005872433
1.0009967911
0.9980700061
0.9964372629
0.9972119991
0.9928802315
0.9865447269
0.9890155309
0.9871880295
0.9864302897
0.9914646299
0.9923905999
0.9935099185
0.9958134573
0.9962393916
0.9963428617
0.9978869118
0.9978138355
0.9933219873
0.9903703385
0.9865562776
0.9852027867
0.9827746831
0.9818058769
0.9818384954
0.9782578293
0.9764869186
0.9725644030
0.9725439350
0.9791525115
0.9869270251
0.9959406902
0.9985231695
0.9973386447
0.9963776416
0.9940289388
0.9901935251
0.9853252658
0.9821713028
0.9838427365
0.9847881618
0.9889695794
0.9942476740
0.9926969382
0.9900882683
0.9886034552
0.9898794772
0.9940712920
0.9926600874
0.9927422104
0.9928482095
0.9890006054
0.9848172274
0.9840038222
0.9855163019
0.9878589562
0.9913637127
0.9961882757
1.0004350584
1.0011375704
1.0004901766
1.0016301803
1.0040918728
1.0033566616
0.9992767643
1.0038404266
1.0042198816
1.0032526787
1.0012577799
0.9994019818
0.9989331215
0.9972703521
0.9964523631
0.9978147349
0.9985105850
0.9987693021
0.9998790940
1.0007930170
1.0029408389
1.0041751095
1.0013754131
1.0005172926
1.0059655608
1.0006507450
0.9973488430
0.9970930704
1.0005197571
0.9977144623
0.9957728962
0.9951554696
0.9932193325
0.9927021378
0.9964931993
0.9962363234
0.9927743953
0.9903950877
0.9891542774
0.9899207272
0.9905425684
0.9948913666
0.9957511090
0.9934181934
0.9960916369
0.9993508166
0.9933679103
0.9957051027
0.9986426455
0.9976326045
0.9941489732
0.9931704020
0.9943211777
0.9938787273
0.9964466699
0.9972364377
0.9972045049
0.9989139484
0.9991259218
0.9994789000
1.0002900585
0.9999387718
1.0005624792
0.9999509656
1.0020114399
0.9994589704
0.9993880596
0.9997654414
0.9979769395
0.9989346010
0.9962762936
0.9981148767
0.9959410746
0.9959559921
0.9987521346
0.9998199601
0.9992561420
1.0002452237
1.0016186332
0.9998168449
0.9979632814
0.9993719467
0.9993728390
1.0026531928
1.0038603593
1.0024954444
1.0003850572
1.0003786846
0.9978563099
1.0011780451
1.0026074634
1.0022429894
