#flux
0.9995669436
1.0016970232
0.9919989078
0.9402796463
0.9516785553
0.9581463674
0.9835321479
0.9951818083
0.9994037680
1.0080539550
1.0158763151
1.0224747438
1.0205955925
0.9797730212
0.9384108355
0.9541615343
0.9956559992
1.0136054217
1.0215639920
1.0333037331
1.0399869711
1.0357898341
1.0226258653
0.9846368554
0.9652824707
0.9623185573
0.9215968232
0.9003075617
0.9259753054
0.9501688135
0.9415943542
0.9457483282
0.9568568245
0.9646885565
0.9678925325
0.9766004394
0.9810131611
0.9550116926
0.9348698453
0.9460404987
0.9547011260
0.9597009780
0.9849369539
0.9534193718
0.9636916495
0.9828981939
0.9879236970
0.9753252101
0.9594534889
0.9645175522
0.9900427857
1.0214398284
1.0353731171
1.0109374230
0.9834875040
0.9982597742
1.0457870037
1.0759347160
1.0461873552
0.9857656631
0.9659486006
0.9738570201
0.9959400349
1.0030998390
0.9579239527
0.9517038722
0.9654791002
0.9553826028
0.9074647071
0.8326340643
0.7984528884
0.8255867314
0.8654313906
0.8846621594
0.8937902635
0.9319797495
0.9910035855
1.0112961497
0.9954119638
0.9891100981
0.9841890277
0.9830971503
0.9462634409
0.9270128599
0.9625672646
0.9676535087
0.9329337640
0.9189839085
0.9277348304
0.9001751124
0.8899400040
0.8961053090
0.8794360830
0.8713089375
0.8785842603
0.8766395711
0.8680408063
0.8663991485
0.8704080613
0.8580746909
0.8203442784
0.7950860520
0.7909880762
0.8384775185
0.9110297451
0.9629504821
0.9820993545
0.9906111042
1.0097619362
1.0225510880
0.9908480878
0.9458475094
0.9178523644
0.9202911821
0.9195459166
0.9280829478
0.9523667925
0.9533777645
0.9607285466
0.9917464144
0.9871676849
0.9916617126
1.0013692178
1.0459864695
1.0485008598
0.9842767604
0.9719795822
0.9553792209
0.9472358404
0.9916868208
0.9590430815
0.9442992384
0.9386042061
0.9248812598
0.9168439822
0.9154790580
0.9121558696
0.9139780359
0.9425338211
0.9895179036
1.0095789636
0.9817838616
0.9420906587
0.9874455746
0.9936092140
0.9489811397
0.9422959254
0.9452817150
0.9501027550
0.9558776905
0.9497252546
0.9696738011
1.0025062023
0.9938639038
0.9596758578
0.9338097695
0.9130272431
0.9083405602
0.9206767185
0.8945458523
0.8454464290
0.8714637388
0.9425291514
0.9339685551
0.9060595650
0.9181720235
0.9252341558
0.9241500827
0.9298086911
0.9407831567
0.9511941542
0.9623721150
0.9485586347
0.9020506011
0.8677044706
0.8487051432
0.8341696354
0.8533348700
0.9054214622
0.9537975842
0.9937647797
1.0077514846
0.9773460425
0.9643933796
0.9874229301
0.9825328597
0.9938413413
0.9779197611
0.9458684457
0.9289756222
0.9290865773
0.9416851219
0.9594304455
0.9620345658
0.9531305690
0.9338227405
0.9061046188
0.8813075744
0.8482591924
0.8110084082
0.8138357328
0.8059636812
0.7448799540
0.6618146500
0.5967193249
0.5389915345
0.4389588983
0.3667526527
0.3132950945
0.2771031837
0.2328563411
0.2174664413
0.2355975732
0.2383821493
0.2138975555
0.2117714942
0.2315536566
0.2562360656
0.2909500794
0.3072141805
0.3259613068
0.3614111023
0.3897030406
0.4585252137
0.5807349699
0.6820186510
0.7140436985
0.7374928371
0.8091707912
0.8837040716
0.8936109739
0.8520795108
0.8387028321
0.8636911273
0.8753490172
0.8680627208
0.8703614314
0.8778303555
0.9159274683
0.9823994462
0.9602610587
0.9384122774
0.9416247394
0.9744934953
0.9448191383
0.9127657834
0.9348657773
0.9755773171
0.9938442761
0.9863093655
0.9796880898
0.9791860694
0.9962293851
0.9879144595
0.9563291100
0.9273987926
0.9169179385
0.9206882451
0.9155008336
0.8922682771
0.8671010041
0.8726011020
0.9356840868
0.9912690061
0.9994300790
0.9600530181
0.9750274179
0.9918649812
0.9921509757
0.9761458258
0.9730050746
1.0007374999
1.0166679338
1.0188126495
1.0027972195
1.0060041426
0.9974385894
0.9689114796
0.9629192197
0.9449928099
0.9187620404
0.9112469587
0.9291694794
0.9533311265
0.9745729758
1.0095466307
1.0404552909
0.9959192725
0.9812851963
0.9489326060
0.9745645361
1.0063220032
0.9860701682
0.9653806805
0.9830236047
0.9841557568
0.9735987830
0.9811797394
0.9877081060
1.0059638054
1.0488099707
1.0659489897
1.0248397959
1.0068907140
1.0184673699
1.0072137390
0.9744883206
0.9826109355
1.0197717735
0.9961606377
1.0278635204
1.0336423486
1.0001889228
1.0171820481
1.0403533660
0.9997097564
0.9118596994
0.8350588065
0.7934981043
0.7608827084
0.7313611791
0.7479997618
0.7894864630
0.8438331996
0.8997621130
0.9428288270
0.9717655896
0.9760549516
0.9805502263
0.9744266609
0.9689348141
0.9815011077
0.9650654554
0.9542138923
0.9414853218
0.9246148419
0.9405044352
0.9831166353
0.9938139736
0.9726057953
0.9745083615
0.9773935499
0.9608493913
0.9526837008
0.9339434823
0.8822331823
0.9135603041
0.9235934702
0.9893513938
0.9652468134
0.9408843011
0.9684660284
0.9609515487
0.9305102234
0.9448955993
0.9864626951
1.0054171334
1.0137470384
1.0138764189
0.9947320499
0.9826480192
0.9651733804
0.9760769796
0.9710575253
1.0225038075
1.0446517475
1.0067179904
0.9842450601
0.9763871977
0.9693738772
1.0116092328
1.0139061731
0.9881503454
1.0049390564
1.0236685896
0.9747679576
0.9183483357
0.8744018807
0.7859299343
0.6820136738
0.6422234757
0.6893297794
0.7798014471
0.8554729811
0.9078217875
0.9895217469
1.0260108420
1.0289724763
1.0387162333
1.0238583771
1.0124570517
0.9855530054
0.9793531313
1.0062454439
1.0129164272
0.9925095016
0.9761714861
0.9719036527
0.9734772688
0.9795203670
0.9675745727
0.9010392304
0.8067688140
0.7589226218
0.7318970958
0.7518508462
0.8285293870
0.9126049203
0.9707138831
0.9986710516
1.0318826226
1.0001008246
1.0108770779
0.9926109845
0.8940539878
0.7984259147
0.7590890984
0.7473892961
0.7442340288
0.7695059794
0.8296045173
0.8956672859
0.9450567317
0.9857876403
1.0195802717
1.0470467103
1.0292172353
1.0263434587
1.0221281202
1.0099907882
0.9816889065
0.9619824815
0.9592037393
0.9623273764
0.9590416345
0.9579865869
0.9804806350
0.9771672061
0.9413944615
0.9385077195
0.9638858613
0.9752727332
0.9666289319
0.9728618631
0.9751120833
0.9821925894
0.9681420567
0.9454522025
0.9539614412
0.9599840658
0.9569671750
0.9743349833
0.9927495133
0.9629977920
0.9684237202
1.0018943503
1.0132949933
1.0177710260
1.0199987232
1.0002730273
0.9867127071
1.0059053663
1.0261251306
1.0238113508
1.0293538613
1.0399876244
1.0402686871
1.0267902242
1.0287106270
1.0119444858
1.0249295492
1.0194529882
1.0130210881
1.0126039686
1.0314010953
1.0324492825
0.9970206623
0.9935588627
1.0252791560
1.0097180705
0.9580753409
0.9539123328
0.9933886594
1.0207788473
1.0369445408
1.0410431265
1.0125780082
0.9890246862
0.9901221590
0.9846395337
0.9675391530
0.9595794071
0.9693230926
0.9986733371
1.0368500612
1.0546434932
1.0643390087
1.0558785102
1.0326165099
1.0179949334
1.0029056058
0.9874343696
0.9732675357
0.9328136767
0.9116450230
0.9577629360
1.0161999571
1.0225006239
1.0021044227
1.0157934309
0.9964001609
1.0279172066
1.0358966440
0.9802770760
0.9746904623
0.9600531298
0.9300421921
0.9090096489
0.8905574524
0.8701482910
0.8456251768
0.8341291196
0.8554355686
0.8940478307
0.9608463375
1.0115392827
0.9994598229
0.9383145277
0.9528957914
0.9594625680
0.9750180153
0.9933591377
0.9975770219
0.9636816881
0.9329277134
0.9293878045
0.9357746656
0.9476918196
0.9547489810
0.9615380173
0.9767190868
0.9936286617
1.0208479412
1.0023863443
0.9914857084
0.9622234211
0.9757504518
0.9624021837
0.9681226985
0.9764806028
0.9689157907
0.9738239430
1.0040750465
1.0202177378
0.9914351075
0.9903051592
1.0285093013
1.0276034907
1.0107566286
1.0009747909
0.9566560460
0.9335087918
0.9679322546
0.9712745709
0.9676850675
0.9900253040
0.9991633670
1.0166139084
1.0562900608
1.0598797116
1.0559682333
1.0327786946
1.0234007348
0.9860420634
0.9718036690
0.9814775871
1.0043855384
1.0290982355
1.0074128039
0.9893545544
1.0228194568
1.0314822449
1.0158257449
0.9844607352
0.9405541556
0.9210237586
0.9296000228
0.9979252234
1.0206852650
0.9880232868
0.9799976345
0.9926638531
0.9657476777
0.9120298634
0.9173328038
0.9540431973
1.0000155811
1.0166211015
1.0032547415
0.9841247313
0.9641861799
0.9553445940
0.9337577512
0.8512047168
0.7853960341
0.7686736337
0.7443095140
0.8058082716
0.8198104025
0.9072408304
0.9832041766
1.0055821109
1.0198247964
1.0403180849
1.0268775614
0.9917649440
0.9702707712
0.9828820611
1.0045209004
0.9954890925
0.9766108326
0.9756592764
0.9755976337
1.0015019732
1.0214239558
1.0361017151
1.0355944556
1.0394605414
0.9853372992
0.9608219699
0.9803197702
0.9822775083
0.9838819628
0.9912032402
1.0027663449
1.0143111652
1.0173547327
1.0100939152
0.9948570238
0.9952055141
1.0135935945
1.0163165054
1.0038085791
1.0020284036
1.0028304050
0.9584462790
0.9721670496
0.9854878823
0.9797391595
0.9683151329
0.9640170179
0.9538331911
0.9663397099
0.9994279301
1.0073375107
0.9938412986
0.9959098612
1.0097254626
1.0136387323
1.0170120981
1.0336976679
1.0386007434
1.0191662517
1.0110677212
1.0069756804
1.0188324639
0.9661621823
0.9578064526
0.9762639198
0.9982354521
0.9675574243
0.9485801322
0.9867355412
1.0183504333
1.0209384831
1.0328338342
1.0587902055
1.0560776332
1.0288358511
1.0089022765
1.0110163333
1.0239202790
1.0399385096
1.0632091092
1.0313398358
0.9934521704
0.9437030522
0.9493284443
0.9142151397
0.9195052891
0.9979240499
1.0223920986
1.0096822309
1.0255024422
1.0303038931
1.0303691071
1.0369766552
1.0377462489
1.0403191682
1.0349339181
1.0211535664
1.0222339933
1.0330754338
1.0323653429
0.9970411159
0.9651432892
0.9453434360
0.9331161791
0.8982321046
0.8307710553
0.8146668288
0.8440508198
0.8101810367
0.7249709471
0.6565777699
0.6027271707
0.6272060548
0.6812610918
0.7588630594
0.8544391552
0.9116851184
0.9166209298
0.9134814832
0.9348597905
0.9555801985
0.9852699498
0.9801085535
0.9405996300
0.8752545189
0.7798985548
0.6918683550
0.6388037768
0.6483219028
0.7352774280
0.8288570292
0.8770885572
0.9343548423
0.9894338830
1.0102534709
1.0306987296
1.0490286133
1.0255745654
0.9936442451
0.9815718709
0.9628723565
1.0069579894
1.0467480790
1.0090897638
1.0029188796
1.0141863274
0.9778868250
0.9191909465
0.9061024398
0.9145826147
0.9110725338
0.9173818837
0.9484059721
1.0065864174
1.0548807392
1.0242726174
0.9699562003
0.9787867501
1.0040845786
0.9974189289
0.9728827284
0.9642562485
0.9772028714
0.9277271181
0.9212460256
0.9571029417
0.9513830154
0.9551144980
0.9560804112
0.9673530686
0.9617980210
0.9422704995
0.9636358701
1.0143848872
1.0427634972
1.0318373223
0.9961471774
0.9915033325
1.0192419821
1.0008257844
0.9721784941
0.9485586266
0.9556061674
0.9405102929
1.0256923922
1.0445009822
0.9559537051
0.8627399738
0.7992411093
0.8188581228
0.8776080941
0.9416696091
1.0118795066
1.0764530546
1.0898153939
1.0607695295
1.0307770995
1.0143826145
1.0054308847
0.9861790805
0.9702350631
1.0063241548
0.9907859146
0.9388311693
0.9263997190
0.9263774845
0.8517148487
0.8711595858
0.9155936003
0.9386930418
0.9680506064
0.9773255115
0.9471854142
0.8733216164
0.8356366191
0.8412444388
0.8714561435
0.9075200035
0.9192917082
0.9455839695
0.9999609514
1.0092190090
1.0030200524
1.0173720810
0.9974247966
0.9859766353
0.9769246132
0.9921153286
0.9837558981
0.9853518424
0.9512398435
0.9540254161
0.9969883860
1.0142784741
0.9872740223
0.9829909086
1.0118023756
1.0062601989
0.9894738676
1.0172922656
1.0189115983
0.9892902961
0.9474220788
0.9422186430
0.9914087579
1.0035918938
1.0282930633
1.0463841335
1.0429424624
1.0429986794
1.0537478137
1.0683185969
1.0454835637
1.0264446384
1.0036613360
0.9791184284
0.9666546766
0.9798241665
1.0126059351
1.0374806979
1.0543811648
1.0515946153
1.0535770069
1.0319576111
1.0024885418
0.9440538477
0.9984104175
0.9918685238
0.9824693765
0.9800143768
1.0005195448
1.0032778062
0.9908375118
0.9931677953
0.9890168658
0.9811659757
0.9921436874
1.0049979544
0.9987005672
0.9947344374
1.0079922192
1.0092063579
0.9933929716
1.0083124384
0.9802685466
0.9258741544
0.9229015379
0.9030551616
0.9549733070
1.0088997331
1.0532351036
1.0362544813
1.0135695810
1.0024413756
1.0238522164
1.0416274927
1.0201354992
0.9881220551
0.9709462438
0.9815925265
1.0228018292
1.0226810732
0.9922579160
0.9194075754
0.8550145144
0.8271334211
0.8306336592
0.8503048382
0.8627679477
0.9066394527
0.9702573974
1.0082140811
1.0110501554
0.9805887447
0.9870870974
1.0330913373
1.0520348628
1.0259936373
0.9911212307
0.9549847419
0.9316189105
0.9694209378
0.9914730356
0.9952351050
0.9886360069
0.9839560194
0.9962938664
0.9882357103
0.9235256237
0.9368201472
0.9486006683
0.9398585166
0.9563847528
0.9513504474
0.9676685649
1.0180994120
1.0408362245
1.0320786263
1.0242018133
1.0027567136
0.9640397180
0.9362986134
0.9218762075
0.9158120295
0.9329290142
0.9458805865
0.9348040543
0.9479560357
0.9764405713
0.9861729361
0.9615471799
0.9382952046
0.9161231041
0.9138665008
0.9379757537
0.9811915719
1.0198113629
1.0314305754
0.9990291472
0.9706915024
0.9709176796
0.8919405650
0.8230687581
0.8481349808
0.8406599641
0.8966113845
0.9265655916
0.9445914398
0.9621390875
0.9819964849
0.9721576752
0.9876750369
1.0258744043
1.0378406593
1.0347542369
1.0205339035
0.9714181619
0.9148947915
0.8762049838
0.8295073217
0.7650453433
0.7160932530
0.7395093174
0.8068873758
0.8354301377
0.8589004326
0.8944843058
0.8824743214
0.8456722316
0.8116671448
0.8020731953
0.8288505240
0.8581906789
0.9158767478
0.9571626645
0.9911796674
1.0290285706
1.0441228218
1.0254971572
1.0024861060
1.0006462852
1.0057190368
1.0044377276
0.9975453503
0.9755268432
0.9407121528
0.9662929758
0.9443503170
0.9345826882
0.9231338159
0.9467334347
0.9801553057
0.9740560726
0.9846763717
1.0003451124
1.0155091598
1.0332091864
1.0342738651
1.0457198480
1.0527299017
1.0063967730
0.9774481344
0.9696789245
0.9574278220
0.9829906594
1.0014074487
0.9718353148
0.9589572200
0.9446369645
0.9498011320
0.9714863922
0.9914485127
0.9858888173
0.9598106548
0.9347881257
0.9322530035
0.9756822172
1.0108073239
1.0117392259
1.0092407540
1.0186846217
1.0415351098
1.0227948752
0.9914799571
1.0134952689
1.0490422845
1.0583176505
1.0516926925
0.9870502574
0.9358443813
0.9515600672
0.9334698007
0.8875116753
0.8718445111
0.9113927128
0.9338570851
0.9349805216
0.9341445638
0.9241315903
0.8841743550
0.8469517934
0.8630989738
0.8683265692
0.8965925864
0.9385830258
0.9854500324
1.0447074170
1.0134486821
1.0089374114
1.0044307307
0.9914409113
0.9900886974
1.0118589072
0.9943777955
0.9942567410
0.9974863912
0.9785720127
0.9530965031
0.9556671859
0.9740874715
0.9713280478
0.9605052322
0.9607562734
0.9835520840
1.0205675890
1.0266232912
1.0516165411
1.0307393302
1.0111160712
1.0272675861
1.0095431074
1.0016970675
0.9889705936
0.9503046649
0.9336497449
0.9578769814
0.9870276013
1.0027616475
0.9990692545
0.9680982056
0.9480273281
0.9708534625
0.9832003380
0.9839334648
1.0062114112
0.9941129867
0.9907814479
0.9942499235
0.9951504967
0.9958172954
0.9757117874
0.9657584032
0.9725766089
0.9808748117
1.0004280848
1.0074279539
0.9928019890
1.0010198939
1.0176010226
1.0065633637
0.9912872831
0.9825425694
0.9593037246
0.9426688965
0.9696227349
0.9103578621
0.8993026281
0.9757478434
1.0033109911
1.0017512144
1.0242751747
1.0515005192
1.0107088774
0.9877541230
0.9589216634
0.9495537048
0.9483789021
0.9494138466
0.9551824651
0.9746825789
0.9948082547
0.9945477595
0.9919835512
0.9682447060
0.9906029878
1.0053642133
0.9636744303
0.9591759765
0.9803049307
0.9984899075
1.0009703749
1.0028254544
1.0039436528
0.9957894457
1.0000482211
0.9936079590
0.9813567866
0.9683006824
0.9614071395
0.9731844046
0.9824370330
0.9800963115
1.0072854012
1.0422776310
1.0378182454
1.0139221463
0.9925812817
1.0507651318
1.0309620138
1.0061241805
1.0480805828
1.0350125546
1.0288990119
1.0100043218
1.0116913082
0.9845121130
0.9731147872
0.9834472015
0.9958994540
0.9792261814
0.9449176990
0.9543540769
0.9961104572
1.0433164376
1.0711709539
1.0618572274
1.0326286838
1.0114209844
1.0167057992
1.0075470135
0.9946043020
0.9786437224
0.9751101060
0.9695589371
0.9911497932
0.9810130276
0.9609759367
0.9581824073
0.9430454496
0.9228689244
0.9475589270
0.9974974563
1.0135462763
1.0225843041
1.0400257878
1.0111190848
1.0146817633
1.0480872518
1.0230623095
1.0112605407
1.0456666846
0.9810431597
0.9629990213
0.9979428458
1.0009820994
0.9614585387
0.9822633330
1.0352072739
1.0420139959
1.0250144852
1.0125690823
0.9965127334
0.9907480778
0.9779326450
0.9511395388
0.9232683330
0.9054927725
0.9134363821
0.9599807896
1.0183998942
1.0571908648
1.0340374175
1.0090338188
0.9952376365
0.9778866890
0.9813108561
0.9969605530
0.9836889513
0.9686726713
1.0024804240
1.0309338685
0.9932454661
0.9426341535
0.9020562931
0.8402130684
0.8018344051
0.8186959833
0.8379723185
0.8889021433
0.9200302479
0.9599389395
0.9785016965
0.9815022967
0.9887923568
1.0181466361
1.0142641055
0.9900467985
0.9943180603
1.0066507927
1.0242636093
1.0423512387
1.0380944778
1.0104743178
0.9459755378
0.9108744958
0.9303773971
0.9612788713
0.9490012645
0.9352996617
0.9381856357
0.9717732670
0.9812505175
0.9790040177
0.9933241598
1.0164670323
1.0339013005
1.0379443816
1.0144452445
0.9769319052
0.9523451294
0.9765569693
0.9991480297
0.9736366697
1.0002141320
1.0187310704
0.9803248278
0.9463787013
0.9062540572
0.8791695245
0.8395755623
0.8784329856
0.9245601796
0.9870860902
0.9787965987
0.9640480578
0.9755631037
0.9853500400
0.9711081996
0.9930716152
1.0324871139
1.0229227690
1.0018702171
0.9908030525
0.9663381124
1.0093858563
1.0102533601
0.9864459725
0.9939382595
1.0108808228
1.0370882594
0.9817046221
0.9004669570
0.9318909295
0.9817247233
0.9946309121
0.9984184252
1.0080125719
1.0081482730
1.0059817431
1.0088005644
1.0144475459
1.0267877631
1.0321935335
1.0197152316
1.0249844918
1.0267067989
0.9829262095
0.9392753524
0.9021300127
0.8924136202
0.8799841717
0.8592082996
0.9070262969
0.9582605571
0.9529344010
0.9697289204
0.9873706491
1.0063681550
1.0142500471
1.0072851961
0.9926841917
0.9889715340
1.0032997904
1.0027699370
0.9926793042
0.9851059817
0.9634066482
0.9989390193
0.9933466817
0.9867264733
0.9955950343
0.9889998270
0.9968874744
0.9350001495
0.9196297075
0.9197426067
0.9525640703
0.9694410530
0.9679881578
0.9429597754
0.9261746040
0.9288420173
0.9140202693
0.9110587352
0.9293569783
0.9441658660
0.9645539289
0.9579731896
0.9022297867
0.8492420635
0.8786546833
0.8753920096
0.9113812929
0.9504048705
0.9711814619
1.0028944039
1.0435270148
1.0297804958
1.0134484898
1.0051742658
0.9815192800
0.9597371137
0.9541974955
0.9347867548
0.8638926420
0.8156548937
0.8213727498
0.8164651956
0.8096909431
0.8327906321
0.8317196382
0.7802702751
0.7646327287
0.7700504418
0.7698868605
0.7921879479
0.7875434927
0.7699961164
0.7803221929
0.7999015185
0.8446266990
0.9114082963
0.9377418069
0.9237798536
0.9137115840
0.9270936288
0.9662920818
0.9644762915
0.9793958335
0.9776232658
0.9716526340
0.9370762302
0.9265366350
0.8385885112
0.8650620533
0.8982677523
0.8827547720
0.8881754272
0.9374527297
0.9686394224
0.9385193869
0.8994517247
0.8908989648
0.8909116518
0.9132119196
0.9524376815
1.0071962655
1.0003712089
0.9863083882
0.9765664141
0.9390502595
0.9774387511
1.0048472930
0.9895690590
0.9535671410
0.9280490366
0.9765326675
0.9806371513
0.9454433288
0.9469264507
0.9850099553
1.0017700736
0.9862882805
0.9782070554
0.9871568669
0.9957580342
0.9635554102
0.9659057283
1.0084608469
0.9558984521
1.0288307196
0.9762263706
0.9777447080
1.0599367060
1.0483040009
0.9901847102
0.9632184321
0.9744435612
0.9520638945
0.9169434816
0.9207090063
0.9240198721
0.9100111803
0.9227220078
0.9393100004
0.9512148388
0.9917124836
0.9609065193
0.9697483726
0.9621273354
0.9726785572
0.9698325741
0.9973514735
1.0036844116
0.9650764747
0.9203230321
0.9431176753
0.9834289853
0.9827209644
0.9496004844
0.9468098445
0.9571447135
0.9524740670
0.9743018135
0.9823445906
0.9256599892
0.9194142000
0.9306192878
0.8938704361
0.8160219650
0.7845974643
0.8083631099
0.7841961539
0.8001098685
0.8093361003
0.8194978892
0.8714225467
0.9037905011
0.9042565122
0.9111099815
0.9338005028
0.9542685524
0.9629232162
0.9570711678
0.9602598838
0.9952413037
0.9910701343
1.0027261295
1.0165524016
1.0014896155
0.9755132645
1.0070198554
1.0064374375
1.0062346128
0.9872039980
0.9614795862
0.9564648045
0.9559028795
0.9898472480
1.0120422389
0.9765577572
0.9605475033
0.9717694757
0.9490131112
0.9408979101
0.9582814219
0.9803663721
1.0159717714
1.0060315995
0.9949793796
0.9734265247
0.9572783253
0.9630824082
0.9710795693
0.9425266437
0.9232251968
0.9405137561
0.9466044704
0.9618709907
0.9593972816
0.9278277856
0.9192931420
0.9283715681
0.9205361995
0.9453384603
0.9981880207
0.9729569570
0.9412504351
0.9496138182
1.0117675800
0.9985150056
0.9509047378
0.8886045114
0.8620959495
0.7906739624
0.6816240185
0.6092343508
0.6186530148
0.6985395714
0.7934929795
0.8729891478
0.9142010014
0.9253687922
0.9357966619
0.9387968483
0.9167861967
0.8773272189
0.8824803379
0.9055837108
0.9512585964
0.9409059065
0.9500618166
0.9646840386
1.0214878966
0.9941117766
0.9490625742
0.9361447842
0.9619623040
0.9620980720
0.9377339284
0.8931424772
0.8766868601
0.8996919266
0.9168765223
0.9500451109
0.9946741109
0.9641445585
0.9432509346
0.9792300326
0.9626673671
0.9447973951
0.9668082223
0.9645395588
0.9971271611
0.9720376333
0.9778227363
0.9354084104
0.9068874857
0.9326303128
0.9578274814
0.9508741221
0.9676751284
0.9978793300
1.0047757556
1.0082229026
0.9892681701
0.9587055743
0.9361614037
0.9020277745
0.8498539210
0.8420937266
0.8626947380
0.8781542499
0.9170964749
0.9124655044
0.9314651095
0.9704072678
0.9698557751
0.9770772769
0.9858165510
0.9723483802
0.9540425721
0.9610128470
0.9561944612
0.9245075484
0.9250785106
0.9252113378
0.9286504632
0.9000743657
0.8463941938
0.8217799965
0.8348302825
0.8391637996
0.8404671623
0.8864709003
0.9262757321
0.9384665860
0.9716675923
0.9486832874
0.9140848647
0.9160727778
0.9395940290
0.9303913599
0.8896596130
0.8729115971
0.8950818404
0.9419902692
0.9632875908
0.9801384204
0.9823438593
0.9655838602
0.9289773780
0.8945727684
0.9125955736
0.9341036776
0.9393727728
0.9713784196
0.9839509967
1.0063655145
1.0123737961
1.0147166637
0.9913478761
0.9524318483
0.9469001359
0.9631593583
0.9778757571
0.9944980336
0.9806327385
0.9348290534
0.9143663839
0.8807369718
0.8927060306
0.9436093841
0.9273445986
0.9527735356
0.9979013183
0.9934614241
0.9773993766
0.9294490974
0.9330222555
0.9437336325
0.9378034011
0.9390602871
0.9654987981
1.0054720471
1.0174277076
1.0115528384
0.9981070738
0.9731022035
0.9591397026
0.9247301581
0.9152227940
0.9491937700
0.9587519421
0.9572587691
0.9920626914
0.9287629085
0.9126828759
0.9046534856
0.9068533014
0.9151122635
0.9166550000
0.9291316971
0.9334107929
0.9279569257
0.9597115246
0.9882938810
0.9677245051
0.9385870709
0.9592091561
0.9387470073
0.9409355527
0.9823578598
0.9757518390
0.9428946164
0.9353121728
0.9217196410
0.9376577942
0.9398995431
0.9411883386
0.9533070820
0.9311552158
0.9028947419
0.9225550593
0.9569905972
0.9687970334
0.9678071279
0.9330950364
0.8839823919
0.8940512458
0.8827139171
0.8699221406
0.9045005274
0.9454923232
0.9540295911
0.9520343967
0.9446632214
0.9632928446
0.9797712477
0.9771428335
0.9743044271
0.9862843193
0.9762381913
0.9514198988
0.9459738595
0.9510449117
0.9702862162
0.9698968065
0.9004832086
0.9010364169
0.9352937103
0.9853523095
0.9872257171
0.9652837680
0.9563333611
0.9550313322
0.9896609319
1.0499779835
1.0492748876
1.0114870367
1.0021661357
0.9836133671
0.9613985773
0.9434384071
0.9277832689
0.9344323030
0.9387302940
0.9507179956
0.9680718974
0.9382663049
0.9314174315
0.9291088753
0.8740270434
0.8388245738
0.8925654621
0.9778210906
0.9619175249
0.9298359838
0.9114051733
0.9207562984
0.9475894897
0.9408959694
0.9410746300
0.9646782116
0.9670562765
0.9520172263
0.9477213122
0.9455224996
0.9081579749
0.9172048999
0.9332442948
0.9529749564
0.9452193352
0.9527816281
0.9789894626
0.9951911326
1.0196240781
1.0298673521
1.0173525705
0.9799979123
0.9383934684
0.9267188585
0.9187145668
0.9260482183
0.9669833752
0.9721779579
0.9343012653
0.9520864789
0.9801645675
0.9388073825
0.9403115114
0.9863785161
0.9559866909
0.9494887846
0.9908497250
0.9632525983
0.9217647301
0.9181458857
0.9226865056
0.9027605565
0.9167814085
0.9602802269
0.9666712522
0.9337555545
0.9079085284
0.9103938090
0.9409757426
0.9782018796
0.9749413378
0.9271451269
0.9350824049
0.9489402315
0.9469258552
0.9238897841
0.9425259065
0.9465659815
0.9128033375
0.8925648412
0.9159268988
0.9665984859
0.9529326937
0.9190376411
0.9085318058
0.9212938556
0.9246607867
0.8941831580
0.8719913160
0.8710890149
0.8463936864
0.8474184428
0.9072994701
0.9405890993
0.9318474760
0.9506803362
0.8990283450
0.9007495839
0.9193641283
0.9655824390
0.9388051251
0.9353946646
0.9724108144
0.9612992006
0.9308522935
0.9453967407
0.9814212404
0.9784092365
0.9447051992
0.9306517970
0.9217407056
0.9497633787
0.9409001775
0.9518876466
0.9439504728
0.9540510883
0.9798540759
0.9645984445
0.9248784659
0.9239912674
0.9236806837
0.9136685926
0.8928656688
0.8259904315
0.7483706089
0.6720152747
0.6118091444
0.5947731222
0.5990130705
0.6091454970
0.6543865506
0.7921983851
0.8837769247
0.9096993245
0.9076973631
0.9492013905
0.9882693395
0.9755216682
0.9813533363
0.9722838044
0.9371467174
0.8935113253
0.8813618162
0.9027734466
0.9396916808
0.9599708826
0.9523296886
0.9457752045
0.9547636210
0.9640598510
0.9744561162
0.9702123002
0.9482594054
0.9331988014
0.9538112987
0.9366089969
0.9234630457
0.8922313168
0.9193226256
0.8972623101
0.8726027791
0.8619203484
0.8591690888
0.8721464029
0.8933423798
0.9170524880
0.9381518083
0.9367901290
0.9182593073
0.9170302591
0.9372351610
0.9691153956
0.9799345325
1.0110466332
1.0036309894
0.9364527547
0.9846149461
0.9495634078
0.9073100723
0.9081924696
0.9095364300
0.8979206403
0.9016181349
0.9492009218
0.9838362037
0.9759509191
0.9570275578
0.9514921593
0.9429638688
0.9206590252
0.9097356958
0.8991483494
0.8986989751
0.8571016391
0.8583247008
0.8850961258
0.9112784492
0.8896869166
0.8949502261
0.9081544280
0.9122410326
0.9273288501
0.9416896054
0.9684653795
0.9799324786
0.9701382474
0.9479562782
0.9324509870
0.9339008372
0.9312588463
0.9249778891
0.9161270725
0.9099013297
0.8984014333
0.9080067090
0.9028172640
0.9210448647
0.9564276821
0.9156945031
0.9532148923
0.9722103233
0.9304890196
0.9361370037
0.9657503857
0.9504556670
0.9113066925
0.8871431173
0.8832136406
0.9027745126
0.9448804816
0.9792350075
0.9687763433
0.9426606065
0.9569636898
0.9598484494
0.9662379020
0.9399205504
0.9676904277
0.9984670612
0.9757904693
0.9277831274
0.9396466929
0.9473606228
0.9456309641
0.9571215092
0.9835481457
0.9926126731
0.9936074294
0.9890059307
0.9534759979
0.9421019199
0.9729166979
0.9863157711
0.9886620759
0.9791062125
0.9696742799
0.9376610548
0.9666254185
1.0141980213
1.0058683956
0.9854601740
0.9563380590
0.9759547074
0.9922906829
0.9851045314
0.9876187591
0.9951097483
0.9776011323
0.9537288735
0.9544845591
0.9578461719
0.9558140372
0.9705428034
0.9557304516
0.9802830315
0.9584737795
0.9577451920
0.9334519370
0.9583918810
0.9553098958
0.9568075430
0.9599506180
0.9562997970
0.9696026944
0.9776730155
0.9821046140
0.9941578562
0.9754093811
0.9516472547
0.9744483782
0.9910828325
1.0020185552
1.0079348046
0.9600519387
0.9805986297
0.9662974325
0.9901609701
0.9741567253
0.9897921511
1.0021482967
0.9770349526
0.9649084948
0.9732999977
0.9759474514
0.9755235425
0.9741291003
0.9636220606
0.9341440705
0.9221552419
0.9532149310
0.9627857537
0.9365412068
0.9541516800
0.9821351113
0.9480387162
0.9334255541
0.9780324932
0.9877642575
1.0095404720
0.9842512046
0.9970609950
0.9816464094
