#flux
0.9934126375
0.9731499327
0.9517235500
0.9416239702
0.9374818233
0.9405534080
0.9493972877
0.9608657603
0.9756647229
0.9891943673
0.9911545461
0.9918933884
0.9835623083
0.9742900968
0.9686189838
0.9706196820
0.9763494798
0.9816653037
0.9918243024
1.0016452468
0.9953420128
0.9778296182
0.9586326149
0.9328272522
0.9039589164
0.8706522002
0.8399926893
0.8230261625
0.8277102229
0.8587278005
0.8977415881
0.9422314063
0.9708421174
0.9900439914
1.0016657990
1.0032614459
0.9987928615
0.9941890374
0.9880791817
0.9775059619
0.9653929556
0.9533780132
0.9434509570
0.9437188370
0.9422992546
0.9435654600
0.9533740550
0.9643098977
0.9712198462
0.9683385385
0.9724724714
0.9650327822
0.9689567480
0.9715895237
0.9720822163
0.9771114867
0.9835120644
0.9885976933
0.9892214940
0.9854856410
0.9798278746
0.9691031723
0.9633757714
0.9666326625
0.9715977173
0.9654349903
0.9407948656
0.8976055640
0.8344213934
0.7642257909
0.7253954823
0.7284909405
0.7607818436
0.8158032373
0.8739428890
0.9154534919
0.9389987096
0.9482736430
0.9471031637
0.9413241277
0.9331809885
0.9284367325
0.9346979021
0.9362489516
0.9364164080
0.9360036350
0.9309414148
0.9295536647
0.9055137681
0.8715153996
0.8539768871
0.8462900889
0.8564656336
0.8740317366
0.8878451079
0.8956723119
0.8930226740
0.8696936769
0.8219529299
0.7655415925
0.7263246494
0.7182539307
0.7423558322
0.7969903025
0.8701813807
0.9376508420
0.9785491760
0.9924362007
0.9945465490
0.9985177500
0.9714518175
0.9348494584
0.9100100489
0.9002375241
0.9088943063
0.9331998339
0.9598940250
0.9806512497
0.9872249718
0.9870687594
0.9902973148
0.9857955636
0.9748607132
0.9643677158
0.9650897949
0.9730645250
0.9784559071
0.9790022834
0.9678014424
0.9636785260
0.9527585307
0.9384246418
0.9162592144
0.8932542148
0.8758255858
0.8652281994
0.8654910932
0.8820215927
0.9082960497
0.9320512494
0.9454691828
0.9512785751
0.9596090460
0.9637690770
0.9648982759
0.9669703721
0.9670243154
0.9610840576
0.9584122748
0.9686749173
0.9768421450
0.9763584875
0.9823940103
0.9910592100
0.9935138694
0.9828029813
0.9565461777
0.9205920095
0.8877703206
0.8663417023
0.8578707754
0.8670188699
0.8911007266
0.9119950708
0.9345639869
0.9557250571
0.9671593117
0.9636745473
0.9449654054
0.9262349310
0.9262440682
0.9156566682
0.9142211349
0.9056405208
0.8891023525
0.8696774647
0.8544299294
0.8524300231
0.8657824421
0.8851397566
0.9072360087
0.9316979571
0.9464289821
0.9532265963
0.9609989759
0.9675295829
0.9636531592
0.9568940276
0.9566319477
0.9558530942
0.9497627961
0.9499478946
0.9439510228
0.9334875479
0.9327913630
0.9285234333
0.9196029702
0.9058678346
0.8862222383
0.8631244201
0.8333914002
0.7934654077
0.7430258322
0.6750017706
0.5979273526
0.5211594375
0.4489219055
0.3875914763
0.3320845783
0.2849609590
0.2532296802
0.2359707095
0.2264057602
0.2194624326
0.2160418733
0.2162728963
0.2245646917
0.2417320000
0.2686238900
0.3024535803
0.3376161736
0.3751141989
0.4205689129
0.4770015731
0.5450180023
0.6209843996
0.6979573251
0.7640960807
0.8239232876
0.8543590015
0.8721539376
0.8685892849
0.8467940107
0.8339309550
0.8272279005
0.8375863243
0.8580913190
0.8796246134
0.9049816779
0.9339155067
0.9523810885
0.9575844794
0.9639267970
0.9689505178
0.9678629867
0.9725245254
0.9776210876
0.9725383000
0.9823096275
0.9765769822
0.9780556550
0.9757967872
0.9692936614
0.9568625396
0.9406818130
0.9196846837
0.8887344999
0.8645385820
0.8537417840
0.8605402824
0.8808457174
0.9033364074
0.9233195969
0.9325572365
0.9367285144
0.9371634730
0.9393248327
0.9561911028
0.9777869525
0.9766201190
0.9902991067
1.0025833115
1.0045158724
1.0000104705
0.9955925400
0.9927338445
0.9902085860
0.9857392792
0.9786461934
0.9717646712
0.9690300338
0.9736638968
0.9852057869
0.9928841633
0.9889762214
0.9905931393
0.9892370817
0.9865278052
0.9775048482
0.9696345504
0.9742801259
0.9800995550
0.9924128464
1.0034030594
1.0035496958
1.0044914260
1.0022489066
0.9998168328
1.0061962118
1.0146512976
1.0148865191
1.0124764931
1.0146556375
1.0149339423
1.0119326941
1.0139769880
1.0034391763
0.9981894155
0.9953310304
1.0044715430
1.0075484939
1.0001200520
0.9852730603
0.9692574820
0.9556133103
0.9340806828
0.8994306219
0.8421779541
0.7772381952
0.7236619746
0.6957768440
0.7101506137
0.7638402021
0.8316985435
0.8965058353
0.9401854858
0.9570497755
0.9645614270
0.9561746704
0.9484419052
0.9344924507
0.9275141422
0.9153741732
0.9086566801
0.9169177486
0.9281215715
0.9389468506
0.9513526643
0.9609594011
0.9663551481
0.9621939132
0.9503288675
0.9380784899
0.9224257002
0.9048596850
0.8863411950
0.8790280753
0.8894601014
0.9022545501
0.9116411780
0.9152054715
0.9100451522
0.9164151984
0.9300144266
0.9567174420
0.9753348152
0.9866087116
0.9968826039
1.0015993669
1.0052020951
1.0087941919
1.0069463720
1.0033608013
1.0024163006
0.9991404359
0.9936029286
0.9925702655
0.9947913778
0.9853940036
0.9846021727
0.9738335253
0.9743312570
0.9772402303
0.9785676658
0.9769045838
0.9580452528
0.9028453843
0.8108917868
0.7091499869
0.6294732373
0.5918338661
0.6185812538
0.7068835179
0.8130980734
0.9030899588
0.9594225906
0.9855319660
1.0009814327
1.0099596540
1.0068629459
1.0109848408
1.0167668955
1.0164866773
1.0143450849
1.0101775246
1.0023325035
0.9977156295
0.9966627443
0.9932009615
0.9772146778
0.9359257124
0.8668637031
0.7893482844
0.7319540833
0.7161129882
0.7540539393
0.8284808390
0.8967592620
0.9549007121
0.9820074988
0.9860589661
0.9802460734
0.9667165131
0.9241449840
0.8481058186
0.7607799045
0.6810084808
0.6404065485
0.6533955894
0.7086892342
0.7804272719
0.8499096953
0.9079061698
0.9491207535
0.9772218115
0.9959901466
1.0023236943
1.0017426852
1.0015739897
0.9978315392
0.9894403525
0.9751330561
0.9778710053
0.9653538552
0.9701429152
0.9592206939
0.9366182401
0.9289812258
0.9312087990
0.9335815969
0.9391218142
0.9475581189
0.9527034189
0.9559251083
0.9628167209
0.9656666499
0.9543175400
0.9481647945
0.9450885807
0.9464030592
0.9659932781
0.9828449699
0.9942538606
1.0000590344
1.0046055013
1.0087027771
1.0033665351
0.9917641121
0.9873415169
0.9885566223
0.9878222472
0.9848210934
0.9862849945
0.9931797757
0.9992564529
1.0030213622
0.9998241530
0.9931673200
0.9914550671
0.9968549351
1.0021266802
1.0001982731
0.9970568278
1.0016966383
1.0085687780
1.0077518928
1.0093443416
1.0108747869
0.9995733529
0.9844761881
0.9732457594
0.9616794953
0.9534352290
0.9606120365
0.9809612200
0.9952319084
0.9943762918
0.9884759012
0.9816149472
0.9762999464
0.9799763136
0.9949187126
0.9910423791
1.0001716604
1.0105170796
1.0154054545
1.0046104075
0.9869352822
0.9800632779
0.9739935985
0.9553894252
0.9359615497
0.9204639359
0.9131004267
0.9232458580
0.9380428025
0.9583275008
0.9762130032
0.9927456489
0.9996038905
0.9969851696
0.9869044931
0.9667981699
0.9412646831
0.9172774820
0.8938442413
0.8685903121
0.8228249496
0.7732410545
0.7376131297
0.7298967251
0.7595773437
0.8182841360
0.8804939801
0.9261583603
0.9536845713
0.9669765247
0.9707906201
0.9731556968
0.9791817669
0.9825379436
0.9790177366
0.9800915138
0.9632749562
0.9419416790
0.9322818001
0.9390942328
0.9555190010
0.9701845996
0.9825531541
0.9920221024
0.9926743371
0.9798726117
0.9583916319
0.9407644267
0.9328086761
0.9291126793
0.9296365415
0.9368574890
0.9467944030
0.9541598938
0.9578993516
0.9526273304
0.9577621296
0.9649605740
0.9699175419
0.9774691883
0.9806294633
0.9744853876
0.9604752018
0.9418462206
0.9273315940
0.9207000270
0.9274491586
0.9469011368
0.9674965740
0.9880253173
0.9957003041
1.0027986558
1.0003637943
0.9867374448
0.9757005658
0.9655338966
0.9487590904
0.9402690045
0.9427644649
0.9456317839
0.9543552112
0.9646142890
0.9725830689
0.9852938546
1.0017432882
1.0109395831
1.0078449718
1.0012788951
1.0001446544
0.9961179863
0.9822868510
0.9730199533
0.9591784085
0.9493616776
0.9419430134
0.9309414647
0.9368146249
0.9431777564
0.9613847258
0.9888405204
1.0012782726
1.0101925162
1.0157847235
1.0042520409
0.9658355151
0.8987371479
0.8160035245
0.7468398587
0.7158186271
0.7304320634
0.7884736644
0.8642186200
0.9222372017
0.9524227619
0.9614644715
0.9675025970
0.9789046513
0.9813289363
0.9788147056
0.9756927503
0.9630730740
0.9550514458
0.9588475471
0.9672568302
0.9732650883
0.9815836926
0.9899731843
0.9893715103
0.9858272693
0.9883759300
0.9889198738
0.9833067514
0.9797786314
0.9745206528
0.9849081275
0.9913059771
0.9888790572
0.9965332920
0.9963528476
0.9948694630
1.0056466409
1.0072188737
1.0034542109
0.9968007544
0.9876078184
0.9815876043
0.9809832973
0.9846851744
0.9913279813
0.9922867315
0.9827093016
0.9760100180
0.9661611935
0.9512284553
0.9444167453
0.9345642297
0.9343727116
0.9345090609
0.9410856567
0.9472139372
0.9545883911
0.9680268208
0.9844338037
0.9950954114
0.9994623388
0.9996658083
0.9917389925
0.9776566639
0.9636048123
0.9526601243
0.9532151906
0.9628231450
0.9830035447
0.9976832705
1.0062145300
1.0102969561
1.0072241545
0.9947572283
0.9916857482
0.9973958440
1.0008014699
1.0026872551
1.0031368269
1.0006953184
0.9989231476
1.0006206165
1.0030900129
0.9970038071
0.9779783733
0.9542024657
0.9324487244
0.9160929606
0.9107329809
0.9170702473
0.9282566784
0.9395016325
0.9540232521
0.9613337689
0.9642751828
0.9716944072
0.9795846205
0.9871144354
0.9945359506
0.9960791532
0.9920281074
0.9889978789
0.9856031395
0.9830791909
0.9818516441
0.9428214675
0.8609972258
0.8344249931
0.8180176064
0.8138646908
0.8006847909
0.7613176968
0.6696521600
0.5737275563
0.5260982812
0.5471131966
0.6212147269
0.7194368796
0.8115324884
0.8763973513
0.9131903890
0.9353787503
0.9504523011
0.9528041778
0.9457805321
0.9328315865
0.8958868757
0.8278949811
0.7299486541
0.6407108244
0.5935355969
0.5966720763
0.6631646843
0.7701766188
0.8660429044
0.9288778288
0.9577730081
0.9753450000
0.9883391000
0.9911484570
0.9880442150
0.9836261614
0.9790584075
0.9801983737
0.9863022601
0.9859447214
0.9796099891
0.9771083424
0.9730645465
0.9660905215
0.9687603343
0.9619926647
0.9389598634
0.9292853308
0.9176984732
0.9210295091
0.9454099221
0.9696024131
0.9824151786
0.9875282015
0.9824072602
0.9607892105
0.9301205645
0.9043595826
0.8905469133
0.8940598316
0.9102498923
0.9216297255
0.9347248534
0.9344775101
0.9364944889
0.9535455287
0.9729059778
0.9866395922
0.9933485229
0.9898899579
0.9888061610
0.9900108314
0.9933260322
0.9915348838
0.9842434637
0.9772951087
0.9728597108
0.9678881066
0.9634224377
0.9635518952
0.9642050121
0.9566161100
0.9325173471
0.8780790887
0.8175514835
0.7834935183
0.7828916996
0.8074106844
0.8714108418
0.9413707004
0.9793920503
0.9889343242
0.9894013116
0.9892802500
0.9882573662
0.9891924129
0.9884434116
0.9824375450
0.9748003687
0.9595016024
0.9232013600
0.8780623710
0.8525532759
0.8491573892
0.8630047490
0.9046628912
0.9485500196
0.9610408430
0.9322095956
0.8582177499
0.7950601548
0.7641539110
0.7691871266
0.8099313757
0.8734660851
0.9308335542
0.9669628681
0.9723570177
0.9770763341
0.9967221399
0.9991726331
0.9942602191
0.9878828931
0.9783706715
0.9767848381
0.9793355493
0.9868575496
0.9938321168
0.9921805183
0.9863535530
0.9733068293
0.9646672858
0.9642215110
0.9681211907
0.9787339858
0.9897430534
0.9973559251
0.9960556960
0.9897257100
0.9851210012
0.9822421063
0.9829177522
0.9827317671
0.9925983815
1.0021796588
0.9971519055
0.9939284723
1.0003345818
0.9852987302
0.9739616401
0.9746015308
0.9768916876
0.9779847725
0.9835154802
0.9942897950
1.0040098788
1.0072817889
1.0055828744
1.0047668419
1.0042874510
1.0014058953
0.9949937811
0.9773611405
0.9592540590
0.9516205426
0.9342796940
0.9285959390
0.9391487055
0.9569806813
0.9810842756
0.9814127024
0.9835015952
0.9914056412
0.9971717581
1.0001754655
0.9967674040
0.9879152116
0.9753973263
0.9594085931
0.9398577974
0.9176275460
0.8991312796
0.8947992563
0.9091095098
0.9367465060
0.9631392727
0.9773679657
0.9914127852
1.0071726467
1.0037841503
1.0000601046
1.0091763750
1.0144199045
1.0119741967
1.0120920748
1.0073072467
0.9940517588
0.9804498643
0.9673827239
0.9356736639
0.8814140233
0.8279239048
0.7892896022
0.7837953646
0.8072518615
0.8605833240
0.9178171325
0.9536756314
0.9806338008
1.0021793376
1.0105117203
1.0067753241
1.0016270723
1.0011065478
0.9941640834
0.9806630174
0.9647775118
0.9439878152
0.9298514215
0.9300622533
0.9281494346
0.9150037990
0.8976089670
0.8693865750
0.8373355646
0.8253467323
0.8285206378
0.8521067245
0.9034749626
0.9405739916
0.9748340105
0.9802880855
0.9906642186
0.9895937446
0.9838916226
0.9795240431
0.9707612446
0.9572394315
0.9409304935
0.9251454496
0.9156578718
0.9127786689
0.9126229630
0.9162293295
0.9255101278
0.9326665688
0.9289729713
0.9216056194
0.9176388502
0.9196581146
0.9372059586
0.9601060899
0.9751468433
0.9841665356
0.9831904184
0.9715975725
0.9473499080
0.9011623180
0.8411120929
0.7969647149
0.7845695963
0.8046172998
0.8545540160
0.9098928647
0.9609053271
0.9873496925
1.0006196546
0.9980047908
1.0026212451
1.0062742682
1.0036106553
0.9964902596
0.9845578717
0.9614376918
0.9113242723
0.8350682984
0.7480435120
0.6716531099
0.6372563349
0.6601998918
0.7247800392
0.8034708252
0.8634355952
0.8732308464
0.8401844653
0.7913509752
0.7471406988
0.7302688887
0.7435338368
0.7826041111
0.8419397471
0.8997985814
0.9463342226
0.9752365066
0.9878086595
0.9962751450
0.9985631500
1.0001731149
1.0015900177
0.9972010213
0.9889940961
0.9844823297
0.9795327188
0.9624374593
0.9473194615
0.9415696717
0.9360563992
0.9449811675
0.9718771104
0.9867302484
1.0032628834
1.0044905153
1.0039377685
1.0061456826
1.0089987071
1.0036530266
0.9933548300
0.9834899286
0.9866687016
0.9891501111
0.9877205511
0.9921445631
0.9855234534
0.9686039461
0.9552007649
0.9488669830
0.9427187215
0.9393239759
0.9462622183
0.9478226005
0.9471337156
0.9638175062
0.9782181220
0.9847992538
0.9920241606
0.9973387870
0.9992534358
1.0014839615
1.0027769054
1.0031045342
1.0060504771
1.0085062965
1.0062633356
1.0051641872
1.0058897349
0.9999612600
0.9883868633
0.9698475500
0.9384449282
0.9046071660
0.8917905678
0.8933022805
0.8961330890
0.8826051881
0.8453431548
0.8042570988
0.7866663144
0.7976403120
0.8314630951
0.8860094337
0.9446449709
0.9813273389
0.9906812045
0.9907001452
0.9936924418
0.9828260204
0.9762688500
0.9757162478
0.9577798279
0.9611896695
0.9608103832
0.9618390569
0.9624464826
0.9694545881
0.9723946542
0.9660074135
0.9666370202
0.9692584304
0.9802371192
0.9874519344
0.9917154324
0.9992351229
1.0017085195
1.0078913618
1.0098159701
1.0019760124
1.0021425358
0.9992221274
0.9950704334
1.0017581589
1.0045395915
1.0053181849
0.9984725539
0.9982629595
1.0000641085
0.9967450682
0.9985323207
1.0066343902
1.0062045660
1.0014828102
0.9998768350
0.9972090285
0.9911466081
0.9789077619
0.9609933958
0.9476869274
0.9278381615
0.9030130545
0.8974069432
0.9028825125
0.9143448606
0.9325302941
0.9479729466
0.9605033165
0.9759747128
0.9841783626
0.9783838425
0.9679725147
0.9537218626
0.9373329188
0.9240687352
0.9192389854
0.9253203814
0.9374475438
0.9524031036
0.9713922741
0.9854855289
0.9930320331
0.9850049106
0.9636576950
0.9537543046
0.9360735666
0.9324816934
0.9431558812
0.9570558163
0.9801425249
0.9927483923
0.9975410028
0.9964452448
0.9957147478
0.9950898817
0.9898340851
0.9829143913
0.9804778787
0.9844363739
0.9844814969
0.9772373127
0.9814398436
0.9895742857
0.9913441304
0.9801433980
0.9752327544
0.9578401479
0.9566839390
0.9536665645
0.9584878074
0.9761311668
0.9913942952
0.9982706501
1.0011407102
1.0027150699
1.0049141173
1.0070408086
1.0036748450
0.9994576177
1.0050434323
1.0075865123
1.0139267569
1.0055485440
0.9988813562
0.9950786549
0.9935517961
0.9959929894
0.9950419296
0.9862220820
0.9780857736
0.9740122044
0.9707395681
0.9711443136
0.9710796458
0.9751578686
0.9844506676
0.9962155613
1.0078811999
1.0099728233
1.0108029498
1.0132911060
1.0117680140
1.0130465033
1.0022570999
1.0037617155
0.9914637654
0.9781489618
0.9696740507
0.9699323040
0.9705604854
0.9729193949
0.9756973415
0.9765915750
0.9754882407
0.9785959232
0.9809854105
0.9830932570
0.9850397880
0.9789564998
0.9819177316
0.9784144905
0.9722101765
0.9744120075
0.9746607206
0.9727813685
0.9760715501
0.9832799318
0.9812479827
0.9773816241
0.9788121023
0.9793620439
0.9764208304
0.9731601292
0.9671777013
0.9509462045
0.9336949873
0.9234120748
0.9159023805
0.9174665723
0.9321774258
0.9496871104
0.9658374196
0.9693533998
0.9486512781
0.9208847196
0.9037016767
0.8872875176
0.8965782705
0.9195496975
0.9424842191
0.9453455287
0.9215334980
0.8789675350
0.8219816550
0.7571702855
0.7020181078
0.6759726900
0.6849392254
0.7278067771
0.8002518239
0.8750756872
0.9380284428
0.9786909562
0.9893244331
0.9913843407
0.9948366852
0.9942663966
0.9983430565
0.9959242660
0.9864053997
0.9894166355
0.9991798934
0.9949074472
0.9851937560
0.9741424034
0.9546394528
0.9397376890
0.9411326660
0.9519956049
0.9704729663
0.9840478239
0.9908191248
0.9978900199
1.0005417627
1.0002694161
1.0043922366
1.0087051421
1.0114076917
1.0085135513
1.0124902670
1.0115482780
1.0053375736
0.9953586149
0.9960048887
0.9934448766
0.9748573229
0.9415052768
0.8941742606
0.8425286933
0.8113814525
0.8195382679
0.8521439845
0.9000897426
0.9443495294
0.9818565563
0.9975317034
0.9764322516
0.9789107475
0.9825700558
0.9827825185
0.9786690505
0.9768923273
0.9794568755
0.9829184439
0.9814822997
0.9824509038
0.9903193563
0.9966139140
0.9956080896
0.9890750650
0.9768701398
0.9553028861
0.9371233654
0.9265488564
0.9326116408
0.9536134719
0.9679444486
0.9898093632
1.0032470378
0.9993311373
0.9960784565
0.9966891252
0.9966146371
0.9926352698
0.9847931436
0.9696015218
0.9458786356
0.9099402933
0.8548299215
0.7991128931
0.7793648425
0.7921086483
0.8267791513
0.8923811817
0.9543040918
0.9835496461
1.0006305857
1.0035248617
1.0050528426
0.9941818746
0.9886526381
0.9904617337
0.9918648680
0.9877274743
0.9799990563
0.9686835783
0.9528255957
0.9396324820
0.9304539913
0.9205181249
0.9210848994
0.9304432211
0.9305971883
0.9336191341
0.9365813381
0.9388610397
0.9329000076
0.9153244108
0.9085117003
0.8940603806
0.8832187734
0.8763442349
0.8740643789
0.8838511585
0.8991143590
0.9193133355
0.9332296851
0.9274863133
0.9045146541
0.8670019490
0.8295768087
0.8238109107
0.8386916712
0.8762756817
0.9234094050
0.9655631670
0.9895459639
0.9929634303
0.9929296598
1.0027164034
1.0035397722
0.9928103633
0.9707162702
0.9402471647
0.8981678817
0.8498684887
0.8104005985
0.7979769728
0.8126909832
0.8232446283
0.8015942822
0.7586696352
0.7239699146
0.7110970369
0.7279903254
0.7734968561
0.8082675494
0.8000941064
0.7758342444
0.7589774784
0.7683513475
0.8047155378
0.8600883420
0.9059396933
0.9389913126
0.9591739027
0.9689632556
0.9781290581
0.9830227398
0.9784642910
0.9711614367
0.9508179668
0.9186079551
0.8827719574
0.8395492439
0.8139562214
0.8370636915
0.8672285275
0.9083480675
0.9393016121
0.9616106792
0.9742808605
0.9705329406
0.9546927392
0.9404121069
0.9331020501
0.9376831499
0.9531836113
0.9708250157
0.9822530245
0.9853723535
0.9860213915
0.9790785074
0.9636043008
0.9543395635
0.9490008489
0.9380630421
0.9370594885
0.9574647627
0.9738828932
0.9900366532
0.9873498961
0.9821392976
0.9688803695
0.9599302507
0.9633405815
0.9734798958
0.9833362921
0.9899251140
0.9918204165
0.9893377535
0.9886977091
0.9944850436
0.9977304077
1.0036703283
1.0020599283
0.9884251787
0.9827126161
0.9737088016
0.9620166979
0.9499690590
0.9482942982
0.9508659056
0.9602027162
0.9648651644
0.9639478287
0.9665732512
0.9707738988
0.9707173276
0.9660134682
0.9593870467
0.9593601698
0.9664105158
0.9696513097
0.9780466182
0.9867672217
0.9951230025
0.9943281933
0.9830153403
0.9840602398
0.9894228798
0.9871856430
0.9820394475
0.9820407489
0.9763195651
0.9651000182
0.9541382432
0.9403111780
0.9202274515
0.8847245698
0.8336714148
0.7912441693
0.7583606226
0.7400294456
0.7444585952
0.7690616008
0.8059013000
0.8532359889
0.8993442031
0.9353115419
0.9566395685
0.9628984910
0.9683859662
0.9687292167
0.9611956137
0.9558478739
0.9572085393
0.9643905584
0.9722009538
0.9765187469
0.9800071764
0.9820385098
0.9796541780
0.9797435018
0.9852542443
0.9943440147
0.9872968788
0.9825416095
0.9678560468
0.9773082435
0.9815186875
0.9761351598
0.9845034622
0.9956196189
1.0022550797
1.0023686273
1.0005439000
1.0018666454
1.0002592218
0.9934751238
0.9891984117
0.9859046360
0.9777539644
0.9678872377
0.9683338817
0.9726796912
0.9470852956
0.9204701250
0.9191104459
0.9074574577
0.9176715702
0.9342856329
0.9512900628
0.9589675781
0.9651401146
0.9651061708
0.9650285984
0.9655353610
0.9608547764
0.9569589129
0.9592853810
0.9612803294
0.9534143347
0.9127157545
0.8182773773
0.6872800072
0.5739241832
0.5129203033
0.5340643697
0.6299474582
0.7526852789
0.8574831253
0.9237861454
0.9626968346
0.9788983563
0.9762699252
0.9682676423
0.9616926065
0.9581340547
0.9608888047
0.9690079188
0.9779341487
0.9874932959
0.9956201259
0.9940767805
0.9937229081
0.9905109660
0.9722815215
0.9653253427
0.9506936437
0.9399625429
0.9224779762
0.9184440254
0.9213154017
0.9288344004
0.9327149914
0.9323188199
0.9357480429
0.9484695295
0.9616792108
0.9686338497
0.9749793535
0.9795316543
0.9809637856
0.9782133767
0.9619844888
0.9609701111
0.9639899117
0.9660429059
0.9682046060
0.9765378257
0.9954650122
0.9992775525
0.9948267516
0.9970448939
0.9897389793
0.9774067060
0.9642481729
0.9420340890
0.9080273102
0.8688037804
0.8312505150
0.8074968745
0.8170138450
0.8555432522
0.9064277270
0.9457331526
0.9683575723
0.9792966109
0.9838906684
0.9821898724
0.9874559162
0.9824937030
0.9777671036
0.9688500566
0.9576835307
0.9505011638
0.9321458017
0.8951229396
0.8460069872
0.7941880431
0.7565284969
0.7536216749
0.7924834981
0.8531372293
0.9158246117
0.9555963576
0.9800311420
0.9906784968
0.9892257869
0.9773347906
0.9774424708
0.9794180302
0.9841475294
0.9907460209
0.9878030983
0.9848753516
0.9835302725
0.9849133432
0.9839042053
0.9743543487
0.9605660069
0.9466314761
0.9394034501
0.9422402535
0.9508336822
0.9639362523
0.9713633372
0.9821465498
0.9937935738
0.9979543144
1.0016694187
1.0074285712
0.9995871550
0.9823911571
0.9701290935
0.9667401463
0.9589406054
0.9491583657
0.9439509678
0.9420933812
0.9416322144
0.9444357238
0.9588567305
0.9780845923
0.9883668731
0.9840927286
0.9838628484
0.9766175568
0.9646483365
0.9463479520
0.9322007200
0.9303840380
0.9452784739
0.9609977085
0.9637618760
0.9639076528
0.9658542528
0.9670239895
0.9658223724
0.9659631867
0.9710699981
0.9756712062
0.9739467709
0.9709738499
0.9744691117
0.9796942875
0.9706630342
0.9621640002
0.9504646899
0.9417637823
0.9309475292
0.9330375519
0.9516727396
0.9692444978
0.9769149170
0.9786477590
0.9805679464
0.9809639014
0.9801571869
0.9781447522
0.9705903584
0.9635579546
0.9662351825
0.9690904738
0.9709340709
0.9574214511
0.9324418670
0.9368807957
0.9404091932
0.9445851161
0.9604648980
0.9714238991
0.9686308722
0.9546328282
0.9253021736
0.8949943729
0.8860312450
0.8941463123
0.9057862276
0.9233769721
0.9501710294
0.9701998485
0.9696048657
0.9613833582
0.9558114251
0.9525783798
0.9447342098
0.9481041864
0.9583867414
0.9697047982
0.9726959071
0.9743195565
0.9805327305
0.9707918316
0.9617654737
0.9539639821
0.9579195923
0.9657258739
0.9731488882
0.9739423565
0.9716868239
0.9819742643
0.9934637916
0.9934798983
0.9888993138
0.9868215340
0.9878928974
0.9920247249
1.0024079836
1.0064836374
0.9930106067
0.9844072622
0.9846253713
0.9793502710
0.9765195787
0.9645087584
0.9438787817
0.9254400165
0.9186946103
0.9206638596
0.9222901305
0.9221778814
0.9218164966
0.9221638669
0.9293912764
0.9344789354
0.9288613947
0.9206606871
0.9134097275
0.9150917346
0.9308969590
0.9490392462
0.9633377875
0.9713986331
0.9733253643
0.9674393752
0.9545337605
0.9452418610
0.9446988565
0.9508577642
0.9596192920
0.9686836666
0.9777239476
0.9859031000
0.9949446413
0.9953136461
0.9980617514
0.9988663005
0.9923966320
0.9954341002
0.9774454955
0.9576357768
0.9482922431
0.9474537825
0.9481024211
0.9479999360
0.9594871399
0.9735749535
0.9804293451
0.9799062651
0.9765946466
0.9748005949
0.9760968668
0.9765939364
0.9688727557
0.9732973998
0.9788355077
0.9720021998
0.9579570340
0.9513031707
0.9486868929
0.9518456336
0.9528897850
0.9562726880
0.9407160465
0.9229989843
0.9163116264
0.9188823549
0.9245929116
0.9339400697
0.9407498713
0.9456817798
0.9585750151
0.9658975722
0.9623461161
0.9700244704
0.9712138988
0.9660028906
0.9650244177
0.9586236977
0.9679577838
0.9683676829
0.9555557517
0.9450596268
0.9235657672
0.8868255560
0.8632252652
0.8857456502
0.9052633199
0.8980425610
0.8918189282
0.9036309603
0.9244108239
0.9385901275
0.9538730218
0.9657210033
0.9716875796
0.9738262012
0.9679072997
0.9655224108
0.9638381186
0.9707591782
0.9827577064
0.9860573274
0.9941821554
0.9912027122
0.9840695577
0.9731637595
0.9610706132
0.9476138682
0.9389827335
0.9461619162
0.9605765486
0.9698417545
0.9782346243
0.9744456636
0.9718162736
0.9596869327
0.9467532119
0.9252459968
0.8846846696
0.8206794325
0.7618384126
0.6884421887
0.6106870840
0.5558076400
0.5476458243
0.5918323482
0.6779648651
0.7875656769
0.8856067619
0.9438850007
0.9681159010
0.9762922992
0.9753951787
0.9733921160
0.9793425837
0.9733724130
0.9525543482
0.9234448356
0.9112426475
0.8990762759
0.9132000669
0.9396488269
0.9674373889
0.9841969538
0.9912251207
0.9891977030
0.9806838620
0.9733511955
0.9679605325
0.9617733376
0.9528077111
0.9342996782
0.9073505240
0.8870534525
0.8714364369
0.8525547693
0.8544532014
0.8667176015
0.8874573867
0.9032819351
0.9274090130
0.9452631595
0.9551649215
0.9537204108
0.9460247720
0.9415178704
0.9407057690
0.9455341630
0.9531849802
0.9633128423
0.9740400049
0.9739476362
0.9591164240
0.9303838986
0.8944155336
0.8694558850
0.8705184404
0.8770139096
0.9005864209
0.9262075188
0.9494385084
0.9660298544
0.9726718885
0.9661699240
0.9519040868
0.9347700749
0.9209241204
0.8990374849
0.8759373640
0.8582265269
0.8471192510
0.8508096851
0.8612120267
0.8714448888
0.8741641486
0.8699064551
0.8736776078
0.8937439041
0.9239456745
0.9481543683
0.9654702241
0.9694962293
0.9652589836
0.9495626808
0.9267965800
0.9028081242
0.8863982500
0.8828108495
0.8935845877
0.9130150891
0.9272809371
0.9334177224
0.9412083181
0.9430359702
0.9289259994
0.9197289950
0.9239785904
0.9349029414
0.9441925004
0.9365194261
0.9170832996
0.8935177710
0.8859902288
0.8987138735
0.9219276762
0.9485989605
0.9664424816
0.9779156580
0.9841189344
0.9883520691
0.9894558104
0.9904322092
1.0006358852
1.0057240020
1.0063216139
0.9868882011
0.9664645563
0.9535615696
0.9477243314
0.9425831739
0.9526956830
0.9526552622
0.9596109774
0.9742880437
0.9909818037
0.9978067304
0.9891152892
0.9878816995
0.9933210667
0.9897138257
0.9798675321
0.9754624348
0.9776950311
0.9777183545
0.9736742702
0.9698723233
0.9668729400
0.9690542357
0.9800067992
0.9711961847
0.9610543603
0.9511589079
0.9398983819
0.9416418651
0.9485905630
0.9630425682
0.9752725536
0.9753399394
0.9679324285
0.9628171998
0.9577988991
0.9505919936
0.9497003326
0.9487036789
0.9349520935
0.9341520719
0.9298725629
0.9265210370
0.9304512737
0.9405525715
0.9500755925
0.9636623169
0.9793497124
0.9791854610
0.9920541925
0.9944279145
0.9934695747
0.9919338937
0.9845806676
0.9727809004
0.9665598991
0.9643831706
0.9586924402
0.9578045589
0.9613124238
0.9680115131
0.9736823657
0.9809263997
0.9797959775
0.9791990484
0.9826518127
0.9584473313
0.9411207306
0.9438232165
0.9464170495
0.9445968069
0.9485374343
0.9576314002
0.9636749188
0.9682673021
0.9745063048
0.9813001894
0.9826333084
0.9737826757
0.9687249526
0.9713977909
0.9768170467
0.9797215191
