#flux
0.9871660162
0.9773754146
0.9659974887
0.9581376905
0.9571008965
0.9613977333
0.9650707202
0.9747652123
0.9846263312
0.9882223014
0.9888500935
0.9888621780
0.9915409745
0.9820128967
0.9718243572
0.9775373852
0.9873426286
0.9885272129
0.9847556113
0.9820523923
0.9775215630
0.9654733192
0.9454984654
0.9212959633
0.8954323861
0.8652599672
0.8443456504
0.8361433544
0.8409856839
0.8661413114
0.9041886947
0.9413420421
0.9674343383
0.9851757955
1.0016130548
1.0088720763
1.0041528488
0.9963184588
0.9919018715
0.9873810777
0.9794896083
0.9710207497
0.9657329519
0.9635588027
0.9593650194
0.9644832285
0.9698896409
0.9697261748
0.9764813813
0.9853988415
0.9809400217
0.9752778622
0.9797631719
0.9881519730
0.9940278027
0.9973674955
0.9963194837
0.9896546167
0.9839147977
0.9829116688
0.9835183379
0.9830390686
0.9809964126
0.9779198369
0.9725966424
0.9585328592
0.9310673586
0.8939445341
0.8522511025
0.8030403180
0.7691755818
0.7737452420
0.8067350833
0.8527846960
0.8982495872
0.9337071000
0.9537529207
0.9575954587
0.9520660629
0.9482965059
0.9481412576
0.9474087581
0.9453438679
0.9421753655
0.9443415619
0.9474538793
0.9461127189
0.9411285581
0.9254575342
0.8935942554
0.8724485026
0.8615151167
0.8720974686
0.8862357220
0.8948907387
0.8983757931
0.8927700156
0.8720736941
0.8374265222
0.7976110131
0.7655321034
0.7558313138
0.7760096159
0.8198510265
0.8754369022
0.9259859704
0.9609029144
0.9806288360
0.9867868637
0.9818901838
0.9685074146
0.9528041049
0.9329214716
0.9189569553
0.9206908620
0.9342717951
0.9515137006
0.9690627100
0.9811419516
0.9857960644
0.9884169448
0.9908896020
0.9919232106
0.9925488265
0.9891500626
0.9853838298
0.9845442491
0.9836717121
0.9814313009
0.9749321541
0.9677591098
0.9535363036
0.9340466134
0.9177015581
0.9038581009
0.8978217473
0.9045879403
0.9188338800
0.9347445955
0.9496224279
0.9631633157
0.9694354586
0.9695297183
0.9764600050
0.9807497035
0.9801247981
0.9796918790
0.9781044546
0.9749286643
0.9795282333
0.9853211548
0.9913192619
0.9883282782
0.9824163679
0.9733106375
0.9571177966
0.9334956574
0.9063167726
0.8800504074
0.8582198914
0.8488260874
0.8618092331
0.8917498469
0.9202707492
0.9426340508
0.9604157138
0.9675489008
0.9619636678
0.9503922765
0.9410558597
0.9382276080
0.9273956025
0.9247419222
0.9181921635
0.8990051625
0.8822400283
0.8754337383
0.8780171077
0.8875790996
0.8988300523
0.9124424186
0.9308796315
0.9489327921
0.9600699073
0.9627991134
0.9626568248
0.9628579861
0.9630984203
0.9606285710
0.9539515668
0.9465526949
0.9396099952
0.9295506528
0.9234330612
0.9086965782
0.8839765630
0.8620099947
0.8352706269
0.7975216003
0.7555559889
0.7096703293
0.6535633742
0.5889271943
0.5218045799
0.4573836907
0.4024400711
0.3539527577
0.3128278672
0.2803713433
0.2566113404
0.2382023426
0.2246711595
0.2208440811
0.2185128353
0.2196037778
0.2231922428
0.2279955865
0.2385111059
0.2523583714
0.2676774367
0.2890065015
0.3189602021
0.3559899770
0.4027853408
0.4615261755
0.5226966372
0.5849832618
0.6446038667
0.6953057133
0.7378654752
0.7669625270
0.7860016799
0.8032805982
0.8200363322
0.8325559926
0.8380891504
0.8502561598
0.8714936005
0.8939328572
0.9097818073
0.9210202158
0.9352553285
0.9521658837
0.9629648200
0.9657000535
0.9709132378
0.9803362956
0.9758801941
0.9650510409
0.9670822299
0.9731836532
0.9745297237
0.9689368827
0.9584029037
0.9421811247
0.9228942908
0.9079953399
0.8938502980
0.8887482466
0.8952345584
0.9074088549
0.9216581498
0.9335544848
0.9408590100
0.9486867634
0.9563931707
0.9621383917
0.9655029700
0.9645906688
0.9813274803
1.0017978537
1.0010893555
0.9960508812
0.9965410798
0.9950254253
0.9905414865
0.9890270781
0.9905694301
0.9895866932
0.9858939652
0.9828831301
0.9823744277
0.9860321290
0.9903865714
0.9877669461
0.9843938262
0.9893421308
0.9948942404
0.9913129430
0.9837036366
0.9830806776
0.9892948005
0.9987510151
1.0054811504
1.0126546676
1.0160022725
1.0144445245
1.0137629313
1.0138156516
1.0148673360
1.0193384766
1.0229491009
1.0180820515
1.0065753615
0.9998914999
1.0031976803
1.0046920159
0.9999465578
0.9978416391
1.0017572039
1.0069198614
1.0045613973
0.9932482970
0.9757120582
0.9545148374
0.9322916139
0.8963516936
0.8538697590
0.8076626433
0.7635226022
0.7434729223
0.7579212648
0.7947139505
0.8425561563
0.8962718607
0.9434522397
0.9702272435
0.9780386737
0.9710673304
0.9682526907
0.9670748645
0.9553662139
0.9498519714
0.9533272784
0.9548879417
0.9529843282
0.9584129150
0.9722537898
0.9800364125
0.9797750443
0.9748277816
0.9631826691
0.9488974475
0.9373753565
0.9255279307
0.9168464947
0.9166055809
0.9215237591
0.9318699786
0.9439819151
0.9454880131
0.9439080407
0.9468226890
0.9605985240
0.9742424479
0.9898631711
1.0016633162
1.0078985770
1.0138211782
1.0200528240
1.0199528736
1.0110512189
1.0015577820
0.9997555837
1.0034883693
1.0050909741
1.0015089999
0.9999591920
0.9968434725
0.9885790285
0.9823287784
0.9728406094
0.9723604685
0.9792643432
0.9677011509
0.9304461284
0.8788885077
0.8122043523
0.7398307442
0.6895886583
0.6752902659
0.6957537352
0.7485086883
0.8218495244
0.8944869207
0.9525039671
0.9899822929
1.0086260107
1.0156544513
1.0116666385
1.0086352448
1.0075246802
1.0100210164
1.0046293179
1.0036570512
1.0019348239
0.9961031553
0.9839935855
0.9670055378
0.9441531797
0.9065795703
0.8532433907
0.7987933296
0.7578595847
0.7430756819
0.7655049091
0.8119236935
0.8689365196
0.9226989373
0.9600038311
0.9714053274
0.9634961850
0.9383650490
0.8916572331
0.8318546670
0.7666092867
0.7171961631
0.6920776192
0.6990157883
0.7400065636
0.8036583168
0.8675498550
0.9219393665
0.9650403295
0.9885484058
0.9968895319
1.0043538865
1.0087317846
1.0038916339
1.0041899414
1.0082317258
1.0008862660
0.9979217274
0.9909339256
0.9819023462
0.9769974136
0.9733944596
0.9689028402
0.9613159629
0.9547243127
0.9568312007
0.9624722272
0.9685873469
0.9721162943
0.9708311827
0.9724019964
0.9711392839
0.9767887237
0.9779751846
0.9850285710
0.9941333281
0.9992124642
1.0033035431
1.0085283784
1.0135579015
1.0126282281
1.0096906796
1.0079921233
1.0073271088
1.0069780387
1.0053273571
1.0070583661
1.0129664379
1.0192303388
1.0250737705
1.0287772861
1.0299158850
1.0282681729
1.0218427615
1.0183182883
1.0253698531
1.0244426459
1.0209995099
1.0131437065
1.0163422720
1.0143592003
1.0090921693
1.0049796930
1.0031417453
1.0010797318
0.9967161414
0.9919303373
0.9896182443
0.9908901888
0.9931949013
0.9945265216
0.9985332635
1.0013302960
0.9973763097
0.9959050092
0.9996986634
1.0046069560
1.0112019439
1.0214793187
1.0228588420
1.0122110503
1.0033957737
0.9954800005
0.9883090883
0.9895449642
0.9802687789
0.9628841372
0.9544941298
0.9558823407
0.9601650751
0.9660956932
0.9772376902
0.9902187369
1.0020351217
1.0076535038
0.9990173550
0.9827830514
0.9730161587
0.9574109942
0.9342151120
0.9082378371
0.8696419748
0.8284376803
0.7964621872
0.7807902898
0.7800246826
0.7965581548
0.8312431277
0.8757568200
0.9180579658
0.9490112005
0.9684210032
0.9834175592
0.9908200068
0.9904397522
0.9895117868
0.9917839931
0.9925606448
0.9794505684
0.9752890804
0.9751405962
0.9718301457
0.9729539400
0.9829452057
0.9901837432
0.9870263534
0.9834135947
0.9827825300
0.9796767609
0.9736395039
0.9662584212
0.9599559570
0.9597832162
0.9651569020
0.9691224723
0.9724665328
0.9756045115
0.9740035899
0.9759421228
0.9794339237
0.9785167930
0.9811853895
0.9863480581
0.9832568314
0.9699679078
0.9553616121
0.9528964947
0.9570523216
0.9618731706
0.9740944974
0.9900283403
0.9992790735
1.0042882078
1.0069671873
1.0034186505
0.9984135117
0.9936149538
0.9847518491
0.9816859472
0.9725982803
0.9671930471
0.9763600726
0.9874562314
0.9981186294
1.0013437469
1.0037719378
1.0092605473
1.0126736154
1.0143656074
1.0164515354
1.0128485311
1.0029478803
0.9986822448
0.9998084584
0.9916555922
0.9804521988
0.9654680784
0.9606858883
0.9668959651
0.9718004299
0.9838571403
0.9944828111
1.0005571777
1.0006745548
0.9909619084
0.9721271593
0.9395614150
0.8880243442
0.8272909859
0.7792203134
0.7611237459
0.7763031427
0.8159366097
0.8680053380
0.9169478591
0.9507673597
0.9710008264
0.9819438558
0.9893818115
0.9942556799
0.9971557969
0.9970012493
0.9910536314
0.9867725783
0.9894809714
0.9957558094
1.0018427766
1.0059790874
1.0090933694
1.0095613161
1.0062561834
1.0039745683
1.0001946031
0.9916678079
0.9931099044
0.9979405210
1.0005138729
0.9960786816
1.0001713993
1.0067036574
1.0092115077
1.0098731832
1.0087772385
1.0066544180
1.0073312686
1.0117974213
1.0140480063
1.0100661831
1.0035195405
0.9980934521
0.9939023213
0.9940643608
0.9978211006
0.9929058219
0.9865566093
0.9796027656
0.9667721860
0.9648783972
0.9654013462
0.9636156910
0.9665487167
0.9661132829
0.9709621512
0.9864721702
0.9938307645
0.9975430967
1.0019563975
0.9992214771
0.9903966432
0.9852862215
0.9857198708
0.9882490091
0.9927104243
0.9973317731
1.0013640719
1.0044081542
1.0062615243
1.0091966987
1.0135743143
1.0144141366
1.0133683134
1.0158531392
1.0162243285
1.0148370803
1.0161683677
1.0192011563
1.0176502376
1.0148263215
1.0070236613
0.9923039279
0.9785842356
0.9648932829
0.9496140666
0.9417351070
0.9401581488
0.9413357499
0.9449789064
0.9586012077
0.9745568968
0.9723756256
0.9755098316
0.9840966115
0.9919076328
0.9926699898
0.9942978122
0.9933543080
0.9922243059
0.9898972151
0.9857097052
0.9729922993
0.9474225661
0.9192127931
0.8931980112
0.8688518165
0.8474324029
0.8220027838
0.7852498754
0.7319508497
0.6647945929
0.6141319782
0.5951140989
0.6143232850
0.6675348241
0.7405550767
0.8135866333
0.8750380112
0.9203502855
0.9451208003
0.9571644468
0.9636439558
0.9551204495
0.9168201677
0.8466804746
0.7666153706
0.7068295095
0.6678338405
0.6484590204
0.6625259345
0.7104848867
0.7845802983
0.8564511366
0.9092974012
0.9518668914
0.9771069229
0.9920961852
0.9966459902
0.9954164901
0.9933763449
0.9930084842
0.9952335636
0.9969249209
0.9921073552
0.9833034797
0.9818444334
0.9841661653
0.9843155798
0.9768154895
0.9673058627
0.9606469323
0.9495782260
0.9484185788
0.9590043630
0.9737650470
0.9852592984
0.9918747152
0.9915452111
0.9846103317
0.9698821547
0.9539335199
0.9396426058
0.9310010856
0.9335568497
0.9405391035
0.9509145338
0.9632790583
0.9657836408
0.9622250158
0.9693816632
0.9867301642
0.9979519279
1.0007636608
1.0004658002
0.9978130645
0.9986289578
1.0015531266
1.0007154168
0.9952046172
0.9885614523
0.9838072310
0.9785597378
0.9740736783
0.9718303975
0.9649809099
0.9516106589
0.9314475954
0.9059686874
0.8750469847
0.8535992459
0.8501486887
0.8695895869
0.9014006008
0.9368261977
0.9710739365
0.9906323025
0.9919471299
0.9891690588
0.9907051221
0.9920820333
0.9940716564
0.9925671479
0.9787444371
0.9569915555
0.9348034279
0.9096003826
0.8891000593
0.8863103476
0.8961736534
0.9123908055
0.9248645781
0.9143704025
0.8983720021
0.8706021436
0.8316232365
0.8092916375
0.8157962367
0.8438634365
0.8848739628
0.9285077295
0.9659505006
0.9918986838
1.0013377523
0.9998263576
1.0002598221
1.0033297174
1.0070208651
1.0010670095
0.9936268900
0.9996751858
1.0011310999
1.0073978487
1.0051655879
0.9987486224
0.9913632256
0.9852170906
0.9811554230
0.9847075385
0.9918141487
0.9979856153
1.0041078947
1.0056550596
1.0011240860
0.9995386871
1.0031677317
1.0040751568
1.0025834691
1.0015154204
1.0040551867
1.0095660760
1.0012313014
0.9965374748
0.9908505188
0.9936266348
0.9938821234
0.9962907621
0.9924759460
0.9988559659
1.0062224952
1.0113079802
1.0150805769
1.0156375851
1.0123869919
1.0059060280
0.9976138167
0.9906599082
0.9848282693
0.9763788748
0.9683441517
0.9639147243
0.9625205937
0.9738321614
0.9872586551
0.9886169775
0.9997597268
1.0114320251
1.0183334146
1.0158324693
1.0074652825
1.0003449873
1.0003225104
0.9935035523
0.9754414000
0.9585659075
0.9492868769
0.9471080631
0.9448112745
0.9512577347
0.9727404274
0.9885723684
0.9982395165
1.0062392070
1.0111549927
1.0073743738
1.0034697816
1.0009470471
1.0063076779
1.0152881780
1.0158090267
1.0072656395
0.9950861839
0.9799303138
0.9546273470
0.9156388785
0.8754001746
0.8464943037
0.8274021757
0.8276583965
0.8485684091
0.8881511377
0.9210558150
0.9617194702
0.9815982572
0.9964114408
1.0157925008
1.0160434076
1.0131399327
1.0102946283
1.0041099440
0.9983991881
0.9891106227
0.9743895775
0.9583970329
0.9464963000
0.9397088276
0.9311963075
0.9147831571
0.8911156827
0.8730419554
0.8721258093
0.8819915110
0.8984647106
0.9250425994
0.9522695920
0.9716282367
0.9837043015
0.9908119479
0.9937392209
0.9987684644
0.9929954546
0.9868804341
0.9790793399
0.9620066223
0.9416611974
0.9260010133
0.9175833966
0.9157164075
0.9230851416
0.9301875119
0.9355920899
0.9430647269
0.9503299557
0.9454844117
0.9538748637
0.9660028111
0.9704370349
0.9819696532
0.9842290716
0.9766752249
0.9607202598
0.9344190177
0.8994885557
0.8650167973
0.8417561958
0.8346075381
0.8457626821
0.8771938132
0.9181534409
0.9500893118
0.9712198534
0.9897839644
1.0021435769
1.0017523472
1.0004829237
0.9940026414
0.9838398521
0.9636545210
0.9377542725
0.8930751569
0.8318452019
0.7681107838
0.7184591514
0.6953317907
0.7082417779
0.7495748553
0.7948226674
0.8311861596
0.8485260561
0.8354331393
0.8062586859
0.7806343206
0.7768234015
0.7935286939
0.8245961779
0.8663055426
0.9133148761
0.9462631134
0.9666843503
0.9885594810
1.0034588802
1.0080710768
1.0075975090
1.0065505051
1.0053347298
0.9994662142
0.9876821773
0.9783951766
0.9752396804
0.9702362286
0.9634653103
0.9644230002
0.9751156419
0.9893478469
0.9938309406
1.0000589074
1.0045906605
1.0094705514
1.0031505688
1.0018464250
1.0035925321
1.0047954834
1.0015167412
0.9971575276
0.9958121499
0.9989492059
1.0034176730
1.0000962056
0.9922673260
0.9809173404
0.9701079141
0.9685586101
0.9665702858
0.9649891097
0.9654189047
0.9758018050
0.9791324811
0.9901604325
0.9932044749
0.9982957030
0.9997686208
1.0024768927
1.0064381563
1.0038116662
0.9982605640
0.9989776394
1.0037173088
1.0065297812
1.0065731235
1.0012582195
0.9966323029
0.9899081595
0.9717507265
0.9553145037
0.9414086319
0.9231499266
0.9130903124
0.8994363904
0.8714867364
0.8448807293
0.8266539968
0.8183831924
0.8264300985
0.8529714719
0.8904278619
0.9285178931
0.9561399050
0.9694877143
0.9805083515
0.9890724196
0.9898948289
0.9869938088
0.9734735562
0.9764212256
0.9820892286
0.9782218226
0.9747699523
0.9733291335
0.9792160257
0.9839050943
0.9861395698
0.9863027643
0.9892873587
0.9934331973
0.9973109311
1.0019533043
1.0090813825
1.0148116534
1.0084027542
1.0034341926
1.0031633124
1.0143656098
1.0091222804
1.0107552326
1.0091309597
1.0037210598
1.0004909908
0.9984358259
0.9964306485
1.0023295570
1.0019054183
1.0006610526
1.0067583107
1.0104109591
1.0070403544
1.0021363311
0.9986536304
0.9948516410
0.9871737119
0.9783946827
0.9631032260
0.9523098236
0.9465470197
0.9478452562
0.9518328261
0.9507774879
0.9579709963
0.9609113898
0.9647882669
0.9734176648
0.9759739892
0.9748161370
0.9713738372
0.9661847118
0.9616110621
0.9556680574
0.9504668078
0.9535864960
0.9608425893
0.9665403680
0.9750433559
0.9847046572
0.9850348881
0.9756627148
0.9743510006
0.9702779267
0.9623245918
0.9618578037
0.9666280627
0.9725940315
0.9827919604
0.9916753726
0.9987630459
1.0010169837
1.0015083309
1.0037183151
1.0021918881
0.9945949192
0.9883853359
0.9890174550
0.9882355507
0.9855428904
0.9910564907
0.9921124736
0.9897663440
0.9878410886
0.9746463202
0.9711515138
0.9753760208
0.9783642728
0.9791356329
0.9860601661
0.9929563175
0.9954724310
0.9977863182
0.9988434358
1.0013856846
1.0085566739
1.0096893173
1.0061066495
1.0028332163
1.0043149125
1.0050190483
1.0040385884
1.0004491564
1.0024922770
1.0040312966
0.9990366908
0.9905189207
0.9929612878
0.9875225328
0.9787021039
0.9744552995
0.9732518004
0.9740219394
0.9803094773
0.9898590571
0.9981814618
1.0075829534
1.0128430972
1.0083685041
1.0077475280
1.0025272483
1.0031562842
1.0057055629
0.9926937566
0.9871151472
0.9878848785
0.9888081956
0.9838095914
0.9841801148
0.9883875715
0.9958984044
0.9999367466
0.9971993733
0.9894565484
0.9829082972
0.9847189914
0.9901359761
0.9925935419
0.9953771137
0.9827641708
0.9685817972
0.9742257169
0.9811634507
0.9796644655
0.9886917505
0.9899749979
0.9870550425
0.9925068147
1.0282151720
1.0520766096
1.0256200962
0.9864313591
0.9631437844
0.9521057179
0.9468989651
0.9435068250
0.9419367091
0.9422429022
0.9464832273
0.9523219581
0.9523014371
0.9500145638
0.9436850464
0.9394226323
0.9339573132
0.9313647569
0.9345503309
0.9373315561
0.9301263137
0.9213815195
0.9059449081
0.8733664026
0.8310980668
0.7873803695
0.7475002427
0.7257391645
0.7314430587
0.7591157520
0.8040550848
0.8590465944
0.9093855084
0.9446475022
0.9686308598
0.9842905351
0.9889559237
0.9970859185
0.9961839712
0.9953726766
0.9963648788
0.9992649904
0.9936913912
0.9869263245
0.9821179734
0.9745428175
0.9649643318
0.9594863615
0.9629267401
0.9723717342
0.9799694557
0.9848722054
0.9881000603
0.9969669427
1.0020099464
1.0032124609
1.0037262409
1.0092586652
1.0087961260
1.0057608699
1.0006145507
0.9927054626
0.9872824701
0.9856082447
0.9839917255
0.9769233752
0.9631462170
0.9406388869
0.9091943684
0.8819822806
0.8686016866
0.8704273055
0.8869985266
0.9140323127
0.9481903082
0.9742171262
0.9835778859
0.9835141586
0.9787767228
0.9779447479
0.9745369559
0.9783673815
0.9908872508
1.0023610055
1.0037778752
1.0001518667
0.9959988618
0.9921844091
0.9906089524
0.9868377536
0.9802566800
0.9710614996
0.9645934159
0.9598721244
0.9591764420
0.9673142865
0.9828218082
0.9875638307
0.9957352104
1.0010276723
1.0039814996
0.9985526412
0.9944110044
0.9960681617
0.9947130574
0.9855825117
0.9673789185
0.9413088423
0.9116893837
0.8793444501
0.8502508544
0.8356644648
0.8399235608
0.8613367974
0.9000232245
0.9391718419
0.9661388790
0.9823525961
0.9830632627
0.9799845313
0.9834265838
0.9862568066
0.9865513284
0.9892886109
0.9909977238
0.9862011996
0.9775515274
0.9700821941
0.9617103552
0.9492619758
0.9387369102
0.9357149180
0.9417395933
0.9504455654
0.9505155390
0.9493054137
0.9452948626
0.9473709931
0.9471309896
0.9394444916
0.9270095150
0.9167283425
0.9096790701
0.9106947676
0.9188571144
0.9290043691
0.9348823771
0.9333603848
0.9259217840
0.9121337296
0.8899753506
0.8686644513
0.8705022396
0.8854925212
0.9087822601
0.9315681815
0.9564544196
0.9794022009
0.9894606676
0.9887653882
0.9869935811
0.9851751305
0.9729232903
0.9554602197
0.9322836357
0.9052135526
0.8758437474
0.8498027598
0.8360182077
0.8294417414
0.8213683488
0.8085598907
0.7793039092
0.7586597596
0.7544004896
0.7605980991
0.7758536730
0.7891565727
0.7900234733
0.7860832583
0.8000414613
0.8217161643
0.8493345244
0.8841276461
0.9158046587
0.9419695154
0.9594966774
0.9679534918
0.9724380093
0.9721722785
0.9689577311
0.9624114153
0.9440216359
0.9254480028
0.9050649913
0.8843509356
0.8820590863
0.8923161634
0.9061739668
0.9259559971
0.9493832772
0.9669850335
0.9687678089
0.9616972303
0.9549677801
0.9505049176
0.9500198524
0.9554647413
0.9622275044
0.9652094187
0.9684615187
0.9749503693
0.9786486189
0.9764529896
0.9697816414
0.9649632919
0.9603098542
0.9633836215
0.9641830699
0.9657298710
0.9670778520
0.9711004413
0.9806461060
0.9844019736
0.9833904399
0.9828718721
0.9828409724
0.9847851618
0.9881954164
0.9899085519
0.9931448800
0.9975368596
0.9964406749
0.9909119834
0.9892389911
0.9907500206
0.9897748890
0.9897301471
0.9817319353
0.9688239941
0.9641120750
0.9623472667
0.9612277723
0.9608296386
0.9603710091
0.9568322822
0.9537840545
0.9573335174
0.9619656954
0.9610778698
0.9629519703
0.9699675472
0.9707710450
0.9732461229
0.9778042728
0.9822740935
0.9834842167
0.9763931386
0.9730365098
0.9785579952
0.9815389744
0.9846255369
0.9891250659
0.9909116205
0.9847994154
0.9753737661
0.9647823520
0.9518031414
0.9350955316
0.9113014488
0.8809079611
0.8500194760
0.8248007460
0.8108640678
0.7984583115
0.7982847436
0.8177363188
0.8424351881
0.8826256144
0.9140594332
0.9377053858
0.9568669874
0.9677093268
0.9694030969
0.9674748519
0.9665921424
0.9680072901
0.9696304951
0.9731149638
0.9793891343
0.9814903653
0.9790167055
0.9785255398
0.9829428906
0.9895202145
0.9896684451
0.9916765935
0.9882678113
0.9840769847
0.9874037094
0.9866516615
0.9843564838
0.9804646762
0.9819501557
0.9865938074
0.9878130732
0.9877106492
0.9905430076
0.9964413084
1.0001276689
0.9969315129
0.9919767195
0.9865129169
0.9808582684
0.9800510396
0.9745620256
0.9773382921
0.9716893755
0.9688779951
0.9574990822
0.9570296982
0.9587354064
0.9629885137
0.9678820962
0.9694770185
0.9710515010
0.9720039682
0.9702382551
0.9674187086
0.9638114376
0.9612288357
0.9612643505
0.9483894352
0.9121054026
0.8582304723
0.7863401777
0.7053919676
0.6444504606
0.6148829071
0.6269083122
0.6810163716
0.7532971154
0.8318967388
0.8937349975
0.9383409072
0.9634861127
0.9698288573
0.9673162634
0.9678867907
0.9724189078
0.9746351567
0.9772836237
0.9831214241
0.9918965286
0.9969674909
0.9895300421
0.9916426678
0.9921038363
0.9729483276
0.9500615305
0.9327491145
0.9032022004
0.8656725129
0.8378009826
0.8317167182
0.8561061335
0.8973229413
0.9294899726
0.9486401010
0.9635633308
0.9738367856
0.9815822584
0.9887508995
0.9891045743
0.9871968624
0.9920033963
0.9878408536
0.9848056671
0.9825816125
0.9860815598
0.9900552856
0.9904984335
0.9910862749
0.9923683273
0.9928193597
0.9872433076
0.9809868674
0.9766281426
0.9645038887
0.9400469075
0.9128121192
0.8895408090
0.8687556131
0.8600468803
0.8671008938
0.8803469616
0.9074749022
0.9402621167
0.9630250760
0.9740985667
0.9794854060
0.9793474220
0.9737719314
0.9725538058
0.9736491313
0.9708697675
0.9645260561
0.9513178344
0.9257996523
0.8928846877
0.8622594526
0.8361322808
0.8185765976
0.8208127995
0.8381959189
0.8696712075
0.9030284185
0.9450847424
0.9770128562
0.9867510989
0.9872874371
0.9777171394
0.9708000567
0.9739198985
0.9870104254
0.9929577882
0.9905439403
0.9895265849
0.9876225019
0.9817971657
0.9766025660
0.9751945806
0.9796022787
0.9783245904
0.9654600260
0.9627913969
0.9682742130
0.9719380990
0.9747542894
0.9846870462
0.9856753631
0.9909634433
0.9966219077
0.9924688499
0.9882351517
0.9853291522
0.9800678783
0.9743898628
0.9689967285
0.9604872947
0.9523453116
0.9506690027
0.9518682294
0.9582598267
0.9708185197
0.9783522004
0.9849467824
0.9855678445
0.9881285427
0.9915904068
1.0008648080
0.9854883083
0.9670834863
0.9549350282
0.9541573751
0.9619385038
0.9708343535
0.9749532231
0.9759212754
0.9792187247
0.9828285032
0.9820362306
0.9795306228
0.9774762953
0.9836751667
0.9793890156
0.9761589112
0.9760248186
0.9732999049
0.9623910279
0.9522773621
0.9532332510
0.9567145002
0.9570536032
0.9687259009
0.9802037376
0.9841303905
0.9878616195
0.9904818357
0.9903070181
0.9898103347
0.9878684570
0.9864491524
0.9839176165
0.9804391521
0.9687504321
0.9608706115
0.9645614612
0.9696778050
0.9658900788
0.9659806041
0.9678315550
0.9689796234
0.9654452737
0.9566339069
0.9450923232
0.9292987012
0.9199073027
0.9173348543
0.9157868942
0.9220086956
0.9399168009
0.9580344275
0.9667711702
0.9738337240
0.9738831225
0.9745655731
0.9676435123
0.9684101906
0.9732968818
0.9749839947
0.9801800588
0.9842958634
0.9923208321
0.9997801534
0.9938284732
0.9834888807
0.9788163842
0.9755095722
0.9747227925
0.9807618451
0.9868739931
0.9874870817
0.9870866969
0.9937100359
0.9941996415
0.9978082694
1.0018634725
0.9977900007
1.0047821660
1.0061223283
1.0041377176
1.0021862947
0.9967044534
0.9928660956
0.9856288314
0.9757399651
0.9682177257
0.9611460294
0.9550037987
0.9486646597
0.9420676983
0.9434006157
0.9451785330
0.9419539013
0.9406342062
0.9469539843
0.9438851110
0.9302647269
0.9252609694
0.9287252921
0.9280601440
0.9362902485
0.9495885097
0.9683776523
0.9838898275
0.9864750563
0.9838619273
0.9772121984
0.9687038497
0.9673446967
0.9732742648
0.9825895044
0.9918344957
0.9951720074
1.0023622581
0.9976918714
0.9997291048
1.0050950465
0.9998458967
0.9961410456
0.9994740228
0.9939048036
0.9834127601
0.9743526732
0.9702780177
0.9734300168
0.9808807477
0.9862056815
0.9853447695
0.9862652411
0.9921244560
0.9921979660
0.9899475808
0.9876159309
0.9787746618
0.9797127526
0.9773250780
0.9770344656
0.9787648189
0.9737525640
0.9667346529
0.9652569171
0.9615712163
0.9612281354
0.9608619692
0.9562901700
0.9547135628
0.9551044668
0.9541019336
0.9543114785
0.9574294141
0.9631453497
0.9698999773
0.9741627786
0.9756101491
0.9835699192
0.9901939005
0.9822899475
0.9740564954
0.9814573494
0.9800131811
0.9758113495
0.9686939133
0.9664925072
0.9580105784
0.9449406359
0.9301964926
0.9140664197
0.9033207435
0.9043693757
0.9141227882
0.9245161806
0.9315707435
0.9407744595
0.9576981811
0.9773025077
0.9841570565
0.9815380930
0.9862740489
0.9847272661
0.9876064647
0.9923524337
0.9897759683
0.9910952074
0.9919525583
0.9901672451
0.9856293350
0.9825690108
0.9805247834
0.9749823229
0.9681856090
0.9655252200
0.9690962630
0.9779629947
0.9784141420
0.9739027761
0.9755937440
0.9789993391
0.9647559371
0.9423008733
0.9119044258
0.8759531309
0.8307914001
0.7701261958
0.7037387345
0.6470582355
0.6090043740
0.6035086290
0.6362177866
0.6978001017
0.7708628927
0.8421509363
0.9045646873
0.9438796865
0.9632129791
0.9734467541
0.9803410062
0.9848735558
0.9816102681
0.9703000073
0.9639227344
0.9538121303
0.9457648514
0.9500844669
0.9633270890
0.9811541810
0.9899574537
0.9924688870
0.9913329113
0.9890517693
0.9889662596
0.9841035110
0.9706674491
0.9557036009
0.9444599697
0.9358341005
0.9213942532
0.9028400839
0.9004676269
0.8958788754
0.8987655377
0.9091424443
0.9245661136
0.9442978399
0.9580272971
0.9560316372
0.9534618642
0.9539630260
0.9572902382
0.9668626286
0.9729739470
0.9736303724
0.9797897954
0.9795685857
0.9768162948
0.9664928187
0.9504541854
0.9345771804
0.9243437201
0.9169076759
0.9186871812
0.9300577734
0.9476026659
0.9674511766
0.9760169312
0.9754701735
0.9758277189
0.9717314681
0.9538174436
0.9306522906
0.9128780201
0.8972789162
0.8844556511
0.8774144180
0.8675696696
0.8732534263
0.8846476750
0.8938913452
0.9019115871
0.9060037240
0.9169817834
0.9313191020
0.9518675537
0.9639205508
0.9673954919
0.9633158586
0.9542419173
0.9426573892
0.9248872314
0.9123138960
0.9162045690
0.9262696479
0.9366814430
0.9497831588
0.9521237646
0.9510740360
0.9578388934
0.9570869981
0.9570122889
0.9590431202
0.9569583704
0.9544528760
0.9476610499
0.9444858373
0.9373724847
0.9329761329
0.9414590751
0.9590671224
0.9786972882
0.9895393283
0.9899243356
0.9909423841
0.9962009220
1.0010141585
1.0039065274
1.0066020798
1.0032143724
1.0055013880
1.0070034544
1.0057438635
0.9974252597
0.9901061464
0.9824322996
0.9795255601
0.9849031795
0.9937908469
0.9982605018
1.0037178590
1.0041698155
0.9995026645
0.9955591485
0.9922836330
0.9920578154
0.9942222590
0.9926940141
0.9869390096
0.9800304192
0.9822637568
0.9845998676
0.9840953756
0.9776991129
0.9766012480
0.9705365644
0.9612471424
0.9569621303
0.9527559881
0.9577429085
0.9688912382
0.9768049751
0.9817339084
0.9874702415
0.9909057222
0.9880087295
0.9801599417
0.9703305986
0.9704357121
0.9843852979
0.9885831220
0.9827639312
0.9632729130
0.9492437825
0.9622837156
0.9732916581
0.9771912071
0.9783177011
0.9841280060
0.9919657419
0.9974062458
0.9986211083
0.9968736909
0.9989856999
1.0008531288
0.9907242565
0.9792930669
0.9793766009
0.9776621551
0.9810277107
0.9892150987
0.9840877634
0.9819789604
0.9856230856
0.9845954953
0.9807728118
0.9825607880
0.9799457446
0.9716500211
0.9681095311
0.9700776721
0.9742961534
0.9752684931
0.9752535567
0.9821700195
0.9907236457
0.9908039510
0.9904393891
0.9953623864
0.9931091574
0.9883639121
0.9892697868
0.9866120975
0.9935401287
