#flux
0.9923955372
0.9907857977
0.9893387055
0.9949848693
0.9900625414
0.9821019107
0.9989810760
1.0188266785
1.0108262435
0.9847860988
0.9745032581
0.9877810960
1.0087970400
0.9920634791
0.9683704271
0.9545638363
0.9714566379
1.0009714200
0.9990372475
0.9735285498
0.9735111558
0.9810214728
0.9807440740
0.9883201115
0.9833940672
0.9849248907
1.0040104681
1.0051917995
0.9798135395
0.9772454277
0.9794164109
0.9815159622
0.9795900807
0.9863983719
1.0096596246
1.0102235148
0.9921270839
0.9891012279
0.9893850610
0.9740680110
0.9685197771
0.9690240947
0.9684089739
0.9723924438
0.9654841287
0.9615092172
0.9613718567
0.9493714069
0.9438999185
0.9765966246
0.9899939053
0.9504563613
0.9337361341
0.9378140792
0.9411693683
0.9362148855
0.9395713286
0.9599353762
0.9673306296
0.9677329748
0.9747805546
0.9827127273
0.9778973346
0.9581636565
0.9356563876
0.9181834656
0.9114894620
0.9302577488
0.9742695789
0.9900124486
0.9669738772
0.9738308550
0.9717484107
0.9580516336
0.9631156594
0.9650734217
0.9482705940
0.9534710898
0.9649856373
0.9577799364
0.9503931837
0.9498466880
0.9497401602
0.9596408463
0.9800179186
0.9885190728
0.9721549515
0.9507067808
0.9405357139
0.9142341968
0.8827223278
0.8843026536
0.8986057620
0.9081861284
0.9211393662
0.9454653483
0.9660216810
0.9702983036
0.9823952843
0.9733748680
0.9503166067
0.9471042056
0.9536406194
0.9560554267
0.9601495482
0.9530362089
0.9423033563
0.9415336286
0.9114288194
0.9049330268
0.9278317134
0.9245274584
0.9213215589
0.9400893251
0.9499029831
0.9573119738
0.9748829168
0.9755804608
0.9765102575
0.9618852625
0.9432377602
0.9398036930
0.9414257597
0.9392205854
0.9349520632
0.9299267766
0.9392150289
0.9506921397
0.9137946365
0.8840174809
0.9095718905
0.9302241412
0.9315187560
0.9117114580
0.8923890448
0.8862557233
0.8936317684
0.9101641258
0.9203001126
0.9200811137
0.9128528949
0.8989113943
0.8947737294
0.9021907443
0.8985446490
0.8879768353
0.8908707714
0.9039213178
0.8963246699
0.8661865049
0.8822073895
0.8957364351
0.8880600383
0.8680282942
0.8777727298
0.8912233045
0.8780705135
0.8622414393
0.8631856700
0.8482212203
0.8357938373
0.8442172890
0.8496992048
0.8604242072
0.8851500761
0.8843953551
0.8648773067
0.8535125264
0.8493532782
0.8512820617
0.8672159933
0.8608298316
0.8370363884
0.8567929451
0.8387258533
0.7988105885
0.7960689776
0.8181045279
0.8164059955
0.7958624515
0.7897065505
0.7881221491
0.7830652771
0.7746839796
0.7586317201
0.7489788838
0.7532040974
0.7599625842
0.7560088448
0.7488406364
0.7589348163
0.7715635030
0.7431826778
0.7322803281
0.7181159757
0.7213799398
0.7047641350
0.6930237077
0.6839914947
0.6619550928
0.6347441656
0.5920653520
0.5506839993
0.5190930483
0.4650087338
0.3940566912
0.3449022507
0.3129528625
0.2888626745
0.2544455297
0.2210225315
0.2093394094
0.1998325193
0.2077588836
0.2053724606
0.2079662341
0.2022941760
0.2122260474
0.2334633845
0.2556145300
0.2831469373
0.3222712145
0.3757001710
0.4440003406
0.5025073818
0.5340549836
0.5731870631
0.6208282260
0.6323707178
0.6333586671
0.6528382435
0.6801542822
0.6969751980
0.7121128074
0.7269325083
0.7128285984
0.7081234035
0.7079726823
0.7098219482
0.7313744950
0.7581322846
0.7720950372
0.7698417416
0.7623262219
0.7643542618
0.7730685969
0.7910831239
0.8285635849
0.8243959452
0.7992508938
0.7954730621
0.7860832249
0.7818851545
0.7840619935
0.7808417094
0.7883617160
0.8189670845
0.8350057774
0.8169048412
0.8265665813
0.8692459361
0.8916661270
0.8709751880
0.8435847604
0.8362672579
0.8365967825
0.8389859026
0.8420176838
0.8350495897
0.8312740490
0.8346587770
0.8628552319
0.8547213120
0.8442080411
0.8674560137
0.8715691899
0.8712986772
0.8855064265
0.8929663011
0.8959877669
0.9085174144
0.8997746364
0.8785253999
0.8924640717
0.9275610730
0.9336379185
0.9088830530
0.8785913684
0.8764601589
0.8981367875
0.9050390042
0.8941807455
0.8981126019
0.8971692873
0.9369576344
0.9388579159
0.9174925157
0.9050994828
0.8818585277
0.8676075261
0.8817884369
0.9069464693
0.9244736548
0.9331925123
0.9350315102
0.9240854647
0.9110838072
0.9162667977
0.9155242590
0.9292429518
0.9240691240
0.8899111672
0.8804071083
0.9085804130
0.9267385473
0.9359153927
0.9313159829
0.8900402065
0.8687063989
0.8403725849
0.8198868010
0.8382364558
0.8717269613
0.9018313822
0.9305643875
0.9484624353
0.9546331498
0.9484736181
0.9229205081
0.9317245863
0.9282304658
0.9339137960
0.9570022350
0.9568459034
0.9120523744
0.9145908517
0.9582644846
0.9791658459
0.9766350689
0.9711038833
0.9566158435
0.9554600382
0.9569068559
0.9499580940
0.9455907113
0.9493053711
0.9497009133
0.9335427726
0.9243535574
0.9333598612
0.9449220624
0.9535549769
0.9580683779
0.9487564046
0.9503586442
0.9528990525
0.9638466294
0.9740009050
0.9826593423
0.9705421997
0.9467458176
0.9381713709
0.9431813725
0.9458067712
0.9544231964
0.9692060906
0.9697865699
0.9599554052
0.9507344870
0.9499249968
0.9525396126
0.9716453872
0.9955137511
1.0082253558
1.0004701947
0.9795058079
0.9620749443
0.9565174720
0.9640914230
0.9572354537
0.9358089827
0.9397411253
0.9720465234
0.9889580434
0.9803626467
0.9756492861
0.9808087747
0.9802656836
0.9760454713
0.9793710836
0.9849886446
0.9877703163
0.9705978812
0.9485555124
0.9272795342
0.9247419105
0.9430254170
0.9718414720
0.9902738792
0.9695914639
0.9417737936
0.9427790190
0.9446918253
0.9448154614
0.9529311467
0.9499049399
0.9420955420
0.9600226238
0.9807552704
0.9649459046
0.9524483082
0.9594552015
0.9624826906
0.9663034857
0.9454403552
0.8932845746
0.8833565345
0.8877706417
0.9287295493
0.9882730529
1.0239055849
1.0250847272
1.0044675922
0.9730227089
0.9454890687
0.9378113307
0.9466799141
0.9547616336
0.9556872005
0.9506383106
0.9442394406
0.9642387807
0.9754020969
0.9937339435
0.9934260551
0.9923464501
0.9531107482
0.9417739972
0.9536164072
0.9699361621
0.9882503770
1.0019530555
1.0079481015
1.0028341198
0.9850913676
0.9740357139
0.9658483694
0.9556792792
0.9773941967
0.9718506672
0.9512303416
0.9703563470
0.9893100268
0.9872562862
0.9886678014
0.9874355904
0.9724308639
0.9692615748
0.9864026719
0.9874178164
0.9952729816
1.0054819609
0.9927700612
0.9724387505
0.9712349340
0.9861647534
0.9996140464
1.0014370295
0.9985244463
1.0133083878
1.0341029753
1.0199863578
1.0130086983
1.0195924246
0.9972498811
0.9951020403
0.9696757440
0.9553761459
0.9708161139
0.9684882255
0.9703715189
0.9796973802
0.9823059010
0.9887998711
0.9899274863
0.9687435071
0.9639707109
0.9834715193
0.9706574200
0.9575290562
0.9402648688
0.9573223027
0.9415250554
0.9476128903
0.9753376168
0.9974840876
1.0036680863
0.9956423005
0.9881362003
0.9829848422
0.9720707893
0.9701893566
0.9772659567
0.9725668633
0.9632697654
0.9622360797
0.9640098475
0.9636483825
0.9598583074
0.9582134339
0.9650044081
0.9765126779
0.9725793433
0.9660575539
0.9855322763
0.9738711730
0.9491833803
0.9480811032
0.9644927062
0.9576073529
0.9659049382
0.9783582271
0.9833146333
0.9796005092
0.9978511978
1.0248991575
1.0167120685
0.9931969200
0.9874358277
0.9846864278
0.9926188494
1.0081142746
1.0069781054
0.9861180508
0.9644760549
0.9619107580
0.9799309798
1.0102375464
1.0278140586
1.0371961794
1.0298967664
1.0147402833
1.0044249905
0.9938861862
0.9877309922
0.9955085262
1.0035614811
0.9937273861
0.9751175304
0.9674187577
0.9696430992
0.9608158879
0.9636133220
0.9454009184
0.9269975954
0.9738445573
1.0151882247
1.0039000452
0.9753821300
0.9580842241
0.9453243293
0.9267281365
0.9308543179
0.9752537181
0.9958779769
0.9822880070
0.9710732171
0.9684215736
0.9793145469
0.9905468837
0.9999928716
1.0005183489
0.9866181172
0.9850685111
0.9953885420
0.9797616991
0.9563357299
0.9571622684
0.9722378876
0.9867333381
1.0009442537
0.9855283938
0.9868234966
0.9786386362
0.9638596943
0.9798110253
1.0130534285
1.0151278751
0.9810290121
0.9614798487
0.9653724629
0.9652097451
0.9715680028
0.9833958406
0.9724352025
0.9726740325
0.9675392985
0.9652739184
0.9711627544
0.9804549523
0.9874030148
0.9789359783
0.9686932685
0.9612652074
0.9543904462
0.9558203996
0.9659790221
0.9744084266
0.9827414072
0.9966359727
1.0034245415
0.9952164422
0.9801000552
0.9806221358
0.9834954326
0.9638704293
0.9900106756
0.9558848150
0.9565650407
0.9705438672
0.9463418593
0.9267448959
0.9377791546
0.9582902682
0.9792266364
1.0002193591
1.0037635025
0.9798512721
0.9430539981
0.9249090627
0.9419930659
0.9317773296
0.9402554621
0.9790627979
0.9669449859
0.9791378631
0.9924649926
1.0034434033
1.0056439942
0.9900402852
0.9623794337
0.9447193158
0.9536608115
0.9794803312
0.9981906665
0.9959619821
0.9787115303
0.9673719756
0.9713994899
0.9782577545
0.9860897127
0.9944816100
0.9920274520
1.0011064531
0.9998973831
0.9810208196
0.9972190653
0.9941149602
0.9754432162
0.9755043629
0.9805997985
0.9822610369
0.9787546639
0.9559100977
0.9379245789
0.9396550650
0.9549173388
0.9762253781
0.9973805946
1.0068002584
0.9904156991
0.9782505469
0.9645233634
0.9506733516
0.9698010512
0.9922058268
0.9876913900
0.9931315244
0.9888171665
0.9586198355
0.9382093052
0.9295726615
0.9335839955
0.9598610557
0.9766159567
0.9704184058
0.9684225604
0.9802501514
0.9806929246
0.9714143735
0.9789340212
0.9701810942
0.9648816153
0.9698759160
0.9572640689
0.9403517850
0.9395784603
0.9463938950
0.9679948807
0.9925583621
0.9999098253
1.0034875981
0.9941937376
0.9936912319
0.9991953637
1.0082797997
1.0130297067
0.9954321057
0.9581042217
0.9310362829
0.9332330283
0.9414910942
0.9525687040
0.8964351765
0.8067542534
0.7647337173
0.8016961198
0.8601837209
0.8923183423
0.9305961479
0.9812084329
0.9932302887
0.9712347026
0.9428521953
0.9474794964
0.9666186130
0.9659251398
0.9432902752
0.9091324543
0.8751374436
0.8468852322
0.8213300610
0.8214695853
0.8515866584
0.9228883828
0.9700703460
1.0075625187
1.0210663256
0.9883878973
0.9442282561
0.9346726794
0.9659196065
0.9744338602
0.9661671810
0.9640821460
0.9647689266
0.9762192865
0.9941874499
0.9892868974
0.9804143504
1.0004773812
0.9949438994
0.9702445092
0.9571240258
0.9663948237
0.9667746543
0.9685471872
0.9885658368
1.0069297144
1.0111345482
0.9920235170
0.9640986376
0.9475834109
0.9424059389
0.9572459337
0.9702645022
0.9915374663
1.0134580711
1.0026916109
0.9693852166
0.9499116216
0.9640365839
0.9490115405
0.9582343748
0.9609200144
0.9667774556
0.9665932591
0.9467659590
0.9327234364
0.9441786992
0.9654523416
0.9765533847
0.9766155124
0.9688898321
0.9511217576
0.9318506124
0.9333416240
0.9586032910
0.9766968703
0.9691993393
0.9598004232
0.9612128667
0.9498072895
0.9289307227
0.9401972423
0.9364856739
0.9656047943
0.9588212607
0.9494068689
0.9424263257
0.9515029192
0.9672332009
0.9814580665
0.9898525141
0.9767739882
0.9549016582
0.9534765747
0.9592986120
0.9500666659
0.9541817240
0.9884121809
1.0070862314
1.0003745307
1.0024001583
1.0545438627
1.0730574816
1.0451871601
1.0186357939
0.9802000013
0.9386365373
0.9795582795
0.9956342106
0.9732912903
0.9497301199
0.9477128775
0.9583391650
0.9727664136
0.9825513309
0.9931914333
1.0060406643
1.0077324282
1.0130106488
1.0056570014
0.9640423013
0.9466256956
0.9320137317
0.9268317737
0.9225658506
0.9043594423
0.9286994379
0.9507487758
0.9261905789
0.9354613001
0.9586987670
0.9597726772
0.9332651182
0.9347882194
0.9672998725
0.9830983663
0.9749200576
0.9558354218
0.9441125593
0.9631262545
0.9686502105
0.9829580275
1.0039521721
0.9831464667
0.9625092624
0.9697486836
0.9517590860
0.9214593868
0.9266575587
0.9526109125
0.9714040072
0.9789670333
0.9948206361
0.9843660562
0.9610257416
0.9567685318
0.9556697555
0.9535701506
0.9623962990
0.9916498542
1.0190459499
1.0162294155
0.9804316423
0.9654064568
0.9554185497
0.9427264117
0.9717581787
0.9849439224
0.9615308894
0.9523507424
0.9674015868
0.9711003811
0.9724891428
0.9829878763
0.9875497024
0.9851821134
0.9764066656
0.9545889048
0.9413950309
0.9496590732
0.9700463019
0.9719711841
0.9543020132
0.9579447011
0.9760831008
0.9847329563
0.9905642547
0.9967387486
1.0007591209
0.9854089600
0.9712597065
0.9711509277
0.9655214918
0.9542645799
0.9492817083
0.9428109873
0.9328132555
0.9288336361
0.9289019371
0.9346777534
0.9365861903
0.9593498908
0.9838429969
0.9977803493
1.0121371454
1.0129670841
0.9989395720
0.9725625409
0.9648262510
0.9807473999
1.0022658171
1.0074225806
1.0177814042
1.0411270728
1.0448811688
1.0181520852
0.9772801880
0.9513786524
0.9757839152
1.0145648667
1.0059458145
1.0015189617
0.9941269076
1.0425682414
1.0514288789
0.9917648614
0.9845750870
0.9948192250
0.9940329173
0.9898951273
1.0076940299
1.0122495452
1.0076826287
0.9951543405
0.9817420718
0.9831011197
0.9926170421
0.9890382395
0.9676236868
0.9486889594
0.9585333233
0.9899124397
1.0204986115
1.0177337781
0.9826564755
0.9756357779
0.9387857033
0.9740445811
1.0227807835
1.0409137006
1.0161572921
0.9907678531
0.9781831250
0.9721138540
0.9768029603
0.9830274732
0.9784438936
0.9788457721
1.0007356682
1.0193520496
1.0044742056
0.9949681175
0.9865284379
0.9993044528
0.9708239284
0.9587454916
0.9586915888
0.9739601035
0.9784284761
0.9653700556
0.9604100587
0.9543491965
0.9355716132
0.9202736786
0.9176855978
0.9381644557
0.9756169433
0.9919471688
0.9792014319
0.9761921261
0.9863741709
0.9874198678
0.9817047122
0.9710402185
0.9671335863
0.9981224152
0.9825417291
0.9859871372
1.0174403677
1.0108399767
1.0054793525
1.0044833910
1.0008181275
1.0109885421
1.0248747671
1.0213479155
0.9964673893
0.9798470900
0.9932712240
1.0081599313
1.0198763560
1.0154910392
1.0133498003
0.9954798953
1.0076543125
1.0281947396
1.0424223263
1.0051221021
0.9968156555
1.0139690483
1.0070772756
1.0056281477
1.0058214382
1.0016888055
0.9946072684
0.9885988667
1.0001402950
1.0175048664
1.0095554241
0.9944474814
0.9975408599
1.0202059104
1.0450746665
1.0373867800
1.0178189969
1.0259001516
1.0398275144
1.0260799768
0.9979312826
0.9985546879
1.0356721789
1.0597497889
1.0273215901
0.9937864703
0.9857972462
0.9970457166
1.0112187913
1.0062207359
0.9918898703
0.9950419235
1.0049266410
0.9970124440
0.9740093264
0.9767534618
0.9949315996
0.9816067972
0.9628911652
0.9623334263
1.0024248750
1.0078739552
1.0134490745
1.0134002295
0.9939775191
0.9837310313
0.9913613527
1.0162194228
1.0388653540
1.0435325808
1.0277785791
0.9925351053
0.9785839002
0.9866406981
1.0037370967
1.0160773691
1.0105946773
1.0166407333
1.0169182757
1.0119298595
1.0176463633
1.0455158051
1.0507530502
1.0327954469
1.0289638756
1.0300032142
1.0260843605
1.0174336285
1.0129922889
1.0169678120
1.0178243427
1.0124391734
1.0100207204
1.0078851957
1.0052398481
0.9960120448
0.9851993425
1.0010528812
1.0035098233
1.0154032953
1.0491757732
1.0618079664
1.0511053428
1.0080793830
0.9696032431
0.9612620786
0.9827450919
1.0093909561
1.0164499904
1.0145591908
1.0262348341
1.0370590461
1.0314109468
1.0349756332
1.0366331430
1.0384557424
1.0376941877
1.0308344806
1.0488077347
1.0311245488
1.0174150525
0.9979615376
1.0116732689
1.0193323740
1.0261151253
1.0179022600
1.0082879594
1.0181951055
1.0322308256
1.0312682663
1.0231800361
1.0178398676
1.0171612331
1.0235382241
1.0181176446
1.0117781830
1.0277511101
1.0514162064
1.0346976281
1.0249275512
1.0335513297
1.0549403385
1.0585069182
1.0330046568
1.0121074117
1.0202652184
1.0428609330
1.0578731557
1.0464140605
1.0234836823
1.0322509703
1.0590869041
1.0581291584
1.0655692621
1.0803921338
1.0685874191
1.0303434655
0.9941431465
1.0184205098
1.0325260586
1.0168685074
1.0191846963
1.0199575756
0.9950354797
0.9908521445
1.0030903051
1.0111746300
1.0006004739
0.9867574095
0.9856519032
0.9876699760
0.9885949868
1.0026477134
1.0314271527
1.0587616848
1.0919565403
1.0716056488
1.0476705335
1.0463413463
1.0484375365
1.0138859168
1.0129252775
1.0370307622
1.0721510586
1.0531351488
1.0239957202
1.0304749052
1.0491779244
1.0597301259
1.0631276539
1.0564225816
1.0307662172
0.9967793585
0.9922302941
1.0000182515
0.9966081347
0.9760505044
1.0064269700
1.0267880078
1.0148684083
1.0257816112
1.0018903696
1.0105549643
1.0212898172
1.0204571619
1.0041788182
1.0223795205
1.0345579148
1.0097698724
0.9913885116
1.0099480196
1.0308419549
1.0248022643
1.0239031094
1.0285153048
1.0545675985
1.0642993566
1.0416228006
1.0411307705
1.0385236243
1.0152012310
0.9991378256
1.0033859958
1.0212444501
1.0190656854
1.0281020768
1.0378998523
1.0360897379
1.0458747245
1.0448126907
1.0213578297
1.0067076471
0.9983213586
1.0033483656
1.0317312505
1.0574884804
1.0456220683
1.0409008910
1.0184801768
0.9916280014
0.9916051676
1.0153257749
1.0376744982
1.0445575370
1.0304608786
1.0196906427
1.0271724862
1.0477194803
1.0469134428
1.0145475807
0.9953115834
0.9969096203
0.9823715233
0.9796044640
1.0037755026
1.0166537300
1.0284773228
1.0424619298
1.0255146326
0.9998852393
0.9958434979
0.9977083534
1.0133369691
1.0251541135
1.0290775001
1.0178733675
1.0021433853
0.9965424399
0.9884833437
0.9916119168
1.0098243601
1.0136138539
0.9964735053
0.9823592905
0.9956184715
0.9961125734
1.0158007496
0.9744385217
1.0108738614
1.0340226297
1.0154718673
1.0019705961
1.0078443888
1.0339990547
1.0236306697
1.0148766421
1.0040470363
1.0042463082
1.0193066833
1.0264327398
1.0220208812
1.0151429545
0.9992778208
0.9820057535
0.9928516397
1.0322344753
1.0474767229
1.0389897008
1.0607343630
1.0649494321
1.0527673647
1.0408564482
1.0091103519
1.0225682546
1.0125991096
1.0190043211
1.0217685562
1.0172260108
1.0130603778
1.0140553190
1.0292908231
1.0411047756
1.0331154855
1.0247293792
1.0053533692
0.9928308557
1.0304240373
1.0254248333
0.9997011556
1.0200500547
1.0247534232
1.0497286063
1.0503956743
1.0458799034
1.0569078695
1.0678936348
1.0631887029
1.0306679060
0.9885567198
0.9755513575
1.0057397546
1.0427271781
1.0471866100
1.0155494851
0.9698136140
0.9741111144
0.9885767490
1.0167141864
1.0408062914
1.0353961819
1.0116549943
1.0165293874
1.0350817665
0.9930198371
0.9786271235
0.9861484887
0.9802655257
0.9860168800
1.0008508227
1.0022057718
1.0034777869
1.0174124882
1.0340718640
1.0477874614
1.0486520833
1.0436640258
1.0415617403
1.0334562294
1.0500298486
1.0596624762
1.0397899031
1.0228803761
1.0148499123
1.0076092778
1.0007207791
1.0092759210
1.0312330916
1.0279646829
1.0266083763
1.0301248901
1.0200357032
1.0198858981
1.0385538561
1.0403814440
1.0274631923
1.0389411851
1.0659741668
1.0504285320
1.0267296550
1.0237051730
1.0186944943
1.0034053900
1.0105638095
1.0323504729
1.0511627503
1.0577143656
1.0533911103
1.0461803704
1.0376307746
1.0130941349
1.0031070322
1.0081444530
0.9802037597
0.9308948007
0.9038765622
0.9184700365
0.9566326583
0.9682034253
0.9872952450
1.0053202537
1.0061683116
1.0008393058
1.0024404308
1.0316121972
1.0254066595
1.0178891034
1.0259335355
1.0180319568
0.9897367382
0.9714685220
0.9776390879
0.9851721480
0.9828722012
0.9899778974
1.0029667136
1.0098747474
1.0301726195
1.0283050177
0.9820258025
0.9762698476
1.0151780562
1.0522229607
1.0592459697
1.0421660649
0.9953117120
0.9978816527
0.9985819650
1.0160723036
1.0199441733
1.0285217172
1.0534684402
1.0539815910
1.0202716743
0.9989694708
1.0115006221
1.0131236288
1.0126755220
1.0435183267
1.0618449143
1.0444564762
1.0093847175
0.9942074354
1.0187801649
1.0230982517
1.0332396474
1.0575524096
1.0481996299
1.0327597313
1.0346172750
1.0439310722
1.0463124595
1.0328799147
1.0243901515
1.0391337465
1.0392982325
0.9979046411
0.9452831891
0.9595355899
1.0048644666
1.0167020073
1.0114223301
1.0425582590
1.0898827186
1.0265576360
1.0172055791
1.0138047263
1.0157102894
1.0203566306
1.0260992945
1.0201474512
1.0012708054
0.9983549464
1.0146402198
1.0198722390
1.0066793518
0.9936353235
1.0153453574
1.0284697112
0.9978670317
0.9771458559
0.9866763298
1.0009516218
1.0241169838
1.0242703030
1.0403510297
1.0229382633
0.9780482282
0.9891579724
1.0295457688
1.0388564226
1.0387460686
1.0329121651
1.0108095736
1.0021654401
1.0050935514
0.9979072745
0.9956405876
1.0011753835
0.9904553969
1.0063322604
1.0240982850
1.0228669309
1.0060337908
1.0016052472
0.9716306859
0.9910032633
0.9977115569
1.0006656548
1.0179615467
1.0207356421
1.0080293324
1.0129812326
1.0215677341
1.0078659813
1.0089569559
1.0312152989
1.0116517654
0.9910461100
1.0098575107
1.0085962372
0.9985866831
0.9757099602
0.9726765909
0.9798633097
1.0063018160
1.0191214289
1.0102459197
1.0367272314
1.0525788807
1.0227708886
0.9912143874
0.9850799297
0.9963517940
1.0259978007
1.0417897078
1.0080567823
0.9963199498
1.0114764673
1.0238011224
1.0258643940
1.0303302307
1.0153662802
1.0018676470
1.0006481945
1.0340278753
1.0671402133
1.0435640149
1.0154472329
0.9963220624
0.9826168114
0.9924625783
1.0051104296
1.0157457406
1.0328348692
1.0191596707
0.9737529081
0.9361229422
0.9061622361
0.8876381215
0.8755948817
0.8542021811
0.9095757469
0.9385556410
0.9688672460
0.9814312506
0.9999124150
0.9660569087
0.9692276947
0.9731006396
0.9779743034
0.9902640531
1.0047611470
0.9990823521
0.9727190491
0.9657008833
0.9760748126
0.9738373037
0.9662156477
0.9766589976
0.9982664405
1.0174042744
1.0074362566
0.9884136094
1.0318244644
1.0654135851
1.0330960085
1.0031911439
1.0078339414
0.9999000065
0.9951012234
1.0124369033
1.0245919853
1.0182109508
1.0056051218
1.0031162517
1.0235387787
1.0326439872
0.9997847640
0.9899994571
1.0001129793
1.0189879986
1.0451798802
1.0348686062
1.0291422435
1.0173782532
0.9915289046
0.9728888361
0.9803880386
0.9938157726
1.0077788535
1.0197233778
1.0175520082
1.0060117045
0.9943886195
0.9792173034
0.9689790321
0.9849047273
1.0172552556
1.0007905168
0.9765061867
0.9633073708
0.9731269328
0.9888624361
1.0041305853
1.0065844826
1.0155494743
1.0413046940
1.0350877822
0.9947497660
0.9789554549
0.9799410142
0.9844062460
0.9927846776
0.9950283432
0.9946080108
1.0026824394
1.0094619607
1.0117632081
1.0289367978
1.0234946159
1.0169598627
1.0283722310
1.0167756582
1.0153736031
1.0155326700
0.9920074460
0.9866722615
0.9918474531
1.0014449366
1.0104444024
1.0109713962
0.9905815144
0.9567907521
0.9540555876
0.9786865419
0.9839078685
0.9849479199
0.9690624242
0.9558264876
0.9882667320
0.9970410378
1.0118942537
1.0419871735
1.0207187423
1.0058466613
1.0079864743
0.9915816634
0.9724305843
0.9912152444
0.9979622254
1.0051876795
1.0141466240
1.0092824799
1.0066098370
1.0051653911
0.9909578321
0.9892824563
1.0022141759
1.0171990722
1.0436252166
1.0529425918
0.9893672364
0.9656113088
0.9978562097
1.0134137666
0.9834901537
0.9622368279
0.9804595088
1.0103627091
0.9945030583
0.9931094335
1.0166548254
1.0216929092
1.0164856563
1.0073627259
0.9864899174
0.9926589868
1.0075119817
0.9855377512
1.0033839947
1.0356917055
1.0215820057
1.0169973599
0.9875961328
0.9997423171
1.0054561819
0.9990968050
0.9833758849
1.0094208307
1.0335594950
0.9946240387
0.9695175819
0.9711964693
0.9686811833
0.9700650051
0.9751313398
0.9859982786
0.9772518099
0.9583081698
0.9847143713
0.9898106936
0.9874243706
1.0078341028
1.0156483692
1.0276917400
1.0357380733
1.0298960197
0.9845050837
0.9657806624
0.9746068073
0.9814343484
0.9847364240
0.9947811796
0.9909448264
0.9767662709
0.9841801920
0.9930278452
0.9901049040
1.0004954892
0.9793509401
0.9835974558
0.9804285908
0.9642063469
0.9810897038
1.0224170971
1.0036440152
0.9688152689
0.9716137628
1.0010038609
1.0089743429
1.0069386412
0.9917448205
0.9777823449
0.9802329176
0.9826005969
0.9799130388
0.9742208370
0.9473710886
0.9327852971
0.9730559380
1.0178339423
0.9774006875
0.9629970433
0.9641284278
0.9515694568
0.9501298316
0.9515474661
0.9550080905
0.9661468522
0.9673955806
0.9814217027
0.9822289577
0.9560837732
0.9441606474
0.9620590350
0.9794968469
0.9784678767
0.9680584543
0.9756934012
0.9890904627
0.9600992291
0.9617232493
0.9699326222
0.9532481331
0.9792949901
0.9881223242
0.9652326710
0.9671388099
0.9643442834
0.9822358786
0.9948827796
1.0044134446
1.0000829127
0.9846961493
0.9674332884
0.9448818306
0.9368706697
0.9541814377
0.9722792833
0.9748228772
0.9762508223
0.9616114076
0.9439673331
0.9555562586
0.9543151603
0.9622954611
0.9611331692
0.9592733443
0.9659284493
0.9641181067
0.9782628655
0.9922458393
0.9741047397
0.9465972766
0.9315143536
0.9414816749
0.9786794729
0.9826647914
0.9541770506
0.9658378901
1.0015092758
0.9904147989
0.9750949476
0.9984455803
0.9732187622
0.9572978781
0.9528796925
0.9493410211
0.9516462743
0.9436938511
0.9466156809
0.9665755102
0.9868128203
0.9861280220
0.9733864665
0.9731455751
0.9861506770
1.0000861019
0.9980855770
0.9730656380
0.9774139303
0.9672931998
0.9490049223
0.9247143818
0.9430499464
0.9347291527
0.9204634616
0.9280105886
0.9488031995
0.9738493482
0.9990369541
0.9887454373
0.9587665701
0.9426155230
0.9471228713
0.9613844480
0.9722611405
0.9769599977
0.9815957876
0.9899235477
0.9639300616
0.9388926099
0.9473227026
0.9656345528
0.9935142485
0.9727109572
0.9673325053
0.9967168395
1.0021737595
0.9884900565
0.9911449552
1.0073743989
1.0110331596
0.9931788558
0.9866198944
0.9892631497
0.9807456985
0.9794588400
0.9653795103
0.9588960335
0.9464085773
0.9393328816
0.9445020778
0.9180177418
0.8865969313
0.8766770583
0.8789349407
0.8553180916
0.8312351436
0.8062547070
0.8254319005
0.8725581393
0.9111869634
0.9316159660
0.9448975164
0.9518036334
0.9393441786
0.9225719240
0.9322366803
0.9415906962
0.9416814427
0.9818820152
0.9740778591
0.9762596477
0.9825522457
0.9696917450
0.9494197690
0.9320590007
0.9293601607
0.9242953618
0.9386198937
0.9482710232
0.9542830612
0.9458387646
0.9398885936
0.9522032456
0.9526146659
0.9465997215
0.9647998665
0.9705147597
0.9613122805
0.9899034111
0.9415875196
0.9318204986
0.9645380820
0.9782131980
0.9289934317
0.9393379912
0.9419242615
0.9303229895
0.9370306642
0.9402027617
0.9270519352
0.9373735072
0.9708419199
0.9826555810
0.9756944197
0.9848241940
0.9925887747
0.9704481966
0.9554681120
0.9349187234
0.9579198077
0.9757651868
0.9496693935
0.9582841564
0.9512187489
0.9712859171
0.9491484287
0.9495458666
0.9758694523
0.9635916551
0.9471891159
0.9611169582
0.9703964705
0.9618055120
0.9404417672
0.9270015882
0.9605288822
0.9667453833
0.9482026679
0.9389396293
0.9575084158
0.9972329081
1.0066346110
0.9683650645
0.9559266541
0.9636575883
0.9321202446
0.9370369225
0.9730978884
0.9645255229
0.9719411792
0.9842548015
0.9610942828
0.9428212935
0.9543343135
0.9701698516
0.9825911966
0.9667228980
0.9103911864
0.9074599915
0.9248669088
0.9155852608
0.9288307748
0.9651510703
0.9894617935
0.9821388081
0.9410997342
0.9390455898
0.9454251311
0.9562463317
0.9696248732
0.9520501995
0.9521172063
0.9659194473
0.9624710043
0.9663728260
0.9531095977
0.9398309371
0.9520774439
0.9555785873
0.9308143316
0.9331692611
0.9457176812
0.9353591982
0.9506216642
0.9438153453
0.9513706062
0.9550139997
0.9588804560
0.9523866804
0.9644943117
0.9710290689
0.9726173533
0.9769860569
0.9722037396
0.9615286467
0.9609015116
0.9838632344
0.9862235562
0.9633205695
0.9570829848
0.9751274943
0.9934378898
0.9533705074
0.9520566600
0.9399459320
0.9345957246
0.9439223632
0.9434179791
0.9212039457
0.9119295345
0.9246645558
0.9374407915
0.9427974610
0.9486057421
0.9548329210
0.9593767359
0.9646930244
0.9688833643
0.9823822121
0.9824557580
0.9739763520
0.9532886935
0.9702903343
0.9892387798
0.9697164096
0.9403183449
0.9457421235
0.9520732318
0.9564793856
0.9732933718
0.9838488289
1.0044658704
1.0062453959
0.9803795943
0.9585207701
0.9350928908
0.9401475285
0.9676350151
0.9861161562
0.9687471469
0.9415816016
0.9476465240
0.9525461547
0.9608146988
0.9423818790
0.9323811514
0.9554991847
0.9836589713
0.9927870689
0.9819800557
0.9638291634
0.9580882801
0.9626408269
0.9665601332
0.9832290728
1.0030994737
0.9943263138
0.9917846035
0.9736235652
0.9553908508
