#flux
0.9563082615
0.9592605983
0.9658317433
0.9703538737
0.9757250334
0.9724319186
0.9742903206
0.9789930772
0.9753181693
0.9783859371
0.9731288774
0.9670481692
0.9751057108
0.9791498742
0.9625545919
0.9628029205
0.9638382073
0.9716888403
0.9758858538
0.9661566091
0.9581534063
0.9633870412
0.9653389182
0.9583532036
0.9595708824
0.9543669033
0.9513368473
0.9619265945
0.9631190594
0.9533559605
0.9531847320
0.9618962717
0.9604145730
0.9619932934
0.9591930708
0.9488616005
0.9535268793
0.9500719615
0.9592307754
0.9763407997
0.9801639324
0.9709157141
0.9605504727
0.9614390580
0.9643295376
0.9725103427
0.9796648591
0.9717087204
0.9556607340
0.9466121095
0.9475486903
0.9486772842
0.9488765617
0.9627380466
0.9597561369
0.9599852896
0.9751941081
0.9798578673
0.9642359733
0.9434430282
0.9366653555
0.9433943191
0.9493330406
0.9529705192
0.9620218959
0.9696700993
0.9638072941
0.9515979880
0.9479735856
0.9469680539
0.9322791415
0.9151036883
0.9256525662
0.9409850308
0.9469159291
0.9593899915
0.9466040611
0.9269567517
0.9287429555
0.9418497014
0.9433388868
0.9496548978
0.9514848010
0.9426944309
0.9377035265
0.9347275765
0.9262929848
0.9155074074
0.9027658419
0.8851601686
0.8749340774
0.8874377125
0.8981967904
0.8991921522
0.9215768041
0.9219421125
0.9225484827
0.9251429293
0.9268439577
0.9235929905
0.9122038326
0.9269651618
0.9285365279
0.9272977208
0.9368616625
0.9404787908
0.9271936601
0.9070809490
0.8990243233
0.9145672902
0.9344374309
0.9261729700
0.9116461158
0.9186900374
0.9114177913
0.9194190968
0.9166658827
0.9086343927
0.9103394544
0.9175175292
0.9156070002
0.8978754337
0.8868527257
0.8929210305
0.9022586796
0.9046520927
0.9012881056
0.8963626609
0.8949746043
0.9004645448
0.9063354635
0.9005837717
0.8871838210
0.8831787212
0.8976433277
0.8957946958
0.8802989513
0.8843217020
0.8873795985
0.8875134135
0.8999986156
0.8930224120
0.8838572550
0.8947499081
0.9022809309
0.8960622078
0.8921459567
0.8991910095
0.9030129528
0.8889988484
0.8724518892
0.8721455265
0.8698150030
0.8646049390
0.8714948426
0.8530606386
0.8475221007
0.8520060653
0.8432325914
0.8310678875
0.8343002037
0.8442650029
0.8430794010
0.8477500290
0.8546217517
0.8475459445
0.8359161411
0.8346342929
0.8380433575
0.8376099207
0.8355355246
0.8313203809
0.8234895747
0.8226677169
0.8148169879
0.7984341861
0.7734026964
0.7814146213
0.7865140475
0.7930081831
0.7963587176
0.7923449880
0.7927248641
0.7933246324
0.7951215857
0.7883522219
0.7717226479
0.7643272178
0.7652366662
0.7562849908
0.7470195206
0.7468780093
0.7433437796
0.7263884938
0.7104705745
0.6917814806
0.6823412515
0.6812075447
0.6625668420
0.6386764755
0.6134780926
0.5910293661
0.5603273593
0.5105959908
0.4576070978
0.4110892400
0.3720245078
0.3334262634
0.2915424962
0.2611403139
0.2503421419
0.2447974083
0.2351203077
0.2246640842
0.2206682194
0.2285197196
0.2447237219
0.2438066856
0.2657224546
0.2970213361
0.3294271033
0.3697982551
0.4163404886
0.4659488937
0.5167366374
0.5641328367
0.6041189108
0.6349487072
0.6494694706
0.6535822421
0.6706019895
0.6941431487
0.7153309281
0.7260700253
0.7314440900
0.7368696532
0.7451719710
0.7565919725
0.7587861083
0.7557810854
0.7618766414
0.7752450190
0.7825178908
0.7828528375
0.7849935253
0.7901825960
0.7975537477
0.8062167284
0.8080645774
0.8059813335
0.8129380508
0.8163334992
0.8171506411
0.8125616817
0.8154573264
0.8276260107
0.8207416146
0.8220863336
0.8370875202
0.8372463268
0.8418636216
0.8513582853
0.8609632362
0.8572428086
0.8517958192
0.8542328380
0.8639406039
0.8733353420
0.8735523664
0.8666942492
0.8632857850
0.8693141239
0.8794534959
0.8844610848
0.8844445874
0.8860909754
0.8722572455
0.8767478187
0.8828346895
0.8808792253
0.8831217480
0.8926878052
0.8998359732
0.9031475953
0.8966139519
0.8840189938
0.8817803315
0.8926354212
0.9057736397
0.9037514212
0.8821223831
0.8795436298
0.8944088069
0.9080104835
0.9194118064
0.9139556444
0.9093497774
0.8892687360
0.9117914231
0.9085149343
0.9032042093
0.9018670981
0.9134788377
0.9153271116
0.9038075616
0.9058984306
0.9180417904
0.9256183853
0.9294053478
0.9324699193
0.9358421558
0.9322077277
0.9364432338
0.9307989027
0.9210146700
0.9161414373
0.9096150870
0.8873285924
0.8594701326
0.8456669258
0.8129526406
0.8139381061
0.8274517416
0.8650062034
0.9038041573
0.9224809167
0.9291599209
0.9316461725
0.9284527893
0.9248237680
0.9286698921
0.9397004310
0.9531867675
0.9484164220
0.9433821229
0.9413332060
0.9403103448
0.9297194471
0.9423584637
0.9528002742
0.9522958049
0.9523722110
0.9525506537
0.9592970542
0.9538013889
0.9469465120
0.9530406316
0.9494961547
0.9350219804
0.9365894409
0.9432890246
0.9415848862
0.9429167393
0.9487462525
0.9489876161
0.9506828483
0.9516558682
0.9351683716
0.9435914476
0.9575407114
0.9559105873
0.9531033024
0.9574545975
0.9708509073
0.9732269937
0.9599972835
0.9528440601
0.9563058562
0.9563140214
0.9512826445
0.9493794515
0.9534114592
0.9560032761
0.9669413452
0.9473122298
0.9398869953
0.9454288780
0.9460662659
0.9461634825
0.9453999562
0.9424808200
0.9517941932
0.9555381895
0.9568697272
0.9653290189
0.9736989328
0.9703264538
0.9627086560
0.9620880848
0.9614336882
0.9536772628
0.9479665042
0.9508254554
0.9527467875
0.9533143371
0.9659788855
0.9759652112
0.9821947883
0.9632297340
0.9627970846
0.9409725090
0.9357922487
0.9325881934
0.9239658084
0.9296876507
0.9477476664
0.9613572249
0.9622422232
0.9550060294
0.9551854023
0.9738556222
0.9900193312
0.9699073640
0.9530363917
0.9365890431
0.9064296305
0.8953879607
0.9064524818
0.9054559432
0.9072647333
0.9330718924
0.9462930757
0.9670776835
0.9793159058
0.9717431827
0.9664669907
0.9721011757
0.9739543119
0.9687684908
0.9662722978
0.9676111650
0.9698736854
0.9707135530
0.9683044885
0.9733010990
0.9850455105
0.9809249542
0.9768604523
0.9682674792
0.9731046892
0.9793993730
0.9882761242
0.9813407028
0.9623989418
0.9569907740
0.9776781807
1.0033977070
0.9981333443
0.9794244331
0.9736422354
0.9644898661
0.9699225852
0.9688692107
0.9950042513
1.0002670431
0.9934037595
0.9868503554
0.9634281378
0.9554784072
0.9763207362
0.9795237575
0.9757157625
0.9817411651
0.9802898493
0.9793254161
0.9859679003
0.9849744872
0.9760240776
0.9732186251
0.9769228787
0.9798102277
0.9789202654
0.9820131747
0.9869873988
0.9787496508
0.9736698015
0.9995468117
0.9900636392
0.9845880110
0.9914473671
0.9919330569
0.9689706447
0.9733369778
0.9792738883
0.9780531465
0.9791477958
0.9755005307
0.9725325839
0.9832435591
0.9827841895
0.9694977984
0.9926270856
0.9954471441
0.9860140602
0.9946450383
0.9955076518
0.9904540995
0.9736263986
0.9814689465
0.9848810150
0.9692962343
0.9585805321
0.9645893729
0.9752821221
0.9802097516
0.9841602810
0.9917296657
0.9930055588
0.9807209149
0.9707368129
0.9740858591
0.9745634831
0.9755969399
0.9760782690
0.9748404432
0.9790090333
0.9917368227
0.9912399471
0.9759256118
0.9782635599
0.9637608507
0.9678231545
0.9741268186
0.9681601817
0.9711859924
0.9747054291
0.9753519514
0.9791386007
0.9829896872
0.9887203036
0.9974075416
0.9980048028
0.9889268504
0.9830904531
0.9788786338
0.9803009749
0.9815573867
0.9693232265
0.9974272808
0.9957009121
0.9972647337
0.9851178181
0.9820741655
0.9841653901
0.9890671131
0.9989599000
1.0020495880
0.9922418289
0.9846295018
0.9876573180
0.9940544676
1.0001804119
0.9956015419
0.9977371378
0.9978214857
1.0070868113
0.9872431389
0.9748196521
0.9905632452
0.9817339094
0.9790645759
0.9772230576
0.9681444009
0.9776759330
0.9920257514
0.9944578921
0.9890093607
0.9910170600
0.9916690373
0.9937758374
1.0079159653
0.9923839911
0.9889016673
1.0023541371
0.9876975824
0.9866333317
0.9854985319
0.9873693283
1.0012319166
1.0006184832
0.9898924530
0.9884058613
0.9966333063
0.9839767933
0.9762983753
0.9900756016
0.9929118795
0.9898532462
1.0023972793
1.0033596592
0.9819097400
0.9720456516
0.9749989560
0.9825266134
0.9830277349
0.9882834448
1.0090780666
0.9983677893
0.9827094008
0.9876528891
0.9740299888
0.9851237921
0.9686976239
0.9680165763
0.9688643686
0.9548492670
0.9531309679
0.9640567428
0.9681952426
0.9690897166
0.9699859566
0.9710935597
0.9806042464
0.9893205264
0.9825434024
0.9910894549
1.0035436959
0.9942158575
0.9812755287
0.9736871846
0.9787651038
0.9833393200
0.9785474244
0.9789188403
0.9786844020
0.9835250931
0.9842352978
0.9705189515
0.9594807003
0.9675156479
0.9870763397
1.0022409837
0.9962663401
0.9761944027
0.9861781817
0.9868273825
0.9903956726
0.9911363671
0.9937281806
1.0020850036
0.9869348331
0.9737088158
0.9738668971
0.9789877443
0.9886234603
0.9961475333
0.9975986070
1.0016271668
1.0083979030
1.0073981327
0.9984394456
0.9918842483
0.9920930956
0.9735449488
0.9765649728
0.9935350360
0.9896193355
1.0062081427
0.9782722047
0.9733388372
0.9829367517
0.9832684075
0.9907017789
1.0052063695
1.0158338730
1.0126775602
0.9993535553
1.0015807324
1.0125604078
1.0130738941
1.0112297290
1.0016399472
1.0100927891
1.0088014980
0.9866433257
0.9899919987
0.9999744813
0.9908888384
0.9865035038
0.9981365003
1.0008692979
0.9905577366
0.9793276111
0.9791278083
0.9942535369
1.0052083879
0.9916636426
0.9741975586
0.9743053699
0.9820694267
0.9862437754
0.9894505978
1.0021099323
0.9930429881
0.9953118349
0.9786060075
0.9752173019
0.9698693934
0.9707472288
0.9821165930
0.9963940270
1.0091555076
1.0036632919
0.9871399677
0.9836155787
0.9832550601
0.9763636007
0.9688165637
0.9672443898
0.9697723351
0.9618457151
0.9352222289
0.8983584916
0.8395990535
0.7964666791
0.7589709321
0.7789737955
0.8257970647
0.8868609595
0.9374050338
0.9662452772
0.9834980016
0.9900912400
0.9889458226
0.9867175460
0.9875558654
0.9947776045
0.9830946712
0.9447003089
0.8962801607
0.8552924600
0.8542463728
0.8698370143
0.9041752559
0.9296860198
0.9407347955
0.9894638015
0.9787449391
0.9763332565
0.9962263675
0.9974852790
0.9958091839
0.9939522537
0.9898474615
0.9923414780
1.0000451859
1.0050143018
0.9982184919
0.9921229277
0.9883144952
0.9788087565
0.9917618189
1.0039844926
1.0058044724
0.9952808653
0.9958810409
0.9838104243
0.9846770162
0.9796051422
0.9878806052
1.0002647184
0.9959972247
0.9921810576
0.9865356752
0.9844311706
0.9911459878
0.9981608942
0.9996048841
0.9918201597
0.9886872201
1.0010364236
0.9997477453
0.9938098224
0.9898129328
0.9787690553
0.9767814891
0.9891961876
1.0071122314
0.9937298486
0.9993151302
1.0047304997
1.0138735139
1.0097166237
0.9894582061
0.9825840306
0.9846116850
0.9815142632
0.9787048708
0.9755111838
0.9648336246
0.9545324589
0.9472941203
0.9356083792
0.9393367723
0.9631589855
0.9642871572
0.9816943830
0.9906619048
1.0076532421
1.0112310563
0.9916314650
0.9809394365
0.9904141939
0.9920874403
0.9978736546
0.9917044112
0.9874870937
0.9874441709
0.9760326708
0.9632936158
0.9608328863
0.9682836503
0.9800108163
0.9862420848
0.9906340856
0.9953314876
0.9950195332
0.9943019832
0.9823648416
0.9955168625
1.0009773505
0.9892460496
0.9740561221
0.9820997896
0.9926435349
0.9938801227
0.9947013706
1.0056073332
1.0027163985
0.9821668959
0.9767374468
0.9781768921
0.9905927390
0.9932902070
0.9837086289
0.9905659770
0.9923533917
0.9844944629
0.9912420018
0.9957292856
1.0003761526
1.0013517092
1.0002265726
1.0026101793
1.0032926275
0.9959322935
0.9883247692
0.9882087877
0.9992300561
1.0010982678
0.9894776109
0.9956064729
0.9836977594
0.9889108475
0.9965319068
0.9891820990
0.9930644969
0.9878496372
0.9982467004
1.0038171153
1.0054719148
0.9948442419
0.9844401248
0.9809635912
0.9793708265
0.9862030742
0.9978410688
1.0072397855
1.0137590331
1.0147651580
1.0140531599
1.0185256170
1.0091803585
0.9843724061
0.9904430134
0.9928504821
0.9747088986
0.9807663227
1.0024641110
0.9934222545
0.9807591002
0.9897642397
1.0024113467
1.0004406251
0.9829739056
0.9871936551
0.9966654337
0.9898397441
0.9882469924
0.9995470068
1.0062463569
1.0077319457
1.0052117074
0.9976727384
0.9986880837
1.0092342935
1.0147971910
1.0103671411
1.0107757928
1.0121999550
0.9964819461
0.9871407380
0.9781175458
0.9850667757
0.9958049721
0.9805789236
0.9580981630
0.9459076167
0.9433611955
0.9407783625
0.9327216487
0.9418184985
0.9611178533
0.9758557452
0.9935547497
0.9931734283
0.9956905697
0.9861044933
0.9950768442
1.0070810985
1.0009831351
0.9925438761
0.9856539697
0.9853492320
0.9845063169
0.9801085076
0.9811974259
0.9836649995
0.9908323527
1.0009773053
0.9918588839
0.9715589520
0.9671732568
0.9829208734
0.9815394000
0.9955102474
1.0309141432
1.0125457128
0.9993732862
0.9960638811
0.9970034949
0.9941511834
0.9843810829
0.9930221322
1.0003903916
1.0053644871
1.0044448455
0.9834136269
0.9662774007
0.9764012388
0.9922497397
0.9984924226
0.9957931046
1.0000085189
1.0066630513
1.0133248398
1.0012843505
0.9889640813
1.0033072696
1.0047186472
1.0013948657
1.0060146167
0.9918013005
0.9873363266
1.0011460149
0.9978163382
0.9884990019
0.9963806249
1.0023255402
0.9951731753
0.9933309974
0.9966958597
0.9965026955
0.9918544189
0.9843238247
0.9873215904
0.9994230663
1.0138990350
0.9933170655
0.9924990326
0.9878150428
0.9883754453
0.9551854983
0.9184253553
0.9072458800
0.9011157208
0.8993061193
0.9158698154
0.9477452197
0.9743017065
0.9770551731
0.9669742104
0.9700697849
0.9815858816
0.9743811059
0.9726147132
0.9924974261
1.0082931161
1.0016116977
0.9823454828
0.9826378860
0.9907245383
0.9834330738
0.9815463046
0.9852892246
0.9896935164
0.9941546478
0.9912617671
0.9883972675
0.9866862520
0.9784616399
0.9802012310
0.9845318300
0.9889089862
1.0024229914
1.0017539574
0.9921005494
0.9857510325
0.9885687104
0.9832731686
0.9831348611
0.9915050994
0.9852179264
0.9933364142
1.0053020138
1.0150980293
1.0198484241
1.0037357793
0.9873489077
1.0034450683
1.0156132563
0.9849953181
0.9662973558
0.9837751478
1.0054747856
0.9931451906
0.9996447259
0.9990984312
0.9947033772
0.9794743274
0.9814482764
0.9990971372
1.0061769335
1.0015457256
0.9988302654
0.9972375130
1.0001021869
1.0069999286
1.0100501093
1.0132780251
1.0182113079
1.0116766164
0.9985731986
0.9806014961
0.9678613580
0.9841648778
1.0019855191
0.9887618424
0.9912369156
0.9925711993
0.9918121363
0.9949957873
0.9857463260
0.9751221572
0.9834049174
0.9871500623
0.9902621307
0.9900073314
0.9876315831
0.9972466842
1.0078040999
1.0072145940
1.0027485271
1.0010537798
1.0013703612
0.9807476501
0.9859498651
1.0014316337
0.9916839128
1.0032649053
1.0099801229
0.9962148599
0.9848114195
0.9847965300
0.9987864513
1.0103597810
1.0024975873
0.9845629028
0.9815694371
0.9845176969
0.9806358898
0.9906548082
0.9997603710
1.0087688262
1.0217892834
1.0141242848
0.9953846898
1.0007379196
1.0024959669
1.0010572966
1.0044607597
1.0085971179
1.0093063074
1.0046829884
1.0044697702
1.0005049973
0.9901755902
0.9885332311
0.9959059312
1.0046492964
1.0145600638
1.0111958040
0.9903844795
0.9877342528
1.0077423475
1.0228948154
1.0116306423
0.9899614604
0.9858815820
0.9869228185
0.9967973985
0.9849388356
0.9811067147
0.9879922334
0.9866377393
0.9903739729
0.9922089992
0.9920241280
0.9946890108
0.9881184860
0.9798051710
0.9906010734
1.0024943944
1.0004887963
0.9807863128
0.9811065634
1.0080154857
1.0137803729
1.0132635273
1.0105011584
0.9895419056
0.9893153370
0.9971148724
0.9904785789
0.9925967592
1.0023942754
1.0012225517
0.9905154725
0.9819345880
0.9872678292
1.0048615425
1.0091865895
0.9986303238
1.0004784901
0.9970724554
0.9872270960
0.9918063591
0.9907994310
0.9892506126
1.0035390679
1.0094483920
0.9916906863
0.9794229942
0.9802294542
0.9853085258
0.9961888095
1.0025021109
1.0061394409
1.0119851473
1.0066874641
0.9988191615
1.0091027144
1.0112599834
1.0061652908
0.9990770799
1.0177239116
0.9947329544
0.9874622119
0.9979387923
1.0017098527
1.0127949916
0.9997941000
0.9936419034
0.9929920069
1.0008710015
1.0001015178
1.0030507553
1.0084532884
1.0060522993
1.0057647539
1.0029454294
0.9894995766
0.9900860271
0.9904800075
0.9851087240
0.9964961460
0.9960988009
0.9979595255
0.9842791395
0.9983300768
1.0196265429
1.0156840099
1.0099635611
0.9995280286
0.9914518793
0.9833234399
0.9840974338
0.9920203582
1.0012906538
1.0047386321
0.9933224372
0.9858966657
0.9983163928
0.9996384135
1.0060341217
0.9957222399
0.9800385123
0.9889361846
1.0070237840
1.0101386682
1.0124903228
1.0068153934
1.0034236113
1.0028151836
0.9873872407
0.9895613726
0.9938401810
0.9863696024
0.9839832292
0.9979432034
1.0035235135
0.9768181092
0.9640188897
0.9778898855
0.9826332608
0.9932180543
0.9912551030
0.9771393014
0.9981854038
1.0068901018
0.9908970447
0.9880472942
0.9977960050
0.9961855574
0.9939338253
0.9924554421
0.9949938782
0.9975683912
0.9948757804
1.0026261525
1.0037640661
0.9809263534
0.9919341102
0.9889795045
0.9921292827
1.0132997299
1.0099859326
0.9967859486
0.9882482815
0.9805884326
0.9963798782
1.0129039642
1.0016555316
1.0031134596
0.9981410560
0.9984821926
0.9933454493
0.9847984426
0.9862528219
0.9846310777
0.9779211873
0.9887093943
1.0092827916
1.0205642065
1.0188422989
0.9908181140
1.0001836998
1.0020614068
0.9982258796
0.9993496816
1.0035302848
1.0078945200
1.0163656508
1.0135680972
1.0110420651
1.0092746654
1.0098973093
1.0068287756
0.9950691481
0.9839628621
0.9835403193
0.9839188279
0.9708668269
0.9664392034
0.9736813037
0.9960390998
1.0061176411
0.9883918503
0.9836459132
0.9872188697
0.9917821800
0.9898869584
0.9981077372
1.0051005533
1.0020015444
0.9902590538
0.9849779465
0.9943282683
1.0036785208
1.0065602216
1.0079368977
1.0012074673
0.9941805838
0.9963238336
0.9861106002
0.9916814900
0.9950542326
0.9959333567
0.9990497978
1.0032818388
1.0185869020
1.0168123261
1.0141196937
1.0067487938
0.9998784405
0.9974685513
0.9965032604
1.0004965551
1.0090157128
1.0105151887
1.0052939298
1.0056868104
1.0073984201
1.0046115155
1.0007216401
0.9905629130
0.9945042106
1.0119985414
0.9997259212
0.9838971555
0.9885449679
0.9965431689
0.9886281675
0.9830161887
0.9943355619
0.9970379217
0.9942059742
0.9925451129
0.9932444298
0.9969531892
1.0019154874
1.0058762207
0.9999767083
0.9914407692
0.9844198438
0.9954507664
0.9922305751
0.9932548655
1.0003169630
0.9991020232
0.9972645860
0.9975121086
0.9971606457
0.9863579732
0.9852948915
0.9883521503
0.9972135130
1.0012541090
0.9949615681
0.9921808506
0.9940842558
0.9932996419
0.9959094113
0.9970107872
0.9997152587
1.0097534301
1.0001451872
0.9858709533
0.9734195641
0.9930928453
1.0094274338
0.9973225581
0.9880956704
0.9873995985
0.9966160616
0.9996987020
0.9940862930
0.9813053253
0.9687777264
0.9677375099
0.9748484628
0.9755739967
0.9571247839
0.9198548915
0.8978870022
0.8873400481
0.9009079259
0.9120220570
0.9243962780
0.9345713860
0.9490462093
0.9584823311
0.9732759593
0.9913344644
0.9979986059
0.9942410993
0.9913995447
0.9925616586
0.9976238268
0.9993962881
0.9991249528
1.0039099449
1.0010063554
1.0024504382
0.9947723930
0.9892347181
0.9857051570
0.9739581194
0.9631713417
0.9681772923
0.9879950307
0.9904118553
0.9838671325
0.9987130905
1.0013345882
1.0058252664
1.0077032316
0.9938431418
0.9831319301
0.9859311833
0.9910082544
0.9943637151
0.9910377424
0.9889045318
0.9964293502
0.9966750180
0.9982485015
0.9994318475
1.0014119608
1.0060395509
1.0121895045
1.0058672898
1.0053585314
1.0003293903
0.9989373162
0.9945744891
0.9858501725
0.9812438474
0.9892476750
1.0038130116
1.0176744455
1.0270106834
1.0190490717
1.0080614753
0.9964987049
0.9939550187
0.9924854299
0.9828550870
1.0050634253
0.9952701247
0.9797469272
0.9917492839
0.9928328208
0.9925518668
0.9778728750
0.9724509472
0.9837977378
0.9983258623
0.9974273580
0.9924187556
0.9950642968
0.9837401787
0.9748436180
0.9971323193
1.0011211662
0.9843426940
0.9760425701
0.9856944136
1.0012082759
1.0020508353
1.0025849256
1.0117766725
1.0105652000
1.0131296354
1.0064733030
1.0029501894
0.9963753897
0.9911240014
0.9972439043
0.9999354631
0.9917883693
0.9882453635
0.9869790301
0.9839836502
0.9860658209
0.9687618445
0.9807534715
0.9918230926
0.9863173601
0.9820801217
0.9929158740
1.0014435661
1.0062430438
1.0102969381
1.0059967063
1.0048003295
1.0008853189
1.0016588584
0.9975817221
0.9886175219
0.9885635068
0.9969197095
1.0209031066
1.0293537043
1.0282335276
1.0095139072
0.9935594691
0.9943656240
0.9934331264
0.9897805292
0.9875545947
0.9894991047
0.9867736823
0.9849941464
0.9800457768
0.9926057767
1.0020052686
0.9958139102
0.9920128934
0.9888001405
0.9779729784
0.9796677338
0.9919663932
0.9801874644
0.9671670352
0.9917231598
0.9837773381
1.0032667886
1.0082740298
1.0058224995
1.0081052791
0.9944356857
0.9900408797
1.0024318047
0.9981706386
0.9847600909
0.9932873829
1.0050588615
1.0005238925
0.9923414819
0.9862999809
0.9819826254
0.9839008466
0.9798860362
0.9867398408
1.0024885972
0.9814086241
0.9446552534
0.8964351730
0.8601708900
0.8372446408
0.8453044036
0.8684405259
0.9043535488
0.9360818324
0.9702719593
0.9895002744
0.9896179937
0.9897770697
0.9910373634
0.9883909286
0.9921590767
0.9951036202
0.9848701012
0.9847219472
0.9947158001
0.9973451436
1.0015098140
0.9987372435
0.9843292619
0.9942630641
0.9874105910
0.9932810227
0.9814636937
0.9761102031
0.9836049809
0.9928394146
0.9921510181
0.9886968814
0.9980583108
1.0052416812
0.9919217099
0.9856769837
0.9953679755
0.9926186143
0.9934369885
0.9952341472
0.9856528588
0.9952370113
1.0005242517
0.9964777832
0.9859068876
0.9860713862
0.9888738274
0.9900930314
1.0017512970
0.9960789422
0.9811941340
0.9806027484
0.9950254441
1.0015737881
0.9903947449
0.9885126247
0.9914226551
1.0113085064
1.0092923028
1.0041905440
1.0047146543
1.0121213026
0.9915045048
0.9826959498
0.9908160682
1.0075506567
1.0044259036
0.9866028101
0.9864224745
1.0008580523
1.0095573603
0.9999888697
0.9923488368
0.9978849996
1.0036542766
1.0096408686
0.9949241820
0.9979254723
0.9841469595
0.9855308800
0.9999946834
0.9939400634
0.9927273191
0.9926168784
0.9923953502
0.9973191687
0.9969757522
1.0004374819
1.0022584059
1.0036856453
1.0017233234
0.9958368086
0.9996885365
1.0086838086
1.0031625315
0.9911103741
0.9857259221
1.0020159086
1.0187516406
1.0009303206
0.9884775220
0.9933126133
1.0058430962
1.0152930180
1.0090672262
1.0050323837
1.0108127806
1.0082368557
1.0029495661
1.0068205633
1.0065003499
1.0019683774
1.0011691627
1.0011660336
1.0034640649
1.0039931501
0.9978063116
1.0053242642
0.9976533615
0.9875250654
1.0013258288
1.0071511818
1.0033062622
1.0071068771
1.0154457227
1.0152454521
1.0058877161
1.0008119441
0.9901076213
1.0011245603
1.0275243965
1.0232139486
1.0004440285
0.9942773792
0.9905890545
0.9865226558
0.9974572408
1.0101397587
0.9884508925
1.0039234398
1.0010588064
0.9958509812
0.9975374757
0.9966379443
1.0050995261
0.9911342265
0.9831039478
0.9920798471
1.0009909277
1.0004875060
1.0096420050
1.0081683598
1.0039563348
1.0100316045
0.9956567425
0.9884469337
1.0030566353
1.0030925146
1.0088019981
0.9909298689
1.0289987493
1.0179122659
0.9985594463
0.9828574884
0.9866289498
0.9959272946
0.9956946323
1.0039304609
0.9991419836
0.9823369722
0.9916186923
1.0036844585
0.9945363347
0.9859927913
0.9875500366
0.9962622336
1.0006493979
1.0068417300
1.0065179402
1.0063078986
1.0033379361
1.0037987416
0.9994764214
0.9981309473
1.0095283428
1.0140083749
1.0120068720
1.0015410421
1.0016927659
1.0010869414
0.9962907934
0.9980641970
0.9981449706
0.9983573345
1.0072299631
1.0013367640
0.9871606193
0.9860423230
0.9868597792
0.9885231027
0.9840139893
0.9944826175
0.9976053271
0.9950800156
0.9989116002
0.9883701600
1.0063247732
1.0080039506
0.9990219825
1.0108245920
1.0229715454
1.0106098386
1.0034058311
1.0120352455
1.0057997644
0.9956493128
0.9985813030
1.0056650750
1.0028770223
0.9800756943
0.9865984489
0.9777892977
0.9871697178
0.9877570802
0.9758028189
0.9979202794
1.0007237866
1.0083579907
0.9950940831
0.9906644593
0.9963185225
0.9982274730
1.0022069010
1.0015839298
0.9898314009
0.9820659817
0.9803237991
0.9846835573
1.0012559886
1.0131891404
0.9948574948
0.9906734924
0.9906605281
0.9915853339
1.0024767125
1.0014621957
0.9990890441
1.0027007198
1.0054254286
0.9986476342
0.9984703469
1.0024722581
1.0026174907
1.0053610238
1.0028021877
0.9890948706
0.9903591136
1.0060119009
0.9943032947
1.0041132799
1.0062883854
1.0111952466
1.0193593838
1.0067649767
0.9905320913
0.9946572835
0.9885731544
0.9837107410
0.9932138160
0.9951817465
0.9940248992
0.9981499563
0.9975734628
0.9949105266
0.9962760828
0.9930636141
0.9996631755
1.0216435091
1.0082744006
0.9971657786
1.0011692162
0.9976674996
0.9978411824
1.0096188395
0.9921913852
0.9874956228
1.0014755134
1.0104111308
1.0058562995
0.9918953694
0.9845947907
0.9834962903
0.9780496425
0.9789641083
0.9872022383
0.9879915953
0.9984667840
0.9966127800
0.9977147290
1.0052992479
1.0114588453
1.0079947773
1.0057926405
1.0060979670
0.9992103159
0.9921090074
0.9854917141
0.9878632275
1.0036607699
0.9987678729
0.9918211534
0.9901741366
0.9921614346
0.9945419539
0.9828715334
0.9779837787
0.9926511249
1.0055015677
1.0009007897
0.9917627135
1.0056639387
0.9953660327
0.9901647245
1.0045561871
0.9986933781
0.9897845395
0.9929294427
0.9892637893
0.9695428324
0.9455271431
0.9103328592
0.8787182920
0.8646309683
0.8526578445
0.8476322981
0.8768761747
0.9279149412
0.9654775114
0.9810673444
1.0050427038
1.0032983772
0.9964693511
0.9915979294
1.0055893362
1.0135511829
1.0070757782
0.9976907821
1.0033368716
1.0098992341
1.0041151411
0.9970668917
0.9951413897
0.9955107607
0.9944505709
0.9884279595
0.9887018367
1.0062795044
1.0091648079
0.9856458214
0.9695801952
0.9734056623
0.9840057795
0.9892615863
0.9983776516
0.9933069238
1.0006516559
1.0040226820
1.0091405862
1.0105504994
1.0043391605
1.0014574178
0.9938291312
0.9857466353
0.9968725560
1.0111702652
1.0015467945
0.9870235220
0.9950551092
1.0019912508
0.9753881048
0.9636259591
0.9981659849
0.9907811161
0.9979597681
0.9939983949
0.9947959236
1.0044853905
0.9987961603
1.0021605525
1.0102495611
1.0187647059
1.0253167383
1.0283641619
1.0212302822
1.0057238640
0.9977926353
0.9919920421
0.9952010015
0.9742321831
0.9860089884
0.9985087665
0.9815358743
0.9767513401
0.9885975326
0.9928383353
1.0031428863
0.9855405407
0.9813165290
0.9929982849
0.9945275521
0.9979167760
1.0014004711
0.9999406725
0.9954168405
0.9841317683
0.9807738108
0.9918746002
0.9980576363
1.0044138835
1.0077888369
1.0133589759
0.9930542051
0.9831387145
0.9932476484
0.9982335063
0.9971380795
0.9869600738
0.9950708381
1.0024433250
0.9947784145
0.9962806699
0.9961175119
0.9926331690
0.9994397967
1.0031105895
1.0013106443
1.0031653281
1.0071228175
1.0077950469
0.9949678723
0.9871110001
0.9876072205
0.9929181613
0.9954782072
0.9890874916
0.9996994464
1.0000673920
1.0055264379
1.0022003878
0.9931597822
1.0010235234
1.0074027836
0.9970525239
0.9874574245
0.9865860177
0.9915752844
0.9979804243
0.9846466389
0.9703007691
0.9742088202
1.0011168115
1.0247470708
1.0018369076
1.0005308336
0.9870193100
0.9869926741
0.9911197987
1.0048788660
1.0091491349
1.0013399252
0.9995331645
1.0000454460
0.9922086478
0.9851003361
0.9860432506
0.9936367865
1.0062591191
0.9991414258
0.9916572459
1.0038040310
1.0092501461
0.9872868823
1.0012779763
0.9945119643
1.0088929336
1.0159479848
1.0159578166
1.0046728692
0.9969643711
1.0092063867
1.0129631573
1.0020367326
0.9969034219
1.0024923482
1.0087115279
1.0076249418
1.0028916376
0.9967354530
0.9825086688
0.9867828520
1.0030679317
1.0009986247
1.0070124367
1.0019450249
1.0054956040
1.0041853443
0.9947820601
0.9974841360
0.9975184309
1.0036404206
0.9987523322
0.9950633200
0.9999560284
1.0024243924
1.0065483260
1.0063948936
0.9959453939
0.9917740709
0.9996293336
0.9943537690
0.9964079382
0.9968539629
1.0180481705
1.0100829570
1.0093669194
1.0131314075
1.0162826698
