#flux
0.9454508059
0.9390810072
0.9265799579
0.9291437161
0.9278548725
0.9233641927
0.9287836064
0.9328146877
0.9254114999
0.9188197855
0.9282728127
0.9458877494
0.9623875343
0.9661653240
0.9384001030
0.9234254438
0.9360579398
0.9540401662
0.9568027444
0.9413556845
0.9322419603
0.9571856463
0.9576199656
0.9558767848
0.9488215446
0.9348046455
0.9402017592
0.9592927605
0.9595135003
0.9392286460
0.9316296776
0.9355374951
0.9298461563
0.9381660419
0.9622587959
0.9436035394
0.9152175378
0.9059512337
0.9055717528
0.9171750943
0.9322868372
0.9269364565
0.9553651212
0.9401535970
0.9613048016
0.9834993700
0.9696718525
0.9466527608
0.9397527672
0.9416240790
0.9439996297
0.9448118890
0.9410566360
0.9278221044
0.9098207420
0.9150367709
0.9270158667
0.9205602085
0.9071163532
0.8988632638
0.9002958602
0.9014862532
0.8848480369
0.8751401743
0.8820596359
0.8888993100
0.8885640597
0.8903456339
0.8920814634
0.8990991112
0.9104194681
0.9198801761
0.9252463821
0.9232163203
0.9166651624
0.9126378538
0.9126320154
0.9154023493
0.9252382531
0.9321051936
0.9018120834
0.8847260603
0.8751154993
0.8717108803
0.8807506513
0.8958113565
0.9010982805
0.8923351433
0.8811862741
0.8643639895
0.8615814813
0.8674390426
0.8658074592
0.8682124854
0.8677318646
0.8743781354
0.8833617875
0.8757770023
0.8675154046
0.8655508122
0.8766676029
0.8876442566
0.8977990438
0.8972396126
0.8766448954
0.8548152174
0.8571343020
0.8740601909
0.8769748034
0.8814901636
0.8822583624
0.8669274738
0.8611603619
0.8756317645
0.8805010396
0.8628612046
0.8458573394
0.8533324415
0.8746424784
0.8750496435
0.9140945436
0.8925167812
0.8718382162
0.8754990164
0.8715598946
0.8672289365
0.8749910278
0.8727507275
0.8642505241
0.8631352352
0.8552423060
0.8501664052
0.8542166977
0.8542238397
0.8570406964
0.8436687112
0.8332218823
0.8421051317
0.8331948735
0.8570643275
0.8320153527
0.8538349696
0.8344522172
0.8371675186
0.8437915170
0.8309180229
0.8114979131
0.8045314381
0.8106562306
0.8180803332
0.8222534890
0.8214226219
0.8109649251
0.8027170493
0.8085376321
0.8095414151
0.8079963890
0.7958333014
0.7679943798
0.7785817077
0.7819418958
0.8074632401
0.8113376633
0.7947903921
0.7975412466
0.7899288170
0.7682053480
0.7574869717
0.7532450938
0.7389562758
0.7354458688
0.7473582744
0.7558048607
0.7508958159
0.7303909579
0.7144113063
0.7114537330
0.7152619167
0.7149935718
0.7133682673
0.7265284249
0.7436132162
0.7310788142
0.7190263391
0.7161293581
0.6967398995
0.6756804477
0.6707996497
0.6738626127
0.6670088293
0.6503323795
0.6367518340
0.6345343130
0.6348427311
0.6313350456
0.6329611793
0.6200099317
0.6012590114
0.5841899157
0.5602493246
0.5293700188
0.5035837262
0.4655394878
0.4255121090
0.4011892139
0.3743393462
0.3502999014
0.3224523342
0.2923159047
0.2671020866
0.2533263149
0.2560214557
0.2650151905
0.2694935204
0.2659921751
0.2538578268
0.2663911750
0.2804731835
0.2890299594
0.2927103149
0.3104299235
0.3535018954
0.3903431010
0.4144329422
0.4764464642
0.5113784113
0.5256618463
0.5469374859
0.5761621932
0.5933133812
0.5966034993
0.6033978708
0.6213049171
0.6430709275
0.6638903801
0.6760905417
0.6674427096
0.6684663049
0.6786924890
0.6605009880
0.6750416628
0.6891298451
0.6983477449
0.7010612322
0.6854786618
0.7084429752
0.7081672485
0.7077101752
0.7323315300
0.7608439577
0.7567825014
0.7311804229
0.7232616263
0.7397471221
0.7575769923
0.7630056866
0.7574733413
0.7486015094
0.7772586130
0.8012728172
0.8065510703
0.8054242860
0.7863507178
0.7882476736
0.8080503400
0.8209964256
0.8214552295
0.8078974231
0.7871973306
0.7824746465
0.7901054748
0.8072391593
0.8215010522
0.8221704449
0.8199017451
0.8119809920
0.8104985508
0.8171405480
0.8238212838
0.8399735754
0.8309663477
0.7992979928
0.8173992507
0.8306181108
0.8540604348
0.8498533255
0.8393190576
0.8498826378
0.8570521701
0.8423107705
0.8438821237
0.8646539270
0.8716776591
0.8610985860
0.8563355952
0.8650764256
0.8614061572
0.8628160132
0.8647965001
0.8799251798
0.8836994989
0.8580397948
0.8644260315
0.8582749523
0.8652333651
0.8486133365
0.8508067035
0.8644534156
0.8788758067
0.8894551092
0.8968644036
0.8969273201
0.8845989136
0.8714954919
0.8722412716
0.8810464974
0.8859057765
0.8716880660
0.8383019915
0.8511228711
0.8256446362
0.8051657533
0.8296136092
0.8675244760
0.8909249275
0.8867962082
0.8589117778
0.8675116947
0.8786656308
0.8839123393
0.8793689799
0.8792670801
0.9013868077
0.9140772578
0.8892962499
0.8674987374
0.8804987576
0.8998006196
0.9007769115
0.8988520584
0.8654724938
0.8574373901
0.8874482767
0.8902595660
0.8929425679
0.8958364005
0.8866000454
0.8810242881
0.8893168468
0.8981987059
0.9039261438
0.9041594854
0.8922556626
0.8864809821
0.8990996490
0.9036042591
0.9039924631
0.9177416265
0.9109154686
0.9130784903
0.9285605200
0.9251179384
0.9142182563
0.8987772327
0.8957961950
0.9176638644
0.9236349968
0.9204196971
0.9194766247
0.9254471821
0.9388812160
0.9494887785
0.9455286709
0.9298153558
0.9167081762
0.9154346657
0.9174415765
0.9148674955
0.9354829225
0.9219271206
0.9240374119
0.9429737520
0.9537934846
0.9238004316
0.9046082527
0.9108730021
0.9154430587
0.9140593692
0.9171599467
0.9305067167
0.9235535472
0.9264065162
0.9431651365
0.9502983986
0.9624962699
0.9666870824
0.9438631199
0.9247560317
0.9275368190
0.9295556859
0.9220948956
0.9275731774
0.9237180675
0.9113211129
0.9224203383
0.9286129570
0.9428403638
0.9545703932
0.9511189370
0.9455172905
0.9387051194
0.9386921222
0.9524993225
0.9491280329
0.9202645725
0.9079942620
0.9110808652
0.9152725688
0.9186578736
0.9055738179
0.9288837438
0.9221571686
0.9230129097
0.9335016288
0.9517601676
0.9598718363
0.9409577343
0.9368412733
0.9455673025
0.9448977444
0.9515411000
0.9548900025
0.9517880291
0.9547359865
0.9572403738
0.9552857698
0.9541829034
0.9555965069
0.9388851143
0.9300518663
0.9495330797
0.9232198937
0.9412206742
0.9349275796
0.9467618385
0.9654680577
0.9699914412
0.9775087463
0.9809597856
0.9825349353
0.9787172158
0.9650265810
0.9573186965
0.9700957706
0.9803507084
0.9606000315
0.9345056783
0.9333813483
0.9455401259
0.9679983692
0.9723140683
0.9506751954
0.9591490697
0.9573160122
0.9495076721
0.9467656724
0.9576619408
0.9803890543
0.9795566460
0.9677380428
0.9722469881
0.9759328423
0.9685723100
0.9699318155
0.9867060821
1.0009848677
0.9916811003
0.9629550083
0.9615966440
0.9730093231
0.9669822778
0.9654774855
0.9765980344
0.9756589742
0.9569523369
0.9438158762
0.9669121027
0.9929971869
1.0176157819
1.0076867283
0.9872396661
0.9736082267
0.9701442879
0.9786028891
0.9864010020
0.9827880860
0.9684944820
0.9537723103
0.9543634261
0.9318556760
0.9440043082
0.9841710561
0.9614791680
0.9585390653
0.9450628172
0.9476382019
0.9673635325
0.9730935814
0.9607708547
0.9556335593
0.9690457329
0.9823344311
0.9781996120
0.9692207143
0.9687779958
0.9621541435
0.9504142542
0.9614756255
0.9712222247
0.9816495877
0.9569950117
0.9637471718
0.9885775381
0.9749742875
0.9682835187
0.9791371647
0.9638322073
0.9733841196
0.9631574053
0.9649164855
0.9720326476
0.9895579942
0.9923113558
0.9804035860
0.9830227237
0.9864275582
0.9903460574
1.0084319514
1.0210712785
1.0145703631
1.0111991623
1.0120983342
0.9907347146
0.9617540472
0.9762650748
0.9942171162
0.9646571130
0.9701317245
0.9726310912
0.9574492319
0.9409023826
0.9541734049
0.9762803663
0.9774172726
0.9774061164
0.9846617837
0.9715410540
0.9499001363
0.9536876551
0.9729990565
0.9907817389
0.9739253209
0.9590448141
0.9609280724
0.9592768544
0.9664334344
0.9522466998
0.9589676541
0.9707785240
0.9828908376
1.0065923466
1.0130516148
0.9933873764
0.9772759763
0.9853314741
0.9986951219
0.9901707541
0.9723597351
0.9586323016
0.9829830568
0.9796470763
0.9953748262
0.9908918221
1.0095317423
1.0157452483
0.9916021957
0.9788528446
0.9842994493
0.9915234983
1.0002009170
0.9984317449
0.9789862556
0.9847950625
0.9892136596
0.9845998760
1.0006093466
0.9922731132
0.9945578222
1.0125741364
1.0111808340
0.9908907432
0.9912109755
1.0019498415
0.9885929877
0.9779962391
0.9829949164
0.9828388373
0.9789708103
0.9764298368
0.9964820814
1.0046537704
1.0008528363
1.0088226507
1.0186647866
1.0048249761
0.9882523656
1.0040452889
1.0198308523
1.0141751861
1.0041899484
0.9936959550
0.9874520923
0.9927926311
0.9748629144
0.9716900967
0.9631582225
0.9750930358
0.9582425755
0.9498232948
0.9597405462
0.9684505938
0.9907448439
1.0164368343
1.0130594717
0.9960732260
0.9939210701
0.9891848924
0.9751662001
0.9765193766
0.9889492881
0.9985984475
0.9921317680
0.9782167227
0.9696257773
0.9533737245
0.9736122710
0.9816299550
0.9885269643
1.0103866420
1.0265383726
1.0143352177
1.0076209769
1.0134860592
1.0088110635
0.9941664631
0.9817302008
0.9750819894
0.9773048564
0.9824487535
0.9928348473
0.9981335979
0.9908284875
1.0420537939
1.0345636440
1.0002897057
0.9801003180
0.9851164877
0.9907047656
0.9948707084
0.9665111131
0.9620436704
0.9795382194
0.9746462322
0.9655436129
0.9793083433
0.9995713208
1.0029930760
0.9851509268
0.9847159133
1.0006937358
1.0116846541
1.0200315039
1.0450560637
1.0226498685
0.9915205812
0.9915027897
1.0094483703
1.0157960344
1.0173023903
1.0168207043
1.0168048657
1.0179069389
1.0119987965
0.9972762149
0.9865677021
0.9943063135
1.0118691009
1.0108128703
0.9938522276
0.9881170039
0.9871894521
1.0147256878
1.0166347493
1.0149184557
1.0240974057
1.0110351870
0.9987444284
0.9810008545
0.9653646654
0.9874515782
1.0091044957
0.9806726324
0.9292590878
0.8920077416
0.8684640908
0.8511773542
0.8497651946
0.8727264113
0.9010761721
0.9332686403
0.9486617643
0.9746904240
0.9973471472
1.0183052826
1.0039996852
0.9891901095
0.9707296496
0.9726333524
0.9738516664
0.9540556162
0.9251064509
0.9147151452
0.9323715159
0.9567065677
0.9766639029
0.9978681363
1.0054447155
0.9920500831
0.9905436748
0.9968207202
1.0000576511
1.0295351514
1.0233372201
1.0121479110
0.9945780562
1.0223217473
1.0154882990
0.9973818537
0.9885477572
0.9970830920
1.0140561219
1.0316133763
1.0381610325
1.0256172266
1.0091126325
1.0017382270
1.0061576446
1.0200358090
1.0205469975
1.0297372311
1.0076153370
1.0062527971
1.0130148411
1.0104835801
0.9857080267
0.9558770905
0.9955688648
1.0110173505
0.9944490020
0.9883176098
0.9951026883
1.0053633437
1.0188928721
1.0221468672
1.0056264366
0.9915864265
0.9998106965
1.0141209819
1.0187366501
1.0229906987
1.0348168349
1.0079885769
0.9915663594
0.9891174103
0.9870083813
0.9985770734
1.0023491973
1.0115070040
0.9909371565
0.9881321599
0.9767386731
0.9746129711
0.9771380706
0.9742732946
0.9816774420
1.0000331780
1.0118979763
1.0112191704
0.9999536976
0.9979965083
1.0219984141
1.0294026012
1.0159486948
0.9777248415
0.9813686044
0.9937076638
1.0169426591
1.0170486314
1.0124164024
1.0093672478
0.9986931299
0.9777652078
0.9725828651
0.9898607610
1.0048539024
1.0059011478
1.0049266074
1.0042432936
1.0033405353
1.0230069973
1.0316907877
1.0062360026
1.0025319990
1.0086458721
0.9852359471
0.9828036269
0.9998553277
1.0194462713
1.0152136599
1.0206547937
1.0164379445
1.0066027951
1.0018122527
1.0053092042
0.9911884193
0.9864951760
1.0020891114
0.9897389879
1.0016673560
0.9986129362
0.9962852116
0.9808831328
0.9856889688
1.0098195748
1.0230608569
1.0226332670
1.0160279963
1.0042161791
0.9979925041
1.0070056485
1.0128631045
1.0267346521
1.0243238507
1.0171015403
1.0240937522
1.0284015917
1.0135521632
0.9912457362
0.9959171125
1.0240616960
1.0231501558
0.9943395878
1.0111378606
1.0066792512
1.0145528696
1.0346122167
1.0350293557
1.0307430691
1.0350569626
1.0370435962
1.0366505962
1.0376096890
1.0298481156
1.0150627535
1.0190699115
1.0403842782
1.0367210691
1.0051957069
0.9963966904
1.0105153865
1.0144801062
0.9963527523
1.0083651368
1.0108129484
1.0007815182
1.0050933572
0.9932742517
0.9816199347
1.0076546592
1.0248246258
1.0160925588
1.0308386274
1.0287217388
1.0117819461
1.0175812542
1.0219862036
1.0051748710
0.9980502180
1.0041044809
1.0052675980
1.0044594314
1.0051520307
0.9992489968
0.9887632841
0.9792391758
0.9815436080
0.9877566638
0.9738344645
0.9742029635
0.9478605130
0.9463326114
0.9676941577
0.9804594944
0.9890901287
1.0105756459
1.0322984419
1.0424405241
1.0449812889
1.0360432538
1.0311729144
1.0168267342
0.9884301218
1.0091634550
1.0151279135
0.9959419054
0.9769341226
1.0001441987
0.9883050863
0.9751205742
0.9505321575
0.9569990397
0.9821339661
0.9914857786
0.9999809695
1.0227036108
1.0385435576
1.0218841965
0.9905133836
0.9887028468
1.0040845102
1.0179718683
1.0262872217
0.9994430673
0.9954741692
1.0095809746
0.9843839484
0.9592264781
0.9715545567
1.0157791054
1.0248920548
1.0095564162
0.9779519364
0.9872355800
1.0152217316
1.0268618873
1.0369877568
1.0332683231
1.0200501648
1.0378681703
1.0311972767
1.0192612143
1.0146047858
1.0214705776
1.0047405258
0.9755177440
0.9936042454
1.0088794816
0.9994412982
1.0013798355
1.0250284155
1.0271899690
1.0024649014
1.0055146110
1.0204648119
1.0117120027
1.0044942769
1.0088076493
1.0023584844
1.0030154439
1.0184895763
1.0266935327
0.9944279542
0.9771897002
0.9652049679
0.9485347600
0.9715471108
0.9996803457
0.9804588290
0.9689999843
0.9670262551
0.9794377224
0.9963198447
0.9954195276
0.9948866570
1.0007501046
1.0134076724
1.0150134175
1.0079389106
1.0243361652
1.0048009631
0.9858904249
0.9984173522
1.0090428776
1.0185004563
1.0271026822
1.0334460534
1.0159370780
1.0084132034
1.0135297472
1.0043946288
1.0004002007
1.0065357127
1.0079032463
0.9948376848
0.9817044967
0.9941194113
1.0063760021
0.9875341513
0.9737348719
0.9784535268
0.9915626174
0.9908393040
1.0015516150
1.0231248758
1.0302894549
1.0100096696
0.9974825210
0.9831562599
1.0105450992
1.0369271773
1.0224659333
1.0008829850
0.9985288624
1.0036734364
1.0012372924
1.0014491109
1.0101317143
1.0093611913
1.0003641361
1.0061005702
1.0105684627
1.0018460039
0.9962301126
0.9993654226
0.9992889754
0.9911210992
1.0092620941
1.0380964948
1.0454039090
1.0201851501
1.0166231637
1.0135072151
1.0118858287
1.0237802092
1.0313462336
1.0272270130
1.0225872240
1.0196759497
1.0189554220
1.0143460533
0.9905327686
0.9760479363
0.9850496561
0.9932987310
1.0081648277
0.9954853719
0.9985050644
0.9929220821
1.0136295754
1.0110489237
0.9940202416
0.9842256550
0.9778471504
0.9827523566
1.0081833353
1.0250102565
1.0140830046
1.0105787585
1.0255057584
1.0142847722
0.9873999084
0.9778574317
1.0024855325
0.9721497398
0.9667104579
0.9649021010
0.9807759757
0.9967186692
0.9780758004
0.9773118955
0.9824124195
0.9890216829
0.9911342129
0.9867584757
0.9953969629
1.0042878571
1.0005938414
1.0125492121
1.0216824905
0.9960958503
1.0112367798
1.0076917844
0.9984036191
0.9966035279
1.0357494133
1.0235300884
1.0123803025
0.9777561989
0.9799728389
1.0135238272
1.0368261730
1.0186200061
0.9882079788
0.9926770217
1.0119132910
1.0034019740
0.9794995415
0.9808629280
0.9941756383
0.9815729289
0.9880267912
1.0272469580
1.0330801811
1.0174638943
1.0175893494
1.0118405684
0.9936097537
0.9880286480
1.0014992154
1.0110546501
0.9903758851
0.9659669710
0.9649759090
0.9856309342
1.0145669328
1.0213996693
1.0000143363
0.9834460404
0.9908465849
1.0002438536
0.9858196200
0.9920631921
0.9996889543
1.0093182117
0.9948806312
0.9845440868
0.9953850569
0.9946405661
0.9984583341
0.9906204200
0.9917055011
0.9958191176
1.0006196000
0.9966062309
0.9775609103
0.9658737964
0.9833968834
0.9933343816
0.9851381463
1.0077519397
1.0021780309
0.9777818128
0.9834269552
0.9968465087
0.9890042059
0.9830796915
0.9931187806
0.9838589679
0.9724130539
1.0005091890
1.0196050552
1.0035747826
0.9815477475
0.9967496624
1.0125346784
0.9978725281
0.9957492608
1.0029815386
0.9884721519
0.9901021511
0.9862510276
0.9894448576
0.9929320564
1.0085302031
0.9958593191
0.9738565590
0.9917293294
0.9997487416
0.9830911859
1.0113806201
0.9988361745
0.9944334419
1.0029613071
1.0000459104
1.0044621145
0.9981129257
0.9868415518
0.9929956377
0.9965772812
0.9994907147
1.0024582809
1.0126070615
0.9913640939
1.0025481392
1.0194331550
1.0145261749
0.9947167318
0.9914978017
0.9806043329
0.9973542430
1.0089093709
0.9973104123
0.9750128183
0.9910645534
1.0044662550
1.0062870380
0.9953772635
0.9693784771
0.9626409330
0.9696530026
0.9817907869
0.9919570149
1.0019425639
1.0233693163
1.0196645756
0.9945119198
1.0054386843
1.0016907793
1.0263327504
1.0099484415
0.9864738537
1.0050198863
1.0116539079
1.0108348249
1.0046742919
1.0019732012
1.0083930844
1.0116593707
1.0117477799
1.0167335239
1.0157600734
0.9871462325
0.9811063493
1.0015748819
1.0062942914
1.0397897959
1.0041155220
0.9730276069
0.9804905408
1.0093580326
1.0059279645
0.9755748787
0.9824369205
0.9937918533
1.0070426691
1.0189260599
1.0194102212
1.0105686921
0.9992421200
0.9974476859
0.9946525249
0.9999551313
1.0281167964
1.0111766879
1.0118674977
0.9819064159
1.0052650310
1.0086261260
1.0024799509
1.0142000527
0.9950395311
0.9959326580
1.0023404565
0.9982277435
1.0048732886
1.0074400597
0.9989295859
0.9946320175
0.9995833368
1.0087131560
0.9989521809
0.9863391918
0.9941956850
1.0047950477
0.9986370924
0.9572399886
0.9751789222
1.0042782772
0.9858677132
0.9801213971
0.9809442755
0.9875052875
0.9945017424
0.9833547233
0.9913614704
0.9833377356
0.9766329843
0.9980785313
0.9978071338
0.9826117136
0.9886596413
1.0107544632
1.0034886062
0.9944718559
1.0394937671
1.0250379470
1.0297999786
0.9895153373
0.9867831437
0.9760982453
0.9928601521
0.9774677028
0.9869203461
0.9955258651
0.9962664830
1.0011062107
1.0004362504
0.9986892325
0.9948300797
0.9818290528
0.9856385510
0.9844618486
0.9894494282
1.0027388027
1.0075301628
0.9942547398
0.9713380637
0.9839784632
1.0102655905
1.0163896491
1.0165224060
0.9825819836
0.9569911897
0.9594554626
0.9640798797
0.9739595020
1.0022218172
1.0194566760
1.0062196405
0.9946329776
1.0019730513
1.0097943228
1.0045842032
0.9998308293
0.9973690868
0.9973408702
0.9983334092
0.9828930736
0.9952564496
0.9882953965
0.9930629016
1.0022848191
0.9836656677
0.9881798619
0.9884996336
0.9948987604
1.0119238393
1.0186556543
1.0030241249
0.9768577091
0.9745482421
0.9647965630
0.9967873317
1.0155587526
0.9776929182
0.9809363616
0.9944274838
0.9914747094
1.0147130380
0.9926232048
0.9895640073
1.0105540330
1.0204715796
0.9853136366
0.9771617810
0.9760181069
0.9643693409
0.9699132692
0.9906981624
1.0087303016
1.0034865315
0.9818666788
0.9642768944
0.9758735492
1.0186370224
0.9933176565
0.9679152092
0.9741013042
0.9559994485
0.9964842571
1.0134915907
0.9735052142
0.9228126400
0.9193821126
0.9241547761
0.9204384843
0.9297566450
0.9376301984
0.9303815898
0.9369522690
0.9632230574
0.9755817454
0.9687073371
0.9609135278
0.9616530293
0.9813882800
0.9817785663
0.9956405224
0.9913480621
0.9804846631
0.9682815215
0.9733040499
0.9737434645
0.9579185226
0.9654218152
0.9810441083
0.9672432527
0.9414706280
0.9433670021
0.9652218608
0.9772502721
0.9887272880
0.9929522537
0.9864752810
0.9796473385
0.9890936983
0.9905405452
1.0031325752
1.0066698091
0.9986128874
0.9804957004
0.9846172654
0.9880481566
0.9877227792
1.0059425078
1.0115287268
0.9967127974
0.9817783837
0.9760018566
0.9684987543
0.9454433396
0.9399620656
0.9550151460
0.9838871324
1.0058115834
0.9948672663
0.9829413486
0.9790898628
0.9872254332
1.0023571408
0.9923086527
0.9810952288
0.9933701617
1.0069548175
0.9986769536
0.9953160451
0.9980086370
0.9956056230
0.9994664711
1.0002897564
0.9860508941
0.9896948298
1.0105060543
1.0131744965
0.9831380534
0.9554342226
0.9910475408
0.9919903020
0.9624848946
1.0017666384
0.9943176457
0.9892384981
0.9953444940
0.9869170678
0.9819235428
0.9875513577
1.0024717411
1.0106768285
1.0015916977
0.9884476467
0.9812283924
0.9820996084
0.9788156251
0.9804068172
0.9714598279
0.9578594857
0.9758462791
0.9829931166
0.9685398968
0.9679401866
0.9708388232
0.9782751328
0.9975681019
1.0075013502
1.0039504315
0.9890752330
0.9904250293
0.9978341845
0.9972380949
0.9947741380
0.9809348379
0.9832434909
1.0021789182
1.0105791200
0.9862696091
0.9821745994
1.0067274311
1.0066030603
1.0182222359
1.0014539456
0.9997432206
1.0220909642
1.0185389764
1.0318503247
1.0118922035
0.9749174657
0.9769282309
0.9935509588
0.9897381492
0.9906115920
1.0071492895
1.0084479754
0.9883761767
0.9713400874
1.0006803505
0.9982169467
0.9779426044
0.9747483784
0.9490312690
0.9814131889
0.9966088463
0.9951800111
0.9980255546
0.9913999072
0.9940892563
0.9942767512
0.9951889586
0.9957542826
1.0029632988
1.0042807902
0.9859151530
0.9980643447
0.9920350256
0.9891543573
0.9908924723
0.9674187418
1.0214336721
1.0177256854
1.0019474905
0.9931679686
0.9860892715
0.9781374245
0.9986642863
1.0007745929
0.9859101543
0.9865444582
0.9898986404
0.9714491829
0.9480404135
0.9222443845
0.8907268283
0.8986077847
0.9220242288
0.9408515403
0.9698145487
0.9831719738
1.0148576859
0.9822117907
0.9679786240
1.0086269289
1.0332999297
1.0116936866
1.0097583291
1.0109472492
1.0328434142
1.0232028865
1.0032557133
1.0039285207
1.0127706394
1.0244689278
1.0273120713
1.0100505417
0.9937250215
1.0070056437
0.9922594659
0.9661797856
0.9783250290
0.9940285524
0.9787643033
0.9503513330
0.9825438186
0.9967236566
0.9790037748
0.9865537937
0.9910818266
0.9943145362
0.9958247513
0.9995721322
0.9955623512
0.9886811567
0.9976337553
0.9819393159
0.9569769327
0.9807192141
0.9880737379
0.9876295060
0.9818016593
0.9923493092
1.0057457959
0.9957556031
1.0109382008
1.0045890722
1.0097852329
1.0023898260
1.0004771640
0.9931789959
0.9923404553
1.0064027940
1.0183484377
1.0139149500
0.9894501257
0.9678100809
0.9890884569
1.0289985544
1.0406256344
1.0342354574
1.0102819975
0.9797202364
0.9951539945
1.0165679623
1.0152685530
1.0173081742
1.0139533309
1.0377749505
1.0161986785
0.9934853091
1.0053422184
1.0133381766
0.9989511297
0.9874502179
0.9992334422
1.0165942449
1.0011774529
0.9761231854
0.9822807025
1.0140411731
1.0145564303
0.9893424413
0.9787004008
0.9928332816
1.0179011554
1.0096429655
1.0004855726
1.0097379750
1.0201086976
1.0140742137
1.0125386433
1.0104838963
1.0078426739
1.0166324296
1.0152799738
0.9963305687
0.9896719891
0.9963018071
0.9985276396
1.0173532939
1.0067306950
1.0325843312
1.0286119209
1.0329049266
1.0397274595
1.0157406109
1.0015604586
1.0073978725
1.0190783041
1.0185265572
1.0070725131
1.0054741443
1.0206275943
1.0328626652
1.0315429488
1.0211316661
0.9998912280
1.0014274768
1.0279666946
1.0024853099
0.9972471469
0.9993448919
0.9801953144
1.0096900606
1.0585678791
1.0298785676
0.9965354185
1.0031222158
1.0021290171
1.0066519489
1.0215505414
1.0296288858
1.0209479771
0.9975199209
0.9892197117
1.0124687645
1.0245825077
1.0224143064
1.0017626434
0.9975836780
1.0204945665
1.0360779709
1.0445840679
1.0458370967
1.0366838431
1.0347430042
1.0184174837
1.0078544861
1.0066141489
1.0145886758
1.0060301756
0.9794170676
0.9689085509
0.9765502217
0.9898164237
1.0109179664
1.0138592973
1.0132500565
1.0185922590
1.0260538133
1.0038669656
1.0104705931
1.0086418788
1.0059575043
0.9849463255
0.9931798185
0.9836660203
1.0030591220
1.0176484110
1.0366390381
1.0383264155
1.0174362081
1.0033527903
1.0028889120
0.9985138381
0.9921722246
1.0001379206
1.0086135496
1.0077549082
1.0043862510
0.9984991619
0.9839656540
0.9926187178
0.9894693592
0.9857185322
0.9953459828
1.0363230701
1.0669029205
0.9987242244
0.9702156263
0.9948783215
1.0090122398
1.0134624453
1.0230564424
1.0306594760
1.0204602660
0.9944618254
1.0015458369
1.0053770143
0.9957725746
1.0094252445
1.0053266488
1.0302789780
1.0750397625
1.0426531484
1.0142327940
1.0058465512
1.0195456967
1.0075312285
0.9817083971
0.9914312983
1.0116973280
1.0240110133
1.0253949797
1.0285110032
1.0385654445
1.0099375045
1.0037947053
1.0017841968
1.0091448883
1.0212835714
0.9960156178
0.9944496472
1.0153033432
0.9881661689
0.9874931221
0.9930457362
1.0043282313
1.0227987594
1.0349279584
1.0253482395
1.0324999883
1.0462015936
1.0328523369
1.0139210403
1.0067154807
1.0114717445
1.0314458389
1.0118785028
1.0234852706
1.0211179297
1.0036402241
1.0159648455
1.0032322053
0.9699074588
0.9907396259
1.0014263969
0.9924589067
1.0017152263
1.0278226494
1.0246886071
1.0211760430
1.0224224336
1.0210114803
1.0234473985
1.0063623122
0.9894878506
1.0048655776
1.0007592710
1.0042528326
1.0001920492
1.0185188493
1.0240461792
1.0320510318
1.0067183716
1.0199316296
1.0132895943
0.9999393420
1.0045820950
1.0217312943
0.9990246203
0.9868010849
1.0069438415
1.0040629451
0.9843223161
0.9851661509
0.9963356276
1.0263896890
1.0314922156
1.0244400610
1.0136701482
1.0031071438
0.9968622784
0.9959171779
1.0088742038
1.0306930953
1.0154788740
0.9900293175
0.9954638820
1.0059147753
1.0042263663
1.0207028922
1.0178373998
1.0031318477
1.0102018805
1.0065200177
1.0021135124
1.0075545363
1.0187155660
1.0227091866
1.0165378046
1.0253254918
1.0110242220
1.0206762859
0.9694948941
1.0034394186
0.9904613593
0.9990647263
0.9899001614
0.9883765165
1.0164316831
1.0445743772
1.0452656089
1.0222372676
1.0056217811
0.9997001544
0.9779184278
0.9640043388
0.9580393302
0.9380349956
0.9353295315
0.9500903352
0.9389229925
0.9147055747
0.9331460080
0.9265703926
0.9285524497
0.9454228446
0.9705236851
0.9869810869
1.0025959233
1.0038840228
1.0060548303
1.0166357267
1.0141466078
0.9980567479
0.9878071572
0.9894214644
0.9788910368
0.9802226572
0.9812695866
0.9863832224
1.0144203263
1.0069292768
0.9918319031
0.9956783645
1.0132437818
1.0170806904
1.0059694580
0.9907469945
1.0003057022
1.0116583426
1.0021876468
0.9846459179
0.9753241360
0.9923611304
1.0293584451
1.0417488938
1.0413101865
0.9986478561
1.0180386391
1.0465202950
1.0172062247
1.0170694323
1.0215378151
1.0221951442
1.0403334673
1.0119031876
1.0078300901
0.9956509032
1.0123458555
1.0194850452
1.0140765107
1.0174302743
1.0262546846
1.0207420738
0.9944557952
0.9912499065
0.9728760540
0.9844466766
1.0210480505
1.0007209447
0.9858690870
0.9863559415
0.9795171884
0.9855919574
1.0078289774
0.9984980657
0.9942339548
0.9920755020
0.9829685177
1.0046239010
1.0622695714
1.0671053757
1.0200693210
0.9995972671
0.9900919682
0.9842497214
0.9850577023
0.9905609209
0.9921769647
1.0188080889
0.9983889483
0.9792220921
0.9926014840
1.0028157662
0.9909659246
1.0028918136
0.9968027377
1.0040384154
1.0075368515
1.0149496521
1.0263343905
1.0267761406
1.0121179483
0.9938022324
0.9847705627
0.9844312120
0.9974548287
0.9951617678
0.9750178713
0.9685517835
0.9641657772
0.9795881501
0.9934521623
1.0042448259
0.9889569564
0.9878230707
1.0031427658
1.0098842984
0.9980177329
0.9891592302
0.9993756298
1.0057047251
0.9951101578
0.9851973315
0.9871793214
0.9887209469
0.9633480131
0.9587207916
1.0013920950
1.0167431116
0.9975463468
1.0062883799
1.0291283537
1.0259001611
1.0079417688
0.9899629074
0.9928413675
0.9981577708
0.9829604149
0.9854196677
1.0059695718
1.0133013619
1.0108977887
1.0080385390
0.9972985518
0.9891247908
0.9939474864
1.0085561987
0.9982707428
0.9758597510
0.9727868562
0.9823693834
0.9848803684
0.9877214157
0.9990997829
0.9946239428
1.0083463761
1.0133558511
1.0219417800
1.0227775613
1.0006387934
0.9777423844
0.9904445288
1.0210402646
1.0205667157
1.0082150300
1.0148851493
0.9900314108
0.9706214140
0.9819452828
0.9866322223
1.0085976769
1.0098676215
1.0251483808
1.0031858193
0.9752098476
0.9698038644
0.9683687918
0.9746928925
0.9787632735
0.9767397464
0.9807550916
0.9896726338
0.9898440049
0.9879130227
0.9876854829
0.9756029863
0.9993711368
1.0058699289
1.0050740701
1.0180096884
0.9921695851
0.9823709854
1.0089892346
1.0076020948
0.9869591594
0.9933235171
1.0005693382
0.9929140360
0.9872211788
1.0099047789
1.0115420645
0.9772264169
0.9786955604
0.9989007994
0.9804639816
