#flux
0.9579010805
0.9503480408
0.9805669340
0.9968608875
0.9944260537
0.9810591081
0.9866436963
0.9873656896
0.9841352222
0.9820781863
0.9749147367
0.9706527982
0.9794072092
0.9971796477
1.0038159157
0.9858491275
0.9917280230
0.9542691244
0.9670062510
0.9680463629
0.9725102398
0.9900554690
0.9709941342
0.9824068486
0.9659449220
0.9602358545
0.9638232778
0.9787869031
0.9836408137
0.9787863876
0.9842424320
0.9849718490
0.9649535497
0.9539198683
0.9698054437
0.9957447322
1.0235499954
0.9692792082
0.9436074218
0.9569668623
0.9272083390
0.8850589628
0.9331334138
0.9768560342
0.9608168235
0.9706404624
0.9936316977
0.9827801986
0.9632311836
0.9605367102
0.9550059527
0.9426640607
0.9312813538
0.9226838939
0.9531174727
1.0057147521
1.0221422384
1.0126717578
0.9773482917
0.9567942953
0.9671885056
0.9616701320
0.9700416567
0.9589912948
0.9532483382
0.9387883144
0.9554048770
0.9655749946
0.9538178391
0.9531684727
0.9628703807
0.9500378362
0.9428362283
0.9671569401
0.9690840156
0.9745659128
0.9505204795
0.9601532457
0.9661334037
0.9536463283
0.9495251232
0.9384835208
0.9485982377
0.9522277074
0.9296894780
0.9470707807
0.9663817965
0.9586740461
0.9363127520
0.9118594361
0.8872698272
0.8754371569
0.8895480062
0.9148859206
0.9280333342
0.9351818827
0.9574352540
0.9698105019
0.9610737256
0.9462843250
0.9398046158
0.9247665268
0.8950876298
0.9381766544
0.9486861547
0.9629890158
0.9483412872
0.9093526606
0.9073072139
0.9516221272
0.9816023531
0.9719164695
0.9612932342
0.9511087229
0.9184982362
0.9106850516
0.9043097399
0.9160433965
0.9049853919
0.9217470474
0.9547628055
0.9392725476
0.9574198208
0.9112923057
0.9261960747
0.9443779067
0.9195180319
0.9205933807
0.9385116986
0.9451528264
0.9443907563
0.9249475060
0.8877491720
0.8729685070
0.8858647074
0.8997464149
0.9372438663
0.9578184417
0.9138030619
0.8786927370
0.8565983376
0.8646737226
0.9343162678
0.9239895839
0.9034555900
0.8905188194
0.8834907710
0.8933496696
0.8994250762
0.8985829002
0.9070587657
0.9164882597
0.8988294238
0.8608064876
0.8458875076
0.8633343223
0.8719138981
0.8325846985
0.8332643628
0.8240773365
0.8010190142
0.8120223270
0.8451184160
0.8619329863
0.8776797816
0.8711100811
0.8603672953
0.8489140325
0.8539735015
0.8467162506
0.8343508237
0.8464475901
0.8651848120
0.8559528608
0.8188687614
0.7900872229
0.7957558133
0.8066042150
0.8460220066
0.8224040641
0.8328342809
0.8317649864
0.8304364542
0.8270997476
0.7984597233
0.7870695224
0.7893651807
0.7923906930
0.8037925407
0.7833067546
0.7351396963
0.7267021658
0.7621150855
0.7808440180
0.7660824836
0.7346766810
0.7030425198
0.6984202631
0.6866095407
0.6959228137
0.6654325084
0.6114166737
0.5677508620
0.5191396048
0.4404410791
0.3714389478
0.3414075903
0.2933564353
0.2517977298
0.2176587809
0.2062129941
0.1998771687
0.1883041390
0.1966328183
0.2052321892
0.1953355927
0.1867389599
0.1974665224
0.2177544754
0.2489046750
0.2826877362
0.3338117410
0.3687287373
0.4373139803
0.4892301395
0.5467812450
0.6026844298
0.6369823265
0.6620277107
0.6906613417
0.7121522568
0.7188014220
0.7126415532
0.7147191911
0.7353121488
0.7454497828
0.7550853846
0.7642686348
0.7845363959
0.8155482018
0.8244008066
0.8088126208
0.8111908681
0.7827187379
0.8071300820
0.8320016640
0.8308145458
0.8501188306
0.8616752292
0.8437083263
0.8324387315
0.8403452350
0.8308465654
0.8172505405
0.8229034255
0.8182848905
0.8481396743
0.8774855419
0.8610308710
0.8550410260
0.8662779311
0.8685306325
0.8646711292
0.8616940318
0.8587592645
0.8882820381
0.8830964723
0.8703605399
0.8893137393
0.8901308956
0.8654125229
0.8524179359
0.8751409510
0.9088851154
0.9010821396
0.8812349675
0.9213735388
0.9397154535
0.9247222161
0.9110253638
0.8988049409
0.8840711470
0.9190138905
0.9063994941
0.8810896792
0.8992202236
0.9170178200
0.9065163701
0.8965188203
0.8929339364
0.9013356414
0.9064074354
0.9112921523
0.9319376747
0.9466001618
0.9351698342
0.9192393830
0.9308636520
0.9514925058
0.9294278819
0.8995415723
0.9487557913
0.9295314190
0.8925671051
0.9235596906
0.9273212499
0.9069278284
0.9193245277
0.9494578445
0.9507693492
0.9283276044
0.9205193290
0.9432804896
0.9659394076
0.9738676680
0.9787785424
0.9450181118
0.8967740746
0.9005633028
0.8472051657
0.7761724009
0.7643665295
0.7962921923
0.8661311607
0.9357683550
0.9446164855
0.9601167581
0.9472391799
0.9295883996
0.9448268071
0.9620603704
0.9723028328
0.9684591675
0.9378764693
0.9144561179
0.9217572190
0.9302521454
0.9417359013
0.9611209146
0.9812054213
0.9458032565
0.9406357437
0.9184221614
0.9425862334
0.9473924698
0.9162214986
0.9091325446
0.9242702246
0.9154221379
0.9287080985
0.9446355363
0.9132172686
0.9128827965
0.9601214776
0.9633535671
0.9444002100
0.9595039459
0.9797602388
0.9871005222
0.9746535036
0.9444256432
0.9408702052
0.9453121410
0.9755826978
0.9949294368
0.9772489885
0.9450655749
0.9222029626
0.9289280317
0.9572242472
0.9592955918
0.9319650554
0.9239178062
0.9429025441
0.9515061542
0.9301810380
0.9082779095
0.9326518015
0.9218334291
0.8959450838
0.9141847277
0.9563772709
0.9851813951
0.9642507502
0.9434873632
0.9600854358
0.9753857535
0.9798647187
0.9947330978
1.0044886048
0.9685042228
0.9373580179
0.9421089189
0.9530801150
0.9666252158
0.9737894679
0.9452417270
0.9298550196
0.9497729995
0.9690087558
0.9893287415
0.9826438818
0.9533812059
0.9225894236
0.9655190750
0.9786162478
0.9622263180
0.9963027620
1.0306804251
0.9975376732
0.9541953313
0.9623715044
0.9723722233
0.9412154388
0.9162299898
0.9099264302
0.8918571907
0.9018124547
0.8975218100
0.8841483898
0.9113470895
0.9616287451
0.9878009249
0.9665351169
0.9463474712
0.9492603133
0.9723348118
1.0051915981
0.9740638752
0.9700971712
0.9617468126
0.9581074738
0.9711934539
0.9803256989
0.9782887032
0.9752489646
0.9873534557
1.0027274581
0.9994252327
0.9726376835
0.9536852386
0.9780943187
0.9900674633
0.9529877245
0.9766687969
1.0019499970
0.9788094294
0.9538938392
0.9401186980
0.9597879734
0.9667028618
0.9682545408
0.9942895659
1.0178834000
1.0149259522
0.9955518796
0.9869067750
1.0166354973
1.0110410248
0.9670178832
0.9950454864
1.0060738160
0.9944209434
0.9955032115
1.0012932195
0.9876157693
0.9781922350
0.9804111842
0.9834793217
0.9960780873
0.9932888137
1.0165965188
1.0454998106
1.0334250984
0.9974468505
0.9838508440
0.9971848060
0.9937352588
0.9823975263
0.9864217955
0.9944553449
0.9823965263
0.9664482251
0.9713484904
0.9654857192
0.9672652629
0.9816238581
0.9710224311
1.0037928079
0.9987879726
0.9841853108
0.9851332348
1.0005634031
1.0067098566
0.9932421870
0.9793009627
0.9789328651
0.9981364496
1.0048787433
0.9541806455
0.9382688805
0.9573900446
1.0047959288
0.9628406590
0.9672998163
0.9814365736
1.0222300571
1.0190702496
0.9757196867
0.9624286996
0.9708171977
0.9572894500
0.9417728166
0.9520948472
0.9632350361
0.9682362854
0.9810750641
0.9797978344
0.9794747982
0.9775580783
0.9636746916
0.9618825518
0.9371450079
0.9376168425
0.9627381822
0.9857813652
0.9975082042
1.0042936226
1.0073420272
1.0003376834
1.0118520411
1.0197355206
0.9903684004
0.9776620493
1.0013694494
1.0133939188
1.0092629590
1.0079375779
1.0083017661
1.0028697108
1.0058153576
1.0139455971
0.9945818106
0.9653464647
0.9912955797
1.0308329335
1.0163367154
0.9677627902
0.9751377400
0.9842805138
0.9754920811
0.9803619873
1.0005710681
1.0151535742
1.0104414478
0.9923399965
0.9831776135
0.9903159455
0.9912756347
0.9707631966
0.9439499843
0.9468799911
1.0024338428
0.9915496083
0.9866030455
0.9560156081
0.9817343514
0.9637266356
0.9812107625
0.9856899773
1.0017283739
1.0150859826
1.0052718636
0.9927028309
0.9938781075
0.9936162241
0.9863770014
0.9933796619
0.9956642776
0.9503136016
0.9589212217
0.9998513787
0.9832430067
1.0150503846
1.0373615139
1.0062398796
0.9658337071
0.9901206451
1.0106979392
0.9888236464
0.9786933322
1.0093989811
1.0292631916
1.0075465639
0.9910293333
0.9979457836
1.0114418741
1.0229192800
1.0030469576
0.9940096317
0.9686677249
0.9863470122
0.9877656957
0.9647059166
0.9584205906
0.9541059289
0.9204387248
0.9139016277
0.9463368087
0.9733242697
0.9846574312
0.9831729165
0.9992190924
1.0607057070
1.0943322854
1.0300577557
0.9671952368
0.9967743640
1.0273810128
1.0297331071
1.0024413978
0.9857294405
1.0101250079
0.9766093095
0.9444946422
0.9729674542
0.9925184813
0.9803275512
0.9757410840
0.9869306420
0.9914830715
0.9954486938
0.9878351896
0.9843537376
1.0075869394
1.0124328436
0.9911732679
1.0084951483
1.0260956726
0.9897680317
0.9761039831
0.9652162068
0.9898728806
1.0044318216
1.0008779101
1.0052598393
0.9772824297
1.0044911970
1.0380452340
1.0183503190
1.0363404068
0.9994637003
0.9674463136
0.9708778085
0.9692437959
0.9904164442
1.0166146826
1.0002645504
1.0066407912
1.0122747964
0.9936892387
1.0147689562
1.0261624982
1.0194882928
1.0402955789
1.0024386066
0.9768284328
0.9831594843
0.9854921252
0.9735331141
1.0086548579
1.0467750447
1.0245971089
1.0007182372
0.9966154683
1.0098003301
1.0262807526
1.0065732267
0.9854882365
0.9891377000
0.9906019239
0.9881219628
0.9929014396
0.9781325117
0.9532071139
0.9758156456
1.0039495208
1.0123072615
0.9865115678
0.9536376680
0.9428867049
0.9598452411
0.9641332710
0.9834448146
0.9959744891
0.9874509604
0.9920812388
0.9987164390
0.9860838137
0.9734023051
0.9798848993
1.0151394267
1.0231753228
0.9755049152
0.9541666085
0.9443892484
0.9123501596
0.9376768812
0.9832133854
0.9657034063
0.9711745194
0.9626525164
0.9187401127
0.8313142763
0.7468419803
0.7028448496
0.7161159435
0.7864466684
0.8692466216
0.9433196508
0.9847304297
0.9952504112
0.9995732923
0.9969403811
0.9911094181
1.0068200492
0.9991528243
0.9506924680
0.9417699044
0.8934271060
0.8469087988
0.8138267867
0.8081719789
0.8574567990
0.9312259606
0.9598266138
0.9635441479
0.9811606348
0.9867849496
1.0007086814
1.0020312892
0.9744785835
0.9625261787
0.9878685174
1.0095552976
1.0078920194
1.0095507923
0.9996566681
0.9823635644
1.0108701636
1.0223218699
1.0000266196
0.9925094303
0.9904185037
1.0059355807
1.0080424794
0.9961659731
0.9859471260
0.9610355173
0.9786704303
0.9980695837
0.9976578646
0.9906848598
0.9956999410
0.9869571287
0.9717156802
0.9759968485
1.0033366704
1.0213298507
1.0072475560
0.9903508840
0.9729702351
0.9784982429
0.9862841342
0.9824406396
0.9808524695
0.9933986864
1.0080205196
1.0092445693
0.9958861618
0.9669831482
0.9814817154
1.0411052951
1.0152523187
1.0000524588
1.0143732505
1.0131249460
0.9873634038
0.9725920957
0.9860914289
0.9956704174
0.9853119621
0.9702734650
0.9617131454
0.9706762738
0.9869947342
0.9912531559
1.0002971914
1.0256851821
1.0172093426
0.9727181242
0.9834926562
0.9857105286
0.9755122516
0.9445923201
0.9420317054
0.9765543504
1.0075451041
0.9824650541
0.9907080936
0.9816533055
0.9579346151
0.9483337236
0.9593612402
0.9856068995
1.0107631394
1.0177304054
1.0037400764
0.9836421002
0.9822587800
0.9974607645
0.9857325616
0.9633390861
0.9723194995
0.9900975860
1.0106530356
0.9739807778
0.9825479283
0.9832662011
0.9383471039
0.9846732156
1.0019180029
0.9865873863
0.9811557740
0.9596598673
0.9659445988
1.0014609065
1.0067089460
1.0048604198
1.0271294876
1.0338434593
1.0138664630
0.9967607028
0.9896423204
0.9825481776
0.9766927339
1.0055070031
1.0344426557
1.0133646077
1.0088021529
1.0008391372
1.0273737004
1.0097938284
1.0022273070
1.0025942033
0.9893495007
0.9734321367
0.9756291377
0.9790919863
0.9650033368
0.9915047990
1.0226308643
0.9966341272
0.9841789403
0.9937236039
1.0136648920
0.9964785227
0.9792590697
0.9695548369
0.9489996838
0.9616052889
0.9813522918
0.9855300214
1.0029078897
1.0088058395
1.0163431390
1.0147966568
0.9816393985
0.9498392182
0.9671852605
1.0150839699
0.9834586227
0.9731944563
0.9908827076
1.0386672713
1.0173916919
0.9940186035
0.9854854510
1.0165539167
1.0192628134
0.9875178997
1.0060126349
0.9901202868
0.9669866815
0.9827878525
1.0119933015
1.0125611197
1.0039743237
1.0097334715
1.0094171711
1.0079552424
1.0065432389
0.9863631848
0.9683598452
0.9575942892
0.9461077613
0.9508986823
0.9654205626
0.9554092294
0.9503246147
0.9402257511
0.9496764065
0.9470052143
0.9944146141
0.9952254667
0.9919966271
0.9992326296
0.9969590497
1.0029886898
0.9976118162
1.0101944893
1.0342530398
0.9956724468
0.9751502616
1.0253401821
0.9982561237
1.0147305957
0.9957364096
0.9373342865
0.9690612678
1.0097984314
0.9954221526
0.9740213484
0.9683241224
0.9702948191
0.9701573667
0.9714680753
0.9906347756
1.0191516628
1.0252113845
1.0083960858
0.9870441998
0.9650307128
0.9632302302
0.9861311500
1.0139825692
1.0015520599
1.0138008611
0.9727025449
0.9633045478
0.9841204009
1.0058176364
0.9969521071
0.9951942334
0.9892208053
1.0122556650
1.0418075888
1.0480457938
1.0299777144
0.9959294044
0.9997298880
1.0339197355
1.0278655817
0.9893152331
0.9810331358
0.9723591781
0.9778719988
0.9813926538
0.9514172705
0.9659900430
0.9689291562
0.9692165255
1.0101985450
1.0240745914
0.9935125274
0.9743814857
0.9770700620
0.9836853988
1.0076510316
1.0415608661
1.0317891074
0.9842647301
0.9633152571
0.9100351438
0.8660115076
0.8607730308
0.8643918842
0.8964968381
0.9509083085
0.9520663790
0.9805661713
1.0210244860
1.0119454318
1.0059936442
0.9911461464
0.9629349482
0.9692194677
1.0070641974
1.0201797677
1.0037039050
0.9981080850
0.9942678423
0.9698915416
0.9842450442
1.0033780791
0.9790582901
1.0249493473
0.9917682061
1.0181379095
1.0279731307
1.0236798970
1.0046497979
0.9940870322
0.9825690325
0.9997609318
1.0124321404
0.9933016458
0.9821221632
0.9830732053
0.9810850439
1.0019825061
1.0164203096
0.9935652637
0.9936677042
1.0161994985
1.0448047137
1.0578559948
1.0047565494
0.9582290896
0.9668046311
1.0061794958
0.9926324623
0.9686544312
0.9848033234
0.9898277604
0.9864006335
0.9998856309
1.0287482778
1.0183749958
0.9833669905
1.0121248931
1.0554547097
1.0385806937
1.0037738035
0.9857026699
0.9788639454
0.9817163718
1.0072939520
0.9942901204
1.0015603031
1.0028026268
0.9719486624
0.9828149973
1.0118046055
1.0117151518
0.9923631029
0.9773185502
0.9660350936
0.9652711038
0.9904868907
1.0161464580
1.0045460877
0.9811118719
0.9704934415
0.9779434224
1.0094927520
0.9881879870
1.0067791533
1.0556854341
1.0530084033
1.0440031119
1.0108443094
1.0045882044
1.0041341364
0.9886405628
0.9836801780
1.0040339414
1.0260917090
1.0236334486
1.0054226046
0.9968035224
0.9951383547
0.9815473267
0.9680447188
0.9795905302
0.9988465111
1.0113257564
1.0189816631
0.9959716843
0.9726739340
0.9890729145
1.0072099106
1.0078412230
1.0445149913
1.0616924233
1.0027873654
0.9544454072
0.9494425530
0.9494130974
0.9402086301
0.9442006994
0.9784251292
0.9931776233
0.9813450232
0.9796049185
0.9770830052
1.0100359330
0.9728907468
0.9707468728
0.9963648287
1.0215601602
1.0312709044
0.9758332685
0.9411576486
0.9640092610
1.0099053967
1.0062814744
0.9997792927
1.0052676222
0.9702038820
0.9419307283
0.9817657525
1.0090058003
0.9626870689
0.9544171646
0.9934590626
1.0004495238
0.9930444563
0.9789858001
0.9692706402
0.9432752378
0.9582667522
0.9629433626
0.9329019760
0.9755983160
1.0011986595
0.9859654980
0.9832065165
0.9998897399
1.0088338476
1.0025731922
0.9909318443
0.9817843184
0.9880933683
0.9967622786
0.9931972271
0.9783090569
0.9631389473
0.9677097552
0.9740479868
0.9589199450
0.9419408951
0.9708298834
0.9664562417
0.9666233466
0.9866412128
1.0009509447
1.0036127674
0.9962952898
0.9951718555
1.0115513791
1.0252561132
1.0149153824
0.9703564181
0.9547716700
0.9787980555
0.9967006290
1.0271232570
1.0056884178
0.9965512515
1.0198447419
1.0233259358
0.9979286906
0.9935259937
1.0028342056
0.9894738926
0.9849271526
0.9769880499
0.9864524418
1.0145232537
1.0016501050
0.9698004124
0.9866167911
1.0104197157
0.9869680710
0.9855631177
0.9972679679
1.0419207900
1.0026958061
1.0026625866
1.0121935485
1.0327101559
1.0032796555
1.0022957322
0.9962857644
0.9801223522
0.9826640967
0.9883817597
0.9886768456
0.9933498803
0.9822946027
0.9588393256
0.9631568945
0.9723907608
0.9892941894
1.0083583489
1.0120790346
1.0138515981
1.0000666582
0.9753106964
0.9470920682
0.9675489795
0.9602544201
0.9625606950
0.9623486003
0.9897291517
1.0279162333
1.0358251189
1.0409839054
1.0154959497
0.9639550989
0.9710837547
0.9895603691
0.9674621117
0.9713837491
0.9711568245
0.9804793675
0.9712782052
0.9635079587
0.9606042114
0.9775512954
0.9994637691
1.0008780017
0.9951227804
0.9962843626
0.9639371142
0.9601777722
0.9858970036
0.9882436485
0.9857700308
1.0062665928
1.0144618197
1.0137357062
1.0297760910
0.9896744988
0.9892163561
1.0304234138
1.0042437057
0.9932571408
0.9633782085
0.9727127810
0.9893361132
0.9977003713
0.9537610730
0.9445114711
0.9337508311
0.9483406174
0.9920042233
1.0026605975
0.9952231116
1.0347210683
1.0599629360
1.0045552146
0.9826741368
1.0139624164
1.0188932834
1.0177404377
1.0421151430
1.0097320199
0.9804656217
0.9708512799
0.9781687610
1.0287247588
1.0015704858
0.9696731200
0.9882560906
1.0005026178
0.9861366347
0.9715417730
0.9933378161
1.0117495180
0.9919779431
0.9878592454
0.9953420389
0.9994797320
1.0240245925
1.0225342472
0.9673932264
0.9416200341
0.9583411453
0.9645474462
0.9482262926
0.9531443668
0.9583748473
1.0039903300
0.9974784601
1.0016841941
1.0032192212
0.9953020300
0.9956758030
0.9974452766
0.9896640371
0.9874177056
1.0006557284
0.9816470483
0.9627373728
0.9552152858
1.0327618069
1.0342394248
1.0211644451
1.0429755818
1.0090146474
0.9750031110
0.9697361347
0.9866930676
0.9852381892
1.0133777239
1.0053730096
0.9676654615
0.9357684864
0.9214786398
0.9431929950
0.9839899798
1.0131672867
1.0290249600
1.0128922936
0.9915017078
1.0165766976
1.0462388298
1.0122546454
0.9538080002
0.9661663552
0.9829777226
0.9778741113
0.9540118028
0.9599351649
0.9923557264
1.0030378770
0.9957415061
0.9967665904
0.9962151538
0.9952355689
1.0196009887
1.0467238550
1.0424708907
1.0327134214
0.9923848064
0.9933517607
0.9657649317
0.9618953473
0.9959343473
1.0022930401
1.0071241536
1.0311584774
1.0178847350
0.9847510586
0.9776662423
0.9753370421
0.9560490969
0.9526210160
0.9717721067
0.9731646687
0.9502883412
0.9598282338
1.0120974506
0.9975632060
0.9932118156
0.9883741897
0.9615858787
0.9898306413
0.9974722980
0.9742282474
0.9730460191
0.9587798455
0.9530824154
0.9581289529
1.0208982426
1.0264144656
1.0113609296
1.0098144790
1.0049919687
1.0096830081
1.0109193359
0.9997323763
1.0063509751
0.9925033003
0.9589306520
0.9404571964
0.9255644603
0.9184836008
0.8987276135
0.9255689733
0.9626505983
0.9355635336
0.9074261835
0.8970569563
0.8804801625
0.8737277808
0.8914873975
0.9153626419
0.9291362794
0.9207406818
0.9123387888
0.9360305469
0.9642103670
1.0012818035
0.9916411911
0.9692998985
0.9886093482
0.9415272590
0.9555495022
0.9521321225
1.0112357426
0.9937968233
0.9527505900
0.9812853834
1.0039303464
0.9563559037
0.9359307878
0.9299845799
0.9333386688
0.9548479978
0.9454257006
0.9196722806
0.9282411409
0.9665475192
0.9546487445
0.9376980500
0.9628637648
0.9742683344
0.9907878383
1.0010135419
0.9948053064
0.9753925000
0.9856007377
0.9954178941
0.9861444002
0.9578487158
0.9607662572
0.9915155694
0.9905079365
0.9721984385
0.9770134619
0.9941135334
1.0092507846
0.9892775794
0.9972104046
1.0068169242
0.9773716855
0.9719149007
0.9583516456
0.9841126520
1.0152490017
1.0336190027
1.0042506644
0.9756791398
1.0009737238
1.0166636823
1.0091030302
0.9917519489
1.0039150743
0.9985063853
0.9581607852
0.9642359068
0.9777574130
0.9595009072
0.9529554669
0.9436211048
0.9640794143
0.9686702366
0.9787134055
1.0090426979
1.0000846621
0.9524507712
0.9651681201
0.9580386742
0.9706148016
0.9609455707
0.9417570570
0.9693726262
0.9918162569
0.9802761145
0.9753499264
0.9834061685
1.0039174639
1.0196144875
1.0039411153
1.0098509718
0.9862855038
1.0249886921
0.9922061470
0.9763940653
1.0043550280
1.0152304961
0.9732387254
0.9401698980
0.9387947681
0.9710722057
1.0041935120
0.9838591732
0.9627966900
0.9733446693
0.9852537017
0.9884656142
0.9892089285
1.0112115099
1.0094830225
0.9814256525
0.9914882554
0.9984350367
0.9854044524
0.9942543242
0.9950284087
0.9771577495
0.9867261885
1.0117032597
1.0044629721
0.9945978498
1.0047465441
1.0148576572
1.0077614765
0.9871092571
0.9969774112
1.0184780757
0.9877398573
0.9844158850
1.0061466055
0.9553116117
0.9338895061
1.0118646904
1.0004557702
0.9564734708
0.9724535414
0.9797819637
0.9686389311
0.9789160343
0.9937844567
0.9779333287
0.9780863951
1.0151243354
1.0191713759
0.9884518327
0.9755003112
0.9995489859
1.0156741278
0.9662724091
0.9774294608
1.0299648612
1.0229301725
1.0013707348
0.9975275312
0.9621423320
0.9950315296
1.0125614665
0.9957213891
0.9452063949
0.9329609328
0.9317986536
0.8908792812
0.8133096015
0.7758540151
0.7921444736
0.8306519920
0.8856863403
0.9524697763
1.0076586634
1.0022308926
0.9821093112
0.9853910282
0.9754863556
1.0428288358
1.0657901406
1.0203962253
0.9701241992
0.9481580571
0.9755920619
0.9987676751
1.0115009595
0.9876154507
0.9874127787
0.9975884473
0.9935905750
0.9865917357
0.9761818151
0.9603976128
0.9445828720
0.9414727328
0.9491974573
0.9967899485
1.0307047418
0.9770144596
0.9463729273
1.0077574127
0.9701396113
1.0060121755
1.0000245148
0.9911664023
0.9744064709
0.9721614363
0.9528271135
0.9461560816
0.9653016296
0.9713639497
0.9622145480
0.9741700245
1.0083181167
1.0175809186
0.9906851154
0.9828092561
0.9911961617
0.9550615905
0.9736105306
0.9865603493
0.9647384674
0.9812524820
0.9712240874
0.9819750606
0.9647443169
0.9800925125
0.9819568478
0.9776681828
0.9805532472
0.9872080177
0.9964107468
0.9955186017
0.9767153108
0.9429044013
0.9549017000
0.9641645907
0.9521121770
0.9748045615
1.0000818289
0.9934653502
0.9503526458
0.9487810320
0.9855457795
0.9945510610
1.0126154886
1.0180730154
1.0140410129
0.9737912579
0.9582367196
0.9754760609
0.9903390941
0.9986023112
0.9809907077
0.9756804642
0.9665771526
1.0129450547
1.0192965834
1.0137877118
0.9915948344
0.9967120342
1.0015858454
1.0077441971
1.0223334744
1.0113699795
1.0176589349
1.0115930498
0.9938125499
1.0035565552
1.0300780874
1.0364739639
1.0004125745
0.9686847216
0.9959550200
1.0183905931
1.0243229807
1.0190217491
0.9876992107
0.9902220494
1.0133911316
0.9760472937
0.9654998974
0.9784404186
0.9865996334
0.9841413375
0.9634029984
0.9646736573
1.0043510298
0.9971651395
0.9866043126
1.0175663073
1.0358830195
1.0168859349
0.9948430614
0.9927912639
0.9902769439
0.9824459999
0.9662465596
0.9690759301
0.9682240479
0.9680579244
1.0315555832
1.0253808708
0.9960886119
1.0447014676
1.0083246189
1.0121284561
1.0192160092
1.0157174564
1.0091774735
0.9838139282
0.9711008889
0.9802733940
0.9742716969
0.9753121963
0.9781091835
0.9758029170
0.9956573148
0.9883439499
1.0172178203
0.9658962568
0.9880072260
1.0026928071
0.9947024238
0.9820364061
1.0072435641
1.0273029592
1.0299278011
1.0202541228
1.0165505888
1.0119765214
1.0044386269
1.0068348461
1.0237884683
1.0474296601
1.0384966315
1.0094431374
0.9806113874
0.9656142733
0.9362067798
0.9810692989
0.9679176892
0.9959231753
0.9846416228
1.0016524979
0.9729833836
0.9327719452
0.9438500342
0.9889618627
1.0114354031
1.0112320134
1.0168713434
1.0256244120
1.0193879944
1.0016988050
0.9871607170
0.9702953799
0.9851418997
0.9672854821
0.9732905390
0.9903004014
1.0120141632
1.0035683483
0.9839969561
0.9773018249
0.9846021653
0.9980361222
0.9871844159
0.9895729347
0.9819726220
0.9987477540
1.0343664806
1.0140982232
0.9789228914
0.9827692232
0.9646683704
0.9798550384
0.9886685532
0.9728873166
0.9629832523
0.9975215141
1.0070736614
1.0030725719
0.9692840784
0.9651380483
0.9849540711
0.9881484997
1.0071846992
0.9918296573
0.9863376673
0.9791880687
0.9663113039
0.9802302323
1.0013171509
1.0124463250
1.0092322188
1.0008475031
1.0160921307
1.0429521394
1.0129452253
1.0166173574
0.9984588772
0.9899790087
0.9735356197
1.0018562370
1.0179034510
1.0186288473
1.0028268157
0.9931629501
0.9770771526
0.9678831544
0.9634794460
0.9646975674
1.0024498837
1.0380393322
1.0195523185
1.0047983491
0.9527832973
0.9651156695
0.9807656163
0.9707636538
1.0316054266
1.0150233766
1.0119763570
0.9707845382
0.9345132830
0.9604899663
0.9915545178
0.9956057315
0.9872306167
0.9774081046
0.9852442220
1.0082712195
1.0248169177
1.0340421720
1.0231461570
0.9899943897
0.9949603318
1.0134910132
0.9732715057
0.9404811099
0.9893334589
0.9928152129
0.9728483814
1.0134086831
1.0042312923
0.9800080902
0.9955050605
1.0137582011
1.0114673280
0.9969436978
0.9751381119
0.9619179632
0.9598121296
0.9762243600
1.0355189588
1.0632712768
1.0306345418
1.0049680137
1.0051198519
0.9822156700
0.9501924725
1.0013281255
1.0228535961
1.0015734763
0.9854073120
0.9688903974
0.9941800962
0.9834559540
0.9697182393
0.9971420004
0.9980184282
0.9887537513
0.9986746344
0.9964988590
1.0199871019
1.0214041133
1.0245696063
1.0318896029
1.0288050384
1.0341329556
0.9636467019
0.9843731757
1.0092846172
1.0506972313
1.0368262684
1.0156588990
0.9931712385
1.0028707126
0.9871260775
0.9653084341
0.9578035550
0.9621187261
0.9621242587
0.9222124654
0.8676912992
0.8336351427
0.7852420333
0.7716134905
0.8196247116
0.8424242566
0.8740926018
0.9347844773
0.9671545339
0.9938712534
0.9856952133
0.9789081383
1.0027747590
1.0062498771
0.9830380966
1.0002645837
1.0343830681
1.0199256809
0.9850384774
0.9751185277
0.9706812959
0.9718740108
0.9796655906
0.9584852196
1.0145479340
0.9941725189
0.9662899615
0.9703889325
0.9810830775
1.0322627400
1.0066189662
0.9815005114
0.9655636794
0.9659322429
0.9859606679
0.9689874190
0.9520201304
0.9726563575
0.9790422542
0.9550766694
0.9661921543
1.0113392020
0.9898666055
0.9833822197
0.9903669743
1.0092814146
1.0090329969
0.9956489527
0.9709758937
0.9769440385
1.0035557371
1.0028183388
0.9714315187
1.0011014320
1.0079455072
1.0058660018
1.0119826112
0.9879578782
0.9501969122
0.9599088035
0.9909050223
0.9776974639
0.9917095352
1.0088456933
1.0037916087
0.9541966765
0.9651233333
0.9940192941
0.9637743900
0.9715097459
0.9793241759
0.9622653211
0.9583394468
1.0048574230
1.0148486393
0.9731659146
0.9735831256
1.0039502116
1.0078929788
0.9925092305
0.9789932411
0.9810147117
0.9645047788
0.9664529828
1.0044193034
0.9941665382
0.9952612589
0.9504630789
0.9517364176
0.9765551133
0.9487195018
0.9635260978
0.9978981794
0.9826737448
0.9847185346
0.9990137752
1.0074040943
1.0056231544
1.0004421701
0.9996002173
0.9898208262
0.9889541139
1.0198755316
1.0076924360
1.0056369744
0.9970579701
0.9991076626
1.0241497328
1.0128302751
1.0299651988
1.0056282660
0.9954448708
0.9626433374
0.9516229321
0.9750875448
0.9903486315
0.9909352634
1.0086504670
1.0292479366
1.0257628988
1.0018214869
0.9779258061
0.9992264113
1.0224152559
1.0462195594
1.0467991677
1.0255365487
1.0376551213
1.0294662624
1.0156622294
1.0198542948
1.0086920200
1.0125321081
0.9848533810
0.9951402019
1.0173754333
0.9958331258
0.9589766036
0.9887212901
1.0297549407
0.9959587663
0.9691296587
0.9765911254
0.9952133329
0.9881837215
0.9945800865
0.9432744474
0.9769624391
1.0298822606
1.0107952369
1.0065085156
1.0114880510
1.0064581182
1.0092949312
0.9998802697
0.9846086769
0.9822934562
0.9988545899
1.0066801743
1.0063288198
1.0107665623
1.0134531982
1.0259877341
0.9911007591
1.0032605387
1.0271245156
1.0093425272
1.0166165507
0.9747776861
0.9966619382
0.9916586342
0.9395694462
0.9458149806
0.9917703679
0.9902459288
0.9688281131
0.9945154107
1.0141687206
0.9941342675
1.0018884425
1.0215640739
1.0018794490
1.0075902698
0.9851280179
0.9787138308
1.0508662580
1.0080891856
1.0221593595
0.9962276068
1.0200194919
1.0260222416
1.0131390212
0.9909466950
0.9830449019
0.9971501922
0.9925886720
1.0032986104
