#flux
0.9807187797
0.9898421932
0.9815096996
0.9776484418
0.9650627598
0.9644394220
0.9762680907
0.9919279482
0.9987022378
1.0033104365
1.0124911744
1.0125122487
1.0007424090
0.9862685902
0.9735404422
0.9770865193
0.9916439692
1.0078657858
1.0074858334
0.9972649672
0.9863801417
0.9749556850
0.9866521505
0.9828622868
0.9720383512
0.9514272007
0.9534447300
0.9436914405
0.9244684935
0.9180699265
0.9228073193
0.9514400828
0.9811404649
0.9944752774
1.0067166292
0.9999288029
0.9986094472
0.9969390507
0.9971326277
0.9971626190
0.9876471288
0.9834579811
0.9750015549
0.9876811191
0.9905557968
0.9998515807
0.9958227292
1.0007784716
1.0170379305
1.0112337268
0.9898793874
0.9857642118
0.9867717418
0.9837487218
0.9912739129
0.9928539150
0.9821343785
0.9775436864
0.9801971898
0.9814341024
0.9809707289
0.9685253865
1.0003272372
0.9727232175
0.9720670269
0.9828823518
0.9800974379
0.9445450647
0.8922193489
0.8496006665
0.8004373153
0.7855551905
0.8201682863
0.8781621287
0.9247078094
0.9406046825
0.9589208114
0.9661701021
0.9528630377
0.9433663588
0.9488442439
0.9587915855
0.9608018976
0.9692281905
0.9670711174
0.9516799136
0.9260458458
0.8989226629
0.8836332078
0.8786612490
0.8655653728
0.8560478136
0.8613417467
0.8729800866
0.8903266816
0.9138131995
0.9255671427
0.9110521761
0.8664573194
0.8086621903
0.7704883970
0.7587358619
0.7786799985
0.8217240258
0.8918990983
0.9463554857
0.9835558491
0.9859382048
0.9675112629
0.9628895659
0.9542579887
0.9410439002
0.9323078313
0.9257898586
0.9222684896
0.9297592789
0.9453770691
0.9562802070
0.9670656252
0.9821036881
0.9922546861
1.0008430472
1.0062336325
1.0090073813
1.0028424295
0.9949849105
0.9747717245
0.9682065718
0.9776398052
0.9754036306
0.9560866788
0.9463911716
0.9504648463
0.9425864628
0.9164424320
0.9063160728
0.9274437344
0.9483899037
0.9559343764
0.9515629048
0.9506173383
0.9692764129
0.9616029989
0.9550535868
0.9686323162
0.9565248310
0.9602254298
0.9581392717
0.9668961834
0.9834235614
0.9795362130
0.9652668891
0.9530087907
0.9440824671
0.9500822908
0.9592674351
0.9546545418
0.9441890328
0.9228864945
0.9089860822
0.9017871163
0.8916940515
0.9074443591
0.9492827902
0.9296526667
0.9424667233
0.9500778507
0.9525942199
0.9494257600
0.9388526560
0.9258686121
0.9214226659
0.9206222609
0.8979594882
0.8696299754
0.8660134866
0.8704916909
0.8647127859
0.8674680082
0.8847271944
0.9154260872
0.9451900251
0.9463925601
0.9179069636
0.9103464195
0.9250429501
0.9323966159
0.9125513128
0.9190621215
0.9244858334
0.9226089363
0.9157260400
0.9066646177
0.9014822115
0.8937344478
0.8798998006
0.8680442657
0.8506686644
0.8246541847
0.8104166013
0.7858073037
0.7580435722
0.7316934389
0.6917081754
0.6325576060
0.5615965242
0.4672966531
0.3850881797
0.3265784836
0.2709763868
0.2378584056
0.2098293301
0.1845710172
0.1688029218
0.1626697233
0.1697554538
0.1930628728
0.2254405962
0.2609392215
0.3007389204
0.3454181346
0.4009462769
0.4540007277
0.5117382980
0.5750153176
0.6508202987
0.7320790792
0.7777899660
0.7943981961
0.8164084895
0.8293034471
0.8391831340
0.8526490733
0.8525061337
0.8532667883
0.8656408190
0.8767463735
0.8819288260
0.8856074026
0.8942446693
0.9224328802
0.9525178912
0.9422399960
0.9228861320
0.9372933596
0.9290758898
0.9189492559
0.9321936558
0.9495412146
0.9521936140
0.9444688639
0.9589150876
0.9758520969
0.9617177564
0.9401838471
0.9188257006
0.8929096300
0.8810849004
0.8936390327
0.9126121963
0.9214199701
0.9216873394
0.9246393177
0.9444344206
0.9483052061
0.9442537292
0.9557165122
0.9407914767
0.9537138433
0.9701332565
0.9750306251
0.9794442320
0.9839354853
0.9891849390
0.9998082155
0.9957712356
0.9783989772
0.9735838454
0.9784383191
0.9740645259
0.9656613794
0.9607528402
0.9623313011
0.9658344433
0.9746321692
0.9938960305
0.9866768595
0.9802253385
0.9940556606
0.9839197316
0.9628197735
0.9469824723
0.9576302021
0.9732868700
0.9831518191
0.9879484402
0.9733843068
0.9642664342
0.9772513115
0.9877026191
0.9933439327
1.0019054182
1.0084316982
0.9942570746
0.9653333128
0.9767667541
0.9994668780
0.9840413257
0.9725313333
0.9765020523
0.9664925217
0.9813991091
0.9751996608
0.9811849001
0.9824270930
0.9467110683
0.8925179938
0.8373620097
0.7720118666
0.7041793017
0.6665163453
0.6737086573
0.7145122804
0.7836912912
0.8584707876
0.9185784190
0.9397910083
0.9505823128
0.9540133263
0.9531389156
0.9642882756
0.9714205069
0.9617847186
0.9680345198
0.9791849834
0.9668627257
0.9620476599
0.9634832085
0.9692417812
0.9859979757
0.9845064486
0.9646292811
0.9663992179
0.9732984259
0.9609310080
0.9558247310
0.9529642577
0.9331848121
0.9556501309
0.9461423308
0.9520669191
0.9533211817
0.9558986805
0.9632363873
0.9753874317
0.9903038020
0.9951273644
0.9829871814
0.9711193797
0.9716500537
0.9782944788
0.9847831201
0.9870058821
0.9908754734
1.0058978923
1.0063051517
1.0039594608
1.0054628418
1.0029960058
1.0053532655
1.0170029582
1.0153662100
0.9978454392
0.9877864084
0.9925071434
0.9731782681
0.9248924290
0.8577525654
0.7778101294
0.7106555475
0.6869236410
0.7157064657
0.7895553071
0.8778125599
0.9346502343
0.9559666463
0.9765693093
0.9947789068
1.0057388975
1.0268759774
1.0215419515
1.0226241790
1.0207946467
1.0178288176
1.0154052937
1.0014987303
0.9871455014
0.9955978940
0.9926605155
0.9743626922
0.9433595695
0.8977410798
0.8598443839
0.8159920893
0.7939764920
0.8230201017
0.8607928837
0.9128216598
0.9687031527
0.9932800983
1.0029900899
0.9858647743
0.9635662037
0.9290474458
0.8639209839
0.7891656856
0.7285863164
0.7018412076
0.7143512180
0.7590398360
0.8243410366
0.8908834885
0.9386828248
0.9707634748
1.0012448929
1.0159022367
1.0101837040
1.0137662516
1.0008607639
0.9944195272
1.0100668078
0.9963253214
0.9988812681
0.9879574964
0.9698355628
0.9685479475
0.9777402102
0.9822679089
0.9691288611
0.9598135702
0.9719797728
0.9931510254
1.0038313151
0.9978051755
0.9865131374
0.9798819657
0.9844897375
0.9969120816
0.9888913878
0.9829759200
0.9982978500
0.9938821252
0.9883812400
0.9892134943
1.0037589429
1.0023903231
0.9917049931
0.9850276172
0.9823869326
0.9777082540
0.9813030678
0.9989701749
1.0092300516
1.0021227617
1.0045639294
1.0227506689
1.0256255938
1.0236488899
1.0150686389
1.0251151491
1.0275558532
1.0277692334
1.0149905161
1.0169682073
1.0186340320
1.0283819659
1.0276508055
1.0152833649
1.0010242495
0.9820992559
0.9715335963
0.9729324498
0.9858695389
0.9968763716
0.9805868588
0.9740413584
0.9969476717
0.9940459830
0.9932383228
0.9808004557
0.9944873387
1.0180336073
1.0146393398
1.0030487233
0.9966427380
0.9853476774
0.9790215043
0.9682775578
0.9669367646
0.9767912781
0.9850794172
0.9769949748
0.9589081260
0.9537479115
0.9613115283
0.9656085874
0.9729742337
0.9796198184
0.9792893747
0.9927362706
1.0228172161
1.0296031726
1.0143538646
0.9961197787
0.9908184056
0.9795822767
0.9504512802
0.9003653192
0.8648058508
0.8446153805
0.8351520225
0.8436245624
0.8752100209
0.9242111192
0.9695230475
0.9876029312
0.9824906540
0.9798774538
0.9850352405
0.9886885548
1.0042805771
0.9988820368
0.9848503765
0.9903731283
0.9894964270
0.9590429652
0.9459104399
0.9479559921
0.9599773473
0.9770081580
0.9714520247
0.9724836593
0.9838040817
0.9860947388
0.9750787235
0.9589971367
0.9693661245
0.9748227982
0.9669475737
0.9669345373
0.9868865800
0.9942994955
0.9846907311
0.9794656679
0.9860858920
0.9940377613
0.9906552383
0.9805002298
0.9692343043
0.9719816312
0.9548411822
0.9401224806
0.9626114800
0.9823410666
0.9816885480
0.9927028455
0.9979347033
0.9853373052
0.9772086649
0.9799413294
0.9966629890
1.0162707981
1.0016778481
0.9719614533
0.9693840548
0.9530440921
0.9726966854
0.9874936602
0.9947144986
0.9903161687
0.9978493429
1.0060361024
1.0035507278
1.0052710601
1.0123538066
1.0112410561
1.0042178738
0.9953703560
0.9818765296
0.9759653689
0.9855330224
0.9822723037
0.9674572804
0.9556850666
0.9799464522
0.9984849546
0.9688326757
0.9774889908
0.9848019623
0.9880172350
0.9864936287
0.9719196438
0.9280576819
0.8576304321
0.7916894430
0.7600592330
0.7698373502
0.8086960859
0.8622187492
0.9267365294
0.9598841552
0.9827723690
0.9831282091
1.0029638159
1.0093156038
1.0037900231
0.9910281209
0.9840508289
0.9910043606
0.9955436891
0.9942935074
1.0028232648
1.0201187009
1.0251909394
1.0146496702
1.0077927440
1.0043551644
0.9857731218
0.9720907344
0.9882967427
0.9859541756
1.0069618891
0.9966320296
0.9893773925
1.0042910592
1.0026867648
1.0155744470
1.0269716488
1.0140828083
1.0006511791
0.9971739277
0.9897695795
0.9876245257
0.9934840441
1.0022690599
1.0160695640
1.0191405546
1.0030086225
0.9903255780
0.9746772537
0.9742200135
0.9750803028
0.9623656350
0.9327253700
0.9488740267
0.9730040180
0.9826082383
0.9823321522
0.9890753083
1.0099688405
1.0249929366
1.0333940413
1.0293674675
1.0213370263
1.0046892942
0.9910362248
0.9833677657
0.9872094975
1.0145743535
1.0128770566
1.0083256953
1.0074273149
1.0152709812
1.0188055977
1.0146127589
0.9990113495
0.9914306730
0.9950185836
1.0096363057
1.0231998347
1.0072668785
1.0055998721
1.0073113495
0.9911313588
0.9779083267
0.9786263330
0.9673645508
0.9469782294
0.9386592685
0.9278086665
0.9403489302
0.9872255744
1.0119968908
1.0012440822
0.9861434790
0.9907346041
1.0070913484
0.9914020052
0.9637759652
0.9732190214
0.9797641597
0.9706073223
0.9575257508
0.9569346716
0.9610006741
0.9513705611
0.9285247766
0.8992311953
0.8656461092
0.8418467637
0.8356573521
0.8157997717
0.7422104732
0.6379691655
0.5651715606
0.5214963518
0.5175704038
0.5792953443
0.6792040427
0.7802414376
0.8675805057
0.9232573311
0.9394481600
0.9389700477
0.9375249839
0.9482744310
0.9592591412
0.9306784165
0.8520391292
0.7490464798
0.6575764160
0.6278126516
0.6321145222
0.6969470254
0.8001063969
0.9008252825
0.9394798630
0.9687063084
0.9964786934
0.9882854841
0.9847400478
0.9980208058
0.9958551608
0.9851521665
0.9885055850
0.9926216667
0.9800330786
0.9737892049
0.9887944349
1.0001746788
0.9943532554
0.9752713459
0.9523424147
0.9515349927
0.9720410172
0.9736652660
0.9931048740
0.9881300788
0.9720943798
0.9929100608
1.0311325852
1.0318742321
0.9997392741
0.9723920000
0.9551530553
0.9570781748
0.9610909730
0.9647516166
0.9702163326
0.9628636689
0.9627182137
0.9837097872
0.9848355233
0.9789973983
0.9906243932
0.9986618509
0.9943124123
0.9901919136
1.0044994270
1.0052184835
1.0079523092
1.0034562853
0.9874588028
0.9756102479
0.9807073869
0.9854150211
0.9768810735
0.9794996102
0.9873141082
0.9615118837
0.9075527998
0.8554513267
0.8091673442
0.7803408047
0.8114364655
0.8711060926
0.9200754237
0.9843365630
1.0077027100
1.0148460234
0.9930787069
0.9929477481
0.9938392278
0.9928210958
0.9867927276
0.9806424655
0.9762628641
0.9508712105
0.9113490193
0.8945837214
0.8984480493
0.9024122628
0.9222811461
0.9603973533
0.9938433391
0.9728543109
0.9182412030
0.8486150876
0.8321100214
0.8419075993
0.8693928770
0.9163787718
0.9553136241
0.9958861387
1.0160107837
1.0047282067
0.9969141670
0.9994314516
0.9961370317
0.9928720676
1.0009273016
1.0055738789
0.9967576898
1.0014774120
1.0124064007
1.0073191659
1.0057239648
1.0046582701
0.9879331825
0.9767992325
0.9681638396
0.9726681330
1.0045696209
1.0209608348
1.0194890629
1.0036765843
1.0023411588
1.0113484126
1.0136105224
1.0075914562
0.9982206042
0.9965938509
1.0080144345
1.0076948655
0.9784464574
0.9613501441
0.9802619426
0.9955886681
1.0059945199
1.0072111168
0.9959878271
0.9798703656
0.9734126650
0.9788165495
0.9846328940
0.9904345019
0.9906290060
0.9817313617
0.9810865064
0.9776357376
0.9612732985
0.9558208192
0.9626764726
0.9638795928
0.9726530269
0.9918912822
0.9928987678
0.9942839533
0.9825243767
0.9885891439
1.0105431021
0.9999326384
0.9986993752
0.9697838129
0.9718561829
0.9981980131
1.0002155235
0.9798751023
0.9707847956
0.9680004611
0.9590083384
0.9624353097
0.9855264305
1.0025393420
0.9992421013
0.9913724618
0.9953708480
1.0111868913
1.0226757977
1.0101643621
1.0173175347
1.0147047001
0.9990810463
0.9868981339
0.9883103980
0.9672617026
0.9502893524
0.9387282559
0.8987861601
0.8636987080
0.8645199553
0.8797920118
0.9089167739
0.9585427124
0.9897728730
0.9944980561
0.9961787145
1.0012125400
1.0142837167
1.0087260092
0.9927513317
1.0134170098
1.0221578584
0.9983930836
0.9701229584
0.9634908852
0.9689508265
0.9696754869
0.9585498688
0.9394454159
0.9319368736
0.9320227286
0.9154183489
0.8988539856
0.9221825352
0.9614343130
0.9623687024
0.9857840963
0.9897361909
1.0029796982
1.0074921233
1.0152573719
1.0086847056
0.9956176593
0.9974499817
0.9722555462
0.9584001531
0.9485053854
0.9631417336
0.9730998034
0.9806019683
0.9993867991
1.0084743821
1.0075287944
1.0050444399
0.9859119289
0.9710293729
0.9675901504
0.9760532682
0.9797948271
0.9755201609
0.9872985636
0.9947875247
0.9680738113
0.9299906654
0.8951502911
0.8649538913
0.8580639617
0.8715378484
0.9082357312
0.9657341129
0.9914659955
0.9786502292
0.9722316309
0.9780796009
0.9983213057
1.0241345939
1.0188367538
1.0045610428
1.0062195070
0.9691790353
0.9214090969
0.8503388141
0.7780916742
0.7064665406
0.6878495123
0.7163144026
0.7608471241
0.8324872868
0.8807905731
0.9052295446
0.9052995924
0.8803060454
0.8603478235
0.8613795186
0.8759727521
0.8987571788
0.9338290814
0.9599428688
0.9719315522
0.9923866943
0.9936872629
0.9953707682
1.0013245392
1.0100099597
0.9985190017
0.9896428998
1.0009855974
1.0156616981
1.0196035940
1.0016028135
0.9804214518
0.9857305948
1.0014171054
0.9988661606
0.9900017352
0.9856574660
0.9844226716
0.9959069639
0.9923959388
1.0007529136
1.0075222748
1.0120659326
1.0115100712
1.0078968347
1.0096065675
0.9943604559
0.9824480161
0.9795196673
0.9921120500
0.9892474777
0.9837647512
0.9762505439
0.9645419323
0.9645484151
0.9702014511
0.9697551077
0.9671685307
0.9795010205
0.9925127834
0.9895079309
0.9922446927
1.0156458067
1.0201077020
1.0231793228
1.0217537121
1.0209662322
0.9840499570
0.9799428735
0.9982211892
0.9989093322
1.0020717055
1.0030627053
0.9888677956
0.9614820614
0.9285398831
0.9190877751
0.9347354372
0.9338663271
0.9234027448
0.9225162194
0.9209747470
0.9065236569
0.8889311817
0.8849928559
0.9057129342
0.9389395454
0.9792030466
1.0082260837
1.0056343711
0.9983012575
0.9993377799
1.0023636756
0.9988613287
0.9827010753
0.9773275875
0.9914827607
0.9827735042
0.9724542965
0.9955877910
1.0051344769
1.0033886422
0.9804309651
0.9852508762
0.9825940226
0.9753260029
0.9818193258
1.0026403883
1.0211449680
1.0047691947
1.0040631492
1.0137977425
1.0196837455
1.0171299045
1.0134823723
1.0075409507
0.9967608768
0.9906625456
0.9864460595
1.0074482290
1.0111844756
1.0043275016
0.9861049917
0.9968190369
1.0028862452
1.0268634915
1.0254372901
1.0149796142
1.0093036059
0.9995678936
1.0023263377
0.9884179771
0.9668284042
0.9747116491
0.9843613130
0.9822272339
0.9854768441
0.9818361860
0.9775950849
0.9701590676
0.9624754916
0.9599190758
0.9520466659
0.9732920035
0.9773908395
0.9966692897
0.9789226502
0.9682087896
0.9558870330
0.9549472197
0.9753012904
0.9781004131
0.9799923491
0.9893220807
0.9930313785
0.9946620625
0.9978498106
0.9943353024
0.9869206231
0.9775932589
0.9630096296
0.9765643022
0.9893508547
0.9920706512
1.0045958564
0.9970860894
0.9918995652
0.9826526751
0.9780387664
0.9748510871
0.9871868350
0.9889122584
0.9881171547
0.9866447707
0.9852711905
0.9932238751
0.9995141282
0.9939879175
0.9911992700
0.9867354264
0.9697480733
0.9692974753
0.9828300470
0.9901390618
0.9999352457
1.0066179244
0.9969032562
0.9871148648
0.9931527064
1.0049457633
1.0043157259
0.9996793049
0.9983511900
0.9979084027
0.9979531899
0.9854498071
0.9846643105
1.0140901933
1.0222061411
0.9938289699
0.9848188850
0.9860753266
0.9782591996
0.9733020911
0.9682167853
0.9571189990
0.9716336124
0.9734383942
0.9705223076
0.9806613380
0.9934278969
0.9951262457
0.9803501179
0.9838618665
1.0038474798
1.0183580810
1.0160900688
0.9996377303
0.9828892154
0.9786049715
0.9890569147
1.0043797328
1.0098143903
0.9993040662
0.9677038691
0.9641306560
0.9785686886
0.9897631424
0.9925525977
0.9879846987
0.9885520608
0.9826594115
0.9831125720
0.9881177487
0.9873804542
0.9868596238
0.9928124953
0.9960815500
0.9869807673
0.9806550948
0.9967524111
1.0076987847
0.9874620405
0.9765633249
0.9925033868
0.9948544752
0.9753847978
0.9704693359
0.9587830259
0.9453371032
0.9512623724
0.9606490267
0.9602469764
0.9700511099
0.9753970057
0.9710305128
0.9726827472
0.9728679782
0.9531690980
0.9367521147
0.9472340408
0.9544255233
0.9583992818
0.9592178141
0.9475397658
0.9310592772
0.9126506154
0.8829459793
0.8242046637
0.7871215556
0.7975414387
0.8319436800
0.8651728793
0.9049186609
0.9486361916
0.9756206380
0.9934630095
1.0063320521
1.0088664541
1.0016349400
0.9924621287
0.9986989906
1.0096086768
1.0027849021
0.9893819346
0.9898370018
1.0069267207
0.9894977789
0.9572140346
0.9471463233
0.9538380599
0.9628824801
0.9693420010
0.9695807480
0.9811460136
1.0002212997
1.0067804538
0.9897869847
0.9818193090
1.0049848032
1.0191946844
1.0031262013
0.9914399581
0.9859105840
0.9938630746
1.0177368419
0.9856134113
0.9662112871
0.9830089484
0.9672630144
0.9108474077
0.8453384215
0.8213768564
0.8355364109
0.8575974253
0.9065701828
0.9448151691
0.9612729471
0.9723015278
0.9785798533
0.9869960299
0.9995786784
0.9888609292
0.9550005662
0.9599924276
0.9847395991
1.0058467297
0.9918764095
1.0019547321
0.9999366792
0.9912889159
0.9918832070
0.9729239941
0.9741982177
0.9849736378
0.9792437623
0.9575246429
0.9606574570
0.9760155364
0.9796065450
0.9832920724
0.9941860894
1.0030550544
0.9912809374
0.9773404343
0.9752503468
0.9781649239
0.9900343779
0.9669210860
0.9520615865
0.9535329718
0.9277398851
0.8889846151
0.8685981046
0.8683988364
0.8745460708
0.9075266316
0.9492166552
0.9805014768
0.9902467166
0.9897443649
0.9984075353
0.9986047416
0.9832526878
0.9763459367
0.9802148515
0.9821802142
0.9848469261
0.9884955011
0.9828584069
0.9859889944
0.9659465680
0.9597261719
0.9700852980
0.9793012760
0.9713208533
0.9677541220
0.9638935231
0.9626635739
0.9623633099
0.9733292210
0.9785938710
0.9532915606
0.9429197091
0.9479371854
0.9481402965
0.9398701010
0.9415415677
0.9402271468
0.9656553246
0.9602685825
0.9229906060
0.9152988911
0.8910505252
0.8941106247
0.9128084521
0.9285665188
0.9465009884
0.9590861308
0.9698903900
0.9752316798
0.9805896624
0.9938480662
0.9976395397
0.9959587239
0.9760519411
0.9369592340
0.9225262086
0.8762180116
0.8350435981
0.8029562940
0.8107764114
0.8309573620
0.7935993787
0.7337505009
0.6939425678
0.6940029749
0.7252647708
0.7609691608
0.7825886724
0.8036801183
0.8219132715
0.8229230896
0.8313564146
0.8650604196
0.9046919461
0.9480750853
0.9598905119
0.9640342943
0.9828309602
0.9835390738
0.9810125377
0.9831226518
0.9526516329
0.9355156566
0.9327053724
0.9291115471
0.9078747442
0.8820870865
0.8794500574
0.8970178014
0.9178993825
0.9431617687
0.9628274164
0.9640546715
0.9606918314
0.9324571294
0.9380404509
0.9521937407
0.9612350647
0.9755907076
0.9745607656
0.9732536471
0.9903106954
0.9927803824
0.9839301337
0.9766608717
0.9755515910
0.9727772688
0.9609992304
0.9565736518
0.9622450512
0.9704725447
0.9816328301
0.9987070875
1.0176719477
1.0062637925
0.9828702770
0.9762719253
0.9801810057
0.9825133653
0.9912354437
0.9915202469
0.9860816120
1.0109028186
1.0148126774
1.0202925321
1.0053467301
0.9702257359
0.9723416498
0.9877788230
0.9873869346
0.9776437557
0.9630797557
0.9530993943
0.9559750393
0.9605631402
0.9431027648
0.9240284991
0.9408228197
0.9717497296
0.9828656174
0.9751680142
0.9801718251
0.9861495347
0.9969781061
1.0012861100
0.9858747561
0.9868046455
0.9911796795
0.9894638430
0.9942990205
1.0037628788
1.0036652054
0.9954532174
0.9970097089
1.0157251110
1.0245392144
0.9966414058
0.9793134182
0.9835613945
0.9559118505
0.8901896621
0.8761990557
0.8462261499
0.8152753871
0.7984594464
0.8079418405
0.8494254956
0.8959730367
0.9291829172
0.9430748376
0.9665889170
0.9959361780
1.0022202440
0.9889813086
0.9687555141
0.9690993643
0.9778184566
0.9882738094
0.9795019917
0.9625212660
0.9885146432
0.9890080774
0.9817164258
0.9742264184
0.9714909290
0.9930663043
1.0003487410
0.9986298928
0.9994857772
0.9775263903
0.9653315588
0.9752613431
0.9761708550
0.9739638473
0.9835730791
0.9951653685
0.9988373263
0.9975095957
0.9843498059
0.9913808391
0.9841826063
0.9685024422
0.9829600985
1.0017419767
1.0094044520
0.9990559634
0.9920764436
0.9888832110
0.9849875730
0.9882944637
0.9755472356
0.9603692396
0.9619960916
0.9594935920
0.9575010950
0.9778730619
0.9909835305
0.9707769424
0.9725900628
0.9745982316
0.9859183716
0.9804852596
0.9879667206
0.9585572840
0.9135084243
0.8398643019
0.7283854138
0.6251853286
0.5692740656
0.5832280252
0.6565177147
0.7560107351
0.8550975167
0.9363789294
0.9832674648
0.9943844627
0.9889568812
0.9787353233
0.9696191704
0.9626672697
0.9608415728
0.9494861315
0.9755871061
0.9647630848
0.9828325599
0.9932318184
0.9986342907
1.0031265600
0.9963764312
0.9847456328
0.9771598056
0.9671616698
0.9626454807
0.9660834220
0.9623216167
0.9541985326
0.9543379649
0.9581005202
0.9541052334
0.9635762398
0.9759479289
0.9696555245
0.9765811384
0.9820465397
0.9942849681
0.9878333496
0.9839916450
0.9853033639
0.9820044084
0.9928661941
0.9906747780
0.9898373895
0.9962506410
0.9961457174
0.9982362521
0.9978791576
0.9770288998
0.9624019320
0.9709486121
0.9566180994
0.9371706722
0.9102350899
0.8631158441
0.8765483969
0.9141565241
0.9208011039
0.9534264564
0.9607956876
0.9624256980
0.9602027670
0.9536706359
0.9730951784
1.0129874542
1.0303021697
0.9985469786
0.9579358750
0.9585513542
0.9753284249
0.9940220233
0.9737008084
0.9250935192
0.8890134170
0.8950506938
0.8915928505
0.8937220494
0.9251715749
0.9576599052
0.9960034376
0.9932541482
0.9879748519
0.9890451617
0.9919451162
0.9904178587
0.9913565170
0.9984230860
1.0028241604
0.9978286894
0.9909003667
0.9996839678
0.9988981547
0.9869067131
0.9717089086
0.9532513355
0.9680077359
0.9696359192
0.9591981314
0.9598151597
0.9741611918
0.9824293398
1.0012462485
0.9996879996
0.9897785939
0.9852429792
0.9868693929
0.9900113992
0.9847632709
0.9750433737
0.9739652252
0.9768900868
0.9792369749
0.9720092619
0.9717219679
0.9736393035
0.9672499917
0.9718093136
0.9759530769
0.9869019253
0.9872462467
0.9799813873
0.9819076083
0.9883724684
0.9901659641
0.9933917692
0.9959598867
0.9866436760
0.9797615281
0.9893654676
0.9938245464
0.9856475141
0.9865315729
0.9934616563
1.0198213466
1.0039971711
1.0037603366
1.0035040598
0.9885424674
0.9867260459
0.9875055467
0.9864176651
0.9820274315
0.9809480241
0.9802640121
0.9775354350
0.9798878719
0.9945383663
1.0029602828
0.9954418702
0.9866403399
0.9862432449
1.0041516501
1.0120867033
0.9808648710
0.9707708710
0.9703214435
0.9646318776
0.9590828253
0.9985924490
1.0005865400
0.9871452517
0.9764640927
0.9782180703
0.9829568791
0.9816421003
0.9742714002
0.9685343708
0.9706327673
0.9663905937
0.9451690367
0.9209112265
0.9072026232
0.9179399293
0.9470719345
0.9801082041
0.9726268868
0.9781395676
0.9702089411
0.9821311985
0.9912064347
0.9851233420
0.9764622717
0.9764103752
0.9992059032
0.9961260769
0.9754402099
0.9788013417
0.9894695743
0.9837996791
0.9846228062
0.9956596056
0.9930390322
0.9880196343
0.9783134153
0.9904242320
1.0003670506
1.0072938819
0.9868907125
0.9894832522
0.9951059198
0.9657541164
0.9708628332
0.9999307175
1.0251569836
1.0127902246
0.9969717707
0.9983967498
1.0057458259
1.0016218530
0.9801768418
0.9594885495
0.9577602732
0.9644217722
0.9688328770
0.9633492115
0.9479949783
0.9551058208
0.9768513887
0.9828013349
0.9739401298
0.9698886083
0.9565089102
0.9545701783
0.9696368464
0.9861807232
0.9805596085
0.9869174424
0.9928320045
0.9890809740
0.9813033062
0.9669054135
0.9637009613
0.9734867594
0.9711198334
0.9771519796
0.9792436581
0.9809369865
0.9981713474
1.0089276036
1.0137818252
1.0199911103
1.0017933704
0.9908960854
0.9869688893
0.9790196881
0.9642725749
0.9693317004
0.9715428711
0.9676040529
0.9708048485
0.9790788982
0.9951065950
1.0049190850
0.9871093626
0.9781040184
0.9763205746
0.9694016955
0.9828728172
0.9808227235
0.9769896542
1.0032581522
0.9923311185
0.9844051535
0.9887253152
0.9913107317
0.9946681937
0.9984580940
0.9799340232
0.9659190159
0.9624636272
0.9566768482
0.9469986983
0.9440060952
0.9669127944
0.9805819824
0.9980157722
0.9923841604
0.9982567656
0.9869201054
0.9850384462
0.9804608549
0.9951827134
0.9993351804
0.9928428750
0.9920589172
0.9822872389
0.9827455220
0.9875215618
0.9620984436
0.9123984204
0.8732192162
0.8636593932
0.8782726613
0.8967911000
0.9113548429
0.9286036929
0.9403647280
0.9764987914
0.9897517220
0.9821668283
1.0148806302
0.9917762274
1.0057700250
0.9978336537
0.9906525278
0.9772358334
0.9706201384
0.9863996741
0.9954386795
0.9819872547
0.9768498240
0.9857736288
0.9884784392
0.9797145000
0.9684758059
0.9930024602
1.0072725827
1.0144554406
0.9964686675
0.9729161672
0.9725255365
0.9702920903
0.9778187538
0.9429259985
0.8851736451
0.8588885632
0.7917844929
0.7069001836
0.6327794087
0.5824913757
0.5644715235
0.6003201677
0.6982267501
0.8058894645
0.8784864557
0.9419307661
0.9792145358
0.9819069012
0.9996872857
1.0070595846
1.0056310328
0.9798773847
0.9895191573
0.9861937523
0.9597366110
0.9490422023
0.9553715525
0.9815328449
1.0068006221
1.0093826641
0.9971485645
0.9934136762
0.9957484067
0.9946947509
0.9900235546
0.9739832005
0.9697126063
0.9650861715
0.9516639562
0.9213158839
0.9440121852
0.9362164358
0.9327265182
0.9324581440
0.9311682336
0.9387860413
0.9477246148
0.9521562356
0.9540194710
0.9629143340
0.9625490446
0.9524301766
0.9458244038
0.9562957367
0.9838105556
0.9948529299
0.9806036853
0.9680288705
0.9858685757
0.9634827547
0.9456318785
0.9245647687
0.9083077553
0.9414503918
0.9555843390
0.9778912142
0.9806385344
0.9806364001
0.9900424247
0.9821415361
0.9610189078
0.9507069061
0.9459803427
0.9368372345
0.9312002306
0.9323880422
0.9250695636
0.8909952560
0.8902583265
0.9161042042
0.9155882242
0.9018541814
0.8937145102
0.9132632046
0.9480458580
0.9565388315
0.9796021348
0.9734518920
0.9745011662
0.9860934125
0.9723581853
0.9560345267
0.9513610907
0.9502618781
0.9530487732
0.9582740272
0.9597602930
0.9409595088
0.9383081240
0.9392858818
0.9500879553
0.9747765039
0.9883329043
0.9761019088
0.9548675297
0.9272645410
0.9108408460
0.9139617534
0.9158951729
0.9391467863
0.9670871104
0.9870549656
1.0043803903
1.0041307945
0.9952840125
0.9976899125
0.9964397018
1.0057321031
1.0176523635
1.0070480052
0.9852911750
0.9815209483
0.9839316020
0.9963190233
0.9702759526
0.9786927007
0.9782053673
0.9769947764
0.9803748521
0.9958973577
1.0147398895
1.0226288276
1.0068381854
0.9822249851
0.9839202166
1.0040625202
1.0052550212
0.9995212718
0.9987814470
0.9744981729
0.9767444543
0.9889518822
0.9876249207
0.9921339083
0.9788151425
0.9802616269
0.9623032764
0.9744063248
0.9734867541
0.9851782261
0.9859528041
0.9806874377
0.9885426745
0.9995530090
0.9838994363
0.9498651196
0.9410986096
0.9605213719
0.9694059986
0.9593797365
0.9737210275
0.9825718588
0.9734974659
0.9595460988
0.9533739563
0.9668818370
0.9849191055
0.9996570267
1.0035757371
0.9954284506
0.9859496764
0.9904113740
0.9899430543
0.9862638478
0.9883735148
1.0015222558
1.0124610614
0.9916881221
0.9667241466
0.9716180786
0.9708238702
0.9800972832
0.9724192374
0.9863352183
0.9835802507
0.9834664044
0.9883648122
0.9906032122
0.9899381971
0.9833110337
0.9853080670
0.9832946547
0.9739383763
0.9662091112
0.9770552352
0.9967243193
0.9970091411
0.9937056089
1.0123684030
1.0171116420
1.0036260069
0.9900745210
0.9544284514
0.9768544167
