#flux
0.9901388759
0.9814430971
0.9708132143
0.9705184378
0.9570190165
0.9548370363
0.9624597539
0.9754934572
0.9838088791
0.9899942413
1.0005424138
1.0023560638
0.9974278320
0.9910707566
0.9864805320
0.9866876797
0.9901159718
0.9954484557
1.0011702460
1.0027186912
0.9934765848
0.9744953218
0.9590867744
0.9338269718
0.9132851473
0.8829643164
0.8492949233
0.8327755548
0.8394655585
0.8627648108
0.8980811871
0.9347743771
0.9668013286
0.9889363178
0.9990467019
1.0021565313
1.0027011013
1.0024046618
1.0036313106
1.0001362144
0.9885465162
0.9932553778
0.9915294636
0.9839625046
0.9750088761
0.9659190061
0.9688325458
0.9790246319
0.9833588913
0.9826961471
0.9827740324
0.9869624965
0.9827008618
0.9817104702
0.9865645332
0.9877516501
0.9890283051
0.9900641010
0.9870048521
0.9830792191
0.9819484023
0.9842152615
0.9814348165
0.9756594039
0.9665179829
0.9648433914
0.9530427270
0.9174081645
0.8647168764
0.8062235946
0.7642912755
0.7547668959
0.7902384071
0.8570613619
0.9200546192
0.9583568909
0.9743635643
0.9772328423
0.9760456198
0.9717826220
0.9578428520
0.9546892599
0.9612329148
0.9636366700
0.9608055972
0.9538089308
0.9469865156
0.9422175156
0.9311036570
0.9056171308
0.8791604146
0.8678724357
0.8790905469
0.9008630267
0.9216080075
0.9367064549
0.9376626857
0.9141843091
0.8650395036
0.8047584804
0.7567743041
0.7363766485
0.7520889506
0.8100779750
0.8726933070
0.9286605718
0.9647509963
0.9794964387
0.9875764773
0.9892618980
0.9749132566
0.9513470246
0.9278834146
0.9156906850
0.9170483559
0.9320538694
0.9586797726
0.9814239899
0.9867294758
0.9807657830
0.9771350444
0.9748413944
0.9723223793
0.9812610467
0.9718616380
0.9752082660
0.9854777115
0.9852644196
0.9770704747
0.9677341681
0.9571170667
0.9490773220
0.9473836256
0.9395910307
0.9250458077
0.9171652424
0.9180859438
0.9219535432
0.9314768039
0.9490815679
0.9643356253
0.9685322871
0.9692303987
0.9734226351
0.9814356671
0.9812755809
0.9680217016
0.9581848549
0.9575188874
0.9628902647
0.9716302457
0.9724837699
0.9740605761
0.9855851009
0.9858198608
0.9692134513
0.9427528170
0.9037289927
0.8673031613
0.8471708827
0.8421612273
0.8518339861
0.8782388521
0.9119181128
0.9392334727
0.9581840992
0.9630539815
0.9599698471
0.9493630841
0.9395007061
0.9353328379
0.9313849079
0.9261938065
0.9107638470
0.8951284995
0.8838170084
0.8739420522
0.8726899851
0.8814797133
0.8995391328
0.9232273148
0.9425481613
0.9510231439
0.9555042124
0.9565294707
0.9500196633
0.9471527758
0.9516926411
0.9478493228
0.9467675645
0.9451089814
0.9379408728
0.9339390144
0.9328451428
0.9259378088
0.9129697474
0.8955577277
0.8749456221
0.8541681751
0.8268881664
0.7895491754
0.7376578009
0.6738487160
0.6032308478
0.5239574573
0.4430324722
0.3740853369
0.3147425399
0.2706499662
0.2382159955
0.2148333227
0.1969910619
0.1861992125
0.1823857016
0.1802547292
0.1802735287
0.1883468520
0.2017697849
0.2163498714
0.2394391928
0.2733277871
0.3182723963
0.3676871687
0.4299624345
0.5045594077
0.5794934144
0.6580569549
0.7383768216
0.7950257805
0.8372143986
0.8652554703
0.8756456968
0.8749626263
0.8761297211
0.8824838950
0.8868269472
0.8887634943
0.8987411649
0.9150610645
0.9230254517
0.9290224390
0.9409632163
0.9467473793
0.9605754305
0.9638051117
0.9592265287
0.9596782298
0.9642125507
0.9672273065
0.9643631472
0.9571287602
0.9567409957
0.9607034641
0.9615427337
0.9528713167
0.9347076908
0.9156343019
0.9014916843
0.8936656226
0.8990678602
0.9172267620
0.9346621642
0.9528497399
0.9593229001
0.9630286391
0.9525334096
0.9490531783
0.9633549474
0.9763144817
0.9832809845
0.9866631369
0.9868736282
0.9870143021
0.9827330006
0.9855531787
0.9962955493
0.9939072032
0.9794235472
0.9754314942
0.9819938936
0.9862661559
0.9787024341
0.9699803753
0.9722364753
0.9751451718
0.9804166850
0.9872154821
0.9871109158
0.9849151956
0.9684186692
0.9593713821
0.9677256872
0.9807614218
0.9877771647
0.9889706482
0.9882842369
0.9916847774
1.0010751145
1.0061302610
1.0018832673
1.0015331016
1.0033854370
1.0048075503
1.0027955875
0.9975629715
0.9963885472
0.9953896581
0.9889489933
0.9874186064
0.9862837245
0.9886571438
0.9862388170
0.9828637383
0.9736368808
0.9563572980
0.9342189063
0.9063783487
0.8654316536
0.8078278953
0.7479298315
0.7134742786
0.7215765364
0.7692379046
0.8409120746
0.9091780733
0.9535743118
0.9773237315
0.9798482670
0.9799448636
0.9737736055
0.9574266308
0.9440310250
0.9403449398
0.9473994695
0.9576273254
0.9654188056
0.9650643260
0.9653523868
0.9733100502
0.9772228818
0.9803526313
0.9753341563
0.9576325747
0.9407045475
0.9294004859
0.9153756811
0.9211483088
0.9377685223
0.9453945339
0.9431253016
0.9407813282
0.9372822709
0.9361862499
0.9433222154
0.9597723551
0.9782172926
0.9888295693
0.9906674448
0.9903651030
0.9921901120
0.9942846666
0.9927420924
0.9955470178
0.9944299295
0.9999352039
0.9972884485
0.9869028593
0.9775574634
0.9766376613
0.9821678869
0.9814450469
0.9807179198
0.9788388349
0.9788709805
0.9678441501
0.9437714456
0.9024665606
0.8322162083
0.7408700041
0.6595672893
0.6219426846
0.6455821675
0.7245344976
0.8278289191
0.9130710901
0.9639077878
0.9905623839
1.0007037751
1.0027743329
0.9994103659
0.9999563922
0.9996146547
0.9965552210
0.9948267659
0.9938156405
0.9902576160
0.9855055043
0.9803531585
0.9741716095
0.9664348965
0.9409469219
0.8756859461
0.7927862507
0.7175639924
0.6902708082
0.7164487026
0.7889549381
0.8750339428
0.9371238519
0.9746467302
0.9910152824
0.9844078866
0.9665143742
0.9294778465
0.8704203870
0.7874664958
0.7057271234
0.6625205932
0.6734856639
0.7320213540
0.8142607370
0.8908986277
0.9444800351
0.9726389894
0.9818261945
0.9897101949
0.9915305630
0.9915429575
0.9975458149
0.9941863984
0.9904519547
0.9849207508
0.9780227127
0.9785024298
0.9830475561
0.9803784986
0.9704744155
0.9593214021
0.9537347374
0.9545626547
0.9563490354
0.9644536358
0.9694970250
0.9708594514
0.9715525380
0.9701661789
0.9669216365
0.9626583333
0.9676857544
0.9792370558
0.9828396263
0.9858987170
0.9907412258
0.9930852655
1.0011645102
1.0077333469
1.0019523140
0.9925016524
0.9874789138
0.9860648925
0.9912958394
0.9972769830
1.0001137753
1.0048020620
1.0096209132
1.0075910201
1.0048450101
1.0041472994
0.9968637938
0.9869200520
0.9997803883
1.0080739166
1.0057878356
0.9992498924
0.9974635814
0.9984380117
0.9962421339
0.9913629711
0.9868479281
0.9845763637
0.9846821136
0.9843449867
0.9854611586
0.9865413441
0.9805646833
0.9843005550
0.9841387820
0.9874745114
0.9912958949
0.9963807403
0.9980729767
0.9959931337
0.9955331607
0.9967212463
0.9964627045
0.9924712243
0.9897475649
0.9932322337
0.9935604879
0.9806851069
0.9670281285
0.9621171077
0.9486813627
0.9410859768
0.9403204962
0.9462127422
0.9628068725
0.9812590029
0.9929138423
0.9967510353
0.9937925115
0.9946761462
0.9878031991
0.9721840970
0.9467674983
0.9232189354
0.8953248796
0.8523894585
0.8016397312
0.7616418096
0.7504161617
0.7740676562
0.8260904422
0.8895753608
0.9416355472
0.9723256126
0.9862614048
0.9839092968
0.9879973691
0.9940688398
1.0041733210
1.0057296978
0.9922776905
0.9712899420
0.9570056675
0.9544319661
0.9606369458
0.9703717235
0.9797807550
0.9895511552
0.9982051817
0.9975432063
0.9866663233
0.9717323293
0.9608926133
0.9497512046
0.9512618199
0.9508211149
0.9574234506
0.9684096013
0.9775431456
0.9837228848
0.9871066828
0.9882277451
0.9890403071
0.9896596654
0.9879351516
0.9841120630
0.9760753000
0.9644381020
0.9527927210
0.9444651551
0.9495165553
0.9515550739
0.9635833531
0.9782281002
0.9863614185
0.9910062607
0.9956806108
0.9968517337
0.9894019565
0.9769056655
0.9708032150
0.9706105694
0.9643486231
0.9658656817
0.9775598481
0.9807000787
0.9806197544
0.9911730295
1.0001815036
0.9986997218
0.9924342657
0.9862560734
0.9838824179
0.9872127762
0.9889434762
0.9831967156
0.9802053178
0.9805898504
0.9736135854
0.9681566647
0.9604046890
0.9562999980
0.9610640891
0.9754959423
0.9869173359
0.9921095155
0.9941571155
0.9913302385
0.9804425758
0.9561060348
0.9115398551
0.8394312451
0.7602969617
0.7195589784
0.7286637147
0.7908990828
0.8644423535
0.9299814862
0.9687953265
0.9869767528
0.9920547852
0.9910469159
0.9865176815
0.9833622340
0.9817087912
0.9768579957
0.9714149416
0.9712930605
0.9763283822
0.9850178072
0.9941598778
0.9970635605
0.9991321252
1.0036797656
1.0070832037
1.0027277666
0.9918780393
0.9845436112
0.9833371799
0.9872740631
0.9889469122
0.9900315641
0.9902692544
0.9878980158
0.9903958402
0.9964321395
0.9974707968
0.9964879953
0.9970623836
0.9927117297
0.9857258658
0.9813752935
0.9810804290
0.9922516245
0.9909961681
0.9928229939
0.9959502242
0.9879923338
0.9703133704
0.9633370114
0.9629219615
0.9611721507
0.9601707780
0.9626530061
0.9694804204
0.9786926097
0.9866742740
0.9929333435
0.9957400952
0.9919577592
0.9858840210
0.9808139474
0.9803109833
0.9756129126
0.9795721580
0.9736122783
0.9754792201
0.9779290203
0.9926595686
0.9971633429
0.9993549168
1.0007966945
0.9978887604
0.9936683473
0.9926906744
0.9980753670
1.0036565106
0.9999999509
0.9914897593
0.9893676143
0.9919030712
0.9927879917
0.9907112625
0.9799171165
0.9596140939
0.9501724706
0.9373645105
0.9310733694
0.9417135589
0.9606748335
0.9752432579
0.9823726355
0.9827777585
0.9796842367
0.9798356705
0.9841247460
0.9875787137
0.9914527814
0.9980019399
1.0007980849
0.9964707927
0.9881004694
0.9748579122
0.9600757455
0.9351731890
0.8996637355
0.8663459828
0.8468821954
0.8396392694
0.8269482619
0.7764194327
0.6928361856
0.6061028507
0.5521726877
0.5595820330
0.6306190938
0.7388878178
0.8425621155
0.9136170370
0.9507616247
0.9640857466
0.9670771774
0.9652186862
0.9648129034
0.9556242720
0.9228872813
0.8559265487
0.7572690909
0.6622743965
0.6059866158
0.6091039734
0.6735631881
0.7710782284
0.8652082354
0.9326446483
0.9687603774
0.9827975497
0.9870283488
0.9880357364
0.9842812567
0.9781385488
0.9811644365
0.9852421896
0.9891682892
0.9873794498
0.9855334401
0.9739232150
0.9673389287
0.9656843430
0.9657610691
0.9666643765
0.9639624594
0.9632149376
0.9624250681
0.9610820162
0.9723637446
0.9952530994
1.0078899735
1.0009243357
0.9874042991
0.9766432444
0.9619842955
0.9370193661
0.9259237313
0.9305570602
0.9311580143
0.9414576290
0.9513395248
0.9617091144
0.9688540089
0.9649828423
0.9729772456
0.9855988997
0.9933257464
0.9997769889
1.0033991895
1.0056260725
1.0060923891
1.0014695845
0.9947297893
0.9873786361
0.9774443702
0.9709496947
0.9676465172
0.9670565289
0.9800007727
0.9755124062
0.9492992280
0.9085536569
0.8533854861
0.8189686144
0.8216271572
0.8511715411
0.8982795577
0.9430236612
0.9708718549
0.9815558688
0.9859429654
0.9914193595
0.9982358627
1.0021830260
0.9955023344
0.9891184661
0.9888003360
0.9761384690
0.9454786089
0.9048669354
0.8627845433
0.8529948308
0.8812118995
0.9117978428
0.9318065849
0.9380255611
0.9194128332
0.8825305191
0.8314572669
0.7970416171
0.8011645951
0.8338281644
0.8847389491
0.9395541520
0.9757289133
0.9984874160
1.0034330389
0.9957403795
0.9992734857
0.9993628159
0.9909878533
0.9918958882
0.9946263042
0.9952547559
0.9977451668
0.9976935709
0.9936802234
0.9880552741
0.9862196766
0.9838436135
0.9823414064
0.9873297342
0.9943163017
0.9972479169
0.9965294471
0.9937345665
0.9915706272
0.9956077910
0.9928937306
0.9939266174
0.9922224754
0.9931999779
1.0008758275
1.0070847238
1.0002937062
1.0035298171
1.0041023553
0.9929819538
0.9839706314
0.9843979791
0.9877876247
0.9885063224
0.9892517981
0.9935345266
0.9970806535
0.9968936342
0.9983753492
0.9989795705
0.9994025722
0.9937589521
0.9903543105
0.9822310912
0.9727750805
0.9753451990
0.9765651637
0.9694613247
0.9687211421
0.9732387490
0.9868152251
0.9968405521
0.9991519404
1.0012905350
1.0033271530
1.0015757883
0.9955513433
0.9889334403
0.9764821007
0.9530618817
0.9345865318
0.9374012720
0.9430703310
0.9470112475
0.9690912491
0.9897612297
0.9979194940
1.0032024745
0.9998607750
1.0043335410
1.0160844240
1.0154621027
1.0005639324
0.9893175757
0.9884789713
0.9918688614
0.9978634946
0.9962011437
0.9720943222
0.9391800965
0.8900320289
0.8378737302
0.7982996056
0.7792691809
0.8125322023
0.8707282742
0.9227581889
0.9649471224
0.9884839870
0.9985562689
1.0015994993
1.0030909850
1.0069115631
1.0083343543
1.0013999899
0.9884647891
0.9747254593
0.9659031239
0.9674116153
0.9713025407
0.9652963127
0.9542613261
0.9453954011
0.9216605921
0.8951583397
0.8842048911
0.8841943011
0.8979598532
0.9343414184
0.9586469830
0.9754198383
0.9849276451
0.9891827282
0.9921536582
0.9921882362
0.9913590565
0.9938044039
0.9928475660
0.9692314447
0.9471711363
0.9312181012
0.9247897288
0.9169808112
0.9213066112
0.9307337777
0.9396637839
0.9476962915
0.9449976444
0.9412604808
0.9415989978
0.9500273122
0.9696763007
0.9889415839
0.9957936294
0.9907314996
0.9797468720
0.9611923153
0.9213098674
0.8631702089
0.8222908847
0.8055086935
0.8166198372
0.8639652901
0.9139514710
0.9573082854
0.9832581896
1.0007591923
1.0048704925
1.0073673361
1.0014325879
0.9923014951
0.9861845797
0.9833594579
0.9704166535
0.9300336993
0.8615763245
0.7795427768
0.7042464502
0.6628084326
0.6743426943
0.7383839506
0.8172824761
0.8867996728
0.9011295384
0.8748824396
0.8367981714
0.8018221493
0.7834222247
0.7892280866
0.8226782367
0.8708487659
0.9147824134
0.9511824426
0.9788487653
0.9926039649
0.9969500139
0.9988312889
0.9973763531
0.9999251058
1.0102639637
1.0109837246
0.9954325756
0.9834546932
0.9809591852
0.9738387615
0.9652363918
0.9740315848
0.9811806297
0.9855159242
0.9904444966
1.0014356581
1.0075019734
1.0050013887
0.9988363884
0.9893246328
0.9881832664
0.9946938317
0.9864553240
0.9896080385
1.0019574870
1.0040787814
0.9953491597
0.9740701372
0.9844763190
0.9765387428
0.9723839999
0.9629451284
0.9597369862
0.9592092692
0.9620148633
0.9679907683
0.9824738920
0.9990701171
1.0047569772
1.0032458539
0.9978344092
0.9888830473
0.9896990790
0.9939995596
0.9964609983
0.9935551690
0.9891489325
0.9873849061
0.9894997293
0.9999816561
1.0067692645
0.9918664322
0.9695975074
0.9525354826
0.9331471429
0.9191348350
0.9138604856
0.9087002245
0.8931811037
0.8603695148
0.8210723642
0.7983227050
0.8057077011
0.8453502860
0.8947849266
0.9437215601
0.9655712131
0.9772287544
0.9957946844
0.9925920812
0.9885329453
0.9922779391
0.9876613737
0.9852252886
0.9902222409
0.9864517061
0.9794785195
0.9738559801
0.9745239307
0.9783085112
0.9778103691
0.9790712428
0.9841299565
0.9841934543
0.9884769162
0.9950313132
0.9949500066
0.9921559951
0.9917283646
0.9888926373
0.9959410686
1.0040929888
1.0072156946
1.0046481564
0.9945445272
0.9912119484
0.9984545003
1.0033139292
1.0026348910
1.0000740208
0.9978873139
1.0000845433
1.0065793384
1.0102512070
1.0085258284
1.0114820760
1.0091023538
0.9988064854
0.9814568402
0.9825257269
0.9778663526
0.9558058433
0.9457316723
0.9451977554
0.9471332574
0.9499752270
0.9592788997
0.9695866927
0.9807860723
0.9923744349
0.9956272731
0.9878093529
0.9772415931
0.9711189465
0.9668063333
0.9583648718
0.9493620471
0.9483076923
0.9555607171
0.9681388690
0.9866594633
0.9985911661
0.9978234715
0.9883073678
0.9783285361
0.9697574485
0.9644247118
0.9701030138
0.9794647925
0.9831432361
0.9846584375
0.9867359511
0.9871615181
0.9882970463
0.9918880359
0.9984910508
0.9957799640
0.9871614618
0.9844950384
0.9767013794
0.9810436700
0.9835008488
0.9816339239
0.9894760922
0.9895004405
0.9858688367
0.9801775988
0.9771519670
0.9707236890
0.9680462443
0.9801968532
0.9912077980
0.9886689038
0.9902616982
0.9978567079
0.9975020316
1.0059184160
1.0174872658
1.0089783992
1.0012347059
1.0050176470
1.0045666368
1.0026357115
0.9978304116
0.9923780081
0.9984601079
1.0031814370
0.9961011167
0.9855840833
0.9825457302
0.9842137040
0.9817722898
0.9766917223
0.9750061902
0.9770448925
0.9903782766
1.0011786498
1.0005625403
0.9979693433
1.0031391784
0.9995809518
0.9997514920
0.9984826215
0.9985472398
0.9955506207
0.9901288683
0.9914801915
0.9894304394
0.9867483247
0.9874802057
0.9846035104
0.9765904602
0.9726059955
0.9799886758
0.9934846045
0.9987407156
0.9911067400
0.9960172150
0.9949870637
0.9942483676
0.9886366721
0.9831765515
0.9697211571
0.9773744227
0.9924039538
0.9994305883
0.9917648603
0.9843973241
0.9874308546
0.9889650608
0.9823925697
0.9759068248
0.9774627599
0.9834167794
0.9783204328
0.9679331593
0.9602064353
0.9568547709
0.9453449102
0.9482559459
0.9576758465
0.9723956868
0.9783538472
0.9735522035
0.9642493539
0.9514356891
0.9456124868
0.9412804707
0.9415086692
0.9506340185
0.9642198136
0.9719444174
0.9622224750
0.9316443085
0.8841996748
0.8223039390
0.7605318093
0.7185599204
0.7134999712
0.7415337039
0.8031956428
0.8822434596
0.9442736939
0.9795882208
0.9966046634
0.9972104112
0.9937168476
0.9926612498
0.9936217214
0.9940471359
0.9921767081
0.9920044071
0.9982174127
1.0020852544
0.9914174519
0.9795215227
0.9827906013
0.9762441772
0.9714344115
0.9736218085
0.9791285823
0.9842501849
0.9902136787
0.9938457086
1.0006073752
1.0107941423
1.0106198484
1.0040296972
1.0012684473
0.9999644837
0.9993686124
0.9987220041
0.9947374345
0.9915131949
0.9891155436
0.9825739683
0.9743523985
0.9558219421
0.9208611694
0.8751397202
0.8451872631
0.8515626946
0.8827439198
0.9247030676
0.9636843986
0.9872001525
0.9968375705
0.9964133765
0.9942684110
0.9913488300
0.9880728404
0.9843078544
0.9815694393
0.9848778583
0.9895179535
0.9937099458
1.0029381254
1.0067665468
1.0067153780
1.0046940676
0.9976073275
0.9884835071
0.9803031881
0.9745071404
0.9672991298
0.9699909746
0.9744119220
0.9819992908
0.9880892596
0.9938939345
0.9988316998
0.9967062393
0.9949312944
1.0029978834
1.0060079558
0.9956145178
0.9887006391
0.9679229643
0.9336849053
0.9013001299
0.8636137166
0.8374409752
0.8438519048
0.8721662728
0.9202823458
0.9616436817
0.9846674361
1.0009923452
1.0000618631
0.9965796474
1.0006432970
1.0008527781
0.9968908852
0.9914608905
0.9827831911
0.9870021368
0.9955668416
0.9872955286
0.9775291285
0.9696954268
0.9598285542
0.9591942222
0.9598268483
0.9602158140
0.9673936187
0.9720357503
0.9682539712
0.9603143451
0.9543602101
0.9487341317
0.9442534649
0.9426938858
0.9418676502
0.9406260048
0.9408475998
0.9443672171
0.9492236420
0.9563801143
0.9554696809
0.9301306428
0.8925394047
0.8617328911
0.8565783624
0.8744661781
0.9046962597
0.9440906055
0.9770878592
0.9976273722
1.0092822457
1.0144562546
1.0140023528
1.0043177594
0.9948094474
0.9863065720
0.9603678602
0.9309705250
0.8945551465
0.8589187494
0.8392463947
0.8354214150
0.8405004071
0.8343157468
0.7849974410
0.7523335502
0.7396291767
0.7561428982
0.8001251317
0.8317184292
0.8351052208
0.8214156195
0.8113762824
0.8228489959
0.8597721166
0.9085524731
0.9492956425
0.9707012727
0.9751029842
0.9822601749
0.9893311528
0.9936191563
0.9994974883
0.9948784027
0.9727914481
0.9438684255
0.9122178381
0.8851404342
0.8706495105
0.8752541660
0.9007835707
0.9302054831
0.9562994472
0.9803004239
0.9914929516
0.9814654074
0.9633692122
0.9552025919
0.9585363963
0.9665170733
0.9798337241
0.9937349084
0.9993536919
0.9991329251
0.9959598854
0.9843108090
0.9811140893
0.9867734597
0.9769662254
0.9710612380
0.9798849865
0.9929969549
0.9913098410
0.9863752473
0.9895295003
0.9875212299
0.9815065112
0.9787936184
0.9720009910
0.9761349185
0.9881656666
0.9934704546
0.9888193060
0.9887366278
0.9998734071
1.0083271717
1.0121369498
1.0126049075
1.0083121319
0.9974784354
0.9864029322
0.9814380718
0.9776273285
0.9741587942
0.9693963258
0.9631992958
0.9644557292
0.9735447883
0.9836273737
0.9809023950
0.9825014626
0.9946603600
0.9876116068
0.9835439394
0.9783236282
0.9793771777
0.9787749492
0.9889711257
1.0008089912
1.0067009324
1.0115573858
1.0043044108
0.9955717202
0.9962559005
0.9994921628
0.9981658678
0.9947224615
0.9908376510
0.9798888427
0.9792568654
0.9751957265
0.9609688060
0.9260463379
0.8873038838
0.8412254297
0.8082232507
0.7976607921
0.8076043031
0.8329953630
0.8653099943
0.8977210127
0.9340043843
0.9651251376
0.9888792815
1.0011572500
0.9980995589
0.9910720814
0.9820857288
0.9683890353
0.9638160128
0.9699799405
0.9898387718
0.9935254441
0.9934328440
0.9991853435
1.0005696919
1.0024380728
1.0030118097
0.9987566257
0.9962517151
0.9901535670
0.9888655372
0.9937424553
0.9936868811
0.9874703816
0.9862221766
0.9916232614
0.9962268709
1.0009128601
1.0004480404
0.9972607114
1.0006740336
0.9995129988
0.9948124261
1.0006620468
1.0062430004
1.0013239626
0.9894639671
0.9804773091
0.9685462569
0.9647709608
0.9618045488
0.9531816263
0.9495874552
0.9587597627
0.9715774791
0.9798821166
0.9865944164
0.9901944414
0.9883648237
0.9815370734
0.9814862502
0.9887623536
0.9873202951
0.9871580052
0.9636008271
0.9156170955
0.8306484269
0.7180169449
0.6182580004
0.5680099798
0.5814562225
0.6575703740
0.7665229795
0.8630818811
0.9303523930
0.9722412044
0.9874753503
0.9885048772
0.9889186104
0.9917763737
0.9859730770
0.9793744501
0.9787306549
0.9908392228
0.9970165087
0.9980433063
1.0069865557
1.0145293102
1.0115413746
0.9962985549
0.9823427475
0.9642269018
0.9452170773
0.9317571632
0.9238018565
0.9285383746
0.9425184431
0.9482680534
0.9551436404
0.9601561265
0.9716217148
0.9774602955
0.9851179285
1.0038025917
1.0092782857
0.9968247569
0.9952367351
0.9976065319
0.9854594848
0.9763639245
0.9775751181
0.9846478618
0.9946079918
1.0025280349
1.0052962903
1.0043793971
1.0019117870
1.0012192263
0.9983568365
0.9831137545
0.9615620649
0.9316741494
0.8940556542
0.8561769093
0.8426074451
0.8562702896
0.8842663767
0.9262861022
0.9728745385
0.9910909718
0.9898793515
0.9892133103
0.9926227319
0.9966000964
0.9979363498
0.9955736737
0.9947138485
0.9951287636
0.9852256257
0.9709399431
0.9385493029
0.8990097140
0.8554196229
0.8258140263
0.8216717849
0.8444588127
0.8908471642
0.9353805845
0.9630921213
0.9759337403
0.9844964327
0.9889397596
0.9903913120
0.9920189992
0.9945134797
0.9949269638
0.9952430878
0.9990514296
0.9965067379
0.9976602745
0.9975890461
0.9961589601
0.9919784697
0.9845081461
0.9759174384
0.9734959310
0.9737134621
0.9775289448
0.9717828141
0.9830374033
1.0012732033
1.0054235667
0.9999565793
0.9995798648
1.0034038499
1.0037579814
0.9999721229
0.9930383827
0.9843790308
0.9755478940
0.9775678800
0.9812178425
0.9811278641
0.9775691965
0.9701897827
0.9756226535
0.9835875452
0.9907125751
0.9918947960
0.9939248506
0.9945306152
0.9901864154
0.9785015541
0.9685822299
0.9684925340
0.9712068969
0.9725577155
0.9772991006
0.9784807595
0.9741766070
0.9750757892
0.9800757547
0.9767533312
0.9855309282
0.9877847668
0.9829744686
0.9790929224
0.9762465673
0.9815341057
0.9827148069
0.9800740337
0.9717148451
0.9654499545
0.9681875137
0.9752130564
0.9826812437
0.9897363569
0.9916683344
0.9904556425
0.9938859182
1.0036563108
1.0176694718
1.0027876667
0.9877919747
0.9736835581
0.9817010012
0.9810039081
0.9866268658
0.9815008356
0.9734541303
0.9751561526
0.9796965794
0.9836282444
0.9825605583
0.9779517739
0.9708047029
0.9618747071
0.9505445294
0.9293355813
0.9237889723
0.9240671783
0.9302023055
0.9479327442
0.9700185383
0.9903968056
0.9958944991
0.9876351830
0.9889091198
0.9955995565
0.9907517679
0.9842430595
0.9886201548
0.9961641254
0.9999066946
0.9982840591
0.9956651861
0.9998950379
1.0021330208
0.9874361501
0.9735107692
0.9776611603
0.9850082304
0.9804687928
0.9842350443
0.9924497020
0.9900184711
0.9907352632
0.9877431176
0.9808453086
0.9844470749
0.9806419245
0.9804090803
0.9904556665
1.0018652468
1.0024988660
0.9945468321
0.9883493919
0.9836184417
0.9791584397
0.9775027626
0.9722584195
0.9754395430
0.9569127922
0.9467971440
0.9483480078
0.9607195099
0.9646686122
0.9660058438
0.9685140119
0.9618707735
0.9547261452
0.9518562173
0.9492011663
0.9478928085
0.9553911900
0.9673086181
0.9777686737
0.9853163660
0.9831435412
0.9810697594
0.9765814404
0.9719753263
0.9790859368
0.9890082826
0.9930939863
0.9983194512
1.0006268022
1.0040970210
1.0079464712
1.0008750249
0.9998377961
1.0010413768
1.0023067544
0.9993488970
0.9904815781
0.9792429032
0.9729213024
0.9749369627
0.9786693670
0.9832649230
0.9877631654
0.9933202735
0.9995078161
1.0028073287
0.9965303335
0.9915234597
0.9876444398
0.9884574855
0.9866801280
0.9858863473
0.9918145594
0.9942776848
0.9910374347
0.9833500374
0.9744756477
0.9690575405
0.9676549781
0.9666756295
0.9623240879
0.9569260007
0.9611921557
0.9691665470
0.9657268678
0.9754630288
0.9715935926
0.9752174121
0.9760041267
0.9825373476
0.9864579528
0.9877640724
0.9912749553
0.9894494512
0.9806773742
0.9769700261
0.9789074486
0.9794487881
0.9749546922
0.9601225073
0.9358180072
0.9166966909
0.9109480374
0.9122539061
0.9157984338
0.9239175050
0.9402752259
0.9577364213
0.9729125070
0.9715820032
0.9792649813
0.9872373909
0.9947444290
0.9948741853
0.9926909527
0.9896926540
0.9883606290
0.9898013231
0.9923306295
0.9946099193
0.9932542891
0.9896626198
0.9889096889
0.9843731327
0.9765661164
0.9775373618
0.9840095725
0.9923591275
0.9918696292
0.9887589202
0.9869084613
0.9900489734
0.9822517756
0.9732017579
0.9528463701
0.9176454778
0.8736317055
0.8130894470
0.7345627896
0.6559552169
0.5969728064
0.5790540647
0.6123322956
0.6854050783
0.7893231328
0.8885453054
0.9475832737
0.9768981945
0.9867850669
0.9892086492
1.0012609227
0.9992297682
0.9918834492
0.9774191561
0.9664836963
0.9603824325
0.9585658019
0.9635813675
0.9777774442
0.9966703061
1.0048339299
0.9990367673
0.9985735886
0.9985585307
0.9949302999
0.9909214538
0.9812406324
0.9807892074
0.9726949957
0.9560073880
0.9423504987
0.9370516023
0.9268455011
0.9215833125
0.9225402273
0.9301997023
0.9456433640
0.9609346716
0.9689130759
0.9665503706
0.9568179861
0.9570612152
0.9701565310
0.9754985817
0.9793083923
0.9824114323
0.9879888458
0.9860656097
0.9821141603
0.9811673643
0.9695344347
0.9489743529
0.9351013879
0.9292537726
0.9300892363
0.9404613376
0.9493134719
0.9625142398
0.9796941481
0.9858717736
0.9826496955
0.9739533609
0.9613057902
0.9440530600
0.9180995600
0.9054996859
0.8969835354
0.8907145321
0.8919134148
0.8974206392
0.9072125903
0.9078516292
0.9076497455
0.9161748592
0.9311604647
0.9510564139
0.9719569847
0.9871562519
0.9854904022
0.9736919100
0.9659046342
0.9502579037
0.9307690613
0.9261796461
0.9206714434
0.9247332608
0.9480799499
0.9680811646
0.9764659679
0.9834336621
0.9738355103
0.9639418650
0.9564662776
0.9620516972
0.9742218340
0.9755161747
0.9706229118
0.9650383105
0.9551878544
0.9477712144
0.9536004713
0.9671021157
0.9777268567
0.9869676776
0.9932621266
0.9955647290
1.0032981172
1.0108412012
1.0105950996
1.0004877910
0.9915574139
0.9915017366
0.9934510211
0.9840491940
0.9716581234
0.9713402473
0.9783609936
0.9855032583
0.9904336083
0.9950967866
1.0015364981
1.0039630158
1.0015567932
1.0009663352
0.9992673449
0.9933689500
0.9979132452
0.9993094265
1.0007609378
0.9945100122
0.9968178699
1.0132146753
1.0230900305
1.0288950679
1.0247795981
1.0078098349
0.9959434633
0.9876671707
0.9733575738
0.9582474223
0.9568457589
0.9700027616
0.9768590636
0.9858088198
0.9974929777
0.9891949645
0.9813089463
0.9779092167
0.9808955502
0.9789335470
0.9759234677
0.9738519341
0.9689260442
0.9656928348
0.9613199811
0.9548250588
0.9544019515
0.9673474172
0.9839817897
0.9943254500
0.9997167322
1.0009761626
1.0004277513
0.9994988034
0.9941073811
0.9870067572
0.9784203562
0.9754513121
0.9780314408
0.9771308779
0.9795827542
0.9825208465
0.9854011409
0.9867918046
0.9900942998
0.9870293465
0.9816857956
0.9844687552
0.9890639155
0.9864914350
0.9778582370
0.9680126529
0.9639706501
0.9657630946
0.9768961490
0.9932651584
0.9953325088
1.0011785109
1.0007926789
1.0004587308
0.9916389240
0.9831661259
0.9789367615
0.9857529730
0.9910287504
