#flux
0.9772130552
0.9660548087
0.9561240584
0.9315570028
0.9198717262
0.9380334172
0.9611405436
0.9652976311
0.9675442733
0.9737471539
0.9930906914
0.9867226209
0.9930501204
0.9954462026
0.9874800642
0.9819743428
0.9829018337
0.9830274368
0.9857895817
0.9925349183
0.9948526157
0.9768185627
0.9306008445
0.8787841379
0.8317813989
0.7954938825
0.7710302946
0.7523232908
0.7588910261
0.7996149681
0.8599191547
0.9332543476
0.9796574549
0.9890019073
0.9859042231
0.9913953482
0.9950966185
0.9839995926
0.9786693769
0.9787945354
0.9764294038
0.9805426171
0.9772623021
0.9611518131
0.9515075215
0.9556716541
0.9624614102
0.9829168556
0.9825156984
0.9664878210
0.9564608536
0.9518240785
0.9562387877
0.9773488224
0.9968375915
0.9952875365
0.9931455258
0.9866370336
0.9754371119
0.9695462784
0.9738742759
0.9823209068
0.9784620341
0.9657847110
0.9574612982
0.9539543102
0.9383577338
0.8918987348
0.8163043007
0.7462470895
0.6972725228
0.6986419344
0.7461521159
0.8183741079
0.8889667770
0.9378984323
0.9665975562
0.9719951367
0.9725593843
0.9665829034
0.9516699362
0.9487121657
0.9534921693
0.9617985839
0.9706324449
0.9722250139
0.9673613578
0.9583061586
0.9331800901
0.9290958850
0.9075537940
0.8909880811
0.8881617635
0.9090478349
0.9434373713
0.9527011475
0.9338681529
0.8889531084
0.8227120979
0.7485218352
0.6813360821
0.6503027979
0.6857712282
0.7721423012
0.8695282937
0.9461477564
0.9853793908
0.9916191997
0.9950510895
1.0041511845
1.0003293233
0.9829855199
0.9540974935
0.9374296851
0.9395414477
0.9455556622
0.9616617189
0.9763521228
0.9829513644
0.9919610855
1.0037448420
1.0090926381
1.0012983799
0.9805297086
0.9767763287
0.9927701975
0.9857602152
0.9698421521
0.9773390594
0.9816972201
0.9718161390
0.9414886508
0.9205116356
0.9063414342
0.8894818752
0.8796346909
0.8922345576
0.9242741595
0.9523512108
0.9707061815
0.9768704773
0.9697860443
0.9752681121
0.9909111443
0.9920108429
0.9817401777
0.9724286243
0.9620542124
0.9890195366
0.9859699289
0.9854657211
0.9761897797
0.9792875873
0.9910265301
0.9890117948
0.9687548190
0.9382014933
0.8987697860
0.8647239360
0.8408567305
0.8313325069
0.8530390678
0.8976713541
0.9410979124
0.9681269448
0.9789616418
0.9817589249
0.9773406124
0.9619975944
0.9514758411
0.9435737441
0.9417633273
0.9393221147
0.9388693976
0.9297748341
0.9202327183
0.9162633781
0.9136746109
0.9157712631
0.9268193746
0.9411320675
0.9584986743
0.9817554559
0.9917585237
0.9808465316
0.9802210481
0.9872927001
0.9839345068
0.9725916454
0.9714386076
0.9787173150
0.9646988852
0.9555838376
0.9450217193
0.9440119914
0.9391554116
0.9100626621
0.8714824024
0.8400004917
0.8002875600
0.7380434209
0.6646114006
0.5931052703
0.5238084778
0.4461116283
0.3669856511
0.3049496252
0.2603866312
0.2334890716
0.2118122346
0.1910573852
0.1835166090
0.1806635349
0.1699336439
0.1648992097
0.1673757067
0.1758925408
0.1807496071
0.1937326380
0.2196562546
0.2445420758
0.2730707724
0.3143167394
0.3601227569
0.4143550549
0.4729567509
0.5645722635
0.6550082463
0.7431696155
0.8015277545
0.8434586406
0.8629272359
0.8620082359
0.8671269130
0.8798212396
0.8918202258
0.8977823954
0.9117983821
0.9318817117
0.9431120511
0.9540846452
0.9740424175
0.9862503844
0.9882510657
0.9884092519
0.9837039971
0.9855146680
1.0005443873
0.9979735809
1.0102703856
1.0053650513
1.0023642539
1.0024795931
0.9939144429
0.9804760271
0.9800353854
1.0092690143
1.0514473634
1.0244915043
0.9377801069
0.8783893351
0.8600471370
0.8675532602
0.8939934906
0.9310025403
0.9598480901
0.9639244179
0.9605265976
0.9822324349
1.0035040753
1.0110951551
0.9876656944
0.9810822397
0.9840870846
0.9923903716
0.9986778307
0.9925900456
0.9793740007
0.9725377748
0.9743998325
0.9807661024
0.9831618439
0.9787954080
0.9875646959
0.9943702576
0.9970294172
1.0024326932
1.0015650408
0.9960008570
1.0019967264
1.0000380420
0.9806787596
0.9823711149
0.9837432142
1.0043148937
1.0182603468
1.0194853910
1.0225496922
1.0254532806
1.0232330591
1.0182597776
1.0124420229
1.0109402614
1.0103965391
1.0012973932
0.9964584653
1.0012614863
1.0031647793
0.9992585989
0.9985292361
0.9929368318
0.9879135991
0.9823294913
0.9761854169
0.9661618153
0.9482797372
0.9233244042
0.8742265244
0.8040636945
0.7361632536
0.6958298530
0.7045345295
0.7525265241
0.8103317405
0.8694546385
0.9274861822
0.9594232444
0.9654928267
0.9795013557
0.9762757475
0.9743841060
0.9682758059
0.9543675444
0.9439248439
0.9469669090
0.9657364921
0.9776420665
0.9822369781
0.9904623966
0.9915928162
0.9790948494
0.9670466914
0.9569253183
0.9361548925
0.9047944986
0.8902560450
0.9011849270
0.8977745213
0.9004443371
0.9163380234
0.9325793907
0.9401672951
0.9504146807
0.9759142626
0.9900883832
0.9906706622
1.0008853181
1.0006100406
1.0013463131
1.0136900795
1.0139335739
1.0051295805
1.0031790399
1.0113621101
1.0108174048
0.9949680965
0.9832357291
0.9713636638
0.9768344107
0.9799044440
0.9909059758
0.9812998966
0.9878195547
0.9818277063
0.9630624400
0.9334919266
0.8711177940
0.7655280817
0.6425626793
0.5415072621
0.4987151915
0.5344853003
0.6312198901
0.7534306884
0.8657769912
0.9357593241
0.9772630031
0.9951622495
0.9948529201
1.0003280750
1.0042962564
0.9992403278
1.0069896479
1.0022438567
0.9887966790
0.9776967999
0.9761504715
0.9866791565
0.9985068030
0.9813491007
0.9185041491
0.8274964360
0.7306942471
0.6540088873
0.6335240775
0.6768970572
0.7471664946
0.8311571384
0.9053431867
0.9658486665
0.9871085628
0.9846657617
0.9603229400
0.9152633184
0.8346388552
0.7353938033
0.6487153697
0.5997487158
0.6099215261
0.6736796094
0.7585495277
0.8395572201
0.9044593432
0.9490430923
0.9812937601
1.0041740505
1.0057822380
1.0153486991
1.0153589306
1.0196946843
1.0211060301
1.0017052112
0.9934983898
1.0013064334
0.9923266415
0.9830369587
0.9684193240
0.9533992351
0.9510848513
0.9518919909
0.9452895178
0.9403607214
0.9444452653
0.9529572248
0.9650520933
0.9781617606
0.9811881343
0.9738785286
0.9669236951
0.9880341021
1.0023956950
1.0091517530
1.0144901084
1.0203972379
1.0139882909
1.0011406431
0.9864623597
0.9793823465
0.9865549684
0.9996267113
1.0103455127
1.0156586917
1.0159784360
1.0212641026
1.0125651661
1.0315721112
1.0216217848
1.0263315568
1.0205629784
1.0175110246
1.0090597718
1.0056999004
1.0075142989
1.0082651392
1.0070744511
1.0001525171
1.0002665628
1.0016305579
0.9936290378
0.9838325980
0.9803226675
0.9854146056
0.9961463908
0.9940681232
0.9903628764
0.9903322481
0.9935145534
0.9948426656
0.9914287445
0.9900057534
0.9837713906
0.9733181489
0.9872920844
0.9989377076
0.9963193915
0.9921675961
1.0064324773
1.0182136869
1.0151094965
1.0054743044
0.9898094562
0.9682341859
0.9466319681
0.9418669202
0.9525673713
0.9512030847
0.9603725249
0.9843749503
0.9804965318
0.9887867516
0.9894082736
0.9711165481
0.9556054039
0.9355708405
0.9176785094
0.8920789602
0.8513299475
0.7994779948
0.7421407186
0.6931662258
0.6747282714
0.6978204489
0.7612010010
0.8504258811
0.9152149841
0.9554680757
0.9586923653
0.9713919348
0.9735108300
0.9788044518
0.9808019733
0.9843020375
0.9810074758
0.9728477846
0.9707816911
0.9706924930
0.9755909399
0.9853538345
0.9932430117
0.9967276584
0.9969068259
0.9925277913
0.9825379946
0.9726857494
0.9698047094
0.9623364809
0.9494376258
0.9451986836
0.9511405198
0.9611024031
0.9769338398
0.9878177985
0.9833910822
0.9869461980
0.9831103759
0.9772094337
0.9771798965
0.9774656907
0.9717537295
0.9591278802
0.9492496992
0.9501442081
0.9518539143
0.9557705799
0.9604592330
0.9638301811
0.9738839959
0.9863160371
0.9931796766
1.0097735765
1.0012920412
0.9782065559
0.9631077340
0.9630136930
0.9633277064
0.9639045074
0.9693269331
0.9767003120
0.9805614343
0.9813561538
0.9849203103
0.9928425012
0.9997627938
1.0032255528
0.9999882893
0.9843102872
0.9761180909
0.9791977393
0.9617688377
0.9621620075
0.9476639789
0.9434840650
0.9583725318
0.9681474797
0.9728714793
0.9743634439
0.9803480913
0.9895705130
0.9914792085
0.9843783353
0.9719139975
0.9435665452
0.8799578777
0.7906274877
0.7261104069
0.6888349168
0.6874863536
0.7478335121
0.8377248336
0.8886915279
0.9392543664
0.9643508261
0.9778002101
0.9812415495
0.9799029184
0.9802577911
0.9774697523
0.9733211473
0.9801016235
0.9928932725
0.9930997816
0.9851824092
0.9892573167
0.9976308684
0.9866172649
0.9833081715
0.9938787068
1.0103559517
1.0210375847
1.0071549411
0.9963787040
0.9959552244
0.9868105229
0.9745667398
0.9770070313
0.9901966270
0.9975347733
0.9957030377
0.9957151558
0.9986137326
0.9898836450
0.9715014472
0.9709841900
0.9875608618
0.9844012298
0.9784738921
0.9797837887
0.9730537790
0.9734156379
0.9625958747
0.9492276172
0.9460424018
0.9489479016
0.9449878813
0.9373812880
0.9373290457
0.9407073951
0.9569461011
0.9778962196
0.9876144547
0.9881274785
0.9859078278
0.9885081594
0.9759740377
0.9632948871
0.9520957473
0.9639415491
0.9745993882
0.9879067991
0.9879650416
0.9880266045
0.9949006175
1.0012891093
1.0031976718
0.9955488265
0.9859855820
0.9850186459
0.9953454700
1.0027036766
1.0023483291
0.9999255748
0.9886280935
0.9764421415
0.9776814450
0.9764341259
0.9648532253
0.9354448840
0.9292082444
0.9178440510
0.8900609407
0.8924622041
0.9131504025
0.9270759844
0.9434252717
0.9599394968
0.9664886324
0.9595028191
0.9609048038
0.9698874982
0.9745024423
0.9762795961
0.9779885958
0.9931588548
0.9942312482
0.9686422038
0.9499205480
0.9282212563
0.8938284304
0.8616475164
0.8523347061
0.8395723136
0.8090122910
0.7478652716
0.6517685536
0.5530085865
0.4949083784
0.5105198882
0.5890223777
0.6921188097
0.7915252845
0.8659685837
0.9084218677
0.9383944842
0.9536204604
0.9676126943
0.9571417968
0.9482412178
0.8895972831
0.8014977081
0.6945786515
0.5971661938
0.5387281628
0.5537568738
0.6272157019
0.7220032972
0.8201953167
0.9004949775
0.9518511343
0.9757171960
0.9805158658
0.9766912329
0.9716608630
0.9763350485
0.9866730115
0.9900884557
0.9914810739
1.0003124086
0.9936310899
0.9859798693
0.9694544975
0.9618317227
0.9444146704
0.9488680739
0.9534223826
0.9435600268
0.9396268712
0.9515332879
0.9713550284
0.9857590621
0.9907760852
0.9986066968
1.0039714120
0.9775158857
0.9408548996
0.9224668142
0.9068936396
0.9065597225
0.9324520968
0.9538596782
0.9539756536
0.9689865213
0.9805134371
0.9968041005
1.0035121090
1.0186946393
1.0190203580
1.0044956880
0.9962198364
0.9970241905
0.9974252965
0.9941520063
0.9912824806
0.9862596707
0.9672340333
0.9539882831
0.9514875895
0.9514345789
0.9386933997
0.9498986472
0.9233608086
0.8787472375
0.8282537520
0.8000642447
0.8143332341
0.8587113126
0.9036047721
0.9418113901
0.9726590671
0.9950022350
1.0020217596
0.9967466382
0.9959133604
0.9879672365
0.9781730353
0.9822489000
0.9819693018
0.9762038024
0.9545499644
0.9005465875
0.8827466796
0.8795421722
0.8979412614
0.9228707947
0.9467745957
0.9409937699
0.9039899030
0.8339527935
0.7486767382
0.6964973924
0.7006032619
0.7483261440
0.8298308424
0.9180501047
0.9719991131
0.9973155725
0.9985496207
1.0017704645
1.0050643313
1.0027748650
1.0039119514
1.0006351938
0.9982831793
1.0015377213
1.0036008004
1.0029001677
0.9907741202
0.9851891329
0.9829596608
0.9775073098
0.9771231675
0.9797492214
0.9845182950
0.9936784600
0.9990199557
0.9953298377
1.0000806781
0.9825395618
0.9746924037
0.9796882120
0.9786268987
0.9892635617
1.0034994999
1.0060303598
1.0067781831
1.0043773146
0.9971075095
0.9996879706
1.0071237758
1.0075105706
1.0037067605
1.0003022441
1.0056352591
1.0201780644
1.0133117749
1.0031509096
0.9894458379
0.9918816806
1.0057474003
0.9899232924
0.9870404436
0.9732540178
0.9773579248
0.9824361400
0.9754165814
0.9744495950
0.9820325566
0.9836692485
0.9912197435
1.0040663352
1.0086888049
1.0055514091
0.9956439609
0.9981693090
1.0101993327
1.0121481651
0.9922719023
0.9680344737
0.9482053486
0.9340807327
0.9235404942
0.9354463552
0.9625921096
0.9809735582
0.9996976535
0.9978958021
0.9916357129
0.9954230461
1.0006750734
1.0039792597
1.0065398316
1.0135030507
1.0285926339
1.0276254543
1.0118119269
0.9862780420
0.9735972584
0.9301666314
0.8787227945
0.7982318465
0.7423383909
0.7367598191
0.7740029113
0.8342088986
0.8932289572
0.9353391658
0.9738323286
0.9978287535
1.0101050569
1.0147111359
1.0066403306
1.0002023473
1.0030507412
1.0018411549
0.9886578985
0.9703842787
0.9574214445
0.9421808194
0.9322423008
0.9380590295
0.9281133080
0.8837439491
0.8417370597
0.8174294548
0.8148289914
0.8428928702
0.8920487598
0.9441178191
0.9739650035
0.9885261898
1.0018714942
1.0048175192
1.0015143852
0.9930094618
0.9825567692
0.9573711989
0.9490693589
0.9414618295
0.9177964511
0.9031074287
0.9005381878
0.9027212853
0.9059308576
0.9241321754
0.9408533341
0.9469306711
0.9583714058
0.9660039667
0.9684586907
0.9761891983
0.9849559601
0.9891599699
0.9844567071
0.9582623534
0.9186895291
0.8768947737
0.8155937704
0.7518372351
0.7363328142
0.7565825631
0.8217357893
0.8994335218
0.9570146357
0.9949770849
1.0057405191
1.0176444461
1.0158970341
1.0092307587
0.9982665300
0.9927164611
0.9883579392
0.9542030799
0.9048214693
0.8350361969
0.7367501798
0.6463484764
0.5974425075
0.6208735852
0.6942405070
0.7857441127
0.8401276033
0.8670075299
0.8336787839
0.7746332581
0.7170318802
0.6950569596
0.7046450104
0.7562089008
0.8377205585
0.9057416193
0.9466471567
0.9755505554
0.9970497974
1.0097090949
1.0060093877
1.0028537558
1.0002104202
0.9868222220
0.9904363270
1.0138408259
1.0097198025
0.9783829755
0.9593654251
0.9590475787
0.9696337339
0.9743805719
0.9831262900
0.9947731280
1.0069630598
1.0123101772
1.0097182586
1.0116669462
1.0090622293
1.0034151014
1.0167393337
1.0123909008
0.9977930146
1.0058753576
1.0132141951
1.0077120877
0.9811112216
0.9603499082
0.9599515897
0.9690426411
0.9691023531
0.9671600421
0.9633142190
0.9638948070
0.9749549724
0.9847153715
0.9726647553
0.9442891097
0.9391104914
0.9697951863
0.9915845058
0.9746604655
0.9680419784
0.9597612845
0.9534770628
0.9414364132
0.9272812490
0.9135498174
0.8868722877
0.8508646078
0.8220181784
0.8001374759
0.7795628307
0.7661255738
0.7602842869
0.7498410498
0.7304393364
0.7063190281
0.6743705352
0.6386655777
0.6183702012
0.6366303545
0.7012734135
0.7808345147
0.8514032116
0.9088682904
0.9420921416
0.9608998463
0.9726719921
0.9706459975
0.9626877024
0.9693501160
0.9833632287
0.9771380753
0.9595994599
0.9564715926
0.9649301434
0.9759581323
0.9906116113
0.9977911892
1.0012746092
1.0036884609
0.9975993783
0.9960082632
1.0048184063
1.0157639095
1.0089442432
0.9957540046
0.9984558948
1.0040138949
1.0146125734
1.0095939285
0.9977549607
0.9951361876
0.9981981273
1.0012290242
0.9969951145
0.9897672482
0.9972851571
0.9995701591
1.0065828873
1.0130073155
1.0126146473
1.0028964280
0.9954161581
0.9867397161
0.9857118489
0.9889860579
0.9658803921
0.9524109712
0.9484388293
0.9353236511
0.9284056585
0.9407328541
0.9628036100
0.9745146384
0.9715304080
0.9736218668
0.9891899830
1.0005443712
0.9986473757
0.9962012549
0.9882136574
0.9708755641
0.9587883671
0.9409120665
0.9291318865
0.9404752380
0.9600042776
0.9924687204
0.9933666527
0.9870590682
0.9845009028
0.9843831775
0.9748697486
0.9579732884
0.9527132462
0.9600114224
0.9673594118
0.9656142693
0.9758162436
0.9816746900
0.9919497825
0.9912135267
0.9915711267
1.0028306806
0.9915968959
0.9714958473
0.9660709258
0.9729545728
0.9748290554
0.9793397401
0.9961387932
1.0100039153
1.0033071987
0.9947101427
0.9965614340
0.9883993984
0.9760100588
0.9734138490
0.9795215743
0.9960304182
0.9904468947
0.9765344306
0.9958246794
0.9900844992
1.0046598914
1.0272075016
1.0181930033
1.0039063841
1.0072891081
1.0181856068
1.0150374731
1.0026855612
0.9979685483
0.9949091628
0.9876133513
0.9876284941
0.9906686797
0.9887355949
0.9823069211
0.9766429994
0.9751220316
0.9699952090
0.9925253420
0.9973823953
1.0001798016
0.9955143018
0.9856648442
0.9831682606
0.9861858773
0.9949842377
1.0131409288
1.0214451716
1.0096809925
0.9936421669
0.9873064707
0.9866611446
0.9812246680
0.9731875490
0.9678240987
0.9629350339
0.9720405255
0.9862521358
0.9903150109
0.9866769446
0.9667536151
0.9598217683
0.9528960746
0.9516596438
0.9598971221
0.9700227324
0.9864369110
1.0037571791
1.0086903156
0.9976021409
0.9833570801
0.9775998399
0.9732870616
0.9716550536
0.9697615876
0.9654317862
0.9674498299
0.9639683791
0.9576785432
0.9422730585
0.9320470573
0.9242620846
0.9300329419
0.9514711413
0.9688825106
0.9764534778
0.9732019780
0.9566756171
0.9364573793
0.9187669355
0.9123998439
0.9321842318
0.9602509941
0.9716831793
0.9581176038
0.9250379474
0.8789640612
0.7991152873
0.7223120095
0.6475250073
0.5958000027
0.5946356156
0.6352714811
0.7310409629
0.8268184862
0.9072158069
0.9537123125
0.9759932189
0.9891760974
0.9980988644
1.0007649338
0.9938429722
0.9945125090
0.9930426289
0.9863987170
0.9932639219
1.0040084045
0.9904804588
0.9791116223
0.9795074191
0.9666026658
0.9653260578
0.9861738958
0.9942690720
0.9919936546
0.9867023056
0.9951411736
1.0025253347
1.0050112533
1.0144665988
1.0102505078
0.9911349289
0.9987891741
1.0071550436
1.0027699941
1.0096823462
1.0073433006
1.0035189482
1.0095310407
0.9895170151
0.9620617966
0.9260172965
0.8790031273
0.8490366225
0.8532585928
0.8796542980
0.9089510513
0.9423145716
0.9737720071
0.9891008747
0.9886180807
0.9831003270
0.9851485046
0.9914435562
0.9867976671
0.9951136779
1.0042074340
1.0022427375
0.9903384303
0.9934628017
1.0079612625
1.0150199617
0.9966449831
0.9847702815
0.9746297477
0.9613226952
0.9599044840
0.9682472822
0.9726623226
0.9780065904
0.9939622384
1.0112125856
1.0169087880
1.0111641904
1.0024305531
0.9991501097
1.0027988736
1.0002536428
1.0005361471
0.9882913624
0.9591248410
0.9014259806
0.8342092082
0.7770916712
0.7394056556
0.7524816388
0.8075521666
0.8742093337
0.9427272155
0.9941577215
1.0134772670
1.0125838317
0.9920475704
0.9794749176
0.9791282179
0.9892625103
0.9883391895
0.9886495904
0.9789079351
0.9689436247
0.9717229605
0.9632535362
0.9570742283
0.9575933803
0.9635611001
0.9556577873
0.9536078500
0.9609775688
0.9668789280
0.9711756065
0.9656208016
0.9501990885
0.9482599547
0.9541026507
0.9509199513
0.9474847531
0.9267389150
0.9396524378
0.9487744675
0.9467508050
0.9441070803
0.9424310691
0.9019614553
0.8453806681
0.8069428253
0.7973710935
0.8229551378
0.8699386651
0.9192592795
0.9603955605
0.9843174552
0.9908293308
0.9914384257
0.9943290201
0.9939117051
0.9839529350
0.9694208982
0.9488756669
0.9102593038
0.8533988462
0.8345168099
0.8453894595
0.8451335418
0.8380716306
0.8131646535
0.7829849417
0.7527650327
0.7387853521
0.7557158141
0.7882105102
0.8108679123
0.8184224926
0.8204442739
0.8223404636
0.8371894057
0.8575665182
0.9096500963
0.9455660606
0.9752496989
0.9780411358
0.9727214666
0.9793164464
0.9891574740
0.9884439000
0.9868702507
0.9800334638
0.9525777761
0.9161153591
0.8852095250
0.8671022572
0.8709688358
0.8974877828
0.9381302216
0.9681604133
0.9841692460
0.9838784670
0.9869468886
0.9868951012
0.9685755998
0.9540904222
0.9612575912
0.9823926583
0.9961196896
1.0006704892
0.9989329079
0.9906707404
0.9878882202
0.9842944143
0.9744769313
0.9680866701
0.9683238933
0.9707505829
0.9712910595
0.9739518728
0.9870075277
0.9963630423
0.9882068017
0.9830435767
0.9759677299
0.9837462060
0.9853813072
0.9937743013
0.9849869115
0.9846183419
0.9918982633
0.9888671794
0.9945959501
1.0057311632
1.0044051453
0.9996348172
1.0017730952
0.9982683561
0.9815110118
0.9724498897
0.9697825011
0.9549809400
0.9504196900
0.9537920672
0.9702148125
0.9764878218
0.9808875154
0.9897142034
0.9913134757
0.9860251231
0.9769805202
0.9756411049
0.9761495821
0.9765054766
0.9856986276
1.0012737441
1.0041007773
0.9910525573
0.9899688433
1.0032416269
1.0131571130
0.9962053182
0.9868575374
0.9977469991
0.9976473318
0.9891521043
0.9766353021
0.9613487192
0.9399997798
0.8993339652
0.8604030885
0.8237529606
0.7903055360
0.7712279097
0.7741134761
0.7981202936
0.8354178906
0.8812421120
0.9305429473
0.9572138158
0.9730129778
0.9679347895
0.9693928694
0.9979296146
0.9783315211
0.9544604068
0.9614258394
0.9698993154
0.9875850813
0.9919751298
0.9822910151
0.9745682909
0.9726924190
0.9781263494
0.9859087245
0.9836967187
0.9791248514
0.9821761139
0.9738563069
0.9707555751
0.9882526859
1.0144947953
1.0139491908
0.9901473818
0.9788909976
0.9896595588
1.0008014604
0.9956836459
1.0070148161
1.0158470802
1.0097803634
0.9968529433
0.9867676569
0.9876491990
0.9909589511
0.9947834956
0.9993866551
0.9818126190
0.9523145213
0.9387553589
0.9458217010
0.9788599128
0.9848693417
0.9757055346
0.9883421080
0.9930662033
0.9928000890
0.9930083947
0.9918911789
0.9899482857
0.9755845200
0.9529390547
0.9266430531
0.8716693284
0.7717431232
0.6501123453
0.5465591079
0.4991325069
0.5263359327
0.6053497098
0.7210236683
0.8336457691
0.9017079111
0.9588218316
0.9822248761
0.9848722650
0.9788607680
0.9786391168
0.9741863343
0.9715938079
0.9749346670
0.9883341825
1.0040035579
1.0091478912
0.9986247892
0.9846343808
0.9881292721
0.9926445423
0.9634511223
0.9485320782
0.9334082735
0.8849865891
0.8724903245
0.8846597676
0.9212183725
0.9495270452
0.9643294800
0.9573549786
0.9671299953
0.9754896424
0.9857622753
0.9880552555
0.9925224011
0.9994343866
0.9976328974
0.9847569380
0.9730021397
0.9822417780
0.9963536430
0.9901123928
0.9850981460
0.9895271970
1.0015140437
0.9980837191
1.0008894760
1.0081917137
0.9862511360
0.9728195921
0.9542717188
0.9175786024
0.8662778539
0.8191696775
0.8038756862
0.8261091724
0.8651078790
0.9055509416
0.9451268504
0.9742650026
0.9857413624
0.9865246269
0.9692980329
0.9627649849
0.9960950949
1.0112642547
1.0039911656
0.9845268420
0.9627108970
0.9376987769
0.9126754395
0.8726140597
0.8148812450
0.7588556525
0.7453285058
0.7838766044
0.8476294304
0.9094847438
0.9497535358
0.9666515012
0.9834418238
0.9939087004
0.9902949697
0.9778127845
0.9832039824
0.9961900863
1.0020207615
0.9985881266
0.9889835034
0.9893934490
0.9872709922
0.9910336213
0.9870776173
0.9798424479
0.9737101560
0.9678702060
0.9670159360
0.9661784474
0.9612198032
0.9708427141
0.9961780206
1.0107969023
1.0008356880
0.9913414017
0.9842706055
0.9937121400
1.0012056789
0.9943728088
0.9841389833
0.9797181787
0.9825813822
0.9672583111
0.9549550714
0.9511609208
0.9472416002
0.9598165571
0.9840129112
0.9969894261
0.9963209849
0.9832593326
0.9771963039
0.9797801987
0.9708807349
0.9657883542
0.9624314252
0.9683984733
0.9569903559
0.9461750666
0.9541492825
0.9506865807
0.9582236477
0.9663220304
0.9603018173
0.9614638539
0.9789735396
0.9898955561
0.9836315657
0.9734056541
0.9676743995
0.9669662347
0.9706713444
0.9711279007
0.9568415819
0.9468103866
0.9567921875
0.9723271728
0.9854472008
0.9921774087
0.9928928485
0.9871036789
0.9874125579
0.9881483903
0.9872036314
0.9788491902
0.9664133130
0.9676366675
0.9727470862
0.9714981892
0.9743173263
0.9716887370
0.9728888148
0.9813898250
0.9839746210
0.9987016330
0.9968933073
0.9870330295
0.9788936490
0.9539499843
0.9260483284
0.9047474140
0.9119806446
0.9237048268
0.9449011034
0.9660934371
0.9789981944
0.9910968917
1.0044405808
0.9953658859
0.9661931819
0.9622267406
0.9671338095
0.9632092459
0.9675107039
0.9930525358
1.0048758547
1.0036012818
0.9938249390
0.9921393861
0.9936370851
0.9780154011
0.9630762199
0.9666809843
0.9771786845
0.9902898126
0.9937792182
0.9907479489
0.9856164698
0.9751679591
0.9686269380
0.9701293460
0.9768672430
0.9855945107
0.9842574356
0.9982365262
1.0086203439
0.9951686757
0.9880314092
0.9820431661
0.9829578519
0.9636968047
0.9594237635
0.9561904027
0.9457056051
0.9369566423
0.9386628352
0.9443647919
0.9421692829
0.9402234757
0.9410199165
0.9260352400
0.9191248450
0.9315573872
0.9342192209
0.9344661458
0.9333103323
0.9520148264
0.9800534366
0.9839187233
0.9736435431
0.9724519753
0.9720058433
0.9794949302
0.9826974932
0.9710874049
0.9706545979
0.9871154832
1.0039896265
1.0083868625
1.0012859865
1.0031302295
1.0033986640
0.9937290558
0.9797055589
0.9817699445
0.9637857916
0.9441937308
0.9511150072
0.9588933611
0.9691349442
0.9653929158
0.9561988977
0.9629299464
0.9770801909
0.9766160247
0.9669520612
0.9676021308
0.9840641178
0.9994242114
0.9942843807
0.9807989000
0.9818662854
0.9795041177
0.9664064379
0.9500602046
0.9426492856
0.9501418814
0.9548730686
0.9482564528
0.9429527398
0.9215939647
0.9111960780
0.9186423808
0.9313958501
0.9565451157
0.9731728317
0.9684558767
0.9553490694
0.9443681635
0.9355030601
0.9293781784
0.9393657411
0.9360951942
0.9250740077
0.9353793471
0.9469453742
0.9430327871
0.9396423277
0.9251612453
0.9177361996
0.9081410816
0.8826382716
0.8766104180
0.9005397656
0.9247363252
0.9383631112
0.9510916739
0.9634555690
0.9655452000
0.9606783794
0.9687738280
0.9794025331
0.9605582403
0.9641725338
0.9797305111
0.9750799918
0.9719047981
0.9915111551
1.0036337160
1.0011657150
0.9914542364
0.9841484617
0.9753431354
0.9716707059
0.9627780560
0.9569461164
0.9632496647
0.9775039890
0.9906235300
0.9865833414
0.9654305130
0.9543942318
0.9580737288
0.9316142982
0.9065856558
0.8517609895
0.7699938464
0.6863457777
0.6029887682
0.5327743013
0.5071951063
0.5293411093
0.6053827201
0.7251610730
0.8441201963
0.9230149465
0.9526566478
0.9609038232
0.9758700668
0.9837425886
0.9718005028
0.9627423052
0.9518703971
0.9418797325
0.9363393242
0.9459971895
0.9423343253
0.9598807158
0.9674446764
0.9926048149
0.9974089428
0.9991715079
0.9930788852
0.9859647581
0.9803350029
0.9759318386
0.9651611183
0.9515223084
0.9426038711
0.9307798048
0.9161972752
0.8944933902
0.8647248874
0.8508507865
0.8680315057
0.9033022300
0.9332990464
0.9445950667
0.9411209771
0.9534053854
0.9553935101
0.9501612589
0.9508763354
0.9535631991
0.9569623281
0.9628090983
0.9714926722
0.9840336047
0.9840669706
0.9589044183
0.9318540550
0.9064699743
0.8994508922
0.9080545542
0.9150096729
0.9388087542
0.9775834989
1.0095834517
0.9974086750
0.9660410003
0.9466681017
0.9331603667
0.9300981039
0.9152926619
0.8716273849
0.8340845635
0.8293029826
0.8367320246
0.8452624322
0.8588665075
0.8601955234
0.8642599455
0.8800082993
0.8999573417
0.9276287875
0.9636823527
0.9939210047
0.9767880464
0.9608187374
0.9578884820
0.9481304813
0.9227649983
0.9051882939
0.9159576543
0.9391420530
0.9580468679
0.9701517094
0.9675706029
0.9511095012
0.9412605872
0.9418065227
0.9440730162
0.9561976362
0.9588949746
0.9726893898
0.9715067514
0.9396629015
0.9148648934
0.9115212151
0.9338162391
0.9583674287
0.9672524540
0.9623853684
0.9648565629
0.9687349878
0.9655907901
0.9786389956
0.9987810926
0.9949861762
0.9895652809
0.9997471535
1.0013945775
0.9897515932
0.9814312695
0.9769006190
0.9739706154
0.9768445239
0.9748074543
0.9949225398
1.0032041219
1.0077112289
1.0206451148
1.0249986727
1.0164290023
1.0157888817
1.0144561899
0.9979013551
0.9772895786
0.9653957186
0.9590837025
0.9522559442
0.9496927536
0.9497410402
0.9547040903
0.9622492468
0.9624518114
0.9754246854
0.9586348110
0.9528968528
0.9616809552
0.9623939493
0.9552071167
0.9650271546
0.9725394943
0.9676432685
0.9633427256
0.9611400738
0.9583240300
0.9570676554
0.9519648198
0.9438746435
0.9403185028
0.9397118893
0.9485402434
0.9454453947
0.9519252315
0.9739737736
0.9911793300
0.9899855421
0.9779872615
0.9799796054
0.9873120986
0.9926083539
0.9872152357
0.9824363609
0.9745715428
0.9582311112
0.9483861351
0.9510821269
0.9563559285
0.9651906537
0.9773694494
0.9824211047
0.9592386212
0.9611587649
0.9705861110
0.9653954081
0.9621711558
0.9910926024
1.0089480758
1.0042080977
0.9948326396
0.9759426622
0.9720681764
0.9892941617
0.9937051167
0.9848835636
0.9867300227
0.9922832040
0.9867004087
0.9726636523
0.9610178252
0.9584335995
0.9661496141
