#flux
0.9999620700
0.9928213990
0.9869692410
0.9771322431
0.9639927068
0.9786058399
0.9795805711
0.9910944222
1.0011679412
0.9978442938
0.9859714834
0.9863203728
0.9989880730
0.9955017651
0.9816840261
0.9864732280
0.9931089142
0.9862615528
0.9889975485
0.9976916597
0.9955636313
0.9931772729
0.9965402312
0.9863173617
0.9778059139
0.9649597474
0.9551594338
0.9475893312
0.9435073856
0.9454267425
0.9524540722
0.9649531981
0.9809200221
0.9855773639
0.9766673404
0.9737736508
0.9855924445
0.9983387708
1.0019529906
1.0107789795
1.0223521089
1.0186898476
1.0026550028
1.0027400443
0.9807422770
0.9812210989
0.9969043341
1.0026997928
0.9941790469
0.9872564529
0.9885063415
0.9918306551
0.9946714085
0.9792726851
0.9672971662
0.9732437662
0.9745776963
0.9759893570
0.9749690087
0.9837623557
0.9942246869
0.9882716759
0.9847339501
1.0036958268
0.9940945248
0.9970851173
0.9892093438
0.9669962505
0.9085399072
0.8389104063
0.8013384983
0.7995910567
0.8289168585
0.8845549781
0.9375564345
0.9732421270
0.9920385981
0.9834946665
0.9627564185
0.9537831280
0.9570266984
0.9587620851
0.9596551261
0.9515596893
0.9681991300
0.9701573307
0.9739582334
0.9709406887
0.9563658367
0.9383707500
0.9235157501
0.9177404961
0.9352112431
0.9471504918
0.9508671462
0.9588216534
0.9591352601
0.9422258359
0.9068910214
0.8568087505
0.8129147409
0.7935712954
0.7926595775
0.8266994996
0.8872453462
0.9320107907
0.9685919360
0.9798624581
0.9885277727
0.9945697883
0.9808323884
0.9583854932
0.9417276963
0.9219856344
0.9168930145
0.9356898222
0.9603000853
0.9768131203
0.9782265349
0.9692859292
0.9746473782
0.9979804314
1.0012843072
0.9827709817
0.9735102964
0.9889466889
0.9906638018
0.9964542735
0.9879613148
0.9779247597
0.9739849791
0.9691629729
0.9720380465
0.9668535385
0.9562626938
0.9465073924
0.9434121646
0.9543490556
0.9657372788
0.9653809156
0.9719334308
0.9866919897
0.9906176114
0.9959565110
0.9840780980
0.9753730033
0.9692581574
0.9588421141
0.9774085922
0.9914554057
0.9861431880
0.9707962558
0.9535240083
0.9550239620
0.9687839971
0.9802468695
0.9788366543
0.9587996286
0.9412818756
0.9481211575
0.9575435012
0.9543243317
0.9463085771
0.9482325241
0.9627748629
0.9528642009
0.9507759915
0.9459925916
0.9460123142
0.9305793343
0.9392093196
0.9533031740
0.9499499504
0.9479796625
0.9347515477
0.9108362119
0.9139747510
0.9281006103
0.9235673028
0.9215892814
0.9279309998
0.9357547077
0.9400076371
0.9444729259
0.9547626935
0.9591200159
0.9287416123
0.9255389653
0.9398686098
0.9291510527
0.9081626798
0.9030904165
0.9115008255
0.9135507138
0.9031602750
0.8929151061
0.8854420520
0.8823847169
0.8726817436
0.8507103135
0.8290738816
0.7977924293
0.7592288423
0.7083365858
0.6456932356
0.5791607500
0.5088936662
0.4331179215
0.3684057697
0.3347533141
0.3141046505
0.2911388456
0.2846311269
0.2833657899
0.2793449117
0.2803121443
0.2909022171
0.3081854665
0.3337619066
0.3694637373
0.4169602101
0.4810733479
0.5499064789
0.6110627818
0.6743841206
0.7291758805
0.7676596304
0.8042756301
0.8422390947
0.8513682933
0.8594082733
0.8692178963
0.8803325138
0.8981479532
0.9081250254
0.9146429296
0.9188963378
0.9165370684
0.9112433286
0.9097642045
0.9171208889
0.9291723360
0.9351991430
0.9441315515
0.9517674237
0.9709446643
0.9656191518
0.9495730001
0.9359784358
0.9417228384
0.9636217571
0.9638005809
0.9588762421
0.9665087998
0.9613318467
0.9465386656
0.9294884347
0.9199412902
0.9218084518
0.9339919960
0.9496993873
0.9557980229
0.9551358775
0.9583640679
0.9519328940
0.9532783520
0.9625222002
0.9644143851
0.9691234850
0.9455792572
0.9453631488
0.9694456492
0.9781626240
0.9694357250
0.9731941628
0.9855201526
0.9839711031
0.9714342983
0.9620020590
0.9625794261
0.9740333527
0.9867319339
0.9841190671
0.9672971721
0.9588410806
0.9709013107
0.9848910963
0.9843399253
0.9792770512
0.9858502632
0.9976518168
0.9961215105
1.0003672859
0.9991992946
0.9907374477
0.9817350969
0.9787578932
0.9825998984
0.9841104054
0.9932277091
1.0076878877
1.0183495825
1.0310244817
1.0348220062
1.0244362978
1.0052876664
0.9934793030
0.9850704798
0.9753250464
0.9714402666
0.9669655954
0.9814498925
0.9788095633
0.9584581970
0.9672051686
0.9563519896
0.9216250574
0.8716993888
0.8123736762
0.7586853388
0.7333027988
0.7478146168
0.7878893438
0.8348994278
0.8824360572
0.9120454798
0.9358111343
0.9537472157
0.9596470430
0.9767398037
0.9704773749
0.9595489489
0.9738244838
0.9830842372
0.9686847789
0.9732456868
0.9816408755
0.9812805721
0.9862542703
0.9875606882
0.9878273388
0.9878648258
0.9807358390
0.9796910365
0.9870315288
0.9877506090
0.9740575627
0.9608743669
0.9679185533
0.9609327382
0.9633795608
0.9618198102
0.9541385586
0.9581806503
0.9728546792
0.9778054965
0.9778095575
0.9813993518
0.9842608361
0.9909525997
0.9960886053
0.9931087063
0.9885730415
0.9884012516
0.9886038555
0.9903726713
1.0042842429
1.0011489909
0.9962477838
0.9981340767
0.9963525753
0.9890194427
0.9821638754
0.9896318029
0.9787559791
0.9775326217
0.9391310155
0.8443207663
0.7557555852
0.7083398931
0.6932383998
0.7116073862
0.7672132431
0.8362677284
0.8934454849
0.9431279437
0.9907586553
1.0171573407
1.0132581943
1.0145725142
1.0162789807
0.9937203492
0.9853955405
0.9926389771
1.0037707173
1.0061070173
0.9964113159
0.9908234860
0.9943150508
0.9827475103
0.9632607279
0.9155647077
0.8491612972
0.8051789259
0.7942919117
0.8154435232
0.8547974251
0.9010142848
0.9347909541
0.9611665684
0.9933731963
1.0160726946
1.0225321183
0.9833855042
0.9115842294
0.8185461985
0.7594692978
0.7311894470
0.7306664785
0.7727176367
0.8337151661
0.8935783540
0.9453141295
0.9759136266
0.9898185689
1.0021468983
1.0041683277
1.0052099164
1.0281513128
1.0217443793
1.0082985320
0.9981742180
1.0003077426
0.9921950800
1.0032131226
1.0125469048
1.0023125258
0.9916599463
0.9877320059
0.9911026140
0.9945670372
0.9848478672
0.9768420758
0.9853097737
0.9938773043
0.9944139430
0.9967506856
0.9929413422
0.9890533252
0.9906181662
0.9891629166
0.9786262902
0.9708366966
0.9813679620
0.9945920222
1.0055810276
0.9973265807
0.9873706983
0.9832336538
0.9931365468
0.9939743529
0.9980307715
1.0117408263
1.0198410855
1.0157718079
1.0070789535
1.0054230765
1.0114035440
1.0079020824
0.9997884916
0.9986739660
1.0033864996
0.9979136578
0.9840241948
0.9874174761
1.0032149018
1.0013385463
0.9912237208
0.9906860754
1.0071752801
1.0275399721
1.0230364360
1.0055206480
0.9960601689
1.0011820946
1.0007933396
0.9947346691
1.0003931508
0.9814485627
0.9751677995
0.9786970150
0.9958159393
1.0010645954
0.9999342029
1.0097905015
1.0094501510
1.0102835876
1.0039221116
0.9869108416
0.9907221172
0.9969442171
0.9812996128
0.9735924293
0.9700797323
0.9668654697
0.9682147806
0.9646423877
0.9633488759
0.9754319029
0.9945176590
1.0001209764
0.9919070176
1.0037221140
0.9931617242
0.9912070534
0.9756053649
0.9496675800
0.9404417038
0.8969424744
0.8664564607
0.8639773888
0.8805169487
0.9055850828
0.9319369858
0.9567301717
0.9784968276
0.9952979234
1.0036719329
1.0040890242
1.0037882273
0.9965394898
0.9840391317
0.9899298049
0.9811235185
0.9933642935
0.9851297282
0.9845633452
0.9977988515
1.0062545421
1.0095497556
1.0095749190
1.0135081722
1.0315444456
1.0246805109
0.9933771347
0.9771313189
0.9812367397
0.9806730435
0.9776410049
0.9891293033
0.9929235256
0.9988876964
1.0071923672
1.0083099238
0.9915922094
0.9833784310
0.9916139784
0.9844010548
0.9918728587
1.0105595423
1.0024119442
0.9915026573
0.9872017598
0.9844934783
0.9885922797
0.9928169906
1.0058531816
1.0213520290
1.0119845416
0.9970260258
0.9968211761
1.0034347777
1.0040945248
1.0067607725
1.0171269638
0.9969265167
0.9863143338
0.9839167163
0.9697758505
0.9915114715
1.0014235172
1.0039438973
1.0128800274
1.0087703022
0.9967499968
0.9985911527
1.0081113728
1.0065817622
0.9969122237
0.9930856097
0.9962666460
0.9956973113
0.9856994506
0.9856768689
0.9874321757
0.9931507092
0.9936045696
1.0143600163
1.0221024842
1.0067964888
0.9932106812
0.9790231648
0.9430455297
0.8930300824
0.8481480365
0.8219791065
0.8298985812
0.8715767352
0.9193571331
0.9582912245
0.9840789632
0.9748964689
0.9638923946
0.9470638105
0.9563019732
0.9803383670
1.0004709585
0.9948129887
0.9953054300
0.9908226760
0.9963118076
1.0068908891
1.0088547855
1.0037983929
0.9965397184
0.9936971766
0.9970465714
0.9982419132
0.9991292990
1.0031599002
1.0017395030
1.0031848145
1.0147441430
1.0148672771
1.0040681948
0.9918064939
0.9891019807
0.9915443627
0.9934230391
0.9992073801
1.0051480182
1.0029495392
0.9969966911
1.0002361118
1.0102273737
1.0066179089
1.0032883631
1.0001057295
0.9953504204
0.9980106096
0.9957926252
0.9817282551
0.9722628073
0.9758840029
0.9751230927
0.9757933976
0.9642914836
0.9816044570
1.0041517234
0.9939075499
0.9917984303
1.0027463098
1.0000365608
1.0043773104
1.0015279458
0.9992853888
0.9983558586
0.9869014854
0.9738436750
0.9829412157
1.0042799889
1.0102700375
1.0111378875
1.0076324017
0.9886494826
0.9902178887
1.0096427457
1.0024640804
0.9899180259
1.0020374658
1.0130304857
1.0150247441
1.0125698315
1.0092099615
0.9889966915
0.9890337276
0.9843758703
0.9598794327
0.9459798169
0.9538708367
0.9689384480
0.9754733255
0.9694590998
0.9762320700
0.9860278569
0.9867559053
0.9736674315
0.9711967504
0.9745207692
0.9689534346
0.9726993516
0.9751423312
0.9742189461
0.9722107076
0.9854638182
0.9802512063
0.9449258696
0.9203029133
0.9027441681
0.8807639483
0.8615326040
0.8341722604
0.7775014916
0.6873331718
0.6047311737
0.5550771897
0.5462489747
0.6042284695
0.7073549655
0.7987174475
0.8657308202
0.9148547975
0.9389635596
0.9486018004
0.9674478977
0.9686220176
0.9563151582
0.9273278938
0.8606977222
0.7716351619
0.7026876652
0.6625090391
0.6540159118
0.7039068576
0.7889875059
0.8740243064
0.9188265916
0.9521043074
0.9786113309
0.9771477735
0.9747024786
0.9763793313
0.9663625797
0.9605792935
0.9642957129
0.9805681910
0.9918803172
0.9975029605
0.9927096459
0.9866062399
0.9999339052
1.0109230520
0.9941024659
0.9830690600
0.9937372661
0.9956694799
0.9935857541
0.9969161424
0.9788037437
0.9787478638
0.9922199577
0.9934655272
0.9894608638
0.9836794826
0.9792236124
0.9820103087
0.9885643941
0.9946752764
1.0010111720
1.0024148196
0.9985871288
0.9920604991
0.9835190277
0.9751110605
0.9758535108
0.9895970009
0.9827381984
1.0008699323
1.0216611466
1.0204710327
1.0118003353
1.0077543469
1.0010051098
0.9930554585
0.9903176834
0.9886856112
0.9942488942
0.9952785850
0.9779052959
0.9508798409
0.9138253466
0.8799270219
0.8566349731
0.8467405111
0.8708751245
0.9119261194
0.9532031224
0.9793459359
0.9808931432
0.9921051376
0.9972513287
1.0020679670
0.9938857058
0.9960461447
1.0004625781
0.9958102931
0.9834887799
0.9706366721
0.9542839200
0.9378426272
0.9309928290
0.9314957754
0.9409497951
0.9623426603
0.9690358233
0.9386851141
0.8967436661
0.8570517498
0.8479563075
0.8593209872
0.8652688361
0.9181434563
0.9511575528
0.9885123524
0.9962575996
0.9806221491
0.9870851446
0.9966274886
1.0081614551
1.0024641955
0.9911539401
0.9874677938
0.9979721573
1.0116469782
1.0086475316
0.9970273632
0.9880914991
0.9928895034
1.0054878539
1.0095662312
1.0057732593
0.9962224059
0.9988216802
0.9886842751
0.9813643135
0.9970427594
1.0055060560
0.9995021065
0.9845982066
0.9832686001
0.9898863642
0.9916873961
0.9781167119
0.9646341068
0.9809945330
1.0061856077
1.0023584031
0.9924253547
0.9807665690
0.9954327558
1.0021303256
0.9973555317
0.9979716114
1.0067668168
1.0066911635
1.0076702810
1.0047127312
0.9877521480
0.9791514006
0.9879160306
0.9994400369
1.0004667219
0.9902538507
0.9882086399
1.0024636097
1.0115189102
1.0074403577
1.0038787264
0.9985203872
0.9968853259
0.9873937429
0.9949741712
0.9988005707
1.0113312507
0.9962513550
0.9794551303
0.9763552093
0.9751741365
0.9839749176
0.9845034263
0.9901007215
0.9965318058
0.9915890148
0.9879254918
0.9928719628
0.9984416062
1.0066929284
1.0119762056
0.9971549593
0.9830952933
0.9942345970
1.0000710402
0.9938435612
1.0034470781
1.0085342600
0.9931259444
0.9755770687
0.9400727662
0.9136513367
0.9163541485
0.9041043669
0.9005382083
0.9251773223
0.9609451121
0.9859740140
1.0037275571
1.0050637469
0.9784090082
0.9786718466
0.9966348640
1.0120158685
1.0042485029
1.0048014766
0.9921336552
0.9803125474
0.9536003226
0.9490881772
0.9670887501
0.9797725012
0.9772877867
0.9565713648
0.9362017396
0.9325471195
0.9402320223
0.9504597729
0.9566833797
0.9598315599
0.9696560827
0.9768480136
0.9702956363
0.9807670373
0.9955223719
0.9997481974
0.9927888437
1.0033066881
0.9914960304
0.9885263785
0.9881676650
0.9810774182
0.9878772571
0.9895104329
0.9825883867
0.9758872796
0.9839599585
0.9974481259
1.0013618021
0.9952343327
0.9907692093
0.9991708268
1.0024148587
0.9881590250
0.9786334924
0.9788688680
0.9721192231
0.9463632325
0.9149413433
0.9089135590
0.8996946950
0.8901339771
0.9068756247
0.9352787896
0.9609183986
0.9802613061
0.9890338174
0.9943449494
1.0020148570
1.0058333911
1.0011251750
0.9922163970
0.9847897318
0.9753493036
0.9498912972
0.9089027152
0.8284066111
0.7657357646
0.7354196133
0.7360408289
0.7968229387
0.8803797159
0.9186326000
0.9321569555
0.9299694999
0.9089348211
0.8974984366
0.9012881749
0.9025280312
0.9156472790
0.9462661881
0.9755183204
1.0007934950
1.0055669182
1.0051778251
1.0052165950
1.0270240894
1.0001583700
0.9899022009
0.9947414226
1.0040955111
1.0075398608
1.0045850082
1.0062167521
1.0027650900
0.9901506419
0.9797183589
0.9804467632
0.9851375111
0.9897070874
0.9966336950
0.9996606412
0.9950752510
0.9934691611
0.9954428040
0.9938811085
0.9973596489
1.0073259333
1.0093997387
0.9994955711
0.9896425194
0.9918563773
0.9892097584
0.9961463516
0.9981791447
0.9883026856
0.9809955075
0.9759793443
0.9627826476
0.9552547531
0.9706251664
0.9805649463
0.9774396253
0.9956539040
1.0051122232
1.0136893892
1.0078989012
1.0003028633
1.0067243693
1.0110540763
0.9982378579
0.9755732141
0.9757001973
0.9868289830
1.0025128062
1.0118605685
1.0142010814
0.9921558805
0.9667917311
0.9680069056
0.9708849860
0.9600922825
0.9579239395
0.9607359920
0.9553056151
0.9422575074
0.9209861734
0.9133398691
0.9477184008
0.9698980719
0.9811838810
0.9950329466
1.0092943427
1.0191772102
1.0091580544
0.9999342055
0.9893376008
0.9801836010
0.9830613107
0.9978494714
1.0060514153
1.0047895727
1.0073725603
1.0111057584
1.0061427376
0.9983909015
1.0003682359
1.0029792391
1.0067100095
1.0146273708
1.0126689157
1.0169044115
1.0092306101
1.0060674739
1.0168241581
1.0211729772
1.0233075300
1.0146805179
0.9989490597
0.9835037123
0.9798127427
0.9841366552
0.9894529405
1.0013425865
1.0113124131
1.0049399184
0.9992707318
1.0046990202
1.0249592744
1.0248843234
1.0162138406
1.0059959337
0.9857439921
0.9907258211
1.0103881456
0.9918308462
0.9718949444
0.9695900064
0.9690066751
0.9669232907
0.9706937181
0.9804307603
0.9859718572
0.9790608675
0.9700460303
0.9749877296
0.9801348597
0.9688419064
0.9762253515
0.9827325819
0.9758394156
0.9745598455
0.9670938748
0.9950195761
1.0041969119
1.0123239909
1.0108242911
0.9995030062
0.9949268237
1.0004476726
1.0067827660
1.0059577729
1.0101551819
1.0060623639
0.9856147403
0.9961956046
1.0247414502
1.0074989850
0.9990619826
1.0097732378
1.0106818677
1.0055598334
0.9876019418
0.9884655132
0.9838266542
0.9680335941
0.9724144341
0.9837831869
0.9976839859
0.9934651813
0.9833575046
0.9857281913
0.9991067107
0.9934765985
0.9745569537
0.9803446877
0.9921174916
0.9920309919
0.9896909929
0.9930453221
0.9889690010
1.0070353833
1.0145127845
0.9943202080
0.9861427894
0.9914104328
1.0021043446
0.9989750971
1.0000174905
0.9987377622
1.0013260510
1.0058431358
1.0082684856
1.0037073665
1.0029930878
1.0095955646
1.0002743199
0.9853001564
0.9802304859
0.9709876927
0.9759955504
0.9925713078
0.9789499481
0.9899694364
1.0062748632
0.9929484406
1.0007700044
0.9966729698
0.9820652976
0.9752899804
0.9924066098
1.0151312573
1.0174617397
1.0110999305
1.0082027164
1.0002713601
0.9887018266
0.9842442070
0.9864988456
0.9775688877
0.9928904734
1.0015791924
0.9868832167
0.9910769188
0.9919248314
0.9805801693
0.9809467042
0.9958959811
0.9987103161
0.9976176192
0.9955138219
1.0018049797
1.0070897906
1.0124782188
1.0093230941
0.9981748578
0.9940491873
0.9911215727
0.9913528245
0.9866349308
0.9818119751
0.9816712942
0.9716511231
0.9723636179
0.9768329455
0.9931830218
1.0084218314
1.0028084743
0.9826074670
0.9855816584
0.9908997058
0.9851574513
0.9784376033
0.9815527640
0.9889974113
0.9839930580
0.9738461558
0.9713423832
0.9525167434
0.9147692029
0.8815320946
0.8540096142
0.8255528946
0.8270559139
0.8558233435
0.8890471100
0.9394968631
0.9725671008
0.9805110315
0.9849281877
1.0005879126
1.0013370360
0.9921212675
0.9955255648
0.9891086846
0.9832327489
0.9936163247
0.9947631989
0.9949788817
1.0047888021
1.0015243025
0.9907460924
0.9893835190
0.9733341260
0.9821532468
0.9942927060
1.0158901185
1.0004930679
0.9966941784
1.0037794850
1.0171016160
1.0075824678
1.0064945115
1.0175833070
1.0197463974
1.0051342256
0.9896594925
0.9869817687
0.9854465678
0.9808681165
0.9871316071
0.9847332626
0.9717187529
0.9296260326
0.8965822524
0.8887921424
0.8931997281
0.8960640376
0.9386218333
0.9730743935
0.9896089245
0.9968992464
0.9996181076
0.9956324050
0.9851109013
0.9841498455
0.9957555409
0.9976659071
0.9924321506
0.9975800825
0.9919544812
0.9846559885
0.9845633856
0.9860251991
1.0007362393
1.0053804106
1.0059381176
0.9941262377
0.9812415945
0.9992356083
0.9919246015
0.9837772304
0.9866301653
0.9844877266
0.9868737897
0.9934120943
1.0000753754
0.9997348547
0.9907036134
0.9908184504
0.9982070758
0.9937132508
0.9784956943
0.9515492989
0.9153059549
0.9029906279
0.8851166963
0.8675660413
0.9074240619
0.9539302624
0.9789285846
0.9791973257
0.9810982459
0.9929955068
1.0007054378
1.0020638484
1.0042385874
1.0060670278
0.9968655826
0.9783624918
0.9710860144
0.9783329830
0.9817252800
0.9799737925
0.9827133808
0.9835222148
0.9948643115
0.9961148150
0.9749405228
0.9897748993
1.0124144623
1.0072084294
0.9942372785
0.9846379238
0.9727332134
0.9651474785
0.9649691057
0.9637235794
0.9594299188
0.9655838486
0.9822602834
0.9875370906
0.9858969851
0.9826253414
0.9655983594
0.9383587537
0.9104288044
0.9055772039
0.9192007001
0.9490877030
0.9704000719
0.9666705949
0.9745353104
0.9972858896
1.0171509781
1.0137082808
0.9978127936
0.9922946805
0.9926240265
0.9827908876
0.9577263372
0.9223306067
0.8938801366
0.8765005369
0.8820167647
0.8908591034
0.8583249774
0.8126397266
0.7599616748
0.7550865188
0.7829641924
0.8247696598
0.8744071087
0.8748780218
0.8708987298
0.8830578415
0.8918476831
0.9086719363
0.9355073284
0.9573775529
0.9665293566
0.9699450254
0.9884197078
0.9984163413
0.9904742632
0.9819882163
0.9937364583
0.9989530473
0.9642948688
0.9460065182
0.9404307839
0.9377644704
0.9369814598
0.9454326480
0.9568595151
0.9649785966
0.9712178373
0.9764790471
0.9846280772
0.9863955583
0.9797462752
0.9794204807
0.9868990453
0.9990796475
1.0016754053
0.9978132233
0.9922622594
0.9874714876
0.9805921278
1.0014280249
0.9959058476
0.9925842113
1.0033316893
0.9909721213
1.0022284858
1.0096686862
1.0025065095
0.9942522140
0.9907118934
0.9849951719
0.9895386124
1.0058288369
1.0031785842
0.9893971688
0.9929902249
1.0053759981
0.9871094796
0.9683039334
0.9819217093
0.9958282101
0.9780380878
0.9906002117
1.0113628555
0.9928308419
0.9826651540
0.9792618889
0.9789430114
0.9890264417
0.9971403814
0.9992108370
0.9989591310
0.9983422500
0.9965455282
0.9885615844
0.9856831179
0.9864551642
0.9787992582
0.9752710737
0.9885769484
0.9901923932
0.9934208157
0.9980869114
0.9766119674
0.9716571194
0.9686973860
0.9951866982
1.0108120798
0.9991604750
0.9988410786
1.0053490225
0.9971782355
0.9902237224
0.9913015921
0.9807844277
0.9645099092
0.9553845130
0.9313738979
0.8901386073
0.8796653629
0.8760181333
0.8791120867
0.9199035975
0.9449225183
0.9639684082
0.9808928141
0.9950641128
0.9952020712
1.0092088449
1.0258615416
1.0108523750
0.9764384063
0.9773320368
0.9972095809
0.9865057183
0.9790276704
0.9856411088
0.9918801746
0.9787511736
0.9902721194
1.0015309144
1.0040444674
0.9987204681
0.9968594056
0.9915249311
1.0008740518
1.0086436195
0.9967347461
0.9927853957
1.0025491327
1.0013379909
0.9932072082
0.9897902133
0.9850265441
0.9848336137
1.0017938473
1.0174749376
1.0095840474
0.9929486436
0.9776054224
0.9907185311
0.9943531624
1.0068236020
0.9975973668
0.9930000261
0.9888125567
0.9889784043
1.0024666796
1.0083772570
0.9908210533
0.9771950960
0.9801346846
0.9806324160
0.9726800716
0.9741388605
0.9898185183
0.9945984589
0.9785069341
0.9799600751
0.9811775821
0.9528430884
0.8742441267
0.7932165619
0.6962420267
0.6367997334
0.6504558805
0.7213827411
0.8143387709
0.8984715274
0.9495557276
0.9742145984
0.9721896200
0.9584644333
0.9614991878
0.9843921040
1.0009066301
1.0012103134
1.0041937426
1.0015723288
0.9924417222
0.9965211997
1.0076714883
1.0126767056
1.0072097455
0.9862755691
0.9862799049
1.0096416192
0.9781026033
0.9475017996
0.9799743872
0.9849307335
0.9882632189
0.9935382068
0.9877622683
0.9908248697
0.9971730327
0.9932303840
0.9896334193
0.9884224505
0.9994005153
1.0033455854
0.9847509348
0.9889759582
0.9810180305
0.9866486676
0.9762518264
0.9724374502
0.9854443609
0.9776915729
0.9740395395
0.9845533983
0.9902704864
0.9885148422
0.9885804383
0.9984354306
1.0074547639
0.9865859997
0.9433842683
0.9265960989
0.9353170760
0.9486003564
0.9450131248
0.9741634021
0.9747019859
0.9846060210
0.9880679950
0.9734377717
0.9672771754
0.9845174206
0.9875257326
0.9976884792
1.0007640348
1.0037892307
1.0019094820
0.9938728994
0.9844027598
0.9679036890
0.9447779887
0.9277362099
0.9302667048
0.9417587868
0.9586782583
0.9797181516
0.9920965754
0.9811663706
1.0044165772
0.9861654964
0.9952719977
0.9983598491
1.0017721552
1.0016610993
0.9981790045
0.9928787039
0.9964717683
1.0014134728
1.0025363242
1.0013422261
0.9938247686
0.9865143534
0.9834818501
0.9765971488
0.9738257955
0.9683699404
0.9498716437
0.9718240774
0.9800881544
1.0057544084
1.0112884502
0.9872459744
0.9957108089
1.0006137323
0.9977139654
0.9851885412
0.9818466739
0.9921082117
0.9919363922
0.9855240934
0.9856402544
0.9864632499
0.9927218560
0.9900302940
0.9930534466
0.9849782485
0.9795314319
0.9902145323
1.0022926340
1.0041496199
1.0086366233
1.0002231892
0.9718683199
0.9566565034
0.9694895346
0.9833162183
0.9782601091
0.9740303272
0.9760657551
0.9781871112
0.9809940256
0.9890485809
0.9979272592
0.9879120850
0.9825784400
0.9941828242
0.9922704522
0.9958630914
0.9749938746
0.9662073059
0.9916249161
1.0066421527
1.0052863513
1.0070723020
1.0098859545
1.0146189377
1.0096899468
1.0049494978
1.0088868423
1.0106126596
1.0031945303
1.0015540673
1.0075606586
0.9963998500
0.9831773147
0.9955091827
0.9978759394
0.9968464212
0.9756212156
0.9796671097
0.9957329951
0.9969219357
0.9847695442
0.9833907144
0.9817112715
0.9659553335
0.9492415514
0.9523573669
0.9580064968
0.9554703939
0.9611730550
0.9769330012
0.9897856737
0.9978266141
1.0001182096
1.0003259186
0.9877437011
0.9807486808
0.9854312405
0.9778434690
0.9822956383
0.9868357596
0.9799625754
0.9819742717
0.9939243925
0.9761635967
0.9721242971
0.9778774464
0.9873825743
0.9927367305
0.9893157469
0.9829260412
0.9825350814
0.9893992602
0.9929777493
0.9938030984
0.9927502254
1.0030621341
0.9941817485
0.9973147357
1.0006807971
0.9794547196
0.9709058267
0.9878931863
0.9904370934
0.9872600005
0.9883291396
0.9733300870
0.9620275271
0.9667519873
0.9824041858
0.9845698192
0.9858508342
0.9948122783
0.9785797097
0.9793010599
0.9834932569
0.9799599139
0.9823865239
0.9729378055
0.9648478348
0.9650249673
0.9863360514
0.9866539890
0.9965853144
0.9877526142
0.9821902350
0.9806387479
0.9774894914
0.9798294533
0.9769940739
0.9704867682
0.9811272692
0.9998320486
1.0074749891
1.0120387818
1.0015491116
0.9939111349
1.0205214031
1.0137048342
1.0009582985
0.9972621542
0.9966224603
1.0037728265
1.0078973870
1.0018032171
1.0194606135
1.0068806341
0.9955980473
0.9959204256
0.9926037069
0.9992716812
1.0126502283
1.0043934831
0.9885182098
0.9966607433
1.0082538143
1.0082399982
1.0027896252
0.9862107867
0.9905006295
0.9859880851
0.9785789804
1.0012443132
0.9994177993
0.9909060489
0.9752312466
0.9725729792
0.9642376547
0.9721206835
0.9772643870
0.9792341916
0.9904182482
0.9924193354
0.9859906372
0.9919257348
0.9957279801
0.9988572600
1.0089482857
1.0091789655
0.9656531312
0.9503464925
0.9666946888
0.9561384724
0.9746660808
0.9673926318
0.9431607591
0.9313228906
0.9158128758
0.9253589145
0.9484298352
0.9570075998
0.9531678078
0.9573887836
0.9726962815
0.9847134996
0.9967280563
1.0116564860
0.9962356961
0.9863917224
0.9963922616
0.9899043378
0.9809083013
0.9886095829
0.9982303269
0.9771676014
0.9779635992
0.9860222977
0.9831748943
0.9771726449
0.9759328270
0.9841927645
0.9856542634
0.9780906486
0.9846669267
0.9992868563
0.9931099051
0.9748250918
0.9633790509
0.9641802071
0.9566205263
0.9341559966
0.9011645201
0.8408958587
0.7676382242
0.6989247489
0.6492679710
0.6480906425
0.6737002129
0.7308052739
0.8131395260
0.8974148324
0.9431309419
0.9542748150
0.9700400185
0.9932652138
1.0005433942
0.9913826834
0.9775599277
0.9788610863
0.9883225220
0.9682077023
1.0044709351
0.9960631524
0.9760772419
0.9936133153
0.9876264744
0.9887644518
0.9851092507
0.9757656272
0.9753616050
0.9879296534
0.9906998917
0.9839217305
0.9866861272
0.9879724479
0.9768902769
0.9682047319
0.9620975634
0.9631657305
0.9532441730
0.9412141215
0.9515363310
0.9687618471
0.9823207789
0.9916707480
0.9829532569
0.9812995427
0.9882448292
0.9801133257
0.9790688239
0.9877664318
0.9919197646
0.9943929740
0.9849807410
0.9818418177
0.9880594918
0.9676888490
0.9476618098
0.9576040758
0.9682938868
0.9646102096
0.9619677693
0.9618300058
0.9787388870
0.9888366523
0.9939386248
1.0034346011
0.9894654866
0.9836421717
0.9781172634
0.9706657512
0.9624410988
0.9535370950
0.9492938624
0.9492537001
0.9458826773
0.9366954426
0.9281559249
0.9308778461
0.9479653497
0.9718277110
0.9875575679
0.9881683950
0.9756968526
0.9980900000
0.9924486898
0.9547824282
0.9355684781
0.9422968021
0.9535608837
0.9550613794
0.9647208023
0.9685454327
0.9697860933
0.9754927378
0.9702154468
0.9609446689
0.9697376737
0.9791784196
0.9699925510
0.9559417693
0.9631616625
0.9590047435
0.9497680058
0.9562023473
0.9585774056
0.9797975732
1.0009475246
0.9936630122
0.9921199936
0.9909245588
0.9881690531
0.9916545643
1.0025469976
1.0069535953
1.0084668293
1.0141320941
1.0210128924
1.0272287601
1.0189572952
1.0043404524
0.9986134960
0.9948240504
0.9973802090
0.9870637153
0.9803205395
0.9863982458
0.9909013800
0.9991656955
0.9995639073
1.0052736464
1.0120435343
1.0224534213
1.0196655198
1.0066662258
0.9941421805
0.9965795885
1.0021198569
0.9919651280
0.9946038488
1.0003043352
0.9901158753
0.9909255891
0.9935350145
0.9860434886
0.9965144683
0.9970900615
1.0098277728
0.9797390244
0.9811081935
0.9824554491
0.9784511894
0.9842383478
0.9801344506
0.9833870116
0.9995525471
0.9971118697
0.9867783521
0.9877268985
0.9794342007
0.9774229567
0.9758294173
0.9662841135
0.9819066110
0.9928237931
0.9824221481
0.9912379780
0.9998915216
1.0075421133
0.9902575193
0.9816906892
0.9821187410
0.9898492464
0.9876413687
0.9768609220
0.9864426416
0.9959978796
0.9972593747
0.9881694513
0.9637133368
0.9776492376
1.0044811452
1.0040481364
0.9830725740
0.9972283425
0.9914241148
0.9831627765
0.9937299364
1.0004116754
1.0043581458
1.0083705711
1.0088965226
1.0113661636
1.0050698779
1.0025510770
0.9970326959
0.9857086038
0.9786921307
0.9799931092
0.9871094668
