#flux
0.9820014223
0.9902309369
0.9902556848
0.9854616548
0.9833131219
0.9826564992
0.9791860595
0.9804421537
0.9809639912
0.9807176656
0.9923551215
1.0024447961
0.9923005309
0.9728018015
0.9567907985
0.9700858511
0.9824623293
0.9879323762
0.9840226665
0.9929586216
1.0101933389
1.0081008976
0.9941509697
0.9869077456
0.9793605918
0.9669130236
0.9469782039
0.9302072171
0.9236129354
0.9435249969
0.9655510282
0.9710049686
0.9908391147
0.9930805485
1.0067929261
1.0108102771
1.0015123471
0.9850315933
0.9794372577
0.9846097686
0.9839375674
0.9800286764
0.9880049609
0.9920622309
0.9775913256
0.9715678754
0.9673150265
0.9857392988
1.0115812152
1.0124838720
0.9860634868
0.9583045091
0.9498883239
0.9557630913
0.9502336348
0.9342757332
0.9498943588
0.9674403385
0.9621873162
0.9589126656
0.9732928275
0.9902510049
0.9948370605
0.9853845381
0.9769345235
0.9893927277
0.9944693547
0.9754574603
0.9355282665
0.8879240292
0.8552687982
0.8510098272
0.8639751718
0.9064669209
0.9370790483
0.9571254930
0.9698114293
0.9712166928
0.9645873337
0.9574289307
0.9540311050
0.9587775953
0.9677312655
0.9687003285
0.9608836712
0.9418572095
0.9201558466
0.9262974641
0.9512195335
0.9354814239
0.8912752778
0.8953994682
0.8876818520
0.8901871753
0.9249269730
0.9477181498
0.9498349443
0.9428447946
0.9186328061
0.8759533326
0.8404970923
0.8237172244
0.8276386727
0.8647264376
0.9037009196
0.9370556558
0.9678123993
0.9832825938
0.9790513662
0.9751114401
0.9810863261
0.9692568493
0.9204219783
0.8975128515
0.9075262885
0.9194671668
0.9329502233
0.9555171956
0.9706567692
0.9705868413
0.9792989389
0.9961677116
0.9901713662
0.9769592608
0.9739598817
0.9652966985
0.9620054641
0.9628273305
0.9562597738
0.9481577012
0.9418491246
0.9537431023
0.9407168308
0.9227663839
0.9232523427
0.9276873640
0.9296713349
0.9380315413
0.9505011932
0.9554842169
0.9563931255
0.9578834232
0.9534356573
0.9520076068
0.9429548853
0.9456974694
0.9718202192
0.9795514624
0.9610886386
0.9635741390
0.9737670906
0.9791012212
0.9552709913
0.9456229782
0.9496784661
0.9403431943
0.9246819096
0.9098827302
0.8908333744
0.8782744571
0.8809915889
0.8867692622
0.8929018370
0.9046411635
0.9324197272
0.9351827761
0.9225753111
0.9220270339
0.9163597197
0.9045449348
0.9187566015
0.9220215209
0.9093940367
0.9063707136
0.8962559446
0.8743501887
0.8567902323
0.8518084074
0.8582945100
0.8774373849
0.9046386644
0.9189706586
0.9149989757
0.9246308618
0.9015700399
0.8836681935
0.8864673617
0.8966696172
0.8920890381
0.8827917726
0.8888280420
0.8951947220
0.8806723612
0.8845141280
0.8887377634
0.8700688291
0.8474769764
0.8345535520
0.8191767239
0.7900703220
0.7522291686
0.7213316137
0.6866718065
0.6129569862
0.5399523104
0.4689290756
0.4003536980
0.3410781577
0.2919920080
0.2487479351
0.2181231224
0.2027384369
0.1952723276
0.1918412107
0.1853652491
0.1843093298
0.1938393287
0.2147399305
0.2448513692
0.2827165091
0.3323230553
0.3783707549
0.4286143080
0.5047369276
0.5823229366
0.6508598922
0.7165960411
0.7795814677
0.8077708779
0.8309427818
0.8385466764
0.8355352504
0.8415776560
0.8432631570
0.8253804607
0.8341324856
0.8582079188
0.8793695153
0.9072158181
0.9096360544
0.9027112071
0.8891538693
0.8806817499
0.8842366825
0.8984715113
0.9125780858
0.9140347101
0.9331674600
0.9449155601
0.9519610120
0.9288053281
0.9100054867
0.9095926689
0.9209406485
0.9275136176
0.9182546930
0.9038324903
0.8949009903
0.8868951731
0.8868288456
0.9014725636
0.9084771980
0.9303178427
0.9344841852
0.9431245308
0.9525311590
0.9341830629
0.9197524369
0.9402535230
0.9485471254
0.9403051491
0.9364159240
0.9478266487
0.9654727572
0.9699663919
0.9651932313
0.9623365046
0.9599103877
0.9651866253
0.9782102019
0.9726600677
0.9601672094
0.9577682546
0.9742257618
0.9543584473
0.9542597224
0.9608835567
0.9664081418
0.9753962895
0.9744479326
0.9636149416
0.9679835650
0.9721930618
0.9649151147
0.9674797219
0.9842238010
0.9891112765
0.9784668887
0.9739472219
0.9725132162
0.9712059204
0.9703510326
0.9747248340
0.9944220751
0.9566854694
0.9552401759
0.9628952386
0.9623783711
0.9842919317
0.9874094116
0.9894615257
0.9935216080
0.9809061892
0.9640406115
0.9568455344
0.9450638470
0.9214319092
0.8902347395
0.8411658795
0.7875370551
0.7569213160
0.7571421275
0.7841819425
0.8482384014
0.9144486316
0.9508553379
0.9783177437
0.9730776365
0.9613146769
0.9561165961
0.9638940467
0.9773508929
0.9732794919
0.9556051259
0.9500471983
0.9629837744
0.9788394387
0.9844612151
0.9805085935
0.9744962352
0.9724614820
0.9724933948
0.9589658560
0.9576129257
0.9512814962
0.9511487940
0.9654989008
0.9640819818
0.9513606801
0.9563539795
0.9638046978
0.9601092116
0.9619183529
0.9617688517
0.9537256766
0.9497005003
0.9531798292
0.9766268479
0.9898603689
0.9961760565
0.9919219298
0.9791509184
0.9818248368
0.9831534211
0.9814470220
0.9847133383
0.9612285079
0.9736797503
0.9858320718
0.9748766395
0.9656215574
0.9679922148
0.9719078893
0.9785877554
0.9892771369
0.9816217122
0.9381407626
0.8741045719
0.8053328605
0.7804052683
0.7731589387
0.7835006696
0.8396837337
0.8961682206
0.9299717223
0.9502045801
0.9692520374
0.9869218745
0.9901522002
0.9758291953
0.9536503389
0.9542003046
0.9710037506
0.9706359314
0.9619043971
0.9707682462
0.9850186395
0.9912318502
0.9922101118
0.9915249696
0.9822046551
0.9382744155
0.8526921689
0.8177911106
0.7972420260
0.8206270339
0.8759043839
0.9268025961
0.9561014021
0.9632407354
0.9733684544
0.9974435124
1.0041655142
0.9684603216
0.9043082376
0.8339096962
0.7761437651
0.7423483546
0.7441512928
0.7764355257
0.8214212626
0.8699124207
0.9227310742
0.9584104909
0.9627802297
0.9654631801
0.9868522758
0.9938122598
0.9811295227
0.9702348259
0.9792643081
0.9982603204
0.9986813509
0.9870630503
0.9928926238
1.0030926498
1.0103875849
1.0070788988
1.0010697044
1.0008386705
0.9902953258
0.9880077898
0.9837321146
0.9924458731
0.9762888645
0.9643734476
0.9790343816
0.9878271042
0.9813915128
0.9733309268
0.9714143949
0.9726430115
0.9726177574
0.9758859380
0.9874555167
0.9935686354
0.9915850220
1.0171258984
1.0244326127
0.9932840209
0.9730368791
0.9632774288
0.9801153513
0.9970518357
1.0125894729
1.0183657667
1.0032669913
0.9954184237
0.9967998108
1.0049494308
1.0090714303
0.9980540782
0.9866034355
0.9903537652
0.9979249422
0.9896618321
0.9851300107
0.9721072400
0.9614206185
0.9756898087
0.9973314012
1.0016758941
0.9825939082
0.9691664122
0.9881519192
1.0020833590
1.0098632037
1.0206959887
1.0007974429
0.9690257513
0.9588724158
0.9646355657
0.9820999202
0.9964944736
0.9922791344
0.9927721094
1.0062201154
0.9921424186
1.0102661662
0.9923365818
0.9588388944
0.9556154141
0.9347407993
0.9444162925
0.9571586059
0.9614307602
0.9741324998
0.9884866804
0.9870575082
0.9758165443
0.9678856774
0.9669871987
0.9653185139
0.9507086802
0.9472903387
0.9460932633
0.9518058076
0.9493117308
0.9031769625
0.8744942039
0.8513828210
0.8548258916
0.8921889261
0.9277217012
0.9552830335
0.9791162089
0.9893290830
0.9948879653
0.9975293057
0.9908545079
0.9808259674
0.9741935222
0.9778503505
0.9947298456
0.9948002879
0.9998003270
1.0055759545
0.9904326738
0.9857154132
1.0067261537
1.0132699197
1.0136428458
1.0196363652
1.0041929981
0.9835535475
0.9628043056
0.9467262890
0.9480772495
0.9654916873
0.9814231887
0.9886998429
0.9935707570
0.9914276414
0.9776942354
0.9659362518
0.9640302581
0.9624707894
0.9757161067
0.9984603612
0.9977907970
0.9918367726
0.9640318040
0.9337229974
0.9217355345
0.9336055280
0.9598794293
0.9938327774
1.0202990461
1.0229408773
1.0121054612
1.0092256136
1.0111532692
1.0077041307
1.0007681553
0.9835329881
0.9655278880
0.9531757868
0.9570246568
0.9870578097
0.9969397972
1.0030456121
0.9975656807
1.0032683362
1.0177686113
1.0100770609
0.9878057740
0.9825332626
0.9933507179
1.0072132158
1.0179446819
1.0129266128
0.9972383925
0.9794266617
0.9619788308
0.9603108185
0.9762888868
0.9959299153
0.9925081096
0.9942709079
0.9994974188
0.9836784349
0.9531369126
0.9266850934
0.8920964915
0.8397109354
0.8140000017
0.8272587643
0.8595408953
0.9110198941
0.9702009371
1.0013370891
1.0018735236
1.0069215737
1.0015537208
0.9770619313
0.9663619390
0.9624150079
0.9694554206
0.9813461295
0.9631763725
0.9528448310
0.9743742313
0.9880959744
0.9920849668
0.9867586640
0.9862629724
0.9839751382
0.9756872066
0.9782956349
0.9843944127
0.9813537972
0.9673988718
0.9847997143
1.0098126439
0.9998128384
0.9809430415
0.9732516638
0.9758131179
1.0014741267
1.0144613479
1.0171979742
0.9951546370
0.9791591352
0.9868588802
1.0027286538
1.0091235525
1.0071706187
0.9990201856
0.9841219834
0.9806340139
0.9939389916
0.9886330907
0.9741488111
0.9789016473
0.9844899392
0.9973540276
0.9764139251
0.9858448148
0.9972421526
1.0042200302
1.0040773434
1.0146063806
1.0078722560
1.0022686984
1.0000882770
0.9927764944
0.9886677463
0.9853065592
0.9809482458
0.9867239626
0.9937673935
0.9887395233
0.9920443840
1.0164688838
1.0350642039
1.0072982046
0.9806964723
0.9897424935
1.0024448120
0.9971845229
1.0052710953
1.0190281293
1.0152194063
1.0104974449
0.9967542764
0.9669258116
0.9389734273
0.9213207290
0.9252569542
0.9451882505
0.9655495503
0.9891577651
0.9926788552
1.0029266530
1.0090224665
1.0103124999
1.0160007990
1.0121402091
1.0013093726
1.0018908775
1.0023595575
0.9896528769
0.9910906147
0.9907241169
0.9794772484
0.9691222524
0.9524027571
0.9308019140
0.9087504137
0.8969091213
0.9143741343
0.9063099540
0.8324978068
0.7440118196
0.6488498523
0.6287260893
0.6518644152
0.7045843592
0.7890622544
0.8819930329
0.9388213208
0.9641066238
0.9794550164
0.9935313698
0.9985872359
0.9835578623
0.9572878541
0.9289758601
0.8717009480
0.7818494197
0.7084914906
0.6696657272
0.6827689937
0.7271008334
0.8196324630
0.9242014249
0.9702331274
0.9922291506
1.0028029187
0.9855412392
0.9681341365
0.9604526277
0.9749277804
0.9913187472
0.9950530842
1.0067052530
1.0122605321
0.9966509674
0.9867785173
0.9902851450
0.9944268316
1.0028020091
0.9943225125
0.9848529199
0.9719661623
0.9599943508
0.9672395744
0.9744486838
0.9795211411
0.9770468343
0.9755520744
0.9721469644
0.9631568506
0.9596111696
0.9681378717
0.9759466712
0.9732975844
0.9719715106
0.9733796186
0.9857030819
1.0034693193
1.0119969674
1.0431552086
1.0573739415
1.0169308288
1.0162486214
1.0011635783
1.0018087846
1.0315317477
1.0384094939
1.0133225944
1.0025217735
1.0130551392
1.0120747067
1.0027097596
1.0052245523
1.0022426781
0.9932970412
0.9927375044
0.9844274995
0.9380842983
0.8733741475
0.8442081560
0.8476089070
0.8613439527
0.8841418479
0.9199174939
0.9683788947
0.9741055711
0.9686960164
0.9690921709
0.9590351564
0.9584615574
0.9745250676
0.9839178133
0.9906373433
0.9835589028
0.9756851699
0.9292554273
0.8987576195
0.9088791464
0.9181482910
0.9218178897
0.9518181502
0.9617518458
0.9492523810
0.9328398598
0.9081197511
0.8913740044
0.8911152367
0.9101475971
0.9379166370
0.9638882848
0.9938548536
1.0159325334
1.0023440401
0.9793566683
0.9858428460
0.9796952880
0.9805239689
0.9724652473
0.9703443790
0.9932884687
0.9999360269
0.9959721504
1.0118958039
1.0232595105
1.0274096240
1.0190269931
1.0003654815
0.9889157141
0.9922124029
1.0032084032
1.0101516762
1.0045006612
1.0025793312
1.0113554629
0.9957138556
0.9804311099
0.9810372946
0.9998297274
0.9895658196
0.9853536966
0.9949617167
0.9913963386
0.9735901161
0.9745952294
0.9817138043
0.9752251552
0.9757591030
0.9914228762
0.9966800718
0.9883432931
0.9852333368
0.9832282629
0.9873712556
0.9966704320
1.0041501566
1.0059231807
1.0038210352
1.0079072720
0.9974047884
0.9913369931
1.0028590766
0.9988771134
0.9834720321
0.9901784233
0.9973631534
0.9904347350
0.9901880929
0.9976123121
1.0007209960
1.0047521082
1.0047466930
0.9935557023
0.9788983082
0.9746009026
0.9672904754
0.9845779567
0.9893193521
1.0020432568
1.0120946508
0.9944708774
0.9903751948
0.9874291395
0.9851074130
1.0007368443
1.0108044274
0.9962265162
0.9732095038
0.9735801006
1.0035092216
1.0304087114
1.0330211440
1.0145182579
0.9771922203
0.9600901765
0.9498040437
0.9082909124
0.8831921960
0.8766977833
0.8881955903
0.9234024848
0.9653004764
0.9968411717
0.9970706339
0.9834574133
0.9829265787
0.9961631555
0.9975490443
0.9910987654
0.9989215469
0.9996716006
0.9916285102
0.9855681648
0.9883599720
0.9799661980
0.9689029639
0.9888024539
0.9861043920
0.9516217235
0.9230446963
0.9166327818
0.9545068393
0.9882555101
1.0022817390
0.9942521396
0.9893430481
1.0010773326
1.0071234296
1.0041289334
1.0058272374
0.9996246350
0.9999746165
1.0079531387
0.9949573952
0.9884337858
0.9687505138
0.9827418239
0.9608643591
0.9464054801
0.9538904669
0.9693287842
0.9629144478
0.9646796174
0.9823230660
0.9890415782
0.9800809385
0.9828464167
1.0045309678
1.0193878743
1.0183654263
1.0141377724
1.0067064251
0.9869127846
0.9421508958
0.8924635120
0.8720997326
0.8842250427
0.9279061383
0.9651781279
0.9774429630
0.9944709240
0.9778126457
0.9788907711
0.9986888973
1.0120813702
1.0198769675
1.0278472192
1.0228547422
0.9923494337
0.9508453733
0.8916833437
0.8324970213
0.7566194044
0.7275304795
0.7354367167
0.7981510834
0.8767187431
0.9105436283
0.9351276348
0.9535951271
0.9416277189
0.9131842684
0.8933115836
0.8934672070
0.9180396845
0.9530474665
0.9760968927
0.9827916733
0.9815426335
0.9822271838
0.9791849476
0.9728805961
0.9766550640
0.9714409469
0.9867719940
1.0023285532
1.0187332065
1.0292661523
1.0236091517
1.0047227660
0.9836319917
0.9764662546
0.9882330817
0.9992954799
0.9988917674
0.9957315044
0.9904002758
0.9772896355
0.9689207926
0.9773891202
0.9814895289
1.0074560226
1.0171115953
1.0228066000
1.0342955094
1.0309638810
1.0182998982
0.9972515293
0.9994433601
1.0062363284
0.9949647232
0.9807355558
0.9914045446
0.9967552045
0.9815600365
0.9733345340
0.9744007988
0.9739697215
0.9675133046
0.9772361388
1.0013804463
1.0143318809
1.0122309115
1.0014979041
0.9880805276
0.9780142386
0.9738689342
0.9708816366
0.9727049766
0.9877041773
0.9975885341
0.9885667312
0.9745034374
0.9654868351
0.9615260397
0.9518050814
0.9373394885
0.9530224553
0.9607520712
0.9385202204
0.9252709858
0.9287183712
0.9329675897
0.9506499823
0.9908683093
0.9870387737
0.9978288879
1.0167299552
1.0186424653
1.0138395019
0.9962546182
0.9895419237
0.9931871580
1.0008556343
1.0137649430
1.0137406550
1.0119905604
1.0169764330
0.9903227735
0.9792069049
1.0035430475
0.9875940519
0.9889422016
0.9815042323
0.9901901798
1.0000876005
1.0268226952
1.0206449838
1.0116122437
1.0180990584
1.0207811978
1.0111242397
1.0043710213
1.0059796775
1.0069167241
1.0045979337
1.0008038119
1.0041082206
1.0067149553
0.9928486292
0.9981770745
1.0041717491
1.0014195625
0.9947406154
0.9765895238
0.9665696530
0.9791414565
0.9968069418
1.0025754834
0.9892289428
0.9704188627
0.9664270241
0.9755037763
0.9821959723
0.9835366330
0.9877784642
0.9976639057
0.9984913850
0.9967977513
0.9922575630
0.9905141141
0.9919606507
1.0012363418
0.9873185857
0.9705858978
0.9565734678
0.9686304557
0.9842483405
0.9794520069
0.9855104865
1.0041718707
1.0081817929
0.9990675605
0.9932177263
0.9978242851
1.0046094634
0.9812100814
0.9720568121
0.9836589310
0.9805260722
1.0053447943
1.0022939576
0.9971912738
0.9861899145
0.9966665926
1.0164008525
1.0124550783
1.0062464153
0.9998447758
0.9889232553
0.9810087945
0.9770112917
0.9826263354
0.9997437529
1.0004672663
0.9906304731
1.0024609261
0.9779026218
0.9601825378
1.0001315745
0.9895635204
0.9877845895
0.9940569613
1.0080684868
1.0154418339
1.0141142192
1.0270901477
1.0359107297
1.0207297007
1.0061502130
1.0024436066
1.0090608955
1.0123339917
0.9895398354
0.9837316156
0.9940720759
1.0175985181
1.0050620745
0.9791632667
0.9811889047
0.9996020038
1.0064267939
1.0176176456
0.9933377686
0.9908942042
1.0001490447
1.0029788604
0.9974337257
1.0022668430
1.0012223369
0.9866293739
0.9848424500
0.9936143664
0.9972201751
0.9991272888
0.9775651571
0.9692294291
0.9824564043
1.0028953233
1.0087707209
1.0081291553
0.9960165874
0.9801812440
0.9954445741
1.0114810910
1.0086329673
1.0005954316
0.9992658966
0.9931113054
0.9860501199
0.9856818293
0.9825830847
0.9894406184
1.0101896978
0.9964748807
1.0014340226
1.0111019075
1.0194102118
0.9988830370
0.9692774995
0.9849865217
0.9969013482
0.9919082468
0.9734001041
0.9666598669
0.9846077013
0.9797894143
0.9548853636
0.9315541148
0.9489648776
0.9972353079
1.0103774600
1.0021185393
0.9838462649
0.9862850197
0.9766768733
0.9548795017
0.9581287251
0.9770672129
1.0027857660
0.9915450902
0.9745346259
0.9755341764
0.9705484903
0.9666706239
0.9271739747
0.8681229860
0.8425829704
0.8506666817
0.8681080079
0.8930614344
0.9241790460
0.9571741824
0.9836949802
1.0138997979
1.0145319329
1.0025336032
0.9921518431
1.0034939166
1.0063601553
1.0044150578
0.9867847082
0.9879534426
0.9961114616
0.9899357666
0.9836668409
0.9822447050
0.9770131576
0.9691703352
0.9689783932
0.9770480629
0.9944310340
1.0233312266
0.9997353814
0.9877218405
0.9773128596
0.9747443714
0.9927591598
0.9964435250
0.9928115963
1.0015278456
0.9988668389
0.9941342354
0.9908301031
0.9891872226
0.9890631408
0.9772048095
0.9526879109
0.9250236276
0.9027270279
0.8986787318
0.9108907726
0.9332012608
0.9575497631
0.9778829148
1.0087543143
1.0425901379
1.0329096174
1.0016369841
0.9757808701
0.9693184673
0.9738377853
0.9826787260
0.9832421561
0.9810403533
0.9819105090
0.9950465194
1.0141892544
1.0126562475
0.9887959337
0.9779011366
0.9977925831
1.0124650343
0.9854671189
0.9800384486
0.9630367058
0.9744972849
1.0019389887
1.0228186243
1.0258330150
1.0121792159
0.9951998673
0.9916317943
0.9936507356
0.9909002422
0.9836834519
0.9864272226
0.9929508870
0.9802645840
0.9507610181
0.9213298485
0.9207810173
0.9412790499
0.9650095084
0.9468194943
0.9342701410
0.9675625372
0.9923753591
0.9998138885
0.9870054845
0.9900343314
0.9919056746
0.9765111649
0.9728351924
0.9827375636
0.9872418873
0.9914870559
0.9966139781
0.9843736708
0.9665591549
0.9690755190
0.9698604431
0.9575482263
0.9563319107
0.9576044269
0.9673706967
0.9694595191
0.9606392991
0.9682168934
0.9844561373
0.9917893928
0.9928341377
0.9660034494
0.9442737052
0.9387527713
0.9511180760
0.9817736518
1.0029676880
1.0028465832
0.9851932858
0.9500757068
0.9284365569
0.9198671353
0.9236881450
0.9506050314
0.9833842033
0.9969908211
1.0056563210
1.0019359591
0.9993408322
0.9859362195
0.9810032027
0.9870088934
0.9898080124
0.9689197342
0.9376801465
0.9118770054
0.8801086518
0.8626560452
0.8707745026
0.8710238505
0.8516812693
0.8097366470
0.7684639163
0.7851812384
0.8055005055
0.8499826327
0.8883733956
0.8897925255
0.8739712097
0.8589044371
0.8686601267
0.9062383814
0.9414085158
0.9534779237
0.9582379302
0.9765314316
0.9964241936
0.9941266123
0.9826841872
0.9738130522
0.9659562290
0.9799810642
0.9618468139
0.9443753508
0.9357148024
0.9324600173
0.9161748842
0.9171265298
0.9468197835
0.9553479067
0.9627763415
0.9862801364
0.9981203450
0.9821309758
0.9619072273
0.9619676354
0.9782937581
0.9952014206
0.9892590414
1.0082867877
0.9997952374
0.9930410969
0.9802949067
0.9835285461
0.9916094517
0.9833710088
0.9783084787
0.9831176394
0.9878074087
0.9976066837
0.9954448686
0.9933505505
0.9960571281
0.9932089206
0.9920319621
0.9940161168
0.9927910448
0.9807841647
0.9898691050
0.9924968935
0.9700056855
0.9714694116
0.9845840327
0.9849914682
0.9879803271
0.9978066171
0.9973815054
0.9857869240
0.9909667841
0.9980879620
0.9952544351
0.9943495785
0.9935970630
0.9845977503
0.9782307361
0.9803280085
0.9845081628
0.9973864961
0.9865646709
0.9780372622
0.9804602036
0.9883542705
1.0039012641
0.9778064774
0.9949936614
1.0066323482
1.0121811536
1.0093009867
0.9919917794
0.9806312994
0.9843138778
0.9962199729
1.0036262566
1.0000291915
0.9965351100
0.9969992677
0.9964480826
0.9825109788
0.9844099409
0.9719515390
0.9368785727
0.8963300099
0.8866728304
0.8831450745
0.8774738855
0.9013758671
0.9422570885
0.9821210293
0.9942008831
0.9954791197
0.9932263404
0.9865928543
0.9851686030
0.9879289250
0.9929142883
0.9869204646
0.9817483931
0.9906948102
1.0086460460
1.0094086442
0.9708332932
0.9764810265
0.9877957613
0.9883988057
0.9877152132
0.9932054957
0.9805367399
0.9696925495
0.9672119555
0.9747773261
0.9906591777
0.9926546540
0.9761892596
0.9676126447
0.9733360137
0.9921920258
1.0135317590
0.9981242121
0.9883403582
0.9956058097
0.9866213587
0.9684706489
0.9756187957
0.9952639774
1.0053273602
1.0029199642
1.0024076665
1.0082258613
1.0145413575
1.0071924787
0.9976604155
0.9921790443
0.9807376935
0.9866394217
0.9966214671
0.9902209011
0.9818547071
0.9827853549
0.9721534251
0.9925330377
1.0139307254
1.0021365800
0.9650116091
0.9287021812
0.8716487883
0.7749609011
0.6864631768
0.6478506166
0.6745224761
0.7542030945
0.8487885038
0.9225634798
0.9634211213
0.9738232024
0.9659932027
0.9851594628
1.0072670670
0.9738755318
0.9573688341
0.9698058992
0.9648676126
0.9762643082
0.9970854985
1.0051005051
1.0043442810
1.0109005535
1.0251666745
1.0320817894
1.0160810063
0.9840634723
0.9594473644
0.9481790765
0.9365148584
0.9266098724
0.9388809710
0.9556752949
0.9560795128
0.9726049626
0.9770663397
0.9838124067
0.9946957336
0.9970838923
1.0127561620
1.0122287321
1.0089795060
1.0200242225
1.0047099359
0.9740865666
0.9703767874
0.9863927383
0.9905896157
0.9802672203
0.9758604082
0.9756666425
0.9891497203
0.9920046413
1.0053618597
1.0051134554
0.9980780503
0.9784885926
0.9436514716
0.9378892174
0.9385851876
0.9493363826
0.9632156136
0.9779529303
0.9995508953
1.0116596444
1.0120326946
1.0087930048
0.9988957218
0.9995354152
1.0069955521
1.0165770668
1.0290483721
1.0029186734
0.9980704015
1.0117581307
0.9878921256
0.9586321951
0.9260755380
0.9207714994
0.9202045241
0.9283500917
0.9560160655
0.9665455874
0.9731258232
0.9833563498
0.9967482259
1.0159498636
1.0086443793
0.9978219995
0.9978245145
1.0020553118
0.9932605753
0.9945136326
0.9881800388
1.0215809225
1.0139700670
0.9939972258
0.9921431093
1.0050011842
0.9920362292
0.9723998873
0.9760501926
0.9821716678
0.9837719164
0.9904253486
0.9963950997
1.0016707202
1.0094488494
1.0155168636
1.0228011396
1.0223482513
1.0050673545
0.9895045626
1.0076577268
1.0378412490
1.0361650800
1.0134063909
0.9961008275
0.9847270158
0.9871498799
0.9947232823
1.0012331812
1.0038444789
1.0091083586
1.0150712731
1.0086298174
0.9899136667
0.9696210025
0.9737729563
0.9827364029
0.9883784364
1.0132394792
1.0235599669
1.0172190856
1.0003001030
0.9786667552
0.9693650523
0.9817009855
0.9902966851
0.9845071951
0.9980620890
1.0074980807
1.0098886709
1.0200886632
1.0107990030
0.9779253207
0.9512347115
0.9302084426
0.9451733268
0.9713139439
0.9692454697
0.9599857522
0.9805597658
1.0110716367
1.0050297726
1.0039762063
1.0093570710
0.9976078831
0.9908800941
0.9898742221
0.9927513733
0.9963269307
1.0005433579
0.9983408404
0.9956025923
1.0061190110
0.9978578874
0.9862459154
0.9813782488
0.9939039273
1.0057386191
0.9697821980
0.9416218194
0.9589865622
0.9698725217
0.9753627604
0.9734085306
0.9778461099
0.9888769874
1.0006636020
1.0041471021
1.0044220140
1.0100893178
1.0077421676
0.9987228644
1.0120246566
1.0234392951
1.0103577221
0.9892995209
0.9907062107
0.9705488182
0.9785162839
0.9914530818
0.9901683674
0.9758524905
0.9865105565
0.9984151419
0.9914281810
0.9755766406
0.9733180648
0.9892863642
1.0063595417
1.0083141215
0.9980588704
0.9919039802
0.9958929937
0.9940164082
0.9830623027
0.9905101367
1.0023415845
0.9832039274
0.9794432197
0.9864514840
0.9916077876
1.0075328296
1.0000403834
1.0035574798
0.9986988002
0.9899898623
0.9945350399
0.9969301541
0.9974510036
1.0049538927
1.0010074677
0.9899119051
0.9870873327
0.9851381347
0.9800266418
0.9754270229
0.9660448918
0.9674520811
0.9816618507
1.0145967521
1.0071975198
0.9834523344
0.9708783576
0.9647880506
0.9781778462
0.9996076011
1.0043899539
0.9908546596
0.9891071940
1.0080302065
1.0207549747
1.0218062604
0.9923611727
0.9873216868
0.9919742858
0.9905128276
0.9774761668
0.9874871854
1.0072675834
1.0046867437
1.0029180071
1.0106015350
1.0087707750
1.0135040564
1.0136494478
1.0130981813
1.0078769377
0.9899874239
0.9831399375
0.9948364202
0.9954420823
0.9934034058
0.9992761570
1.0035255366
1.0102324574
1.0117825837
0.9880620519
0.9837265869
0.9846077271
1.0188780354
1.0056768069
0.9952368109
0.9846873817
0.9801585078
0.9889216412
0.9961016166
0.9942351547
0.9844172707
0.9767718205
0.9761362691
0.9632369070
0.9804872497
0.9930662929
1.0014577871
1.0337147600
1.0097288493
0.9745465852
0.9850278509
0.9765510953
0.9509280319
0.9340367646
0.9404116128
0.9379542190
0.9439213706
0.9574910367
0.9582104502
0.9563592053
0.9724053037
0.9930682103
0.9902806284
0.9727583858
0.9672147461
0.9890439393
1.0086862366
1.0037422371
0.9952311068
0.9733326510
0.9800422354
0.9906413755
0.9934242275
0.9888570451
0.9774690109
0.9864970234
0.9992266761
1.0096945152
1.0126099324
1.0013277287
0.9907487435
0.9906421509
1.0025879087
1.0041088316
0.9979585067
0.9982314722
0.9792473695
0.9818663078
0.9381127875
0.9028681003
0.8571577476
0.7906547820
0.7132799194
0.6719630576
0.6843368020
0.7325423104
0.7898699870
0.8513181717
0.9130908446
0.9617916550
0.9927817257
1.0045496882
1.0014588256
0.9978608523
0.9996463272
1.0154923586
1.0181607635
1.0043915870
0.9985905765
0.9919211196
0.9727776570
0.9689133733
0.9855073628
0.9916577084
0.9768378210
0.9770292472
0.9890182590
0.9973689630
1.0020459977
0.9996403170
0.9933948347
0.9846329646
0.9805960587
0.9612623392
0.9645416139
0.9633202927
0.9432793585
0.9506473150
0.9671555589
0.9848262189
0.9879398628
0.9765596850
0.9847686170
0.9937745079
0.9832510043
0.9742385981
0.9813118660
0.9973178284
1.0089798155
1.0116503968
1.0090980998
0.9865100516
0.9779298840
0.9935760331
0.9880152399
0.9696095638
0.9398383546
0.9535166209
0.9813422508
0.9686457183
0.9686514191
0.9935991682
0.9955545160
0.9942936735
0.9883158464
0.9734753069
0.9665973355
0.9669022425
0.9668687769
0.9710229703
0.9670627773
0.9528041387
0.9369936861
0.9327764546
0.9471392127
0.9407299470
0.9333816029
0.9580598899
0.9677339131
0.9895438870
1.0180922973
1.0142875307
0.9794746785
0.9641897386
0.9669043839
0.9702307292
0.9704698433
0.9645426381
0.9696947201
0.9886051242
0.9837193624
0.9953615444
1.0138524070
0.9897063854
0.9732624891
0.9939460747
1.0148256364
1.0257524870
1.0099596268
0.9979790685
0.9873691952
0.9862844055
0.9819416159
0.9858697076
0.9984398254
1.0064287184
1.0235253370
1.0351318941
1.0026489596
0.9819577076
1.0010727053
1.0172919743
1.0271902414
1.0185239528
1.0102997459
0.9992854153
0.9975525593
1.0009347450
0.9943550938
0.9989400104
1.0057147455
1.0032491228
0.9947107400
0.9979223168
0.9980704972
0.9903010264
1.0028498152
1.0185542667
1.0003517946
0.9872149198
0.9841163195
0.9716376534
0.9603637846
0.9852598615
0.9800190839
0.9826026685
1.0051067693
1.0200432123
1.0292817227
1.0141900493
0.9893215115
0.9826648107
0.9760646229
0.9734898153
0.9816784877
0.9873473242
0.9938314147
1.0006311783
0.9934089660
0.9916041405
0.9956275884
1.0136342119
1.0041068133
1.0040685597
0.9793856756
0.9699424824
0.9661041767
0.9926599685
1.0011279699
0.9992982808
0.9974403429
0.9965413424
0.9930122609
0.9973555800
0.9999171601
0.9899698153
0.9905606868
1.0010166946
1.0053494890
1.0092018689
1.0038903541
0.9968142931
0.9981426428
0.9799231148
0.9934039420
1.0174692822
1.0078950111
1.0156639415
1.0206668278
1.0156767524
1.0012785704
0.9799492405
0.9703595586
0.9733227745
0.9819779801
0.9896672029
0.9819266682
0.9817573419
0.9986394165
1.0193024553
0.9982942238
0.9779609076
0.9881024678
1.0014056898
0.9963615552
0.9967701724
0.9887983641
0.9823961159
