#flux
0.9848169160
0.9784524526
0.9642569444
0.9544341338
0.9527404422
0.9509154794
0.9474479324
0.9554005935
0.9765029258
0.9906820623
0.9893348702
0.9876929716
0.9899743208
0.9843349007
0.9746189306
0.9723224989
0.9747339967
0.9727227958
0.9835083791
0.9833469377
0.9730927185
0.9672751158
0.9603504524
0.9421697701
0.9159028758
0.8860778710
0.8511295688
0.8247560586
0.8216533950
0.8395239943
0.8749346749
0.9235386549
0.9637708343
0.9823336631
0.9883858651
0.9932814949
0.9954003294
0.9944206919
0.9952868757
0.9755000654
0.9670127480
0.9563944040
0.9508471355
0.9538616403
0.9605913253
0.9659334782
0.9649075934
0.9649771979
0.9695827620
0.9759238132
0.9837632484
0.9858063714
0.9755716360
0.9689936926
0.9736947431
0.9788500919
0.9807402347
0.9827103420
0.9795823927
0.9899088079
0.9925272510
0.9844410838
0.9747267137
0.9677193104
0.9637231928
0.9610175766
0.9466518139
0.9042068884
0.8450294509
0.7888558640
0.7455074020
0.7324650078
0.7633684473
0.8241749734
0.8853568168
0.9278696089
0.9553893375
0.9681460548
0.9702969788
0.9535230480
0.9398372366
0.9322690158
0.9357530864
0.9420493565
0.9456423773
0.9531719093
0.9506128039
0.9448209498
0.9328571585
0.9030301607
0.8722590765
0.8607283995
0.8656841283
0.8825325570
0.9077654077
0.9254662156
0.9207008654
0.9079737862
0.8557203558
0.7886672627
0.7367703796
0.7094860149
0.7220533781
0.7746529716
0.8464203903
0.9084128447
0.9418677616
0.9574159855
0.9747757392
0.9880460692
0.9809504259
0.9545009930
0.9227860657
0.9097926295
0.9137806024
0.9216680905
0.9395277272
0.9513498870
0.9674029660
0.9741062113
0.9779160037
0.9750675438
0.9767749742
0.9770299841
0.9703315150
0.9654165479
0.9673484302
0.9750037858
0.9771969558
0.9752434739
0.9696720222
0.9512247047
0.9338807038
0.9166564903
0.9072737141
0.9038148653
0.8967573214
0.9152809940
0.9318800537
0.9486229036
0.9623436797
0.9645550252
0.9630149932
0.9658192943
0.9678975153
0.9706610100
0.9799365577
0.9785664595
0.9683174847
0.9723802191
0.9874685088
0.9905314141
0.9828544242
0.9871942268
0.9916514250
0.9821155000
0.9584063737
0.9226330517
0.8749273483
0.8417399345
0.8388603881
0.8525566722
0.8787085919
0.9158381678
0.9405616959
0.9471543801
0.9543077727
0.9675030022
0.9675433534
0.9507420824
0.9394417660
0.9384442271
0.9295738637
0.9148594286
0.9060546184
0.8943380300
0.8771901377
0.8670350805
0.8776023486
0.9044675657
0.9249134012
0.9386695085
0.9494501004
0.9483044577
0.9515753206
0.9524183231
0.9501564715
0.9539644232
0.9624544747
0.9664682392
0.9595716413
0.9467642188
0.9382103662
0.9248437625
0.9208586234
0.9258380574
0.9239519275
0.9075936142
0.8774834762
0.8487016467
0.8214609294
0.7690965216
0.7097676892
0.6359895219
0.5627307146
0.4896591966
0.4205373598
0.3586837918
0.3036733942
0.2593327016
0.2304243308
0.2151336082
0.2050107994
0.1936874531
0.1867005757
0.1933301048
0.2047598224
0.2147433843
0.2364423078
0.2628269550
0.2909320418
0.3273870759
0.3754252612
0.4352407110
0.5094342914
0.5938394377
0.6742801116
0.7466810289
0.8060088898
0.8460729467
0.8692074807
0.8773939376
0.8753792130
0.8723237026
0.8741344591
0.8816839918
0.8931779182
0.9003733771
0.9090996066
0.9259725381
0.9467586059
0.9598786594
0.9579181940
0.9530098008
0.9578838387
0.9644908183
0.9683483367
0.9679068292
0.9644085599
0.9638834792
0.9636610771
0.9628289201
0.9720796490
0.9717991329
0.9618750236
0.9431234664
0.9166382817
0.9047324954
0.8833758469
0.8811687060
0.8908796003
0.9131560776
0.9263168444
0.9330368394
0.9409959949
0.9440560121
0.9406485232
0.9429896639
0.9564668680
0.9712924266
0.9804277133
0.9828027141
0.9795273599
0.9876237025
0.9925282198
0.9840280972
0.9741967940
0.9724410467
0.9729374116
0.9738385728
0.9766026785
0.9702668294
0.9693113861
0.9731102847
0.9789296501
0.9817433770
0.9809160027
0.9797518314
0.9779877964
0.9740563837
0.9711229304
0.9748735313
0.9880505329
1.0026300060
1.0002037430
0.9896724338
0.9843435153
0.9850344867
0.9872179733
1.0030072742
1.0059371664
0.9993319745
0.9972153044
0.9978834584
0.9995943213
1.0006812974
1.0011255579
0.9961981326
0.9882824047
0.9856648970
0.9869073154
0.9876346376
0.9870281914
0.9794198608
0.9681164836
0.9574585456
0.9344358922
0.8835081938
0.8164572493
0.7520856274
0.7207803670
0.7155225102
0.7479547566
0.8179233967
0.8826782088
0.9248459669
0.9554410205
0.9759513547
0.9815710903
0.9773770543
0.9673768744
0.9533961002
0.9455997797
0.9414503399
0.9499843943
0.9576893845
0.9634146255
0.9751643525
0.9792894633
0.9761277085
0.9708477847
0.9588726882
0.9546336504
0.9358691266
0.9196144263
0.9135852163
0.9226486613
0.9410232577
0.9535034438
0.9558314259
0.9550690437
0.9545343224
0.9502576511
0.9484762209
0.9603115259
0.9681235583
0.9798619748
0.9834324275
0.9901442474
0.9981480518
1.0029481599
1.0007277652
0.9999120810
1.0009258590
0.9986124210
0.9956021303
0.9952888052
0.9899521963
0.9817940525
0.9764105437
0.9725810208
0.9762568903
0.9786412369
0.9733166834
0.9705332355
0.9514429993
0.9029883924
0.8241315324
0.7263515140
0.6392646494
0.5945147576
0.6156865813
0.6868837964
0.7892659397
0.8809370768
0.9467822547
0.9795348838
0.9868903772
0.9926816053
0.9973118592
0.9848658868
0.9720269867
0.9818897544
0.9930088045
0.9917488986
0.9991115961
1.0003780496
0.9892001350
0.9772928947
0.9706513257
0.9293328189
0.8637809194
0.7951428590
0.7390404688
0.7100982770
0.7257068952
0.7924438538
0.8767792426
0.9385102758
0.9713982301
0.9829003486
0.9771489356
0.9647048110
0.9367646867
0.8686071303
0.7817977223
0.7114580395
0.6666974272
0.6648203459
0.7142507960
0.7789601630
0.8505200281
0.9133271411
0.9518105508
0.9719245004
0.9865860619
0.9949168194
0.9944588668
0.9940501957
0.9963202584
0.9946344536
0.9930271068
0.9920585929
0.9826786392
0.9711784554
0.9623359037
0.9651179940
0.9566758583
0.9493244056
0.9571723590
0.9526840167
0.9615710744
0.9721720982
0.9685876417
0.9623557090
0.9637899107
0.9637353854
0.9588520222
0.9638308009
0.9752886774
0.9756759137
0.9789978087
0.9923413108
0.9934797289
0.9959828811
0.9954164304
0.9934188661
0.9857513780
0.9776944022
0.9763669680
0.9797826257
0.9838131727
0.9887139181
0.9963372244
1.0002498734
0.9975388782
0.9905659843
0.9863943766
0.9880338038
0.9932408254
0.9983388220
0.9959836412
0.9893518962
0.9914512169
0.9960249587
0.9913464922
0.9843676161
0.9746532854
0.9750518214
0.9749273983
0.9707579949
0.9628876101
0.9626021875
0.9685777853
0.9737705665
0.9713704765
0.9690094962
0.9743199513
0.9785634986
0.9737504474
0.9700649595
0.9777717210
0.9897704994
1.0001111782
1.0018517163
0.9942042104
0.9901349817
0.9871993569
0.9922402873
0.9854241689
0.9767051687
0.9619342577
0.9448002266
0.9358601032
0.9377944151
0.9496795447
0.9680435390
0.9825984906
0.9877345017
0.9851660696
0.9800330893
0.9799755722
0.9756140217
0.9636055710
0.9481063382
0.9328228791
0.9104965571
0.8681964161
0.8090382699
0.7685558083
0.7607874221
0.7696818377
0.8127370331
0.8674514738
0.9033585750
0.9362721916
0.9633703548
0.9819902884
0.9870367714
0.9739854478
0.9689445740
0.9728373218
0.9657230415
0.9519483269
0.9417112658
0.9332877429
0.9366620299
0.9565841651
0.9639075465
0.9741792898
0.9804404820
0.9872104976
0.9804147884
0.9698553834
0.9657652245
0.9674425446
0.9641013773
0.9557848136
0.9514056002
0.9532611701
0.9587678743
0.9623297664
0.9605522740
0.9591611702
0.9599939586
0.9675708013
0.9771725868
0.9728742467
0.9693727447
0.9666908864
0.9544833925
0.9432845647
0.9405544132
0.9415296505
0.9510320121
0.9706751125
0.9898376769
1.0001556833
1.0025725972
0.9998177587
0.9953830646
0.9903805237
0.9754801426
0.9610263035
0.9619170507
0.9508336986
0.9595380266
0.9701353857
0.9679139598
0.9736675510
0.9852819980
0.9998958665
1.0060757431
0.9987571345
0.9891745400
0.9827300460
0.9739532776
0.9648644852
0.9628483134
0.9667667426
0.9695955710
0.9654031694
0.9567007581
0.9554758372
0.9499167403
0.9658591819
0.9689913302
0.9856759941
0.9965108937
0.9969896955
0.9898657257
0.9642114553
0.9123006706
0.8349200775
0.7640840892
0.7274661145
0.7351368283
0.7877872010
0.8602509025
0.9211819507
0.9623054008
0.9771124339
0.9818454127
0.9812928060
0.9802117395
0.9813455845
0.9812120380
0.9794027073
0.9838570289
0.9892256899
0.9806787890
0.9720991369
0.9820604965
0.9897778218
0.9859313140
0.9784956263
0.9727553495
0.9752055311
0.9877189417
0.9934578311
0.9835620883
0.9786742167
0.9833050147
0.9912289173
1.0007019083
1.0067090824
1.0054231605
1.0045198190
1.0065200039
1.0055078208
0.9985019784
0.9802694365
0.9728647519
0.9743081284
0.9785776690
0.9821722426
0.9876643851
0.9933873161
0.9881308765
0.9791579478
0.9808981503
0.9739436149
0.9650062876
0.9637568735
0.9564797787
0.9528357739
0.9616419622
0.9670908271
0.9836108888
0.9937593556
0.9947528345
0.9969408851
0.9991543799
0.9907585174
0.9855784751
0.9839441437
0.9777987072
0.9752758440
0.9770204932
0.9772175134
0.9846660151
0.9916141957
0.9934674137
1.0018485773
1.0048936247
0.9932601977
0.9942635108
1.0019562022
1.0001967139
1.0122133162
1.0101512156
1.0065238591
1.0005380624
0.9946811455
0.9871274131
0.9781894023
0.9605369839
0.9432289313
0.9398946310
0.9423573081
0.9430964966
0.9437241443
0.9548029659
0.9615789925
0.9720134077
0.9887724591
0.9858152569
0.9887056085
0.9843868627
0.9830868964
0.9886855538
0.9860124250
0.9853816261
0.9851039728
0.9762333939
0.9572524164
0.9299783001
0.9015707741
0.8802125084
0.8673598142
0.8596800223
0.8450885740
0.8053265975
0.7234034598
0.6241931256
0.5589427434
0.5569956089
0.6224387514
0.7292238145
0.8301143338
0.9010829196
0.9479151922
0.9646632733
0.9729086170
0.9781857637
0.9808537636
0.9685819872
0.9251342987
0.8579126726
0.7743603412
0.6793270496
0.6205497776
0.6184734723
0.6768830564
0.7744638396
0.8677223510
0.9279961947
0.9609362256
0.9824596334
0.9906035800
0.9879287042
0.9887646603
0.9853405572
0.9801433818
0.9750901978
0.9746439131
0.9775396386
0.9825830632
0.9843168965
0.9718032595
0.9595569963
0.9679170040
0.9692470528
0.9606038256
0.9535063056
0.9558942754
0.9595746442
0.9662996570
0.9892973052
1.0011366561
0.9877791915
0.9733094037
0.9570198414
0.9398693325
0.9288577702
0.9213934606
0.9196670862
0.9330799730
0.9505797099
0.9557262341
0.9577864272
0.9603563519
0.9672664631
0.9744392855
0.9794063877
0.9796904701
0.9894543582
0.9872736892
0.9956113320
1.0021198472
1.0016483747
0.9985236483
0.9916231890
0.9813167719
0.9739184777
0.9745011116
0.9758358377
0.9723504764
0.9655711038
0.9490814031
0.9143405628
0.8716966915
0.8436621342
0.8252162875
0.8322214088
0.8730408746
0.9322034834
0.9620122788
0.9843012023
0.9853479207
0.9965539546
1.0021206991
0.9982663056
0.9852765502
0.9801262107
0.9786855281
0.9649593419
0.9402516334
0.9139792092
0.8917249443
0.8811868775
0.8892850511
0.9155178279
0.9366979517
0.9487734411
0.9327143313
0.8790032669
0.8028042048
0.7562295439
0.7485570212
0.7857094504
0.8547018707
0.9217138348
0.9629407105
0.9854559578
0.9980302542
0.9992258823
0.9918275453
0.9841662791
0.9795703688
0.9786974663
0.9819528639
0.9796935676
0.9810581279
0.9952701373
1.0027143461
0.9968131333
0.9896466717
0.9815016785
0.9768648754
0.9770855162
0.9823582724
0.9830794852
0.9805827685
0.9776927116
0.9784424637
0.9828228824
0.9820760847
0.9787974179
0.9832953422
0.9878152366
0.9929811811
0.9997858287
0.9930946889
0.9879884633
0.9801090182
0.9834169277
0.9906061473
0.9843337928
0.9767455938
0.9851094910
0.9956469703
0.9985653244
1.0007167202
1.0017409319
0.9989275521
0.9990986997
1.0019418087
0.9969628030
0.9904578847
0.9913023396
0.9802341642
0.9720218756
0.9671462794
0.9738687533
0.9829737669
0.9892380396
0.9887510018
0.9940390258
0.9971598212
1.0031570617
1.0060823951
1.0110015251
1.0064989074
0.9949883996
0.9810317404
0.9651789203
0.9477407289
0.9356969266
0.9355249907
0.9384912529
0.9496720903
0.9702399122
0.9795230273
0.9801436503
0.9865651591
0.9920395813
0.9942601976
0.9974662537
1.0059422770
1.0170649230
1.0168710196
1.0025342469
0.9889317084
0.9795295938
0.9700206838
0.9386051727
0.8849455387
0.8317719131
0.7880718127
0.7765905688
0.8029820436
0.8450729028
0.9084691794
0.9557551004
0.9784413569
0.9881287968
0.9924693389
1.0002562817
1.0005526005
1.0004079690
1.0002334239
0.9980373938
0.9870128982
0.9704433930
0.9581928871
0.9480731457
0.9388073972
0.9362098861
0.9300298197
0.9061410263
0.8769510192
0.8545753475
0.8459803648
0.8649746124
0.8983508830
0.9415877853
0.9675298076
0.9817406671
0.9861241565
0.9872791700
0.9966589017
0.9909467987
0.9843222263
0.9801752299
0.9679685596
0.9546750688
0.9444676351
0.9286446958
0.9132735124
0.9138670123
0.9316333909
0.9443577325
0.9361980936
0.9331437656
0.9327319352
0.9452060082
0.9553984853
0.9723970197
0.9813705891
0.9876508468
0.9845251559
0.9724632162
0.9533694319
0.9161154928
0.8674167586
0.8261772672
0.8038962680
0.8124152018
0.8556791684
0.9120021029
0.9580898232
0.9799706669
0.9867855449
1.0061646702
1.0116209849
1.0070978253
1.0025487856
0.9887789807
0.9819313834
0.9714042162
0.9355125518
0.8624228158
0.7775785193
0.7075525424
0.6663900501
0.6753446511
0.7372806767
0.8150399383
0.8708851309
0.8925671728
0.8818082834
0.8451679370
0.7967664831
0.7614347788
0.7747613123
0.8166329145
0.8773186455
0.9317016579
0.9543847943
0.9701888757
0.9861658815
0.9966328756
1.0009257395
1.0017659783
1.0000445692
0.9996876509
1.0005565922
0.9964754248
0.9856206943
0.9706388332
0.9635433841
0.9620091598
0.9595726467
0.9653475449
0.9794699653
0.9844242869
0.9880800953
0.9959804355
1.0047094089
1.0070591670
0.9985328108
0.9970268110
0.9956787403
0.9881326061
0.9853798875
0.9913572370
0.9960363544
0.9986065411
1.0004741342
0.9879763085
0.9746908883
0.9689899665
0.9612564425
0.9470585726
0.9624893921
0.9602611110
0.9569042572
0.9679604255
0.9774898208
0.9940043255
0.9963145096
0.9958727487
0.9946997001
1.0057089105
1.0140880281
1.0051547378
0.9968614198
0.9959052906
0.9946256823
1.0012800308
1.0055138561
1.0000636638
0.9895520638
0.9773154584
0.9589554000
0.9370538817
0.9325119467
0.9278057364
0.9202211975
0.8988965418
0.8618382756
0.8210366814
0.7997511419
0.8073402301
0.8419378699
0.8924252197
0.9425608701
0.9782005474
0.9899908042
0.9859421521
0.9828903331
0.9871548244
0.9940193789
0.9974597046
0.9958262996
0.9906445062
0.9876654036
0.9850505732
0.9817463084
0.9832710527
0.9876822021
0.9908246534
0.9924888298
0.9958477726
1.0015712479
1.0047343320
1.0018366602
0.9985442278
1.0003753549
0.9991018288
0.9903026729
0.9918961956
1.0008413044
1.0106305018
1.0024918816
0.9979920727
1.0059653135
1.0113099837
1.0076690729
0.9996889131
0.9970503566
0.9958917870
0.9918297967
0.9972656019
1.0099797398
1.0120405925
1.0005415684
0.9865871828
0.9808552252
0.9910878624
0.9992049955
0.9789118039
0.9562031426
0.9543158947
0.9443109681
0.9519296822
0.9478955896
0.9571248412
0.9732702987
0.9676731203
0.9686851621
0.9747374758
0.9794140056
0.9798075718
0.9704869651
0.9598724650
0.9540171382
0.9502829776
0.9560696161
0.9629434129
0.9756479537
0.9923134292
0.9810744085
0.9931362548
1.0014874634
0.9874424071
0.9636341485
0.9648812236
0.9687818185
0.9695910838
0.9724156040
0.9831643226
0.9873767490
0.9873399954
0.9888197338
0.9907277059
0.9942793620
0.9947938655
0.9888340711
0.9863681506
0.9844880568
0.9891582704
0.9882441428
0.9798729620
0.9896149005
0.9729809067
0.9815132660
0.9803732857
0.9699431728
0.9635404641
0.9659724799
0.9771055024
0.9920835132
0.9994956758
0.9934972019
0.9864917277
0.9932235432
1.0049820364
1.0061385748
1.0075928695
1.0156053625
1.0128292409
1.0143620373
1.0107612129
0.9979259807
0.9890837969
0.9953341225
1.0014828742
1.0056018260
0.9971641734
0.9855544111
0.9810774889
0.9876711657
0.9922916068
0.9823574969
0.9732892459
0.9792232993
0.9851127257
0.9881054722
1.0024638156
1.0104482927
1.0090721121
1.0038293213
1.0055802684
1.0018627815
0.9926668761
0.9948327747
1.0029420526
0.9884052516
0.9835811553
0.9834480716
0.9831822151
0.9854281936
0.9843118157
0.9805782726
0.9797233974
0.9816206667
0.9858478831
0.9928243673
0.9995259923
0.9884290771
0.9741041652
0.9616052399
0.9727908726
0.9816305760
0.9838009159
0.9933951400
1.0020736618
0.9935674756
0.9904432226
0.9974456510
0.9977300653
0.9876046421
0.9809115877
0.9771264884
0.9687493280
0.9602627708
0.9528613033
0.9408903685
0.9317138245
0.9394620748
0.9515689068
0.9545575426
0.9490407245
0.9283486352
0.9631287015
0.9627741208
0.9482471142
0.9531041473
0.9551350992
0.9684140051
0.9703216257
0.9558326680
0.9313153210
0.8956058776
0.8493435041
0.7940751858
0.7354724139
0.6964479407
0.6961300086
0.7287635088
0.7937978913
0.8596322142
0.9341586326
0.9835589012
0.9887227264
0.9920944868
0.9861400213
0.9845604541
0.9874071191
0.9912704311
1.0022218617
1.0038859001
1.0031220485
0.9973029558
0.9843604912
0.9815635538
0.9819236532
0.9770863309
0.9815777953
0.9949097465
1.0030960301
1.0032507478
0.9977387927
0.9933353740
0.9973350550
0.9982218095
0.9962141525
0.9963979490
1.0070496632
1.0096377878
1.0097601629
1.0062952609
1.0068708288
1.0112238760
1.0091734428
0.9932731980
0.9538809900
0.9063787749
0.8871698219
0.8847740528
0.8608349376
0.8582757350
0.8847014885
0.9283513158
0.9539591177
0.9709365256
0.9863945757
0.9882901568
0.9873822828
0.9916909249
0.9930803743
0.9910166252
0.9876631676
0.9841143022
0.9853719233
0.9930038635
0.9987386620
0.9980641627
0.9960829292
0.9842543783
0.9750560102
0.9801401338
0.9767057109
0.9685051665
0.9652902617
0.9633394843
0.9698466194
0.9880108966
0.9976334323
0.9952084868
0.9985243958
1.0027215459
1.0006857845
1.0034098405
1.0068625338
0.9992047071
0.9917104579
0.9798099975
0.9405679570
0.8854629225
0.8333652091
0.8180995603
0.8255362380
0.8516812226
0.8974727221
0.9520949849
0.9782517081
0.9951693649
1.0025980617
1.0000547342
0.9927068249
0.9797404629
0.9767562467
0.9830876311
0.9815014877
0.9756255734
0.9739073789
0.9699315976
0.9600915436
0.9552769553
0.9499492758
0.9598660066
0.9536629839
0.9543683643
0.9602901845
0.9659267190
0.9652106445
0.9557109505
0.9446352129
0.9345469648
0.9213812645
0.9123997352
0.9125315931
0.9217492246
0.9366942089
0.9492011068
0.9553633760
0.9555124417
0.9472309616
0.9245857993
0.8792044679
0.8451777007
0.8405754088
0.8495969437
0.8787601563
0.9286624440
0.9700389697
0.9865644859
0.9958806866
0.9979887822
1.0002506871
0.9961536771
0.9851845509
0.9755183290
0.9617588161
0.9340033525
0.8939009168
0.8531897982
0.8364730193
0.8417570025
0.8499955301
0.8421510173
0.7997553056
0.7643698739
0.7469163956
0.7646728329
0.8002885994
0.8288837350
0.8324721143
0.8243015943
0.8156822471
0.8269098038
0.8592481180
0.9005523864
0.9356438963
0.9558207751
0.9738626375
0.9881685335
0.9882513731
0.9877999871
0.9872825310
0.9905410307
0.9700161384
0.9467899482
0.9256442261
0.9001271732
0.8858698601
0.8875642243
0.9056286094
0.9371977083
0.9643579853
0.9804025060
0.9885768655
0.9838987825
0.9656645802
0.9516369906
0.9532130313
0.9600230797
0.9709872101
0.9845914400
0.9913369431
0.9991963556
0.9925386435
0.9929604020
0.9906078665
0.9795797509
0.9571701007
0.9548153981
0.9635474732
0.9730997641
0.9785979561
0.9834595080
0.9923076198
0.9974004192
0.9939588423
0.9936662701
0.9986740166
0.9952336312
0.9883267407
0.9832379290
0.9827645403
0.9848963176
0.9877296938
0.9896637302
0.9981132837
1.0070998558
1.0042342173
1.0039128427
1.0070070340
1.0048892070
0.9914325581
0.9745017572
0.9698532659
0.9743694598
0.9745215721
0.9732584332
0.9805024715
0.9940387915
0.9984083108
0.9938573976
0.9834554208
0.9818343254
0.9780619384
0.9845974966
0.9897979757
1.0016898129
1.0044665031
1.0011631471
0.9985896284
0.9992130908
1.0004917090
1.0005218924
0.9973185940
0.9946108515
0.9938979207
0.9878864881
0.9821409554
0.9837326392
0.9667116347
0.9531138106
0.9309592989
0.8934706640
0.8688116401
0.8326555498
0.8203860941
0.8319273417
0.8394376505
0.8528278353
0.8886519434
0.9297686080
0.9664557920
0.9954814043
1.0077599395
0.9993519987
0.9841141260
0.9744054288
0.9663572083
0.9682317740
0.9826012412
0.9831675381
0.9884254687
0.9901431798
0.9851515387
0.9874701737
0.9943531240
0.9957087309
1.0003957675
1.0015525010
0.9924471280
0.9802084939
0.9762883349
0.9774681751
0.9823860199
0.9898348428
0.9939454555
0.9960262557
1.0029120199
1.0169217056
1.0188590458
1.0030565291
1.0032285340
1.0041954536
0.9998042118
0.9921599629
0.9825864966
0.9893152504
0.9975161523
0.9933985458
0.9838187374
0.9774785104
0.9754770090
0.9753622577
0.9791201216
0.9876907030
0.9989851748
1.0032181762
0.9889608017
0.9781184530
0.9869402956
0.9952589911
0.9795935840
0.9676307698
0.9747850872
0.9618499009
0.9167883959
0.8482507430
0.7314886962
0.6207409171
0.5684227723
0.5746066390
0.6343364496
0.7278386746
0.8165238662
0.8785632589
0.9147721958
0.9326635582
0.9476765932
0.9681099243
0.9875464856
0.9937757834
0.9936309337
0.9906075736
0.9882593410
0.9750232913
0.9557320336
0.9601768829
0.9965271465
1.0110314342
0.9993213785
0.9880980346
0.9701463785
0.9480454430
0.9266729777
0.9091430456
0.9089664958
0.9263883694
0.9475212687
0.9637165679
0.9672095986
0.9758246093
0.9773802034
0.9814709533
0.9983472226
1.0099248465
1.0016058546
0.9976702258
0.9875556393
0.9801666051
0.9798079207
0.9810237835
0.9825787605
0.9889686546
0.9988146155
1.0037906900
1.0055188390
1.0040910417
0.9910473474
0.9887640520
0.9863044851
0.9805797759
0.9579352663
0.9178229698
0.8829250231
0.8659016190
0.8673949072
0.8939029815
0.9289480996
0.9548320163
0.9719219270
0.9803957690
0.9859602726
0.9845498113
0.9808884671
0.9829858582
0.9889147536
0.9950402670
0.9910209418
0.9779254160
0.9677788172
0.9502339267
0.9023191582
0.8540246460
0.8195030542
0.8189578359
0.8429174027
0.8982356314
0.9414152328
0.9673923682
0.9863918942
0.9998961443
1.0026660540
1.0053574983
1.0031445678
0.9955283851
0.9988145315
1.0052273858
1.0036347729
1.0000858083
1.0005748008
1.0056164382
0.9994084994
0.9887877768
0.9857288990
0.9817254706
0.9755954406
0.9766015782
0.9753844225
0.9776315378
0.9884659544
1.0036011062
1.0038947875
0.9913358228
0.9864734659
0.9915481810
0.9937439334
0.9904334153
0.9844995983
0.9800750758
0.9818348688
0.9770040724
0.9747390116
0.9669955457
0.9710449521
0.9864819343
1.0002887704
1.0038383018
0.9910310423
0.9868358290
0.9979418720
0.9941565661
0.9818838832
0.9781438089
0.9757011222
0.9732222104
0.9750633660
0.9763758796
0.9852148242
0.9932372698
0.9924873905
0.9884330198
0.9917745008
0.9863811352
0.9833956103
0.9923759159
0.9915653489
0.9845127146
0.9915008510
0.9922223794
0.9881229979
0.9843430468
0.9751187554
0.9633346426
0.9605905042
0.9697129983
0.9826001436
0.9932035384
1.0005080209
0.9988971971
0.9935678429
0.9951948083
0.9964751974
1.0072301740
0.9917409781
0.9852849541
0.9982862655
0.9849500707
0.9765487583
0.9759993684
0.9798766936
0.9846260023
0.9887750519
0.9904820154
0.9858434243
0.9820378045
0.9842724219
0.9778061859
0.9607479499
0.9478692629
0.9403952246
0.9283683253
0.9462361552
0.9605459646
0.9723421622
0.9880990821
0.9842191575
0.9835443972
0.9875486557
0.9899286848
0.9862107169
0.9798308085
0.9846513460
0.9903737810
0.9927235429
0.9923832315
0.9885818789
0.9945454743
0.9965422057
0.9952799334
0.9974643892
0.9899971413
0.9875870168
0.9972763697
0.9929078454
0.9859412925
0.9924174640
1.0004933718
0.9970654587
0.9873973348
0.9934982371
1.0045192779
1.0110708436
1.0058703850
0.9955265471
0.9907196771
0.9932143082
1.0012030042
0.9950114483
0.9825214462
0.9703090598
0.9633362772
0.9567969756
0.9604509203
0.9627160551
0.9538253929
0.9576074920
0.9639296429
0.9654392510
0.9691203258
0.9605554009
0.9450131566
0.9322499710
0.9326245553
0.9499734983
0.9651581000
0.9682708723
0.9760224839
0.9818206735
0.9803604314
0.9818678780
0.9885681057
0.9702458385
0.9695076797
0.9741905183
0.9834541390
0.9862298854
0.9947383076
0.9995597758
0.9934095586
0.9899714987
1.0017156063
1.0048427600
1.0000857719
0.9936232180
0.9869910143
0.9858333069
0.9768071445
0.9734954596
0.9803601980
0.9833157527
0.9948002368
1.0071102590
1.0072259756
0.9981123524
0.9872835278
0.9850280415
0.9865089785
0.9911231715
0.9895779576
0.9940797269
0.9916203688
0.9796587024
0.9782437587
0.9864532832
0.9859278673
0.9794258468
0.9749798808
0.9617777485
0.9475591442
0.9488656714
0.9565598523
0.9683915104
0.9713360980
0.9733238759
0.9749038545
0.9745142712
0.9756969904
0.9838368449
0.9919761111
0.9956519887
0.9899591168
0.9784128094
0.9690085050
0.9657129749
0.9759002930
0.9868058190
0.9692137407
0.9512399737
0.9495825427
0.9353152436
0.9100386236
0.9008377291
0.8901887074
0.9186272527
0.9431169735
0.9585406100
0.9712188864
0.9852088854
0.9908007404
1.0024371621
1.0172485999
1.0104714114
0.9923890061
0.9860796539
0.9862486051
0.9869984745
0.9936972366
0.9998691956
1.0029001673
0.9905834732
0.9905099564
0.9892141907
0.9683725608
0.9612904619
0.9657606076
0.9748163596
0.9870964753
0.9896561828
0.9888460376
0.9855451481
0.9835707085
0.9776522903
0.9572739114
0.9229410618
0.8818468895
0.8304589054
0.7599572531
0.6811492662
0.6163161589
0.5824948377
0.6048208091
0.6649992025
0.7706520413
0.8698768071
0.9422440783
0.9845867047
0.9934106879
0.9923013743
0.9934721574
0.9909594236
0.9818808797
0.9718908247
0.9664053656
0.9604984992
0.9552407644
0.9590916412
0.9681129044
0.9808251724
0.9824051610
0.9908939921
0.9953678160
0.9981385499
0.9897840909
0.9937764223
0.9942069965
0.9821997557
0.9665368339
0.9530342781
0.9373408952
0.9202723906
0.9136638971
0.9149809949
0.9117343217
0.9170926552
0.9372863426
0.9498251214
0.9553748502
0.9593952434
0.9654758686
0.9649798542
0.9677867760
0.9625989085
0.9637446051
0.9597881299
0.9622288151
0.9623062566
0.9809941038
0.9834498465
0.9661159102
0.9416491767
0.9126197756
0.8992142920
0.9095181523
0.9265910881
0.9422749973
0.9568202719
0.9725305946
1.0003694191
1.0010215409
0.9843178273
0.9688739261
0.9578025121
0.9519826011
0.9349292355
0.9098209311
0.8912259117
0.8844695055
0.8943753441
0.9055331074
0.9094995140
0.9111758389
0.9027968179
0.9036833572
0.9332951219
0.9664768170
0.9805546412
0.9835917553
0.9812964726
0.9671339983
0.9368294520
0.9198203905
0.9136229374
0.9056310148
0.9164484358
0.9312473371
0.9451984671
0.9602417814
0.9612411351
0.9583533575
0.9607754852
0.9656099690
0.9657964773
0.9668507637
0.9703536837
0.9651072525
0.9517229588
0.9435011343
0.9475712147
0.9608155002
0.9692248724
0.9718320445
0.9798419106
0.9906493287
0.9889731619
0.9884801231
0.9901275269
1.0009768880
1.0078215113
1.0147154135
1.0138648855
1.0073794910
0.9953861139
0.9856982472
0.9830848683
0.9813263237
0.9822606627
0.9861277565
0.9894593720
0.9886098654
0.9974803096
1.0084375657
1.0136497504
1.0059385663
0.9943802610
0.9930705259
0.9914995112
0.9979032885
1.0015616882
0.9977190066
0.9887899184
0.9794217107
0.9799040862
0.9867346445
0.9845873713
0.9805132616
0.9815531800
0.9663586387
0.9548133917
0.9557116258
0.9533338435
0.9535333617
0.9752612409
0.9706990970
0.9845365564
0.9926974208
0.9864362919
0.9794419570
0.9813707515
0.9898656460
0.9848910538
0.9717816228
0.9644073140
0.9660235908
0.9672443158
0.9665805140
0.9757657242
0.9880140334
0.9965498654
0.9915750677
0.9908618343
0.9900260934
0.9967029661
0.9917483536
0.9944095238
0.9830953144
0.9741544752
0.9717540730
0.9705371449
0.9621811865
0.9603030721
0.9737990720
0.9879200437
0.9978384702
1.0001829101
0.9905254034
0.9840987306
0.9829218669
0.9853988860
0.9849825101
0.9729855180
0.9682733633
0.9820994163
0.9792924678
0.9766368596
0.9701897190
0.9753771789
0.9830624454
0.9835624845
0.9843971211
0.9877629488
0.9913552102
0.9937351322
0.9941730786
