#flux
0.9905562670
0.9859201148
0.9807022947
0.9757538869
0.9762129281
0.9764924682
0.9717878151
0.9739194674
0.9738418905
0.9771893793
0.9844020845
0.9972766309
1.0035696047
1.0100002124
1.0183016530
1.0162970415
1.0025317267
0.9977856668
0.9957315921
0.9908912593
0.9882697082
0.9785084710
0.9668315473
0.9509059987
0.9292270041
0.8976414998
0.8533714310
0.8222040317
0.8097683395
0.8191075751
0.8615171343
0.9168071458
0.9612272924
0.9865481678
0.9972473858
1.0013793877
1.0028036220
0.9998944274
1.0047284801
1.0119966087
1.0060883740
0.9953772440
0.9808258045
0.9715696157
0.9865175898
1.0159870212
1.0133407714
1.0056933433
1.0125825876
1.0107108610
1.0047928608
0.9998144137
0.9962577024
0.9969136766
1.0001059059
0.9985676303
0.9998226642
1.0079631989
1.0131207840
1.0094281437
1.0036454691
1.0010036169
0.9995042589
1.0013909236
1.0024400528
0.9915961590
0.9712529428
0.9321277217
0.8540030535
0.7652699915
0.7085859186
0.6998532697
0.7345979700
0.8016957454
0.8820299689
0.9457629190
0.9743527532
0.9829287646
0.9877679742
0.9905734644
0.9859653893
0.9719617501
0.9677923152
0.9739860370
0.9791194721
0.9825614655
0.9858367082
0.9820687390
0.9728287180
0.9633301172
0.9504091166
0.9461648028
0.9514474731
0.9587131914
0.9633190471
0.9649008415
0.9581303221
0.9285713073
0.8670331547
0.7827325642
0.6996906102
0.6485741230
0.6548885032
0.7165275475
0.8079155702
0.8937521846
0.9485694514
0.9802574069
0.9919425516
0.9952510144
0.9984983635
0.9927231356
0.9857248608
0.9846102498
0.9863181064
0.9863240153
0.9871473551
0.9920721323
0.9997436435
1.0044325319
1.0017740136
0.9964308636
0.9954528767
0.9957215171
0.9929213533
0.9925023914
0.9987241301
0.9978267275
0.9995476287
1.0020666070
0.9918064705
0.9813649586
0.9804379827
0.9770589798
0.9703210206
0.9701463872
0.9764273315
0.9838471045
0.9926840239
0.9968945476
0.9904863131
0.9865620356
0.9891598128
0.9899849152
0.9897234367
0.9917336313
0.9955431333
0.9982386956
0.9997854533
1.0055994465
0.9996058014
0.9942632099
0.9958410359
0.9993668463
0.9984285162
0.9860110507
0.9572236834
0.9172676469
0.8813830435
0.8593497029
0.8514004053
0.8650312906
0.9056259174
0.9479407940
0.9722281948
0.9827271951
0.9885899984
0.9993590954
1.0071956641
0.9947786274
0.9913380878
0.9884011395
0.9820465776
0.9771306466
0.9759137381
0.9743488771
0.9716533303
0.9716100078
0.9742412060
0.9755450099
0.9782701262
0.9881172057
0.9961105088
1.0006407506
1.0069944949
1.0113816509
1.0099017149
1.0068525850
1.0020308408
0.9990422635
1.0056458650
1.0152754350
1.0180790495
1.0209404543
1.0336949874
1.0409964128
1.0356872731
1.0196069434
0.9876419105
0.9343044403
0.8563429742
0.7534770328
0.6353247670
0.5209129772
0.4181753650
0.3352614420
0.2624726361
0.2101754233
0.1720075473
0.1446371297
0.1258055480
0.1149183351
0.1107140301
0.1088777297
0.1126172702
0.1239845747
0.1395979091
0.1591244622
0.1850223784
0.2181864099
0.2590282028
0.3078213881
0.3702395156
0.4459146308
0.5282863684
0.6239756868
0.7180423311
0.8077061056
0.8857231441
0.9414126100
0.9751718210
0.9940121912
0.9999595824
0.9975164065
0.9947966986
0.9943798002
0.9946944680
0.9979629122
0.9975516565
0.9902190709
0.9924460187
0.9969713806
0.9942187989
0.9984027778
0.9967396415
0.9893745374
0.9937514741
0.9969447451
0.9958143557
0.9938362508
0.9982301542
1.0001810110
0.9992686861
0.9979246673
0.9950278543
0.9916114552
0.9871124075
0.9787623679
0.9687713121
0.9607455652
0.9583558210
0.9664868596
0.9663495097
0.9725024023
0.9716487386
0.9734863472
0.9752747537
0.9823626938
0.9934683517
0.9987506470
1.0002242566
1.0091894355
1.0163169533
1.0091210835
1.0039391397
1.0022566780
0.9988861272
0.9883918726
0.9716951679
0.9647660105
0.9675693144
0.9749018252
0.9897592855
1.0040969529
1.0103515256
1.0078870443
0.9964167546
0.9955258466
0.9964446587
0.9977999596
1.0013695964
1.0061015846
1.0111278062
1.0127793175
1.0088792569
1.0098069532
1.0126539493
1.0106438745
1.0096867545
1.0071146500
1.0000041789
1.0014587999
1.0081986811
1.0157539860
1.0142573159
1.0042072373
1.0004294876
0.9997427157
1.0031931239
1.0058305000
1.0057778470
1.0016506268
1.0012840740
1.0015068612
0.9942255309
0.9817939173
0.9633076536
0.9305016110
0.8851535167
0.8361719261
0.7968066852
0.7971365741
0.8239133643
0.8686666749
0.9045204731
0.9412908278
0.9588028210
0.9739375389
0.9945593330
1.0050503686
0.9963288426
0.9836164427
0.9833451489
0.9881924007
0.9853110601
0.9827589405
0.9902392450
1.0008303072
1.0051273560
1.0021627091
0.9970914716
0.9965551710
0.9951701900
0.9909898811
0.9929284376
0.9872848410
0.9822557661
0.9768317903
0.9825483419
0.9818043263
0.9782678570
0.9820406220
0.9863939940
0.9858559497
0.9847355702
0.9874325444
0.9933360762
1.0005228216
1.0057445227
1.0081826499
1.0135917805
1.0141333564
1.0078538849
1.0079132924
1.0096416181
1.0092497783
1.0057841386
0.9998910610
0.9983900520
1.0034645745
1.0050312642
1.0016525371
0.9967778867
0.9960249370
0.9830615519
0.9445456626
0.8808418165
0.7851699206
0.6613964301
0.5520158231
0.5054838563
0.5430635524
0.6442072635
0.7622085756
0.8674553288
0.9352092883
0.9807692543
1.0019584312
1.0071975116
1.0066671686
1.0072653268
1.0072580295
1.0072471617
1.0081251230
1.0083265500
1.0064566238
1.0032269381
1.0003149562
0.9945070190
0.9734189774
0.9243016057
0.8446813466
0.7503089078
0.6713660119
0.6289108624
0.6579069262
0.7397143264
0.8303671599
0.9066419069
0.9599153587
0.9858617431
0.9944062847
0.9795560904
0.9410667875
0.8784593802
0.7969981138
0.7214621928
0.6805476491
0.6850105970
0.7313673464
0.8082643896
0.8852869666
0.9390237874
0.9710209762
0.9871861770
0.9968687073
1.0066322573
1.0167289594
1.0102512002
1.0086457205
1.0053649989
1.0019138359
0.9998840115
1.0004653402
1.0031394410
1.0019778147
0.9948770967
0.9896370677
0.9879393418
0.9813755491
0.9732608250
0.9599692564
0.9551095016
0.9573292234
0.9617939503
0.9708073941
0.9869394491
0.9933495988
0.9937736894
0.9961567769
0.9981291016
1.0002610833
1.0064183156
1.0103333167
1.0120819453
1.0070972251
1.0001955436
1.0022601162
1.0014597142
0.9972122458
0.9915927707
0.9981663556
1.0093793022
1.0106603249
1.0022557980
1.0010648083
1.0088972199
1.0077439055
1.0078120144
1.0142328377
1.0160485569
1.0157022077
1.0117269599
1.0050611730
0.9976996847
0.9944845122
0.9945757433
0.9885979828
0.9808023437
0.9832876565
0.9882243533
0.9829125486
0.9803901441
0.9813101157
0.9956303437
0.9972142498
0.9929282309
0.9893077520
0.9924391786
0.9988935588
1.0007253139
1.0025389249
1.0032431444
1.0007758217
0.9963932641
0.9920851456
0.9942716784
1.0045955363
1.0099622094
1.0027497716
0.9872526503
0.9909340326
0.9956740147
0.9933511749
0.9946452017
0.9953504946
0.9898611491
0.9926256885
0.9994032331
1.0008709519
0.9969618750
0.9893748187
0.9799041461
0.9667228621
0.9519931021
0.9382959206
0.9176099840
0.8779727659
0.8214585115
0.7683837904
0.7386573705
0.7458394144
0.7892563736
0.8558320291
0.9213153899
0.9673156548
0.9914726834
0.9978098549
0.9936992785
0.9889031941
0.9885958075
0.9920771770
0.9952507291
0.9967904841
0.9949325243
0.9936892056
0.9993120570
1.0064511407
1.0086750860
1.0088955203
1.0111436570
1.0098259433
1.0049958047
1.0002800239
0.9890912659
0.9926627757
0.9950005076
0.9952407239
0.9930885459
0.9871701677
0.9884476599
0.9951933102
0.9977698074
0.9985313604
1.0028497421
1.0081788608
1.0081815688
1.0004768680
0.9925430353
0.9901848388
0.9854924336
0.9764952494
0.9755873921
0.9876631617
0.9901767080
0.9923318382
0.9994293845
0.9981839851
1.0010291558
1.0058711602
0.9991135925
0.9836942581
0.9737936937
0.9716130260
0.9739184314
0.9820448519
0.9915877251
0.9965461338
0.9997350231
0.9951047617
0.9951312520
0.9993153954
0.9955231520
0.9944373276
0.9907109918
0.9918685070
0.9891923757
0.9928786935
0.9952221012
0.9937412161
0.9958648651
0.9990766409
0.9970916010
0.9950322357
0.9979782207
1.0010011489
1.0011318979
1.0017563368
0.9999283375
0.9907558003
0.9861151931
0.9599263519
0.9070811442
0.8392344225
0.7694839237
0.7298166269
0.7410740412
0.7915610074
0.8568192071
0.9217994787
0.9708402537
0.9918805546
0.9992581517
1.0059615227
1.0057015224
0.9985252795
0.9905248878
0.9833954969
0.9922439768
0.9992528899
0.9928467076
0.9960404774
1.0000643224
1.0005865299
1.0041253697
1.0023889600
0.9980058858
0.9968245023
0.9981485664
1.0031938588
1.0061993269
0.9987555594
0.9940909721
0.9969412172
1.0003184575
0.9985133083
0.9933330477
0.9991140651
1.0024357254
0.9918545985
0.9975511618
1.0016466448
0.9937619679
0.9922766021
0.9964514742
0.9956415249
0.9964226250
0.9993262000
0.9946688538
0.9876075540
0.9821008205
0.9819242596
0.9818211924
0.9817202953
0.9864626180
0.9946144021
0.9999462473
0.9985977984
0.9991593723
0.9941107607
0.9991819037
0.9967114177
0.9920371955
0.9926747132
0.9962214739
0.9941104459
0.9920051608
0.9978508174
1.0010665450
1.0041822821
1.0020734378
1.0017620735
1.0047463538
1.0055028812
1.0031055409
1.0051898130
1.0117561394
1.0077245577
1.0074352739
1.0030728116
0.9970953972
0.9948289643
0.9921781723
0.9940962013
0.9909463504
0.9860932758
0.9890362552
0.9900352167
0.9801980206
0.9640592947
0.9612410091
0.9705949373
0.9796832231
0.9840831877
0.9850046565
0.9879609998
0.9924197820
0.9850288079
0.9780794849
0.9816064208
0.9802529188
0.9715484291
0.9810637409
0.9868382893
0.9850356760
0.9790591988
0.9688636491
0.9587904728
0.9497713151
0.9444843606
0.9344371933
0.9005228095
0.8286148311
0.7247829387
0.6222401254
0.5603498633
0.5577524381
0.6172499008
0.7201716365
0.8282922795
0.9108276399
0.9514253361
0.9832348581
0.9958741205
0.9885910904
0.9842027300
0.9675061652
0.9258290635
0.8565680593
0.7600903159
0.6659944041
0.6102114678
0.6087315702
0.6645918645
0.7581703474
0.8506117881
0.9200276011
0.9585817921
0.9746552252
0.9814634922
0.9881165596
0.9926922606
0.9929547658
0.9871491924
0.9946760567
0.9983804002
0.9991493630
0.9934310214
0.9890939106
0.9858939341
0.9847237731
0.9881782610
0.9886040780
0.9835137801
0.9785522389
0.9767414794
0.9795406939
0.9795777944
0.9887728777
0.9929479777
0.9964033899
1.0002510285
0.9836471277
0.9817121169
0.9738358317
0.9760269244
0.9847006321
0.9920803298
0.9912788787
0.9946370899
1.0012388734
1.0053156250
1.0057532670
1.0040356383
1.0029537098
1.0032063530
1.0039326670
1.0030873105
0.9949141045
0.9934000953
1.0036700969
1.0006159436
1.0003735164
0.9967291991
0.9847224628
0.9848314625
0.9816280565
0.9806673437
0.9822706488
0.9825175095
0.9630817896
0.9324983973
0.9122384448
0.9112957687
0.9267793894
0.9464890732
0.9655384986
0.9843316130
0.9969298530
1.0038879720
1.0068536327
1.0026109666
1.0018179592
1.0059726183
1.0065450244
1.0046067918
0.9916287162
0.9802151585
0.9709186718
0.9617357494
0.9488611950
0.9425771291
0.9448059450
0.9485953406
0.9404672039
0.8931442660
0.8118076813
0.7283301908
0.6640408009
0.6531941531
0.7088248025
0.7960708370
0.8875127685
0.9515224287
0.9807325331
1.0002346874
1.0089307670
1.0039513246
1.0014628550
0.9982344914
0.9891184123
0.9860269887
0.9942722562
1.0004256010
0.9993135080
1.0018279654
1.0058581778
1.0032855412
1.0010832862
0.9979609930
1.0021385764
1.0121548572
1.0071227725
0.9947090954
1.0019313752
1.0033566884
1.0008961903
0.9989376019
0.9909079486
0.9878709416
0.9946135831
1.0017053567
1.0070032071
1.0106251696
1.0066464536
0.9993947660
0.9961532724
0.9941085454
0.9956337007
1.0000604203
1.0016347196
1.0000035560
1.0006697897
0.9995203053
0.9960451777
1.0015424765
0.9999671843
1.0061971311
1.0088387497
1.0058330255
1.0057204406
1.0032717716
1.0009228995
1.0066712720
1.0080653581
0.9993436517
0.9960059112
0.9978859486
0.9952765763
0.9974119032
1.0003567009
1.0064074780
1.0012632451
0.9903222591
0.9871074063
0.9860644673
0.9825061582
0.9771199272
0.9735029515
0.9753083208
0.9793611245
0.9860897226
0.9992756673
1.0116835086
1.0119299726
1.0042135671
1.0026590945
1.0103825063
1.0084289320
1.0096345592
1.0019013331
0.9940345819
0.9938340689
0.9952150822
0.9869133088
0.9730311985
0.9436758567
0.9039980517
0.8528650486
0.8082712709
0.7948162775
0.8146911235
0.8539814396
0.9024909650
0.9492634825
0.9773091019
0.9868657399
0.9918956625
0.9965817076
0.9983398935
0.9947657298
0.9963935151
1.0050013697
1.0056122213
0.9990719871
0.9948935700
0.9905943544
0.9833277334
0.9749964460
0.9612803528
0.9400881979
0.9094274842
0.8802577438
0.8730120029
0.8884186606
0.9185928315
0.9540466767
0.9776295439
0.9954404076
1.0059077427
1.0003962989
1.0035643481
0.9952782261
0.9931854109
0.9973325925
0.9875727798
0.9723132137
0.9542404697
0.9370484994
0.9324634771
0.9359044879
0.9468183694
0.9654181074
0.9784215055
0.9835867695
0.9828282344
0.9808475361
0.9833130382
0.9948554207
1.0029197123
0.9998718341
0.9903683924
0.9738782085
0.9491781548
0.9128086118
0.8691613277
0.8337957629
0.8186725367
0.8282921504
0.8627630051
0.9131674591
0.9608950710
0.9932250958
1.0059541138
0.9998130774
0.9942750872
0.9980971996
0.9989605361
1.0007724383
0.9950185558
0.9746843403
0.9383748858
0.8777592950
0.7860726451
0.7100010218
0.6698004849
0.6779924245
0.7342862939
0.8116011832
0.8774489944
0.9187111488
0.9532842948
0.9380173861
0.8471354806
0.7985917138
0.7935979290
0.8244786875
0.8774534437
0.9318736788
0.9728842463
0.9982548638
1.0056076935
1.0071356292
1.0053946022
1.0084527404
1.0045378645
0.9934140911
0.9866179389
0.9868018105
0.9894046264
0.9921743181
0.9952856124
0.9971790446
0.9968995193
0.9969009958
0.9961767586
0.9923936129
0.9885325891
0.9844170677
0.9782625572
0.9677008788
0.9605676295
0.9581842655
0.9622343090
0.9591275997
0.9569224912
0.9552573398
0.9561431850
0.9587570267
0.9629599865
0.9654084941
0.9658735094
0.9679877110
0.9692041968
0.9692097678
0.9723748977
0.9845300820
0.9953828133
0.9966956257
0.9937877029
0.9872267954
0.9966177973
0.9931381458
0.9912412084
0.9980556666
1.0005173365
0.9950377100
0.9932912275
0.9989650931
1.0013503415
0.9995949205
1.0018586102
1.0042021375
0.9987766723
0.9914081196
0.9882090194
0.9790281881
0.9634517553
0.9550847697
0.9432324862
0.8997465964
0.8410628638
0.7875289881
0.7566575792
0.7629119950
0.8067579887
0.8697229466
0.9280730641
0.9697462804
0.9933818187
1.0058992126
1.0100302360
1.0035101007
0.9931598385
0.9874954554
0.9944684096
1.0057662973
1.0017185525
0.9926003020
0.9931051945
0.9953206235
0.9962421704
0.9979523947
0.9953107500
0.9945324267
0.9998999742
1.0030846880
1.0036870031
1.0043929323
1.0047265902
1.0013882817
0.9943181103
0.9904193519
0.9920985811
0.9940350248
1.0004155172
1.0006483476
0.9989790563
0.9967672287
0.9886612424
0.9964221823
0.9950530299
0.9955836073
0.9950953186
0.9990786737
1.0020240964
1.0048246139
1.0046192837
1.0028954989
1.0016764220
0.9989101582
0.9949259404
0.9914582890
0.9883169536
0.9880607008
0.9879192976
0.9855331253
0.9868202238
0.9848268702
0.9959292067
0.9902881515
1.0019484101
1.0025304970
0.9980496678
0.9978736798
0.9915754048
0.9895016968
0.9908187146
0.9907040705
0.9926278076
0.9933619370
0.9894650758
0.9908846381
1.0000522024
1.0044347405
0.9982654593
0.9969778707
1.0022361239
1.0001706531
0.9993335292
0.9878800397
0.9921559292
0.9872646700
0.9846023026
0.9882305588
0.9913676066
0.9938275165
0.9926015329
0.9902329023
0.9889966956
0.9832091067
0.9773396124
0.9767165544
0.9705783875
0.9750076832
0.9860912472
0.9994134529
0.9879512862
0.9967133024
0.9959364031
1.0004454095
1.0069519244
0.9945897902
0.9890971762
0.9882141772
0.9915541471
0.9928405839
0.9944394028
0.9962960495
0.9985947314
1.0012190030
1.0015933145
1.0026283152
1.0037893057
1.0035608609
1.0048789924
0.9983456620
0.9938863043
0.9974564454
1.0036167850
1.0022577264
0.9936823917
0.9955714900
0.9902676343
0.9865942450
0.9819254248
0.9762674884
0.9826562354
0.9910895644
0.9964965376
1.0027063146
1.0027303778
1.0008965622
1.0016201893
1.0017172648
0.9964798072
1.0009306811
0.9917838766
0.9924996913
1.0100073563
0.9967294784
0.9962955237
0.9979419340
0.9944934707
1.0040698064
1.0020729351
0.9962691903
0.9948492414
0.9947885685
0.9920232337
0.9885003603
0.9903266446
0.9918542050
0.9910626490
0.9971012701
0.9864178083
0.9871843567
0.9949265906
0.9984919017
0.9976745866
0.9940616771
0.9917173657
0.9922219076
0.9916068157
0.9912300620
0.9879955674
0.9752131910
0.9665723749
0.9640500747
0.9595449316
0.9609047752
0.9683318079
0.9722886149
0.9852881625
0.9897327294
0.9850707848
0.9828722116
0.9742451377
0.9812535177
0.9847493776
0.9693341011
0.9451743201
0.9386818904
0.9435757486
0.9423988227
0.9197744999
0.8751322791
0.8140607801
0.7423434545
0.6837520854
0.6646486558
0.6925202450
0.7605969193
0.8348930375
0.9100018776
0.9601325747
0.9873160909
0.9903407474
0.9959171127
0.9920418747
1.0027496834
1.0069197751
1.0024939875
1.0014081421
0.9999505984
0.9975286495
1.0031579926
1.0050662678
0.9997483033
0.9957893913
0.9929710510
0.9920879634
0.9904489380
0.9843666656
0.9884039916
0.9977474221
0.9931610292
0.9867374936
0.9924486858
0.9991752228
0.9984326466
0.9939726216
0.9958478862
1.0024028342
1.0067189916
1.0084591261
1.0064745385
0.9982039956
0.9884676961
0.9787871199
0.9645284943
0.9503795814
0.9430910186
0.9425186443
0.9504878924
0.9631050783
0.9829110586
0.9929230769
0.9966827764
1.0051945471
1.0037068394
1.0059757469
0.9990479034
0.9986353050
1.0012722640
0.9985653934
0.9986112952
1.0022081261
1.0012957213
0.9957959853
0.9890591260
0.9856292011
0.9902587897
0.9863875086
0.9815405534
0.9829395049
0.9900725479
0.9961133430
1.0056295826
1.0031893723
1.0048245873
0.9993140592
0.9972076556
0.9967049111
0.9964750421
0.9921073968
0.9881325599
0.9911130062
0.9929439323
0.9823943570
0.9537062848
0.9054810451
0.8547112192
0.8158266114
0.8163971391
0.8559711990
0.9109855717
0.9511264348
0.9839384287
0.9961572663
0.9969533480
0.9928665937
1.0030291463
1.0090084583
1.0015439077
0.9947204635
0.9901825135
0.9844871309
0.9854833008
0.9911534333
0.9877709432
0.9802102854
0.9800459170
0.9827661680
0.9868424587
0.9918298063
1.0002646699
0.9999600282
0.9957865411
0.9978813515
0.9961504275
0.9836086914
0.9783043512
0.9833113701
0.9821272397
0.9804876832
0.9867111573
0.9933732236
0.9931893413
0.9868620010
0.9744675872
0.9517578157
0.9191649091
0.8987808736
0.8899151342
0.9066038897
0.9286217046
0.9575425892
0.9713661436
0.9846353127
1.0072471561
1.0072391635
1.0053804144
1.0002375083
0.9987878460
0.9981557329
0.9883363917
0.9717377993
0.9551492067
0.9455246146
0.9453627111
0.9410395731
0.9304777852
0.9059531703
0.8660987857
0.8355162603
0.8291211639
0.8490623460
0.8767073680
0.9022068432
0.9211254151
0.9264065851
0.9268911528
0.9327762303
0.9484553064
0.9709105493
0.9883491099
0.9959989719
0.9941175806
0.9896368859
0.9963674259
1.0041742115
0.9999616362
0.9970151375
0.9968631553
0.9923106667
0.9758227163
0.9630681485
0.9586195665
0.9575515646
0.9658145627
0.9767700159
0.9874063264
0.9959725084
0.9999064660
0.9920759480
0.9815598954
0.9813199493
0.9910742090
0.9972988720
0.9920762388
0.9930898753
0.9951591588
0.9905865905
0.9954312898
0.9916548558
0.9946544059
0.9964416801
0.9938725166
0.9967573774
0.9977990892
0.9983456270
0.9983650651
0.9965907325
1.0020589134
1.0116762620
1.0145292661
1.0051665312
0.9961034897
0.9979417163
0.9939542105
0.9822371663
0.9812311503
0.9849231080
0.9820494399
0.9893370064
1.0016319538
1.0042841092
0.9973747406
0.9986633695
1.0045920851
1.0064686846
1.0141957857
1.0019293164
0.9885815766
0.9836517334
0.9837281092
0.9811164536
0.9775363807
0.9843865331
0.9917945739
0.9990849867
0.9964844331
0.9907120645
0.9910753217
0.9964021766
1.0144257771
1.0308080860
1.0205116603
1.0102346234
1.0040488590
0.9998693751
1.0055903333
1.0048805199
1.0011304389
1.0018328215
1.0011662890
0.9973017166
0.9975941447
0.9974310360
0.9865883983
0.9794494857
0.9738733457
0.9603099820
0.9420723354
0.9200876069
0.9201196457
0.9212170316
0.9321001548
0.9515231630
0.9613032347
0.9729128718
0.9849351863
0.9899249616
0.9987117760
1.0032654135
0.9990247387
0.9966783173
0.9966127349
0.9948303152
0.9948101539
0.9989715458
1.0051086979
1.0043660113
1.0009643132
1.0080696452
1.0010416456
1.0054464528
1.0015446923
0.9985843907
0.9933739804
0.9906377912
0.9910146174
0.9856712479
0.9837554212
0.9900386262
0.9952529080
0.9966920378
0.9991353111
1.0016321298
1.0024682937
1.0040373685
1.0061960722
1.0076920507
1.0062044313
0.9995906223
1.0051322435
1.0098561259
1.0102379430
1.0062941331
0.9966406104
0.9917407424
0.9964824451
0.9979126672
0.9914579850
0.9882333007
0.9923986590
0.9969502495
0.9986980551
1.0026036868
1.0093572921
1.0039378687
0.9966632328
0.9953345478
0.9911194382
0.9675878856
0.9142307158
0.8251763834
0.7051538377
0.5978628496
0.5398819891
0.5493172059
0.6148828937
0.7166968061
0.8309318376
0.9184046581
0.9635012294
0.9860909738
0.9983495411
0.9986461106
0.9962498045
0.9994242551
1.0024588099
0.9969889749
0.9919554212
0.9931122342
1.0032993804
1.0056464431
1.0062151808
1.0002927480
0.9907023366
0.9799241873
0.9643976562
0.9512090188
0.9377832823
0.9278186346
0.9289577701
0.9412189740
0.9579442347
0.9680565709
0.9794121412
0.9982291146
0.9988728673
1.0039451623
1.0076186677
0.9972462798
0.9930756347
0.9939093822
0.9998578084
1.0089681937
1.0037801246
0.9976158949
1.0003024411
1.0015899804
1.0000898643
0.9975597611
0.9977281644
0.9987798414
0.9946120527
0.9944742487
0.9935664357
0.9873289980
0.9576139490
0.9343277202
0.9164326854
0.9025950932
0.9044253555
0.9177777152
0.9392221782
0.9678686111
0.9867694021
0.9898180920
0.9925499947
0.9961312576
0.9964275262
0.9971142414
0.9984420299
0.9983389622
0.9986553699
0.9942564238
0.9780619449
0.9477907653
0.8972421834
0.8520775917
0.8256804705
0.8242521074
0.8446969739
0.8863863363
0.9380024527
0.9720168729
0.9904079357
1.0027417741
1.0069551448
1.0001124213
1.0003462347
1.0062029525
1.0031858998
0.9971012067
0.9928797984
0.9875990852
0.9843997997
0.9892420767
0.9877600232
0.9911408030
0.9881958232
0.9846176609
0.9830212096
0.9821896180
0.9836532680
0.9847720238
0.9919519176
0.9973672210
0.9967650150
0.9947582410
0.9970388886
0.9993110856
0.9966044465
0.9945569017
0.9944427891
0.9916017330
0.9954525895
0.9925352261
0.9817414116
0.9729713053
0.9735866119
0.9786159739
0.9843126648
0.9876949924
0.9908585571
0.9944523557
1.0028379018
1.0008786631
0.9926116598
0.9899166771
0.9925068012
0.9891675932
0.9791121341
0.9735755513
0.9735162606
0.9732631655
0.9708909598
0.9742727908
0.9800986035
0.9849594199
0.9886966402
0.9913019786
0.9942101721
0.9977946965
1.0016364787
0.9943629089
0.9924059105
0.9861498318
0.9838143915
0.9857322217
0.9893685318
0.9893467895
0.9870516845
0.9924936445
0.9958277170
0.9917310412
0.9856202441
0.9914947572
0.9811538116
0.9859073243
0.9886266592
0.9874745164
0.9963763456
1.0017849421
1.0020815296
0.9962753780
0.9959398521
0.9942518955
0.9960074984
1.0010373244
1.0039227867
1.0046108631
0.9984280929
0.9876755771
0.9879022434
0.9875783501
0.9807245434
0.9684869815
0.9710346867
0.9842454776
0.9870506510
0.9895429159
0.9888567816
0.9834900496
0.9766987646
0.9739499807
0.9761703598
0.9815147626
0.9886505929
0.9951291609
0.9964788750
0.9973102396
1.0000082972
0.9960342229
0.9922588190
0.9986701002
1.0019155242
0.9876752358
0.9851337678
0.9894192176
0.9907714933
0.9914890719
0.9881563877
0.9832929683
0.9867295427
0.9850171454
0.9856658986
0.9880370212
0.9931113216
0.9957163204
0.9968441646
0.9970820447
0.9926472116
0.9900916816
0.9916101412
0.9962869626
0.9976385345
0.9967147698
0.9957063421
0.9921322536
0.9851513496
0.9795691510
0.9918045391
0.9911339843
0.9827706545
0.9742590163
0.9703808468
0.9738894906
0.9724710762
0.9637633441
0.9618424203
0.9705146410
0.9858267380
1.0006637773
0.9964348649
0.9913411833
0.9914758488
0.9957112088
0.9779611819
0.9967380106
0.9969618372
0.9889021099
0.9932132753
0.9964952909
0.9993845607
1.0021441139
1.0040883829
1.0054632721
1.0016434205
0.9950434279
0.9942248401
0.9914299797
0.9827691030
0.9823319011
0.9827858802
0.9917089693
0.9921119620
0.9919425408
0.9886755344
0.9906550361
0.9856617287
0.9791768964
0.9804759001
0.9852603633
0.9854776405
0.9879981027
0.9925088371
0.9993516785
1.0008274576
0.9933965049
0.9830673746
0.9769385051
0.9780992874
0.9834851865
0.9883496202
0.9892365397
0.9882571365
0.9890055598
0.9986523993
0.9908529204
0.9940309576
1.0028688443
1.0025279956
1.0023261299
1.0038051567
1.0079234625
1.0009969226
0.9876390783
0.9794607371
0.9798482381
0.9821800281
0.9806491250
0.9817502270
0.9859463776
0.9798065185
0.9781307625
0.9678984137
0.9576126759
0.9647333999
0.9731360813
0.9772488113
0.9716928027
0.9798885834
0.9893168922
0.9968195726
1.0028488313
1.0018104088
0.9957424860
0.9921744466
0.9927442958
0.9903998801
0.9882496775
0.9940322213
0.9969868500
0.9990701170
1.0003227065
0.9979520217
0.9838838411
0.9869623841
0.9906356913
0.9907453491
0.9932131474
0.9909800500
0.9938109754
0.9916945356
0.9902882461
0.9899430368
0.9904871657
0.9892198481
0.9815518057
0.9614026880
0.9270960825
0.8805037226
0.8131497304
0.7248970418
0.6356420189
0.5856375392
0.5886182849
0.6504619911
0.7474877734
0.8435345250
0.9173876895
0.9624397992
0.9876343189
0.9979402341
0.9981323397
0.9937568788
0.9916701455
0.9939264307
0.9918603848
0.9864047600
0.9875005544
0.9917164247
0.9920889278
0.9830509852
0.9862716128
0.9972864315
0.9959204854
0.9967241873
1.0046176823
1.0047020675
0.9921978478
0.9954003588
0.9896649175
0.9816163688
0.9831753204
0.9759151820
0.9611069697
0.9501629467
0.9422337751
0.9385513064
0.9479751998
0.9668463360
0.9782346971
0.9816682160
0.9754238381
0.9753708054
0.9740322395
0.9807636411
0.9805936057
0.9821695051
0.9882588994
0.9881578267
0.9791317351
0.9786862634
0.9736943966
0.9632659686
0.9572173836
0.9532269727
0.9548165272
0.9650145351
0.9755927732
0.9861521345
0.9923607248
0.9964825375
0.9889427937
0.9801654502
0.9844968016
0.9788675151
0.9691334371
0.9410404427
0.9247063887
0.9173007594
0.9145177979
0.9205695460
0.9355866441
0.9426158104
0.9465682512
0.9577513759
0.9698696287
0.9777862802
0.9837426753
0.9860340092
0.9853872641
0.9846296389
0.9758375633
0.9756137948
0.9633828156
0.9514610287
0.9575775571
0.9674935747
0.9725649266
0.9832955387
0.9862696187
0.9822829681
0.9820648290
0.9926976854
0.9997892834
0.9962761064
0.9949271167
0.9990718754
1.0005130685
0.9998366491
0.9954097703
0.9907924758
0.9864709644
0.9840123445
0.9742838232
0.9813287534
0.9829104572
0.9815302454
0.9868736085
0.9952348190
0.9924437644
0.9918684040
0.9963281038
1.0027693555
1.0053528185
1.0025254638
0.9993745815
0.9997362669
1.0009027605
0.9977082695
0.9932883882
0.9876236372
0.9834975626
0.9843740387
0.9953942185
0.9937214557
0.9965847722
1.0067635851
1.0082447348
1.0046219176
0.9987504051
0.9912848310
0.9898350785
0.9865365359
0.9828088100
0.9803830067
0.9798292446
0.9858414754
0.9893599370
0.9857125433
0.9849582333
0.9836054270
0.9773537769
0.9800382761
0.9918520884
0.9922643850
0.9989691492
0.9954307636
0.9945100607
0.9937593642
0.9984598713
0.9979503530
0.9958462461
0.9934758440
0.9893284856
0.9837259130
0.9827069920
0.9854447524
0.9827981696
0.9853931431
0.9894883727
0.9982723739
0.9983548046
0.9938062702
1.0023300445
0.9994293043
1.0038493179
1.0051666704
0.9993262433
0.9985782039
0.9920720084
0.9925479918
0.9896234343
0.9826930293
0.9797675620
0.9815898821
0.9837326401
0.9811693548
0.9748443312
0.9716630026
0.9791226357
0.9805057434
0.9828663306
0.9915635544
1.0036232388
1.0061811098
0.9918604542
1.0027977936
1.0034689780
1.0011176106
1.0009616597
1.0043030038
0.9974395163
0.9867656688
0.9815231112
0.9804019592
0.9809835728
