#flux
0.9758270908
0.9782319951
0.9749822704
0.9668898439
0.9643328326
0.9586120163
0.9523889863
0.9518509372
0.9495528101
0.9423659692
0.9425009833
0.9525959423
0.9574776477
0.9537997863
0.9487786161
0.9498130981
0.9569626217
0.9647871688
0.9748164445
0.9751901054
0.9623554242
0.9625664972
0.9698450750
0.9656771956
0.9550610308
0.9397839786
0.9314547736
0.9378752779
0.9500804001
0.9559685400
0.9567995576
0.9601881627
0.9639396397
0.9635995237
0.9661331445
0.9705287675
0.9601724326
0.9559598922
0.9576657295
0.9485753734
0.9601004966
0.9677772868
0.9572184617
0.9491168081
0.9402104104
0.9425000845
0.9555585852
0.9673354049
0.9754827762
0.9817450017
0.9829172003
0.9752556041
0.9604286418
0.9496855700
0.9498370682
0.9556507469
0.9619306192
0.9611590838
0.9545943845
0.9558004715
0.9557147167
0.9608426927
0.9621866501
0.9478775475
0.9274134855
0.9226732954
0.9271245905
0.9211086669
0.9101241992
0.9053951396
0.9004516941
0.8888273276
0.8796769675
0.8887473519
0.9130103034
0.9284199937
0.9287429899
0.9323759689
0.9465622931
0.9406497127
0.9151332422
0.9160623241
0.9261012840
0.9334052195
0.9317131895
0.9205920702
0.9049987708
0.8860230182
0.8584734245
0.8259071936
0.7994586665
0.7873370019
0.7958085238
0.8203236257
0.8444352965
0.8642414434
0.8849045339
0.8963937282
0.8817183485
0.8635609950
0.8575899696
0.8499222498
0.8515833059
0.8743621191
0.8989116301
0.9137972157
0.9237867620
0.9326565625
0.9374743581
0.9329826577
0.9200606718
0.9029175413
0.8876347026
0.8851759096
0.8857948064
0.8892215650
0.8965750138
0.9053785448
0.9112221761
0.9049570148
0.9104627619
0.9208181083
0.9296518788
0.9228536451
0.9175762807
0.9200829843
0.9170690036
0.9088072155
0.9127066788
0.9212002738
0.9147922412
0.9023157900
0.8955512009
0.8864540115
0.8819422428
0.8892421683
0.8938131431
0.8866849756
0.8808184441
0.8861569360
0.9009287623
0.9054502453
0.8945638412
0.8849700492
0.8790221689
0.8997541141
0.9185661121
0.9037558045
0.8870054711
0.8902004797
0.9024409083
0.9173024352
0.9245226696
0.9251915949
0.9290761748
0.9275183359
0.9034594256
0.8694804404
0.8418197544
0.8158936817
0.8080390649
0.8203875225
0.8399028524
0.8506454297
0.8464201501
0.8485265859
0.8534805353
0.8512139443
0.8494170506
0.8507812456
0.8425200754
0.8292263727
0.8257249151
0.8096303795
0.7655874927
0.7313330512
0.7274859825
0.7387393987
0.7507987168
0.7668065583
0.7871897439
0.8002256956
0.8053702078
0.8075983964
0.8029536931
0.7928172945
0.7822565653
0.7824735399
0.7888265315
0.7829405705
0.7636209962
0.7491003529
0.7463297655
0.7441551014
0.7391705867
0.7378043097
0.7264874307
0.7095504159
0.6919994447
0.6748504084
0.6580862287
0.6348088906
0.5944915982
0.5405119965
0.4857057560
0.4298432336
0.3720071574
0.3202829230
0.2791033584
0.2453969065
0.2170268998
0.1956729998
0.1825194050
0.1769180312
0.1788404994
0.1869523792
0.1982457293
0.2063486772
0.2255716843
0.2504789226
0.2858522542
0.3326803058
0.3841442987
0.4383694460
0.4929036841
0.5412696024
0.5909575162
0.6374080265
0.6728101468
0.7006858676
0.7194535638
0.7246917485
0.7257090011
0.7303989695
0.7370805221
0.7414334887
0.7359766454
0.7338267983
0.7519004498
0.7727276830
0.7849056868
0.7925873864
0.8067158486
0.8144216738
0.8138365847
0.8180998667
0.8199407916
0.8205924139
0.8159015503
0.8246708655
0.8409260681
0.8359198467
0.8263028933
0.8292556429
0.8375275868
0.8403158159
0.8344756886
0.8254191473
0.8241407176
0.8214352685
0.8312655505
0.8422291484
0.8602611203
0.8756445218
0.8736978190
0.8617492804
0.8574140042
0.8650810140
0.8731756785
0.8734339310
0.8741491255
0.8811420594
0.8860626051
0.8852848788
0.8835604848
0.8889986343
0.8920256159
0.8955087755
0.8983666081
0.8962338244
0.8984112571
0.8973132828
0.9029640798
0.9047814137
0.9082108471
0.9094874426
0.9089835266
0.9044882758
0.9035754917
0.9092776760
0.9094885761
0.9013139670
0.8985560567
0.9059571834
0.9153302615
0.9187597854
0.9167987187
0.9174358092
0.9159708677
0.9126477170
0.9103520884
0.9169130382
0.9335684113
0.9461181345
0.9431374133
0.9314456677
0.9273931775
0.9328673496
0.9398547547
0.9376026769
0.9230997501
0.9056473537
0.8966170475
0.8988467083
0.9049015457
0.9048436229
0.8893195063
0.8480918006
0.7977828563
0.7371727693
0.7100111137
0.7099614263
0.7389522318
0.7916634523
0.8486297397
0.8864681524
0.9028051227
0.9175426207
0.9343667960
0.9382782255
0.9299736700
0.9252907842
0.9292937353
0.9358114085
0.9379684550
0.9345538478
0.9300384305
0.9401098286
0.9512463831
0.9387167184
0.9321966216
0.9313556806
0.9307370122
0.9324274107
0.9271892213
0.9210034887
0.9214085840
0.9221292732
0.9246508419
0.9320020090
0.9354211159
0.9292043641
0.9224775345
0.9237502798
0.9308131037
0.9404506308
0.9460060505
0.9462795746
0.9396595264
0.9336714252
0.9377588509
0.9344319079
0.9421023129
0.9579869369
0.9526659678
0.9541557929
0.9572502388
0.9564383962
0.9488999354
0.9388380160
0.9324346588
0.9346234105
0.9487613720
0.9622857717
0.9576080633
0.9445952296
0.9337841588
0.9101957853
0.8779296591
0.8559789053
0.8468498170
0.8453251410
0.8851854065
0.9112987716
0.9281121474
0.9464051046
0.9611117142
0.9687556330
0.9772736255
0.9908645853
0.9980411180
0.9910130148
0.9740362054
0.9605740859
0.9665307945
0.9672082856
0.9681383643
0.9580227039
0.9547242742
0.9651671524
0.9574376641
0.9235161337
0.8929904042
0.8762607096
0.8590311629
0.8583932606
0.8818771358
0.9151963750
0.9394994431
0.9523676878
0.9630472258
0.9668334499
0.9525619447
0.9238325329
0.8820229484
0.8285210330
0.7815074854
0.7568055981
0.7650461210
0.8346491977
0.8896048032
0.9300686639
0.9504892019
0.9694831086
0.9786495307
0.9773521017
0.9643485229
0.9539900430
0.9618688993
0.9749921870
0.9810305789
0.9877505268
0.9944875951
0.9894983913
0.9782845281
0.9740691666
0.9751160649
0.9617166242
0.9450802559
0.9405452242
0.9481635499
0.9529630274
0.9550734378
0.9641407179
0.9682446244
0.9699248291
0.9772520690
0.9778209564
0.9706711381
0.9695237131
0.9717553660
0.9683715252
0.9662607983
0.9705396411
0.9713583538
0.9654750965
0.9686649257
0.9847114341
0.9888534596
0.9870775368
0.9973517932
0.9918654204
0.9778239660
0.9806292788
0.9761000881
0.9803082184
0.9944785847
0.9952832320
0.9830517749
0.9780691334
0.9824337865
0.9849314983
0.9862057579
0.9879929401
0.9841368009
0.9806498328
0.9761709041
0.9815661511
0.9857116922
0.9892755633
0.9803595293
0.9752318237
0.9765559989
0.9771400199
0.9798684455
0.9840334707
0.9834213733
0.9826904796
0.9903852546
0.9929503540
0.9863743978
0.9799690545
0.9803370129
0.9865978408
0.9861839087
0.9876030967
0.9913337116
0.9838229292
0.9745612848
0.9717174208
0.9542085211
0.9388155587
0.9327339863
0.9230536591
0.9174362109
0.9267796728
0.9373988216
0.9590484630
0.9899796282
1.0048240277
0.9975643686
0.9845811279
0.9755772580
0.9703684585
0.9672749501
0.9663553254
0.9678804843
0.9550752885
0.9279626249
0.9053259526
0.8871280590
0.9060384025
0.9140272630
0.9290631519
0.9540346960
0.9715948062
0.9768843207
0.9832756037
0.9976393925
1.0029427733
0.9878193905
0.9755825000
0.9802134422
0.9837704803
0.9799918579
0.9667935380
0.9560183316
0.9599106499
0.9792548586
0.9892127866
0.9893159332
0.9864952672
0.9827605305
0.9828486813
0.9847895947
0.9857975210
0.9892276517
0.9858045859
0.9792570397
0.9709522275
0.9714412475
0.9770966937
0.9719611867
0.9637880190
0.9633309699
0.9678536033
0.9721096984
0.9704626892
0.9557533503
0.9322911625
0.9201023181
0.9204895193
0.9163804796
0.9250019231
0.9484667684
0.9697347606
0.9842252692
0.9859484655
0.9850130556
0.9934015826
0.9947835730
0.9786915905
0.9619073901
0.9605705601
0.9739925880
0.9838020599
0.9837527408
0.9863850746
0.9817423393
0.9736828808
0.9800408226
0.9810054749
0.9955521464
1.0063701470
1.0024497228
0.9927994936
0.9884194396
0.9945714264
0.9966829230
0.9828557079
0.9687496813
0.9697556567
0.9777701297
0.9877433326
1.0033254619
1.0063074418
0.9887848206
0.9809979750
0.9949957620
0.9932460190
0.9912659079
0.9637347634
0.9196624982
0.8782567283
0.8426234327
0.8237081147
0.8309150533
0.8554869867
0.8847862376
0.9114340102
0.9290501378
0.9411827718
0.9584162124
0.9741535509
0.9749931553
0.9745888629
0.9817515506
0.9794712553
0.9763952981
0.9650932509
0.9583959253
0.9663560510
0.9720384726
0.9691744038
0.9612965011
0.9507097027
0.9353028172
0.9211439342
0.9236742702
0.9376253754
0.9467406821
0.9554279217
0.9672583145
0.9721221086
0.9754623302
0.9800682750
0.9757800853
0.9868024819
0.9928358242
0.9835691491
0.9806648175
0.9779773424
0.9703755279
0.9716867610
0.9793652495
0.9819505826
0.9792950592
0.9711015187
0.9705231806
0.9840834235
0.9940769604
0.9922910190
0.9880923367
0.9839397482
0.9779317506
0.9734223540
0.9765108802
0.9878653183
0.9949685284
0.9864083056
0.9802793965
0.9862217573
0.9875926346
0.9843957375
0.9875653056
0.9952473951
0.9982361008
0.9922588571
0.9818426481
0.9875411873
0.9956355423
0.9948471603
0.9929935555
0.9883080929
0.9847387639
0.9885114958
0.9911810836
0.9862432981
0.9814361151
0.9758757326
0.9724520891
0.9865789581
0.9966405824
0.9876024867
0.9893408259
0.9849521255
0.9662165178
0.9513239430
0.9459883526
0.9444284494
0.9478303866
0.9647311386
0.9862274601
0.9936253617
0.9919687652
0.9935236202
0.9903109240
0.9765596545
0.9680974546
0.9659449940
0.9696932636
0.9819323484
0.9835724861
0.9797731572
0.9762167611
0.9658715235
0.9533120494
0.9264914726
0.9005220730
0.8892049289
0.8763415361
0.8500552430
0.8106399647
0.7507188846
0.6792077536
0.6358539980
0.6423677994
0.6940732996
0.7755900996
0.8607125380
0.9237356353
0.9566492380
0.9729430041
0.9854086209
0.9922238426
0.9907795427
0.9847972920
0.9575822608
0.9035119844
0.8242967112
0.7424481828
0.6988029139
0.7113210220
0.7623967136
0.8273398914
0.8875781930
0.9325480521
0.9629675312
0.9855045912
0.9827143613
0.9771889737
0.9901104750
0.9953133086
0.9977592796
1.0007490624
1.0002999908
1.0108665572
1.0137695583
0.9975039844
0.9820654141
0.9808637906
0.9928312642
0.9986966083
0.9924240648
0.9879759676
0.9775531348
0.9774179769
0.9869610556
1.0077291690
1.0085251294
1.0016691346
0.9947445568
0.9745243067
0.9620715559
0.9654598178
0.9672369394
0.9667933569
0.9697771573
0.9769634978
0.9840659663
0.9862465010
0.9891446078
0.9935927499
0.9972678578
1.0010738288
0.9983364742
0.9967639138
0.9926290809
0.9973986816
1.0034541710
1.0111398108
1.0070190631
0.9948230319
0.9857176567
0.9797392256
0.9757657896
0.9771606072
0.9818096201
0.9772306140
0.9563531873
0.9198929806
0.8686164278
0.8262513847
0.8203393674
0.8490786522
0.8991864271
0.9414953117
0.9606543144
0.9745128072
0.9767458229
0.9728352238
0.9927574149
1.0019981827
0.9840417961
0.9667749826
0.9659996452
0.9518839154
0.9294722187
0.9020851565
0.8709706034
0.8602211711
0.8841505285
0.9201723970
0.9422121533
0.9566079722
0.9712522573
0.9648190879
0.9484841599
0.9324561542
0.9349893987
0.9469269672
0.9571687991
0.9689467325
0.9761319445
0.9991513539
0.9969932584
0.9977715259
0.9969544519
0.9804689005
0.9824787086
0.9944043788
0.9980036760
0.9985771557
1.0002772966
1.0011623992
0.9965652568
0.9930187549
0.9997918726
1.0011866211
0.9923631110
0.9863252572
1.0007722418
1.0052884841
1.0005688477
0.9928597165
0.9960842257
0.9905908845
0.9789685728
0.9736180925
0.9934796548
1.0052463433
0.9962047848
0.9912393167
0.9932363368
0.9955557523
1.0023566860
1.0017879007
0.9995522117
1.0076381210
1.0102742043
0.9972461519
0.9917687724
0.9981312990
1.0002045456
1.0052446397
1.0140046405
1.0131652413
1.0127341198
1.0182343043
1.0106559067
0.9976656342
0.9870578997
0.9839406054
0.9898842167
0.9930686712
0.9977400895
1.0123922925
1.0175050832
1.0033046897
1.0014395579
1.0152303645
1.0064218065
1.0004913619
1.0008380464
0.9971937665
0.9913089932
0.9824882782
0.9875830638
0.9912627109
0.9864598284
0.9841672347
0.9857852488
0.9864700185
0.9858618342
0.9845654685
0.9855886802
0.9901181283
0.9912304114
0.9925954058
1.0024890608
1.0168879977
1.0125012981
1.0058285420
0.9997739261
0.9967227354
0.9960340616
0.9666662069
0.9341069785
0.8952520939
0.8629240599
0.8512219530
0.8628172975
0.8933069912
0.9293566529
0.9597414147
0.9832932238
0.9972718802
1.0044120220
1.0005576360
1.0006186575
1.0062862708
0.9951365366
0.9781267426
0.9803243375
0.9876126134
0.9841121412
0.9798833238
0.9772650896
0.9681516859
0.9610321810
0.9643336992
0.9694722917
0.9672890027
0.9637393613
0.9707470369
0.9819658894
0.9796968004
0.9796732297
0.9870068244
0.9971157038
0.9994889139
1.0090749413
1.0166926286
1.0219303232
1.0103134116
1.0038423687
0.9887634063
0.9699118203
0.9564016107
0.9523730354
0.9550801963
0.9632126932
0.9739911842
0.9826357313
0.9859346312
0.9835785509
0.9809701741
0.9809507556
0.9829047875
0.9874981888
0.9931296213
0.9876299031
0.9823070406
0.9775485756
0.9619630140
0.9580390326
0.9529869637
0.9389548020
0.9307364448
0.9375547107
0.9566930023
0.9834491867
1.0001221694
1.0011533242
1.0004570423
0.9979239031
0.9966834193
1.0052799536
0.9912035655
0.9869075233
0.9699604385
0.9593851243
0.9072009540
0.8447929054
0.7938880287
0.7613333526
0.7667327859
0.8068872146
0.8733922384
0.9280267747
0.9502641865
0.9463856083
0.9366750269
0.9267462104
0.9211111285
0.9333333470
0.9503236330
0.9709679499
0.9896310987
0.9943475153
0.9946569050
0.9927884075
0.9900342538
0.9908089822
0.9922209774
0.9902315890
0.9912516994
1.0011881500
1.0048545578
0.9959125256
0.9814050191
0.9717379341
0.9707086778
0.9729450427
0.9759452387
0.9810373998
0.9877322528
1.0012623631
1.0001463109
0.9862145557
0.9453932379
0.9438897881
0.9719721630
0.9938779366
0.9983355353
1.0048970939
1.0142336814
1.0184960346
1.0069067906
0.9993806498
0.9920709349
0.9841094821
0.9851203075
0.9895459115
0.9883389536
0.9851777827
0.9821387018
0.9807217064
0.9870117801
0.9953650988
0.9870498267
0.9862072123
0.9931112710
1.0026769849
0.9996441991
0.9918661671
1.0015655944
1.0118639044
1.0103669185
1.0030830237
0.9980295102
0.9908430958
0.9822204821
0.9769348576
0.9672860185
0.9479890440
0.9322305953
0.9275954382
0.9272781377
0.9255548718
0.9302319922
0.9381844643
0.9364468152
0.9432285794
0.9505072493
0.9628878186
0.9765119855
0.9833840648
0.9870618700
0.9820426593
0.9785273743
0.9866922126
1.0026917258
1.0098655331
1.0018629907
0.9923799752
0.9910250284
0.9940216077
0.9853282330
0.9861304046
0.9822485579
0.9820764651
0.9797658664
0.9815122163
0.9839738052
0.9858832120
0.9886112115
0.9919095634
0.9900208644
0.9999250953
1.0080710559
1.0056005987
1.0055615232
1.0076598649
1.0081075366
1.0105630172
1.0060007050
1.0041184654
1.0180017975
1.0185539848
1.0190198112
1.0001639220
1.0004504723
1.0106009909
1.0038822868
1.0036121353
1.0017253771
0.9961708558
1.0047964331
1.0073118378
1.0033133338
1.0051535024
1.0001959025
0.9794381322
0.9554541977
0.9502490021
0.9670116218
0.9663392966
0.9632365536
0.9761305583
0.9922008156
0.9873771351
0.9821658870
0.9875990011
0.9908320365
0.9909083267
0.9766384612
0.9647242587
0.9660893008
0.9745864686
0.9870311816
0.9936930106
0.9911483566
0.9863079542
0.9875005835
0.9939086685
0.9931593947
0.9866225822
0.9911605889
1.0008958145
0.9995279140
0.9966801586
1.0006613930
0.9947601876
0.9967388538
1.0049433738
1.0065980965
1.0110007899
1.0140066251
1.0056256378
0.9983149244
0.9986053338
0.9974696498
0.9897800516
0.9816621832
0.9811487110
0.9862117876
0.9845208255
0.9770296809
0.9782525185
0.9848889245
0.9965288810
0.9939985718
0.9891272750
0.9880703958
0.9894824114
0.9969753749
0.9977839981
0.9967410635
1.0002871122
0.9986062143
0.9999440926
1.0103690166
1.0151201605
1.0118709022
1.0096970436
1.0000079157
0.9850549917
0.9831494074
0.9899252813
0.9945085478
0.9867472035
0.9896283925
0.9835618610
0.9756252401
0.9748149342
0.9774436765
0.9972500672
1.0117261422
1.0120170352
1.0025596532
0.9963759803
0.9968059456
0.9935053779
0.9888978311
0.9943152700
1.0035629634
1.0052176292
1.0014837937
1.0203195454
1.0160883173
1.0032835323
0.9922735226
0.9828104606
0.9923320378
0.9915342913
0.9883457910
0.9891603397
0.9874430721
0.9867262709
0.9879554646
0.9888851677
0.9967004869
1.0094467316
1.0114179939
1.0039338969
1.0015342214
1.0012551185
1.0017426645
0.9996177874
1.0036849310
1.0037300558
0.9897025572
0.9764488681
0.9872067532
1.0082179671
1.0029667583
0.9951793536
0.9914718211
0.9873083615
0.9749430856
0.9711487263
0.9792804782
0.9886462193
0.9935601477
0.9971635734
1.0016285984
0.9994138545
1.0022244306
1.0076233696
1.0009881125
0.9917586098
0.9842744397
0.9889008190
0.9839107361
0.9786302675
0.9696067351
0.9643940969
0.9445949585
0.9334099139
0.9306323090
0.9341831449
0.9515774520
0.9775042674
0.9926826239
0.9937216111
0.9914732724
0.9853401383
0.9868861542
1.0021927189
1.0039479990
0.9917062688
0.9848879817
0.9911534309
1.0124147932
1.0187298527
1.0109475173
1.0016741777
0.9922152970
0.9876552772
0.9871338335
0.9892383903
0.9905764396
0.9923260454
0.9918790284
0.9931196010
1.0031147907
1.0032900826
0.9956650226
0.9975103943
1.0025839641
1.0036835474
0.9912863579
0.9924967662
1.0118244520
1.0218356840
1.0128928969
1.0001796238
0.9930160815
0.9776600573
0.9350116227
0.8951994527
0.8795785811
0.8822404278
0.9009306382
0.9280045876
0.9518725513
0.9794700331
1.0054584360
1.0226524615
1.0160670399
1.0034242534
1.0088935014
1.0035823535
0.9933152767
0.9956039799
1.0069788080
1.0068818682
0.9880803470
0.9790624713
0.9781718816
0.9834364705
0.9905014407
1.0000051118
1.0025520712
0.9925931735
0.9911894305
0.9988386697
0.9967850811
0.9997225028
0.9971960678
0.9970497315
1.0008007859
1.0036515408
1.0037932717
0.9866386898
0.9768078969
0.9679817608
0.9659947941
0.9750360371
0.9805779617
0.9727937866
0.9594236980
0.9510278589
0.9540751415
0.9681656025
0.9820143355
0.9903373035
1.0000158952
1.0010481306
1.0079998628
1.0021698640
0.9890140986
0.9920834790
1.0061239976
1.0121335624
1.0072731666
0.9938576316
0.9844100886
0.9789609886
0.9753818367
0.9755024590
0.9801585913
0.9853707275
0.9819538026
0.9711093717
0.9701604311
0.9796098973
0.9761356706
0.9663899134
0.9620951863
0.9571510690
0.9589208537
0.9666202960
0.9625045138
0.9573997266
0.9599936344
0.9677192734
0.9862716450
0.9993520622
0.9931695085
0.9818956261
0.9673771832
0.9472204432
0.9397485528
0.9507183729
0.9600805017
0.9652102967
0.9749593334
0.9779374713
0.9722361311
0.9791246525
0.9939011938
0.9915831020
0.9912637383
0.9801067819
0.9595694170
0.9409246385
0.9086310402
0.8783433912
0.8726767852
0.8699447524
0.8553006421
0.8164787867
0.7743643957
0.7550496490
0.7499353431
0.7628061273
0.7912397442
0.8193304957
0.8487235737
0.8484108466
0.8220055037
0.8386435938
0.8699685961
0.9089241591
0.9371583864
0.9534295896
0.9617286150
0.9769095474
0.9909730185
0.9889257086
0.9816572858
0.9850857410
0.9831596233
0.9605432434
0.9279134522
0.8920001853
0.8615140698
0.8513970253
0.8663664817
0.9017350446
0.9523778111
0.9804670121
0.9879965930
0.9736195851
0.9472920459
0.9259333360
0.9270163773
0.9418983494
0.9607149093
0.9757995509
0.9871487757
0.9897415151
0.9867475792
0.9840984407
0.9805442329
0.9813413796
0.9844674049
0.9790815658
0.9685354062
0.9635266092
0.9878311453
0.9882685718
1.0039890169
0.9922375541
0.9903200561
1.0056351803
1.0118678413
0.9982090046
0.9879767049
0.9886586187
0.9928329530
0.9929894778
0.9930558234
0.9936630538
0.9933080494
0.9979788824
0.9984897316
0.9957453031
1.0012594969
0.9914410937
0.9818128280
0.9905112940
0.9912059862
0.9889020561
0.9856609153
0.9784697710
0.9785055976
0.9728245335
0.9788317773
0.9837361273
0.9802072504
0.9760464861
0.9761158736
0.9882386395
1.0089141498
1.0133292539
1.0046402114
1.0102566312
1.0118864509
1.0054177309
1.0058214215
1.0053432036
1.0020886096
1.0024965163
1.0044133870
0.9958862853
0.9883772129
0.9914507176
0.9958663242
0.9795584879
0.9389402038
0.8966187457
0.8669830665
0.8499178556
0.8493961209
0.8649786213
0.8861211912
0.9130789840
0.9458005223
0.9716666571
0.9908984849
0.9955487176
0.9929936639
0.9860924527
0.9840557934
0.9814754983
0.9817597945
0.9777868175
0.9763674521
0.9928353384
1.0016305885
0.9955239769
0.9928993575
1.0001717054
1.0123387965
1.0194933281
1.0120071824
0.9992184843
0.9869992156
0.9886326305
1.0008498555
1.0137758618
1.0089443110
0.9934730895
0.9951926594
0.9962316182
0.9951449491
1.0035197339
1.0082860420
0.9951215410
0.9891580363
0.9928352732
0.9937347769
0.9915449370
0.9945463449
1.0051588356
1.0043710191
0.9949750519
1.0028864650
0.9953044944
0.9828030934
0.9837523095
0.9912475405
0.9978461655
0.9999297244
0.9940019836
0.9910958674
0.9768816269
0.9717275900
0.9845404000
0.9899508074
0.9842302878
0.9816867520
0.9696106534
0.9360983938
0.8848027442
0.8059018985
0.7268139675
0.6771151579
0.6658168780
0.7196136031
0.8201449194
0.9053430441
0.9579682238
0.9701769442
0.9796584425
0.9816598638
0.9865409836
0.9820264688
0.9770912478
0.9807585445
0.9731850655
0.9636948410
0.9702868256
0.9802743130
0.9861975947
0.9893860655
0.9839818769
0.9814889599
0.9792555019
0.9757438539
0.9738685764
0.9681455534
0.9566761750
0.9595912879
0.9679709016
0.9864283213
0.9833988880
0.9893372236
0.9913725861
0.9875556390
0.9879222859
0.9944048828
1.0011598150
1.0049313835
1.0070320875
1.0014697880
0.9855581935
0.9816148696
1.0027172889
1.0086750230
0.9986012987
1.0052665003
0.9885882339
0.9946366107
1.0012223794
1.0078046057
1.0033117041
0.9909521293
0.9891894996
0.9786870360
0.9591370308
0.9402410183
0.9287493143
0.9314538365
0.9441053486
0.9609082557
0.9789358018
0.9933896326
0.9973436465
0.9987044498
1.0090518652
1.0241752967
1.0124006515
1.0015555830
0.9908813231
0.9837843742
0.9804915753
0.9658084658
0.9654436357
0.9748264975
0.9750387667
0.9654557962
0.9502842327
0.9448361147
0.9613127794
0.9795884885
0.9937743498
1.0082420831
1.0159315013
1.0132191413
1.0135259856
1.0055051646
0.9836246532
0.9719474897
0.9794153555
0.9899504932
1.0008345114
1.0031359347
1.0079427246
1.0036947153
1.0000811825
0.9993662765
0.9931074649
0.9884135652
0.9919002197
0.9950914975
0.9936193248
1.0025870030
1.0095760306
1.0122172572
1.0145546461
1.0116539058
1.0156510917
1.0037621044
1.0052338425
0.9968888059
0.9903915872
0.9921783869
0.9993507720
0.9978462749
0.9934116292
0.9903084198
0.9884831191
0.9940148747
1.0038713772
1.0079889057
1.0078153535
1.0037620320
0.9971512547
0.9882915183
0.9697480294
0.9864666343
1.0029861130
1.0033528923
1.0011540025
0.9964915555
1.0028267378
0.9967743760
0.9869809715
0.9883148240
0.9925856787
0.9985263323
1.0018471586
0.9984095575
0.9975042276
0.9931969676
0.9773136402
0.9742855432
0.9819777385
0.9837576615
0.9968415662
0.9797227251
0.9679605278
0.9547675929
0.9759320887
0.9938455144
1.0004452091
1.0106914960
0.9995972791
0.9920396138
0.9933528632
0.9926898733
0.9923193936
0.9976358536
1.0068534616
1.0127117409
1.0074502672
0.9911846517
0.9922290602
0.9943044131
0.9931589342
0.9945774984
0.9900599353
0.9838759258
0.9691620097
0.9440520296
0.9389676954
0.9437335280
0.9439086224
0.9442824924
0.9618118736
0.9910840627
1.0016485305
0.9993394807
1.0021606150
0.9922366886
0.9844807946
0.9918738270
0.9850125370
0.9815310617
0.9858652432
1.0011405601
1.0093490015
1.0031582456
1.0043136907
1.0116378679
1.0054726479
0.9978935290
0.9985134948
0.9934936827
0.9900520155
0.9902507801
0.9826263295
0.9785408741
0.9892828740
0.9921698350
0.9838268351
0.9868504828
0.9783564604
0.9877661530
0.9972181704
1.0118167278
1.0215022620
1.0116082520
0.9926493602
1.0035900152
1.0199436918
1.0095938650
0.9992837860
1.0097595559
1.0084835558
0.9944729247
0.9861729275
0.9796824423
0.9750366039
0.9771314479
0.9767338791
0.9784193625
0.9835806319
0.9952382303
0.9939498750
0.9614056116
0.9681011379
0.9671441055
0.9775167991
0.9822243684
0.9799656214
0.9842842839
0.9935851750
0.9946796049
0.9845657176
0.9792211902
0.9858902747
0.9966676226
0.9991662076
0.9971665482
1.0072291204
1.0056185896
1.0005152452
1.0062281117
1.0036151779
1.0115248963
0.9994233693
0.9877926442
0.9927998325
0.9842992029
0.9874300336
1.0052841055
1.0140066989
1.0032682572
0.9979601918
0.9978965600
0.9901692200
0.9822505438
0.9861290353
1.0007835208
1.0122309385
1.0077676433
1.0049166626
1.0102724537
1.0099154051
1.0017067589
1.0021834609
1.0193261742
1.0121712625
0.9937694050
0.9764740672
0.9759706396
0.9804007718
0.9793137863
0.9795665816
0.9880101205
0.9959693450
1.0010031807
1.0050032331
1.0042702881
1.0041369906
1.0027627951
1.0066391517
1.0080515875
1.0134879960
1.0065865817
0.9988021381
0.9812584265
0.9790320807
0.9720241148
0.9540997797
0.9311483150
0.9167316147
0.9149658926
0.9189115415
0.9288933593
0.9456566849
0.9580126838
0.9641572831
0.9800336682
0.9976228516
0.9890124391
0.9802651296
0.9890587503
1.0017432810
0.9841629372
0.9813502812
0.9942215366
1.0007847744
1.0087828411
1.0177939040
1.0190681927
1.0018409882
0.9939718367
0.9947686267
0.9969331978
0.9991032770
1.0053774429
1.0148704447
1.0136677554
1.0007472140
0.9923297799
0.9911104100
0.9825078395
0.9641921919
0.9199974585
0.8601446991
0.8277655342
0.7782396978
0.7193643601
0.6750796238
0.6648129225
0.6951791059
0.7523435427
0.8343375210
0.9149247124
0.9578033022
0.9639579324
0.9667890405
0.9804959487
0.9912788038
0.9990711215
0.9963698699
0.9794772036
0.9788662073
0.9891631857
0.9987177368
0.9964077675
0.9938459853
0.9774657077
0.9853074764
0.9920815390
0.9886187531
0.9867224114
0.9864678097
0.9832537911
0.9754097119
0.9661896665
0.9564399250
0.9495981366
0.9502188232
0.9459829944
0.9479584325
0.9495163989
0.9395265215
0.9554339133
0.9792762082
0.9843544306
0.9778079913
0.9552030506
0.9640292747
0.9757707758
0.9883040571
0.9855231634
0.9761154208
0.9832528301
0.9884964907
0.9797261475
0.9810256926
0.9903412308
0.9870584886
0.9856516344
0.9762273435
0.9603221866
0.9607098401
0.9729012044
0.9778035564
0.9823288054
0.9796958344
0.9785095109
0.9833951223
0.9801294938
0.9809358251
0.9795157654
0.9739565393
0.9671756714
0.9602353016
0.9548540342
0.9494801529
0.9427563873
0.9422731178
0.9488863884
0.9522426553
0.9612944171
0.9647365592
0.9728235023
0.9791942568
1.0016357076
0.9965251360
0.9815698814
0.9830812968
0.9802294787
0.9732580626
0.9655224969
0.9596157845
0.9556973855
0.9634169989
0.9776412974
0.9833488922
0.9764797822
0.9651684731
0.9708629601
0.9821541615
0.9804114313
0.9941219441
0.9867354775
0.9845534991
0.9603879805
0.9543720542
0.9503154230
0.9666433066
0.9906547684
0.9902158349
0.9879032157
0.9930826621
1.0024324364
1.0088874167
0.9977867206
0.9800541476
0.9807890991
0.9875690571
0.9869498392
0.9947746587
0.9914241656
0.9829025013
0.9930658393
0.9877086863
0.9810280941
0.9763599110
0.9789695139
0.9857590590
0.9949083049
1.0045347809
1.0096350019
0.9977638568
0.9869251553
0.9902300211
0.9996325286
1.0036112085
0.9984913036
0.9915283891
0.9885405709
0.9847653286
0.9828705744
0.9840936014
1.0030757531
0.9851423203
0.9821498468
0.9799470774
0.9629437109
0.9574896442
0.9629529572
0.9644299089
0.9691237669
0.9664294999
0.9714868817
0.9783876820
0.9805853670
0.9839826796
0.9862507288
0.9878392208
0.9870475195
0.9790618409
0.9673155683
0.9656733576
0.9669449000
0.9764555947
0.9915462796
0.9918095147
0.9959580319
1.0026865717
1.0039894220
0.9973376056
0.9943133281
0.9963240549
0.9946805595
0.9925342737
0.9933967898
0.9944153829
0.9974387602
0.9962452395
0.9832143302
0.9813842262
0.9785538424
0.9915479861
1.0137363699
0.9985050589
0.9900996972
0.9976299940
0.9926152542
0.9924461893
1.0068118684
1.0085412532
1.0062713398
1.0069776555
1.0054168638
1.0077462855
1.0185952264
1.0259304959
1.0198656892
1.0041718712
0.9907619528
0.9963220667
1.0027537588
0.9861437007
