#flux
0.9990225042
0.9808850891
0.9715945977
0.9921448939
0.9880734084
0.9818496858
0.9855130007
0.9875420543
0.9899326675
1.0000612278
1.0060116237
0.9913748886
0.9655582797
0.9572290847
0.9747249489
0.9854867526
0.9848027756
0.9859720638
0.9895440601
0.9899061394
0.9818281982
1.0007313283
0.9875669995
0.9727347056
0.9652797076
0.9670755754
0.9749229617
0.9724668386
0.9628136210
0.9649135734
0.9708777607
0.9638560157
0.9639642965
0.9853592370
1.0003828607
1.0109246776
1.0133426974
0.9757465316
0.9516562873
0.9583260368
0.9413725147
0.9391288936
0.9527062809
0.9587740110
0.9520975051
0.9493191759
0.9646488580
0.9889596049
0.9984225282
0.9928221460
0.9831000358
0.9765693236
0.9930239363
1.0067712766
1.0212146192
1.0419098118
1.0446414913
1.0535850886
1.0249194311
0.9981475205
0.9782665591
0.9710665347
0.9733909855
0.9790710551
0.9817504948
0.9744477458
0.9574666973
0.9482675286
0.9430804791
0.9257847117
0.9081094462
0.9066278167
0.9240909364
0.9456769551
0.9598444996
0.9650943699
0.9585184736
0.9599672555
0.9540584540
0.9571286831
0.9554605962
0.9528443465
0.9600476887
0.9736702761
0.9774692909
0.9686395506
0.9669376406
0.9573927478
0.9249230014
0.8962749449
0.8828402915
0.8778292688
0.8873120766
0.9146799584
0.9351326448
0.9250540859
0.9388425977
0.9494333805
0.9548881181
0.9254530821
0.8986893466
0.9043635992
0.9229777961
0.9376828236
0.9583149543
0.9679907599
0.9564841157
0.9470643022
0.9505203300
0.9502663478
0.9420202615
0.9371636709
0.9336756199
0.9246067846
0.9184024194
0.9272393894
0.9240459651
0.9378826288
0.9502098014
0.9586430901
0.9673658293
0.9663715382
0.9621992920
0.9633455498
0.9579709083
0.9440300795
0.9353459838
0.9378791250
0.9332213200
0.9180546491
0.9266303211
0.9228114209
0.9127461518
0.9156113910
0.9174381453
0.9188646737
0.9535085365
0.9537689695
0.9487051400
0.9527571825
0.9369634131
0.9367607134
0.9487432064
0.9430783801
0.9317090930
0.9323468787
0.9376126716
0.9326437761
0.9219295011
0.9282620913
0.9363501773
0.9373128547
0.9388179770
0.9303170706
0.9108216067
0.9115595118
0.9114033468
0.8942283114
0.8693103090
0.8589315157
0.8502971981
0.8672510098
0.8919351927
0.8959062937
0.8912884454
0.8986878167
0.9121853275
0.9157929571
0.9083131734
0.9042555292
0.9075219553
0.9021012846
0.9004021732
0.8866155366
0.8611855143
0.8487506535
0.8552410955
0.8953552677
0.8700566374
0.8567081456
0.8544328412
0.8623598039
0.8646254961
0.8624628033
0.8663003058
0.8646369594
0.8522005875
0.8390408016
0.8270908611
0.8366548397
0.8432402851
0.8212810560
0.8108195753
0.8183358786
0.8111044838
0.7869344703
0.7713940400
0.7688262785
0.7590025071
0.7334939029
0.7024087965
0.6648085097
0.6126783078
0.5566322261
0.5054572851
0.4573005502
0.4175810098
0.3860566962
0.3569741973
0.3407932019
0.3104700032
0.2767728586
0.2545692631
0.2490400313
0.2482136652
0.2469191559
0.2548524897
0.2703447564
0.2820803859
0.3030089048
0.3308321786
0.3632958271
0.4119181631
0.4816590635
0.5575960812
0.6161701412
0.6534123293
0.6920520086
0.7292479665
0.7409095921
0.7450912847
0.7530088484
0.7531995604
0.7712024109
0.7955612559
0.7978942571
0.8134870382
0.8369075397
0.8483624449
0.8472089167
0.8425624010
0.8493888592
0.8510254555
0.8445014782
0.8554152825
0.8750404499
0.8827837907
0.8854376761
0.8683846580
0.8531268469
0.8683574523
0.8835305955
0.8711131076
0.9029578570
0.9102723218
0.8862481368
0.8911524108
0.8921557874
0.8900487422
0.8937432733
0.9002861449
0.9055849845
0.9071990911
0.9083824761
0.9135142805
0.9143360957
0.9080503183
0.9140390674
0.9222227314
0.9145128221
0.8964105826
0.9134138211
0.9387247497
0.9345950214
0.9394911369
0.9233321438
0.9297115949
0.9210871086
0.9305270910
0.9446518795
0.9505992225
0.9460783510
0.9296807283
0.9208991768
0.9326634765
0.9466408386
0.9476124008
0.9522923783
0.9471496852
0.9306165550
0.9350757270
0.9363880607
0.9491081712
0.9531466917
0.9416067854
0.9362473721
0.9502908471
0.9649040056
0.9647499478
0.9658524748
0.9610288299
0.9604462113
0.9702289984
0.9700333178
0.9743607578
0.9736775503
0.9626289788
0.9587713565
0.9719102073
0.9815685233
0.9757297941
0.9801952696
0.9591548450
0.9448219348
0.9460548267
0.9461682390
0.9319543708
0.9019392084
0.8589874238
0.8141572584
0.7899122092
0.7965112231
0.8211783693
0.8586845744
0.9078988639
0.9318742849
0.9342614160
0.9423665852
0.9329768017
0.9301136543
0.9574533732
0.9696007421
0.9463399702
0.9442451938
0.9525423822
0.9612011737
0.9610358219
0.9653387399
0.9756707636
0.9819472591
0.9791298298
0.9725077309
0.9689346326
0.9648491927
0.9611209381
0.9609271754
0.9431935498
0.9591746309
0.9743292448
0.9632056590
0.9599865461
0.9566067891
0.9741660021
0.9804318673
0.9679200844
0.9608747950
0.9580319544
0.9523159938
0.9591417129
0.9800619311
0.9862753970
0.9703176116
0.9600629217
0.9584929101
0.9463642370
0.9364275877
0.9418342929
0.9632515682
0.9825773820
0.9801388914
0.9834019965
0.9765843044
0.9713708319
0.9684528188
0.9667441557
0.9584600104
0.9418423504
0.9170859535
0.8912677768
0.8719133193
0.8627592702
0.8769472173
0.9193879509
0.9560019556
0.9732836254
1.0024404194
1.0069444268
1.0022125204
0.9847662134
0.9747364911
0.9661526981
0.9705460823
0.9878912821
1.0010572493
1.0029341351
0.9901769354
0.9816967682
0.9827507175
0.9763451526
0.9694080960
0.9664071476
0.9402305931
0.9032750407
0.8773717794
0.8896697348
0.9166732659
0.9274514933
0.9476205831
0.9574803515
0.9462359210
0.9509150192
0.9533678895
0.9553328685
0.9312086226
0.8982389309
0.8617744487
0.8292940171
0.8137819721
0.8222046947
0.8564696265
0.8993724256
0.9275360093
0.9557078092
0.9818155543
0.9972796146
1.0030358519
0.9975898550
0.9967372649
1.0105589481
1.0169509539
1.0030547340
0.9889008814
0.9943423500
1.0042777798
1.0003393198
0.9971240327
0.9863982371
0.9701027539
0.9726386905
0.9874549660
0.9966789706
0.9966094010
0.9821187224
0.9801783538
0.9787498391
0.9817354291
1.0054812591
1.0029725635
1.0052755284
1.0084481711
1.0257368888
1.0390140771
1.0413318600
1.0289858436
1.0187280414
1.0121495914
1.0046004680
1.0017674405
1.0038477909
1.0040617943
1.0036170459
1.0096283218
1.0164243014
1.0066895400
0.9915313522
1.0084498691
0.9948317445
0.9964939337
1.0166061135
1.0170655297
1.0020630588
0.9961587933
1.0031204177
1.0052801951
0.9951069548
0.9913545302
1.0027788266
1.0112774132
1.0030974700
0.9974182068
1.0156453221
1.0068707814
0.9919877305
0.9910439363
1.0038818947
1.0029394984
0.9896316366
0.9939625699
1.0005963137
0.9828943229
0.9894971287
0.9917959964
0.9937600199
0.9880021320
0.9866490712
0.9957746843
0.9971339639
0.9885140590
0.9869418720
0.9987763032
0.9987957359
0.9831840578
0.9726916444
0.9607568205
0.9551816205
0.9586302577
0.9753458741
0.9889681441
0.9973591121
0.9999392567
0.9916515367
0.9926269968
1.0032608365
1.0031082369
0.9894891517
0.9805435855
0.9773491898
0.9568232528
0.9221913149
0.9106542458
0.9118509519
0.9140089302
0.9361990536
0.9623516583
0.9843503726
1.0015229988
0.9875435522
0.9762454190
0.9752844126
0.9825847831
0.9906413523
0.9925434438
0.9975459363
0.9972488757
0.9836045501
0.9774566821
0.9927379560
1.0037094543
0.9948641580
1.0020317169
0.9977732240
0.9928261506
1.0009770615
1.0035917253
0.9886882740
0.9823332993
0.9933289949
0.9998825494
1.0000351225
0.9917937665
0.9811345260
0.9837741350
0.9913019982
0.9815676773
0.9749321329
0.9925938439
1.0008284824
0.9889939460
0.9911572401
1.0027840819
1.0106212790
1.0157083837
1.0044954323
0.9888222743
0.9992874956
0.9810929683
0.9873957562
0.9892364208
1.0107224425
1.0212937446
1.0095146014
0.9976887162
0.9923069204
0.9914381120
1.0007600729
1.0101150773
1.0043228474
1.0017253003
1.0093847504
0.9943623397
0.9887055660
1.0009335193
1.0066411586
1.0092136566
0.9934748999
0.9956074828
1.0040233924
1.0001062904
0.9861197212
0.9846153687
0.9832477001
0.9792693037
0.9827515845
0.9870106985
0.9929807236
1.0087300731
1.0134267940
1.0042904575
0.9908604533
0.9781608145
0.9842196740
0.9776398804
0.9276838351
0.9041535013
0.8812580505
0.8642238046
0.8746132190
0.9056272090
0.9425470804
0.9685126998
0.9772430107
0.9850825200
0.9946952290
0.9950573671
0.9865201506
0.9800710843
0.9934562647
0.9933016362
1.0030029591
1.0126226303
0.9855650720
0.9806536345
0.9906254275
1.0019336333
0.9970366709
0.9876555813
0.9871381726
0.9840928325
0.9837470667
0.9921200081
0.9857071055
0.9822432591
0.9940622834
0.9960408814
0.9965298729
0.9996000875
1.0023356502
0.9852849895
0.9845853725
0.9934917585
1.0132440012
0.9943249235
0.9732110230
0.9783398834
0.9827721446
0.9886516277
0.9968387882
0.9976881191
0.9871341523
0.9781833855
0.9851810883
0.9960459290
1.0010461595
1.0083445586
1.0078470385
1.0011288350
1.0048194428
1.0135775592
1.0099111074
1.0042602377
1.0044904761
0.9957516673
0.9844039158
0.9890189656
1.0044684041
1.0176614464
1.0081800164
1.0020520035
0.9930841993
0.9885095615
1.0037697564
1.0091816428
0.9886328093
0.9804616666
0.9892576821
0.9900305124
0.9894194675
0.9865412890
0.9969689801
1.0185437111
1.0126981107
0.9890001405
0.9819234580
0.9918427115
1.0076108117
1.0007956694
0.9785585079
0.9682759572
0.9661491355
0.9783908720
0.9990796579
1.0003841848
0.9904866177
0.9871908544
0.9845072204
0.9867167279
0.9846455770
0.9933682049
1.0011461831
0.9942271486
0.9994951776
0.9900283389
0.9760533200
0.9846685072
0.9850786539
0.9700739110
0.9695798003
0.9669795147
0.9527775903
0.9414248652
0.9363036071
0.9162960691
0.8581285351
0.7891680364
0.7363183411
0.6973286168
0.6962142381
0.7654823561
0.8556915947
0.9050712816
0.9435505741
0.9760059707
0.9899042134
1.0059549581
1.0053770439
0.9911125372
0.9750501294
0.9511773804
0.9075128169
0.8407097931
0.7767004438
0.7546291249
0.7692654137
0.8000139410
0.8484830451
0.9196830579
0.9640772411
0.9735769316
0.9855035014
0.9975375927
1.0030122432
1.0112376515
1.0200607399
1.0171439021
1.0245202503
1.0067589735
0.9889034622
0.9930635294
0.9960736435
0.9880334399
0.9835356064
0.9906632595
0.9905496156
0.9824399564
0.9888814058
0.9973381798
1.0009023329
1.0017600171
1.0126436646
1.0282056521
1.0198728799
0.9964383945
0.9848439173
0.9728697188
0.9724252001
0.9913140971
0.9974916032
0.9955203479
1.0053754657
1.0173989948
1.0210967676
1.0021702114
0.9923749002
1.0031202393
1.0008459854
1.0080023132
1.0092818430
1.0058564571
0.9971689409
0.9726054133
0.9744891782
0.9971097752
1.0004691496
1.0004959892
1.0052376352
1.0088802756
1.0172651124
1.0241046465
1.0107678967
0.9744266135
0.9285608290
0.9045861154
0.9094412275
0.8889173018
0.8875559024
0.9191486479
0.9547120971
0.9911602057
1.0075128066
0.9924916542
0.9832400262
0.9869052563
0.9919548787
1.0061007018
1.0172927478
1.0028041365
0.9812551137
0.9760327987
0.9681171563
0.9486556174
0.9459747512
0.9626096896
0.9750071491
0.9734852790
0.9929570812
0.9600862542
0.9460472048
0.9556023518
0.9506002158
0.9527531752
0.9611575657
0.9821191179
0.9884177130
0.9886308303
0.9961537834
1.0030933627
0.9998072873
0.9956199417
1.0035337477
1.0095096825
1.0016233760
0.9977676048
0.9948799149
0.9971457129
0.9876016981
0.9959504211
0.9983024813
1.0037551740
1.0050353283
0.9985175526
0.9993764388
1.0003832325
0.9956782276
0.9922439470
1.0076434994
1.0272369090
1.0240042332
1.0053112375
0.9921860210
0.9945883496
0.9960306681
0.9961297684
1.0043362153
1.0026743648
0.9912303743
0.9903332273
0.9951344557
0.9980546105
0.9966795851
0.9997071020
0.9894202670
0.9745485641
0.9728730873
0.9884959335
1.0073458689
1.0009427930
0.9825724840
0.9907516005
1.0000480894
1.0033538323
1.0028615903
1.0123546511
1.0044615728
1.0044308086
1.0196857322
1.0130656929
0.9967240945
0.9835041375
0.9818077005
0.9950955178
1.0123961053
1.0105595798
0.9995656738
1.0009633371
1.0020933882
0.9970470363
0.9967116472
0.9898201386
0.9923636341
1.0052942511
1.0063725948
0.9953496950
1.0177926368
1.0001592899
0.9953551530
0.9979233936
1.0111537699
1.0121659945
1.0221840288
1.0209433261
1.0207560513
1.0229019052
1.0172802660
1.0086070525
1.0027613538
0.9937056219
0.9742175368
0.9476303857
0.9288978751
0.9045893767
0.8807294729
0.9039080209
0.9466413394
0.9617639895
0.9761834275
0.9944856326
1.0167301733
1.0143282655
1.0064602371
0.9922950666
0.9811657819
0.9798308506
0.9830486425
0.9856056617
0.9883751246
0.9934478733
0.9959126051
0.9868293218
0.9744216393
0.9857142153
0.9899883054
0.9801672062
0.9860592177
0.9877018952
0.9844638044
0.9785602781
0.9833325901
0.9846247341
0.9827270704
0.9908993618
1.0082789254
1.0184154562
1.0099987514
0.9966675117
0.9973339915
1.0002041669
0.9899877887
0.9900681820
0.9975594769
0.9828276932
0.9890483481
0.9965372461
0.9700018183
0.9644367851
0.9918860608
1.0097180399
1.0175002610
1.0048386480
1.0165846601
1.0158113907
1.0066643034
1.0013179717
0.9872611797
0.9788342916
0.9792184550
0.9669039968
0.9570569303
0.9487180882
0.9630580327
0.9822208263
0.9947271732
1.0022957710
0.9944720728
0.9855895415
0.9903660213
0.9942701735
0.9850431765
0.9828539356
0.9886916645
0.9923257083
0.9852638451
0.9617927638
0.9314240011
0.8979688078
0.8466851933
0.8034294175
0.8130763168
0.8660091838
0.9269730671
0.9545078591
0.9644404391
0.9860039613
0.9734527628
0.9585390167
0.9632431261
0.9535202291
0.9661699153
0.9960620305
1.0140148092
1.0133884976
1.0104054759
1.0074063651
1.0046176864
1.0150472556
1.0221730757
1.0155627577
1.0215135895
1.0132400840
1.0008407845
1.0234749939
1.0176929200
1.0191590579
1.0044503810
0.9905850414
0.9923470295
0.9911392960
0.9852481449
0.9745787645
0.9673495346
0.9770872748
1.0044034670
1.0266465100
1.0246276280
1.0119095105
1.0047438945
1.0045560179
1.0210570205
1.0204947189
0.9985961952
0.9869107400
0.9771609692
0.9925034603
1.0068512027
1.0033437883
0.9999826203
0.9947227344
0.9816332347
0.9814995994
0.9957991030
1.0077968373
1.0020111754
0.9822813514
0.9798562707
0.9957173089
0.9933285080
1.0003002764
0.9971915244
1.0081148230
0.9990966803
1.0132751338
1.0197881917
1.0258346053
1.0129890264
0.9961233490
0.9949069102
0.9899292567
0.9847977225
0.9788305699
0.9736851438
0.9618840274
0.9462316939
0.9476200461
0.9603571498
0.9802891994
0.9728367370
0.9654783206
0.9746051177
0.9853648688
0.9941459548
1.0019837366
1.0052875942
0.9980148284
0.9875147743
0.9826252070
0.9856451217
0.9876545505
0.9935021582
1.0030774251
1.0020885133
0.9933256942
0.9887810926
0.9863837332
0.9937109272
1.0044544516
1.0010679017
0.9864364688
1.0063697095
1.0155451420
1.0070556850
0.9986558591
0.9835402340
0.9808403887
0.9852666840
0.9994382340
0.9931751633
0.9911914611
0.9917796728
0.9914293721
0.9919564635
0.9812901494
0.9687919793
0.9660793904
0.9667474015
0.9867110289
1.0109808442
0.9977011997
0.9926894664
0.9840279535
1.0066829976
1.0008633973
1.0018467079
0.9994323756
0.9855060309
0.9835642067
0.9871516312
0.9959857711
1.0026612704
0.9973365270
0.9841408507
0.9810583375
0.9951213073
1.0037070306
1.0244330257
1.0153731390
1.0155905928
1.0222131616
0.9962428669
0.9977534954
1.0113716885
1.0080806061
1.0053214606
1.0013813569
1.0146033394
1.0202827304
1.0017080527
0.9902286014
1.0026755122
1.0095350693
1.0019106599
1.0038148934
1.0088544084
1.0120907524
1.0126465735
1.0102392220
0.9922445290
0.9864937715
1.0023248840
1.0023274011
0.9875137756
0.9966375042
1.0014459052
0.9905134721
0.9926615388
1.0038702154
1.0020890102
0.9956918048
0.9943771328
0.9951512869
1.0008955146
1.0026439441
0.9931355693
0.9968676463
0.9924758129
0.9787647533
0.9929374461
1.0130590095
1.0161125284
1.0094448083
1.0075745247
1.0138636847
1.0172805449
1.0061672182
1.0099928171
1.0120144590
0.9978856088
0.9900360776
1.0019908057
1.0180950949
1.0166841525
1.0039175774
1.0152639042
1.0165226139
1.0121260584
0.9940918242
0.9979013229
1.0057484551
0.9986515658
0.9889537764
0.9913143721
1.0026173911
1.0008691279
0.9943533879
0.9969996191
1.0074035180
1.0121689072
1.0080369248
1.0042874876
1.0040205968
0.9965113637
0.9822676326
1.0031275658
1.0073674014
0.9967126897
1.0076756840
0.9899445111
0.9952096829
1.0119409403
0.9893224533
0.9892306172
0.9840018106
0.9877865145
1.0015479135
0.9979133790
0.9900335658
0.9951536861
0.9928083047
0.9793933446
0.9799215766
0.9893069046
0.9953271441
0.9949653675
1.0094797504
0.9937612855
0.9810233252
0.9821435929
0.9820765534
0.9902252589
0.9907574619
0.9990090142
0.9957751808
0.9914377253
0.9823868071
0.9873357168
0.9951767325
0.9928745559
1.0002276210
1.0109758978
0.9986130162
0.9701956013
0.9787476819
1.0046945315
1.0111663036
1.0074360642
0.9819258461
0.9917376147
0.9819297857
0.9806107851
0.9689962486
0.9548139507
0.9391584394
0.9328870168
0.9416886537
0.9649197355
0.9854654074
0.9965738474
1.0031898892
0.9994954814
1.0009434032
0.9985993388
1.0049955537
1.0145480682
1.0118054846
0.9991381190
1.0048336338
1.0230059336
1.0239370221
1.0096175562
0.9946742881
1.0070644464
1.0086062705
0.9939779771
0.9924546197
0.9894369223
0.9838853508
0.9949997642
1.0049484895
1.0145763152
1.0188619817
1.0106652961
1.0012659813
0.9994919161
1.0029545969
1.0163297954
1.0252379327
1.0174789856
1.0085741437
1.0008920659
0.9930839149
0.9848904178
0.9731118689
0.9545493036
0.9363435297
0.9295936733
0.9332174529
0.9436527390
0.9662465302
0.9888342167
0.9907801191
0.9947360261
0.9940075998
1.0085194675
1.0208679827
1.0062663898
1.0106929013
1.0205218437
1.0179404526
1.0238881883
1.0190426115
1.0059585989
1.0047729788
1.0080342797
1.0062115375
1.0009985123
0.9918045302
0.9875442113
0.9970226800
1.0069449196
1.0207422583
1.0236776715
1.0120368043
1.0013463697
1.0106658140
1.0344654037
1.0205588865
0.9981220111
0.9983521108
0.9913524519
1.0042202085
1.0177944413
1.0083517372
0.9932502443
0.9829580709
0.9702544989
0.9636074389
0.9716204482
0.9848843465
0.9988968422
1.0056167573
0.9965053739
0.9919389367
0.9875078824
0.9888789622
0.9936612192
1.0148849062
1.0257030841
0.9984918694
0.9837323761
0.9941347851
0.9997692976
0.9916159951
0.9908007750
0.9982336403
0.9965788988
0.9920220637
0.9995985375
1.0197865942
1.0039375417
0.9879937001
0.9744968571
0.9850679576
0.9856658802
0.9892442732
0.9878809557
0.9967516105
0.9984960215
1.0006701520
0.9984379248
0.9983354957
1.0044862296
1.0088557647
1.0015391179
0.9869324473
0.9709220970
0.9508069847
0.9511658794
0.9737469081
0.9993690241
0.9900438903
0.9699312265
0.9818602961
0.9921295590
1.0103478772
1.0229639674
1.0179580823
1.0065031562
0.9984945383
0.9791070368
0.9592810051
0.9472769468
0.9347612619
0.9229685607
0.9195020806
0.9154368419
0.8942070876
0.8629163595
0.8351985296
0.8390035216
0.8642050064
0.8971875359
0.9113932873
0.9038540104
0.9086537758
0.9213637717
0.9306900237
0.9415673521
0.9715941694
0.9915821441
0.9986226061
0.9942811807
0.9807663487
0.9758364335
0.9850215063
1.0006397885
0.9943639307
0.9837828168
0.9809923541
0.9621442606
0.9399364364
0.9368893846
0.9411798809
0.9514863936
0.9642865337
0.9801804917
0.9768680460
0.9707573196
0.9749084749
0.9669443049
0.9639689913
0.9682037363
0.9652125663
0.9793227549
1.0017874025
1.0002875103
1.0055510960
1.0238269148
1.0160011670
1.0007717731
0.9833498537
0.9749505152
0.9849814392
1.0012061369
1.0033219773
1.0024871802
0.9955493308
1.0009170482
1.0109319478
1.0121099951
1.0164027131
1.0165100697
1.0047355859
1.0100369887
1.0143731825
0.9825691569
0.9787021974
1.0065857013
1.0206686545
1.0225550912
1.0150465909
1.0091315405
0.9880842975
0.9847088554
0.9914850344
0.9951092914
1.0048574719
1.0019793444
0.9921166430
0.9939446194
0.9961803159
0.9890167059
0.9857368353
0.9879293475
0.9912592244
0.9936454834
0.9896224001
0.9957042191
0.9950434234
0.9941572262
0.9954214775
1.0123714584
1.0233149594
1.0038085410
0.9963855326
0.9971347295
1.0018663441
0.9939139209
0.9932635863
1.0041201350
0.9982984322
0.9899578627
1.0004416819
0.9906772182
0.9590488147
0.9435739446
0.9298240690
0.9309229162
0.9381692073
0.9484248066
0.9456937511
0.9660153478
0.9805322264
0.9822690223
0.9935819382
0.9961335673
0.9988702646
1.0018193221
0.9927365941
0.9867808221
1.0018472908
1.0182593013
1.0140224021
1.0027971058
0.9974810727
1.0129183142
1.0137048648
1.0184633372
1.0372381696
1.0176843601
1.0054029947
1.0096579832
1.0033716601
1.0046401908
1.0051722465
0.9989095213
0.9965229098
0.9980168938
1.0072319878
1.0199212110
1.0139230909
0.9954078070
0.9890416256
0.9874522533
0.9823625848
0.9930376039
1.0036073710
1.0003482814
1.0004593945
0.9951767115
0.9951242058
0.9917690935
0.9910353432
1.0062698311
1.0075286045
0.9999453693
0.9991907322
0.9972705357
0.9990197634
0.9982329418
0.9855827941
0.9988694964
1.0059800544
1.0016167700
1.0015483594
1.0032089958
0.9902365361
0.9885266066
0.9971798620
0.9698494141
0.9136291137
0.8532242947
0.7849585194
0.7555130756
0.7726348911
0.8132386214
0.8611424145
0.9087702627
0.9528035649
0.9853370092
0.9938088262
0.9903925658
0.9993779258
1.0129958944
1.0042297399
1.0005308543
0.9946314715
1.0040857401
0.9970935490
1.0117438019
1.0102982096
0.9940149677
1.0062587854
1.0054233499
0.9940755722
0.9824787049
0.9747280462
0.9687807468
0.9617444905
0.9718780930
0.9940659678
1.0087891593
1.0170179937
1.0122825955
1.0036758687
1.0064360466
1.0099063871
1.0117612008
1.0092405823
1.0053420032
1.0044996598
1.0133093728
1.0176091381
1.0145454584
1.0109786620
1.0116920289
1.0099265048
1.0010064915
0.9951541534
0.9993646599
1.0049546835
0.9924084539
0.9764881740
1.0077485500
1.0046081110
0.9909255363
0.9683374414
0.9722180048
0.9701629787
0.9666893947
0.9894601175
0.9904621194
0.9772192247
0.9927520385
1.0047017617
1.0095610999
1.0230761629
1.0208937977
1.0196150104
1.0359218769
1.0341721679
1.0016326264
0.9930720649
0.9887581668
1.0000590869
0.9957714395
0.9897743193
0.9920333999
0.9820027075
0.9889957379
0.9994372487
1.0002537336
1.0055948166
1.0153842823
1.0128021640
1.0028001072
1.0034988839
1.0045970608
0.9903699346
0.9926397558
1.0225705810
0.9954045972
1.0077638123
1.0031803190
0.9963313290
1.0079163687
1.0000903844
0.9890776651
1.0089654087
1.0206453265
1.0146675777
1.0016050556
1.0055472285
1.0144555414
1.0067280693
0.9969242659
1.0022108373
1.0071592397
1.0013953039
1.0072687920
1.0085808101
1.0047287711
1.0062072288
1.0021206972
0.9819979666
0.9800985461
0.9962711824
0.9832363169
0.9824772753
0.9985847898
0.9971640727
0.9903064370
0.9917475511
0.9972683237
0.9978772762
0.9950478006
0.9974803226
0.9949889377
0.9864854374
0.9843663704
0.9869411248
0.9859745578
0.9653112667
1.0040787463
0.9830389757
0.9941488055
0.9923074975
0.9981557951
0.9993373674
0.9993070693
1.0008314507
1.0160553453
1.0144251758
0.9951408543
0.9861072096
0.9847171737
0.9996770192
1.0146677827
0.9977226766
0.9841399614
0.9906752342
0.9925993801
0.9893853761
1.0141006136
1.0068199521
1.0072888976
1.0056527677
1.0134146690
1.0123361165
1.0033950990
0.9988933460
1.0042237554
1.0009643594
0.9953716300
0.9999805515
0.9937224488
0.9912607473
1.0021259328
1.0129824484
1.0083523449
1.0031993818
0.9984202361
0.9733310291
0.9689589710
0.9721249351
0.9974122640
1.0055816650
0.9952232644
0.9951261240
1.0019702453
1.0023676474
1.0045116985
1.0058787894
1.0009133860
1.0050770697
1.0123454676
0.9996119553
0.9874038339
1.0074629116
1.0153641923
1.0128136040
1.0109657277
0.9897462568
0.9873326228
0.9919466960
1.0013063527
1.0188626795
1.0165793330
0.9967038445
0.9973220039
1.0126432950
1.0161014646
1.0112507065
1.0082255837
1.0011752330
0.9961361343
1.0119131752
1.0126558416
1.0089086746
1.0031732652
0.9976815788
0.9754683590
0.9892565447
0.9897483085
1.0175603413
1.0321735993
1.0171596431
0.9892212421
0.9948803334
1.0198930677
1.0305951316
1.0188464417
0.9975938085
0.9895038076
0.9929780545
0.9951778516
1.0012197188
0.9984806224
0.9998753414
1.0151490525
0.9897194092
0.9977573895
1.0085538136
1.0035122294
0.9952819629
0.9995787238
0.9971988509
1.0048333511
1.0105597405
1.0004432832
0.9958725891
1.0062476471
1.0133681614
1.0075561635
0.9956449530
1.0060148129
1.0070198652
0.9962929183
0.9877813129
1.0199325121
1.0046820890
0.9983680492
0.9957833038
0.9844510016
0.9975272648
1.0067851992
1.0100434600
1.0079047530
0.9940266617
0.9820823395
0.9822507152
0.9827082153
0.9886958865
1.0128949652
1.0231113063
1.0192671398
1.0072083674
0.9959398093
1.0009074947
0.9881996544
0.9981455271
1.0175491935
1.0069479152
1.0121448435
1.0055082875
0.9818617698
0.9899345644
0.9969905612
0.9903478385
0.9972355836
1.0012118187
0.9938435023
1.0028087612
1.0049321098
1.0004084336
1.0079213823
1.0008433316
0.9863039633
1.0068616415
1.0073863073
1.0023844218
0.9884760323
0.9785573640
0.9739732212
0.9585851882
0.9723381026
0.9777618167
0.9723387597
0.9703346966
0.9609701564
0.9611604072
0.9802051740
0.9909224312
1.0059493254
1.0082079477
1.0068066515
0.9912492669
0.9695573258
0.9713956668
1.0311689215
1.0626131010
1.0435757644
1.0092093384
0.9932292587
0.9972167977
0.9961958858
0.9901618762
1.0040467587
1.0197174451
1.0095314707
0.9969561996
0.9944341715
0.9833489390
0.9765472424
0.9916494100
0.9920440440
0.9929278043
0.9502196123
0.9145075129
0.8982139122
0.8516296396
0.7916316723
0.7748825230
0.7672848773
0.7856042119
0.8308164072
0.8916175969
0.9493398967
0.9857826206
0.9873061999
0.9703937129
0.9959845969
1.0196294360
1.0126909814
1.0149145208
0.9785797229
0.9935306982
1.0073386612
0.9866995557
0.9849195221
1.0027700376
1.0108155586
1.0004295985
0.9981964834
0.9909015129
0.9930384393
0.9955210358
0.9844141250
0.9874929197
1.0013155377
0.9915173133
0.9794626230
0.9751897372
0.9711288169
0.9560061221
0.9332292386
0.9547129285
0.9529432789
0.9800404505
1.0000178449
0.9784134032
0.9774089459
0.9948498175
0.9967792343
1.0024257385
1.0014425652
0.9959568564
1.0099314621
1.0175879485
0.9993677747
0.9878318693
0.9901251346
0.9984887577
0.9986361026
0.9912925172
0.9828360311
1.0051183424
1.0088349008
1.0089295911
1.0026311259
0.9932251610
0.9925748380
0.9951384462
0.9903946250
0.9808640565
0.9839059115
0.9995678831
0.9969612938
0.9726539463
0.9659586520
0.9782451111
1.0099907395
0.9836549994
0.9775449799
0.9816474188
0.9916090818
0.9948265177
0.9911291003
0.9933235259
0.9979896888
0.9920282363
0.9857050507
0.9804938180
0.9758854289
0.9711387190
0.9750472175
0.9843541943
0.9866390310
0.9911606733
0.9935346274
0.9911276866
0.9851582329
0.9915490243
0.9985853171
1.0067875569
0.9909764863
0.9856396755
1.0031611842
1.0165449569
1.0126432923
0.9877264004
0.9722682100
0.9808703924
0.9849837908
0.9904311420
0.9909422155
0.9767498110
0.9871906072
1.0002139891
0.9944898220
0.9903189716
0.9980905312
1.0014357322
0.9961716931
0.9938679764
0.9871392073
0.9829053195
0.9861506527
0.9989152378
1.0026888016
0.9996278673
1.0073304305
1.0035226950
0.9900649389
0.9893782559
0.9924140228
0.9869205130
0.9834270188
0.9828910538
0.9750842982
0.9769315671
0.9968623699
0.9868351001
0.9720537046
1.0137420450
1.0122197711
0.9974641966
1.0006965542
0.9882903518
0.9767299418
0.9891769573
0.9932409780
0.9918700830
0.9906830822
0.9892002633
0.9903310347
0.9788430456
0.9765311011
0.9874952823
0.9993128121
0.9944109351
0.9877572594
0.9714835916
0.9710173195
0.9897381094
1.0089807254
0.9964852865
0.9982956525
1.0098991149
1.0035709805
1.0049058146
1.0130336426
1.0130471575
1.0103243358
1.0103998506
1.0114360463
1.0111217816
1.0104507787
1.0122128509
0.9834449714
0.9795556093
0.9933318193
0.9928986588
1.0081009827
0.9984381307
0.9921397065
0.9986006661
0.9955338993
0.9942052062
0.9852184627
0.9882954063
0.9959231215
0.9983622018
0.9997856476
0.9942364260
0.9900116044
0.9991434024
1.0176093481
0.9920879304
0.9763440724
0.9806564841
0.9779438716
0.9763590879
0.9876852971
1.0019844172
0.9970294234
1.0087978620
