#flux
0.9737089210
0.9694892284
0.9738997145
0.9720643723
0.9642946227
0.9667730140
0.9674673494
0.9623320599
0.9602824959
0.9577787747
0.9592436459
0.9645918372
0.9658852776
0.9680524829
0.9640376400
0.9642861770
0.9727298616
0.9689771310
0.9577289068
0.9527242933
0.9561401868
0.9621272906
0.9647887904
0.9572917391
0.9624762300
0.9876136666
0.9994010380
0.9955202093
0.9819438942
0.9703638924
0.9619546526
0.9505590401
0.9447813918
0.9486520331
0.9566841026
0.9651554616
0.9583790416
0.9425100953
0.9299606448
0.9319958775
0.9471992217
0.9575804915
0.9616445519
0.9701289032
0.9807187548
0.9876269816
0.9871119747
0.9752421481
0.9647940965
0.9685718474
0.9772590084
0.9738545001
0.9625686957
0.9277387301
0.9030264549
0.9122797622
0.9374141310
0.9433587546
0.9423329669
0.9510186169
0.9550701251
0.9506172561
0.9423185435
0.9442103842
0.9452256181
0.9440652926
0.9533093168
0.9575713050
0.9399142720
0.9208882501
0.9216586713
0.9220333884
0.9216747628
0.9283582351
0.9318457980
0.9339602327
0.9257322959
0.9236756116
0.9273163768
0.9301488865
0.9356576223
0.9279136162
0.9216383888
0.9266929835
0.9263777045
0.9149059126
0.9039046796
0.8965958736
0.8849670277
0.8660936518
0.8485890577
0.8418772797
0.8434374446
0.8503029195
0.8606245539
0.8974319877
0.9121642726
0.9054398440
0.8975905425
0.8972045264
0.9058039449
0.9131767287
0.9126920485
0.9106018184
0.9187999578
0.9143797508
0.9006853033
0.9009264632
0.9057100825
0.8996800004
0.8949592099
0.9036569729
0.9039166956
0.8895469741
0.8903841667
0.8965116699
0.9099379640
0.9212555299
0.9226939960
0.9190570612
0.9200941820
0.9243935475
0.9082403456
0.8948765353
0.8914345250
0.8962462893
0.9000372274
0.9038309956
0.9052576809
0.8951044065
0.8902840128
0.9023963975
0.9028230751
0.9013882149
0.9020940445
0.8996737125
0.8987310942
0.8946823334
0.8829940919
0.8705078565
0.8606299472
0.8544709188
0.8626005511
0.8678344014
0.8643685038
0.8669699988
0.8757790593
0.8769286329
0.8682626620
0.8577014735
0.8494890039
0.8475798155
0.8531516961
0.8555796669
0.8548498283
0.8557567825
0.8474741467
0.8378777942
0.8124147101
0.8037242802
0.7964855794
0.7838138040
0.7994584280
0.8110480089
0.8131113650
0.8093345645
0.8123467685
0.8220580222
0.8309035402
0.8348952230
0.8328761018
0.8245040113
0.8097868338
0.7922813078
0.7795912146
0.7714846631
0.7627120043
0.7684339741
0.7659401657
0.7651734733
0.7718855147
0.7714857529
0.7618651279
0.7552643261
0.7568032517
0.7638975197
0.7588354958
0.7453081795
0.7397867363
0.7328189097
0.7143061890
0.6982584372
0.7027425283
0.7256288908
0.7316019961
0.7031217555
0.6923919450
0.6759439387
0.6679074599
0.6399622086
0.6052053200
0.5584063902
0.5106111276
0.4737175208
0.4421618839
0.4017114706
0.3507607735
0.3104249525
0.2759389581
0.2476136020
0.2272306987
0.2130253669
0.2043642910
0.1976458845
0.1936307719
0.1910138321
0.1868924423
0.1907623129
0.2154941788
0.2500914960
0.2932185021
0.3291793887
0.3633041846
0.4022089350
0.4378661858
0.4822709552
0.5342988978
0.5725491499
0.6041896633
0.6296466426
0.6454222182
0.6611953772
0.6848813632
0.7097721701
0.7194303538
0.7087180531
0.7025636128
0.7090824541
0.7223256751
0.7450535891
0.7548561071
0.7432359586
0.7342441211
0.7547457237
0.7689071733
0.7682193216
0.7655311568
0.7691014043
0.7796354024
0.7907576916
0.7939495628
0.7931573204
0.7992161737
0.8020787811
0.8014210891
0.8143504660
0.8213936916
0.8224883832
0.8260470440
0.8318031777
0.8357278818
0.8369119378
0.8368981850
0.8392818382
0.8395107307
0.8349329384
0.8462041411
0.8409434980
0.8358805252
0.8362289510
0.8434984464
0.8530099944
0.8509573352
0.8431427655
0.8508199472
0.8666195758
0.8700829087
0.8718671354
0.8706258485
0.8643093801
0.8667206120
0.8683393904
0.8662167416
0.8669268249
0.8720680625
0.8764568502
0.8784427930
0.8792307241
0.8689517163
0.8785784929
0.8841541460
0.8898187746
0.8995602625
0.9064519500
0.9096109396
0.9125228489
0.9195378667
0.9246840557
0.9133035816
0.8949416489
0.8896322759
0.8911128507
0.8989915923
0.9143780899
0.9050501870
0.8972062593
0.8986113168
0.9046665333
0.9138190009
0.9196134652
0.9196287088
0.9120170237
0.9089514219
0.9130738831
0.9112996969
0.8919400279
0.8637722519
0.8439839153
0.8296060344
0.8131831095
0.7960908888
0.7935529293
0.8171625602
0.8304004816
0.8454823615
0.8769118359
0.8988208623
0.8917420488
0.9062407871
0.9212111064
0.9282824045
0.9382556268
0.9485504580
0.9480759640
0.9359009124
0.9251158597
0.9261090066
0.9347044050
0.9437884656
0.9486001577
0.9420218546
0.9386722591
0.9343408787
0.9251274485
0.9207442715
0.9201566043
0.9161155475
0.9196672983
0.9159172203
0.9203368388
0.9430861792
0.9589439388
0.9769243355
0.9830881403
0.9738980012
0.9595813434
0.9464238610
0.9400373336
0.9406072121
0.9390917050
0.9399509258
0.9553441144
0.9587163656
0.9599812270
0.9459736440
0.9372611040
0.9366682845
0.9375404049
0.9429449904
0.9458910095
0.9518158057
0.9613341502
0.9533403984
0.9520684121
0.9543916951
0.9552905873
0.9571805449
0.9477630905
0.9266548552
0.9129017651
0.9115513326
0.9189597735
0.9242614105
0.9252278600
0.9253669329
0.9274833439
0.9476632146
0.9493336297
0.9396019389
0.9383024748
0.9572168364
0.9564447487
0.9583438388
0.9577638177
0.9563374996
0.9653077785
0.9791114041
0.9862524183
0.9855353909
0.9731219291
0.9495078790
0.9334189289
0.9288138472
0.9274691347
0.9230118497
0.9165655142
0.9242600499
0.9319916788
0.9481433992
0.9672092225
0.9683808076
0.9607654788
0.9505724799
0.9301151473
0.9131486500
0.8890769248
0.8639978479
0.8584672874
0.8680000520
0.8830590208
0.9050015873
0.9267465430
0.9432600326
0.9570789173
0.9621222270
0.9615123046
0.9808064725
0.9790384182
0.9660507927
0.9698700533
0.9678023915
0.9586887263
0.9493027175
0.9618961095
0.9692089409
0.9675438596
0.9753521648
0.9865485347
0.9824870365
0.9700424235
0.9715458758
0.9811128055
0.9812572616
0.9833224947
0.9853301148
0.9816272985
0.9676881466
0.9694142134
0.9646258619
0.9632714526
0.9661941236
0.9624622953
0.9643454152
0.9719133878
0.9756684774
0.9755341741
0.9765399349
0.9781245005
0.9774390108
0.9812373978
0.9879382663
0.9864142606
0.9792949141
0.9744041257
0.9698694954
0.9711501207
0.9724813452
0.9626876280
0.9681739337
0.9664132185
0.9591441839
0.9502609471
0.9560296088
0.9697547685
0.9843470240
0.9790396891
0.9824272601
0.9952615330
0.9969095500
0.9861380438
0.9747837837
0.9688603504
0.9678435555
0.9668887634
0.9629970795
0.9626151356
0.9684771578
0.9834109848
0.9893011799
0.9725018813
0.9711989393
0.9620066902
0.9689481010
0.9801610472
0.9894147174
1.0024857307
1.0009540939
0.9896160176
0.9788283808
0.9771838613
0.9774191003
0.9754883673
0.9701137406
0.9619006426
0.9579873088
0.9611898680
0.9745563598
0.9793642431
0.9718044586
0.9690724494
0.9779959606
0.9855268718
0.9793116579
0.9681041918
0.9736768505
0.9656661779
0.9670068014
0.9855129343
0.9870109261
0.9741105265
0.9591876897
0.9492217274
0.9490137402
0.9597771988
0.9749331511
0.9815006824
0.9752688566
0.9664459052
0.9643885274
0.9717146400
0.9830197937
0.9849677176
0.9774557459
0.9842912558
1.0009322171
1.0005415297
0.9935740180
0.9912174066
0.9879981035
0.9852472582
0.9831290697
0.9769830067
0.9733325756
0.9795008665
0.9839902308
0.9796088701
0.9813161186
0.9907902163
0.9934337627
0.9944026091
0.9933883372
0.9891932726
0.9898920546
0.9846400440
0.9845430382
0.9930662746
0.9952779748
0.9902114351
0.9829803679
0.9691381822
0.9586858646
0.9509700811
0.9540547593
0.9590943536
0.9572282585
0.9593558476
0.9757431456
0.9959065966
0.9953236717
0.9908214879
0.9879829249
0.9853949389
0.9902460046
0.9956863935
0.9918722444
0.9948650239
1.0098409940
1.0149102359
0.9945903891
0.9840213769
0.9919228332
1.0093647540
1.0098921435
1.0014041005
0.9941714236
0.9861422563
0.9847955669
0.9907875798
0.9886125067
0.9761355084
0.9769684713
1.0046727500
1.0280069349
1.0152925503
1.0054013052
1.0099888668
0.9942496949
0.9806344723
0.9829583140
0.9914064588
0.9873696615
0.9680682330
0.9531497006
0.9471484374
0.9365271855
0.9242317171
0.9287193807
0.9501117505
0.9681793656
0.9731197604
0.9722419447
0.9700251724
0.9696865470
0.9722059314
0.9850095178
0.9942902698
0.9883813247
0.9895100694
0.9948199795
1.0013270079
0.9993018400
0.9885288919
0.9762057356
0.9609588163
0.9489743565
0.9448477529
0.9377414981
0.9272299484
0.9291639428
0.9417336386
0.9508824790
0.9585878625
0.9631352974
0.9690870705
0.9739137314
0.9715488237
0.9831955789
0.9816281491
0.9963151472
1.0126217774
1.0087050064
0.9949127484
0.9914775113
0.9961096360
0.9992119414
1.0018526135
0.9994362290
0.9892446809
0.9801406726
0.9800804287
0.9899967460
1.0004684116
0.9957579489
0.9911798709
1.0042899357
1.0141134450
0.9966207081
0.9932332202
0.9838631489
0.9870053588
1.0061089280
1.0178607625
1.0101761821
0.9973057432
0.9931746974
0.9904254374
0.9888575303
0.9855611427
0.9906484889
1.0064377225
1.0083089372
0.9946385929
0.9851091462
0.9896148980
0.9924907418
0.9971772111
0.9969184229
0.9885352670
0.9857685278
0.9976842171
1.0074089288
1.0019536475
0.9906713080
0.9879949212
0.9896351353
0.9837415746
0.9780918984
0.9776443893
0.9777957495
0.9700955720
0.9616357948
0.9695132824
0.9866217439
0.9987741608
1.0007202848
1.0067635055
0.9969394284
0.9923364989
0.9946476067
0.9997766765
1.0077405303
1.0000037003
0.9838678764
0.9764374800
0.9728575933
0.9743492409
0.9733767271
0.9698482513
0.9587311321
0.9389903667
0.9236309875
0.9071522726
0.8712009398
0.8273478683
0.7882364571
0.7656160533
0.7713319351
0.8051746876
0.8485936445
0.8779952673
0.9167307503
0.9499763229
0.9629933419
0.9678331250
0.9739995068
0.9795420059
0.9686172525
0.9372972199
0.8961431329
0.8626530098
0.8413528540
0.8307394226
0.8329869875
0.8488980291
0.8779951635
0.9063815444
0.9361580641
0.9578193117
0.9712046267
0.9765791276
0.9898952335
1.0028871404
1.0053622299
1.0014084126
0.9967953534
0.9912111438
0.9867117534
0.9839326138
0.9831509514
0.9905924520
0.9918278129
0.9854530271
0.9888032723
1.0016041012
1.0088775418
0.9961503543
0.9741326556
0.9564627117
0.9676289762
0.9943773971
1.0046766530
0.9974467992
0.9800666553
0.9781542420
0.9837436502
0.9902453586
0.9924600877
0.9943816718
0.9975803040
0.9983081374
1.0013628171
1.0043175385
1.0000188181
0.9935686884
0.9908540409
0.9906717081
0.9967985404
0.9984554728
0.9781016955
0.9858484707
1.0014473378
1.0116236764
0.9989527338
1.0067337930
1.0167750939
1.0189472548
1.0182886553
1.0065806536
0.9876954153
0.9617003393
0.9441154897
0.9338005609
0.9185867857
0.9109901373
0.9216197851
0.9359543048
0.9495341215
0.9674599381
0.9890124121
0.9953482699
0.9842936158
0.9706162527
0.9690812486
0.9921821804
0.9987733433
0.9946812959
0.9946954209
0.9825371877
0.9543287498
0.9389186584
0.9468427191
0.9580933215
0.9534245805
0.9539710754
0.9723652110
0.9852963810
0.9858393012
0.9843075313
0.9845106574
0.9889611924
0.9950418931
0.9979344759
0.9946475878
0.9920059067
0.9942258545
0.9930789640
0.9974241655
1.0046141497
0.9977607194
0.9978573033
0.9936894765
1.0007469658
1.0026653336
0.9965664652
0.9955172413
1.0026196816
1.0123648963
1.0124978764
1.0031363126
0.9847871403
0.9848350345
0.9989967633
1.0071082154
0.9905653570
0.9821143902
0.9919888863
0.9926584040
0.9871637104
0.9860672785
0.9922131172
0.9938957509
0.9968291421
1.0029318592
1.0034183457
1.0063191129
1.0144951302
1.0235594852
1.0231558267
1.0047880754
1.0033763666
1.0085772285
1.0029317540
0.9898840911
0.9944975087
0.9791135801
0.9868521386
0.9791947456
0.9976566882
1.0098429536
0.9967723735
0.9828474064
0.9815908709
0.9954795415
1.0073050371
1.0073833115
1.0023787540
1.0007665017
1.0052726868
1.0083728778
1.0048267683
1.0069306301
1.0080270610
1.0141244854
1.0186613498
1.0123581536
1.0053129927
1.0159432120
1.0195076049
1.0149867702
1.0115215105
1.0082909391
1.0114029382
1.0013446514
0.9945010765
0.9983150610
1.0047177672
1.0090167728
1.0081996960
0.9974721796
0.9881102641
0.9965314028
0.9988307441
0.9886256804
0.9859367643
0.9814265724
0.9662335954
0.9510021074
0.9418457126
0.9232646975
0.8993829442
0.8950292224
0.9097463790
0.9361231332
0.9648449145
0.9776516436
0.9779056585
0.9864572134
0.9952357252
0.9958887295
0.9986400178
0.9980914619
0.9918169209
0.9878866620
0.9958094664
0.9927093308
0.9820534084
0.9876552788
0.9857341805
0.9947548161
0.9959199065
0.9912502842
1.0022433965
1.0009103613
0.9949352474
0.9920749678
0.9927935883
1.0064531561
1.0160985561
1.0120169972
1.0029427887
0.9897196618
0.9827052169
0.9907119711
0.9998543997
0.9986089258
0.9939679854
0.9886619205
0.9768133559
0.9714483673
0.9710433251
0.9734568585
0.9877645695
0.9877445921
0.9866352718
0.9954452234
0.9965143651
0.9876127110
0.9784667138
0.9794877389
0.9900044356
0.9984316970
0.9975811540
0.9901524609
0.9805450083
0.9697101876
0.9805806011
0.9814073174
0.9799940066
0.9886623478
0.9762911508
0.9744683783
0.9689015192
0.9871461875
1.0009162645
0.9926236913
0.9831298625
0.9802526971
0.9815103513
0.9819283586
0.9718123665
0.9552393341
0.9406716437
0.9229307100
0.9023240785
0.8817816503
0.8653967102
0.8693758430
0.8917074899
0.9098481131
0.9295920608
0.9477752159
0.9545707600
0.9674163027
0.9759942014
0.9755254274
0.9744452905
0.9808952802
0.9903487730
1.0021207003
1.0133553469
1.0165908258
1.0066579702
0.9960066915
1.0000387861
1.0030535038
0.9985045101
1.0103427121
1.0295178436
1.0189104164
0.9956851949
1.0097365128
1.0054953934
1.0009006667
0.9920594806
0.9918469106
0.9954485700
0.9925059145
1.0000230774
1.0052795501
0.9982122724
0.9840119506
0.9826327905
0.9884207485
0.9809611213
0.9789759827
0.9903267234
0.9922099088
0.9867236161
0.9888936658
0.9868790187
0.9913104112
0.9903652634
0.9822952116
0.9910428328
0.9914112674
0.9930338842
1.0126117156
1.0205894295
1.0075174186
0.9967986273
1.0028001323
1.0091557386
1.0085433684
1.0097183221
1.0064882345
0.9975096765
0.9993975056
0.9998605943
0.9972954118
1.0011948301
0.9954300712
0.9897861146
0.9950098768
0.9870753620
0.9839448473
0.9872793943
0.9943668811
0.9912504259
0.9910757965
0.9798606943
0.9726526178
0.9823887932
0.9946367528
0.9981670681
0.9985116098
0.9960847564
0.9884993517
0.9901067596
0.9969994527
0.9990171483
0.9910026089
0.9846633388
0.9995136173
1.0048529735
1.0010374755
0.9980041756
1.0030670592
1.0114645845
1.0080457284
1.0036017152
1.0103224534
1.0072853200
1.0047118516
1.0089994158
1.0012899021
0.9827443717
0.9713906590
0.9781741752
1.0014553171
1.0096043939
1.0043291132
1.0051342952
1.0020341495
1.0017779534
1.0023604315
1.0094941728
1.0069079428
1.0065603886
1.0031841867
1.0028755320
1.0082123604
1.0197391199
1.0194695336
1.0067399496
0.9988057074
0.9951411873
0.9891668188
0.9887220738
0.9937191172
1.0001269036
1.0138164173
1.0238417454
1.0007128894
0.9971559805
1.0122714013
1.0042288154
0.9992375307
0.9962350100
0.9900387458
0.9929149329
0.9983376129
1.0001463291
1.0031808027
1.0070771754
1.0014283040
0.9935508111
0.9941737686
0.9961659785
0.9928793908
0.9852160642
0.9884440008
1.0012763262
1.0017153363
0.9986238948
0.9984687568
0.9958549854
1.0072524652
1.0073131668
0.9897149536
0.9844304989
0.9945574267
1.0063688028
0.9984039652
0.9810666917
0.9860987278
1.0084528423
1.0164654140
1.0075422716
1.0053733332
1.0171515602
1.0267672207
1.0196386600
1.0121941745
1.0162365766
1.0223440321
1.0185287982
1.0070391417
0.9995704609
0.9950969174
1.0057567381
1.0032565306
0.9988716100
1.0019486620
1.0063679207
1.0066981489
1.0039907869
1.0045522329
1.0050122415
1.0017622347
1.0037072351
1.0110160547
1.0119729798
0.9989981838
0.9933525647
0.9907748355
0.9933645451
1.0005918507
1.0014403334
0.9968695312
0.9869216754
0.9962735394
0.9975049150
1.0051417208
1.0140118159
1.0079939837
0.9966714005
0.9863767237
0.9827689693
0.9903141142
0.9958485600
1.0008331325
1.0165648709
1.0121901918
1.0095371487
1.0008773198
0.9898322428
0.9856905354
0.9862930216
0.9911804789
0.9923011057
0.9979928795
1.0016521097
0.9995582278
0.9972775355
1.0014402875
1.0135823451
1.0166407834
1.0102193218
1.0092941603
1.0107225662
1.0028195206
0.9944443664
0.9938804239
0.9838221338
0.9769737125
0.9877618661
1.0029958163
1.0093684210
1.0045076036
1.0020793339
0.9983070611
1.0043344840
1.0097189105
0.9996725651
0.9883505208
0.9893744418
0.9994076794
1.0089776298
1.0104964669
1.0034678372
0.9968204941
0.9981996747
1.0041433822
1.0074417440
1.0055045725
1.0017387961
0.9895817149
0.9906696738
1.0042800494
0.9992903467
1.0035630282
1.0022251846
0.9970988494
0.9998145584
0.9980241015
0.9859958432
0.9849197591
0.9971217160
1.0056433555
0.9993982140
0.9870829275
0.9872257055
1.0006174687
1.0089768531
1.0057545178
0.9979129975
1.0000308828
0.9988501740
0.9995569476
0.9989703568
0.9978377722
0.9985512145
1.0008701886
1.0065954959
0.9984610245
0.9852632684
0.9875171528
0.9975260455
0.9983718920
0.9896812894
0.9842903217
0.9874741142
0.9933726382
0.9966315963
0.9950530814
0.9930415955
1.0005741436
1.0055020615
1.0026819284
0.9971466005
1.0007548597
1.0074512874
1.0112506227
1.0068246723
1.0057561989
0.9990256020
0.9891718755
0.9895579972
0.9839950788
0.9721859536
0.9620281922
0.9581338428
0.9592707664
0.9629326791
0.9745990577
0.9892627418
0.9922021806
0.9919922220
0.9927369766
1.0037303872
1.0002148040
1.0016841517
1.0100755783
1.0127759948
1.0067434864
1.0070229654
1.0167164071
1.0113737925
1.0060452604
1.0033339083
0.9892667047
0.9772239897
0.9793793603
0.9880804941
0.9926968122
0.9907184230
0.9952443965
1.0018281735
1.0123828973
1.0111901371
1.0205767202
1.0065400036
0.9828483225
0.9881177861
0.9968489265
0.9910889105
0.9710188423
0.9796120347
0.9964598807
0.9999143969
0.9994211825
0.9958326360
0.9910819037
0.9899704128
0.9914866902
0.9962231176
1.0018694682
1.0039811405
1.0054761626
1.0004278214
0.9964278053
1.0032264017
1.0109598796
1.0043507305
0.9985280931
0.9995278631
1.0020150150
0.9979535203
0.9912337017
0.9954232417
0.9937992626
0.9898964582
0.9923011388
0.9958862530
1.0008654431
1.0028406953
0.9940009098
0.9866027742
0.9807724926
0.9738150687
0.9723803740
0.9759233869
0.9850957416
0.9834242839
0.9843797892
0.9737006194
0.9824560362
0.9821582440
0.9873280879
0.9961814221
0.9966079561
0.9916290712
0.9860030627
0.9830309770
0.9858581635
0.9929712401
0.9968648706
0.9942942609
0.9919990486
0.9899648637
0.9846367713
0.9935585315
0.9967704617
0.9959922110
1.0004267551
0.9933426273
0.9913271223
0.9824769687
0.9652930785
0.9490304753
0.9385197332
0.9263470507
0.9032904174
0.8853860343
0.8771905280
0.8702364127
0.8738982339
0.8845634158
0.8836306929
0.8852789870
0.8912176900
0.9156946683
0.9172722216
0.9277174934
0.9597942533
0.9502910951
0.9579688995
0.9799364955
0.9911016586
0.9998753967
0.9977885566
0.9915500526
0.9867183210
0.9998626966
1.0071418870
0.9960212015
0.9801723504
0.9673487455
0.9617437551
0.9661986374
0.9746687671
0.9765906184
0.9757191832
0.9826017430
0.9885667297
0.9848692863
0.9762640190
0.9757804855
0.9747248121
0.9763398624
0.9780411461
0.9754658317
0.9796614132
0.9841509088
0.9855464186
0.9960877980
1.0075420604
1.0055249431
1.0029031778
1.0026478817
0.9929210538
0.9943691366
0.9941031942
0.9993741127
1.0000870984
0.9957180766
0.9898489539
0.9933901950
1.0041444582
1.0078581909
1.0049023466
0.9946785532
0.9957085080
0.9945529100
0.9966710311
1.0019111872
0.9989398079
0.9921710336
0.9937459400
1.0028426502
1.0093116935
1.0085167659
1.0088298988
1.0111177796
1.0129640545
1.0153212673
1.0015924398
0.9949515871
1.0086722309
1.0003681663
0.9970827825
0.9933831861
0.9936823727
0.9908133268
0.9926713862
0.9936162064
0.9982618239
0.9973711299
0.9960507727
1.0040413222
1.0082691279
1.0019517801
0.9966391738
1.0082691564
1.0157066939
1.0100941271
1.0125135485
0.9919878413
0.9934557851
0.9909987714
0.9921530183
0.9859224028
0.9763464284
0.9555234702
0.9449149802
0.9435415097
0.9564614145
0.9751335091
0.9785343544
0.9720720434
0.9808473693
0.9992780209
1.0041806119
1.0038412370
1.0020602902
1.0007224276
0.9985484313
0.9909343473
1.0053680634
1.0055944948
1.0034728915
1.0104112148
1.0080293167
1.0062052538
1.0080134196
1.0141528089
1.0166994030
1.0085962033
1.0034796579
1.0082802028
1.0182483407
1.0235262643
1.0135413949
1.0017425155
1.0070725529
1.0065764882
0.9988776932
1.0021990477
0.9915906839
0.9954608704
0.9964808028
1.0059354137
1.0045494605
1.0112583793
1.0087808074
1.0043487372
1.0037361166
0.9996771229
1.0064362077
1.0088114814
1.0098641433
1.0165671799
1.0126830615
1.0005052581
0.9901300622
0.9867419389
1.0014973330
1.0140433833
1.0088721735
0.9862038991
0.9793370147
0.9915073159
1.0048716218
1.0008331903
0.9875729841
0.9608534206
0.9346741103
0.8951967150
0.8547782423
0.8283029887
0.8150536072
0.8147539637
0.8397033307
0.8829328315
0.9146450104
0.9353571816
0.9583506560
0.9752526801
0.9919128015
0.9919046149
1.0050956752
1.0073536637
0.9986277344
0.9892117321
0.9739550261
0.9766012882
1.0012570744
1.0134711104
1.0106744223
1.0000806495
0.9980326705
0.9951335295
0.9875229463
0.9812667716
0.9806851485
0.9872528534
0.9841500643
0.9884684573
0.9915236866
0.9991602422
0.9951391982
0.9999455487
1.0149356617
1.0237941830
1.0107987383
1.0070647791
1.0070031005
1.0055712518
1.0076344645
1.0076207094
0.9982999166
0.9914427185
0.9934856749
0.9914830275
0.9885877512
0.9986941295
1.0061455633
1.0008062114
1.0043610349
1.0091570650
0.9960624182
0.9981026542
1.0094588114
1.0067701329
0.9975432470
1.0026642573
0.9871021778
0.9846985717
0.9862827646
0.9828785720
0.9805104821
0.9888686463
0.9958980466
0.9980991362
1.0008406205
1.0027850043
0.9970465068
0.9845278704
0.9906298020
1.0087552890
1.0133922338
1.0046011262
1.0043260624
0.9900456291
0.9959514698
1.0125592637
1.0160780538
1.0132059051
1.0050172586
0.9980531858
0.9960442102
0.9953763445
0.9988794040
1.0131812008
1.0153673621
1.0043110438
1.0003728798
0.9998720816
1.0092029975
1.0255469805
1.0331861411
1.0291419499
1.0185074371
1.0115483726
1.0179567957
1.0077724494
0.9957878616
1.0123880395
1.0411385368
1.0288465973
1.0130448827
1.0099869656
1.0145987465
1.0076843932
1.0045145138
1.0153570844
1.0156503675
1.0038205848
1.0078449915
1.0197640933
1.0113372735
0.9974339854
0.9959697630
0.9940071493
0.9999784697
1.0008302009
1.0051376063
1.0111496090
1.0116218722
1.0129984727
1.0018877598
1.0005848597
1.0031687384
1.0015430699
0.9945985632
0.9962560271
0.9986945007
0.9966378577
1.0004807472
1.0001720052
1.0018912322
1.0127065041
1.0131598507
1.0240219413
1.0130426673
1.0337430815
1.0225005375
1.0087115616
0.9958991364
1.0093195662
1.0060025920
1.0010553280
1.0069526551
1.0149913291
1.0166094236
1.0100886396
1.0170305843
1.0251924060
1.0127377309
1.0003258061
1.0017400927
1.0136133185
1.0161912926
1.0010398621
0.9935173506
1.0022629408
1.0067841292
1.0056834987
1.0141283791
1.0285385287
1.0227631004
1.0094518348
1.0075130326
0.9986844902
0.9994666670
1.0026803235
0.9947942549
0.9880458382
0.9825405064
0.9739111956
0.9738107123
0.9773012058
0.9791222493
0.9801885488
0.9864779530
0.9973067339
1.0096252898
0.9948331478
1.0038386513
1.0050614264
1.0066108892
1.0065735303
1.0021675620
1.0087503665
1.0181644287
1.0216063989
1.0077662950
1.0066485411
1.0203797105
1.0213079865
1.0076392868
0.9939546450
0.9936180006
0.9984971686
1.0034799349
0.9966039634
0.9856914912
0.9794646782
0.9846529858
0.9800099880
0.9829119761
0.9971871309
1.0130187161
1.0132763603
0.9981344694
0.9998602782
1.0073654143
1.0013421467
0.9985062729
1.0121688804
1.0218108509
1.0106445179
1.0023419091
1.0204881831
1.0277956747
1.0000620625
0.9924882282
0.9933414326
0.9941809456
1.0036113725
1.0043282338
0.9959775982
0.9897151038
0.9903918731
0.9806370780
0.9964111643
1.0009501970
0.9905077320
0.9844711482
0.9889132792
0.9983543794
0.9982403980
0.9907389071
0.9953741486
1.0014345681
1.0006797145
1.0002023379
0.9997317122
0.9913587373
0.9869833656
0.9930518217
0.9908524247
0.9903048528
0.9906438503
0.9968566272
0.9985346777
0.9981245349
1.0038631661
1.0083083688
1.0028102488
0.9921768795
0.9923283014
1.0015710655
1.0019295289
0.9978499019
1.0003031651
1.0000818280
1.0011109666
1.0075908138
0.9998743032
1.0058881444
0.9937447814
0.9847383185
0.9931044143
0.9959332243
0.9930033629
0.9908725692
0.9861110162
0.9888948690
0.9960290321
1.0004313766
1.0062673484
1.0118873350
1.0162381624
1.0189338462
1.0074516302
0.9966943072
1.0006971160
1.0016995380
0.9898293769
0.9907077524
0.9901800891
1.0025946947
0.9954391066
0.9969069842
1.0046187665
1.0012606964
0.9994274235
0.9964077772
0.9916388499
0.9779558263
0.9679402661
0.9680117315
0.9735810987
0.9835279856
0.9852932625
0.9780612068
0.9853556121
0.9885569842
0.9851009931
0.9981858715
0.9921907153
0.9874014466
0.9835757926
1.0003587689
1.0050962241
0.9975013519
0.9975184042
0.9976531391
1.0047092017
1.0029563654
0.9956523382
0.9957126771
0.9981214758
0.9983477483
0.9968151253
0.9923280095
0.9901161881
0.9835845499
0.9911522824
1.0013103720
0.9943777845
0.9792011592
0.9624579274
0.9471985213
0.9172825313
0.8810427545
0.8419004816
0.8154197774
0.8074842707
0.8048483813
0.8250216092
0.8541956104
0.8861115933
0.9227290269
0.9513022645
0.9702787907
0.9828360048
0.9865209739
0.9920064117
0.9910635563
0.9938105326
0.9919210612
1.0013287423
1.0025082820
0.9954114151
1.0070638986
1.0046655192
0.9948177663
1.0015326179
0.9887580552
0.9901468041
1.0071976645
1.0134321640
0.9968288764
0.9849264913
0.9933088244
0.9888647857
0.9687519071
0.9671023871
0.9742000246
0.9805119609
0.9800106034
0.9864522540
0.9852612431
0.9887643468
0.9893372721
0.9921719194
0.9884762648
0.9957252928
1.0026185511
1.0045586780
1.0105497339
0.9982700513
0.9906517916
0.9847604425
0.9777400496
0.9889257123
0.9996804667
1.0072816582
1.0175051493
1.0262255172
1.0115090274
0.9913106554
0.9953045266
1.0108060898
1.0123288025
1.0018559575
0.9958092467
0.9925269648
0.9968408600
0.9952248357
0.9897590164
0.9883273276
0.9839269037
0.9782373774
0.9719822036
0.9759953205
0.9866755855
0.9875677054
0.9984741434
0.9923603910
0.9844706903
0.9856214024
1.0000535484
0.9979445867
1.0058631858
0.9986279378
0.9877122546
0.9760603738
0.9819070895
0.9795611095
0.9751336732
0.9725942350
0.9735367432
0.9893556717
1.0022755843
0.9983503122
0.9911575114
0.9873471384
0.9832885413
0.9863713823
1.0039264634
0.9995249156
0.9824633959
0.9805738446
0.9901867066
0.9993233269
0.9969806463
0.9810738810
0.9882914412
0.9917138113
0.9913757088
0.9980834978
1.0044890292
1.0015224204
0.9975473413
0.9991795936
0.9892869606
0.9787329669
0.9907041179
0.9953998912
0.9881999527
0.9945684720
1.0125179359
1.0175553021
1.0012376335
1.0025377570
0.9972322901
0.9884961303
0.9959762478
1.0017662330
0.9965788247
0.9983231638
1.0036766845
1.0026067099
0.9997976986
0.9984224496
0.9975472608
1.0007837054
1.0082738569
1.0107341466
1.0073434201
1.0069653213
0.9978431394
0.9891842145
0.9936575219
0.9890764933
0.9861755041
0.9774795821
0.9755090434
0.9814233371
0.9912343061
0.9856037247
0.9868647651
0.9832499851
0.9773900790
0.9850194685
1.0037567041
1.0164196845
1.0132871244
1.0045164203
1.0051136838
1.0084166733
1.0004421735
0.9938113007
1.0066850422
1.0068512480
1.0112512647
0.9983476659
0.9909714534
0.9907005658
0.9844462180
1.0084735455
1.0223389480
1.0075247783
0.9980859238
0.9942225541
0.9896852633
0.9884512073
0.9986059618
1.0070476075
0.9990951988
0.9881141856
0.9826118441
0.9920169744
0.9979561954
0.9976942286
0.9971921969
0.9864098037
0.9762224203
0.9964008598
1.0051509789
1.0076429550
1.0129792587
1.0172623319
1.0132940165
1.0106556888
1.0137228231
1.0169149788
1.0170299400
1.0154184443
1.0134786841
1.0090470633
