#flux
0.9872071638
0.9931180306
0.9929464914
0.9850330744
0.9787125708
0.9832054882
0.9944074960
0.9758047817
0.9534826339
0.9689059019
0.9956284377
0.9967018524
0.9868627078
0.9884624654
0.9979837683
0.9971354372
0.9805220068
0.9667868863
0.9716691573
0.9553902147
0.9713042858
1.0080698032
1.0018578279
0.9691962806
0.9608764324
0.9711875511
0.9740721893
0.9588503833
0.9474761733
0.9484320298
0.9418978292
0.9387321700
0.9660414740
0.9895939737
0.9650310032
0.9241705443
0.9325918311
0.9586096962
0.9896376913
0.9524611713
0.9571030458
0.9697787208
0.9449294375
0.9056188366
0.8930582162
0.8971342122
0.9113841822
0.9428397748
0.9963855145
1.0169400455
0.9903320432
0.9662522913
0.9554317145
0.9449730987
0.9343122049
0.9292967714
0.9497005733
0.9788324676
0.9639330131
0.9784601766
0.9848106474
0.9875010495
0.9989926650
0.9919551847
0.9621833376
0.9705252702
0.9650564061
0.9339476816
0.9187825941
0.9228969442
0.9207792435
0.9083200511
0.9025320484
0.9194426502
0.9534918951
0.9776141421
0.9752462476
0.9357181395
0.8993733684
0.9259220101
0.9424533227
0.9342314235
0.9413144161
0.9557646107
0.9373332756
0.9485246448
0.9570942518
0.9299332618
0.8790015208
0.8337084670
0.8121672015
0.8110898927
0.8210398401
0.8410097257
0.8608922735
0.8644875136
0.9050195102
0.9244293177
0.9126890579
0.8950515280
0.9203792486
0.9225354151
0.8896129546
0.8887443625
0.8977619720
0.9355199814
0.9287181287
0.9154409360
0.9247173209
0.9375403491
0.9388332188
0.9259370883
0.9095407526
0.9010955804
0.9151735799
0.9522404952
0.9338701584
0.9324238657
0.9284091242
0.9312535808
0.9481868928
0.9505950068
0.9357058707
0.9303880234
0.9369476141
0.9364313534
0.9359215146
0.9294414209
0.9050035670
0.8881336331
0.8905886232
0.8944955120
0.8987295721
0.8970473223
0.8797388885
0.8705977554
0.8755116331
0.8642866681
0.8977934002
0.8918445535
0.8886403953
0.9008920449
0.9017480074
0.8906943032
0.8827918313
0.8657300819
0.8769505653
0.8830853017
0.8841391620
0.8771000858
0.8651062203
0.8679499715
0.8674173154
0.8637033469
0.8649700527
0.8556077407
0.8353960209
0.8233591003
0.8091815474
0.7798383900
0.7680427636
0.7721882700
0.8013905345
0.8384106915
0.8537944661
0.8434366856
0.8261814001
0.8284854814
0.8442173144
0.8297822219
0.7932397993
0.7778526688
0.7758462641
0.7695789133
0.7537839121
0.7341297986
0.7271188795
0.7472811381
0.7675089450
0.7644982871
0.7771038705
0.8001079963
0.8078702986
0.8006070482
0.8054011428
0.7970206297
0.7516595050
0.7414725796
0.7511223507
0.7421936512
0.7359811024
0.7315500782
0.7139995897
0.7034607614
0.6941989417
0.6645973925
0.6391489227
0.6487554321
0.6468886741
0.6082557400
0.6049700946
0.5829113100
0.5474673548
0.5125938896
0.4708754550
0.4152787821
0.3583291647
0.3133823580
0.2793969047
0.2572754119
0.2379071310
0.2082265235
0.1856707447
0.1803139100
0.1683391244
0.1763513607
0.1739633647
0.1831336704
0.2168241393
0.2445777163
0.2918432620
0.3377908623
0.3800797497
0.4230524029
0.4795857960
0.5401526865
0.5996977463
0.6274832610
0.6252134530
0.6334164288
0.6611745437
0.6922211321
0.7217122679
0.7364944823
0.7428936033
0.7491297621
0.7401844873
0.7285795025
0.7311759468
0.7536963381
0.7669849823
0.7541036548
0.7561367792
0.7976204148
0.8050950318
0.8107930300
0.7992593523
0.7940012119
0.7936554250
0.7954626163
0.8097097774
0.8177964177
0.8144461859
0.8168291049
0.8209800615
0.8183891627
0.8113818564
0.8138892031
0.8082503664
0.8379912352
0.8435786901
0.8441514485
0.8510998052
0.8490759198
0.8439053604
0.8554832373
0.8645328733
0.8495256519
0.8360059208
0.8330067472
0.8347705622
0.8347082491
0.8200714984
0.8263402711
0.8554866089
0.8898573423
0.9154931030
0.8994897363
0.8660656981
0.8445544821
0.8709891983
0.8917583207
0.8720784541
0.8834617040
0.8982383157
0.8929661162
0.8861839863
0.8876216762
0.8921697327
0.9019415593
0.9120217008
0.9069655436
0.8884703388
0.8760354216
0.8866194932
0.8990949408
0.8892000819
0.9058085383
0.9153113372
0.8938225572
0.9321734767
0.9465595286
0.9378654693
0.9165896537
0.9025145212
0.9021030276
0.9087145556
0.9030724302
0.9031125793
0.9214221750
0.9322716121
0.9283521004
0.9264099768
0.9217213547
0.9243663293
0.9469983288
0.9104051311
0.8638506916
0.8140697605
0.7282820617
0.7025672335
0.7371513013
0.7754720200
0.8175172039
0.8691946600
0.8803631676
0.9028825824
0.9214526899
0.9206042850
0.9113500514
0.9177336508
0.9421531306
0.9319225736
0.9093889758
0.9077704295
0.9250265198
0.9471618011
0.9616150146
0.9741450490
0.9741541018
0.9611371599
0.9671480112
0.9426128120
0.9216378190
0.9082083698
0.9068044269
0.9216608469
0.9374610749
0.9433625850
0.9467133785
0.9335368589
0.9168317491
0.9484172083
0.9823799499
0.9868177019
0.9578606299
0.9266318545
0.9242258990
0.9382418334
0.9286072396
0.9092178340
0.9173340917
0.9444677695
0.9834616692
0.9699265596
0.9671456016
0.9898346100
0.9915502897
0.9807981559
0.9754731023
0.9724760366
0.9780710985
0.9837523666
0.9864501190
0.9827212915
0.9513417012
0.9379160758
0.9375719726
0.9053616724
0.8655676505
0.8926091255
0.9031654995
0.8826060703
0.8774966711
0.8960589240
0.9256044990
0.9555570172
0.9723038061
0.9814250693
0.9764769696
0.9640484003
0.9737581122
0.9817615552
0.9643171331
0.9555123023
0.9610303281
0.9607133555
0.9551031979
0.9491287156
0.9384647799
0.9305912668
0.9276863450
0.9066517834
0.8972114432
0.8919977137
0.8923132030
0.9282312248
0.9501274953
0.9480144448
0.9451574261
0.9423942655
0.9520798589
0.9613742067
0.9427213955
0.9037189043
0.8512207785
0.8134980610
0.7960334987
0.8111433742
0.8538598124
0.8760851900
0.9119796911
0.9493879668
0.9466621171
0.9484999968
0.9693793566
0.9706357787
0.9707485406
0.9795120352
0.9715097904
0.9590702050
0.9665674220
0.9599713528
0.9283606258
0.9575285178
0.9558700420
0.9243517222
0.9265518730
0.9497328660
0.9478349876
0.9345317664
0.9358534182
0.9438620659
0.9661599412
0.9689938564
0.9996482929
1.0166131991
1.0032483072
0.9912405582
0.9796380479
0.9693372466
0.9783104663
0.9816288651
0.9629981036
0.9565304638
0.9826383456
1.0031666428
0.9885298648
0.9976958728
0.9981495043
0.9696112856
0.9692189966
0.9913406743
0.9972172807
0.9982175028
0.9933846814
0.9879269375
0.9932847706
0.9916054547
0.9703036074
0.9649980180
0.9864146462
0.9866839941
0.9795306562
0.9878483736
0.9714973974
0.9588000346
0.9801794703
0.9666248346
0.9493366498
0.9718711551
0.9820989783
0.9774813390
0.9923497382
0.9723093137
0.9552690084
0.9726311001
0.9873688238
0.9910985532
0.9863553275
0.9711550752
0.9796663177
1.0014285385
0.9813825281
0.9611101894
0.9640744513
0.9695571356
0.9812700863
1.0070345818
1.0117695676
0.9776260821
0.9513329898
0.9753580600
0.9817307785
0.9732332386
0.9627256487
0.9711780649
0.9623194237
0.9481537857
0.9633745724
0.9788932487
0.9801722759
0.9854026761
0.9813272003
0.9727774787
1.0004613443
0.9697139381
0.9631684417
0.9537504764
0.9496361471
0.9343147747
0.9410620898
0.9746786777
1.0074204136
1.0082426233
0.9884294295
0.9812740691
0.9876569146
0.9858759601
0.9805742757
0.9800146418
0.9750771152
0.9797955686
0.9938160810
0.9960809113
1.0053813582
0.9934544317
0.9566061262
0.9872307925
0.9813167809
0.9624701815
0.9569510064
0.9423915636
0.9399162951
0.9660686718
0.9809495819
0.9743651240
0.9831762498
1.0003226170
0.9897018047
0.9681389734
0.9731539938
0.9976412923
1.0130147836
0.9868460020
0.9644308073
0.9548593893
0.9658891511
0.9746007062
0.9703234924
0.9757462291
0.9490156856
0.9541454136
0.9544303647
0.9679643407
0.9855175432
0.9891512453
0.9996859114
1.0091034105
1.0104317341
1.0286939350
1.0383682504
1.0100741103
0.9965792907
0.9844791634
0.9576130306
0.9646356362
0.9491410019
0.9591893069
0.9944637493
0.9906019315
0.9850066493
0.9818546436
1.0067048774
0.9885831596
0.9673413359
0.9730487869
0.9993896085
1.0240126828
1.0233388253
0.9997370319
0.9795810839
0.9885027540
1.0087157064
1.0004029585
0.9992017801
0.9728908852
0.9898158923
1.0240612305
1.0197575273
0.9974426988
0.9735650538
0.9487183097
0.9290566762
0.8799889861
0.8260422055
0.8336080685
0.8900795371
0.9348499629
0.9611531598
0.9844561450
0.9905291401
0.9873023502
0.9973442615
1.0179102268
0.9859751081
0.9949675146
0.9786006569
0.9867993174
0.9951936065
1.0059645389
1.0008632355
0.9958369170
0.9983373175
0.9764416664
0.9489471514
0.9506679016
0.9550533156
0.9438035291
0.9421883183
0.9650126224
0.9939410269
0.9980585546
0.9939376356
1.0009778562
1.0076339614
0.9898594556
0.9938156509
1.0184428130
0.9929765464
0.9923731241
1.0009661849
0.9901654633
0.9701686925
0.9627376218
0.9734208795
0.9796213936
0.9769946395
0.9708729256
0.9733494164
0.9835753854
0.9838968854
0.9895230288
0.9826099416
1.0196617163
0.9991055601
1.0039636110
1.0219912680
0.9893786173
0.9821357250
0.9908192577
1.0027779836
1.0109788632
1.0002053588
0.9963378439
1.0052788183
1.0003180538
0.9940644325
0.9903815079
0.9736736164
0.9744226925
0.9958674363
0.9739603378
0.9591005207
0.9922341404
1.0027653375
1.0126084656
1.0012444728
0.9833352280
0.9566131868
0.9409924141
0.9667571670
1.0062577053
1.0139247398
1.0166653768
1.0450716532
1.0299489530
0.9920308404
0.9820375115
0.9801819284
0.9802745439
0.9746863221
0.9512673505
0.9698971871
0.9894642584
1.0109451619
0.9812246540
0.9795134076
1.0085874536
1.0331708274
1.0334664663
1.0147437497
0.9900659067
0.9764259359
0.9915275723
0.9869791416
0.9413173812
0.9099857738
0.9146873366
0.9279264422
0.9298147623
0.9074850660
0.8719575613
0.7952524252
0.6957806992
0.6878712453
0.6870148239
0.7429786300
0.8352519569
0.9323833385
0.9904225433
0.9831515249
0.9815934515
1.0109570016
1.0154815707
1.0103226855
1.0038240567
0.9729112485
0.9057064246
0.8403985640
0.8023979625
0.7601481911
0.7535690488
0.8089890016
0.8845108237
0.9614436741
0.9637143900
0.9951260626
1.0037249564
1.0036657204
1.0032366514
0.9851141392
0.9793440614
0.9953374204
1.0056154588
0.9977083667
0.9936793401
1.0158995201
1.0196902417
1.0016405282
1.0013842346
0.9873636722
0.9960167321
0.9927168696
1.0032059884
1.0340892379
0.9822606135
0.9542496452
0.9770091570
0.9828441847
1.0105831062
0.9990556633
0.9790425698
0.9698349029
0.9791923950
0.9906003752
0.9872928007
0.9958117648
1.0266078617
1.0418895168
1.0239952136
1.0003460619
0.9955666546
0.9971639642
0.9975494286
1.0084069226
0.9933055530
0.9661746864
0.9821774479
0.9947421339
1.0148546586
0.9936463322
0.9822120683
0.9666894336
0.9769260039
0.9924758337
0.9957625092
0.9895651269
0.9693407022
0.9347340032
0.8943225914
0.8596973681
0.8503534888
0.8644938200
0.8899085535
0.9192525843
0.9500685927
0.9931369236
0.9982678774
0.9641801766
0.9816858923
0.9875611937
0.9959083793
0.9841689414
1.0058427494
1.0274741698
1.0219168814
0.9870190407
0.9349628350
0.8963706255
0.8845535523
0.8945016236
0.9151062771
0.9590072865
0.9891987360
0.9826164934
0.9806126010
0.9681309806
0.9609042388
0.9682982362
0.9767773107
0.9633822428
0.9912858955
0.9934932515
0.9686226619
0.9754781601
0.9996536919
1.0093470910
0.9954675564
0.9819356562
0.9960413866
1.0069667591
1.0186270211
1.0020509860
0.9856988570
0.9983751883
1.0146683149
1.0076292214
1.0161679235
0.9989466665
0.9758999848
0.9853208601
1.0039598633
1.0228055856
1.0256583737
1.0162629855
1.0111054939
1.0027038202
0.9884212124
0.9829832993
0.9814846147
0.9693384876
0.9609237833
0.9963496194
1.0048159845
0.9861138631
0.9431833416
0.9439279637
0.9673829246
0.9707645217
1.0207014347
1.0168810294
0.9996846290
0.9892569369
0.9860863730
0.9900146761
1.0065337313
1.0162958908
1.0048897522
1.0013035447
1.0138061732
1.0040676418
0.9901474699
1.0030851782
0.9872758983
0.9679461297
0.9940276847
1.0183868363
1.0123052229
0.9679241182
0.9981700469
1.0111151639
1.0121383680
0.9826023868
0.9643368321
0.9735273823
0.9686140666
0.9747049431
0.9857004674
0.9617751228
0.9601109107
0.9885515366
1.0052990417
1.0239750626
1.0210688320
1.0110086328
1.0013712461
1.0075490721
1.0060511919
1.0016827805
0.9911560255
0.9929390908
1.0177986790
1.0130968946
0.9972670453
0.9968019104
0.9775062637
0.9270479497
0.8900698134
0.8850014109
0.8842969519
0.8834783546
0.9035732528
0.9547056521
0.9832494732
1.0189246699
1.0148914252
1.0350948359
1.0443393118
1.0343534654
1.0123767031
0.9995929356
0.9921161837
0.9993857453
0.9918539125
0.9667969857
0.9719157135
0.9950861803
1.0048268581
1.0121873206
1.0031434529
0.9764518818
0.9873398218
1.0296826010
1.0110977007
0.9662341034
0.9852041362
1.0072767890
1.0101054337
0.9985277039
0.9814884989
0.9876220969
0.9810746514
0.9569197537
0.9403283538
0.9308763871
0.9371032958
0.9751704307
1.0049595313
1.0012029101
1.0051277907
1.0134617001
1.0343686184
1.0454379139
1.0431125617
1.0093011121
1.0089318881
1.0145746429
1.0170968773
1.0166414853
1.0200896446
1.0195485340
1.0274791710
1.0173393389
1.0073681542
0.9856256409
0.9506839239
0.9367363441
0.9473964250
0.9635256477
0.9900921180
1.0139598673
1.0062968821
0.9867888657
0.9981785417
1.0268905660
1.0259315656
1.0069410959
0.9951689918
0.9834908675
0.9650167428
0.9334966276
0.9086331819
0.8713077992
0.8235826794
0.8116363466
0.8398622364
0.8794049649
0.9213446018
0.9569876384
0.9612437375
0.9461004269
0.9639138217
0.9676594258
0.9616243472
0.9648836207
0.9800036973
0.9716983917
0.9761518619
0.9797597822
1.0054135927
1.0000752594
1.0009883812
1.0074705999
1.0153451262
1.0208918819
1.0148831931
1.0041613767
0.9866043282
0.9625123463
0.9685879270
0.9899267653
0.9711183823
0.9724942689
0.9843188838
0.9960788297
0.9996205783
0.9863249032
0.9602837730
0.9563255457
0.9860920463
0.9894172609
0.9763721060
0.9967021656
1.0201098490
1.0157351805
1.0018194236
0.9918279781
0.9912232636
1.0025497631
1.0028457438
0.9912762631
0.9863566412
0.9880523863
0.9981418550
1.0115627639
1.0208527091
1.0109467962
1.0059121241
1.0198503222
1.0134532881
0.9975765954
0.9876870148
0.9695175030
0.9606117350
0.9568645717
0.9629295805
0.9686574050
0.9590486650
0.9548936914
0.9579951440
0.9586951153
0.9758743876
0.9746622426
0.9450258981
0.9600097351
0.9487806275
0.9286696365
0.9400945039
0.9692975249
0.9670582936
0.9698287502
0.9804704671
0.9660553218
0.9416439232
0.9593206451
0.9922255552
0.9993402576
0.9868648237
0.9743305328
0.9858045450
0.9978842273
0.9897642377
1.0041432168
0.9785934166
0.9883771005
1.0165123892
1.0056445715
1.0070440809
1.0142526397
1.0074177313
0.9855296813
0.9572418856
0.9571232794
0.9836495261
1.0042669468
1.0085045056
1.0059040602
1.0040089791
1.0075030768
1.0204297774
1.0350926834
1.0117910247
0.9831254187
0.9854103563
0.9791726264
1.0210066269
1.0213229088
0.9828142556
0.9875254499
1.0059422697
1.0107086857
1.0094204567
0.9892549070
0.9841411155
0.9842231726
0.9907799298
0.9955114363
1.0036435584
1.0246905081
0.9978105114
0.9801126877
1.0058310818
0.9874772844
0.9915939066
0.9750458041
0.9864454872
0.9687841207
0.9931798838
1.0115277898
0.9869384453
0.9560688679
0.9778387152
1.0202427794
1.0316817341
1.0184434067
1.0040176668
0.9828366520
0.9648941970
0.9757109689
0.9841672918
0.9718481050
0.9987519459
0.9994311433
0.9811663488
0.9903609297
1.0062939588
0.9792622477
1.0203890629
1.0037692349
1.0083944115
1.0260210140
1.0328354782
1.0280019973
1.0062203243
0.9987870960
0.9939298886
0.9841951691
1.0001849707
1.0149447332
1.0018218277
1.0024635398
0.9902743460
0.9819160184
0.9967188612
1.0067179831
1.0164953541
1.0116187948
0.9860312219
0.9950582332
0.9850916030
0.9966130727
0.9835604683
0.9703640549
0.9957307702
1.0135395123
0.9961216745
0.9783104445
0.9846773323
0.9993933766
0.9892620385
0.9641801620
0.9861439245
1.0076170449
1.0083741317
1.0079529796
0.9810241908
0.9526659721
0.9631161272
0.9844990698
0.9839560584
0.9971410164
1.0202812478
1.0355607395
1.0342129890
1.0186561319
0.9920806650
0.9781132337
0.9829276712
0.9770443534
0.9626709241
0.9534424972
0.9888837381
1.0051238594
0.9635872147
0.9462989810
0.9704897541
1.0057348433
0.9926676413
0.9948895696
1.0116996246
1.0189269358
1.0106338934
1.0064253320
0.9936896159
0.9978092811
1.0135042484
1.0060832825
0.9895393302
0.9843214311
0.9856062225
1.0012773734
1.0242665459
1.0164604452
1.0283151745
1.0243326792
1.0239450871
0.9959612150
0.9896799962
0.9895908347
0.9945117184
0.9958256378
1.0110430097
1.0150177112
1.0004078170
0.9810752622
0.9864734283
1.0057093155
1.0046695226
0.9930217629
0.9846136386
0.9939139505
0.9842401879
0.9486417564
0.9713721644
0.9945073056
1.0262145248
1.0127719866
1.0094648267
1.0096422137
0.9883036713
0.9834275382
0.9707812183
0.9999095704
1.0382195034
1.0465028208
1.0252018882
0.9928634394
0.9759829446
0.9679581651
0.9489885172
0.9391490475
0.9459769975
0.9728617086
0.9973516062
0.9806618613
0.9941491325
1.0153106079
1.0240585667
1.0427915479
1.0292469169
1.0272082102
1.0153381796
1.0139648665
1.0014824573
1.0006909123
1.0044920381
0.9928733558
1.0024029672
1.0189925121
1.0019429516
0.9937766638
1.0214725503
0.9916013435
0.9867369881
1.0303780997
1.0190772795
1.0222460679
1.0140885404
0.9996912637
1.0062511005
0.9700533524
0.9703741965
0.9989626738
1.0126705234
1.0100444521
1.0048536125
0.9932223267
0.9790570057
0.9787168652
0.9564010452
0.8921221878
0.9029232069
0.8965577064
0.9135041681
0.9733762482
0.9908460809
0.9928696406
0.9801904279
1.0017941558
1.0060185517
1.0201710130
1.0116339267
0.9875672630
0.9912399435
1.0021423347
0.9936908672
0.9930654094
1.0071470464
0.9994675044
0.9759113405
0.9809556177
1.0112104454
1.0268113990
1.0061297625
0.9900675598
0.9924168456
1.0145609162
1.0244148126
1.0119345439
1.0058975994
1.0097395350
1.0170861296
1.0042672069
0.9891640667
0.9960720522
0.9990377571
0.9960967967
1.0004712325
0.9837889570
0.9749929730
0.9874495030
1.0023136253
0.9953154444
0.9615295497
0.9723749705
0.9858510553
0.9793849206
0.9737349165
0.9724158079
0.9858244758
0.9716174406
0.9872966039
1.0013245536
1.0030992673
1.0334869938
1.0393862042
0.9951252210
0.9841391729
0.9917943311
0.9624997730
0.9654939293
0.9926264400
0.9754042558
0.9733689661
0.9903289409
1.0005361539
1.0249515106
1.0036816505
0.9783189825
1.0009315042
0.9845130106
0.9985771631
0.9987340638
0.9742103450
0.9664730238
0.9764269868
0.9895505835
1.0020753873
0.9966076103
0.9699376692
0.9663682252
0.9801284821
0.9698102506
0.9727162733
0.9723027203
0.9681309340
0.9965781817
0.9921861964
0.9835135128
0.9906653242
1.0022069537
1.0012186779
0.9896350280
0.9870077218
0.9953607474
0.9839287220
0.9417436793
0.9091033621
0.9161412640
0.9346072983
0.9230342833
0.8876181730
0.8724689271
0.8235319345
0.7809691188
0.7903162905
0.7903919943
0.8461872128
0.8803202188
0.8785233364
0.8658636768
0.8825454914
0.9129885513
0.9517313526
0.9691365873
0.9643869979
0.9703765289
0.9706267261
0.9539311416
0.9551188845
0.9699710632
0.9751231433
0.9876846858
0.9803675282
0.9708612472
0.9739922505
0.9268788505
0.9055291781
0.9213853027
0.9466227173
0.9528963468
0.9493620212
0.9794678048
0.9976478196
0.9915861036
0.9831277730
0.9745613301
0.9702262959
0.9640015251
0.9693915259
0.9604809357
0.9804280559
1.0140425319
0.9915214302
0.9993091989
0.9869939527
0.9732409169
0.9833038823
0.9874727660
0.9833198578
0.9834295501
0.9871498788
0.9969766477
1.0140089074
1.0267191810
1.0142595113
1.0023631522
1.0033961950
0.9805420518
0.9949995809
0.9957284828
1.0098732519
1.0139189189
1.0114484245
0.9681943773
0.9635541372
0.9802370760
1.0108833888
1.0089307567
1.0166898903
1.0100245424
1.0115710180
1.0146575288
1.0223531512
1.0178329186
0.9995580559
1.0007633357
1.0157391134
1.0114531227
0.9876358910
0.9868633635
1.0017472798
0.9956221897
0.9967545693
1.0038630465
1.0062540781
1.0224059720
1.0245456397
1.0148644801
1.0160512472
1.0072812816
1.0177937320
1.0185968506
1.0239017241
1.0430010812
1.0408457968
1.0097931109
0.9858420340
0.9850965603
0.9739621634
0.9846627403
0.9702933268
0.9301285178
0.9212657102
0.8939211754
0.8773799443
0.9069365176
0.9438284451
0.9703255527
0.9757044566
0.9924080126
1.0122632855
1.0305282808
1.0354102325
1.0459580151
1.0533587429
1.0309500784
1.0122747086
1.0121553906
1.0169524827
1.0266714735
1.0223796629
0.9978359355
1.0209253744
0.9829189892
0.9878373232
1.0125261738
0.9921896104
0.9928035005
1.0158417172
1.0087076031
0.9926878546
1.0038139408
1.0178450816
1.0304008038
1.0285539826
1.0028556275
0.9996439735
1.0046989467
0.9836490696
0.9735289446
0.9597725263
0.9660899281
0.9358119808
0.9824289194
1.0181767593
1.0142821393
0.9793205332
0.9919977135
1.0142193210
1.0268659570
1.0279871390
1.0285404414
1.0232436676
0.9977181285
0.9776081013
0.9841207218
0.9967050436
1.0018177567
0.9784839341
0.9897634086
0.9883611567
0.9797910329
1.0001221327
0.9772231996
0.9562919858
0.9146527722
0.8295883634
0.7618381316
0.7225695170
0.7455871472
0.7968999922
0.8224544044
0.8781561523
0.9566164967
0.9916969189
0.9926476066
0.9903908178
0.9939984818
0.9824656529
0.9796045855
0.9672922506
0.9659381267
1.0130111381
1.0163727661
0.9974707045
0.9931861828
0.9974035609
0.9893669930
0.9986251512
0.9869355103
0.9617995989
0.9704443724
0.9892178366
0.9892993035
0.9824823690
0.9783923720
0.9812774746
0.9880815631
0.9941960594
1.0034681809
1.0102302883
1.0348229364
1.0409625041
1.0166516637
1.0062243078
1.0288107121
1.0263632040
1.0240902079
1.0091206986
0.9967918952
0.9922990257
0.9788082951
0.9896141530
1.0024863104
0.9932502061
0.9860131874
0.9800319806
0.9999893999
1.0025763510
1.0009235830
0.9848871409
0.9866078923
0.9397456410
0.9301016355
0.9465889955
0.9463574317
0.9687736525
0.9979190522
0.9945045793
1.0089402780
1.0343169789
1.0506934160
1.0357091578
0.9999538704
0.9668695272
0.9488540937
0.9727811324
1.0150591023
1.0062340205
0.9674564309
0.9358479757
0.9708209039
0.9968432289
0.9930022563
0.9592194828
0.9810539862
0.9886556238
0.9867042322
0.9978513559
1.0164278214
1.0203466609
1.0256845517
1.0170790056
1.0008196670
1.0030736154
1.0160433931
1.0268454178
1.0110847368
0.9866358620
0.9941475189
0.9928881021
0.9796206838
0.9769054535
0.9927000610
0.9967774369
1.0110113361
0.9906946467
0.9808987438
0.9750827652
0.9725319553
0.9881939532
1.0003090832
1.0077203639
1.0120549919
1.0197468270
1.0223524297
0.9932357705
0.9879877821
0.9955786401
0.9979918742
1.0197266682
1.0445486898
1.0285538742
1.0361567382
1.0294849773
0.9954595351
0.9919035763
0.9792965697
0.9845887213
1.0067754055
1.0083268645
1.0227517202
1.0299856724
1.0278361085
1.0258245871
1.0034932742
0.9979246743
1.0051271127
1.0129589427
0.9627577480
0.9616029652
1.0048368899
1.0277489054
1.0161950294
0.9733086851
0.9640491833
0.9781638138
0.9986583902
1.0096772477
0.9828997996
0.9725614917
0.9948703091
1.0164341109
1.0169958656
1.0033585761
1.0082288640
1.0316215042
1.0082806766
0.9809166047
1.0069525899
0.9904937749
1.0036825024
0.9707576774
0.9629466388
0.9680885041
0.9914221212
0.9773993092
0.9656375812
1.0152351697
1.0175539765
0.9945462330
0.9969052374
1.0030982840
0.9962185141
1.0002134285
0.9944770211
0.9622431806
0.9907964686
0.9970820380
0.9636644664
0.9448282024
0.9446383951
0.9844995978
1.0072966026
0.9988796445
1.0101420643
0.9923172207
0.9946959263
1.0041060093
1.0022857448
1.0021264455
0.9919144729
0.9836159464
0.9973356846
1.0090282774
1.0042541650
1.0073563573
1.0073184537
0.9835492025
0.9888200358
1.0090313472
0.9513501921
1.0097968371
1.0197869551
0.9914395580
0.9657462266
0.9776914515
0.9679910279
1.0025112251
1.0009343724
0.9834198919
0.9888585451
1.0104459843
1.0176212519
1.0140465900
1.0163560822
1.0011826968
0.9952833093
0.9834652865
1.0220237896
1.0163420089
0.9844671189
0.9736328382
0.9798462050
1.0143681044
0.9853538865
0.9911711345
0.9972872857
1.0102114282
1.0007062661
0.9902292550
0.9870679515
0.9853510693
0.9877887923
0.9896829631
0.9920949558
1.0035205573
1.0082813849
1.0021397837
1.0126699291
1.0162976530
0.9971974889
1.0087939469
1.0183482610
0.9753065167
0.9652875295
0.9667716819
0.9968091628
0.9710586543
0.9901109335
1.0194519975
1.0304438030
1.0143218735
0.9846580845
0.9768966672
0.9681133319
0.9557091380
0.9665304039
0.9427584943
0.9584268727
0.9878545829
1.0292583860
1.0096442842
0.9937862158
1.0088465542
1.0223096326
0.9837815403
0.9916496016
1.0207767280
1.0377099088
1.0021493121
0.9709799484
0.9904508990
1.0031670737
0.9717949300
0.9627579255
1.0033388347
0.9980911687
0.9767127887
0.9486200579
0.9530555650
0.9725532945
0.9835582732
0.9983551996
0.9955808588
0.9895399307
0.9882994557
0.9881888742
1.0034130152
0.9946502483
0.9809672656
0.9744637183
0.9814856435
0.9937435039
0.9967539253
0.9996660127
0.9849803066
0.9651070314
0.9982413851
0.9821324158
0.9727206944
0.9458433377
0.9400963893
0.9775134552
0.9884334104
0.9924462625
0.9917674487
1.0009979496
0.9993726742
1.0145251469
1.0394770932
1.0295802640
0.9927993196
0.9739209103
0.9738200498
0.9742432578
0.9913903125
1.0155180099
1.0059729008
0.9798044539
0.9811939662
0.9925565782
1.0203594808
1.0198624499
1.0037790919
0.9750357977
0.9779411883
0.9857812263
1.0134469954
1.0165221022
0.9827667475
0.9506174592
0.9264518124
0.9001520239
0.8738060998
0.8347571732
0.7825905638
0.7409469406
0.7176217106
0.7356730722
0.8150619793
0.8989155101
0.9480919828
0.9876834181
1.0157538829
1.0230548453
1.0118347802
0.9866659843
0.9864873267
0.9945167496
1.0183480914
1.0095810235
0.9955561168
0.9991424494
0.9972416459
1.0237141239
1.0378926219
1.0382757148
1.0210229456
1.0110778153
1.0407131564
1.0251344188
0.9686215180
1.0056876468
0.9917011271
0.9711065824
0.9547740843
0.9503392083
0.9496897955
0.9625319174
0.9777112500
0.9790158052
0.9932388686
1.0135359323
1.0027128758
0.9759093240
0.9555969725
0.9745542737
0.9914757028
0.9777832693
0.9846418128
0.9880348263
0.9702051474
0.9881209600
1.0085240955
1.0009409157
1.0014906696
0.9843050862
0.9795573674
0.9846787961
0.9790668805
0.9711142735
0.9829677020
1.0011414802
0.9998399357
0.9940876950
0.9951128828
0.9840797115
0.9918053471
1.0202328079
1.0001798755
0.9899037434
1.0048878608
0.9772468350
1.0116422209
1.0296786169
0.9977378993
0.9954379002
1.0043384314
0.9732457050
0.9657234288
0.9819839936
0.9969721762
1.0035320114
0.9966250096
1.0040588532
0.9976255319
0.9791423866
1.0067466545
1.0017132228
0.9857083521
0.9595704026
0.9777662689
1.0001968148
0.9893564158
1.0083432097
1.0030314562
0.9968969543
0.9689798691
0.9619105388
0.9873333742
0.9894475215
0.9818294967
1.0109760112
1.0277421990
0.9980706857
0.9844457682
0.9738640997
0.9936740185
0.9834881889
0.9969295309
1.0105726273
1.0119855334
1.0188405417
1.0071535575
0.9949510088
0.9943881643
1.0002496770
0.9833883599
0.9874735465
0.9925138065
0.9754589814
0.9651481351
0.9675116485
0.9900001561
1.0370179711
1.0256040837
0.9835554391
0.9691781144
1.0078402683
1.0398645540
1.0163599888
0.9916924256
0.9760281267
0.9884475386
1.0090794560
0.9986361979
1.0041849260
1.0243177610
1.0310128231
1.0057988784
0.9794322612
0.9668765968
0.9686983823
0.9882402782
0.9988129831
0.9994711269
0.9830430353
0.9848871209
1.0027794690
1.0181179716
1.0132034024
1.0085705288
1.0068974776
0.9949588096
0.9896218586
1.0171096136
1.0225750215
1.0143694032
1.0150647035
0.9996360097
0.9799438187
0.9859317307
0.9971944372
0.9979179258
1.0029342388
1.0050303032
1.0282057232
1.0360455896
1.0199605314
0.9756012792
1.0158470967
0.9892114517
0.9902755959
0.9871456166
0.9928439586
0.9696353281
0.9804742557
0.9887391919
0.9904396625
1.0147717613
1.0228151472
1.0025336607
0.9990610529
1.0002017780
0.9791142794
0.9702319893
0.9692534208
1.0098515191
0.9903605930
0.9819986600
0.9805769755
1.0149086259
0.9940417558
0.9729823292
0.9911571682
0.9863749309
1.0023140223
1.0258952190
1.0223619244
1.0325139483
1.0304324798
