#flux
0.9923987964
0.9820623689
0.9691421173
0.9728055790
0.9834700668
0.9846733939
0.9822640824
0.9898554286
1.0009837065
1.0018828729
0.9962207499
0.9910500970
0.9925400148
0.9916289076
0.9747660839
0.9937259628
1.0019823927
0.9926141876
0.9720128584
0.9664725768
0.9535899851
0.9279145501
0.9162456406
0.9024281647
0.8784727298
0.8346935661
0.7951190307
0.7873910932
0.8045756782
0.8349449655
0.8734636883
0.9133051219
0.9488681857
0.9835710611
1.0069124209
0.9901490869
1.0020318726
1.0117682990
1.0154601430
1.0132668816
1.0029412651
0.9970713260
1.0016087889
1.0036396681
0.9969246335
0.9898262072
0.9918610361
0.9973313591
0.9958199892
0.9952363794
1.0091063454
1.0216246995
1.0128452044
1.0187839504
1.0112638925
0.9976219071
0.9890656701
0.9975953881
0.9963834414
0.9854178630
0.9839514579
0.9765219578
0.9699634187
0.9683790487
0.9673627256
0.9544711266
0.9149157417
0.8470418372
0.7757034908
0.7315243670
0.7142526313
0.7157079570
0.7586588278
0.8198280911
0.8730858934
0.9313453464
0.9585633158
0.9633645827
0.9575532612
0.9395699765
0.9352637829
0.9572748695
0.9713052322
0.9653807338
0.9605801769
0.9651363989
0.9728865105
0.9746013958
0.9614935299
0.9365975855
0.9200833087
0.9232688140
0.9269572191
0.9268961397
0.9378031334
0.9222478038
0.8977009847
0.8625329344
0.7969427722
0.7247947576
0.6880483255
0.6774139311
0.6888507621
0.7432034500
0.8219199513
0.8904520141
0.9360259497
0.9650760614
0.9821532935
0.9825458757
0.9672172628
0.9550208195
0.9561278985
0.9503979672
0.9637949662
0.9827200876
0.9909437911
0.9957192541
1.0014733146
1.0012483085
0.9946147160
0.9878607657
0.9892362849
0.9965002893
0.9998986335
1.0030515488
1.0041397503
0.9993588001
0.9919007107
0.9825492654
0.9702810458
0.9578900720
0.9415647746
0.9242554788
0.9350854666
0.9511909175
0.9711671572
0.9834713387
0.9876295415
1.0002678358
1.0094881638
0.9948766067
0.9998030522
1.0024271271
1.0030963551
1.0015880660
0.9972052651
0.9969669468
1.0005656748
1.0007261002
1.0026667055
1.0120824333
1.0068162654
0.9805669378
0.9788327580
0.9749828288
0.9408211008
0.8979997626
0.8600119528
0.8459341311
0.8662100732
0.8926726015
0.9220669213
0.9442870369
0.9583825549
0.9737219856
0.9871861173
0.9903586014
0.9857609088
0.9812681533
0.9783879704
0.9760448780
0.9771006704
0.9758740711
0.9594063655
0.9585652869
0.9501021463
0.9445755159
0.9541529932
0.9684699687
0.9804970071
0.9860770799
0.9833765483
0.9915884498
1.0044773726
1.0073740335
0.9958473514
0.9836038022
0.9797033832
0.9783824093
0.9745022334
0.9723560234
0.9816191229
0.9930192201
0.9765211724
0.9659307208
0.9649219155
0.9281646974
0.8780286405
0.8337453706
0.7890754219
0.7255431926
0.6357879397
0.5387575967
0.4561994538
0.3937775565
0.3354761030
0.2805179385
0.2401044022
0.2137782278
0.1945256643
0.1810567830
0.1754022124
0.1748094151
0.1746436092
0.1763884622
0.1797113539
0.1948833690
0.2154219458
0.2315528710
0.2560133223
0.2899972184
0.3361015980
0.3948570489
0.4617500004
0.5365453137
0.6168262217
0.7033223026
0.7839883354
0.8410412607
0.8747499773
0.9015104056
0.9275970579
0.9321198906
0.9273941920
0.9379839586
0.9480947637
0.9598226851
0.9583728395
0.9644066011
0.9634728530
0.9620419393
0.9794981282
0.9969813798
1.0032275841
1.0073600830
1.0097487259
1.0036761455
1.0002966956
1.0045050484
1.0066350860
1.0069398439
1.0034265464
0.9881506003
0.9633424321
0.9449584340
0.9369449007
0.9270902175
0.9166284311
0.9237965452
0.9351484029
0.9466146839
0.9595623679
0.9672836473
0.9580056725
0.9577761874
0.9694631470
0.9704034333
0.9665634545
0.9819651516
1.0012463312
1.0018075997
1.0012094129
0.9965648658
0.9915450930
0.9858390417
0.9911081833
0.9779781145
0.9581067070
0.9569414633
0.9664383584
0.9778235984
0.9826645499
0.9888965126
0.9930805534
1.0048835779
1.0133216260
1.0134176434
1.0155024648
1.0167248556
1.0119340790
1.0139673199
1.0231704512
1.0232407670
1.0258810267
1.0254241550
1.0133814320
1.0063555185
1.0092808511
1.0127276952
1.0082418542
1.0067830945
1.0062204897
0.9993462737
1.0003539420
1.0128399120
1.0113979267
0.9978290858
0.9864793370
0.9853876250
0.9916916957
0.9936326361
0.9867097486
0.9721692477
0.9609063081
0.9531598416
0.9297305237
0.8918819407
0.8534683778
0.8033532977
0.7783265317
0.7837249207
0.8125239247
0.8635066789
0.9085507820
0.9257308190
0.9362675346
0.9628305947
0.9855669123
0.9934703062
0.9929675323
0.9819435319
0.9739917494
0.9822501643
0.9900790707
1.0013519602
1.0128185476
1.0150889763
0.9956707547
0.9730959891
0.9847268374
0.9964109312
0.9805170090
0.9817463062
0.9847112900
0.9832608153
0.9869019938
0.9922432285
0.9866838882
0.9720564587
0.9638380158
0.9663688267
0.9698010482
0.9771876943
0.9950147242
0.9914547610
0.9836573662
0.9882721907
0.9902827967
0.9991787202
0.9936834239
0.9912964831
0.9983169562
0.9951673881
0.9878566657
1.0002623296
1.0111892895
0.9962339648
0.9809904657
0.9863701006
0.9887811661
0.9804841425
0.9802179906
0.9722038351
0.9413788868
0.8843767052
0.8015109333
0.6983301819
0.5901609926
0.5288296634
0.5388839205
0.5826989353
0.6581067998
0.7492208865
0.8430561832
0.9144360775
0.9538658190
0.9675106938
0.9741657130
0.9908613686
1.0070094710
1.0077757400
1.0041250344
1.0016293125
0.9933609204
0.9889046402
0.9821590516
0.9843563399
0.9617796868
0.9280335789
0.8844640713
0.8081376166
0.7240912846
0.6772630478
0.6734595214
0.7162637245
0.7746970409
0.8385182146
0.9011347300
0.9430305859
0.9616551969
0.9613136676
0.9362140946
0.8912608483
0.8286582088
0.7544973891
0.6937346102
0.6620392881
0.6797429361
0.7401264374
0.8049880088
0.8510365672
0.9111215644
0.9604089459
0.9802897244
0.9996715417
1.0158704680
1.0177063086
1.0150244286
1.0067325663
1.0011432953
1.0102341746
1.0205010153
1.0338576745
1.0559719868
1.0356280621
0.9858352015
0.9679887313
0.9697686048
0.9696255287
0.9614738574
0.9496865674
0.9429157711
0.9436611320
0.9597046821
0.9685678254
0.9777674373
0.9797850967
0.9758036835
0.9802383808
0.9858616754
0.9802297667
0.9749636043
0.9820792019
0.9949533610
1.0017911415
1.0010660266
0.9977787230
0.9950848422
0.9983162136
0.9978983807
1.0005328124
0.9940736168
0.9938241856
0.9939098602
0.9944840304
1.0018902521
1.0000188392
0.9810904416
0.9718910568
0.9879946491
1.0040089583
1.0003181192
0.9945549422
0.9965594301
0.9901585447
0.9868254854
0.9839083584
0.9765930009
0.9733338565
0.9702378075
0.9680122862
0.9753958417
0.9824725712
0.9839850503
0.9963515153
0.9971006195
0.9858274282
0.9895675921
0.9992832630
0.9928410622
0.9864812827
0.9948356102
0.9984236519
0.9961437528
1.0019717364
1.0035922298
0.9914316583
0.9812595308
0.9780212576
0.9811537404
0.9811223577
0.9988789697
0.9861604134
0.9657235319
0.9618689015
0.9716735524
0.9746152356
0.9756787185
0.9775249591
0.9748110004
0.9675994388
0.9550208011
0.9395414751
0.9268628169
0.9014440765
0.8576194173
0.8024001399
0.7516128397
0.7205203480
0.7249214871
0.7635396751
0.8231766498
0.8842036488
0.9290862761
0.9592326273
0.9735844126
0.9758182303
0.9827455622
0.9866493777
0.9896783399
0.9923495362
0.9826937742
0.9693310985
0.9668141641
0.9773493754
0.9867572665
0.9921063619
0.9927347519
0.9949121188
1.0105235666
1.0206413066
1.0118727251
1.0071748487
1.0071065823
1.0005807706
0.9955950047
0.9981712288
0.9882855740
0.9725912039
0.9762735113
0.9889670606
0.9890852761
0.9889526096
1.0036592762
1.0191421637
1.0127177373
0.9941416792
0.9908071225
0.9970471985
0.9921859380
0.9721386855
0.9655186373
0.9708197619
0.9760902327
0.9837011068
0.9792268543
0.9677533412
0.9648604240
0.9788157611
0.9929413753
0.9927673704
0.9893774294
0.9887224976
0.9784243156
0.9668422139
0.9698969145
0.9672102420
0.9883511561
0.9996790486
0.9972573923
0.9955737513
0.9973968808
0.9841010315
0.9851542837
0.9948837299
0.9992349257
0.9971248722
0.9939513276
0.9915563983
0.9884073084
0.9884285632
0.9875083374
0.9756989969
0.9685034532
0.9817927394
0.9868118606
0.9788066828
0.9698420421
0.9649919696
0.9591476873
0.9284986907
0.8741130246
0.8119485328
0.7654469279
0.7523355021
0.7726907473
0.8149714964
0.8628464998
0.9080234983
0.9462141338
0.9624144988
0.9652671247
0.9659981899
0.9582568321
0.9653798343
0.9710557720
0.9896207638
1.0041165168
0.9994111860
0.9904965453
0.9889414049
0.9853176807
0.9840883066
0.9960290470
1.0002976899
0.9931403404
0.9877086468
0.9872849065
0.9871816683
0.9963969088
0.9981809979
0.9842194991
0.9853355831
1.0041441723
1.0129023080
1.0154959718
1.0161397978
1.0073370973
1.0047306885
1.0129771450
1.0090435430
1.0064546342
0.9988013978
0.9975279391
1.0059260680
1.0077290341
0.9898081573
0.9765213180
0.9881379031
0.9928280693
0.9819392360
0.9727448860
0.9620862849
0.9522683917
0.9566605626
0.9699667767
0.9830585196
0.9984934403
1.0064158863
0.9971686162
0.9934769725
1.0103741166
0.9995461534
0.9784658271
0.9819069533
0.9871505546
0.9969898295
1.0162548474
1.0195698895
1.0120787222
1.0054917013
0.9960503237
0.9879762256
0.9896200037
0.9967354653
0.9985363263
0.9947122618
0.9971271521
0.9996722832
0.9927957667
0.9939426962
0.9937167954
0.9949420124
0.9800468632
0.9761147479
0.9705646608
0.9579066805
0.9533670840
0.9505153060
0.9482707000
0.9550070184
0.9703546057
0.9866349247
0.9977897771
1.0007946326
0.9954061568
0.9861589440
0.9799650611
0.9653067924
0.9674412382
0.9769622537
0.9705517081
0.9698512159
0.9708033163
0.9511915344
0.9295760344
0.9139206029
0.8988523746
0.8851643649
0.8661210040
0.8295589700
0.7646837836
0.6766709441
0.6005740925
0.5757616079
0.6089515744
0.6817398625
0.7616487534
0.8407292927
0.8934879132
0.9450448780
0.9680309639
0.9900141849
0.9904458519
0.9649599624
0.9165049818
0.8632151193
0.7921150773
0.7058713112
0.6400720008
0.6168478583
0.6361375244
0.6962381351
0.7821289414
0.8605644619
0.9165777686
0.9545156867
0.9673970812
0.9758201959
0.9722110456
0.9723494276
0.9616834110
0.9749278156
0.9788063042
0.9732180084
0.9764914115
0.9922657622
0.9897173856
0.9811716299
0.9774318062
0.9716562542
0.9693981174
0.9779550286
0.9857185925
0.9831460063
0.9791881447
0.9819142484
0.9849954047
0.9751465542
0.9722154526
0.9940069706
0.9829586975
0.9650193871
0.9686829266
0.9571286595
0.9477909117
0.9512313832
0.9547238108
0.9695646600
0.9803243796
0.9789269998
0.9801654304
0.9918889630
1.0081949179
1.0189127656
1.0131445010
0.9937079655
0.9854590477
0.9941638872
0.9899436836
0.9926021198
1.0057700361
0.9921736395
1.0139166543
1.0202739994
1.0008435787
0.9744743465
0.9640125920
0.9453927325
0.9184281577
0.9019937187
0.8946256093
0.8873031142
0.8964742925
0.9339928963
0.9697138246
0.9874579039
0.9992993980
1.0059158503
0.9985778788
0.9881571950
0.9826297652
0.9942600711
1.0030988972
0.9877212251
0.9659007890
0.9488751486
0.9308811127
0.9214091430
0.9156391712
0.9138011415
0.9140052079
0.9029041500
0.8678573444
0.8106907657
0.7444717325
0.6818127185
0.6553523645
0.6748486525
0.7298551032
0.8084515634
0.8909467966
0.9431124997
0.9644365053
0.9843889390
0.9980444958
0.9967217253
0.9890907748
0.9806045925
0.9793110691
0.9902672561
1.0018079791
1.0076759532
1.0134962390
1.0123132128
1.0009955671
0.9969812886
0.9871090637
0.9789414906
0.9880926123
0.9957410361
1.0006377825
1.0154621608
1.0184828447
1.0035002277
0.9943866078
0.9979905080
0.9937587107
0.9814212404
0.9800543730
0.9880158870
0.9942634816
0.9928482529
0.9893261226
0.9885345018
0.9855329855
0.9820077976
0.9704713846
0.9782314706
0.9931524429
0.9911153989
0.9994015105
1.0016886547
1.0085129283
1.0079784890
0.9982315292
0.9886135183
0.9983170977
1.0108011140
1.0133612560
1.0105365488
1.0021971075
0.9941721700
0.9979180473
1.0059134905
1.0015028567
0.9905044475
0.9936334597
1.0108703205
1.0092513356
1.0065894006
1.0193740884
1.0130510296
0.9973350124
0.9850047949
0.9808583788
0.9714031692
0.9693158680
0.9727061864
0.9767617999
0.9870919615
0.9960445344
0.9995113113
0.9948565245
0.9921615763
1.0076680049
1.0114662275
0.9971335874
0.9968512382
0.9977336807
0.9992287196
1.0026978800
1.0003907859
0.9869730373
0.9545507265
0.9066740024
0.8511935911
0.8103788799
0.7859902380
0.7829793879
0.8023891318
0.8590402091
0.9296090592
0.9746056895
0.9982702241
1.0128993390
1.0113101414
1.0076535879
1.0185623253
1.0144972065
1.0050501233
1.0063440405
1.0004507372
0.9855928760
0.9640252438
0.9653673353
0.9622100447
0.9384059614
0.9117579741
0.8764599995
0.8359158779
0.8093926880
0.8091463211
0.8355779764
0.8825413638
0.9313718023
0.9562200506
0.9587811776
0.9714945274
0.9946179543
1.0038011150
0.9889879424
0.9869259929
0.9786632523
0.9749941426
0.9658092720
0.9490554590
0.9335127336
0.9261711960
0.9187803510
0.9248668055
0.9500273102
0.9740531118
0.9808943727
0.9907386235
1.0060969201
0.9915703955
0.9793306008
0.9903174421
0.9723645728
0.9422692665
0.9190747732
0.8773852566
0.8458775167
0.8305474800
0.8080634559
0.8074388768
0.8369658879
0.8823546066
0.9255759077
0.9477356070
0.9586530488
0.9767971698
0.9957943020
1.0048725284
1.0082342935
1.0017495336
0.9790392937
0.9583754207
0.9320908578
0.8791068685
0.8290339317
0.7459339811
0.6918915491
0.6839797490
0.6971197749
0.7495434767
0.8086012109
0.8471346755
0.8556162529
0.8438116866
0.8179386166
0.7809348660
0.7561046569
0.7695754338
0.8187321240
0.8810721638
0.9385620865
0.9855602484
1.0064916434
1.0207069678
1.0230785999
1.0159281449
1.0011735774
0.9981945024
1.0050290853
0.9990952765
0.9846118579
0.9745772393
0.9733343261
0.9747182863
0.9784096659
0.9899222645
1.0026913217
1.0117111148
1.0187607512
1.0151494018
1.0046785828
1.0111197789
1.0195456810
1.0072966084
1.0084521124
1.0111698047
0.9995771544
0.9886485192
0.9978266087
1.0089132695
1.0138625918
1.0085120015
1.0055522647
0.9938973263
0.9944588829
0.9933243096
0.9900805744
0.9923907113
0.9891712451
0.9945478662
1.0075043686
1.0092007486
1.0248451491
1.0254106837
1.0011302281
0.9956817503
0.9925493840
0.9899589421
0.9956366970
0.9991728362
1.0016335276
0.9894828330
0.9833887584
0.9889184104
0.9988991675
1.0068963176
1.0100127005
1.0045617618
0.9854961483
0.9567498117
0.9278300257
0.8925662167
0.8451237521
0.7938264452
0.7485951679
0.7357824638
0.7688588083
0.8244846258
0.8882841622
0.9389694095
0.9709784407
0.9924899492
0.9922543165
0.9863913652
0.9804919957
0.9717849527
0.9725023792
0.9843775755
0.9896514655
0.9823476253
0.9751783323
0.9789485000
0.9841193522
0.9832291676
0.9839924935
0.9973649409
0.9931862582
0.9893898510
0.9753122702
0.9701783857
0.9822058103
0.9924197996
1.0015238602
0.9987009308
0.9915417059
0.9880498734
0.9923876458
0.9939518792
0.9893735182
0.9945183757
1.0029843464
1.0012700919
1.0016069992
1.0036894595
0.9976825492
0.9868330531
0.9893572383
0.9874348227
0.9833027466
0.9905148513
0.9914760033
0.9855831049
0.9941823500
0.9899731524
0.9711611819
0.9615327249
0.9660249524
0.9728959742
0.9782042478
0.9870615910
1.0006567434
1.0107743142
1.0056444340
0.9863154450
0.9737384285
0.9772837584
0.9835325824
0.9771404729
0.9822021033
0.9760350182
0.9599120530
0.9728592545
0.9973694652
1.0103787719
1.0093407662
1.0057147293
1.0036791072
0.9989023975
0.9951191970
0.9928820618
0.9856609777
0.9846454201
0.9910321418
0.9991493792
1.0006939256
0.9914754485
0.9960466364
1.0084635643
1.0094811227
1.0015316636
0.9938690283
0.9926371795
0.9803399137
0.9677550175
0.9654006155
0.9752159205
0.9912194537
1.0019204386
1.0026877732
0.9999083037
1.0019078691
1.0093923094
1.0110817870
1.0050445646
0.9971533037
0.9910593823
0.9896643116
0.9926719484
1.0138598994
1.0200232640
1.0139775827
1.0046045518
1.0069820627
1.0154384234
1.0239366357
1.0212777501
1.0023090236
0.9915992349
0.9911268436
0.9866698107
0.9915379779
0.9984002484
0.9953502006
0.9897402561
0.9770836377
0.9727655949
0.9887681637
1.0050574387
0.9821434361
0.9847298343
1.0006992827
1.0098541227
0.9941242380
0.9844508855
0.9901619730
0.9954827067
1.0054457577
1.0123214936
1.0148283922
1.0169229942
1.0119229128
1.0105786580
1.0012792987
1.0000012306
0.9896540379
0.9794709821
0.9878950759
0.9929795518
0.9843021011
0.9958864916
0.9947388774
0.9880218394
0.9886125167
0.9890875143
0.9884187620
0.9781836252
0.9765678041
0.9913456838
1.0044692377
1.0081688382
1.0071708159
0.9985950125
0.9886694356
1.0021345288
1.0092460071
0.9956156534
0.9704309367
0.9790019849
0.9807684461
0.9518491821
0.9231134540
0.9198239531
0.9363647657
0.9387290495
0.9520567618
0.9621922893
0.9651856366
0.9686306702
0.9718963781
0.9672954822
0.9655013656
0.9818830242
0.9806892158
0.9719490814
0.9739767740
0.9510885697
0.8912042208
0.8399782386
0.7816531531
0.7093321313
0.6482242195
0.6181299908
0.6449838769
0.6946379813
0.7725271144
0.8605413327
0.9281217520
0.9619158087
0.9713257201
0.9756171411
0.9852125274
0.9981772041
1.0034723496
0.9893394676
0.9828290576
0.9877111269
0.9717375180
0.9642560890
0.9874943932
0.9931800725
0.9843597911
0.9814488432
0.9917725761
0.9964791704
0.9881926297
0.9776706785
0.9896675077
1.0092889893
1.0183340342
1.0179725395
1.0111597484
1.0021606135
0.9907483450
0.9957880799
1.0149860296
1.0198062566
1.0256314718
1.0206155094
1.0116105077
0.9878889598
0.9697704747
0.9475293913
0.9205118214
0.9117399166
0.9152749288
0.9170863656
0.9291107136
0.9459568467
0.9634754103
0.9822405441
0.9934467037
0.9980953118
0.9992904159
0.9953371250
0.9939066911
1.0047338839
1.0024082698
1.0064871308
1.0082143130
0.9981130320
1.0074702643
1.0043562085
0.9979905402
0.9949505219
0.9878155958
0.9786404934
0.9810468091
0.9873802584
0.9942208933
1.0035792632
1.0077967955
1.0072496938
1.0096521753
1.0116282138
1.0025118992
1.0010141571
1.0106988925
1.0170074526
1.0076767700
0.9873002989
0.9674822657
0.9435735736
0.9065135071
0.8526128347
0.7999277763
0.7907484767
0.8170600099
0.8527576628
0.8953207175
0.9406291479
0.9704669898
0.9821462194
0.9905685219
0.9961516538
0.9892119069
0.9821275589
0.9931768417
1.0001761448
0.9750270042
0.9654407696
0.9721814259
0.9629052948
0.9605420402
0.9698061406
0.9820975183
0.9756868616
0.9698953733
0.9759011440
0.9817704892
0.9821883248
0.9771446584
0.9662107623
0.9598082122
0.9595715789
0.9487486456
0.9464946944
0.9462490707
0.9541299842
0.9696291534
0.9758450935
0.9820650283
0.9676701205
0.9386070963
0.8964819553
0.8684084541
0.8543198993
0.8598894220
0.8849071441
0.9165641200
0.9451000779
0.9674826479
0.9858625140
1.0034795471
1.0108465948
1.0047112995
1.0062787619
0.9844952021
0.9708435286
0.9706421767
0.9490368948
0.9224396030
0.9115707051
0.8991733130
0.8787652268
0.8609301629
0.8467460961
0.8221926054
0.7986371855
0.7947251759
0.8196363442
0.8560220421
0.8765467372
0.8803687966
0.8752201985
0.8778133737
0.8951068669
0.9215220583
0.9412468374
0.9572186525
0.9602285478
0.9740133781
0.9901212850
0.9928834251
1.0025727265
1.0033813074
0.9884363170
0.9827111552
0.9718948412
0.9525622976
0.9391831905
0.9346223989
0.9344016880
0.9369715598
0.9467628732
0.9610541406
0.9773495890
0.9819270483
0.9859926548
0.9814550076
0.9951931249
0.9998074663
0.9986109290
0.9953275025
1.0003002388
1.0030437837
0.9888199117
0.9764884679
0.9807296589
0.9910783236
0.9930897703
0.9882487548
0.9861276717
0.9901831731
0.9982523625
1.0066713247
1.0158907600
1.0201801996
1.0039045114
1.0075032509
1.0043907333
0.9968665578
0.9864642616
0.9742046063
0.9763986349
0.9975807681
1.0153276573
1.0120881591
1.0002444766
0.9948976540
0.9944508748
0.9939953767
0.9953205976
1.0015060719
1.0004704059
0.9748415690
0.9680507699
0.9855022451
0.9914341534
1.0030521102
0.9834992314
0.9661755257
0.9578451837
0.9839932206
0.9967606721
0.9918585403
0.9805695637
0.9845176179
0.9956298026
0.9981987166
0.9978140687
0.9963734415
0.9941414672
0.9984116273
0.9983343631
0.9903415321
0.9912082591
1.0025727463
1.0124126726
1.0171291703
1.0146980244
1.0067229453
0.9994780208
0.9941830461
0.9752387452
0.9379603827
0.9047583300
0.8832901976
0.8704254407
0.8648308622
0.8693214505
0.8909022426
0.9265401905
0.9550808181
0.9648713230
0.9675049922
0.9679488781
0.9834645624
0.9993497676
1.0027309542
1.0028932238
0.9847618468
0.9805247896
0.9789637805
0.9966145619
0.9960517781
0.9902603218
0.9883293075
0.9970734012
1.0032304440
1.0044411344
0.9989109193
0.9911640970
0.9917723602
0.9904987219
0.9873466706
0.9827768248
0.9834835159
0.9947425376
1.0125403169
1.0271782221
1.0170344437
1.0081449871
1.0086693413
1.0143083824
1.0115410264
1.0065463464
1.0020562671
0.9972341214
0.9963105380
0.9943334181
0.9888934789
0.9910506101
1.0065947494
1.0179267115
1.0088690191
1.0041313817
1.0069587661
1.0022142807
1.0024626068
0.9945881036
0.9938230200
0.9954891234
0.9976836049
0.9939752120
0.9956844024
0.9940293522
0.9724528427
0.9291756582
0.8633340655
0.7733896010
0.6722089852
0.5936349206
0.5679212181
0.5932273273
0.6544328157
0.7468119286
0.8421104606
0.9288357520
0.9739526021
0.9995136073
1.0046888626
1.0008799069
0.9968580014
0.9901228338
1.0040764510
1.0108397744
1.0026123635
1.0006636972
1.0050075652
1.0103568885
1.0107419975
0.9991272949
0.9815004895
0.9648916489
0.9427494188
0.9211019660
0.9145150552
0.9085606375
0.9107654227
0.9314428384
0.9584953464
0.9826513949
0.9926226955
0.9836694024
0.9836513024
0.9955547271
1.0027928799
1.0075161459
1.0028310051
0.9934294461
0.9939339040
0.9999089043
1.0012489901
1.0012145802
1.0020125143
1.0043949531
1.0040825636
1.0096072536
1.0248605944
1.0120385401
0.9919594908
0.9813479205
0.9831450794
0.9704671111
0.9450283434
0.9149964343
0.8908257284
0.8806331767
0.8821296547
0.9064963629
0.9387044775
0.9634869745
0.9855675467
0.9989067850
0.9995023805
0.9933015467
0.9852977858
0.9812405848
0.9738382721
0.9758959556
0.9810333964
0.9781519169
0.9689609184
0.9350197531
0.8826864991
0.8423976308
0.8180154634
0.8239549049
0.8585979828
0.9038521310
0.9465985092
0.9812605907
0.9962324290
0.9953509955
1.0014733711
1.0085866147
1.0171926492
1.0238626921
1.0103808422
1.0022927931
1.0115530201
1.0296475626
1.0153935368
1.0118571084
1.0085345128
1.0050953718
1.0010604623
0.9993166619
0.9966543186
0.9917446868
0.9885896880
0.9898417845
0.9918340401
0.9968296692
1.0091394669
1.0167284420
1.0180624246
1.0063218515
1.0109828660
1.0125948069
1.0089873222
0.9933332728
0.9841102515
0.9735136714
0.9692956663
0.9666274019
0.9648364420
0.9737288737
0.9917186656
1.0022412888
0.9988592296
0.9977872694
0.9969080057
0.9872701020
0.9877322552
0.9972299296
1.0026192864
1.0041396742
0.9957041509
0.9887341252
0.9717722582
0.9528093672
0.9627455166
0.9775831673
0.9836749763
0.9800597466
0.9805099591
0.9764790057
0.9863382035
1.0022701108
0.9955806353
0.9788309563
0.9791157157
0.9843450502
0.9822583000
0.9865388363
0.9892606163
1.0009323132
0.9955535111
0.9872519859
0.9828021210
0.9898349596
0.9990339213
1.0003306591
0.9936823678
0.9902157047
0.9892610961
0.9822899090
0.9804019236
0.9876442813
0.9969729078
0.9951876723
0.9924370311
1.0006566776
1.0028731187
0.9966988625
0.9923818024
0.9869558858
0.9845150499
0.9906542961
0.9835238729
0.9644272781
0.9452727011
0.9372553468
0.9402476125
0.9594594487
0.9837235005
0.9996161846
0.9904497048
0.9749228307
0.9747036094
0.9845097339
0.9845920249
0.9772357374
0.9785971974
0.9816118475
0.9844385179
0.9985262279
1.0124851058
1.0142988088
0.9993333991
0.9960952971
1.0167197730
1.0087980562
0.9957943467
0.9959551431
0.9856440299
0.9843091375
0.9975870475
1.0046525892
0.9925121431
0.9708544586
0.9596141120
0.9729774462
0.9982197315
1.0060543139
1.0003131066
0.9935656757
0.9770094590
0.9677442159
0.9740368065
0.9838581004
0.9949831162
0.9994418944
1.0008118727
0.9804341751
0.9669215707
0.9696323140
0.9787854261
0.9850360303
0.9826321679
0.9739808978
0.9655152430
0.9577407540
0.9514001268
0.9511725725
0.9544866590
0.9645786325
0.9853046159
0.9917575364
1.0063413951
1.0171198063
1.0132086067
1.0068700240
0.9967480682
1.0057251677
1.0054865104
0.9911212152
0.9778973586
0.9789398698
0.9904539093
0.9885828001
0.9802990931
0.9853489059
0.9923793395
0.9889870635
0.9819557163
0.9826130401
0.9806885359
0.9829846120
1.0038003286
1.0050838252
0.9910002093
0.9846636614
0.9901433991
1.0007667400
1.0124185735
0.9973630763
0.9939227293
1.0069052663
1.0090114609
0.9982765331
0.9960764736
0.9965870520
0.9880629720
0.9861048256
0.9903311707
0.9943648469
0.9897123173
0.9859518350
0.9719643118
0.9745289173
0.9909714829
0.9831203155
0.9957344603
1.0056027121
0.9973448280
0.9934395281
1.0055653225
1.0081261265
1.0061395571
0.9951541122
0.9815290587
0.9693825865
0.9611785574
0.9668249246
0.9663738416
0.9733124325
0.9792418509
0.9854675838
0.9790260032
0.9662389767
0.9404371520
0.9341852157
0.9471629430
0.9537133151
0.9506534896
0.9528698004
0.9698007979
0.9971110254
1.0036618123
1.0002895235
1.0067329464
1.0111206912
0.9958030211
0.9818279631
0.9978417627
1.0014687395
0.9999414153
1.0083133607
1.0086139914
1.0142898605
1.0124474253
0.9802989357
0.9933141938
0.9878668222
0.9837841557
0.9843707506
0.9917398402
1.0087369673
1.0124806720
0.9989166056
0.9867004207
0.9837417913
0.9737046180
0.9458293128
0.9125658859
0.8737492200
0.8240687529
0.7481994811
0.6700842967
0.6164180726
0.5878433720
0.6078910199
0.6763868625
0.7672293371
0.8618323728
0.9220808887
0.9549431174
0.9775865296
0.9795606800
0.9843939305
0.9966028073
1.0015323753
1.0053238115
1.0063244967
0.9933802005
0.9798828503
0.9743684373
0.9874047211
0.9869506423
0.9963507020
0.9922664327
0.9764039946
0.9929745436
1.0016269151
0.9870494895
0.9649570756
0.9697912427
0.9818683105
0.9710704593
0.9532526159
0.9510088195
0.9495038588
0.9392971753
0.9330020135
0.9305475221
0.9370836301
0.9519133370
0.9560380839
0.9667397961
0.9723270790
0.9700982196
0.9652481694
0.9760164554
0.9759829082
0.9629859986
0.9771715237
0.9758427643
0.9719683420
0.9701072234
0.9515596052
0.9259451150
0.9106612743
0.9166722487
0.9329490568
0.9280019152
0.9209745483
0.9441930910
0.9788787004
0.9882540597
0.9940654328
0.9841150957
0.9696524718
0.9466747513
0.9305862847
0.9219708118
0.9138824921
0.9096075372
0.9045974606
0.9027721811
0.8926875194
0.8848331105
0.8959610816
0.9341444166
0.9785995530
0.9885951037
0.9757604851
0.9666807455
0.9688339925
0.9763218110
0.9761721622
0.9703859456
0.9424345942
0.9299353249
0.9240080638
0.9375296874
0.9573389425
0.9727046036
0.9857453457
0.9892862189
0.9870386579
0.9909270902
0.9924267558
0.9943536730
0.9980515961
0.9863968727
0.9786844876
0.9877156807
0.9971615177
0.9801806227
0.9700374462
0.9757666405
0.9845608820
0.9969347477
1.0064036380
1.0021721184
0.9891607863
0.9911693130
1.0035225465
1.0065082013
1.0063889508
1.0147528634
1.0169837921
1.0117297504
1.0132911753
1.0117985047
0.9981017543
0.9872929760
0.9921507857
1.0014746836
0.9980766230
1.0056150230
1.0221801571
1.0153961309
1.0137325625
1.0130615126
1.0020241979
1.0033477072
1.0025928116
1.0022680326
1.0068133976
1.0058487957
0.9979881284
0.9975043105
1.0022579866
0.9971292403
0.9881123899
0.9840316698
0.9810604126
0.9766203932
0.9822817773
0.9913861962
0.9911685999
0.9997196737
1.0013397992
1.0014026240
1.0154585947
1.0077792323
0.9981035486
0.9952968183
0.9976014532
0.9966070111
0.9914098824
0.9860975509
0.9823530715
0.9817142843
0.9847629025
0.9890338071
0.9916445706
1.0017070886
0.9929852815
0.9921696268
0.9872220497
0.9765042763
0.9848642062
0.9779927958
0.9808726501
0.9853746988
1.0088316395
1.0120616981
1.0035313208
1.0031326738
1.0048994327
1.0028919569
1.0048547479
1.0069183433
0.9997558593
0.9927690052
0.9812105385
0.9899219259
0.9841467605
0.9775320803
0.9736135811
0.9877518833
1.0051262185
1.0150469362
1.0084931357
1.0051196677
1.0107225643
1.0086170280
1.0014533390
0.9957361772
0.9857837417
0.9779441639
0.9826615844
