#flux
0.9673852320
0.9475195246
0.9572374008
0.9641374735
0.9791556485
1.0078677768
1.0103995811
0.9877610080
0.9684492156
0.9574270640
0.9526899285
0.9565119613
0.9636655680
0.9730579245
0.9754772597
0.9660723758
0.9647000424
0.9712583660
0.9751002337
0.9762263874
0.9823587807
0.9910905577
0.9601778193
0.9690837191
0.9674087941
0.9418740085
0.8951280504
0.8476051925
0.8414190194
0.8794614644
0.9257969396
0.9874696636
1.0680693295
1.0884730011
1.0614597464
1.0396917822
1.0265309307
1.0170851469
1.0121715612
0.9805311045
0.9437006894
0.9726438136
0.9946676103
0.9799927788
0.9817908872
0.9834729975
0.9654961242
0.9496307107
0.9362741906
0.9249626556
0.9474398940
0.9911475575
0.9975559416
0.9854926558
0.9870915641
0.9757758705
0.9593112545
0.9682317205
0.9682954989
0.9289376993
0.9566903939
0.9640799270
0.9693069951
0.9822642283
0.9633000557
0.9268726272
0.9121534034
0.9202919179
0.9417193090
0.9305995817
0.8969778888
0.9100474416
0.9250183655
0.9316139763
0.9388038815
0.9526291481
0.9551685056
0.9274102061
0.9045709878
0.9288398211
0.9582504369
0.9583694587
0.9337720392
0.9078050900
0.8908026984
0.8822048925
0.8620143298
0.8163898287
0.7990538543
0.8248077069
0.8293973602
0.8202938330
0.8504096744
0.8837554757
0.9051101618
0.9195372622
0.9197470314
0.9010573564
0.8914131318
0.8855458029
0.8915772246
0.9135316004
0.8943656871
0.8512376999
0.8364923948
0.8842453232
0.9601760572
0.9849661423
0.9613801195
0.9454027207
0.9263619757
0.8927044775
0.8914728678
0.8923171143
0.8742204889
0.8851011041
0.9004851050
0.8593578258
0.8494437713
0.8879728713
0.9253493942
0.9547110723
0.9249902164
0.9144721186
0.9332380417
0.9445571782
0.9389532207
0.9241820479
0.8950030994
0.8627608783
0.8697686593
0.9095978567
0.9122840611
0.8885499268
0.8718882737
0.8668176454
0.8784731804
0.9035005711
0.9047311525
0.8725700310
0.8527079625
0.8283976006
0.8430865148
0.8766418546
0.9003153469
0.8861661545
0.8589667967
0.8584227087
0.8582081471
0.8378689170
0.8276800174
0.8227652015
0.8393535189
0.8796071218
0.8669054824
0.8364624304
0.8229661832
0.7960085908
0.7570199492
0.7710589387
0.8216296662
0.8441542613
0.8603652155
0.8742972399
0.8650027153
0.8304948797
0.7984824904
0.7839857917
0.7779951275
0.7835028323
0.8082908405
0.8243780296
0.8135652086
0.8113554915
0.7847846707
0.7631295384
0.7499562113
0.7570326784
0.7756376483
0.7760602096
0.7643530363
0.7791951640
0.7604767545
0.7632946791
0.7495882850
0.7163316239
0.7065823248
0.7242807333
0.7407260761
0.7361317671
0.7133781266
0.6886006973
0.6775820975
0.6820502162
0.6809461469
0.6960494250
0.7432472497
0.7182475918
0.6664503696
0.6202099414
0.5639681820
0.5096976573
0.4905145927
0.4639225016
0.4277193430
0.3844027234
0.3368094997
0.3035386831
0.2756902189
0.2370326124
0.2110125412
0.1965574275
0.1881430553
0.1987445132
0.1972990036
0.2320979018
0.2273738383
0.2401777400
0.2723609032
0.3174820934
0.3617424510
0.4119844340
0.4838028944
0.5684139247
0.6378275909
0.6885756933
0.7123252979
0.7120987741
0.7024233630
0.6989097793
0.7261303278
0.7302756279
0.7225285192
0.7281392032
0.7529297225
0.7853653923
0.7597759000
0.7398484298
0.7357042589
0.7312215815
0.7698514275
0.7875199425
0.7775584533
0.7650725450
0.7661377405
0.7848945480
0.8070755891
0.8144350943
0.8184234036
0.8288523385
0.8192569221
0.8113124600
0.8234128739
0.8288484925
0.8185777598
0.8177662082
0.8213474149
0.8207213140
0.8302100398
0.8031159521
0.8119122668
0.8171169228
0.8520757189
0.8969999277
0.9168679046
0.9072325617
0.8854690964
0.8717926881
0.8688987118
0.8675805776
0.8747354074
0.9008111638
0.8938726579
0.8164544906
0.8457918761
0.8486923846
0.8556601178
0.8648440361
0.8567999891
0.8541886461
0.8660565928
0.8737166770
0.9052207145
0.8942274645
0.8822223179
0.9290829900
0.9527847648
0.9199273972
0.9021856009
0.8948304384
0.9145434826
0.9275412786
0.8952510591
0.8928197694
0.9012767190
0.8985316432
0.9154272058
0.9105700662
0.9379574439
0.9181021497
0.8621393301
0.8604988571
0.9104021102
0.9360890220
0.9219273380
0.9081827549
0.9185848590
0.9266543419
0.9226939210
0.9481772216
0.9527436923
0.9257182735
0.8861560016
0.8802568958
0.8755341111
0.8436239916
0.8025548290
0.7537586342
0.7765148013
0.7851556521
0.7951456490
0.8337279827
0.8877933989
0.9049672545
0.8955007892
0.9075309401
0.9372599255
0.9432826822
0.9187172996
0.9075874261
0.9337404120
0.9590747830
0.9944497599
0.9838374233
0.9679684570
0.9718270554
0.9712035465
0.9528409430
0.9344529149
0.9372294057
0.9500623516
0.9489342562
0.9433741112
0.9294074897
0.9276908375
0.9277798016
0.9272753872
0.9368673765
0.9112954735
0.9064667404
0.9228751279
0.8919358376
0.8395767100
0.8629345960
0.9344642076
0.9853467378
1.0325379380
1.0274207186
1.0307715978
1.0275612406
0.9874522372
0.9464237217
0.9527270509
0.9710088669
0.9559996721
0.9300270435
0.9145528569
0.9064060522
0.9255090033
0.9472113322
0.9499032645
0.9688386759
0.9796673360
0.9767820230
0.9275315204
0.8983104226
0.8806362582
0.8837840874
0.9121992551
0.9205121778
0.9467376864
0.9504110186
0.9443952103
0.9346199532
0.9420287717
0.9725022508
0.9822680143
0.9679150580
0.9555583562
0.9649468585
0.9853636297
0.9901895648
0.9867600402
1.0083356955
0.9990240753
0.9630039047
0.8942921916
0.8974246623
0.8570880309
0.8489505148
0.8743898899
0.9336083358
1.0110212507
1.0570419456
1.0519146932
1.0222561405
0.9946691919
0.9788547594
0.9742816430
0.9719050591
0.9694891513
0.9200509971
0.9201454217
0.8633268176
0.8458214235
0.8564262765
0.8661005963
0.8875037147
0.9136392192
0.9489480965
0.9854137779
0.9791011406
0.9610685916
0.9757801953
1.0012359481
0.9830905935
0.9420736873
0.9652631870
1.0189096228
1.0317483810
1.0084831549
0.9966806506
0.9999302710
0.9786248606
0.9562317350
0.9708889994
0.9889341058
1.0140414171
1.0033223061
1.0262301387
1.0441054756
1.0147689923
0.9742965186
0.9602706735
0.9630297765
0.9618290711
0.9561845911
0.9630245421
0.9860449695
0.9719473239
0.9455033874
0.9657878508
0.9913884599
1.0164945535
0.9868028069
0.9705060311
0.9914447769
0.9833520095
0.9605107591
0.9805128795
0.9999485095
0.9948752244
0.9912654676
0.9843192067
0.9687629565
0.9632857192
0.9659389433
0.9796293111
0.9923374311
0.9723091342
0.9927289346
0.9919251074
0.9507969859
0.9497664890
0.9554445475
0.9428486127
0.9336714876
0.9656851211
0.9613862254
0.9792239247
0.9907406670
1.0003146458
0.9995841808
0.9917386027
0.9943488550
0.9897404656
0.9895883415
1.0085535768
1.0353548379
1.0503102447
1.0191463664
0.9955060850
0.9928625274
0.9671708975
0.9739000929
0.9992115310
0.9438606926
0.9331804152
0.9509898578
0.9640101190
0.9786978724
0.9995474044
1.0148857394
1.0113301471
0.9964919790
0.9929369045
0.9955593874
0.9885523988
1.0022185961
1.0077320979
0.9968148293
1.0213689227
0.9879886113
0.9996761372
1.0309298328
1.0207160399
0.9889059092
0.9647809647
0.9450335631
0.9436653807
0.9753246027
1.0010354969
0.9974247976
0.9814940017
0.9879592414
1.0158141179
1.0068359953
1.0024730241
1.0107457798
0.9761515821
0.9756640043
0.9960033598
0.9815547702
0.9741159942
0.9748773864
0.9770546701
0.9723924265
0.9817061491
0.9924041955
0.9948796086
0.9883483269
1.0238163783
1.0513753889
1.0258929134
1.0178335878
1.0409554705
1.0702986488
1.0710268836
1.0569990585
1.0675252069
1.0812224629
1.0804761066
1.0040620296
0.9798814595
0.9706762587
0.9987868072
0.9952981079
0.9685067520
0.9427723377
0.9458505688
0.9800855013
0.9882386125
0.9614357835
0.9678039006
1.0119316540
1.0197117813
0.9892651816
0.9873030022
1.0036718812
1.0070304979
0.9685584495
0.9828458563
0.9662971958
0.9732326494
0.9893115071
0.9894725099
1.0032451989
1.0233810163
1.0061188779
0.9768449153
0.9807164776
1.0059269733
1.0234902378
1.0136633163
0.9985860204
1.0299480434
1.0353909190
0.9957121093
0.9741639845
0.9927560312
0.9855695307
0.9640292569
0.9543597087
0.9428200495
0.9484469133
0.9681636144
0.9714976082
0.9724084190
0.9894278634
0.9870051256
0.9577812032
0.9169578986
0.8881783980
0.8922475377
0.9127709623
0.9249829738
0.9211967722
0.9444742480
0.9443053063
0.9572024870
0.9688179986
0.9794417488
0.9554249238
0.9620665715
1.0039520193
1.0122329155
1.0195035206
1.0338009122
1.0138637534
0.9800353433
0.9809975542
0.9972416989
0.9802193543
0.9497747375
0.9524295478
0.9642414809
0.9559330427
0.9481081801
0.9834397490
0.9928681127
0.9870373926
1.0116154062
1.0267434801
1.0094875828
0.9867325624
0.9779111401
0.9727036205
0.9860333784
0.9960157773
0.9952293774
0.9845761525
0.9855841187
1.0110522708
1.0105771282
0.9717296534
0.9740080790
0.9953556723
1.0079248589
1.0008767499
1.0076119286
1.0091204544
0.9914532342
1.0057967862
0.9906379804
0.9965272785
1.0339155229
1.0161507340
1.0133807677
1.0298779709
1.0177964606
0.9797312438
0.9702788200
1.0066364197
1.0390741900
1.0334660321
0.9916886635
0.9757268919
0.9867310596
0.9975656939
1.0021467644
0.9998724581
1.0201162119
1.0336483326
1.0003384143
0.9784357111
0.9523785702
0.9754981005
0.9987006395
0.9709549129
0.9599362956
0.9920946191
1.0195609138
1.0089981292
0.9733482182
0.9777573887
0.9855046283
0.9598823996
0.9466503965
0.9733658909
1.0014371581
0.9919769824
0.9740326088
0.9867402775
0.9910796394
0.9966073668
0.9954091676
0.9952357615
0.9883743193
0.9848321590
0.9998158720
1.0088393823
0.9878823714
0.9577590341
0.9569756100
0.9907141051
0.9885577900
0.9830138242
0.9903558733
0.9761559115
0.9311811281
0.8463247011
0.7780161802
0.7343434971
0.7049788390
0.7111942802
0.7802488712
0.8652773409
0.9184724542
0.9508754401
0.9780439700
1.0046111803
1.0220912355
1.0086432823
0.9796570064
0.9672231977
0.9494448994
0.8988556653
0.8368715004
0.7889162862
0.7851522803
0.8098278576
0.8216380750
0.8591688077
0.9194260659
0.9829446310
0.9928478123
0.9794066084
0.9983056900
1.0179726851
0.9993168749
0.9744000512
0.9689972989
0.9709261705
0.9801633035
0.9765318675
0.9926002104
1.0132802856
1.0207404912
1.0305493497
1.0137810595
0.9899955817
0.9776756034
0.9538622206
0.9605998919
1.0144442880
1.0500528656
1.0286268275
1.0120960803
1.0242991554
1.0316785481
1.0192620230
1.0077062067
1.0197227060
1.0295348718
1.0146167660
1.0452428749
1.0081615696
1.0029850486
0.9985471768
0.9848724067
0.9911558555
0.9950077130
0.9927505225
0.9867654809
0.9836367577
0.9972408731
1.0095785962
1.0048173245
0.9826230423
0.9555080950
0.9530790677
0.9777100287
1.0015753755
1.0326836667
1.0302678045
0.9830916199
0.9866703604
0.9384362698
0.9489015843
0.8986355858
0.8676710792
0.8759360747
0.9196510721
0.9665508779
0.9836028972
0.9844438948
0.9881690537
0.9925249412
1.0054715467
1.0371869277
1.0619511201
1.0474123707
1.0082530076
0.9838708013
0.9890202497
0.9629431567
0.9568295936
0.9300303296
0.9256370592
0.9331189967
0.9618308994
0.9815845751
1.0121124174
1.0225568761
1.0130265220
0.9829882731
0.9674984682
0.9898669952
1.0186502425
1.0153910046
1.0005434581
1.0049803849
0.9981643434
0.9831507833
0.9970248774
0.9948102920
0.9912753734
1.0044486521
1.0058246304
1.0025065455
1.0038205110
0.9970710211
1.0321890680
1.0232427905
1.0103648395
1.0129988361
0.9905659520
0.9691333456
1.0014185278
1.0641263560
1.0867459077
1.0482993797
1.0170792830
1.0394478429
1.0109702703
0.9935781257
1.0204855793
1.0249542449
1.0155793873
1.0036750680
0.9869516463
0.9826645545
0.9834647647
0.9964513492
1.0239694605
1.0299372249
1.0398676862
1.0476363130
1.0359576886
1.0062789524
0.9946709514
1.0433170352
1.0452143057
1.0272808015
1.0266431584
1.0473291118
1.0003886284
1.0036031027
1.0299444935
0.9875751571
0.9716826952
0.9734599660
0.9725762380
0.9869922545
0.9957026354
1.0041030756
1.0078559510
1.0051094771
1.0016473217
0.9878807104
0.9835577293
1.0156678294
1.0181013159
1.0037929202
1.0391809578
1.0771186973
1.0483678537
1.0310511191
1.0645549210
1.0568866782
1.0547425807
1.0061459795
0.9805234121
0.9859538120
1.0084023014
0.9910287191
0.9914796403
1.0255174347
1.0344449285
1.0170362520
0.9833890006
0.9628008121
1.0036648871
1.0045352728
0.9752378741
0.9788935613
0.9542881495
0.9056142339
0.8810270304
0.8910675218
0.9288097550
0.9374459904
0.9258299944
0.9509938030
0.9853006304
1.0037398437
0.9927289226
0.9709373735
0.9759126284
0.9953033447
0.9971602398
0.9976646787
1.0125812760
1.0105164770
1.0087422891
0.9982806593
0.9814376660
0.9698033466
0.9778654419
1.0009535767
0.9828701098
0.9458743365
0.9701504464
0.9944931178
1.0049485386
1.0246312207
1.0260454308
1.0176010796
1.0302383405
1.0091108771
0.9485319071
0.9656264870
0.9826233351
0.9460398447
0.9867582110
1.0502688757
1.0018146972
0.9622767827
0.9792951899
0.9684040294
0.9833826336
0.9921527361
1.0108157879
1.0153847667
0.9975040049
0.9719016774
0.9842354872
1.0105096094
1.0070032644
1.0057348496
1.0082313792
1.0260547844
1.0123915632
0.9393819557
0.9574467713
0.9806512319
0.9865172736
0.9894977932
1.0103273974
0.9937846550
1.0017332017
1.0093898991
0.9945126923
1.0283733847
1.0238748407
0.9877107097
0.9835076297
0.9846624654
0.9828924272
0.9870758322
0.9474280386
0.8782357831
0.8299383554
0.8298515816
0.8821634275
0.9267576001
0.9524583156
0.9834870833
0.9697435006
0.9493013724
0.9688819468
0.9832220901
1.0110863833
1.0293817808
1.0256851025
1.0210757718
1.0208569291
1.0300865778
1.0457466254
1.0325136225
1.0254008081
1.0713473031
1.0040601393
0.9722680080
0.9780846692
1.0315173174
1.0033161189
1.0076701642
0.9886204904
1.0142926331
1.0202492459
1.0124119932
1.0226620331
1.0228016660
0.9980337244
0.9801546911
0.9965333571
1.0104839753
0.9923163228
0.9939357717
1.0134361246
1.0164314335
1.0107517348
0.9969086920
0.9607336042
0.9580813040
0.9597338341
0.9873288540
0.9874922670
0.9658394559
0.9659645248
0.9760473996
0.9796435276
0.9697049510
0.9668510155
0.9836608978
1.0011235580
1.0111022064
1.0208833978
1.0165637185
0.9997670364
0.9884278941
1.0028633989
0.9751679281
0.9628303765
0.9569562580
0.9616768402
0.9681512000
0.9525690614
0.9719957462
1.0144107446
1.0180046470
0.9932852666
0.9873777073
0.9585492983
0.9411252000
0.9640257063
0.9772492483
0.9874679165
0.9761180849
1.0059548851
1.0216426890
0.9910432420
0.9683021308
1.0043239862
1.0054767765
0.9980023134
0.9756303598
1.0006101818
1.0126964160
1.0349306799
1.0194130225
1.0116679894
1.0027001844
0.9955882989
1.0113541486
0.9967936248
0.9525098885
0.9651006762
0.9910520008
1.0009230455
0.9957409212
1.0181581172
1.0392271394
1.0366030814
1.0036683000
0.9766763782
0.9896962937
0.9868927476
0.9813568755
1.0035926819
1.0028792620
0.9755247465
0.9839928747
1.0001652594
0.9888456447
0.9947322043
1.0229242749
1.0254137543
0.9934327230
0.9709426154
1.0109659979
1.0283734719
1.0054638690
1.0188516112
1.0294849598
1.0224913710
1.0108790718
1.0006976276
0.9958939635
1.0046930749
1.0004440908
0.9949581701
1.0018949176
1.0073418083
1.0090832789
1.0093490469
1.0097919707
1.0221898121
1.0055638026
0.9876512384
0.9815164590
0.9821435174
0.9949827948
0.9906008122
0.9834961553
0.9964244243
0.9967079939
0.9791538980
0.9704215892
0.9815446766
0.9953392794
1.0136710405
1.0208794910
1.0233162718
1.0171534755
1.0084141255
1.0301652571
1.0204737467
1.0116924345
0.9890673526
0.9960428435
1.0274024237
1.0018756325
1.0087040659
1.0186682529
1.0436656689
1.0073932163
1.0177575864
1.0422514054
1.0686702375
1.0524981353
1.0288563988
1.0188499131
1.0013916426
0.9990318096
1.0038021029
0.9687529198
0.9694665550
1.0191747201
1.0232686752
1.0180632059
1.0161374534
1.0413020666
0.9953264451
0.9845834788
0.9781571349
0.9728187104
1.0125675990
1.0310913547
1.0213084564
1.0403292658
1.0049855590
0.9518114359
0.9892093941
1.0684146021
1.0788531680
1.0188125642
1.0321314591
1.0393373846
1.0299821923
1.0144238268
1.0125132751
0.9953304590
0.9504253792
0.9893213330
1.0191515052
1.0429917181
1.0493107809
1.0339237555
1.0021093245
0.9923065717
0.9882156014
0.9962908704
1.0142282976
1.0213208006
1.0296395193
1.0066825173
1.0008650890
1.0014960075
1.0133774514
1.0186522520
0.9872724364
0.9807735629
0.9579967726
0.9903363650
1.0314321416
0.9983960357
0.9704647870
0.9831539783
1.0024629931
1.0080285179
0.9965876849
0.9931869142
0.9905489293
0.9748012933
0.9888502765
1.0045729908
0.9986781875
0.9728880726
0.9643046519
1.0090075177
0.9985165877
1.0209485947
0.9944960078
0.9918251162
1.0202976576
1.0131122194
0.9976120052
0.9814122088
0.9921366159
1.0070003527
1.0094249206
0.9857723447
0.9628516007
0.9808321226
0.9819254648
0.9759864065
0.9902658362
0.9806356633
0.9830874769
1.0452214153
0.9910116907
1.0105321285
1.0202953615
1.0209384961
0.9670567996
0.9868991305
1.0077193791
1.0062363354
0.9935539019
1.0032150184
1.0276696216
1.0100164845
0.9767941661
0.9726358430
0.9595260539
1.0177796623
1.0499486090
1.0035873553
0.9818007579
0.9719762954
0.9909728340
1.0257714952
1.0197026589
1.0535285470
1.0432458166
1.0268983918
1.0105058511
0.9921667111
1.0052844708
1.0106913585
0.9846839946
0.9921752549
1.0226940136
0.9972166016
0.9820382743
1.0278288006
1.0401486414
0.9940250060
0.9953173989
1.0483738321
0.9776886065
0.9488459845
0.9888685939
0.9742384253
0.9798536474
0.9791895816
0.9637718269
0.9278559607
0.9132153766
0.9035902331
0.9304368121
0.9806990460
0.9920547332
1.0322512039
1.0425856073
1.0069825932
0.9982213897
1.0081114690
1.0240510167
0.9820906060
0.9797312599
1.0091756295
1.0216852097
1.0160703064
1.0079288249
0.9829713338
0.9670523378
0.9543020998
0.9482414011
0.9569050957
0.9800844673
1.0052151450
1.0070632927
0.9957325366
1.0096075765
1.0287335018
1.0324522946
1.0667549038
1.0697770021
1.0276605885
1.0346809838
1.0401755989
1.0220253661
1.0195578353
0.9787305146
0.9591205397
0.9650587185
0.9932604408
0.9919225100
0.9713483662
0.9807504496
0.9924692694
0.9880812423
0.9977974310
0.9956045835
0.9926526645
1.0083919873
1.0070988536
0.9650779814
0.9914482151
1.0045304300
1.0325099209
1.0450004533
0.9845195355
0.9529452646
0.9581983832
0.9606564631
0.9766497205
0.9980518299
0.9923308098
0.9866423071
0.9831887876
0.9670438424
1.0109855190
1.0087890484
0.9850987528
0.9596124476
0.9810376968
0.9929870869
1.0091969102
0.9955418229
0.9832830379
1.0041861850
1.0134431258
1.0190572405
1.0086510843
0.9817120573
0.9518089212
0.9407203325
0.9602697250
0.9828433624
0.9851978457
0.9906227924
0.9957127603
0.9844447981
0.9910130937
1.0187081520
0.9976714392
0.9749088855
0.9986810087
1.0210548441
1.0315353842
0.9976344001
0.9487518036
0.9045504258
0.8991632540
0.9189294161
0.9236933548
0.9025254714
0.8743397310
0.8476607364
0.8154869860
0.8032772810
0.8391851296
0.8546992196
0.8915881494
0.8722380822
0.9148799811
0.9134273372
0.9038140484
0.9340432323
0.9677338511
1.0002862390
0.9918427962
0.9802287414
0.9728654050
0.9865103397
1.0076989674
1.0088210861
1.0165889360
1.0098371151
0.9434408750
0.9232704857
0.9533079956
0.9469591324
0.8797248315
0.9088522898
0.9567765482
0.9691345250
0.9701825173
0.9687789195
0.9740725425
0.9600219214
0.9549701619
0.9540338176
0.9589163458
0.9732618683
0.9933131798
1.0109126179
1.0266857181
1.0396834298
1.0324455547
0.9998606618
0.9612905318
0.9570120121
0.9550179978
1.0212625945
0.9912224837
0.9871043267
0.9851376880
0.9663059209
0.9588178605
0.9849586261
1.0110574783
1.0253159814
1.0314640218
1.0307606428
1.0296214611
1.0327242812
1.0287437821
1.0097929817
0.9902910530
0.9920271619
1.0359220874
1.0630350915
1.0234084445
0.9854390941
0.9984549926
1.0336736143
1.0129746084
0.9764900411
0.9672805887
0.9800219660
1.0143409117
1.0123691721
0.9794349033
0.9723692762
1.0167222121
1.0510062592
1.0369169908
1.0293580591
1.0358079148
1.0333294353
1.0430486041
1.0313501116
1.0256819764
0.9872292874
0.9660947817
0.9987358106
1.0037811110
1.0006243842
0.9884211472
1.0142317292
1.0316653478
1.0160706828
0.9929053098
0.9850645171
0.9818568376
0.9620118646
0.9401755884
0.9461750507
0.9521428509
0.9232712940
0.9178631476
0.9488794372
0.9581914894
0.9577805384
0.9785669045
1.0058413507
1.0466171799
1.0589476031
0.9871219532
0.9672336373
0.9694990882
0.9943701441
0.9919888694
0.9705826737
0.9799593231
1.0045689798
1.0145030822
1.0052552789
0.9835095864
0.9872395552
0.9790191471
0.9780980202
0.9619564738
0.9761116818
0.9994768727
1.0056696691
0.9907780955
1.0212742354
1.0387484233
1.0411391431
1.0305618298
1.0169770886
1.0129539446
0.9959167981
0.9819837410
0.9847473513
0.9793394150
0.9931115485
1.0042155844
0.9841871994
0.9770184652
1.0207374424
1.0359258012
1.0244560399
1.0148219265
1.0005201685
0.9909077935
0.9833792513
0.9624200010
0.9604058339
0.9640896544
0.9843474328
1.0048778619
1.0097068727
1.0100287613
1.0167568243
1.0207311839
0.9995266869
0.9763421115
0.9521163873
0.8790281506
0.8556976547
0.8250765792
0.7598657300
0.7829165044
0.8269423274
0.8787856299
0.9506568973
0.9892052463
0.9976127710
0.9840636234
0.9743566234
0.9768104699
0.9831861726
0.9918771871
0.9926148794
0.9881566847
1.0109002432
1.0240951629
0.9926781541
1.0066616830
1.0039421576
0.9936907571
1.0072538432
1.0208061398
1.0171128588
1.0191883610
0.9857020128
0.9906983839
1.0030171995
1.0233478364
1.0442714902
1.0381199630
0.9955782889
0.9578120552
0.9638588029
0.9907103071
1.0270545466
1.0605383411
1.0724711619
0.9869222531
1.0038902932
1.0374566438
1.0064096719
0.9938429510
1.0138844444
1.0143121718
1.0113758393
0.9927745281
0.9847791137
1.0014354583
0.9973981777
0.9687374109
0.9638351522
0.9746543355
0.9748336479
0.9910950540
0.9982974704
1.0030959515
1.0024264033
0.9496406088
0.9567809335
0.9414230436
0.9882580865
0.9959226464
1.0001514880
1.0082909244
0.9932522879
0.9770291178
0.9653422956
0.9695621674
0.9949393702
1.0153374748
1.0112375906
0.9928224124
0.9810223495
0.9787643206
0.9576899370
0.9808294853
1.0263347298
1.0224532838
1.0287912043
1.0349229999
0.9876984442
0.9840558575
0.9761217065
0.9829339472
0.9969917452
1.0139913671
1.0259234093
1.0221860962
1.0105281305
0.9949375731
0.9858840275
0.9973796395
1.0234695186
1.0417864458
0.9979499387
1.0070982387
1.0466864704
1.0278269696
0.9758744940
0.9843698583
1.0010137628
0.9859168755
0.9648088075
0.9874170607
1.0286878273
1.0359759710
1.0121257154
0.9851896057
0.9935616334
0.9896081187
0.9706606874
1.0005662745
1.0088576934
0.9865845189
0.9813362089
1.0055621726
0.9786596065
1.0038726685
1.0070090160
1.0349098207
1.0154844967
0.9776479136
0.9629732671
0.9686807086
0.9787559131
0.9998597285
1.0171098581
1.0304587790
1.0176184583
0.9986665777
1.0035511845
1.0075686554
1.0178493205
0.9936732908
0.9383119122
0.9816699294
0.9874452404
0.9862498200
0.9724735655
0.9899210488
1.0066392110
0.9752416769
0.9700619753
0.9872247659
0.9969178422
0.9910158379
0.9882615282
1.0081261332
1.0379990384
1.0108872685
0.9624284396
1.0023740817
1.0334137578
1.0031794804
0.9776930926
0.9495654584
0.9638887754
1.0078593987
1.0070915978
0.9982389781
1.0158978364
1.0090851565
1.0460724429
1.0346825567
1.0124149713
0.9896155053
0.9941945390
1.0023820999
0.9599332376
0.9292034628
0.9677549055
0.9904815727
0.9775623441
0.9656707520
0.9806524134
0.9925519944
0.9808552330
0.9726298126
0.9847282079
1.0153873530
1.0018322942
1.0160499135
0.9680010641
1.0026886636
1.0145466204
0.9906740663
0.9905798299
1.0005777088
0.9966219951
1.0019880308
1.0280168634
1.0324792827
0.9957556674
0.9926208858
0.9757039304
1.0045978255
1.0152051913
0.9933804263
0.9835762821
0.9935075389
1.0114995517
0.9907231152
0.9940974440
1.0309148515
1.0328577141
1.0310371537
1.0388882120
1.0389116544
1.0286610841
1.0140271320
0.9987999909
0.9766558484
0.9661821495
0.9711382503
0.9814286887
1.0235055925
1.0218017601
1.0304005148
1.0075981990
0.9781365037
0.9958052239
0.9879384460
0.9837601171
1.0285495837
1.0709447854
1.0782823433
1.0264315477
0.9843714096
0.9860180300
0.9887279847
1.0004875189
0.9985174357
1.0331551008
1.0320642511
1.0323692349
1.0366293585
1.0212383948
1.0391739060
1.0119113000
0.9824780433
1.0251460626
1.0364083593
1.0204072513
1.0068502472
1.0028703686
1.0212547089
1.0108619980
0.9865972445
0.9902265953
0.9922291116
0.9966977566
0.9905690992
0.9693589884
0.9607019357
1.0020137717
1.0293913763
1.0174301379
1.0161815790
1.0231979683
1.0074076484
0.9924777009
0.9939130414
1.0136852030
1.0208783948
0.9991274387
0.9894603692
0.9934457472
1.0184475720
1.0423880089
1.0181262725
1.0063312344
1.0064562643
1.0147171094
0.9959436140
0.9501961711
0.9444853241
0.9720757832
1.0143662973
0.9913442393
0.9871147645
1.0102198293
1.0189014617
0.9975733098
0.9903718883
0.9956360929
1.0185341530
1.0305226954
1.0272206444
1.0271972158
0.9988132454
0.9646888875
0.9589375391
0.9635894788
0.9603038981
0.9657085128
0.9441708336
0.9721722917
1.0055368377
0.9859417842
0.9488724637
0.9827082470
0.9801045151
0.9739680297
0.9975429307
1.0097520521
1.0060889960
0.9912404238
0.9835311668
0.9871020324
0.9816732426
1.0147663905
1.0070062548
0.9699320301
0.9441516969
0.9597174818
0.9970763742
0.9774156467
0.9627549000
0.9669886893
0.9780895613
0.9602871809
0.9769782670
0.9875126997
0.9783085839
0.9594759598
0.9404033939
0.8952382972
0.8306480896
0.7977997428
0.7773202220
0.7439825588
0.7343011008
0.8034648691
0.8853755415
0.9994611678
0.9783205140
0.9599697125
0.9890244047
1.0184565813
1.0014608349
1.0147532373
1.0011680477
0.9927380084
0.9960091206
0.9880561603
0.9760443772
0.9793032745
1.0048165791
1.0116440005
0.9769376449
1.0047502197
1.0168860312
0.9967776341
0.9640252939
0.9971962212
0.9815573271
0.9705150938
1.0031299363
1.0245361110
1.0137588682
0.9986803195
0.9809360756
0.9599273238
0.9572897467
0.9788655973
0.9856595633
0.9710491257
0.9549319922
0.9504154869
0.9738709321
0.9512646970
0.9736196457
0.9878491071
0.9675128684
0.9416829918
0.9051162133
0.9517685578
0.9351359840
0.9818974731
0.9916105220
0.9740452899
0.9703707040
1.0127353146
1.0473416445
1.0332551599
1.0147696266
1.0122247187
1.0016450773
0.9917510434
0.9756359256
0.9627867034
0.9800900797
0.9844485684
0.9630121787
0.9783183364
1.0108226811
1.0113277955
1.0263689843
0.9987084980
1.0072220223
1.0204508937
1.0193167634
0.9978376981
0.9744333127
0.9792507238
1.0032318780
1.0212595638
1.0227869167
1.0223198597
1.0535948988
1.0241683245
0.9838526249
0.9506690458
1.0196982970
1.0210004675
1.0403898863
1.0235340004
0.9733453320
0.9515345315
0.9735294288
0.9871088591
0.9892981825
0.9937079879
1.0040286810
1.0228884572
1.0251003770
0.9978885928
0.9822654022
0.9834707361
0.9665763703
0.9691957254
1.0049929355
1.0610898579
1.0440733466
1.0190977475
0.9912997328
0.9660158545
0.9482832217
0.9821512049
0.9944607206
0.9957457784
0.9980351003
0.9986621618
0.9951696316
0.9638901567
0.9435475837
0.9867726880
1.0238461051
1.0085268448
1.0002779470
0.9959772104
0.9939712695
0.9746094980
1.0049336537
0.9769422396
0.9606098243
1.0028797734
0.9938373686
1.0002740230
1.0078927316
1.0081030665
0.9932901794
0.9735550043
0.9905683121
0.9999575516
0.9559855965
0.9237913145
0.9571973514
1.0200391866
0.9941297383
0.9643414231
0.9841645069
0.9653465321
0.9644117656
0.9878549062
0.9937582329
0.9717289895
1.0012191371
1.0037316626
1.0007257318
1.0180901014
1.0090949747
0.9925498227
0.9872067099
0.9912830407
0.9973657250
0.9886511359
0.9904995448
1.0091962768
1.0128831183
1.0117618374
0.9776773423
0.9716627569
0.9974065560
0.9793911521
0.9860934125
0.9836872869
0.9556652486
0.9838737194
1.0064710399
1.0341749840
1.0445997621
1.0093623356
0.9767585997
0.9784722588
0.9754482143
0.9668545290
0.9891091432
0.9985082579
0.9851877915
0.9769839875
1.0013818879
1.0484442141
1.0347202814
1.0174138741
0.9789120891
0.9786833010
0.9785291634
1.0082453175
1.0208432033
1.0034405618
0.9950052511
0.9705781057
0.9822276038
1.0120932041
0.9893111627
