#flux
0.9341638993
0.9170187192
0.8962779828
0.9054760937
0.9389106218
0.9708210944
0.9952358799
1.0010218039
1.0038854542
0.9838724969
0.9592524475
0.9487235444
0.9432482241
0.9362441159
0.9358773848
0.9499288641
0.9683898593
0.9718494755
0.9610387414
0.9504724722
0.9129000810
0.8819572609
0.8621863178
0.8273279741
0.7792535571
0.7571992387
0.7715799580
0.8217622789
0.8812312192
0.9320274952
0.9645543873
0.9776184628
0.9759523228
0.9681312689
0.9672434288
0.9721450664
0.9682458155
0.9696360436
0.9541418419
0.9213555688
0.8903022405
0.8702747283
0.8469111301
0.8265309574
0.8421740131
0.8704658025
0.9480956342
1.0296165198
1.0676626614
1.0572766193
1.0258899425
0.9997341391
0.9822169694
0.9646751958
0.9500797858
0.9457661960
0.9448301296
0.9568934311
0.9709507666
0.9826075659
0.9846270128
0.9602817320
0.9212346856
0.8985172510
0.8736579639
0.8222296754
0.7703931463
0.7154629401
0.6911646068
0.7148450685
0.7699748247
0.8375579816
0.9074639941
0.9632966799
0.9837982705
0.9668831449
0.9322926845
0.9100670840
0.9083965876
0.9110391127
0.9111690196
0.9147779393
0.9207511053
0.9180331654
0.9074429457
0.8973243359
0.8795932209
0.8472291884
0.8180386430
0.8156997046
0.8401174528
0.8697101249
0.8928635499
0.9120805755
0.9098926603
0.8584685960
0.7784924186
0.7076990310
0.6663948076
0.6532846584
0.7001957274
0.7923514943
0.8567066410
0.9302224969
0.9727145976
0.9956507611
0.9993811109
0.9826616063
0.9550404949
0.9169832121
0.8785143464
0.8682913584
0.8885735180
0.9106755807
0.9324879026
0.9649481757
0.9774217671
0.9498760912
0.9186413122
0.9112389790
0.9142425372
0.9283118919
0.9771065431
1.0196303695
1.0236417208
1.0106928931
1.0063924618
0.9867929333
0.9461372988
0.9083330195
0.8796865183
0.8445408365
0.8102074226
0.8048728527
0.8227091555
0.8408381486
0.8710136843
0.8939943722
0.9264190025
0.9563635334
0.9622608077
0.9609693719
0.9698206818
0.9679109237
0.9695494864
0.9662064379
0.9507858426
0.9456311903
0.9600821321
0.9742949996
0.9759829930
0.9756348336
0.9766137887
0.9603800561
0.9189159450
0.8735240835
0.8336185936
0.8198986108
0.8134993564
0.8282860821
0.8698264817
0.9192756619
0.9510466716
0.9613236108
0.9707985853
0.9574341798
0.9335371540
0.9066303735
0.8880910428
0.8879652276
0.8883459554
0.8710094512
0.8477498873
0.8270685095
0.8048890842
0.8018862083
0.8213812030
0.8828929356
0.9326128845
0.9745365590
0.9795833911
0.9614402171
0.9488730828
0.9496114726
0.9456816585
0.9208018769
0.9215847743
0.9399578064
0.9437755215
0.9458852167
0.9528973791
0.9447412171
0.9271171524
0.9178016384
0.9090794180
0.8807940598
0.8472248427
0.8322992321
0.7950411335
0.7422386731
0.6679440919
0.5905673335
0.5052622622
0.4211023462
0.3524998618
0.2972019180
0.2547273999
0.2253063409
0.2108693840
0.2061887902
0.2103678500
0.2257295496
0.2365905661
0.2328377643
0.2290646530
0.2291622796
0.2253704479
0.2353838393
0.2648009051
0.3037356294
0.3650776674
0.4229056086
0.4938079716
0.5823185126
0.6730630265
0.7426308483
0.7952833646
0.8510461300
0.8817366282
0.8760695245
0.8569354845
0.8282612235
0.8034611893
0.7995645815
0.7994197864
0.7858757160
0.7937176982
0.8407575436
0.8954709945
0.9543607451
0.9996468164
1.0283085775
1.0203336486
1.0075878870
1.0036990241
0.9910924968
0.9763858403
0.9695660206
0.9661868138
0.9667904514
0.9661220369
0.9515076290
0.9299061402
0.9020151796
0.8716395029
0.8512354629
0.8359729361
0.8289808745
0.8552628799
0.8963607924
0.9173477760
0.9257077506
0.9256554219
0.9254256682
0.9251130980
0.9328573949
0.9468319974
0.9621464473
0.9740964037
0.9791752108
0.9801071833
0.9789289372
0.9710206446
0.9586557793
0.9542088047
0.9415177022
0.9610521785
0.9685504002
0.9767305658
0.9863670852
0.9938179092
0.9903379790
0.9818356397
0.9845185563
0.9886882464
0.9767929314
0.9628142649
0.9597503016
0.9672590984
0.9696099491
0.9622903317
0.9717660527
0.9931523417
1.0070274797
1.0002122546
0.9865775987
1.0017257729
1.0092674287
1.0286802337
1.0132779300
1.0021379222
0.9902514148
0.9832237367
0.9740714884
0.9735685116
0.9856148019
0.9871520932
0.9705202307
0.9570087470
0.9469913814
0.9292860762
0.9229712790
0.9194669331
0.8922146127
0.8483794063
0.7971400652
0.7215691460
0.6603692661
0.6623269080
0.6995270152
0.7690501041
0.8368386655
0.8899720953
0.9232869819
0.9557033109
0.9714508676
0.9690091141
0.9528824177
0.9277005164
0.9147206361
0.9169161220
0.9140487970
0.9140014622
0.9311904917
0.9323697549
0.9199308178
0.9158404942
0.9413485088
0.9645285767
0.9538377599
0.9310294842
0.8979052792
0.8614918197
0.8586468402
0.8592004074
0.8537076132
0.8634879204
0.8867132652
0.9009674716
0.9057376662
0.9155233102
0.9269167502
0.9519331851
0.9745537916
0.9885378139
1.0029097418
0.9893734588
0.9892396541
0.9902112483
0.9907441248
0.9813918069
0.9759219069
0.9876938278
0.9936330680
0.9756894554
0.9421222244
0.9110966537
0.8932431477
0.8923434677
0.9163764287
0.9690028885
1.0224412598
1.0374028575
1.0068577225
0.9150034055
0.7709494464
0.6264711216
0.5334597525
0.5167448154
0.5795529855
0.7074948140
0.8507781726
0.9232252304
0.9599946219
0.9858826917
1.0071586580
1.0233582149
1.0276648506
1.0277022723
1.0257687240
1.0055317760
0.9828012783
0.9821608052
0.9933556983
0.9961829706
0.9863036649
0.9927768427
0.9750854411
0.8893892863
0.7924294620
0.6938242929
0.6329566517
0.6389337422
0.7077740429
0.8078381064
0.8987943495
0.9560613211
0.9756223221
0.9648088707
0.9435600076
0.9195889454
0.8548865920
0.7630822033
0.6515000581
0.5608576372
0.5249725934
0.6045391526
0.7591344203
0.9027219662
0.9826758487
0.9918116392
0.9999559993
1.0021901305
1.0059050925
0.9988244856
0.9878170911
0.9762804052
0.9656625913
0.9679570197
0.9626169775
0.9536337639
0.9530579768
0.9469247330
0.9252183943
0.9054475450
0.9096302156
0.9018908405
0.9050627947
0.9225518355
0.9456590088
0.9578859261
0.9585895246
0.9467570020
0.9386993016
0.9398995132
0.9342067581
0.9281052353
0.9468843456
0.9780701081
0.9868255141
0.9811390360
0.9915275716
1.0156282514
1.0254183704
1.0114534559
1.0122993458
1.0079319194
1.0069761017
0.9978347709
0.9712472017
0.9640491009
0.9681301093
0.9774966941
0.9915195391
0.9950585724
0.9877154707
0.9818434558
0.9830412824
0.9885482960
0.9874039662
0.9921772122
0.9973953547
1.0023747890
1.0138100402
1.0103356417
0.9888029649
0.9778903401
0.9772427846
0.9629570183
0.9474208649
0.9493181031
0.9480445375
0.9506049337
0.9622598596
0.9712824709
0.9728560116
0.9720671637
0.9711036323
0.9736023950
0.9892600855
1.0116716387
1.0112977260
0.9937942530
1.0001775916
1.0003608961
0.9760437911
0.9656000996
0.9636963599
0.9434515017
0.9239325302
0.9128752848
0.9028353878
0.9074609361
0.9342948075
0.9631591690
0.9838116445
1.0024084454
1.0110322442
1.0091240672
1.0053046775
0.9579184431
0.9042885645
0.8409748157
0.7975343065
0.7833691805
0.7564088321
0.7039210500
0.6752268635
0.7035135274
0.7528108438
0.8249695271
0.8917594095
0.9375718861
0.9562071124
0.9644544996
0.9746912603
0.9759688638
0.9691164522
0.9657218051
0.9754092319
0.9702007848
0.9442642718
0.9379415275
0.9357926739
0.9079567113
0.9354495680
0.9647510706
0.9860229831
0.9704694374
0.9615679028
0.9473990954
0.9366270856
0.9282318767
0.9232072497
0.9312490157
0.9404611344
0.9365985996
0.9376915010
0.9505831148
0.9464957183
0.9439297579
0.9325173995
0.9320477463
0.9539814390
0.9613143082
0.9542866315
0.9401855586
0.9273793232
0.9135010054
0.9090366911
0.9210222647
0.9412228377
0.9674710121
0.9956267323
1.0024277728
0.9946389823
0.9958879576
0.9750310361
0.9419915855
0.9628234833
0.9449218375
0.9305541801
0.9314258417
0.9312917241
0.9382610334
0.9528995278
0.9642692968
0.9827988017
1.0047525090
1.0096905048
1.0095742562
1.0087138572
1.0021994557
0.9905745459
0.9781318076
0.9681842392
0.9616580855
0.9488332590
0.9196396312
0.9145604717
0.9290270699
0.9328648033
0.9368053128
0.9468000561
0.9553145622
0.9737972939
0.9961472153
0.9972891866
0.9777288606
0.9338166740
0.8583584578
0.7563709816
0.6754611141
0.6507574320
0.6820855441
0.7557627027
0.8389848105
0.9000185148
0.9272515702
0.9340957397
0.9412679145
0.9653201570
1.0044001968
1.0236622280
1.0156206297
1.0148492047
0.9972960242
0.9819509458
0.9700778560
0.9739142425
0.9884194063
0.9998983076
0.9985133058
0.9894408936
0.9848223344
0.9827371643
0.9779568567
0.9787836092
0.9826425154
0.9837006282
0.9865250548
0.9715273242
0.9735850203
0.9986426251
0.9946581392
1.0117382376
0.9918061922
0.9769525651
0.9769781002
0.9740825694
0.9668347380
0.9696499544
0.9779574901
0.9807742122
0.9832744355
0.9897043754
0.9933541372
0.9872423862
0.9703516545
0.9536882094
0.9433923732
0.9459004150
0.9202307040
0.9163771035
0.9364178093
0.9650291657
0.9771167672
0.9746880409
0.9730833431
0.9792440746
0.9879158024
0.9834987618
0.9660477717
0.9515629724
0.9461467630
0.9493767093
0.9647041654
0.9830719948
0.9980788733
0.9990623456
0.9872245691
0.9964452749
0.9940656100
0.9748527651
0.9858127770
0.9927141942
0.9972277138
0.9919305157
0.9912562370
1.0059106786
1.0056178399
0.9869725050
0.9779855054
0.9688592444
0.9362452910
0.8976173395
0.8647737188
0.8516486769
0.8916138778
0.9325237712
0.9302549233
0.9459407407
0.9559270342
0.9770130348
0.9947184593
0.9814872641
0.9735305929
0.9834076352
0.9929832447
0.9872735575
0.9719213673
0.9601906681
0.9518739396
0.9354049562
0.9034674700
0.8543488879
0.8012473842
0.7898057972
0.8130806448
0.7930474104
0.7263542685
0.6140602245
0.5031566769
0.4630904336
0.5076159773
0.6206014228
0.7438951997
0.8470583843
0.9135102028
0.9483005721
0.9580236832
0.9500547403
0.9401949469
0.9306797003
0.9078053786
0.8590975938
0.7622860716
0.6476805293
0.5526580991
0.5251496209
0.5583583711
0.6543303830
0.7871845081
0.8841685687
0.9294561078
0.9625510948
0.9791717618
0.9689074405
0.9590252725
0.9587429459
0.9596266406
0.9656184488
0.9821484364
0.9971834996
0.9938410461
0.9768750006
0.9722777123
0.9720145001
0.9451381927
0.9247314997
0.9196482986
0.9311282806
0.9118523773
0.9004603816
0.9213270723
0.9424773698
0.9502496820
0.9617464990
0.9650686179
0.9543268237
0.9255017116
0.8951799629
0.8888270049
0.8973565935
0.9076167983
0.9185625264
0.9193302565
0.9227137823
0.9167713967
0.9285025700
0.9424005626
0.9647955955
0.9610655697
0.9598398709
0.9539284534
0.9637590388
0.9872274171
1.0041025849
1.0130799072
0.9974169810
0.9718555321
0.9611465169
0.9550807914
0.9486500689
0.9485359977
0.9563002369
0.9599461491
0.9279359210
0.8630564275
0.8116115707
0.7757368184
0.7818989881
0.8188115539
0.8775208275
0.9470094992
0.9907803312
1.0089870831
1.0011450017
0.9928067311
0.9922096247
0.9928320434
0.9913278484
0.9794574159
0.9659187529
0.9535069290
0.8959033254
0.8534360183
0.8327915650
0.8227871533
0.8452991883
0.8969693347
0.9437824233
0.9397610506
0.8810955906
0.7991411278
0.7369862780
0.7110631490
0.7349045886
0.8026402534
0.8893305382
0.9495946149
0.9742817898
0.9861542761
0.9805908687
0.9902632499
1.0086090157
1.0033952782
1.0064628729
0.9952527739
0.9741140312
0.9741145973
0.9853222940
0.9969222006
0.9852851219
0.9646939903
0.9645535640
0.9651001909
0.9544809823
0.9594016340
0.9769525019
0.9791417129
0.9667317239
0.9584923790
0.9633462644
0.9766031219
0.9838981616
0.9706865909
0.9862597764
1.0017438602
0.9968861758
1.0006414630
1.0318528418
1.0705434877
1.0523267817
0.9939507869
0.9615174653
0.9533644798
0.9706640741
1.0035516986
1.0212700815
1.0148447081
1.0048011931
1.0069040791
1.0101217554
0.9983792192
0.9840175891
0.9678012700
0.9675066837
0.9630558620
0.9335566465
0.9226144540
0.9498016122
0.9661178780
0.9860867010
1.0009316526
0.9934847625
1.0026428179
1.0169407407
1.0131786442
1.0063102604
1.0037044958
0.9908282016
0.9670398539
0.9436627707
0.9152993215
0.8734371540
0.8674403807
0.8875193539
0.9074241885
0.9331037374
0.9635979203
0.9940249491
1.0174983409
1.0237510597
1.0156380158
1.0183240477
1.0186623715
1.0088474286
1.0016857479
1.0002449006
0.9986718212
0.9989568201
0.9882405309
0.9379248583
0.8867751088
0.8340585441
0.7849073182
0.7442282198
0.7436566951
0.7918655021
0.8788951281
0.9615301920
0.9980849616
1.0015566646
0.9979922333
0.9948346435
1.0003646668
1.0114080092
1.0110080510
0.9943648442
0.9735782837
0.9569225885
0.9410998441
0.9221038783
0.9142332416
0.9175630040
0.8992201915
0.8975617263
0.8807780218
0.8158482124
0.7847107042
0.7997548731
0.8536629852
0.9097554086
0.9510915300
0.9775889850
0.9834640564
0.9806246198
0.9783353821
0.9772285026
0.9789025368
0.9661814771
0.9325233880
0.9093273361
0.9016997081
0.8912647901
0.8908263940
0.8773413375
0.9011869147
0.9297539666
0.9353077060
0.9323915182
0.9111428314
0.8883207743
0.8986239117
0.9326654764
0.9588057728
0.9693349834
0.9713770626
0.9678425256
0.9556982830
0.9195957206
0.8547595375
0.7990820721
0.7637935580
0.7701124073
0.8008587409
0.8573728049
0.9321215565
0.9659448758
0.9696965233
0.9844204574
0.9909869858
1.0081171753
1.0222928938
1.0182023552
1.0095568912
0.9906494724
0.9520570244
0.8874111932
0.7851200840
0.6809494315
0.6092470481
0.5920984808
0.6273961276
0.7231746586
0.8205300409
0.8685780522
0.8493440118
0.7892178592
0.7317181625
0.6886170652
0.6794953378
0.7162852961
0.7809915910
0.8539761744
0.9267840118
0.9779632995
0.9900010862
0.9845468167
0.9888183911
0.9975293051
1.0065866558
0.9950413351
0.9874519274
0.9937846133
0.9688986152
0.9441185234
0.9402327372
0.9211221713
0.9219871983
0.9397541561
0.9624445273
0.9865805358
1.0036919024
1.0079263127
1.0055508486
1.0044939656
1.0101153459
1.0110423331
0.9899233727
0.9786435011
0.9880845011
0.9831295771
0.9842322458
0.9991323355
1.0057997814
0.9812629375
0.9598566788
0.9555295973
0.9571777573
0.9574207834
0.9603720601
0.9630959120
0.9540339429
0.9508133038
0.9709054525
0.9944808843
0.9955424465
0.9837949058
0.9858615810
0.9957143492
0.9871696044
0.9845451747
0.9922388136
1.0031239819
1.0203894524
1.0186906284
1.0194695576
0.9968842591
0.9844567292
0.9777769975
0.9478932826
0.9138884700
0.8886587349
0.8801001683
0.8751594348
0.8648971458
0.8453731635
0.7969682299
0.7532137121
0.7472266092
0.7615222166
0.8058000490
0.8890205616
0.9591589528
0.9952508807
1.0043669609
0.9997840305
0.9858379322
0.9899924967
0.9862332467
0.9765305082
0.9698977549
0.9563208363
0.9472248318
0.9631431459
0.9734495409
0.9685581628
0.9872613741
0.9826964974
0.9796229218
0.9882526864
1.0169555895
1.0411697761
1.0192054394
1.0031721974
1.0193812797
1.0086133368
1.0098331361
0.9933580360
0.9796318360
0.9786924787
0.9849694026
0.9937798532
1.0022620321
1.0075375057
1.0099467832
1.0106619743
1.0085640704
1.0078560090
1.0089151602
1.0039110330
1.0070353660
1.0281481962
1.0351120159
1.0254730816
1.0098489404
0.9902346929
0.9646268820
0.9378966782
0.9110276832
0.9048723094
0.9204875975
0.9205527078
0.9105423426
0.9297910986
0.9735170426
0.9930653572
0.9742189912
0.9885174395
0.9940690452
0.9735797052
0.9530686530
0.9164771546
0.8929209242
0.8912193814
0.9058983248
0.9376057421
0.9552016647
0.9690866298
0.9891028028
0.9917141164
0.9750076942
0.9585707826
0.9530865524
0.9478672104
0.9438650549
0.9596930212
0.9740556429
0.9817302872
0.9973633797
1.0002645058
0.9907285782
0.9811699503
0.9997690612
0.9917995007
0.9693795468
0.9684566721
0.9610942657
0.9604756698
0.9816521339
1.0040632699
1.0074793431
0.9989184716
0.9999262244
0.9988781113
0.9754241753
0.9549358611
0.9461669280
0.9629594712
0.9604774812
0.9511250546
0.9727512079
1.0010944950
1.0136058342
1.0223432411
1.0201003206
1.0039383565
1.0111981071
1.0111922814
0.9994887784
0.9992516145
1.0041862283
1.0022711839
0.9998819256
1.0009368344
1.0014689220
0.9966504322
0.9814951231
0.9721979974
0.9764053283
0.9664552022
0.9601054034
0.9619329639
0.9792576421
1.0080392480
1.0160006350
1.0114858158
1.0164324714
1.0190539923
1.0257464998
1.0160129718
0.9969850634
0.9916707460
0.9956648201
0.9874351345
0.9610600915
0.9477462294
0.9446817886
0.9400801128
0.9290884482
0.9530546612
0.9781529680
0.9748538208
0.9744989289
0.9666724861
0.9787000381
0.9793667683
0.9853392053
0.9810700929
0.9776692427
0.9806390945
0.9650615719
0.9556497494
0.9743889406
0.9868480591
0.9929904284
0.9872061969
0.9738721106
0.9768527970
0.9854193160
0.9796760457
0.9700762351
0.9469921508
0.9403730562
0.9342628021
0.9053338925
0.9036330259
0.9279982235
0.9624140004
0.9751713161
0.9604794712
0.9433113842
0.9320713343
0.9118543291
0.8860136597
0.8788819466
0.8948268217
0.9259163691
0.9601367666
0.9572941898
0.9259712226
0.8577212190
0.7796276907
0.6825210861
0.6336846666
0.6228969720
0.6463295823
0.7021879194
0.7955929667
0.8912558284
0.9576591026
0.9872451463
0.9865616155
0.9853741856
0.9970292815
0.9955626912
1.0069484521
1.0216160013
0.9915387876
0.9846655993
1.0210180247
1.0091261017
0.9975360835
0.9608015157
0.9428037078
0.9396400032
0.9472509148
0.9581326801
0.9741494602
0.9888107100
0.9933592557
1.0016006180
1.0143347437
1.0183374360
1.0298639576
1.0419584529
1.0429766881
1.0563789667
1.0190911705
1.0122824570
1.0113276952
1.0080374032
0.9963467039
0.9757974517
0.9562856787
0.9135371328
0.8617390926
0.8085871688
0.7835293807
0.8096059866
0.8733554660
0.9453432919
0.9950568460
1.0103042795
1.0083736552
0.9910943370
0.9810942142
0.9633919860
0.9664161286
0.9694368805
0.9612213950
0.9588670622
0.9823033570
1.0349680822
1.0228890363
1.0120267764
1.0262305648
1.0345411692
1.0151730079
0.9855979023
0.9572170775
0.9333953333
0.9337927818
0.9595099796
0.9815113226
0.9930648551
1.0073210287
1.0009197238
1.0108003216
1.0171027527
1.0172283995
1.0123830788
0.9891176839
0.9810028551
0.9808800185
0.9429977288
0.8756455561
0.8102098977
0.7718322782
0.7647930220
0.7880545335
0.8450318628
0.9160287895
0.9621885845
0.9795781938
0.9867131649
0.9863006071
0.9785281602
0.9708208394
0.9692815283
0.9836587849
0.9984083666
1.0083008690
0.9961329104
0.9717480392
0.9632412605
0.9472499332
0.9165867710
0.9046186869
0.9141779328
0.9293772619
0.9439287135
0.9536691430
0.9569878921
0.9361875611
0.9295778912
0.9160193004
0.9094629476
0.8879131661
0.8719120821
0.8924711772
0.8989733155
0.9014720305
0.9213065761
0.9287569971
0.9180856835
0.8932437243
0.8663476586
0.8298495940
0.7773951956
0.7650259673
0.8171823096
0.8719727858
0.9273029383
0.9806109719
1.0040026390
1.0145589892
0.9907083102
0.9960887263
1.0059739296
1.0118906852
0.9783602938
0.9470171725
0.8892292802
0.8359196482
0.8005100078
0.7899893427
0.7937288367
0.7945900826
0.7667123258
0.7124391919
0.6750544721
0.6832142723
0.7376348781
0.7930891478
0.7979373398
0.7695569606
0.7581066306
0.7619917316
0.7830710240
0.8374626815
0.9020558504
0.9524118981
0.9691707568
0.9757747341
0.9850501153
0.9839494595
0.9819857264
0.9805553353
0.9668116003
0.9402249811
0.9044153386
0.8640327694
0.8345364867
0.8258931218
0.8290241237
0.8731401722
0.9258510977
0.9664777678
0.9873014282
0.9812802299
0.9647308505
0.9646097164
0.9365418527
0.9290709629
0.9502395345
0.9710002176
0.9807026866
0.9899749121
1.0017437803
0.9999230420
0.9805939635
0.9672463714
0.9555175196
0.9253872121
0.9307882913
0.9622692086
0.9761538593
0.9914301496
1.0038113564
0.9956439735
0.9809263376
0.9708570231
0.9652928618
0.9656553082
0.9831892860
1.0017798934
1.0102088873
1.0128442687
1.0155114989
1.0175853123
1.0126494925
1.0062781998
1.0017831203
0.9983948771
0.9965924084
0.9888043029
0.9807263864
0.9577293073
0.9450353423
0.9449199925
0.9633259214
0.9663898699
0.9652909361
0.9737646065
0.9729662399
0.9716841133
0.9793434674
0.9837850399
0.9849449432
0.9796956375
0.9620085547
0.9713330219
0.9883090914
0.9930385085
0.9872653890
0.9864427081
0.9814249503
0.9824547162
0.9923874795
0.9982688916
0.9960876902
0.9968464385
0.9873635684
0.9690992391
0.9598212447
0.9506516588
0.9186343902
0.8702174543
0.8219891099
0.7753863556
0.7419435699
0.7304674845
0.7437681061
0.7830975362
0.8146257104
0.8547701555
0.9144192323
0.9455127669
0.9724748923
0.9824033422
0.9767207739
0.9621240383
0.9537049774
0.9618343486
0.9750283748
0.9962468386
1.0165340910
1.0143853983
0.9976795083
0.9906845982
0.9984535567
1.0019464728
0.9994659727
1.0001982851
1.0030989796
0.9976206051
1.0114267615
0.9949408080
0.9956064740
1.0124798551
1.0052802566
0.9976731732
0.9961642032
1.0003265478
0.9934062304
0.9965052061
1.0129627174
1.0096289727
0.9895339524
0.9720450890
0.9603197378
0.9641081262
0.9680216095
0.9708389783
0.9922264287
0.9663777756
0.9522590550
0.9386586635
0.9534099840
0.9632113714
0.9620191131
0.9562697494
0.9507571681
0.9630250432
0.9743047090
0.9695149268
0.9644616281
0.9685772830
0.9702200237
0.9555571554
0.9182682622
0.8432938598
0.7468355886
0.6181846702
0.5107302813
0.4709947699
0.5365061042
0.6624803087
0.7890352885
0.8762297845
0.9449824977
0.9702089936
0.9845227905
0.9924418552
0.9820376686
0.9627797743
0.9567079251
0.9683744904
0.9753666569
0.9727809999
0.9827895531
0.9977350247
1.0011226089
1.0042967844
1.0079507363
0.9965852775
0.9939504371
0.9610672042
0.9272589645
0.9202112208
0.9091002478
0.9037523309
0.9175426564
0.9292764009
0.9409037600
0.9507222266
0.9510427599
0.9659682452
0.9986092101
1.0115988253
1.0000102830
0.9956407878
0.9966726349
0.9858311308
0.9842202294
0.9823751674
0.9830795768
0.9798407631
1.0005711734
1.0114526547
1.0008160361
0.9909890222
0.9833190361
0.9928146735
0.9910610985
0.9609337588
0.9256694850
0.8895175413
0.8571037811
0.8232783882
0.8121672734
0.8291568208
0.8598317894
0.9274886007
0.9690423640
0.9824392114
1.0093726647
1.0004051937
0.9781110856
0.9589793935
0.9603830275
0.9803323862
0.9890583419
0.9808387819
0.9690306219
0.9432120172
0.8987867184
0.8511028521
0.7939215798
0.7491025662
0.7413927060
0.7983656715
0.8794207126
0.9552397901
0.9892375278
0.9982891524
1.0030389267
0.9955298005
0.9773069256
0.9755294233
0.9886309634
1.0042815329
1.0184687820
1.0189549214
1.0066530309
0.9919510305
0.9869736313
1.0024621556
1.0048323540
0.9793614631
0.9618277081
0.9430353882
0.9328385254
0.9500626682
0.9802312279
0.9867004403
0.9969559857
1.0167049762
1.0245408810
1.0285168875
1.0278553356
1.0133724065
0.9909695043
0.9811151913
0.9796628722
0.9698019043
0.9573679434
0.9458457558
0.9343033862
0.9437511094
0.9538727979
0.9741651188
1.0074572677
1.0108621318
1.0128519123
1.0055909166
0.9929760655
0.9806250340
0.9657990672
0.9517799877
0.9432336582
0.9492466471
0.9725713193
0.9900139918
0.9770586742
0.9587359159
0.9606151528
0.9571529170
0.9652285274
0.9633543909
0.9701402756
0.9756531915
0.9775003431
0.9710501364
0.9777419445
0.9769231298
0.9618322193
0.9535818646
0.9545825985
0.9512011428
0.9641851805
0.9816434050
0.9872460671
0.9950971586
1.0035147241
0.9925479067
0.9750438107
0.9738039560
0.9797055824
0.9702823649
0.9597939382
0.9595513204
0.9860861861
0.9887778365
0.9836929085
0.9742098833
0.9590209510
0.9540848250
0.9602685487
0.9750922018
0.9830891725
0.9626146632
0.9312842355
0.9047896063
0.8837572544
0.8772674982
0.8834038161
0.9101480978
0.9502028988
0.9725121039
0.9851078670
0.9901579892
0.9842999287
0.9761713645
0.9800447858
0.9684672004
0.9710631501
0.9790536184
0.9798956002
0.9838473139
0.9873807830
0.9887156423
0.9765579824
0.9587832296
0.9562628329
0.9668909848
0.9826994079
0.9788958399
0.9823488949
0.9974921905
1.0070353668
1.0147841181
1.0010718494
1.0126050952
1.0316437096
1.0251982895
1.0054061054
0.9867979233
0.9971377663
1.0009689944
0.9897938228
0.9923182829
0.9948021782
0.9784948752
0.9626579282
0.9506223406
0.9375542512
0.9378519400
0.9388651461
0.9289092854
0.9246229131
0.9343308161
0.9542655351
0.9339959988
0.9362775465
0.9092109600
0.8900491140
0.8955444357
0.9138019341
0.9397377332
0.9579873958
0.9743399746
0.9804035467
0.9853361375
0.9987975005
0.9817720883
0.9738985616
0.9742392584
0.9879537310
0.9790240699
1.0167742895
1.0148353989
1.0002757516
1.0053660100
1.0085342459
0.9915273143
0.9879608118
0.9945792895
0.9771535747
0.9655578680
0.9622318605
0.9630934112
0.9648747891
0.9635273645
0.9725229819
0.9799050108
0.9831738925
1.0032771911
1.0061150122
0.9965383662
0.9915887645
0.9899519099
0.9954700767
0.9935462035
0.9675141324
0.9730003429
0.9749079136
0.9692794708
0.9713008341
0.9701372141
0.9631852188
0.9648459062
0.9707686031
0.9645459503
0.9399547129
0.9144735452
0.9365152616
0.9414503388
0.9515365984
0.9684415628
0.9442769957
0.9358001819
0.9451112231
0.9744592256
0.9777784478
0.9724933207
0.9757959368
0.9877685840
0.9969248626
0.9962551802
0.9857317056
0.9754108067
0.9661410948
0.9402719153
0.9028900599
0.8818188921
0.8636717182
0.8564691431
0.8717710868
0.8949152972
0.9160912860
0.9489240359
0.9627232729
0.9564081596
0.9714346479
0.9874929732
0.9944790186
0.9985611441
0.9999033650
0.9924577179
0.9862222717
0.9863759774
0.9830579613
0.9868189188
0.9970220356
0.9733953140
0.9673791535
0.9466917156
0.9424587503
0.9237356553
0.9548740024
0.9724278369
0.9999354634
1.0080418722
1.0053145250
0.9832524367
0.9753379236
0.9574162443
0.9166158040
0.8734292377
0.8102634433
0.7197057510
0.6241233076
0.5356211857
0.4921765722
0.5015235869
0.5686555391
0.6764567661
0.7931378270
0.9128422423
0.9591130502
0.9853902867
1.0114153280
1.0182439062
1.0058142802
1.0030000157
0.9895087620
0.9601174437
0.9369079469
0.9235988388
0.9207681100
0.9370389192
0.9673941497
0.9901094768
0.9872434841
0.9787077582
0.9717597295
0.9726280935
0.9805888036
0.9826144467
0.9825263715
0.9684620429
0.9322899079
0.9064549716
0.8969642284
0.8791087420
0.8488064965
0.8307433906
0.8404365211
0.8607276005
0.8836788647
0.9104590486
0.9324375091
0.9534784140
0.9631654570
0.9512764683
0.9583949719
0.9530844809
0.9661629804
0.9767729564
0.9785968575
0.9789398913
0.9830632767
0.9526424167
0.9111075705
0.8832733318
0.8803985216
0.8717172684
0.8816487221
0.9162995610
0.9474624685
0.9702691079
0.9807924222
0.9800733774
0.9747693599
0.9499793661
0.9430783892
0.9241638495
0.8935703460
0.8475068518
0.8211983173
0.8154776569
0.8310397274
0.8483731255
0.8498109533
0.8486177985
0.8542719980
0.8672061819
0.8959470564
0.9361453394
0.9629298914
0.9664104422
0.9633637820
0.9619551188
0.9450697422
0.9044747933
0.8968332870
0.9155136041
0.9045316516
0.9019210041
0.9077375856
0.9179256488
0.9484222235
0.9449819940
0.9218798547
0.9226769596
0.9460303757
0.9486672676
0.9485777503
0.9532316889
0.9352698690
0.9137826122
0.9177865907
0.9394771519
0.9430988468
0.9523074275
0.9636578968
0.9805186167
0.9688482054
0.9741435283
0.9935900553
0.9997524389
1.0024137076
1.0101688194
0.9989811863
0.9839629180
0.9771516342
0.9780519144
0.9718203036
0.9684845328
0.9750229490
0.9774525252
0.9957207019
1.0110174693
1.0091948832
1.0107869165
1.0175483889
1.0050020541
0.9940298797
0.9817911355
0.9809779790
0.9737246729
0.9752456581
0.9704803652
0.9610378094
0.9578349365
0.9739209753
0.9723284703
0.9697470033
0.9825101145
0.9755460080
0.9605661865
0.9438981335
0.9304626927
0.9403609380
0.9551912694
0.9572274816
0.9847489690
0.9658273009
0.9646487639
0.9628146314
0.9625466054
0.9615597430
0.9642174839
0.9685483519
0.9608726733
0.9467725908
0.9422138217
0.9400368828
0.9352612949
0.9444523875
0.9625077752
0.9685653157
0.9724467027
0.9731839261
0.9965973336
0.9822314201
0.9936077218
0.9897113005
0.9775082271
0.9689883040
0.9588528199
0.9687878177
0.9625283377
0.9745863218
0.9842579833
0.9870484635
0.9838700002
0.9720560965
0.9749829207
0.9897747636
0.9791948934
0.9561542239
0.9437654382
0.9446040049
0.9473686543
0.9562308359
0.9549154822
0.9589859442
0.9761459252
0.9931127807
0.9938908371
1.0010469667
1.0086559147
1.0052627699
0.9992088367
0.9944526811
0.9865079498
0.9878903926
0.9963146636
0.9870263574
