#flux
1.0173124893
1.0069226585
0.9656208468
0.9694051164
0.9730812753
0.9809070136
0.9857974783
0.9894601141
0.9919567827
0.9907713334
0.9935770410
0.9939931726
0.9768760932
0.9635130486
0.9815292626
0.9786673746
0.9543339535
0.9632047902
0.9885985822
0.9899384754
0.9836508473
0.9933172332
0.9657354400
0.9521096043
0.9053171685
0.8647280952
0.8351193580
0.8126494439
0.8066429029
0.8244276376
0.8748754799
0.9391889974
0.9775931037
0.9959756548
0.9933620528
1.0070270995
1.0242444126
1.0143022749
0.9971551783
0.9918523908
0.9766292008
0.9622812290
0.9529376258
0.9533370838
0.9516554248
0.9556475111
0.9675219903
0.9762480571
0.9773006898
0.9744610736
0.9639111177
0.9594242030
0.9688037686
0.9462194553
0.9582415758
0.9424205458
0.9407262736
0.9536502503
0.9584145674
0.9707904978
0.9912120539
1.0002935561
0.9849510127
0.9930577629
0.9763718005
0.9615238921
0.9413381518
0.8952927465
0.8434757141
0.7964995815
0.7584421889
0.7538442069
0.7863057359
0.8510449001
0.9110209152
0.9156329915
0.9329422688
0.9762017008
0.9797567278
0.9465398542
0.9567741971
0.9693849323
0.9545882803
0.9405468255
0.9678988563
0.9853887435
0.9752047183
0.9567483618
0.9285652980
0.8978315965
0.8814668724
0.8727426568
0.8731263465
0.8806659419
0.8737795311
0.9216111380
0.9429331020
0.9025144548
0.8521269893
0.7990770999
0.7409036679
0.7166402411
0.7285191616
0.7713922265
0.8643822739
0.9283583770
0.9527511224
0.9754412096
0.9820005533
0.9593063143
0.9364212799
0.9217238976
0.9014178981
0.8914683916
0.9155018163
0.9367102525
0.9638866650
0.9997770923
1.0062056258
0.9698033530
0.9504013709
0.9743632438
0.9838697020
1.0008756018
0.9978909871
0.9822500246
0.9789045637
0.9834520764
0.9762526476
0.9599405436
0.9533098260
0.9528604440
0.9344027526
0.9003236047
0.8849790064
0.8927164088
0.9142467095
0.9035334966
0.9041233706
0.9484388639
0.9486909534
0.9368234285
0.9346032263
0.9678890855
0.9874874688
0.9861636930
0.9661857179
0.9490307924
0.9515469200
0.9578903765
0.9633985205
0.9716609724
0.9651566782
0.9701291061
0.9644481637
0.9487208085
0.9381307176
0.9236575580
0.9039048629
0.8765001020
0.8515407172
0.8570362400
0.8800102609
0.9319105145
0.9482920253
0.9327987861
0.9338612897
0.9566951429
0.9720036220
0.9664698969
0.9490624643
0.9277348690
0.9095504417
0.9052947101
0.8921758079
0.8894638395
0.8644295937
0.8575669432
0.8811902252
0.9104110944
0.9216921983
0.9178875157
0.9178082977
0.9200841196
0.9528841751
0.9716724861
0.9547770011
0.9413199502
0.9563683947
0.9669751392
0.9414845814
0.9101941855
0.9111586497
0.9277486497
0.9280088002
0.9169722546
0.9132760831
0.8835862168
0.8438415301
0.7960050031
0.7771894145
0.7494369700
0.6753204188
0.5896237046
0.5204882206
0.4428327723
0.3721482785
0.3242668322
0.2864710774
0.2530927813
0.2274483467
0.2079902502
0.1943116339
0.1888257575
0.1864041936
0.1795923409
0.1853292150
0.2062530334
0.2200224761
0.2599538522
0.2918419429
0.3197028926
0.3570308648
0.4223377580
0.5105346797
0.5951685691
0.6727493972
0.7443246412
0.8109284647
0.8491811453
0.8570495288
0.8785942097
0.8797626502
0.8701584460
0.8563120533
0.8511604392
0.8769640324
0.9117245818
0.9060411879
0.9180248966
0.9395846261
0.9349754145
0.9405141593
0.9596183618
0.9615130669
0.9493805847
0.9420528683
0.9442811231
0.9588205256
0.9738541612
0.9720946937
0.9666013173
0.9582026050
0.9422243677
0.9483958894
0.9152146521
0.8781708022
0.8571549448
0.8572828857
0.8750054648
0.8692984936
0.8905259161
0.9187042087
0.9291921378
0.9340100280
0.9235548020
0.9212267509
0.9439346436
0.9655866170
0.9680439346
0.9688341169
0.9811407393
0.9860559533
0.9784807828
0.9815222687
0.9841535190
0.9688393570
0.9798183304
0.9781205524
0.9767045167
0.9833382327
0.9760611871
0.9618948611
0.9756377303
0.9820190302
0.9607741909
0.9535896984
0.9587870282
0.9663502198
0.9813577881
0.9825350190
0.9767417328
0.9761262486
0.9812383208
0.9867283032
0.9890820555
0.9993464798
1.0250191370
1.0209829391
1.0158028846
1.0219310529
1.0247216042
0.9998591712
0.9889514293
0.9982715877
0.9944321908
0.9867896245
0.9931593820
0.9912987263
0.9777748491
0.9818380893
0.9911166055
0.9834011860
0.9710321149
0.9501948093
0.9369779968
0.9162221262
0.8648675415
0.8008118030
0.7447718547
0.7131168783
0.7243415824
0.7672859062
0.8397895251
0.9058112677
0.9552894717
0.9822495877
0.9862405213
0.9740701861
0.9469344125
0.9169476955
0.9041782466
0.9097977009
0.9281420721
0.9252140848
0.9467771715
0.9547545973
0.9703049560
0.9729180536
0.9702230180
0.9665698569
0.9683684905
0.9730961070
0.9577998748
0.9281317485
0.9204610849
0.9300540099
0.9273972533
0.9158129954
0.9117479508
0.9197743707
0.9426853769
0.9486996484
0.9221699322
0.9179834130
0.9719027125
1.0133564105
1.0135268871
0.9882907837
0.9987349090
0.9755728072
0.9698314206
0.9841803958
0.9832732922
0.9778959622
0.9879398304
1.0025700276
0.9999578150
0.9793331499
0.9602952787
0.9501528914
0.9416693496
0.9521773321
0.9691740143
0.9530140882
0.9386229765
0.8988606642
0.8057269436
0.7199898708
0.6627296709
0.6255626925
0.6417793955
0.7179499678
0.8006065267
0.8822833053
0.9337898903
0.9597951063
0.9886801143
1.0091057493
1.0003809298
0.9867447883
1.0011159680
1.0112600108
0.9934295640
0.9866605060
0.9929484664
0.9823550443
0.9765538976
0.9935639740
0.9685141541
0.9281435468
0.8747451302
0.7943452926
0.7358445889
0.7198763396
0.7377094291
0.7907747351
0.8659993436
0.9262031634
0.9477900204
0.9480945751
0.9515634432
0.9332256604
0.9135198720
0.8457873016
0.7410418885
0.6731228758
0.6646714594
0.6725028970
0.7106101202
0.7946781047
0.8636677417
0.9010010171
0.9288114286
0.9529347083
0.9651640383
0.9752390623
0.9895206148
1.0005407252
1.0008709437
0.9893805265
0.9842072067
0.9917083054
0.9840440593
0.9589911095
0.9580750034
0.9422956706
0.9344064163
0.9333463080
0.9572274194
0.9876933954
0.9904140149
0.9855492873
0.9765400255
0.9665080043
0.9573634213
0.9554000523
0.9658161532
0.9681282034
0.9474345334
0.9348743286
0.9542876565
0.9900708218
1.0062124194
0.9929992217
1.0132035005
0.9993864064
0.9843050472
0.9926085125
1.0016888853
0.9937433285
0.9855522782
0.9892748366
0.9841983321
0.9890768635
1.0004906852
1.0056339361
1.0051334158
1.0087180399
1.0168873136
1.0122629572
1.0027718274
0.9993177620
1.0007359444
0.9997958801
0.9995807338
1.0017672957
0.9944432959
0.9844991680
0.9663668800
0.9741647972
0.9721330852
0.9839640916
0.9675866139
0.9473672354
0.9568888785
0.9731999358
0.9765147141
0.9704305812
0.9602665108
0.9670258482
0.9923609910
1.0030894930
1.0307226259
1.0276404528
0.9887473908
0.9866095944
0.9887081459
0.9358826680
0.9394298107
0.9530766172
0.9559691990
0.9458309312
0.9369431617
0.9401980709
0.9433096785
0.9457296930
0.9617238639
0.9829485845
0.9890532611
0.9860802819
0.9851847287
0.9729972826
0.9538901930
0.9572062606
0.8908267295
0.8784926723
0.8638118563
0.7988789642
0.7426799445
0.7299308361
0.7549225433
0.8052036988
0.8875213262
0.9414012690
0.9564826901
0.9634671801
0.9802173662
0.9973593281
1.0063755568
1.0168687151
0.9913764061
0.9673033805
0.9739420315
0.9628581773
0.9272868547
0.9332102532
0.9515421775
0.9403608596
0.9644251589
0.9879965969
0.9797406853
0.9737797626
0.9861140001
0.9668422730
0.9382260206
0.9347515984
0.9470606213
0.9548159649
0.9507973753
0.9573387049
0.9680146605
0.9691112758
0.9871204579
0.9591274044
0.9793165160
0.9545575597
0.9717443665
0.9702035985
0.9530797529
0.9526849931
0.9479377549
0.9308398554
0.9436498246
0.9705158396
0.9797884829
0.9895847479
1.0129959929
1.0203629086
1.0019336496
0.9903093711
0.9941542059
0.9961755922
0.9876505024
0.9532347586
0.9730965578
0.9663444124
0.9645735877
0.9681726202
0.9494676840
0.9572472325
0.9812353265
0.9852258632
0.9826459108
0.9931932381
1.0019727637
0.9919671458
0.9756618119
0.9656430387
0.9495175808
0.9316086772
0.9416296444
0.9528519031
0.9519857823
0.9421997746
0.9582865318
0.9711296565
0.9859651599
1.0021104950
1.0127309529
1.0006481720
0.9514766589
0.8898377077
0.8219582703
0.7587719687
0.7293328255
0.7270574327
0.7615509581
0.8365928048
0.9064605058
0.9643938952
0.9667864287
0.9606368787
0.9567731061
0.9739402451
0.9926862100
0.9880599265
0.9884194715
0.9903635737
0.9701937412
0.9716502991
0.9958099122
0.9819301835
0.9818497532
0.9920619484
0.9983721923
0.9905008256
0.9720039496
0.9667258738
0.9670439211
0.9706933588
0.9732453398
0.9594559421
0.9611765843
0.9843568517
0.9912996327
0.9817405182
0.9796400580
0.9928195015
0.9944646882
0.9763397717
0.9830387538
1.0113287095
1.0047644400
0.9817471484
0.9807639619
0.9994083485
1.0183479480
1.0073670808
0.9640612846
0.9500155744
0.9643804871
0.9727620964
0.9615462978
0.9528080642
0.9589569891
0.9315670418
0.9698099518
0.9886125262
0.9859675601
0.9770418716
0.9716141845
0.9910560576
0.9832236094
0.9539341300
0.9455115753
0.9616668474
0.9795218153
0.9903476868
0.9968212862
0.9919714837
0.9949484293
1.0060416887
0.9967466562
0.9809210606
0.9591671351
0.9569545721
0.9733182877
0.9914270313
1.0000194985
1.0006035843
0.9890174697
0.9900581909
0.9967554669
0.9768044048
0.9590600538
0.9686247702
0.9610619002
0.9218394998
0.9054016198
0.9221646210
0.9440136240
0.9596067088
0.9666677474
0.9727521592
0.9641973633
0.9788207725
0.9860871614
1.0030104645
0.9656878575
0.9664659527
0.9769221930
0.9834157620
0.9819724719
0.9860898997
0.9690796078
0.9364678645
0.9066243378
0.8607975795
0.8334613936
0.8427769614
0.8314492989
0.7736399447
0.6862073934
0.5881639038
0.5520983765
0.5530889110
0.6481041981
0.7486942642
0.8070142679
0.8924237561
0.9511215778
0.9771311507
0.9766798901
0.9841231195
0.9758407178
0.9335692760
0.8844791685
0.8250888818
0.7464694399
0.6608215307
0.6022147069
0.5970013900
0.6613663099
0.7718489791
0.8611839831
0.9402620038
0.9751008257
1.0039024003
0.9915935646
0.9844073441
0.9682289686
0.9586013745
0.9793722472
1.0123342449
1.0172846206
0.9973077466
0.9780784344
0.9712375890
0.9833135314
0.9810251827
0.9607262371
0.9608507451
0.9510827369
0.9134956791
0.9176935921
0.9528604505
0.9642771067
0.9743164178
0.9851250687
0.9824614035
0.9697051800
0.9691812136
0.9511874468
0.9309225989
0.9237918415
0.9242530123
0.9411432963
0.9645590572
0.9738874250
0.9754974737
0.9592571117
0.9698353367
0.9720317846
0.9930990387
1.0071170365
0.9838381737
0.9627512967
0.9676996042
0.9841127284
0.9822874426
1.0037696833
1.0058642091
0.9789939669
0.9491202947
0.9484455463
0.9626696014
0.9524373641
0.9337029189
0.9223988126
0.8855041861
0.8408150698
0.8003416597
0.8008629412
0.8269168025
0.8857447464
0.9394058250
0.9720001919
0.9880663480
0.9859247526
0.9769007660
0.9733503829
0.9818296038
0.9885940635
0.9779145382
0.9794184581
0.9768029064
0.9335758492
0.8898883558
0.8593023318
0.8375248348
0.8516154025
0.9224561184
0.9285041079
0.9618753936
0.9513753476
0.8849168238
0.8084532770
0.7528565742
0.7593624280
0.8163704359
0.8952758950
0.9433925925
0.9679460080
0.9977177474
1.0113578035
0.9961915000
0.9863842671
0.9884294382
0.9824247768
0.9928150283
1.0126138991
1.0085951704
1.0239596283
1.0181243858
0.9798162944
0.9793661221
0.9718285813
0.9832637842
0.9800185409
0.9932702905
0.9962298709
0.9975984453
0.9944259719
0.9797895798
0.9779844308
0.9728219764
0.9583508255
0.9811506476
1.0002564880
0.9965366125
0.9858080906
0.9917940281
0.9936815062
0.9904350902
1.0049522642
0.9795847419
0.9567409969
0.9512434783
0.9687056112
0.9970168549
0.9923945925
1.0042412481
1.0110512003
1.0185541338
1.0182250221
1.0022834470
1.0038858373
1.0093618202
0.9975761613
0.9553852001
0.9540374606
0.9649003085
0.9741323337
0.9283213199
0.9503561295
0.9807992815
1.0011760541
1.0077968602
1.0053088447
0.9980844878
0.9872795675
0.9760284416
0.9764258672
0.9828716789
0.9642332941
0.9252383305
0.9086484042
0.9167454727
0.9175834098
0.9162758570
0.9632264387
0.9788881408
1.0027451260
1.0013653060
0.9923724349
0.9997961964
1.0071522072
1.0017090153
0.9919330256
1.0100736593
1.0010869825
0.9932636005
0.9790989981
0.9627337552
0.9473246399
0.9168346312
0.8742190238
0.8265138053
0.7956611655
0.7902591453
0.8278528452
0.8640690656
0.9060714932
0.9605759060
0.9939618790
1.0154955607
1.0066409567
0.9998846572
1.0129809441
1.0176594439
0.9941952522
0.9765077941
0.9738917154
0.9586243192
0.9487756520
0.9580256704
0.9355387044
0.8901653312
0.8980975268
0.9084675025
0.8757662463
0.8528283011
0.8749735607
0.8980816714
0.9264094501
0.9798771392
0.9913793141
1.0008566474
0.9999549149
0.9855644576
0.9699539840
0.9619293871
0.9440891609
0.9352126355
0.9513551906
0.9622504611
0.9441624262
0.9122579710
0.9036958358
0.9277043787
0.9472284097
0.9492823476
0.9394698809
0.9140992695
0.9119409756
0.9271259681
0.9265768402
0.9631200794
0.9972346806
1.0034759115
0.9881046230
0.9756265633
0.9525315422
0.9005085054
0.8477494764
0.8130508376
0.7892766661
0.8077895207
0.8722854740
0.9209482695
0.9737827140
0.9664849441
0.9946658515
1.0022574836
0.9692642902
0.9802051102
1.0015475967
1.0249303242
1.0060111307
0.9644530620
0.9223087919
0.8514589255
0.7662018634
0.6931530621
0.6530390397
0.6631964847
0.7181163188
0.8001175126
0.8635850825
0.8716410790
0.8434647122
0.8033997063
0.7593240865
0.7450372886
0.7660760115
0.8035410956
0.8867945643
0.9374372929
0.9459119756
0.9731902954
0.9834326563
0.9879521046
1.0045605705
1.0070876951
1.0013374493
0.9980546640
0.9898968551
0.9947600949
0.9790266729
0.9792750621
0.9507287214
0.9319118306
0.9353579433
0.9809465817
0.9936238485
1.0061375382
1.0060952759
1.0087974174
1.0071184574
1.0083607011
1.0153889785
1.0279324255
1.0229098266
1.0116932525
1.0057185996
0.9882835156
0.9814305619
0.9961299516
0.9780305591
0.9706675915
0.9699768492
0.9398180503
0.9356439096
0.9385048216
0.9608311507
0.9886986712
0.9822997498
0.9775983321
0.9871645920
1.0008072584
1.0077951279
1.0053661842
0.9963744389
0.9803864715
0.9669571531
0.9711032715
0.9840317463
0.9808085557
0.9607307794
0.9636460305
0.9814343352
0.9729441583
0.9345070756
0.9352901657
0.9256465569
0.8907363054
0.8973472515
0.9042335206
0.8966666655
0.8724225301
0.8306152226
0.7916055988
0.7814896027
0.8043626122
0.8452829170
0.8935926099
0.9398532267
0.9711748136
0.9907994249
0.9809730816
1.0016385917
0.9842288455
1.0122646718
0.9833417518
0.9856637094
1.0044246397
0.9760973903
0.9656828102
0.9537692575
0.9625691503
0.9719765637
0.9711444162
0.9811804522
0.9930313573
1.0010580425
1.0054380221
0.9984262983
1.0177226444
1.0305464431
1.0153079465
1.0135739606
1.0090977740
1.0056512169
1.0023577762
1.0348873760
0.9946750398
0.9796689977
0.9869956784
1.0076738724
1.0135965887
1.0137356980
1.0102571684
1.0026744145
1.0030439269
1.0000648033
0.9859622964
0.9867258721
0.9874324953
0.9710341096
0.9897214621
1.0028280981
0.9684809951
0.9419207929
0.9205532555
0.9110981433
0.9517905025
0.9879721091
0.9985121137
0.9848761260
0.9601031624
0.9651519904
0.9801683267
0.9796902569
0.9795699540
0.9822095777
0.9638134195
0.9372129129
0.9377137467
0.9366162091
0.9262944625
0.9517260028
0.9942331990
0.9983410994
1.0304298607
1.0220050401
0.9922816440
0.9627385764
0.9465825310
0.9600009280
0.9681457374
0.9649449505
0.9844223459
0.9957026305
0.9932420773
1.0020140033
1.0051713546
0.9993337062
0.9882460058
0.9850507767
0.9825523239
0.9975352959
0.9979580743
0.9861313516
0.9861026313
1.0117399309
0.9831084715
0.9833473827
0.9641535070
0.9732451046
0.9852627664
0.9743185244
0.9804784069
0.9930665250
0.9884851735
0.9888348375
0.9961810078
0.9939885645
0.9905787506
0.9865020200
0.9972578287
1.0040941803
0.9807902730
1.0101897525
1.0093302161
0.9827110093
0.9987141144
0.9803521618
0.9840229098
1.0057718912
1.0063553983
0.9974969891
1.0075839812
1.0154199156
1.0012890368
0.9862422906
0.9847086775
0.9962849286
1.0208039103
1.0269526696
1.0344856788
1.0221929730
1.0099367888
0.9947514630
0.9822041514
0.9701013060
0.9766108238
0.9748693489
0.9536927566
0.9604416237
0.9715579353
0.9638122529
0.9682962960
0.9679170671
0.9609739362
0.9644434799
0.9611107138
0.9714388879
0.9907313115
0.9951341256
0.9920544146
0.9991275513
1.0043481444
0.9903693294
0.9728331489
0.9628897832
0.9830591516
0.9915985539
0.9762694453
0.9724701976
0.9917015580
1.0143963677
1.0030419356
0.9858113311
0.9982503491
0.9986926649
0.9721614115
0.9645243448
0.9511984953
0.9413767536
0.9246817399
0.9459190525
0.9443882714
0.9426217840
0.9517007150
0.9740516031
0.9457172135
0.9346840949
0.9251411480
0.9418212606
0.9563183343
0.9686514815
0.9757623698
0.9774117420
0.9625175971
0.9150670296
0.8515618675
0.7836142208
0.7208608128
0.7031264567
0.6973507075
0.7463934447
0.8137459628
0.8702690426
0.9431169263
0.9894088247
1.0137508797
0.9934996964
1.0002149379
1.0260932988
0.9985208455
0.9819337124
0.9826213375
0.9881058171
0.9874163727
0.9748829608
0.9797004813
0.9699103159
0.9530983620
0.9570701653
0.9545288037
0.9434858160
0.9600999970
0.9749050000
0.9798929168
0.9969262694
1.0163714828
1.0414610517
1.0421352333
1.0347235527
1.0346218710
1.0207578514
1.0031968223
0.9961164590
0.9975518443
1.0121725921
1.0273152722
1.0108182002
0.9735206985
0.9562007689
0.9131254693
0.8593498083
0.8331595222
0.8415147461
0.8796826826
0.9123302937
0.9210217115
0.9383728633
0.9881025252
1.0173455103
1.0100491015
1.0008769839
0.9917786940
0.9762378344
0.9734496461
0.9749530678
0.9645097695
0.9679730900
0.9662766468
0.9827094324
1.0099573315
1.0070881789
0.9903157586
0.9920600725
0.9774040464
0.9280364939
0.9376893296
0.9608481939
0.9527407750
0.9755845910
0.9924879327
1.0121862025
1.0285625890
1.0303911205
1.0238370800
1.0060615706
0.9918935720
0.9889255950
0.9779326582
0.9567556843
0.9370960060
0.8867856883
0.8127516095
0.8228979643
0.8345007970
0.8879007515
0.9369287023
0.9648328952
0.9835969008
0.9819142519
0.9768106483
1.0061938113
1.0176441678
0.9935608771
0.9641258291
0.9572115104
0.9933181481
1.0091242534
1.0151392996
0.9666356354
0.9533398394
0.9318042906
0.9355432067
0.9587499159
0.9672206376
0.9546759681
0.9607489020
0.9872099875
0.9991080360
0.9823157060
0.9479308354
0.9413690364
0.9519253384
0.9346097503
0.9123574719
0.9077883208
0.9021301200
0.9333727462
0.9552291636
0.9327333864
0.9490705322
0.9521670053
0.9041914257
0.8562297693
0.8396022854
0.8532088998
0.9012864922
0.9437365927
0.9539092776
0.9769389225
1.0113490768
1.0114246539
0.9991112020
0.9990458101
0.9956745434
0.9866187139
0.9677566278
0.9266190149
0.8732139339
0.8389647704
0.8271673960
0.8328743458
0.8514455873
0.8094742365
0.7674665638
0.7568982520
0.7347740662
0.7473790729
0.7629618452
0.7823617578
0.7920940004
0.7979792963
0.8122346456
0.8311875504
0.8574451441
0.8927073571
0.9250913595
0.9548182678
0.9678240066
0.9698786985
0.9901380494
0.9878397343
0.9834882674
0.9726302092
0.9726567050
0.9363867527
0.8881591083
0.8784015371
0.8759035926
0.8701903406
0.8822627860
0.9277662775
0.9745775705
1.0026647199
1.0082884169
0.9802603253
0.9549509904
0.9692298449
0.9871832444
0.9810439725
0.9893271516
0.9945084158
0.9859374345
0.9604657629
0.9766909677
0.9885024974
0.9833450874
0.9488079219
0.9175781870
0.9210146268
0.9427442632
0.9719410292
0.9872110532
0.9758464497
0.9746883544
0.9962723752
1.0068336515
1.0185066051
0.9931071361
0.9566920501
0.9759686439
0.9901048483
0.9828388800
1.0057426114
0.9956960058
0.9698245991
0.9894982878
1.0158926430
1.0217885750
1.0051405694
1.0054203954
1.0116361393
0.9863390517
0.9619544589
0.9773338635
0.9859072213
0.9639353167
0.9697939834
0.9749985675
0.9794275823
0.9767125223
0.9750982493
0.9953087452
1.0025916578
1.0106171725
0.9924346846
0.9900779930
0.9833349035
0.9674920138
0.9726268345
0.9737298894
0.9927806486
1.0181222749
1.0115857242
1.0046323884
1.0148432238
1.0037843654
0.9926251703
0.9854110683
0.9472601591
0.9475863880
0.9517443403
0.9148813881
0.8895033502
0.8384479178
0.7799242856
0.7557391032
0.7836895724
0.8309947833
0.8678922553
0.9148473345
0.9448276143
0.9440328739
0.9574985695
0.9823868942
0.9743137127
0.9654825641
0.9855141107
0.9824075776
0.9701068601
0.9614138962
1.0044122140
0.9917038514
0.9873110570
0.9560416127
0.9720281074
0.9999140666
1.0097558565
1.0164200197
1.0105424083
0.9898278459
0.9763564156
0.9803072742
0.9903569078
0.9862123625
0.9740058659
0.9857212878
0.9983426287
1.0162730984
1.0014790557
0.9841717313
1.0132328216
1.0159552628
1.0191001017
1.0236466037
0.9951098811
0.9959084911
0.9907863367
0.9981327364
0.9994699593
0.9859066738
0.9764976595
0.9620169973
0.9497407567
0.9486020982
0.9449723198
0.9671330101
0.9811939497
1.0002590461
0.9788758541
0.9721600161
0.9866079034
0.9979579959
0.9982009302
1.0104175198
1.0108454522
0.9336826758
0.8188267508
0.7063139323
0.6161831546
0.5664025534
0.5814998278
0.6456689399
0.7377493113
0.8526467594
0.9416462560
0.9680817714
0.9807880444
0.9892014834
0.9792997386
0.9776227647
0.9775235230
0.9689006017
0.9716903200
0.9915376954
0.9998136353
1.0056584745
0.9977799993
0.9935513864
0.9744485494
0.9749949588
1.0023581333
0.9909044572
0.9544505035
0.9492119979
0.9407357594
0.9262047265
0.9200647162
0.9367405925
0.9619458985
0.9555947229
0.9660290183
0.9683537424
0.9572282837
0.9978094202
1.0166816242
1.0192331760
1.0063590086
0.9853655977
0.9866348338
0.9849114889
0.9893406283
1.0034814812
0.9991316271
0.9922930866
1.0020290908
1.0040802823
1.0020818612
0.9861881500
1.0010704882
0.9821299056
0.9655135063
0.9115026471
0.8810217708
0.8634516744
0.8502028838
0.8222163398
0.8550430588
0.9196721772
0.9613443940
0.9876345325
0.9956073804
0.9641627694
0.9505905172
0.9952720548
1.0151873681
0.9958863987
0.9893423964
0.9830777960
0.9771675958
0.9540685026
0.9057009863
0.8847368825
0.8428566413
0.7970486824
0.8029309857
0.8271543268
0.8726251878
0.9370794323
0.9716155592
0.9888819553
1.0006004904
0.9958315813
0.9848935173
0.9781452461
0.9819780432
0.9939147599
0.9629050729
0.9718687518
0.9944637809
1.0022250956
0.9791986276
0.9637275171
0.9759851621
0.9606681814
0.9491982796
0.9525686594
0.9650331137
0.9707431101
0.9741280280
0.9984350530
1.0188530733
1.0182483477
1.0250527281
1.0236559469
0.9960177952
1.0103980167
1.0222323338
1.0096174508
0.9796808205
0.9720407375
0.9937359355
1.0148117096
0.9934396019
0.9716892548
0.9726573081
0.9678158882
0.9869523651
1.0057775019
0.9988782098
0.9975552411
0.9866584864
0.9638063440
0.9523503953
0.9479565169
0.9603909982
0.9563819078
0.9473022662
0.9856249756
0.9958568889
1.0198000672
0.9938439206
1.0061801319
0.9840715784
0.9830009372
1.0002116357
1.0052613741
1.0046452141
0.9931057880
0.9907927476
0.9838761584
0.9869202426
1.0030564275
0.9917426413
0.9659130312
0.9635101586
0.9688722549
0.9907343136
0.9899455110
1.0002918644
1.0138959547
0.9898109610
1.0008775172
1.0011533862
0.9623126786
0.9741249101
1.0052241495
0.9895441243
0.9726971531
0.9568575014
0.9503053959
0.9615823127
0.9613148768
0.9600675216
0.9725660896
0.9549487064
0.9540636911
0.9635792229
0.9575314513
0.9223409981
0.9103333739
0.9177836037
0.9327064573
0.9318040519
0.9632095110
0.9947848723
0.9981595670
1.0033027604
0.9974160202
0.9907381737
0.9932674037
0.9879321622
0.9718003861
0.9669108613
0.9802789414
0.9987368116
1.0080386036
0.9851969316
0.9842581876
0.9875966533
0.9819348134
0.9593292990
0.9992655446
1.0050593857
0.9986963266
0.9803914898
0.9844123848
0.9898444544
1.0023354572
1.0093139320
0.9997236832
0.9928027656
1.0120655095
1.0304356411
1.0120771707
1.0008755566
1.0194457706
1.0138764003
0.9842007417
1.0120094234
0.9780696997
0.9585493667
0.9725265848
0.9678889482
0.9577433062
0.9367756601
0.9478079069
0.9518868110
0.9521629036
0.9508219663
0.9442238124
0.9285126865
0.9266318469
0.9468104327
0.9620047847
0.9800562017
0.9745027838
0.9695270229
0.9827982247
0.9747405043
0.9678270716
0.9535099737
0.9732614131
0.9777916472
0.9611254877
0.9740198862
0.9788187474
0.9771021804
0.9841203897
0.9809826844
0.9735766385
0.9799006435
0.9978598210
1.0010981521
0.9803661980
0.9799255107
0.9859678006
0.9796628214
0.9767313217
0.9554661773
0.9754015290
0.9970314094
0.9746929798
0.9956172144
0.9864226556
0.9851850116
0.9921421598
0.9955831842
0.9968473437
1.0078036890
1.0032347964
0.9896675263
0.9910961895
0.9855887238
0.9667257126
0.9663548000
0.9806232721
0.9614296851
0.9596607412
0.9866037880
0.9629962510
0.9385884830
0.9428985790
0.9535662455
0.9501637856
1.0000762290
1.0149753279
0.9930810943
0.9699909361
0.9845472155
0.9848249352
0.9696183784
0.9748551279
0.9786254090
0.9852143256
0.9889625684
0.9766410371
0.9394239376
0.9289894744
0.9209966879
0.9090136633
0.8924195501
0.8959565086
0.9044658657
0.9490551769
0.9737374174
0.9682111581
0.9835933210
0.9824068895
0.9649362815
0.9650482812
0.9708913537
0.9664401628
0.9702343948
0.9821753776
0.9794877842
0.9737849360
0.9679329992
0.9751107226
0.9958853844
1.0272008952
1.0323103820
1.0087185523
0.9656232854
0.9314441229
0.9427216654
0.9575611926
0.9913216056
0.9951051392
0.9660384640
0.9512787640
0.9492228429
0.9361674173
0.9231520656
0.9110697498
0.8709686456
0.8002044900
0.7197302694
0.6585005456
0.5733736964
0.5668158560
0.5980774848
0.6800955171
0.7774110265
0.8578981471
0.9058843626
0.9614460055
1.0017702934
0.9929135198
0.9570836259
0.9503904459
0.9808605080
0.9899366632
0.9560023585
0.9342718368
0.9392404071
0.9536687993
0.9795831668
0.9627162781
0.9390041666
0.9719144685
0.9823895571
1.0036716541
1.0016109307
0.9786845762
0.9643488875
0.9532300347
0.9564892465
0.9428566682
0.9294565028
0.9256237867
0.9121820049
0.8902093731
0.8775588476
0.8906258951
0.9244878770
0.9655539045
0.9823319007
0.9802654719
0.9923334052
0.9742246723
0.9540049099
0.9487880729
0.9646730431
0.9639716125
0.9562788072
0.9661903224
0.9572217789
0.9515888512
0.9477530171
0.9352089849
0.9198144940
0.9104537955
0.9240711999
0.9508224147
0.9565303840
0.9570739340
0.9754342455
0.9848492096
0.9901495760
0.9823696174
0.9647112923
0.9398412626
0.8908397007
0.8556838321
0.8677819909
0.8763050290
0.8895737370
0.8747161366
0.8748640005
0.9077529397
0.9290356228
0.9268763268
0.9296869601
0.9546061728
0.9591305875
0.9718258503
1.0012802054
0.9867126478
0.9612312298
0.9588221772
0.9505353870
0.9467365974
0.9215821008
0.9192167917
0.9402869469
0.9445589089
0.9373930930
0.9369822955
0.9589276736
0.9594820396
0.9463340289
0.9513388681
0.9441374758
0.9557595488
0.9678303349
0.9344954262
0.9289568667
0.9318926886
0.9564165892
0.9662752999
0.9556403242
0.9726482502
0.9742741769
0.9876860347
0.9769968344
0.9748058329
0.9741911353
0.9837966734
1.0107378180
1.0277389616
1.0196908989
1.0117740012
1.0084778594
0.9894009322
0.9914918578
1.0008406693
1.0030129626
0.9942163479
0.9876184409
0.9928708232
0.9898372073
0.9783860655
1.0024738495
1.0181436250
0.9878230933
0.9769722050
0.9663990567
0.9679292560
0.9721228923
0.9771327784
0.9883472798
0.9866271321
0.9784448825
0.9805749653
0.9920041672
0.9949717443
0.9849502000
0.9598548351
0.9415104030
0.9578851298
0.9878226160
0.9911923791
1.0148344778
0.9890380497
0.9927415258
0.9929755050
0.9793115369
0.9711826096
0.9848905091
0.9867436086
0.9706510896
0.9646446185
0.9546424770
0.9464367527
0.9380401482
0.9551399062
0.9766716969
1.0019316886
1.0039427620
0.9699523662
0.9755696381
0.9939609717
1.0088709505
1.0069060281
0.9894998318
0.9873378549
0.9883054532
0.9866803886
0.9981426069
1.0164513344
1.0167028848
0.9959997755
0.9791112543
0.9716310300
0.9503571741
0.9779158720
0.9846503045
0.9412134901
0.9633409762
0.9455696860
0.9501879809
0.9330496783
0.9600056591
0.9875941384
1.0039852738
1.0014299818
1.0067057503
1.0001341014
0.9935568236
1.0133886138
1.0125070177
0.9855787005
0.9835928523
