#flux
1.0067338424
0.9962151062
0.9834587386
0.9684865386
0.9580373893
0.9579622410
0.9564824714
0.9564577819
0.9681890041
0.9797449047
0.9836759982
0.9885621686
0.9979443580
0.9893823946
0.9819015937
0.9874913982
0.9852208240
0.9872783408
0.9895465982
0.9894091898
0.9910789632
0.9887936152
0.9710883573
0.9485995119
0.9385664719
0.9238369695
0.8878779635
0.8636088678
0.8618310329
0.8816210165
0.9147334058
0.9444356224
0.9676231372
0.9768233088
0.9853692336
0.9873662971
0.9838518832
0.9807737112
0.9759904479
0.9718030164
0.9742903451
0.9719910201
0.9636307392
0.9659894710
0.9674942129
0.9525570704
0.9476245668
0.9538886497
0.9631155225
0.9719845431
0.9766732588
0.9739102911
0.9793724611
0.9698553094
0.9625696354
0.9755779136
0.9809426728
0.9776131941
0.9797956086
0.9839903000
0.9765152515
0.9692063323
0.9690773378
0.9688597640
0.9715993057
0.9743105752
0.9601677199
0.9331793724
0.8889353275
0.8370510826
0.8149976490
0.8126597015
0.8178503434
0.8674499819
0.9122356118
0.9518364786
0.9780967393
0.9863170514
0.9801784701
0.9670979443
0.9569468420
0.9567815032
0.9583739516
0.9594731132
0.9630740521
0.9632130541
0.9615557529
0.9535540646
0.9299309424
0.8979232969
0.8789744477
0.8622520236
0.8544707980
0.8726144909
0.9067762516
0.9235435276
0.9193443115
0.9096240762
0.8865063354
0.8352322387
0.7864076752
0.7590152705
0.7524365862
0.7872344233
0.8579986904
0.9184854176
0.9567067243
0.9697664927
0.9722292087
0.9778856216
0.9728997332
0.9496461488
0.9280474745
0.9155242350
0.9228359933
0.9411125077
0.9555632037
0.9624740416
0.9669519091
0.9719008746
0.9744876593
0.9764096006
0.9795822361
0.9778046217
0.9753899814
0.9764449105
0.9668854253
0.9639229747
0.9618513685
0.9563619148
0.9594807053
0.9476448655
0.9276617263
0.9199235067
0.9079923558
0.8934087452
0.8929757554
0.9108301246
0.9285407075
0.9397431001
0.9568075963
0.9675934988
0.9651116895
0.9642588795
0.9702616733
0.9751858372
0.9748978494
0.9702970284
0.9599313242
0.9548861195
0.9662872532
0.9827371647
0.9840467744
0.9697774414
0.9574711530
0.9445599473
0.9325441755
0.9125951945
0.8741994088
0.8363814198
0.8259860987
0.8390186834
0.8602316117
0.8919140623
0.9312442531
0.9589674770
0.9695596796
0.9653644604
0.9553727606
0.9407518838
0.9269517492
0.9208211468
0.9177089931
0.9097538056
0.8945121693
0.8724528241
0.8804326297
0.8788752531
0.8783243027
0.8893793085
0.9087365000
0.9307698189
0.9466961898
0.9510218742
0.9465006963
0.9432225460
0.9482736034
0.9440967099
0.9354122226
0.9166171980
0.9230324134
0.9183627316
0.8969870255
0.9084933549
0.9170924042
0.9051925619
0.8805665051
0.8607583760
0.8424747593
0.8106075157
0.7657486544
0.7193736909
0.6639645529
0.5872001967
0.5075006263
0.4391991541
0.3668971212
0.3132869160
0.2651642171
0.2354307453
0.2210234885
0.2074734714
0.1924731443
0.1836290234
0.1850256985
0.1875749651
0.1827999657
0.1927459435
0.2123198381
0.2319005826
0.2530534019
0.2957668601
0.3541991090
0.4107089574
0.4751262469
0.5549056919
0.6409877609
0.7170544721
0.7689153542
0.8237097930
0.8639768266
0.8643011853
0.8646212062
0.8596296964
0.8521551790
0.8557479291
0.8710122771
0.8902456874
0.9112801223
0.9240605428
0.9270868454
0.9344980233
0.9464947452
0.9586392482
0.9713077974
0.9729948082
0.9654234995
0.9570775961
0.9547053621
0.9612295555
0.9704060396
0.9707777611
0.9577520652
0.9632889459
0.9478758823
0.9372817230
0.9235948532
0.9064867334
0.8936075903
0.8951452897
0.9096994673
0.9166915720
0.9307679174
0.9508163421
0.9522809427
0.9591503666
0.9604708080
0.9641016147
0.9737407994
0.9696965047
0.9697284552
0.9879724205
0.9922218852
0.9875295129
0.9795532737
0.9870364604
0.9859379822
0.9676951959
0.9526331237
0.9455442943
0.9479946321
0.9597459962
0.9727393803
0.9810335792
0.9845937488
0.9851164699
0.9856849671
0.9815386625
0.9728762732
0.9794928916
0.9694451882
0.9747794030
0.9895025092
0.9886858075
0.9815946605
0.9868013640
0.9929877000
0.9852278991
0.9737917857
0.9897699394
1.0027390528
0.9996550331
0.9918275321
0.9868330338
0.9937697669
0.9936871312
0.9835863071
0.9851148993
0.9911788847
0.9774565228
0.9903288569
0.9934192834
0.9844617010
0.9716724367
0.9714068771
0.9551578172
0.9142777698
0.8704404424
0.8213220625
0.7582101383
0.7173585743
0.7145057213
0.7508156436
0.8239730552
0.8911968218
0.9272685723
0.9561252918
0.9675238680
0.9657329347
0.9679340119
0.9707223012
0.9686465014
0.9695907929
0.9669834120
0.9736336837
0.9629830511
0.9643658734
0.9753885943
0.9821608465
0.9767227079
0.9649407436
0.9546432134
0.9488624391
0.9464200280
0.9395510155
0.9263667646
0.9225681903
0.9329394557
0.9513481183
0.9580781184
0.9455967965
0.9488216845
0.9455940413
0.9399269863
0.9492609080
0.9745422688
0.9928599739
0.9937083468
1.0037491262
1.0070615830
1.0111744484
1.0182282162
1.0156752619
1.0104419645
1.0052969837
0.9931130487
0.9785421383
0.9793325888
0.9868045254
0.9826544117
0.9817117401
0.9895216954
0.9867738159
0.9774847653
0.9728506662
0.9535910950
0.9210242501
0.8514445603
0.7633765350
0.7022738670
0.6874933499
0.7107104969
0.7623933036
0.8331854366
0.9051296393
0.9562482796
0.9717574517
0.9757606342
0.9922689638
1.0059590111
0.9987036995
1.0045027184
0.9949341402
0.9878370054
1.0004071745
0.9998925663
0.9742312828
0.9491567493
0.9448420326
0.9368249506
0.9090333914
0.8606422514
0.7942922237
0.7317037957
0.7106626522
0.7456733215
0.8033454532
0.8690109193
0.9413554480
0.9861753907
0.9872140345
0.9775996880
0.9589182470
0.9386508925
0.8791926859
0.7932457984
0.7156774556
0.6716784490
0.6804995852
0.7330641424
0.8078808577
0.8805723034
0.9241522985
0.9452265752
0.9738431068
0.9954319070
0.9954870259
0.9963934855
0.9928628317
0.9888149965
0.9956051554
1.0022074479
0.9914828397
0.9830624354
0.9865026023
0.9864262199
0.9726250572
0.9540254297
0.9506299977
0.9540894845
0.9577256380
0.9646929927
0.9817751684
0.9947043262
0.9772810213
0.9589247376
0.9641540894
0.9682570622
0.9665507845
0.9680207380
0.9683175602
0.9907908177
1.0145590930
1.0595587534
1.0644126569
1.0357121717
1.0063872163
1.0015543028
0.9995725196
0.9911239298
0.9947556995
1.0030657275
1.0000438331
1.0031365645
1.0157809759
1.0149841587
1.0271915509
1.0429801865
1.0103433676
1.0128034876
0.9932549190
1.0042276740
0.9921218648
0.9888372701
0.9905344309
0.9919344300
0.9988593071
1.0052179379
1.0001953316
0.9905017709
0.9866940289
0.9791163929
0.9706303219
0.9733294352
0.9784211711
0.9885277168
0.9880879075
0.9926135443
0.9995329375
0.9914521260
0.9841772609
0.9861890007
0.9847645600
0.9903252407
1.0045392212
0.9944251704
0.9868242933
0.9832457784
0.9578915603
0.9493265526
0.9666334401
0.9656249160
0.9422284234
0.9320108906
0.9440237182
0.9654429405
0.9868111191
1.0022357749
1.0088792471
1.0091102001
0.9990515302
0.9859613106
0.9639729010
0.9683362639
0.9594166329
0.9492580918
0.9319726114
0.8802133707
0.8159041853
0.7735078514
0.7591622492
0.7721014931
0.8181825101
0.8863836723
0.9456832427
0.9748484954
0.9777755388
0.9866580004
0.9837020869
0.9916020733
0.9825005675
0.9841419317
0.9845261207
0.9810316833
0.9654659182
0.9531566579
0.9527455123
0.9577874315
0.9646444785
0.9726400089
0.9804270363
0.9855864619
0.9810727179
0.9661686549
0.9562386702
0.9551970753
0.9528908360
0.9643373407
0.9667202039
0.9799485601
0.9854539281
0.9897578702
0.9981265203
0.9936047491
0.9770120305
0.9661658729
0.9655669352
0.9700947640
0.9747139760
0.9642728149
0.9502668576
0.9412480453
0.9331242824
0.9359091466
0.9437740459
0.9520794789
0.9832638670
1.0112732981
1.0152912036
1.0049735667
1.0034443271
1.0084786896
0.9823649945
0.9653485202
0.9695594263
0.9623432909
0.9568734573
0.9589738693
0.9628586947
0.9731643789
0.9877610418
0.9926843332
0.9902678095
0.9926337002
0.9946472862
0.9968062002
1.0030549624
1.0037142360
0.9939039676
0.9869599548
0.9875619342
0.9535982544
0.9378503315
0.9465451667
0.9501336662
0.9588043367
0.9748393572
0.9833584568
0.9865527099
0.9851465789
0.9815409977
0.9651071677
0.9100656404
0.8239334344
0.7524157454
0.7221452097
0.7322875591
0.7838377540
0.8518122927
0.9151688728
0.9665249032
0.9868589927
0.9852152786
0.9808172118
0.9841858768
0.9927334281
0.9828090587
0.9784389673
0.9840589982
0.9873056680
0.9917643050
0.9950149056
0.9890935429
0.9883550769
0.9952864481
0.9834558398
0.9729864885
0.9656478604
0.9742861870
0.9759771688
0.9722319631
0.9652871122
0.9761236281
0.9851281355
0.9858295553
0.9851442264
0.9915878917
0.9935910547
0.9867812202
0.9883457569
1.0018963068
1.0088473112
0.9982365301
0.9841460467
0.9814316982
0.9770317914
0.9857644335
1.0002554421
0.9923993195
0.9871217341
0.9640266748
0.9588868615
0.9495558224
0.9542609443
0.9693515243
0.9707907722
0.9637274486
0.9652799549
0.9768441446
0.9921860777
1.0011315512
0.9991306249
0.9911869999
0.9872913279
0.9915401600
0.9861628944
0.9925242805
0.9815063621
0.9868075397
0.9745562995
0.9908199328
0.9973839959
0.9943575844
0.9890397259
0.9910989334
0.9952341593
0.9931517990
0.9946810115
1.0057852860
1.0164613766
1.0131678075
1.0055874173
1.0033336799
0.9994417378
1.0011097118
0.9882301766
0.9562957956
0.9266317268
0.9263976705
0.9377278058
0.9370992249
0.9411155394
0.9542298332
0.9660006362
0.9783122863
0.9904629503
0.9938507212
0.9977800975
1.0053313752
0.9929469838
0.9797113454
0.9897118169
1.0041571392
1.0110398790
1.0031202146
0.9907316465
0.9575992139
0.9122759753
0.8821804979
0.8656343649
0.8681586242
0.8611342860
0.8092677349
0.7272012281
0.6293695431
0.5568547127
0.5531144351
0.6194977975
0.7249914169
0.8224177882
0.8921948551
0.9411314951
0.9672190975
0.9730804282
0.9702749296
0.9536493074
0.9505153581
0.9202905126
0.8466675430
0.7626436478
0.6783796082
0.6119751741
0.6059818031
0.6716929993
0.7634042264
0.8470296371
0.9155357716
0.9682904376
1.0030142898
1.0112472772
0.9941859109
0.9825741990
0.9969596258
1.0100224796
1.0057513027
1.0022725881
0.9899829862
0.9894184264
1.0109700277
0.9879329493
0.9730303126
0.9686684485
0.9674096388
0.9579689030
0.9488687800
0.9525504708
0.9600830334
0.9683534927
0.9773094444
0.9840041438
0.9889983375
0.9913147443
0.9844406898
0.9661728370
0.9418750322
0.9252930502
0.9285700992
0.9476058743
0.9693056908
0.9506717664
0.9652752633
0.9600480640
0.9656899705
0.9867306778
0.9969691628
0.9964499092
0.9888451944
0.9822712286
0.9810991240
0.9842660425
0.9889185397
0.9875015296
0.9742227510
0.9625012768
0.9711064670
0.9835027378
0.9778476399
0.9815383885
0.9807742008
0.9502246996
0.9063839119
0.8509694079
0.8115660201
0.8283327719
0.8499737092
0.8883953967
0.9297593650
0.9643876064
0.9835877659
0.9871196885
0.9870289923
0.9900465429
0.9960480939
1.0009353617
0.9926000652
0.9775960824
0.9600733792
0.9363952226
0.9113299906
0.8926442495
0.8858712096
0.8923945285
0.9160546544
0.9385917422
0.9492274362
0.9458310194
0.9150454340
0.8726612698
0.8424208572
0.8315972183
0.8462084050
0.8859267373
0.9336210218
0.9735691918
0.9990853549
1.0193067001
1.0145392462
1.0132692862
1.0029117183
1.0055555267
0.9976296323
0.9919235459
0.9889959106
0.9836322906
0.9806174805
0.9786912235
0.9848324916
0.9970130540
1.0059472902
0.9973152886
0.9874683890
0.9970645662
1.0065716705
1.0060308802
1.0054252151
0.9995211749
0.9868793050
0.9956673916
0.9940525733
0.9979305313
0.9993450672
1.0010213867
1.0085468100
1.0045614671
0.9964192373
0.9823758975
0.9789885228
0.9796024545
0.9764774185
0.9795633370
0.9851065288
0.9817834468
0.9803953437
0.9899692343
1.0031912891
1.0167880833
1.0136317797
1.0017786991
1.0010346877
0.9869828158
0.9865642656
0.9787743423
0.9846059028
0.9806213830
0.9694490925
0.9761228757
0.9925491378
1.0021939294
1.0073724402
1.0102403471
1.0034417626
0.9915335223
0.9898506991
0.9949903586
0.9962259753
1.0026726518
0.9841400752
0.9698913790
0.9564595737
0.9440931914
0.9566555790
0.9735049939
0.9820458369
0.9948973074
1.0405439233
1.0745745202
1.0352135243
1.0024795323
0.9984094049
1.0004458237
1.0098871484
1.0097539204
0.9987152219
0.9952783279
0.9821621953
0.9774640658
0.9648009414
0.9046689065
0.8172646685
0.7955210652
0.7656285729
0.7864766119
0.8511136527
0.9130293742
0.9619568512
0.9938308770
1.0080622401
1.0001789550
0.9883891251
0.9955677051
1.0091616070
1.0067567890
0.9994433287
1.0014781964
0.9955618976
0.9781443741
0.9678191708
0.9611346847
0.9588031587
0.9595671853
0.9416314291
0.9243023354
0.9177249777
0.9221730017
0.9321843834
0.9583809088
0.9833702953
0.9904709224
1.0004730185
1.0095185406
1.0085690175
1.0114462543
1.0088675583
1.0013701103
1.0016547051
0.9826726294
0.9740024989
0.9432981794
0.8988583687
0.9199766710
0.9309266114
0.9316004745
0.9392681263
0.9447085202
0.9565464756
0.9572087042
0.9492501717
0.9554402068
0.9711440113
0.9841260444
0.9903226642
0.9891923935
0.9859606384
0.9729670570
0.9459901077
0.9055790820
0.8526438236
0.8203423255
0.8199031390
0.8692355883
0.9246677963
0.9650449109
0.9707219520
0.9836197943
1.0004386086
1.0010854023
0.9940838004
0.9958624932
1.0028874000
1.0005991304
0.9812624105
0.9399230120
0.8703419256
0.7798854940
0.6947204266
0.6526567265
0.6682555194
0.7382470564
0.8254383828
0.8884683189
0.8982636401
0.8906178341
0.8660598263
0.8240301970
0.8167062916
0.8307731321
0.8443284715
0.8766182913
0.9285859775
0.9740995296
0.9919594722
0.9897647540
0.9933479974
0.9990839887
1.0093212291
1.0170611541
1.0032040862
0.9946676052
0.9992971241
0.9893211067
0.9678475694
0.9560192900
0.9628032722
0.9608039691
0.9549858309
0.9723846508
0.9835285256
0.9817090607
0.9906251500
1.0047525373
1.0026783426
0.9931215510
0.9967577650
1.0032337938
0.9899639794
0.9789069325
0.9797258249
0.9901475958
1.0080745813
1.0013701449
1.0027327744
0.9949764232
0.9761305614
0.9758320653
0.9797125388
0.9710501128
0.9701053903
0.9708755584
0.9592110904
0.9540822223
0.9707380062
0.9838969183
0.9786446207
0.9791363805
0.9708212417
0.9736981072
0.9709993952
0.9597334870
0.9671687622
0.9822973778
0.9758357768
0.9778927134
0.9779007558
0.9805638392
0.9681796946
0.9448596563
0.9346753474
0.9344093237
0.9305106890
0.9227555495
0.9110491559
0.8855744252
0.8488501788
0.8258653202
0.8203436678
0.8523767453
0.9123241365
0.9495335718
0.9739940002
0.9968909944
1.0088030999
1.0067877609
0.9985620515
0.9950348682
0.9954012707
0.9854665217
0.9733334043
0.9738286804
0.9788688203
0.9785314881
0.9839510076
0.9947307988
0.9900894152
0.9799157544
0.9795976732
0.9995504897
1.0052336028
1.0080081826
0.9983084837
0.9900286730
0.9879787705
1.0069865713
1.0194589278
1.0141277677
0.9947411089
0.9895476467
1.0007684197
1.0085243570
1.0049995997
0.9969016385
0.9923635342
0.9960846823
1.0017880085
1.0001046858
1.0044041718
0.9992991069
1.0054474926
0.9870516845
0.9829626782
0.9966506870
0.9953328970
0.9763192518
0.9920229405
0.9911000946
0.9685502337
0.9539398150
0.9632976198
0.9677926301
0.9646310472
0.9719676833
0.9834172430
0.9878920040
0.9878177255
0.9941138510
0.9856149238
0.9745306613
0.9705559309
0.9790466461
0.9654973556
0.9617161629
0.9612397389
0.9672047431
0.9885505030
0.9970514881
0.9934221923
0.9876734948
0.9786018950
0.9709585516
0.9684876510
0.9625944436
0.9572381608
0.9686512011
0.9842017526
0.9850356460
0.9874682869
0.9964664176
0.9968811510
0.9888552622
1.0036068970
0.9974700079
0.9918217590
0.9844025339
0.9825358707
0.9880540471
1.0002976926
1.0009780701
0.9892541920
0.9918021169
1.0001823868
0.9948094425
0.9881641189
0.9850789016
0.9770132398
0.9726941696
0.9814878434
0.9916407666
0.9906574344
0.9909960025
1.0028670209
1.0058597897
1.0112482872
0.9994561880
0.9951123365
0.9886088159
0.9860905420
0.9924503387
1.0000243646
1.0016818611
1.0020011010
0.9996328729
0.9925812918
0.9912394341
0.9946644770
1.0000115562
0.9985720509
0.9876848601
0.9857214114
0.9965523928
0.9871019101
0.9918670859
1.0047678936
1.0063141805
1.0102366756
1.0038823854
1.0029660285
1.0035908318
1.0000678564
0.9967420652
0.9925794678
0.9880578786
0.9868151073
0.9877623245
0.9898371223
0.9814205307
0.9829176411
0.9979735987
1.0026968896
0.9911421106
0.9907785153
0.9901625109
0.9849506070
0.9908331427
0.9898701029
0.9847067134
0.9821013636
0.9918725931
1.0045742331
1.0108892679
1.0096608143
0.9985298953
0.9843867617
0.9818137786
0.9842674697
0.9811924112
0.9933926363
0.9922914122
0.9706146113
0.9646414098
0.9628181903
0.9570572989
0.9568994117
0.9487756889
0.9496456042
0.9615892790
0.9777541785
0.9814136864
0.9751429800
0.9631137024
0.9493237423
0.9435573343
0.9473301717
0.9544901457
0.9648220385
0.9779929707
0.9769664108
0.9574419264
0.9249749523
0.8673781083
0.8104201697
0.7532619657
0.7347030300
0.7711465989
0.8231021099
0.8903758372
0.9476108757
0.9690354304
0.9769408047
0.9932243563
1.0072308838
1.0079338636
1.0033826884
1.0018328352
1.0018373259
1.0034724165
1.0012087225
0.9976184753
0.9885873642
0.9843872295
0.9665338056
0.9641324455
0.9762519340
0.9863930917
0.9962361748
0.9969337481
1.0020437873
1.0050764574
1.0080797487
0.9966567293
0.9824562082
0.9934492152
1.0075675035
1.0031221716
1.0019833346
1.0112300237
1.0136896313
0.9981216783
0.9905583001
0.9998285171
0.9681054982
0.9499066675
0.9241447018
0.8833740715
0.8558128221
0.8480621580
0.8696562584
0.9180541740
0.9539695431
0.9735665492
0.9867202349
0.9881126747
0.9823313418
0.9766265349
0.9837820510
0.9941494178
1.0112609615
1.0040277160
1.0150336833
1.0135004741
1.0079129722
1.0173414427
1.0162822266
1.0025227247
0.9942746646
0.9967361279
0.9881256732
0.9762062154
0.9644919264
0.9644900289
0.9722800436
0.9763951528
0.9905946358
1.0100318043
1.0124296429
0.9989334433
0.9998706827
1.0090555816
0.9966323304
0.9994779703
0.9812035900
0.9674805026
0.9575480586
0.9365045610
0.8952954367
0.8682734262
0.8745143085
0.9056477218
0.9357121248
0.9561437524
0.9775194356
0.9993078547
1.0107927471
1.0079161619
0.9916273380
0.9855861252
0.9972706764
0.9873478086
0.9793205445
0.9917900164
0.9712903905
0.9614766599
0.9688944049
0.9531830553
0.9462038488
0.9523359545
0.9584717013
0.9913715720
1.0106806415
0.9929016553
0.9736587388
0.9644458826
0.9572553238
0.9509771762
0.9325506013
0.9331123813
0.9451435054
0.9494803348
0.9450858629
0.9617351375
0.9731139278
0.9672107487
0.9521783146
0.9356201529
0.9156384568
0.8865670265
0.8627970079
0.8743252418
0.9115847320
0.9475928671
0.9741032139
0.9918352720
1.0033052197
1.0095527121
1.0054409980
1.0079560452
0.9982748537
0.9903208405
0.9672003426
0.9448136701
0.9048625357
0.8594539432
0.8497964914
0.8561162419
0.8565188145
0.8384691585
0.7984843982
0.7482532654
0.7282073175
0.7549696651
0.7998152103
0.8321943792
0.8423359911
0.8335006876
0.8212369468
0.8270465431
0.8769418053
0.9074531036
0.9579928253
0.9764429591
0.9787422657
1.0037907615
1.0144239669
1.0165643011
0.9981761994
0.9836933864
0.9703312623
0.9604765590
0.9383506087
0.8956551203
0.8652453807
0.8709014018
0.8975492191
0.9360832180
0.9762866627
0.9830144270
0.9755870127
0.9660125372
0.9593236412
0.9505321346
0.9489104721
0.9540383655
0.9624437889
0.9762894209
0.9887870510
0.9855945372
0.9852119065
0.9878233559
0.9880414194
0.9913853257
0.9969990794
0.9908693768
0.9764681888
0.9808913848
0.9949546213
1.0100928295
1.0040654542
0.9947000432
0.9847512365
0.9865404681
0.9912135577
0.9673561937
0.9829325077
0.9982880113
1.0135694175
1.0136305080
0.9996161049
0.9964331565
1.0020230040
1.0050733886
1.0084661984
1.0115323464
1.0104024504
1.0061638565
0.9965567600
0.9865286350
0.9915036601
0.9777299004
0.9731617787
0.9721025486
0.9833151797
0.9938515974
0.9837864357
0.9828554228
0.9887424628
0.9860609744
0.9789200390
0.9867212949
0.9976403763
0.9942840504
0.9919645175
0.9921672887
0.9844224539
0.9974278162
1.0045967180
0.9987341852
0.9958024611
1.0007063645
1.0124706556
0.9927308983
0.9863130758
0.9663529336
0.9690216334
0.9650423767
0.9382952265
0.9003638904
0.8551836787
0.8273496270
0.8170920784
0.8171350737
0.8340016449
0.8638568551
0.8982079179
0.9296207696
0.9507044664
0.9602701915
0.9711080503
0.9777015674
0.9717077249
0.9830603027
0.9954139310
0.9923168086
0.9951200664
1.0057013785
1.0167997160
1.0160388374
1.0040961742
1.0007562056
1.0004672891
0.9951072378
0.9968001413
1.0014717532
0.9985095686
0.9989025819
0.9882222319
0.9848718983
1.0026876200
1.0152051136
1.0061331646
0.9967557720
0.9889489247
1.0040446684
1.0065660485
1.0004484780
0.9991524776
0.9897278654
0.9851852926
0.9949889529
1.0016795070
1.0014518125
1.0029574914
0.9985621958
0.9853589443
0.9741745554
0.9662270425
0.9535400272
0.9582973550
0.9702361861
0.9933742636
0.9817084104
0.9881678218
0.9847629205
0.9949231261
1.0039901640
0.9893774892
0.9822142829
0.9879891363
0.9693737297
0.9241971319
0.8456318691
0.7279541141
0.6175570835
0.5560545660
0.5654522929
0.6411741025
0.7585328000
0.8528011014
0.9297304906
0.9715958613
0.9759773882
0.9845185387
0.9834644308
0.9840612718
0.9796014809
0.9784058992
0.9945803739
1.0004493306
0.9927174554
0.9919174602
0.9992569521
1.0048135263
1.0011012599
0.9858189465
0.9754884852
0.9657138154
0.9496857881
0.9461023711
0.9320275185
0.9113253682
0.9290080312
0.9405340002
0.9736971383
0.9892844670
0.9925866072
0.9970454621
0.9914421033
0.9752840255
0.9788317990
0.9980734558
1.0035517683
0.9973381142
0.9979914420
1.0006262018
0.9932307969
0.9975250297
0.9979493138
1.0059762261
1.0201658343
1.0187664034
0.9959492841
0.9834299512
0.9845684729
0.9791200259
0.9649697627
0.9454775490
0.9105046069
0.8817119934
0.8690212289
0.8745406653
0.8934280674
0.9161677807
0.9473639902
0.9808404722
0.9983618601
1.0021075495
1.0029803585
1.0012528870
0.9883096416
0.9860533440
0.9843310088
0.9812914854
0.9773928324
0.9618416334
0.9346782497
0.9096652697
0.8751451620
0.8438825333
0.8357054569
0.8499562925
0.8867792042
0.9325958151
0.9657877717
0.9944533428
1.0007009299
0.9969234927
0.9950872674
0.9975186810
1.0017743533
0.9969169410
0.9917170657
1.0007693443
1.0016346365
1.0019529770
1.0025536776
0.9991425996
0.9966265008
0.9825114238
0.9751140307
0.9785235989
0.9775971953
0.9749311360
0.9794618823
0.9972343548
1.0086712531
1.0074482363
1.0055303552
1.0140905834
1.0171146392
0.9937257256
0.9996004171
0.9912725716
0.9890156997
0.9763462575
0.9666515062
0.9769833003
0.9809230787
0.9722500439
0.9683261332
0.9707283538
0.9789703778
0.9944661699
1.0019957976
0.9958543333
0.9857218443
0.9806933881
0.9832203870
0.9798482206
0.9936217170
0.9830494560
0.9903212213
0.9894882686
0.9902034947
0.9904206245
0.9796845313
0.9717471501
0.9795782470
0.9966593740
1.0111238988
1.0106813222
0.9947201365
0.9833502058
0.9836058710
0.9792573025
0.9800747979
0.9780499217
0.9741202275
0.9557628819
0.9615802989
0.9879418608
0.9920093806
0.9896657907
0.9871242470
0.9954201170
1.0125504832
1.0078448314
0.9978427893
0.9937637423
0.9917955592
0.9847052615
0.9805917046
0.9888229040
0.9918959640
0.9832757726
0.9759403272
0.9775224136
0.9730662632
0.9731379960
0.9703359882
0.9799738135
0.9812446878
0.9587916218
0.9332204003
0.9300879452
0.9312082949
0.9396834926
0.9599092029
0.9802257235
0.9916692020
0.9924983232
0.9866385023
0.9859687302
0.9902661006
0.9846391865
0.9805235156
0.9751604580
0.9893825418
0.9926334681
1.0022449299
0.9878154405
0.9863889264
0.9934176791
0.9864948410
0.9768354964
0.9749548440
0.9774040271
0.9849740881
1.0009043858
1.0075411766
1.0034130357
1.0023437675
1.0025352967
1.0027484044
1.0025160052
1.0007493832
0.9975165323
0.9990233585
1.0046353409
0.9942395221
1.0008930348
0.9925878556
0.9892566624
0.9937172375
1.0009035539
0.9977327879
0.9838957040
0.9752034397
0.9782374934
0.9795698405
0.9729466337
0.9642690796
0.9584825351
0.9622393442
0.9683010274
0.9575601245
0.9535488833
0.9456249422
0.9602137585
0.9734894515
0.9924081165
0.9825615116
0.9859010052
0.9909624863
0.9836706675
0.9755374466
0.9770403369
0.9834409986
0.9807807655
0.9816420055
0.9900066794
0.9898825319
0.9852772794
0.9947337024
1.0188766489
1.0173958866
0.9940431982
0.9857717589
0.9813345565
0.9688420283
0.9726778134
0.9910233636
1.0019089769
0.9851705314
0.9852089609
0.9943216124
0.9957563581
0.9983434128
0.9937194814
0.9897620789
0.9882410219
0.9866562549
0.9881069127
0.9782857432
0.9849732193
1.0003618188
1.0059261860
0.9931735526
0.9932595145
0.9835946746
0.9734194739
0.9642052825
0.9698337374
0.9754722218
0.9655090744
0.9548765552
0.9641012015
0.9679736166
0.9618956140
0.9671258657
0.9777884714
0.9780403680
0.9746555507
0.9787677009
0.9906735069
0.9800868365
0.9758425781
0.9908706777
0.9799698473
0.9776850515
0.9935752870
0.9847811779
0.9663634056
0.9516374168
0.9360854983
0.9169160521
0.9189046008
0.9222252663
0.9197240347
0.9211099371
0.9377817505
0.9662999688
0.9809339255
0.9821199380
0.9901682654
0.9983017056
1.0130608600
1.0074436422
0.9953084360
1.0142945187
1.0097555183
1.0096553867
0.9926802386
0.9845264153
0.9917218867
0.9962889980
0.9923637473
0.9773252737
0.9656508007
0.9675865468
0.9761030384
0.9791624929
0.9769010243
0.9856131463
0.9965078115
0.9803521801
0.9613624340
0.9518635209
0.9277850616
0.8601560273
0.8365852373
0.7436973352
0.6515713233
0.5935421539
0.5650189716
0.5901230428
0.6712848656
0.7789407288
0.8760195866
0.9380022096
0.9699052464
0.9841529661
0.9863890255
0.9921189523
0.9977555887
1.0063089543
0.9849740576
0.9626321820
0.9544861517
0.9563462357
0.9566118577
0.9693898973
0.9890243347
1.0027019866
1.0041490414
0.9954447568
0.9975049570
1.0012301449
0.9925908943
0.9796418314
0.9712294077
0.9694142977
0.9633350828
0.9392136022
0.9326125118
0.9307814497
0.9378610887
0.9311700829
0.9392426820
0.9672596874
0.9677741374
0.9726398221
0.9617157195
0.9837554297
0.9846563381
0.9722957291
0.9735454655
0.9804853686
0.9890201879
0.9967164142
1.0051123160
1.0106354560
0.9964600866
0.9793564079
0.9747997823
0.9659750136
0.9531998317
0.9558640970
0.9523335396
0.9531946270
0.9705811143
0.9880426770
0.9949509548
0.9789691152
0.9736828627
0.9662538356
0.9663252871
0.9651740410
0.9440348543
0.9172805350
0.9053262579
0.9008598039
0.8983935993
0.9078824553
0.9171673740
0.9134101764
0.9252077735
0.9370487867
0.9536528198
0.9632814150
0.9721014559
0.9950610456
0.9824771961
0.9708642841
0.9626478102
0.9469435868
0.9411019006
0.9533348958
0.9579542614
0.9516909944
0.9490431701
0.9502679389
0.9555787553
0.9601318853
0.9692241103
0.9703250242
0.9657381659
0.9673036006
0.9783995518
0.9819107658
0.9700303684
0.9583362187
0.9631691050
0.9632136502
0.9576511318
0.9782606599
0.9969125018
1.0018587879
1.0035544199
1.0019136453
0.9957865902
0.9931033372
0.9952379692
0.9941884027
0.9979925089
1.0021110870
1.0057008278
0.9881980460
0.9718027968
0.9620270773
0.9855850839
0.9742971801
0.9759806576
0.9919289340
0.9973755558
1.0014242511
0.9981519579
0.9953312051
1.0023923639
1.0017788550
0.9934885819
0.9926919384
0.9879036460
0.9805321840
0.9639379623
0.9638714762
0.9794023839
0.9747138397
0.9891986868
0.9862637182
0.9701761072
0.9617122483
0.9606300597
0.9563099776
0.9628343935
0.9668959045
0.9784232162
0.9895331996
0.9930380002
0.9864665848
0.9718861379
0.9679291131
0.9810293761
0.9891821276
0.9698473312
0.9568473867
0.9701036186
0.9569199572
0.9473985134
0.9612473153
0.9666397591
0.9587718169
0.9690607576
0.9900196810
1.0104857722
1.0013092091
0.9895638706
0.9881184900
0.9872791286
0.9910723375
0.9918405173
0.9823812631
0.9795788378
0.9734009321
0.9800539365
0.9818690944
0.9878551742
0.9858827313
0.9861529742
0.9935992783
0.9954676626
0.9781789558
0.9729124835
0.9787108636
0.9697713067
0.9616567213
0.9690545861
0.9904929114
0.9982046660
0.9799176532
0.9723788565
0.9891129769
0.9910186915
0.9830024541
0.9823708428
0.9977931681
1.0008867769
1.0096925526
