#flux
0.9469255258
0.9635076247
0.9595819771
0.9629653454
0.9657546612
0.9552282676
0.9436891410
0.9382289521
0.9343228336
0.9410791904
0.9505345940
0.9493767691
0.9471209443
0.9487180864
0.9453508207
0.9450735483
0.9504917237
0.9457258406
0.9470519895
0.9418236388
0.9490911542
0.9626333196
0.9543165597
0.9473670523
0.9497151213
0.9507826485
0.9520596314
0.9469687946
0.9422619093
0.9456961505
0.9513357300
0.9534812282
0.9528532204
0.9509078893
0.9491289076
0.9482489440
0.9427935030
0.9293794819
0.9266853676
0.9306103514
0.9434999463
0.9445468076
0.9352963329
0.9337752380
0.9423399809
0.9474299051
0.9447226121
0.9333257152
0.9325662974
0.9367308706
0.9323989727
0.9278500804
0.9322954178
0.9389969122
0.9400667013
0.9364900944
0.9322240131
0.9297572496
0.9304977427
0.9241047602
0.9229644624
0.9246739091
0.9267642497
0.9280451183
0.9271294117
0.9254522226
0.9273149828
0.9226536654
0.9233265108
0.9336570895
0.9341927656
0.9279398252
0.9283444538
0.9310053636
0.9291951478
0.9267939282
0.9247030224
0.9190413563
0.9206469613
0.9193989597
0.9218063266
0.9151729338
0.9153293556
0.9139883464
0.9020732020
0.9024982743
0.9104692390
0.9056051764
0.8968851476
0.8906253186
0.8862442330
0.8832481284
0.8841772571
0.8909350480
0.8995083157
0.9033947411
0.9050938784
0.9111436990
0.9085469037
0.9069280391
0.9070064445
0.8954911328
0.8958480945
0.8971056348
0.8917023485
0.8986143434
0.9020675724
0.9013354627
0.8983146596
0.9014562677
0.9012103434
0.8962479833
0.8904836723
0.8837839698
0.8798306376
0.8811625373
0.8832651059
0.8860870922
0.8958506456
0.8957859578
0.8875942945
0.8772825240
0.8759836106
0.8778229728
0.8755006366
0.8737700200
0.8762828609
0.8710318081
0.8669609035
0.8648388114
0.8633363466
0.8643953834
0.8666319469
0.8679942045
0.8679439293
0.8646952507
0.8595533771
0.8544673983
0.8447586407
0.8411962199
0.8355237595
0.8451451217
0.8425161112
0.8451340565
0.8501214162
0.8515423076
0.8511154349
0.8431784931
0.8357545028
0.8385703654
0.8330438152
0.8221927865
0.8198621574
0.8205530236
0.8195516165
0.8203027465
0.8160453614
0.8086748893
0.8122453258
0.8088027015
0.8028600806
0.8003448226
0.8045864320
0.7941384210
0.7978919196
0.7964168455
0.7893542435
0.7918926722
0.7918944729
0.7841060703
0.7759993657
0.7724700090
0.7710359102
0.7663244362
0.7597960719
0.7545297615
0.7481192686
0.7471639341
0.7495629510
0.7439492855
0.7419112725
0.7462353987
0.7410901327
0.7345822309
0.7323504411
0.7270554072
0.7190882034
0.7100453516
0.7028798561
0.6985321743
0.6911402198
0.6809848471
0.6765737171
0.6737932653
0.6683566094
0.6596733664
0.6405623988
0.6274202962
0.6208758173
0.6033815434
0.5680285537
0.5284619494
0.4941518080
0.4679801623
0.4279730855
0.3833688723
0.3488171399
0.3089651243
0.2762167523
0.2553589355
0.2393309138
0.2260678959
0.2166573175
0.2135096441
0.2145274387
0.2157690401
0.2213654592
0.2330365616
0.2514001678
0.2731290611
0.2980543593
0.3291968866
0.3651906367
0.4080889280
0.4619777134
0.4976996672
0.5392980088
0.5660972515
0.5876384287
0.6107817397
0.6301327591
0.6430305040
0.6513479708
0.6582945502
0.6688606649
0.6832600332
0.6910770010
0.6904489745
0.7016120074
0.7174665216
0.7171615277
0.7169728471
0.7209858667
0.7249727027
0.7228119604
0.7235627325
0.7408619055
0.7544839643
0.7574945430
0.7563513266
0.7638441738
0.7711989742
0.7694824356
0.7684426017
0.7737992607
0.7792599496
0.7834813802
0.7852818995
0.7839826653
0.7899233841
0.7832450876
0.7913947853
0.7952781937
0.8041809872
0.8095446211
0.8148741186
0.8175159509
0.8164408793
0.8182012942
0.8233663609
0.8234980606
0.8231846595
0.8282701399
0.8317394844
0.8336053214
0.8377965823
0.8380782587
0.8378149816
0.8369994422
0.8385470919
0.8441571026
0.8468360130
0.8440397307
0.8455189956
0.8506887451
0.8626723092
0.8536648589
0.8492113519
0.8468861019
0.8491973277
0.8578765231
0.8648335249
0.8653675643
0.8643361778
0.8643956497
0.8664107250
0.8712997368
0.8735373028
0.8754433377
0.8713538337
0.8743856866
0.8804138009
0.8832322386
0.8866868537
0.8856609264
0.8761216316
0.8767716017
0.8773287197
0.8755746919
0.8774612336
0.8785218184
0.8851391794
0.8965282002
0.9037022353
0.9020851266
0.8942639421
0.8866232306
0.8782359713
0.8659528675
0.8598163276
0.8485212434
0.8420848228
0.8580690764
0.8740749818
0.8781300092
0.8865813076
0.8920753703
0.8979075839
0.9048519325
0.9063870396
0.9104414432
0.9103074893
0.9078904419
0.9103402353
0.9173585181
0.9214517990
0.9179020468
0.9156182675
0.9143915895
0.9146800149
0.9126605652
0.9095770564
0.9121776296
0.9103448017
0.9040328764
0.9082671445
0.9089156534
0.9160017408
0.9140684612
0.9208766522
0.9256482540
0.9224523776
0.9232802664
0.9308174818
0.9337845677
0.9289877007
0.9267334607
0.9309260659
0.9321837328
0.9281674375
0.9294360290
0.9221233661
0.9285987940
0.9380459893
0.9384038944
0.9384903050
0.9416536181
0.9413119516
0.9378456189
0.9358392449
0.9323118579
0.9386208006
0.9459867139
0.9415368175
0.9347187397
0.9371164999
0.9428059040
0.9431105345
0.9432071833
0.9453797409
0.9436729894
0.9422700615
0.9494990523
0.9477571310
0.9414589779
0.9450967336
0.9551181502
0.9762640250
0.9675953195
0.9514995415
0.9449875868
0.9445870302
0.9485680776
0.9565367538
0.9610195640
0.9548380491
0.9487915345
0.9533235640
0.9482295716
0.9407460733
0.9406703300
0.9474463871
0.9551240039
0.9480967581
0.9449360251
0.9469581707
0.9440248516
0.9441175239
0.9487202380
0.9490760106
0.9514201371
0.9522680570
0.9525244614
0.9508615405
0.9444049608
0.9385056822
0.9336920550
0.9254867422
0.9237260180
0.9310926742
0.9404524319
0.9495919902
0.9556843238
0.9595115883
0.9594603769
0.9538069922
0.9561672275
0.9582502942
0.9686015912
0.9687891699
0.9618412103
0.9584886725
0.9606952625
0.9641302624
0.9639003333
0.9609580190
0.9611984125
0.9601603547
0.9530339566
0.9609711688
0.9570869288
0.9624595867
0.9699289678
0.9644580471
0.9693445839
0.9725666581
0.9704168075
0.9737536097
0.9788568741
0.9748508755
0.9701773980
0.9751498376
0.9715764781
0.9687506817
0.9729802105
0.9716427514
0.9686526350
0.9679887552
0.9683828501
0.9652612418
0.9708355248
0.9776097990
0.9733936090
0.9715453076
0.9707988104
0.9640923122
0.9685422261
0.9664254443
0.9645790236
0.9630454499
0.9682959626
0.9716741497
0.9710355183
0.9711066095
0.9732270310
0.9760548414
0.9772840780
0.9746556568
0.9683346146
0.9619073870
0.9637726299
0.9830177118
0.9836797720
0.9726511369
0.9713986623
0.9723658026
0.9736946517
0.9748261313
0.9771829915
0.9755057264
0.9733312989
0.9758898570
0.9746562178
0.9661035053
0.9637736974
0.9700700837
0.9718470753
0.9714183809
0.9773301834
0.9769820294
0.9575592903
0.9579690875
0.9669120676
0.9693231300
0.9661391766
0.9625913390
0.9660894696
0.9813318880
0.9946129675
0.9909820541
0.9886619148
0.9816315741
0.9701194147
0.9658707198
0.9704031040
0.9731528397
0.9710728428
0.9701476798
0.9685684173
0.9700828368
0.9721074765
0.9727194857
0.9749306843
0.9752422161
0.9704705295
0.9691203101
0.9827845539
0.9901633387
0.9747380781
0.9781171735
0.9902424208
0.9892371530
0.9819031712
0.9795829070
0.9825227765
0.9856351710
0.9854634036
0.9845469133
0.9863026394
0.9877321232
0.9871845825
0.9891598342
0.9829017520
0.9795500696
0.9906172191
0.9875818980
0.9861924109
0.9889097851
0.9913350341
0.9931078593
0.9890950901
0.9886822587
0.9900768031
0.9871316784
0.9880073731
0.9920454822
0.9881732270
0.9820469970
0.9801714578
0.9771389020
0.9758574192
0.9759771092
0.9720956630
0.9836457482
0.9869895207
0.9848945641
0.9856008203
0.9848635996
0.9801807643
0.9777125395
0.9812219096
0.9844077599
0.9819660962
0.9797381289
0.9824572322
0.9877990519
0.9897147854
0.9882403953
0.9932049117
1.0000581654
1.0015949469
0.9979546365
1.0013279596
1.0082156294
0.9948722920
0.9855412856
0.9833570618
0.9755090300
0.9783401590
0.9866551629
0.9853472693
0.9781407899
0.9783217915
0.9787705277
0.9769157851
0.9788648071
0.9815134421
0.9824083610
0.9862543255
0.9930885160
0.9930104394
0.9893483938
0.9858295229
0.9856260641
0.9824805794
0.9746797861
0.9802622712
0.9868703336
0.9825826818
0.9856964000
0.9796179677
0.9795645185
0.9875832243
0.9870147584
0.9851459258
0.9906983548
0.9951433455
0.9913325805
0.9819235675
0.9868737323
0.9920589217
0.9873015170
0.9863585140
0.9824953910
0.9727503968
0.9703059097
0.9690354604
0.9576561867
0.9456674517
0.9574387858
0.9735063334
0.9756577257
0.9784546740
0.9869005514
0.9925408163
0.9907724758
0.9874725794
0.9898484615
0.9939964850
0.9966832743
0.9928540307
0.9895344463
1.0017155973
0.9999139596
0.9981474540
1.0032244085
1.0038810450
1.0016945807
0.9934758353
0.9869712709
0.9937145269
1.0001508667
0.9965964463
0.9903201532
0.9845401382
0.9837201759
0.9914259042
0.9970946551
0.9935396050
0.9879484056
0.9913203633
1.0035755077
1.0050493564
1.0009835015
1.0013067725
0.9988149802
0.9944359940
0.9893485336
1.0016374452
1.0016992864
0.9985759824
0.9996521502
0.9991272632
0.9977858746
0.9964478682
0.9929872706
0.9896332189
0.9901435694
0.9923668575
0.9914188874
0.9938827319
1.0073292955
1.0118894359
1.0110777589
0.9878872224
0.9886101251
0.9911523631
0.9957550313
0.9969980080
0.9965076946
0.9915093376
0.9913375292
0.9930884588
0.9866307296
0.9830172617
0.9917458450
0.9991756587
0.9965364049
0.9951108235
0.9987358963
0.9961346887
0.9925870303
1.0006814047
0.9998628366
1.0077257756
0.9981427461
0.9920285435
0.9919612591
0.9879569083
0.9831746662
0.9720892462
0.9603674592
0.9326929130
0.8942858718
0.8691889139
0.8622360468
0.8674818250
0.8859479009
0.9128783848
0.9402307478
0.9652272933
0.9802038536
0.9865518446
0.9954244203
0.9887519213
0.9916875763
0.9896567148
0.9768091154
0.9640561255
0.9463753640
0.9333715011
0.9300922202
0.9318436051
0.9438851449
0.9573018888
0.9672443822
0.9791479874
0.9908440836
0.9999597482
1.0022610262
0.9967378094
0.9956943364
1.0006062601
1.0001386066
0.9999579059
0.9946848702
1.0017744156
0.9980330211
0.9939832932
0.9860211073
0.9933537576
0.9962435315
0.9984541422
1.0011053287
1.0018647609
0.9971779037
0.9904587007
0.9895714801
0.9901824430
0.9898478447
0.9901624034
0.9940227804
0.9997497142
0.9998422697
0.9981826832
1.0044587609
1.0055184849
0.9986805233
0.9971167783
0.9962446719
0.9982401667
0.9955540333
0.9886733062
0.9905537277
0.9925738843
0.9919410384
0.9934315555
0.9928239757
0.9945101391
1.0002049669
0.9993078227
0.9916762331
0.9925982556
0.9989470402
0.9940874462
0.9950356776
1.0043896619
1.0071002175
1.0014075912
0.9917184683
0.9898308148
0.9881475544
0.9740040712
0.9666707439
0.9706963119
0.9821378900
0.9966384974
1.0056323342
1.0075211245
1.0030739540
1.0032263014
1.0005831523
0.9986850078
0.9970529923
1.0085449475
1.0119993399
1.0045357801
0.9995572404
0.9952546695
0.9948553243
0.9968311616
0.9978369192
0.9990506697
0.9984504210
0.9972312298
1.0007160967
1.0061117505
1.0085252783
1.0050283618
0.9952273836
0.9952426478
0.9889931746
1.0047157398
1.0180397495
0.9998467844
0.9966543812
1.0017524899
0.9981638293
0.9984417288
1.0001448118
0.9999441079
1.0032126221
1.0048788765
1.0013581350
0.9979696325
1.0032882931
1.0106801075
1.0082402147
1.0063354692
1.0154398656
1.0160918672
1.0047722096
1.0042186521
1.0062921926
1.0102409991
1.0024851510
1.0051637994
1.0073397981
1.0132732791
1.0108899547
1.0052353922
1.0045573105
0.9975517588
0.9944685327
1.0021508518
1.0078028319
1.0091976864
1.0064661605
0.9971695145
0.9974227577
1.0020737725
1.0034751811
1.0035789023
1.0052815716
1.0009177405
0.9991021741
1.0022075709
0.9972890834
0.9897931008
0.9900808401
0.9933902538
0.9932635240
0.9927735746
0.9951548201
0.9952642851
0.9958253115
1.0012842749
1.0050959369
1.0045238467
1.0044457566
1.0022923862
1.0033113101
1.0076770810
1.0023381943
1.0048165873
1.0120796928
1.0126461221
1.0021468164
1.0067046252
1.0071594575
1.0065814821
1.0002778606
1.0009863985
1.0008876634
0.9958697444
0.9959567255
0.9991887787
0.9968906465
0.9935460239
0.9952612530
1.0005164103
1.0058054535
1.0063082860
1.0021483270
0.9951104393
0.9925262286
0.9915218607
0.9795826581
0.9637877491
0.9557080006
0.9600086826
0.9613206092
0.9754721584
0.9885094666
1.0012623279
1.0068763678
1.0030412902
1.0033636231
1.0093701151
1.0143413444
1.0090654854
1.0022272821
0.9999857103
1.0001128336
1.0047927758
0.9999928439
0.9974206222
0.9986560958
1.0010505493
1.0008512470
1.0012402529
1.0006833715
0.9995708648
0.9970426897
0.9927450829
0.9932915804
0.9969083871
0.9962848860
0.9966985651
0.9983850301
0.9905978776
0.9907558239
0.9966121244
0.9937797711
0.9900625998
0.9936128087
0.9989267480
1.0045487766
0.9990657883
0.9926691292
0.9947773487
0.9964250505
0.9988741794
1.0043298396
1.0088675158
1.0069694118
1.0060240342
1.0060309696
1.0022103936
1.0040535586
1.0067457525
1.0123310024
1.0076154088
0.9984936339
0.9993493500
1.0062593736
1.0031818310
1.0088396220
1.0063156646
0.9988891735
0.9958375010
0.9942940251
0.9903639813
0.9861032136
0.9903273792
1.0007234774
1.0065472118
1.0070887671
1.0052420139
0.9993293382
0.9940387591
0.9861647212
0.9729598913
0.9733031921
0.9753517292
0.9763871760
0.9679920294
0.9750824189
0.9793514633
0.9903768923
0.9914261412
0.9991274283
1.0026721531
1.0062946386
1.0058686447
1.0046597741
1.0071583641
1.0077333172
1.0086925943
1.0123270328
1.0103806296
1.0106559125
1.0013781838
1.0094752734
0.9951319034
0.9980638732
1.0077423986
1.0045549508
1.0092907192
1.0147038216
1.0059786017
0.9987638900
0.9988751746
1.0028992355
1.0066534200
1.0097236444
1.0106922361
1.0079939377
1.0025588609
0.9953974022
0.9912981961
0.9976996511
1.0071969004
1.0014400284
0.9888855943
0.9933363154
1.0001770123
0.9930073231
0.9851415451
0.9912435131
1.0021784290
0.9987062637
1.0007236477
1.0085081787
1.0034214964
1.0051825008
1.0117134374
1.0074800226
1.0053104428
1.0097971829
1.0122325269
1.0038282557
1.0002718578
1.0038022043
0.9998281664
0.9888217448
1.0031028028
0.9954149526
0.9957260391
1.0016034053
1.0097355481
1.0032783575
0.9993426494
0.9992525657
0.9954179090
0.9888329371
0.9912999653
1.0002808533
0.9974558566
0.9895828833
0.9938490866
0.9885735708
0.9860897093
0.9973648757
1.0087206103
0.9950947362
1.0038214123
0.9992866801
0.9987517010
0.9973121747
1.0017727663
1.0115080430
1.0120806188
1.0080873532
1.0059299838
1.0032690136
1.0038483144
1.0074572865
1.0071825349
1.0043454078
0.9996514010
0.9926655547
0.9949896562
1.0087458242
1.0091141619
1.0020842141
0.9972678607
0.9951712170
0.9945519024
0.9977221894
1.0087614875
1.0078738144
0.9988923994
0.9981244366
1.0014792080
1.0019544229
1.0032586337
1.0065763649
1.0068798737
1.0051851822
1.0032122824
0.9983322867
1.0055942103
1.0005475292
0.9948285410
1.0012365002
1.0067900667
0.9979316143
0.9924176951
1.0049439020
1.0071763545
1.0070375089
1.0050708359
1.0038889325
1.0101327994
1.0146718747
1.0090227668
1.0007075951
1.0032086443
1.0093198998
1.0015727922
0.9979775866
1.0010194869
1.0080438294
1.0155286222
1.0083308346
1.0043159913
1.0051403420
1.0113039537
1.0077018342
1.0023931898
0.9954605249
1.0002126718
1.0070170510
1.0040419890
0.9999423281
0.9989412952
0.9970343369
0.9942220896
0.9913711544
0.9937155635
1.0048058520
1.0055416603
1.0065766134
1.0125697967
1.0062185390
0.9967806471
0.9981827443
1.0133646930
1.0174352960
1.0118612117
1.0024872266
1.0016607176
1.0008989026
1.0007081985
0.9985152059
0.9942392193
0.9934353582
0.9945014002
0.9950449822
0.9951169866
0.9930105968
1.0069465169
1.0072224174
1.0053782665
1.0011094689
1.0046145491
1.0129610233
1.0155352146
1.0062060579
0.9998551964
0.9951996536
0.9910070683
0.9964875735
1.0010444909
1.0041426694
1.0094726956
1.0052343869
0.9960193277
1.0003354862
1.0049936175
0.9996647390
1.0058067347
1.0099381460
1.0029547943
1.0006769921
0.9975120997
1.0096128232
1.0036950579
1.0111630856
1.0100720484
1.0011604135
1.0015554498
1.0079256896
1.0044526248
0.9982642706
0.9964284976
0.9958446388
0.9952258160
0.9981937848
1.0012921920
0.9959587755
1.0055903388
1.0224289334
1.0208852320
0.9981902312
0.9720689998
0.9950004708
1.0124615867
1.0081850256
1.0042374386
1.0074235733
1.0025694491
0.9952165137
0.9990512269
1.0008785752
1.0058231989
1.0123437653
1.0086401354
1.0034624073
1.0001422775
0.9979845999
1.0071044302
1.0028273088
1.0014479227
0.9905230252
0.9960053586
1.0050098753
1.0207854709
1.0144433834
1.0046259390
0.9979164128
0.9949829806
0.9984206515
1.0088848823
1.0118141539
1.0102281857
1.0129436516
1.0163920553
1.0159421351
1.0127846230
1.0083859245
0.9969068749
0.9973551386
1.0109130197
1.0084655307
1.0143722352
1.0073744024
0.9944548151
0.9894853948
0.9933169410
0.9904411061
0.9902009200
0.9941144851
1.0002127549
1.0051795754
1.0078660918
1.0072231603
1.0082588035
1.0121051019
1.0076059706
1.0026129596
1.0144431858
1.0200206568
1.0245964651
1.0164634248
1.0109073807
1.0035662483
0.9983959572
0.9947082632
1.0025981778
1.0053646379
1.0017092339
0.9992392120
0.9989069425
1.0074947611
1.0077406777
1.0051087538
1.0083821374
1.0046060457
1.0011461852
1.0041377642
1.0052631112
1.0038876379
1.0053730283
1.0083960571
1.0089961562
1.0047885595
1.0086284477
1.0038242236
0.9962745190
0.9888283467
0.9971938370
0.9946149235
0.9875622329
0.9901497725
0.9969938326
1.0039548399
1.0079168056
1.0051271670
1.0001360683
0.9962143047
0.9967085828
0.9975731388
1.0020366265
0.9964580205
0.9957835270
1.0014428750
0.9963921842
1.0049885526
1.0170327344
1.0126728592
1.0065992168
1.0033362424
1.0016567663
1.0110922309
1.0200770426
1.0169871570
1.0094830245
1.0069095537
1.0094064216
1.0093942495
1.0050854414
1.0100237396
1.0094347249
1.0055825170
1.0020000780
1.0008031077
1.0069161640
1.0055395866
0.9950014647
0.9905466309
0.9953798435
1.0010568975
0.9992124563
1.0021362151
1.0061849026
1.0054058712
1.0067123075
1.0080109874
1.0040478583
1.0020562760
1.0017616322
1.0067195375
1.0018743786
0.9942903378
0.9892926436
1.0058063898
1.0024814288
1.0001268268
1.0078160551
1.0029007736
1.0039656197
1.0072215760
1.0029699093
0.9966873672
0.9962444186
1.0014018169
1.0030413174
0.9994251537
0.9973065233
0.9974233604
1.0003713994
0.9927925222
0.9951090114
0.9963094199
0.9932434353
0.9926618181
0.9985735956
1.0033454780
1.0020935168
0.9958192619
0.9957095849
1.0020210817
1.0006086996
0.9972169429
0.9959342872
0.9992485011
1.0016596211
0.9960658754
0.9891165843
0.9858916053
0.9882331868
0.9992217998
1.0041029695
1.0000241925
1.0060821283
1.0005435627
0.9946854387
0.9888533608
0.9814001497
0.9840259737
0.9778416538
0.9666569141
0.9573754535
0.9455052430
0.9453028721
0.9565635754
0.9662353512
0.9698057460
0.9761482022
0.9895863060
0.9871857464
0.9889755052
0.9914536563
0.9916503663
0.9858077813
0.9916188640
0.9986201408
0.9982886801
0.9977552101
0.9983598685
0.9957687657
1.0030489240
1.0070775941
0.9948671262
0.9874791401
0.9912146912
0.9914800156
0.9862019107
0.9871818008
0.9956885601
0.9966541130
0.9970144067
0.9983482593
0.9910847636
0.9822730918
0.9786777809
0.9882384448
0.9964300892
0.9950426327
0.9956917261
0.9911355080
0.9919598337
0.9936500528
0.9974088238
1.0057838733
1.0080795688
1.0074634525
1.0061630338
0.9991471587
0.9987801591
1.0041821072
1.0120613583
1.0114685702
1.0044637439
0.9975677233
0.9943203278
1.0073283554
1.0016394592
0.9967200224
0.9940615734
0.9895558583
0.9902732762
1.0003112358
1.0019143149
1.0006434115
1.0049930390
1.0028645626
0.9986733672
1.0042127292
1.0046392553
0.9977107314
0.9913983801
0.9936912509
1.0090971686
1.0101144444
1.0055467594
1.0026830165
1.0039464652
1.0025117788
0.9974906089
1.0020421251
0.9929961401
0.9968914342
1.0035100743
1.0014095134
1.0007126238
1.0013970092
0.9942866338
0.9743182416
0.9486053999
0.9480647354
0.9775280464
0.9994300669
1.0133309975
1.0173804934
1.0057603030
0.9978021638
0.9967944967
1.0011147423
0.9968919964
0.9953299967
0.9956445236
0.9908697296
0.9891720446
0.9855096772
0.9836489704
0.9894063628
0.9969872167
1.0019853804
1.0060277072
1.0080865126
1.0032658931
1.0001704656
0.9943650145
0.9944303168
0.9910713803
1.0051433272
1.0030958910
0.9933998928
0.9864219083
0.9902185056
0.9971535715
1.0038491884
1.0075224282
1.0032127943
0.9981122476
0.9976593058
1.0019450071
1.0057236034
1.0033379245
1.0051880137
1.0081525820
1.0001697892
0.9895934944
0.9964901122
0.9972306425
0.9999344109
0.9983185317
0.9917329445
0.9850874982
0.9936057051
0.9977760009
0.9961905796
0.9934956278
1.0015981463
0.9985972417
0.9859765468
0.9823986683
0.9858851868
0.9925969770
0.9931138760
0.9900771340
0.9942296468
0.9999081982
0.9913670970
0.9783514551
0.9871171117
1.0020402291
1.0193637106
1.0139927832
1.0060778953
0.9974382576
0.9963746425
0.9994446783
0.9808413979
0.9645444171
0.9569316729
0.9393684166
0.9294764235
0.9379752185
0.9499560380
0.9764734074
0.9863147936
0.9985576394
1.0088169818
0.9980633617
1.0035922319
0.9966552532
0.9930026734
0.9787498710
0.9793572614
0.9888610619
0.9962034884
0.9938433487
0.9915368329
0.9920668779
0.9946321255
0.9965703662
0.9970235501
0.9998160452
1.0005470496
0.9964903842
0.9877661052
0.9863958248
0.9859313120
0.9934389979
0.9843215834
0.9824532510
0.9934685748
0.9930977991
0.9937572133
0.9965844729
0.9972081659
0.9944228741
0.9938410232
0.9915430114
0.9900542053
0.9934220139
0.9947463876
0.9900683898
0.9870473244
0.9933851808
1.0002945593
1.0059657712
1.0091454821
1.0049048747
0.9973682311
1.0025198418
1.0002150312
0.9902735730
0.9929594016
0.9959069590
0.9948565332
0.9941085830
0.9947793047
0.9982251384
0.9983209318
0.9963104053
0.9981854885
0.9972937552
0.9912427839
0.9881528224
0.9906089081
1.0024156172
0.9882441172
0.9808931201
0.9834235636
0.9920370403
0.9946886682
0.9966103745
0.9912729576
0.9976064250
0.9975980507
0.9889250374
0.9866530466
0.9911247396
0.9903686320
0.9878269375
0.9920719390
0.9983692854
1.0014121771
1.0001074399
0.9983560203
0.9929592087
0.9911371098
0.9906141064
0.9947851969
1.0066522058
1.0027628744
1.0013897339
1.0023653403
0.9982860539
0.9943619312
0.9929117683
0.9916075586
0.9888948829
0.9840047183
0.9850530262
0.9917575926
0.9916940744
0.9907270749
0.9956005960
0.9912771535
0.9913349920
0.9956268546
0.9871083516
0.9989042711
0.9918060144
0.9922012557
0.9980397172
0.9962015228
0.9979040705
0.9979348939
0.9962991691
0.9940822049
0.9923686628
0.9928830478
0.9927466520
0.9893485957
0.9870402408
0.9927953196
1.0036819127
1.0017635627
0.9991629640
0.9956031135
0.9993569167
0.9887667247
0.9872289325
0.9959311399
1.0029075444
0.9962940384
0.9945514520
1.0013333411
1.0089737519
1.0118555980
1.0103308258
1.0102327789
1.0045532407
0.9983526973
0.9999251736
0.9973969788
0.9991658419
0.9959053628
0.9937706814
0.9815516876
0.9827345905
0.9865064309
0.9890101890
1.0021765064
0.9945183585
0.9955185474
0.9990041424
0.9958573673
0.9934243767
0.9992194471
1.0006993743
0.9994793562
1.0017199039
0.9988430780
0.9936308635
0.9975625320
1.0000198596
0.9975637807
0.9930941518
1.0045650375
1.0086472744
0.9933165841
0.9898843500
0.9940282604
1.0030092771
1.0018162163
0.9978496937
0.9960626714
0.9967593991
0.9909362844
0.9912576551
0.9982391473
0.9953386260
0.9942640393
1.0031250392
0.9996022804
0.9906829426
0.9858007872
0.9961372643
1.0095981765
1.0117762312
1.0083976641
1.0048755176
0.9944184304
0.9949351298
0.9956759362
0.9999094421
1.0006069723
0.9967619349
0.9989006744
0.9980692990
1.0007817558
1.0053964108
1.0011921120
0.9968952373
0.9969324207
0.9962707404
1.0033023601
1.0000258520
0.9963082748
1.0026797503
1.0104518001
0.9963729961
0.9942944276
0.9999121871
1.0062399083
1.0055953205
0.9947952845
0.9959315669
1.0047595056
1.0013371943
0.9941752851
0.9909360861
0.9904812398
0.9964159602
1.0032781655
1.0018597802
0.9955489467
0.9964785745
0.9976484605
0.9962750266
0.9930224444
1.0056702923
1.0051152335
0.9953484335
1.0008659230
1.0018378368
0.9973444386
0.9936624467
0.9962964084
0.9976614115
0.9963236069
0.9951602866
0.9934011983
0.9931956329
1.0015642875
1.0140125801
1.0114448890
1.0039636055
1.0010918636
0.9985549765
0.9914304646
0.9939037295
0.9883732357
0.9913051175
0.9975497418
0.9994797572
0.9999354470
0.9984001683
0.9990467400
0.9993071518
0.9991403153
1.0035837762
1.0090436035
1.0105715528
1.0056546221
0.9922668048
0.9896580521
0.9954578196
0.9902433074
0.9883935776
1.0000977518
1.0051761806
0.9981048394
1.0048168332
1.0123556389
1.0176823614
1.0081736131
1.0027610732
1.0076522384
1.0110274018
0.9988522819
0.9886897502
0.9976557488
1.0043497237
0.9940377783
0.9897341547
0.9974217496
0.9986743284
0.9980875953
0.9960164449
1.0079863754
1.0015735491
0.9944943506
0.9905266584
0.9957152813
0.9907218410
1.0014235631
1.0002598588
1.0016349985
0.9981077119
0.9943102449
0.9999682746
1.0025360536
1.0024050149
1.0077715860
1.0040349016
1.0013661866
1.0090583795
1.0137727399
1.0051720579
0.9992500623
0.9997338860
1.0128689737
1.0053693847
0.9950822446
0.9943471946
1.0044885297
1.0012292689
0.9947657772
1.0010309922
1.0055871840
0.9997517558
0.9947484791
0.9955042361
0.9957678281
0.9926169154
0.9856452920
0.9752988187
0.9741124608
0.9617395259
0.9494451260
0.9402292016
0.9322277023
0.9281540388
0.9485681427
0.9605556434
0.9809146042
0.9901627459
0.9934384921
0.9981397348
1.0045527205
0.9997890244
0.9899276560
0.9927058633
1.0064056486
1.0167127353
1.0061158176
0.9924446549
1.0050268166
1.0087731293
0.9927892638
1.0069243077
1.0246940875
1.0236958531
1.0138843728
1.0009719958
1.0015484127
1.0011083139
1.0076373148
1.0043614362
0.9957322823
0.9929946027
0.9983517651
1.0063432357
1.0051675188
1.0003700848
1.0107368655
1.0228364564
1.0137820178
1.0001737620
0.9920293026
0.9971263566
1.0110879130
1.0066733176
1.0022773730
1.0023139774
1.0046652306
1.0003412232
1.0001837924
1.0030073104
1.0107116365
1.0140040539
1.0068096467
1.0035177577
1.0109168594
1.0132165181
1.0047975350
1.0014839126
0.9981522835
0.9879189682
1.0006553151
1.0126182683
1.0036815111
1.0037015617
0.9942075200
0.9941271051
1.0044857408
1.0051896038
0.9969268629
0.9944526471
0.9958567097
1.0009544181
1.0042391017
1.0006109488
0.9975489557
0.9954123803
0.9940479789
1.0045794546
1.0081687962
1.0069339711
0.9974209829
1.0004616288
1.0075712521
1.0175842232
1.0084489277
1.0080463816
0.9868988530
0.9848780204
0.9926071946
1.0001492241
1.0024736238
1.0012665392
0.9984830231
0.9962670850
0.9975362625
1.0007225355
1.0028807841
0.9994974553
1.0001057097
0.9898129020
0.9866461921
0.9933116347
0.9967879759
0.9996832928
0.9990472190
1.0004693332
0.9861840382
0.9925734678
1.0022851897
1.0053894376
1.0069751121
1.0005017828
0.9938693096
1.0011835514
1.0129263252
1.0150641910
1.0102919748
1.0083927022
1.0126547324
1.0144167168
1.0107673150
1.0168322088
1.0121466998
0.9919778906
0.9985894450
1.0103243593
1.0094822485
1.0090578322
1.0032747558
1.0013706952
0.9992770531
0.9992863333
1.0011481038
0.9985858287
0.9931082389
0.9951368728
1.0100615649
1.0151557202
1.0037410333
0.9861644725
0.9941351642
0.9987322183
0.9923167841
0.9884286481
0.9921255057
0.9993733206
0.9970754426
0.9994715134
1.0004478939
1.0003027291
1.0007262905
0.9984951252
0.9978575835
0.9981806804
0.9995574140
1.0019802402
0.9968341162
1.0045526837
1.0086114694
1.0075098734
0.9989988521
1.0128493371
1.0588632070
1.0164625435
1.0002818397
1.0233845603
1.0210630224
1.0222389040
1.0181438717
1.0066792274
0.9982344678
1.0017235828
1.0009229194
1.0000832932
1.0121651350
1.0179445393
1.0148272121
1.0128617024
1.0118656319
1.0046788306
0.9876153745
0.9957474764
1.0046460140
0.9977730739
1.0002951366
1.0037033243
1.0054620141
1.0066492176
1.0064577694
1.0027599494
0.9986667130
1.0039470968
1.0142177877
1.0160493416
1.0095541464
1.0034896462
