#flux
0.9426940336
0.9631108233
0.9638565917
0.9976722906
0.9720356897
0.9581399492
0.9658590064
0.9668877184
0.9678038544
0.9838740011
0.9849648319
0.9774943343
0.9785117286
0.9800864386
0.9859808024
1.0098466548
1.0306643053
1.0184349746
1.0013404923
1.0149299980
0.9981038881
0.9968196343
0.9592071779
0.9544186355
0.9182102409
0.8875625922
0.8675268055
0.8540818459
0.8802709292
0.9100693057
0.9297393279
0.9713325792
0.9904990330
0.9778056517
0.9751310264
0.9835652794
0.9844306283
0.9651195370
0.9407374618
0.9454173435
0.9412072578
0.9485291876
0.9918858262
1.0098556271
1.0096663476
0.9871592499
0.9495159520
0.9426307438
0.9661259726
0.9873885808
0.9816062413
0.9448500194
0.9376064342
0.9693278585
0.9886190371
0.9797207348
0.9708546727
0.9738896753
0.9775891431
0.9897965697
0.9888945404
0.9897452423
0.9745825989
0.9675304242
0.9618711637
0.9467758523
0.9305132232
0.9167951624
0.9096108578
0.8707857809
0.8454741413
0.8470060631
0.8726230654
0.9016114337
0.9148171489
0.9224215179
0.9318900977
0.9322715237
0.9352317863
0.9512515117
0.9516393907
0.9748087127
0.9737866743
0.9599648609
0.9614535659
0.9653499385
0.9647428543
0.9538708095
0.9334907092
0.8917255205
0.8808862216
0.8659605868
0.8571460090
0.8709173414
0.8827778502
0.8827404909
0.8913824123
0.9005877649
0.8798485075
0.8438697903
0.8194269605
0.8082352956
0.8255617389
0.8736227722
0.9256292058
0.9532501818
0.9624250889
0.9817986436
1.0134940724
1.0016755820
0.9703820780
0.9440319032
0.9367519163
0.9405799948
0.9381420232
0.9326882143
0.9411555798
0.9646258976
0.9789335338
0.9595380671
0.9232013482
0.9081324026
0.8971699738
0.9230847990
0.9599868175
0.9487034145
0.9348827816
0.9152734965
0.9403387490
0.9669941443
0.9703544441
0.9682544272
0.9440715992
0.9165739039
0.9128461459
0.9162232521
0.9204601734
0.9458035955
0.9601893420
0.9318107358
0.9237160218
0.9351752516
0.9201154126
0.9125083407
0.9354782363
0.9658041194
0.9764145357
0.9602992085
0.9640374587
0.9554303281
0.9647291926
0.9536058589
0.9463757899
0.9487121591
0.9443110755
0.9318797431
0.9198269154
0.9041088892
0.8860782081
0.8753832136
0.8730508966
0.8970576349
0.9465483060
0.9652936855
0.9456151545
0.9235696046
0.9258483364
0.9389503823
0.9251651004
0.9302304586
0.9186941213
0.9152950865
0.9139964250
0.9090694999
0.8962420464
0.8689942138
0.8379540411
0.8296987716
0.8480161231
0.8661151566
0.8717614401
0.8779126088
0.8850884175
0.8990177978
0.9222190050
0.8919108469
0.8699337904
0.9045340731
0.8888939345
0.8997692395
0.8839999417
0.8753143788
0.9002021104
0.8740030635
0.8524746076
0.8584193772
0.8490219591
0.8230754952
0.8149094796
0.8155608837
0.7948812933
0.7452029070
0.6574325619
0.5786155443
0.5386561111
0.4974188779
0.4210422960
0.3442509946
0.2943112637
0.2572384821
0.2486601478
0.2383786770
0.2235113785
0.2088870963
0.2104482928
0.2178498738
0.2201325804
0.2265441456
0.2540916421
0.3019227594
0.3458400718
0.3725026490
0.4093385283
0.4810634723
0.5614851381
0.6546843317
0.6899945972
0.7142938938
0.7351068359
0.7643481939
0.7993454164
0.8137721418
0.8349508126
0.8492486486
0.8508198192
0.8588722560
0.8700179919
0.8609816273
0.8611520275
0.8836754971
0.8961239249
0.8988084264
0.9055127261
0.9045191877
0.9060968771
0.8960113522
0.8989909691
0.9237802226
0.9356690066
0.9338547281
0.9119619132
0.8868477802
0.8847699607
0.9002532865
0.9081652280
0.9237658750
0.9422391367
0.9386287685
0.9156217644
0.8870230546
0.8819649158
0.9133529139
0.9358737125
0.9245649087
0.9202927697
0.9460890894
0.9609540381
0.9832466728
0.9257816838
0.9294225653
0.9227737715
0.9330366994
0.9703601595
0.9672772408
0.9504024799
0.9659169476
0.9718177751
0.9627580675
0.9516416003
0.9571323625
0.9591069763
0.9485398906
0.9541515389
0.9584113915
0.9412433846
0.9300805036
0.9586872360
0.9901951361
0.9776712500
0.9816746735
0.9519850667
0.9751811567
0.9529844042
0.9382507171
0.9378606708
0.9443863496
0.9372485280
0.9360472859
0.9638380322
0.9808407833
0.9535515438
0.9347117065
0.9592041318
0.9768500992
0.9722902048
0.9738804600
0.9770780636
0.9693008991
0.9428445169
0.9483202707
1.0000289313
1.0063055727
0.9552784443
0.9626172278
0.9647301650
0.9242700105
0.8964210279
0.8556611309
0.8140406523
0.7727886972
0.7573271479
0.7795546939
0.7985208750
0.8192654864
0.8722143326
0.9098095614
0.9371319325
0.9514134002
0.9793473389
0.9858098201
0.9806965030
0.9687036857
0.9382219833
0.9069789737
0.9149851752
0.9548324744
0.9720416736
0.9649733722
0.9571736228
0.9609005374
0.9636291929
0.9686297998
0.9728561134
0.9588139652
0.9371195231
0.9291437274
0.9305577025
0.9190834542
0.9024882771
0.9211090091
0.9514766932
0.9905947060
0.9745673410
0.9519423451
0.9291972740
0.9377620995
0.9683464476
0.9918917431
1.0000375930
1.0065678741
1.0098191044
0.9849796149
0.9650207030
0.9632347471
0.9597164750
0.9771913658
0.9982530890
1.0170260482
0.9958140351
0.9729267362
0.9644924496
0.9662016800
0.9851505081
0.9873023036
0.9661871913
0.9360626867
0.8975717367
0.8391700417
0.8045659190
0.7886860540
0.7894797352
0.8010516771
0.8299035927
0.8799141981
0.9177688896
0.9306042099
0.9659089503
1.0179532390
1.0142075662
1.0188436650
0.9944359173
1.0267588006
0.9987515111
0.9781660040
0.9852597993
1.0088124849
1.0214962293
1.0168921165
1.0249573554
1.0118767014
0.9531042816
0.8873763886
0.8447114817
0.8242298525
0.8087324782
0.8060749579
0.8454053711
0.8942126626
0.9062422557
0.8906041593
0.9122165796
0.9685561761
0.9463396302
0.9039493205
0.8358015761
0.7902768176
0.7558024153
0.7455867822
0.7686608692
0.8136553306
0.8351127099
0.8419329749
0.8691638154
0.9136144197
0.9449312295
0.9405998224
0.9222289687
0.9457098058
0.9954861432
0.9980887817
0.9884134030
0.9924400192
1.0052903172
1.0079969790
1.0019584412
0.9899762294
0.9625638602
0.9490994403
0.9789902619
0.9935776077
0.9897022220
0.9817551441
0.9738345863
0.9766507997
0.9709804575
0.9583732293
0.9633939912
0.9754256532
0.9913073815
0.9930411247
0.9727703062
0.9702257180
1.0026481290
1.0133318883
0.9686195187
0.9346255870
0.9680216832
0.9876387382
0.9766606897
0.9534996893
0.9607194986
0.9627094825
0.9491564508
0.9542365000
0.9800502469
0.9955232218
0.9928279879
0.9938275096
0.9983060293
0.9784705471
0.9655851672
0.9996583174
0.9940174704
0.9988006917
1.0101497647
1.0255137664
1.0094570479
0.9888636386
0.9949387955
1.0033698076
1.0079985937
0.9931813740
0.9609471366
0.9537467598
0.9685767863
0.9704807444
0.9668130891
0.9722440307
0.9716928545
0.9802647442
1.0119872751
1.0014897075
0.9668758232
0.9815965126
0.9845782016
0.9550440078
0.9649552550
0.9757733571
0.9751953210
0.9763399769
0.9601798301
0.9565999911
0.9476844051
0.9479026637
0.9571947762
0.9490596035
0.9304498043
0.9336013754
0.9597658960
0.9940058676
1.0288144748
1.0207021232
0.9745524878
0.9451918011
0.9631182317
0.9543235228
0.9341732309
0.8927487589
0.8601232101
0.8261002157
0.8044499231
0.8231029429
0.8645773890
0.8997398132
0.9367385796
0.9665098971
0.9798401997
0.9813521199
0.9666748162
0.9319637541
0.9128203308
0.9538184231
0.9728071451
0.9639280111
0.9536495911
0.9705938950
0.9804321915
0.9798319269
0.9926260925
0.9653995158
0.9486266905
0.9618284557
0.9933004571
0.9916769750
0.9677535972
0.9553916661
0.9568905845
0.9549128805
0.9542426104
0.9712793076
0.9961609066
1.0115612667
1.0104398431
0.9956917285
0.9934048824
1.0144892366
1.0214258632
1.0282468277
0.9867940091
0.9625251751
0.9509318606
0.9507515729
0.9689379626
0.9882176541
0.9997936000
0.9952651121
0.9740656250
0.9486231451
0.9324351924
0.9377305233
0.9656404413
0.9835927899
0.9673367106
0.9633981657
0.9756996597
0.9689414864
1.0075015086
0.9895039167
0.9943319150
0.9954172051
0.9819141881
0.9776939934
0.9908418267
1.0043895900
0.9959027682
0.9844098874
1.0009527078
1.0052419221
0.9796707149
0.9569291967
0.9411877147
0.9297217978
0.9484702694
0.9936970616
0.9841574996
0.9878863197
0.9760416142
0.9518695457
0.9692514957
0.9763533890
0.9683526699
0.9476230237
0.8781655429
0.8122776784
0.7909263182
0.7982706326
0.8142412650
0.8475754300
0.8799637546
0.9156154307
0.9622126609
0.9746375391
0.9603787035
0.9732220164
0.9862993760
0.9807142538
0.9569457600
0.9334152050
0.9543270407
0.9994772275
1.0021912213
0.9885348381
0.9679285944
0.9576161139
0.9677413156
0.9753767947
0.9755448285
0.9709121063
0.9909745115
1.0109593230
1.0012717579
0.9819632074
0.9601470175
0.9530019408
0.9638156917
0.9811751506
0.9923166004
0.9822208991
0.9803723509
1.0023417422
0.9835245247
0.9829712145
1.0002879531
0.9679707346
0.9559277896
0.9723793010
0.9945449916
0.9974435349
0.9969646885
0.9916536507
0.9867378484
1.0040586938
1.0208368074
1.0074632953
0.9854677669
0.9821368086
0.9881924187
0.9814708063
0.9905460481
0.9607967341
0.9425658583
0.9447361516
0.9814944421
0.9850336821
0.9903930628
0.9965775793
0.9936009992
0.9785289241
0.9625763804
0.9690586656
1.0021091822
1.0323792994
1.0313728197
1.0131558254
1.0160637463
1.0270841957
0.9991557666
1.0067908526
1.0347641337
1.0284737671
1.0142219499
0.9758572411
0.9634105811
0.9687666557
0.9544162504
0.9597091345
0.9520811081
0.9383746189
0.9348514351
0.9325056168
0.9284242574
0.9381841350
0.9600080131
0.9642354654
0.9624545238
0.9944801758
0.9918888081
0.9864109782
1.0007856023
0.9907325561
0.9784029043
1.0007506403
1.0208762265
0.9923348192
0.9790145746
0.9592021459
0.9409929518
0.9218115545
0.9146436882
0.9230116947
0.9160738360
0.8761495489
0.8109488306
0.7342911174
0.6770554313
0.6671501854
0.6920203289
0.7397062164
0.7961348323
0.8795931496
0.9005050888
0.9343095575
0.9437575878
0.9658457700
0.9882913130
0.9696147712
0.9483975833
0.9136357544
0.8437145437
0.7547532489
0.6900954894
0.6819625677
0.7170776333
0.7755928469
0.8625853395
0.9362722892
0.9462618678
0.9731055181
0.9742189775
1.0020899346
1.0383941428
1.0199191733
0.9792622946
0.9816610260
0.9852785931
1.0022896761
0.9937828730
0.9862142753
0.9952474423
0.9896597623
0.9684512434
0.9746357380
1.0000205165
0.9986445342
0.9897375145
0.9962845371
0.9843076890
0.9906557234
0.9987763394
0.9856043445
0.9826760650
0.9715098890
0.9442385683
0.9624850882
0.9593165847
0.9479661282
0.9510992501
0.9444221381
0.9413436412
0.9593863002
0.9824406519
0.9989161809
0.9994258652
0.9840258143
0.9701512483
0.9658687114
0.9665340858
0.9679143570
0.9598114443
0.9832425841
1.0135402012
1.0489911346
0.9917457700
0.9686689557
0.9943693385
0.9911136592
0.9783820262
0.9629938108
0.9525940283
0.9429965144
0.9146308317
0.8826979841
0.8625595847
0.8630791362
0.8889020966
0.9141304790
0.9124516971
0.9111893379
0.9396495833
0.9771989180
1.0081234029
1.0102402905
0.9820411300
0.9936552589
0.9637169421
0.9362745334
0.9403803221
0.9425685082
0.9629320127
0.9291805389
0.8917285393
0.9056042770
0.9230801891
0.9377388545
0.9577491098
0.9607284508
0.9443625511
0.9133491816
0.8808309927
0.8812075526
0.9129403069
0.9201292894
0.9366524054
1.0030183532
1.0152595338
1.0010658801
0.9750125049
0.9862473503
0.9864330648
0.9754615486
1.0027662968
1.0402393241
1.0211972479
1.0072560947
1.0194499550
1.0025611754
0.9779764468
0.9726393225
0.9712829172
1.0188230609
1.0259525378
1.0065596389
0.9793498755
0.9722361217
0.9766634684
0.9928233094
0.9966674897
0.9908151831
1.0002878969
0.9938252852
0.9722513324
0.9682214717
0.9765633672
0.9739235769
1.0044613806
1.0271330849
1.0120335173
1.0154632625
1.0083232842
0.9874209328
1.0141055110
1.0261020060
1.0008567040
0.9637497447
1.0106130037
1.0001382695
0.9838793047
0.9549078124
0.9475204421
0.9489068551
0.9546919457
0.9779993235
1.0008329081
0.9950630221
0.9712156582
0.9486458816
0.9323481525
0.9368133339
0.9659833221
0.9910812308
1.0046444421
1.0101505309
1.0002254710
0.9815230169
0.9881580887
0.9929386034
0.9492628421
0.9359133143
1.0008202334
0.9855975478
0.9641775483
0.9609734055
0.9870285152
1.0084933189
1.0130077531
1.0202354710
1.0200138443
1.0070654838
1.0002827985
0.9986416072
0.9909343123
0.9688648915
0.9854068025
0.9971094905
0.9693801763
0.9503585064
0.9335496345
0.9175336085
0.8943492416
0.8682115557
0.8499130086
0.8727660664
0.9163212338
0.9356330167
0.9645475956
1.0032932318
1.0306207794
1.0408898619
1.0418349373
1.0373377791
1.0043864985
0.9624430618
0.9793080990
0.9957715429
0.9816009205
0.9941876964
0.9685663581
0.9529612761
0.9638245556
0.9805042881
0.9784955005
0.9639085627
0.9668492959
0.9948002293
1.0124453678
1.0228649613
1.0205222380
0.9931048077
0.9720098904
0.9794195316
0.9831025097
0.9687300887
0.9683385544
1.0036195102
1.0182375076
1.0005511723
0.9712493590
0.9400665883
0.9366862028
0.9178007870
0.9377648208
0.9727394127
0.9927210303
0.9793483456
0.9633471533
0.9411040651
0.9221103128
0.9217087806
0.9194125225
0.9250928404
0.9575736534
0.9685161712
0.9533517633
0.9436908257
0.9294082313
0.9127617881
0.8706848896
0.8291189615
0.8629746978
0.9199637151
0.9739989774
1.0230597358
1.0277545013
1.0030600130
0.9910240536
0.9917045389
0.9968949665
1.0069691799
1.0178022942
1.0118185301
0.9755755484
0.9358382863
0.9127470835
0.8543604170
0.7929048672
0.7775250503
0.7837262240
0.8198848793
0.8685793861
0.8674071826
0.8730552598
0.9014305330
0.9161252713
0.9068898959
0.9068677915
0.8952995780
0.9032855229
0.9326398616
0.9473790869
0.9503722922
0.9749172036
1.0221957793
1.0552268215
1.0531294843
1.0385728614
1.0139531936
1.0062042954
1.0032527009
1.0099939754
1.0153516009
1.0072210346
0.9881173546
0.9801477485
0.9801792301
0.9609681974
0.9527269074
0.9671192605
0.9780846144
0.9785560016
0.9983094412
1.0386776462
1.0460229229
1.0042507837
0.9749585597
0.9853241736
1.0130650949
1.0300257051
1.0099059185
0.9697694241
0.9340116793
0.9607196530
0.9962029503
0.9968427854
0.9800683536
0.9727917119
0.9846943592
1.0030541155
1.0121758461
1.0094373922
1.0173866536
1.0134110265
0.9975736691
1.0112884136
1.0366440221
1.0457697890
1.0041180376
0.9691739752
0.9900412678
1.0115082922
1.0056571707
1.0140515403
0.9807292725
0.9833328346
0.9665900417
0.9379587103
0.9326716883
0.9343897230
0.9312981136
0.9295170739
0.9426412626
0.9235649193
0.8685367632
0.8482810122
0.8721350211
0.8956112228
0.9057560406
0.9224531151
0.9306348940
0.9250579449
0.9359128215
0.9704433103
0.9896775366
0.9767245841
0.9818967131
0.9939029717
1.0127891482
1.0046289332
0.9811487326
0.9888439426
1.0094681724
1.0263325012
1.0123590645
0.9622165051
0.9229868465
0.9237974410
0.9648891783
0.9996483944
1.0091090190
1.0295250460
1.0106846178
0.9813114730
0.9911929439
0.9944827921
0.9835690252
1.0004867164
1.0193344534
1.0041441977
1.0097249556
0.9845907826
0.9699417188
0.9646530868
0.9742261644
1.0010110286
1.0073752152
1.0046275822
1.0074908033
0.9926180318
0.9949169875
0.9743940784
0.9802417134
0.9998639682
1.0240424637
0.9829807794
0.9434939429
0.9790349533
0.9827800912
0.9574727861
0.9481558776
0.9913792749
1.0112714805
1.0110490999
1.0121938510
1.0073376996
0.9969865996
0.9751570599
0.9539532854
0.9656340439
0.9707179454
0.9761091497
1.0113466497
0.9984560281
0.9543605699
0.9434154457
0.9681867714
0.9650216459
0.9782537501
0.9662406581
0.9596343323
0.9925770298
0.9906082270
0.9806333557
0.9925390654
1.0024278287
1.0043092416
1.0011427957
0.9954290162
1.0054487627
1.0112895411
1.0050648481
0.9980262759
0.9957241411
0.9920569603
0.9846541294
0.9859620690
0.9978851901
1.0142130988
1.0343856547
1.0454815778
1.0180986520
0.9710690204
0.9512281772
0.9562910362
0.9681742526
0.9881288741
1.0048131401
0.9933683203
0.9626750894
0.9543776780
0.9810241313
0.9970435893
0.9993690964
1.0075960689
1.0208826875
1.0168990509
0.9935193230
0.9639119669
0.9419729357
0.9500252881
0.9924255835
1.0154450642
1.0104686883
0.9984352268
0.9916499915
0.9996056250
1.0163230524
1.0327816392
1.0360886220
1.0157811173
1.0130631185
1.0221710102
1.0167453331
1.0361505530
1.0029245978
0.9379433997
0.9226332604
0.9400862701
0.9754407601
1.0077857738
1.0503774273
1.0536115436
1.0182245721
0.9975873403
1.0009803357
0.9919505952
0.9682276091
0.9690674403
0.9936328770
1.0032366643
1.0080992332
1.0322973773
1.0486273395
1.0270724124
1.0066125305
1.0002418457
0.9925570186
0.9867304477
1.0117907436
1.0232268801
1.0275710304
0.9907513101
0.9629412283
0.9888603642
1.0173312871
1.0106998245
1.0047835742
1.0068129043
0.9995334100
1.0087532452
1.0235532809
0.9829922031
0.9320736281
0.9429090498
0.9730148780
0.9980103933
1.0037745065
0.9693329456
0.9469000779
0.9261628047
0.9323116939
0.9626347531
0.9758066028
0.9728986927
0.9626850200
0.9618036181
0.9706604055
0.9719520306
0.9579117626
0.9256200912
0.8754259700
0.8400515702
0.8460155465
0.8595914598
0.8955632011
0.9460131213
0.9763545651
0.9903964154
0.9987429400
0.9975556240
0.9913271228
1.0063869911
1.0266315215
1.0219124007
1.0204132836
1.0329957331
1.0463016518
1.0571727069
1.0464748179
0.9960383633
0.9487827218
0.9448636103
0.9526519603
0.9736912114
0.9790883170
0.9697308475
0.9732520188
0.9888500475
0.9874873883
0.9913964982
1.0052081213
1.0209696606
1.0529753400
1.0360119947
1.0235310600
1.0064112604
0.9783270757
0.9622144237
0.9715050719
0.9941140735
0.9923835050
0.9575951698
0.9242582705
0.8846530967
0.8637132123
0.8652652367
0.9429975800
0.9927850706
0.9715847222
1.0094097888
0.9924539397
0.9595876383
0.9765106723
0.9671161834
0.9603548786
0.9811551169
0.9926732489
1.0130012553
1.0243348732
1.0133484983
1.0039200503
1.0006347669
0.9931802056
0.9780425707
0.9951039048
1.0031993203
0.9772518787
0.9715538223
0.9513870419
0.9463182372
0.9949513787
0.9956333909
1.0034020292
0.9943720430
1.0050133213
0.9906201900
0.9731230744
0.9779047285
0.9845529388
0.9722956501
0.9593039721
0.9559288941
0.9407743876
0.9368914629
0.9638969329
0.9220090867
0.9126718951
0.9158804564
0.9815613660
1.0077610369
0.9853211663
0.9823774491
0.9836359871
0.9659173722
0.9506715822
0.9644944641
0.9935869132
0.9879861569
0.9965006690
1.0183202519
1.0041251339
0.9815421871
0.9860702982
0.9944114496
0.9986570114
0.9906360254
0.9917480083
1.0017396728
0.9870991153
0.9716044809
0.9553250662
0.9479419329
0.9491647006
0.9573864205
0.9747638956
0.9883571693
0.9974503431
0.9838182897
0.9666440738
0.9702994739
0.9842511081
0.9844684931
0.9778649717
0.9691842509
0.9405062303
0.9267944501
0.9351362256
0.9172662992
0.9236617823
0.9409963422
0.9942193243
0.9908249077
0.9847206185
1.0319278690
1.0173798380
0.9754316362
0.9519295456
0.9789898501
0.9999615847
0.9673018318
0.9180512369
0.8920277974
0.8810459117
0.8826072423
0.8865102594
0.8432220181
0.7722688250
0.7325280500
0.7505113894
0.7910865994
0.8401596887
0.8596493429
0.8527453305
0.8542305438
0.8748326615
0.8591873298
0.8470062373
0.8857898397
0.9282880009
0.9559525305
0.9737047957
0.9842116301
1.0041011821
1.0378792636
1.0560293514
1.0421453533
1.0041796905
0.9379514832
0.9010869690
0.9009877401
0.8792541942
0.8848227708
0.9183741307
0.9377323997
0.9363517382
0.9565160758
0.9905283153
1.0072737326
0.9778390148
0.9598636268
0.9804440941
1.0325761419
1.0491038534
1.0294297569
1.0238420008
0.9994839598
0.9714671673
0.9810599252
0.9918794299
1.0096920004
0.9981701423
0.9730271788
0.9407242756
0.9660026937
0.9922987394
0.9887147095
1.0194730787
1.0394653214
1.0270918540
1.0022418778
0.9920074950
0.9875219997
0.9806764821
0.9745554693
0.9736299780
0.9948300479
1.0229909139
1.0055586780
0.9891038986
1.0036825163
1.0097719192
1.0213573623
1.0263515621
0.9802558501
0.9727543639
0.9673794510
0.9846681365
0.9937717860
0.9818814610
0.9540790476
0.9310878355
0.9394278216
0.9649310823
0.9805183918
0.9925628506
1.0015327450
0.9962932568
0.9966871780
0.9998002600
1.0071404236
1.0133111916
0.9659146178
0.9761151424
0.9714935892
1.0110078514
1.0234485341
0.9979541542
0.9682596470
0.9779905375
0.9966454007
0.9972839302
0.9998325112
1.0090060387
0.9969047927
0.9575771464
0.9143221543
0.8850357774
0.8822825301
0.8958256477
0.8841201907
0.8969066028
0.9062906423
0.9241370107
0.9232243616
0.9844129437
0.9569329021
0.9585458666
0.9762351795
0.9857008883
0.9860700600
1.0021450443
0.9905504695
0.9976518328
1.0237281926
1.0181335296
0.9933172333
0.9942212784
1.0017319925
0.9803317550
0.9684668143
0.9454947949
0.9496641156
0.9844353959
0.9819363290
1.0149535922
1.0103735444
1.0192337950
1.0103963203
1.0228779252
1.0199423503
1.0305453729
1.0260461622
1.0060805850
0.9860695341
1.0139253724
1.0489410203
1.0342915271
1.0198078916
1.0253625519
1.0064562352
0.9733775110
0.9846318827
0.9896746711
0.9956503917
0.9813146291
1.0123825076
0.9938066550
0.9660983764
0.9666341206
0.9959219408
1.0146815419
0.9964538678
0.9860851564
0.9896654728
0.9867754090
0.9834778539
0.9913911692
0.9858864706
0.9352529567
0.8539363830
0.7714295676
0.7041833923
0.6916645140
0.7056734473
0.7462281176
0.8135057811
0.8700079144
0.9485114304
0.9734618690
0.9854838080
0.9856198179
1.0097700105
1.0264193219
0.9986771813
0.9876474747
1.0027416655
0.9925522492
0.9707197589
0.9627255167
0.9503945626
0.9581440034
0.9827916768
0.9942160557
1.0362159011
1.0178873193
0.9788002366
0.9493995102
0.9590033989
1.0018732955
1.0029664757
0.9855572110
0.9958441685
0.9953745316
0.9917941287
0.9983537393
1.0018831568
1.0086279593
1.0256944451
1.0239622651
1.0018074064
1.0066332058
1.0286511590
1.0369774528
1.0531039554
1.0324587126
1.0182031068
1.0377643825
1.0070385237
0.9912299631
0.9952924026
0.9846686051
0.9897480057
0.9831318046
0.9565590156
0.9380633343
0.9075649395
0.8947274619
0.9193243615
0.9410734827
0.9486233820
0.9644020401
0.9806299400
0.9807066894
0.9920036905
1.0166906906
1.0095444441
0.9821786717
0.9763285038
0.9985131350
0.9619307293
0.9763536546
1.0104916443
0.9657147481
0.9329139955
0.9547426959
0.9342986762
0.9058069519
0.9021410981
0.9102409246
0.9390895716
0.9610787622
0.9642439249
0.9988069850
1.0340086112
1.0190118597
0.9930597078
0.9996043362
1.0233498222
0.9760823425
0.9642207804
1.0188696681
1.0420861150
1.0107336100
0.9902462693
1.0075805914
1.0158301087
1.0105629805
0.9888348679
0.9826382218
0.9844774169
0.9631105594
0.9588820118
0.9720319040
0.9784427614
0.9384794097
0.9289916902
0.9506343721
0.9899283792
0.9885889838
1.0213141637
1.0313281733
1.0168062868
1.0095433440
0.9963499485
0.9734341760
0.9768886649
0.9830471476
0.9773712486
0.9757203914
0.9729283929
0.9752037995
0.9954350707
0.9989295621
0.9786289541
0.9712954676
0.9879123167
0.9924700616
0.9735298157
1.0174174543
1.0467263067
1.0242496622
1.0085941534
1.0128679866
0.9918548563
0.9682344836
0.9594050013
0.9844671036
1.0018440099
1.0035310670
0.9999570762
0.9970140013
0.9969776615
0.9832162636
0.9634220998
0.9604492449
0.9725827810
0.9876901618
0.9891732916
0.9588923221
0.9607880687
0.9812349614
0.9743239156
0.9732093592
0.9844949807
1.0108487380
1.0065875411
0.9943956717
1.0059165350
1.0046219568
0.9942913186
1.0022708256
1.0084777095
0.9907484143
0.9691535808
0.9754263633
1.0021984351
1.0253824267
1.0206204461
0.9935719892
0.9860548593
0.9469184958
0.9318806109
0.9246414135
0.9304763486
0.9350074763
0.9626440309
1.0006769877
1.0149799612
1.0009576615
0.9934564035
0.9985869103
1.0059241913
0.9959015720
0.9667197279
0.9652961343
0.9644041917
0.9705033511
1.0056198690
1.0150036548
1.0028817136
0.9876515539
0.9662702325
0.9644808051
0.9798696726
0.9970876750
1.0237960012
1.0382494119
1.0197459574
1.0039731158
0.9935353929
0.9948429472
0.9951754764
0.9928340221
0.9927623762
0.9793557238
0.9907533963
0.9849244427
0.9908478152
1.0132953104
1.0268816080
1.0193043781
0.9970442137
0.9788155992
0.9633547120
1.0075811147
0.9793322344
0.9823739022
1.0132976760
1.0088365447
0.9939508095
0.9744534956
0.9604776209
0.9719711304
0.9841808339
0.9634044998
0.9233739476
0.9132282606
0.9229878018
0.9042823980
0.8638638490
0.8773039669
0.9174695481
0.9484319862
0.9651861773
0.9617128833
0.9812992022
0.9842667448
0.9858517234
1.0171583423
1.0311919468
1.0209454696
1.0051121280
0.9853300524
0.9791975768
0.9945777570
1.0028661872
1.0042977159
1.0071789222
0.9952911910
1.0007851217
1.0277597042
1.0201988022
1.0253542032
1.0289258104
1.0389572916
0.9734419893
0.9598671337
0.9815181001
0.9964014928
0.9762333859
0.9690771795
0.9821948973
1.0065973329
1.0120370119
0.9898745798
0.9913026435
1.0202094636
1.0386189144
1.0128959409
1.0290906736
0.9962516761
1.0225041951
1.0242691559
0.9684226120
0.9852349284
1.0044193463
0.9886560363
0.9676863090
0.9511141252
0.9561820344
0.9671100244
0.9818230607
0.9795549049
0.9723173128
0.9928346318
1.0307847583
1.0522233743
1.0183963077
0.9410407823
0.9119904022
0.9382920134
0.9670047455
0.9290876532
0.8985377027
0.8860635949
0.9259223019
0.9368318593
0.9528292701
0.9800366658
0.9872946968
1.0001509724
1.0114760154
1.0258080684
1.0340452259
1.0265627491
1.0155128109
1.0008796859
0.9844749046
0.9823034345
0.9902105984
1.0095090051
1.0429686733
1.0261338638
0.9697606260
0.9902894126
0.9735746756
0.9511359502
0.9587427960
0.9465801596
0.9557780533
0.9847114769
1.0095481282
1.0196995685
0.9896900304
0.9603931753
0.9563566582
0.9286521475
0.8834835706
0.8489586999
0.7880381622
0.6954836766
0.6660402666
0.6401727305
0.6868125014
0.7642531152
0.8257516326
0.8937076032
0.9460210937
0.9493664770
0.9749624606
0.9685253647
0.9665609266
0.9932409444
0.9926065303
0.9547041589
0.9321926540
0.9438443968
0.9603226898
0.9726758400
0.9890634693
0.9742919018
0.9929554062
0.9966127347
0.9580661530
0.9616186990
0.9739985336
1.0039787698
1.0082143172
0.9798731299
0.9584713000
0.9438600301
0.9626793871
0.9486008775
0.9260973290
0.9339095064
0.9543837288
0.9618266224
0.9647963566
0.9838923042
1.0163210197
1.0533349897
1.0305461054
0.9963424069
0.9614389319
0.9625863122
0.9482794544
0.9937080192
1.0189950352
1.0083789510
0.9812921319
0.9658933156
0.9682965219
0.9896498436
0.9921074015
0.9736953542
0.9682138416
0.9919025219
1.0080872170
0.9956810252
1.0023405358
1.0231346472
1.0102370761
1.0023301473
0.9640246295
0.9553951139
0.9778853775
0.9868144618
0.9734359098
0.9424396798
0.9500686998
0.9413608791
0.9272457917
0.9380607165
0.9660556342
0.9793141130
0.9849051193
0.9769482470
0.9744528331
0.9862281354
0.9720825543
0.9684829120
1.0004419061
1.0168588946
0.9679301322
0.9588034401
1.0228388529
0.9652987801
0.9796291370
0.9882330450
0.9791058499
0.9769200727
0.9684225783
0.9490656143
0.9431528648
0.9596916854
0.9715328896
0.9913366145
0.9905018075
0.9495952955
0.9451890459
0.9764823466
0.9605017168
0.9523076800
0.9579030923
0.9652139672
0.9698341343
0.9827770963
0.9838697013
1.0203118811
1.0295722985
1.0290760633
1.0402264748
1.0031567311
0.9881134991
1.0015706579
0.9983448941
1.0099224830
1.0039723078
0.9868858670
1.0094746301
1.0236504216
1.0189199072
1.0135967279
1.0199803479
1.0225657365
1.0358356464
1.0501450918
1.0401357889
1.0110497216
0.9940449104
1.0079341909
0.9882905644
0.9723729176
0.9780588024
0.9754366167
0.9853215943
0.9842432873
0.9865491003
1.0070854333
1.0144921100
0.9852020702
0.9479799022
0.9655833791
0.9841214021
0.9700255045
1.0141157966
1.0279144375
1.0121214993
0.9771101934
0.9974805181
1.0117486309
0.9813528044
0.9619619908
0.9873951449
1.0151285945
1.0240808520
1.0037941484
0.9774026692
0.9637047956
0.9619221852
0.9594743633
0.9476046437
0.9647599423
1.0208954685
1.0101100520
0.9821210132
1.0080934349
0.9954810843
0.9845814624
1.0207706926
1.0065004083
0.9791800044
0.9685335777
0.9998963390
1.0573344410
1.0353724096
0.9782646024
0.9608121776
0.9864283719
1.0023861499
1.0172494564
1.0582264218
1.0645775312
1.0217446370
0.9865546574
1.0223116955
1.0912201917
1.0465564269
1.0061157295
0.9660961024
0.9830565823
1.0165532312
1.0060336784
0.9913783795
0.9948571961
0.9907342199
