#flux
0.9075624670
0.9019049382
0.8842532524
0.8629800667
0.8497054450
0.8538618492
0.8741755048
0.8964141280
0.9138888182
0.9365912507
0.9488393584
0.9627553362
0.9492707731
0.9403833739
0.9371549254
0.9345733088
0.9347093054
0.9409975600
0.9533146793
0.9688673053
0.9772327975
0.9670800904
0.9465778411
0.9331275502
0.9165036922
0.8762505629
0.8310445604
0.8012960818
0.7856419831
0.7863726433
0.8086547546
0.8611639876
0.9053348354
0.9480678167
0.9829736107
1.0036696729
1.0100571118
1.0021027143
0.9792160898
0.9512891957
0.9379739113
0.9349333683
0.9090973510
0.8663588861
0.8534950106
0.8557357191
0.8670109614
0.8766222016
0.8760267637
0.8921179996
0.9036155569
0.9055935180
0.8973735598
0.9102180552
0.9230901103
0.9286202780
0.9282892298
0.9222008001
0.9134671091
0.9067293670
0.9006185606
0.8995545203
0.8942947770
0.8782875303
0.8810858755
0.8742284275
0.8385534654
0.7900420219
0.7445882924
0.6926022030
0.6366477973
0.6260666229
0.6207273962
0.6759852859
0.7356623133
0.7918563107
0.8514842250
0.9046091155
0.9394653515
0.9611735804
0.9773732697
0.9745695498
0.9553567631
0.9503797529
0.9551054137
0.9444230348
0.9125827073
0.8848285044
0.8815115333
0.8936842154
0.8989500352
0.9032956462
0.9132891635
0.9068337077
0.8876445938
0.8629283781
0.8351258903
0.7922016542
0.7279742353
0.6531474659
0.5847353533
0.5411294399
0.5354269238
0.5726178476
0.6445943560
0.7281275673
0.8312206614
0.9025143982
0.9508472985
0.9929465324
1.0147005603
1.0273960068
1.0404681468
1.0201007899
1.0007181246
0.9856347017
0.9910315395
0.9922104724
0.9939187265
0.9983899279
0.9893646114
0.9763492116
0.9707018483
0.9637299363
0.9608615307
0.9557783697
0.9497407720
0.9511909196
0.9175320743
0.9085308872
0.9140432466
0.8864951169
0.8613650105
0.8453463082
0.8088007668
0.7956971851
0.8159730521
0.8241730968
0.8344859461
0.8591522144
0.8862473736
0.9052633768
0.9126429313
0.9149080144
0.9146349053
0.9066642342
0.9143504121
0.9108485014
0.9171129525
0.9300842040
0.9466754592
0.9624804293
0.9680141921
0.9753847688
0.9914147193
0.9766728723
0.9553100496
0.9236561821
0.8867570619
0.8537187470
0.8363628381
0.8418633636
0.8611279374
0.8809647818
0.9001924540
0.9250142923
0.9523092206
0.9618775221
0.9311252453
0.9338107747
0.9280952564
0.9139692778
0.9015685289
0.9031756636
0.9125164320
0.9274031884
0.9408259553
0.9224702477
0.9019244394
0.8987572679
0.9106464322
0.9191939556
0.9220776658
0.9357606706
0.9553860322
0.9811624557
1.0079804514
1.0221110885
1.0290392764
1.0506833223
1.0571369574
1.0687433636
1.0673589290
1.0610978625
1.0568485921
1.0497962319
1.0385923709
1.0144958651
0.9721604323
0.9311726974
0.9069850576
0.8710102535
0.8062101863
0.7368272223
0.6686622229
0.5924263693
0.5128936441
0.4266424628
0.3526317763
0.2951056572
0.2485914178
0.2332483656
0.2343571903
0.2440841145
0.2608963246
0.2985623482
0.3687467677
0.4683239522
0.5833238630
0.7179410021
0.8817665160
1.0543035143
1.1964995495
1.3022815775
1.3833791021
1.4241222630
1.4334003259
1.4136578430
1.3590282615
1.3073178468
1.2420981787
1.1546049953
1.0700582378
1.0024226411
0.9550639862
0.9395370576
0.9374913018
0.9336895905
0.9349747479
0.9538833051
0.9845791372
1.0080907261
1.0198591527
1.0275781271
1.0304632607
1.0251966157
1.0126116863
1.0005192619
1.0085963256
1.0131138446
0.9875515069
0.9889541573
0.9887671450
0.9863370132
0.9664043342
0.9234100835
0.8913381521
0.8834687391
0.8689494535
0.8493536686
0.8404346292
0.8501729197
0.8657187994
0.8707436333
0.8755195603
0.8920034592
0.9163330139
0.9382577222
0.9476241167
0.9524176400
0.9692281264
0.9917465622
1.0064854006
1.0074323529
1.0063224589
1.0310696204
1.0172938128
0.9885195478
0.9626368790
0.9403815302
0.9264292868
0.9255452608
0.9376204643
0.9606220227
0.9863670519
0.9987476501
0.9955021706
0.9917426802
0.9712176028
0.9620264380
0.9452174995
0.9464764726
0.9485034331
0.9416669678
0.9437964705
0.9608344327
0.9803834474
0.9935168379
1.0045456706
1.0101725535
1.0185229383
1.0212649237
1.0111497655
1.0062809191
1.0106316627
1.0114192060
1.0170989490
1.0195833431
1.0073636387
1.0110049894
0.9983820318
0.9925317832
0.9716435475
0.9612513430
0.9542427908
0.9191453472
0.8788019573
0.8446559645
0.8090333330
0.7774044312
0.7630576473
0.7619627828
0.7663980018
0.7803164188
0.8071168856
0.8423865894
0.8714240142
0.8788399536
0.9022998442
0.9316654964
0.9176372228
0.8844377475
0.8657646999
0.8551778101
0.8458945332
0.8406999334
0.8566553693
0.8598509823
0.8814952755
0.9118386513
0.9336548673
0.9434442380
0.9407437688
0.9276950984
0.9098632983
0.8950672224
0.8842789804
0.8742202072
0.8655938479
0.8625648456
0.8764228233
0.8518421713
0.8761416998
0.8932282848
0.8877298610
0.9158665562
0.9500279380
0.9716014510
0.9839841658
0.9939066283
1.0042273981
1.0117144686
1.0222746633
1.0345674038
1.0333400218
1.0242932960
1.0208018119
1.0126242984
1.0019438136
0.9921957172
0.9748189614
0.9650457510
0.9414776731
0.9136375624
0.8972013437
0.8413550270
0.7615165421
0.6721950515
0.5891192436
0.5155334029
0.4612037109
0.4553254721
0.5058215062
0.5850215871
0.6738142942
0.7753889531
0.8754059112
0.9417540538
0.9733580026
0.9986670535
1.0058745344
0.9893740053
0.9851460238
0.9775114578
0.9758001758
0.9644423949
0.9637793124
0.9505559642
0.9303307883
0.8984182006
0.8533257191
0.7996637379
0.7258924146
0.6408707771
0.5884051013
0.5969852953
0.6487853494
0.6901977420
0.7402071040
0.8082592400
0.8566525969
0.8575082390
0.8503697404
0.8310728379
0.7908250850
0.7405155652
0.6946704952
0.6613236216
0.6391783700
0.6488599273
0.6958443495
0.7537078541
0.8014757540
0.8383933131
0.8866154424
0.9450644429
0.9679175436
0.9822336347
0.9840956746
0.9751359036
0.9649326162
0.9561289631
0.9594249232
0.9281821122
0.9083315360
0.8969825100
0.8959579311
0.8883216799
0.8826965398
0.8713118521
0.8483257860
0.8258357674
0.8140127067
0.8131167261
0.8239792803
0.8443811128
0.8602903348
0.8640962464
0.8737105515
0.8972795658
0.9186969850
0.9302352097
0.9708605245
0.9871386239
0.9942346462
1.0086458588
1.0077763147
0.9819097938
0.9614048474
0.9636565248
0.9684991524
0.9611374094
0.9590797072
0.9729495175
0.9829412987
0.9826722259
0.9894831678
0.9917641714
0.9847490064
0.9914139940
0.9985121772
0.9918216469
0.9997309802
1.0061033895
1.0070793293
0.9993675616
0.9833388431
0.9759589939
0.9679157984
0.9542749551
0.9352572292
0.9275590067
0.9315582917
0.9363413236
0.9424110696
0.9514400363
0.9597648507
0.9567571800
0.9395812873
0.9409483455
0.9451838289
0.9430960723
0.9508723811
0.9462709507
0.9494563136
0.9684776476
0.9585943774
0.9522753495
0.9599616006
0.9605065526
0.9653279758
0.9629893020
0.9612882329
0.9794144999
1.0014759315
1.0076688364
1.0060434166
1.0115766270
1.0149060907
1.0127917662
1.0133323377
0.9693034402
0.9357817513
0.9236310625
0.8693457054
0.8547104467
0.8231545717
0.7788388935
0.7152755155
0.6712584504
0.6505149689
0.6620872387
0.7097438012
0.7697596125
0.8251528703
0.8786549239
0.9276510934
0.9611201413
0.9745638658
0.9877654339
1.0013801303
0.9633416380
0.9391612280
0.9273450921
0.9115272997
0.9147831513
0.9284047680
0.9327646333
0.9431263734
0.9634430283
0.9772931579
0.9735244917
0.9521022744
0.9210851799
0.8947530355
0.8805569214
0.8761993173
0.8776957424
0.8733338903
0.8822350427
0.8704508330
0.8808636899
0.8898684766
0.8875760648
0.8988200861
0.9002618988
0.9080012332
0.9262374711
0.9473415201
0.9651707996
0.9672933765
0.9620977788
0.9558584943
0.9554179040
0.9596404615
0.9657285460
0.9702131931
0.9576784174
0.9754826864
0.9826703513
0.9873214469
0.9799424333
0.9552701080
0.9336034612
0.9166557478
0.9179044657
0.9313980489
0.9418384820
0.9570719440
0.9746770140
0.9944608898
1.0055219257
1.0159174556
1.0164854021
1.0120610413
1.0154032200
1.0004293601
0.9839282651
0.9884308880
0.9854593034
0.9485540822
0.9157328695
0.8851738611
0.8627868177
0.8633841534
0.8801573142
0.9117697503
0.9540360361
0.9889165037
0.9965381012
0.9753362366
0.9404858590
0.9030158645
0.8560825013
0.7995762822
0.7516009034
0.7304694103
0.7474047480
0.7947729831
0.8542985542
0.9059733730
0.9317751687
0.9409904113
0.9523189739
0.9582462924
0.9508226475
0.9340936030
0.9103688764
0.9070178212
0.9287984508
0.9342915620
0.9378528747
0.9409004849
0.9417181401
0.9527468183
0.9728169046
0.9894164225
0.9987789069
1.0185414997
1.0118223831
0.9858883880
0.9903056962
0.9917397145
0.9655810666
0.9726173785
0.9976987929
0.9876854427
0.9775186128
0.9812003689
0.9910178407
0.9815466848
0.9719496694
0.9727580480
0.9669161821
0.9612776018
0.9692078303
0.9765395702
0.9719908866
0.9487738767
0.9241584273
0.9176733823
0.8980217334
0.8709310120
0.8543995742
0.8497314392
0.8576199519
0.8636548023
0.8788849063
0.9057383594
0.9348516984
0.9609520236
0.9841491972
0.9926676276
0.9786120883
0.9549122839
0.9385031670
0.9291090626
0.9253183475
0.9371884688
0.9464835349
0.9626375586
0.9932166666
1.0031512741
1.0286260533
1.0426013090
1.0282392591
1.0351136775
1.0339915195
1.0103078384
0.9985531585
0.9961238310
0.9927245559
0.9915997598
0.9914484279
0.9783573989
0.9688864577
0.9729693557
0.9507740056
0.9288367124
0.9382721713
0.9327516630
0.9166685011
0.8847318998
0.8997477261
0.9127550563
0.8994078423
0.9078143113
0.9415833066
0.9648992714
0.9761265762
0.9911857403
0.9929561212
0.9927855994
0.9954808289
0.9849481219
0.9676825728
0.9554860352
0.9362253979
0.9115007662
0.8972861275
0.8839366557
0.8337070509
0.7631134815
0.6889645140
0.6069127232
0.5607533181
0.5376852324
0.5539271225
0.6049330208
0.6732892999
0.7425684042
0.8047358502
0.8588454377
0.8910816594
0.9035868185
0.9080304281
0.8941820071
0.8507579432
0.7828395342
0.7086346161
0.6352245186
0.5758856097
0.5607713821
0.5903826486
0.6297432366
0.7025913200
0.7807562440
0.8489317600
0.9089237733
0.9567606906
0.9816055849
0.9886265310
0.9962494584
1.0099682613
1.0139774284
1.0011933902
0.9887898279
0.9826614643
0.9650967477
0.9429236892
0.9248898379
0.8836930798
0.8752430124
0.8606790064
0.8474713395
0.8561635805
0.8648179959
0.8807155348
0.9139845530
0.9397540395
0.9627386294
0.9648229451
0.9609050664
0.9613642403
0.9554800085
0.9339178745
0.9007154732
0.8737880479
0.8641397224
0.8696232963
0.8755178545
0.8822559213
0.8889676657
0.8892606989
0.9093039153
0.9274158045
0.9435631880
0.9588755031
0.9636290037
0.9736371504
0.9702884808
0.9645798866
0.9618799089
0.9560471681
0.9369893051
0.9150074200
0.9037450810
0.9044066182
0.9231432180
0.9260545986
0.9318978684
0.9318284520
0.9220005244
0.9112518677
0.9136731206
0.9393543997
0.9649776673
0.9730962570
0.9765986642
0.9898559945
1.0019154085
1.0039003365
1.0060809953
1.0097491027
1.0140644809
1.0143223382
1.0065677984
0.9945617093
0.9813609461
0.9835518103
0.9729055341
0.9590426927
0.9410952507
0.8881026174
0.8610776594
0.8110474646
0.7279339136
0.6477693065
0.6015149115
0.5862887420
0.6076226770
0.6617047219
0.7385817211
0.8179976696
0.8839860743
0.9419613247
0.9810178677
0.9820084959
0.9727569341
0.9651276218
0.9521316956
0.9623132737
0.9690508338
0.9672976034
0.9855658246
0.9897915187
0.9919293254
0.9775871550
0.9576896375
0.9446793625
0.9391889373
0.9396434506
0.9525279634
0.9620489095
0.9647631125
0.9571474106
0.9388758892
0.9356017002
0.9460445227
0.9519383608
0.9666137796
0.9569817371
0.9818054596
0.9977839003
0.9844093320
0.9614255803
0.9563941348
0.9583183959
0.9651300950
0.9819094050
0.9955424087
1.0014049692
1.0105527561
1.0131371725
0.9985087455
0.9878516521
0.9940749007
0.9965902509
0.9822497192
0.9574804176
0.9408449559
0.9227503032
0.9118116839
0.8983149666
0.8838645452
0.8822254684
0.9091911665
0.9238621269
0.9387504051
0.9630139567
0.9709559942
0.9891141101
0.9967481765
0.9924408564
0.9922617237
0.9751755172
0.9342502477
0.8921429331
0.8560546577
0.8483248176
0.8559955974
0.8630069551
0.8940770289
0.9318495666
0.9718560761
0.9812972062
0.9977615631
1.0211594726
1.0320971585
1.0393610122
1.0403228991
1.0323973712
1.0186803734
0.9981913901
0.9700127249
0.9367130314
0.8922260543
0.8376445977
0.7946832826
0.7684021540
0.7564169513
0.7681200704
0.8055604515
0.8528677767
0.9095655904
0.9373867658
0.9792389290
1.0073779385
1.0234668308
1.0425216544
1.0419648377
1.0370715321
1.0216386530
1.0138994863
1.0270138035
1.0219456544
0.9935846534
0.9757793567
0.9575627732
0.9329965304
0.8969928653
0.8566236260
0.8277065078
0.8218938289
0.8395394029
0.8763272712
0.9151947031
0.9497379409
0.9517976780
0.9662362574
0.9866053684
0.9804079113
0.9598667848
0.9393092654
0.9191334229
0.8967059708
0.8750727049
0.8613150092
0.8532723749
0.8508210494
0.8731331282
0.9028195614
0.9099027501
0.8886234190
0.8701792611
0.8562092059
0.8742770826
0.8918136245
0.9277641354
0.9473111173
0.9539277723
0.9650348755
0.9585974067
0.9311670610
0.8937291930
0.8552558014
0.8223945000
0.8023047811
0.8060019037
0.8318251081
0.8640634137
0.9084651828
0.9294618277
0.9369849505
0.9482170023
0.9781961883
0.9899291687
1.0060779264
1.0175410009
1.0162166382
0.9967476607
0.9460236523
0.8674299808
0.7846737549
0.7117467984
0.6608015050
0.6400978618
0.6449197508
0.6735695142
0.7219866477
0.7673809251
0.7945058277
0.7846771851
0.7526842946
0.7283016785
0.7123418999
0.7106742307
0.7469658569
0.7989448063
0.8468337156
0.8934268745
0.9302033134
0.9517176110
0.9694123144
0.9874110782
0.9942798839
0.9907532258
0.9844498244
0.9671011879
0.9390597614
0.9209085647
0.9156493652
0.9040459522
0.8753064497
0.8966501912
0.9183204163
0.9484721401
0.9777207686
0.9927935403
1.0008199875
1.0115558667
1.0149131075
1.0123120034
1.0095895458
0.9998486126
0.9874186185
0.9871849040
0.9972203302
0.9955994582
0.9759735884
0.9672960294
0.9633788712
0.9431336432
0.9268868185
0.9173403668
0.9222732129
0.9475069631
0.9552749389
0.9576247725
0.9508166407
0.9597364647
0.9666975817
0.9738064298
0.9825601183
0.9864447451
0.9858259576
0.9952894072
1.0061040903
1.0037105000
1.0035097164
0.9967199128
1.0094216462
1.0215788114
1.0014745101
1.0051225438
0.9776084637
0.9567624255
0.9464511847
0.9078305933
0.8771468105
0.8461250490
0.7894197610
0.7409621252
0.7144319258
0.7115238385
0.7325331870
0.7865977015
0.8617746650
0.9219419150
0.9600830127
0.9738224532
0.9619179953
0.9606923112
0.9402119259
0.9234136971
0.9126070477
0.9126344346
0.9278480199
0.9331458382
0.9295515719
0.9406999114
0.9619783771
0.9667708470
0.9648827612
0.9676660038
0.9819915129
1.0007626389
1.0088360250
1.0107240160
1.0153728488
1.0166750734
1.0204936466
1.0300818407
1.0319907160
1.0067982473
0.9827662045
0.9838504550
0.9811513685
0.9768247892
0.9889256917
0.9970086343
0.9937937194
0.9945193117
1.0038345358
1.0195395227
1.0232087706
1.0118404752
1.0019571777
0.9976399882
0.9916475727
0.9734617792
0.9388937933
0.9078167187
0.8891004806
0.8915610268
0.8725438070
0.8566285743
0.8864243601
0.9317938621
0.9605675651
0.9690110673
0.9858663679
0.9981462063
0.9995389171
0.9945353387
0.9731892685
0.9434890467
0.9278297554
0.9219007246
0.9168063593
0.9219733657
0.9228869856
0.9127289615
0.9006272104
0.8826340039
0.8953967881
0.9170145641
0.9145474234
0.8946923338
0.8769982192
0.8884716177
0.9141386738
0.9420792970
0.9666769758
0.9779766049
0.9843167699
0.9905440518
0.9929145965
0.9895028854
0.9785988133
0.9693356366
0.9624831952
0.9567659286
0.9696382641
0.9785615180
0.9844407604
0.9797761627
0.9698469790
0.9666382138
0.9637658165
0.9549004793
0.9451372354
0.9326964167
0.9257987245
0.9335970359
0.9448784442
0.9610549824
0.9876356252
1.0055154131
1.0044504389
1.0008375818
0.9962368554
0.9852071412
0.9828519478
0.9899963704
0.9756124074
0.9544610993
0.9733721340
0.9890094858
0.9788746489
0.9840630589
0.9879269749
0.9813945708
0.9874394338
0.9854023182
0.9817470192
0.9929372265
1.0106734769
1.0259922353
1.0359413200
1.0373258349
1.0297768038
1.0250157642
1.0269381982
1.0204028890
1.0115297260
1.0086592513
0.9866895417
0.9746265648
0.9636530270
0.9348303906
0.9260766348
0.9378857155
0.9609111922
0.9768536615
0.9809819239
0.9953108958
1.0357247757
1.0552534731
1.0334969164
1.0287782165
1.0086601799
0.9967864284
0.9709213738
0.9452595514
0.9598351709
0.9543116946
0.9532525444
0.9603964902
0.9699305872
0.9721498926
0.9661521892
0.9648231681
0.9595960357
0.9451880334
0.9411705377
0.9534992166
0.9674688067
0.9738122380
0.9674546384
0.9589505151
0.9724471946
0.9670883227
0.9572744217
0.9290567059
0.9040599041
0.8776066817
0.8403047991
0.8388744108
0.8436541053
0.8454313881
0.8529823194
0.8693819509
0.8617916546
0.8434552524
0.8200821545
0.7911767995
0.7435111476
0.6775431672
0.6287881006
0.6112222914
0.6232321460
0.6676787641
0.7333682458
0.7995037074
0.8726238677
0.9102876359
0.9386400534
0.9499565039
0.9604346323
0.9799898633
0.9922373723
0.9813945105
0.9722921544
0.9697158678
0.9631125060
0.9533652388
0.9482110243
0.9410846845
0.9199939628
0.8969797048
0.8990204170
0.9287813406
0.9511710907
0.9697429564
0.9911358060
1.0141217077
1.0137369874
1.0180614021
1.0246739423
1.0093097611
1.0005311852
0.9940469097
0.9745194407
0.9737645617
0.9910154532
0.9928961117
0.9836167337
0.9739406522
0.9581228492
0.9498354056
0.9474029478
0.9373519211
0.9172858671
0.9203308148
0.9405515694
0.9628723960
0.9895440530
0.9862072760
0.9864469740
0.9721171581
0.9651385649
0.9575717388
0.9455395447
0.9505199075
0.9556564952
0.9535674777
0.9663609828
0.9883228689
1.0011736395
1.0113489570
1.0125816022
1.0039260157
0.9877940848
0.9799416893
0.9543571960
0.9413679774
0.9377588154
0.9260435649
0.9299311111
0.9488723134
0.9732707637
0.9946750020
0.9996189148
1.0051839991
1.0021303479
0.9860770936
0.9752177386
0.9622738968
0.9294564032
0.8887236836
0.8453440507
0.7979631973
0.7661413708
0.7732300165
0.8079880503
0.8525119793
0.8841912906
0.9163185643
0.9309538970
0.9351697366
0.9475118589
0.9676329524
0.9793595501
0.9778501474
0.9784069884
0.9850186779
0.9869629981
0.9751214922
0.9509000111
0.9255119857
0.9100697731
0.9062534178
0.9018573854
0.9027729173
0.9108517320
0.9182785116
0.9092285249
0.9164384396
0.9086741056
0.9221146356
0.9162263267
0.8974465215
0.8865798062
0.8804724172
0.8804081908
0.8744229432
0.8769759334
0.8956662010
0.9063634978
0.9042660832
0.9032153742
0.9145224689
0.9147520051
0.9009754132
0.8953355841
0.9052020017
0.9363158653
0.9697251604
0.9966703277
1.0155222741
1.0234017278
1.0194703574
1.0112902342
1.0115597339
1.0004968715
0.9776499369
0.9441803574
0.9134399203
0.9087459097
0.9159912695
0.9142099476
0.9095930090
0.8982348769
0.8811254012
0.8560086129
0.8368970577
0.8409645592
0.8384925215
0.8664724542
0.8929625220
0.8812343670
0.8680538686
0.8655645963
0.8796863895
0.8971868154
0.9200021371
0.9487666012
0.9729306163
0.9883438510
0.9979925556
1.0002829560
0.9884258760
0.9740584096
0.9621695984
0.9474794526
0.9169385646
0.9068798792
0.9017495049
0.9156142050
0.9171777237
0.9210245942
0.9256207870
0.9363399119
0.9447256998
0.9431877218
0.9392279386
0.9359625419
0.9406619032
0.9488412067
0.9472519137
0.9492792914
0.9535246981
0.9524880967
0.9634490070
0.9731017541
0.9725869551
0.9527411363
0.9437881849
0.9386723945
0.9272183405
0.9315984340
0.9545302992
0.9721353754
0.9781789231
0.9636995463
0.9481626850
0.9424975331
0.9453057107
0.9493069835
0.9438101171
0.9372041283
0.9401034983
0.9566163597
0.9641116788
0.9542300000
0.9545077707
0.9644715877
0.9912515431
0.9823531417
0.9722413922
0.9630480128
0.9458370731
0.9195162844
0.8999298853
0.8947590485
0.9020189692
0.9078491113
0.9228900442
0.9506020691
0.9608963081
0.9550528210
0.9592785628
0.9650414905
0.9624757001
0.9613961790
0.9826469675
0.9905186654
0.9890653584
0.9787338963
0.9829768202
0.9924407497
1.0014681231
1.0153464264
1.0196338947
1.0194728540
1.0053734044
0.9838238278
0.9696898956
0.9572831052
0.9409375829
0.9279247476
0.9175098449
0.9009071531
0.8799655038
0.8739008838
0.8660695992
0.8547235346
0.8372808656
0.8479411545
0.8558217272
0.8564016876
0.8663448083
0.8975666480
0.9100200318
0.9198594243
0.9281566375
0.9259721872
0.9252132542
0.9359920934
0.9468015280
0.9532190763
0.9671878785
0.9759837304
0.9986326737
1.0082936682
1.0225102852
1.0316796455
1.0204351500
0.9999097229
0.9958828250
0.9734336855
0.9604953076
0.9705006865
0.9829354649
0.9892530296
0.9872144243
0.9966874302
1.0118696058
1.0148747040
1.0148520637
1.0034724279
0.9758480526
0.9843687795
0.9883238914
0.9884401168
0.9747646444
0.9841441704
0.9914728540
0.9798306464
0.9592623065
0.9432854061
0.9148546742
0.9125041164
0.9074540451
0.9129560858
0.9228018293
0.9305419841
0.9427377712
0.9555855094
0.9694615420
0.9847552879
0.9835275138
0.9752970702
0.9657741005
0.9434444455
0.8908400348
0.8176612628
0.7089204665
0.6186365428
0.5552541812
0.5432011451
0.5719146546
0.6358912022
0.7084886908
0.7790393041
0.8527066525
0.9067082992
0.9298390592
0.9455717436
0.9667951487
0.9761798226
0.9668639195
0.9643816628
0.9770487745
0.9942518483
0.9976037625
1.0061787688
1.0075035816
0.9932468636
0.9900481143
0.9974680459
0.9916784757
0.9713280241
0.9526072520
0.9441549187
0.9492474706
0.9447802869
0.9374584712
0.9315923029
0.9275228756
0.9338042819
0.9372797447
0.9633455073
0.9814505229
0.9939385658
1.0009714137
1.0167135308
0.9896653158
0.9961676194
0.9803333578
0.9822628352
0.9906745887
0.9897869495
0.9868187713
0.9987803528
0.9989202442
0.9945041783
0.9998388484
0.9962547451
0.9799941340
0.9555230605
0.9152349085
0.8879982805
0.8637288534
0.8574349171
0.8529184138
0.8793997996
0.9096794485
0.9322669846
0.9616299727
0.9638024946
0.9531180714
0.9528020358
0.9708145382
0.9923319224
0.9987410748
0.9884090373
0.9788963549
0.9697911461
0.9441745155
0.8897794586
0.8147303062
0.7564582765
0.7088383352
0.6937590929
0.7009093069
0.7384765035
0.8116352717
0.8536708170
0.8924149288
0.9406845976
0.9622039988
0.9816408674
0.9927792415
0.9993776230
0.9991721021
0.9918016331
0.9907855189
1.0058810237
1.0126160890
0.9818502732
0.9514964963
0.9639237432
0.9469282530
0.9172747952
0.9016155198
0.9116353287
0.9365620978
0.9255691229
0.9149745521
0.9240169445
0.9504640861
0.9871399747
0.9971267070
0.9929797776
0.9779040926
0.9685616876
0.9625253006
0.9392573248
0.9086218049
0.8921440323
0.8824874022
0.8746897754
0.8780902935
0.8825704305
0.8904502967
0.9186235071
0.9434009455
0.9564937249
0.9517501985
0.9513298949
0.9357787076
0.9187401994
0.9128416543
0.8989127035
0.8719574170
0.8474311830
0.8406266488
0.8461657565
0.8503870979
0.8578644960
0.8807329877
0.9042560821
0.9052472745
0.9137745395
0.9353494456
0.9522795953
0.9486184609
0.9314750395
0.9350045779
0.9283132261
0.9077572111
0.9035007779
0.9141213924
0.9197862636
0.9286277914
0.9412174919
0.9557515683
0.9686976423
0.9719630542
0.9705713509
0.9690140528
0.9596927282
0.9585371887
0.9512432571
0.9495758818
0.9387329539
0.9325502865
0.9039933305
0.8809340689
0.8852687388
0.8977011418
0.9084388293
0.9193658188
0.9323282003
0.9420268847
0.9457399831
0.9524735217
0.9642404141
0.9762707579
0.9779516588
0.9688050058
0.9766852168
0.9970001977
1.0004638044
0.9804782070
0.9625639594
0.9561663268
0.9839530599
0.9658625511
0.9410221932
0.9347023057
0.9291975322
0.9386223338
0.9660068062
0.9786351406
0.9843810309
0.9720319691
0.9518072313
0.9369156229
0.9273479946
0.9392203423
0.9504912425
0.9457852737
0.9808391257
0.9883537035
0.9700848188
0.9773883316
0.9726259973
0.9689257632
0.9818824245
0.9909357069
0.9933578587
0.9928135858
0.9886551136
0.9794181845
0.9729449293
0.9643546010
0.9467501917
0.9228656253
0.8967128699
0.8768515334
0.8651842583
0.8475487267
0.8482123540
0.8458472480
0.8576537186
0.8578964041
0.8510493624
0.8475101116
0.8613932044
0.8602951467
0.8507833696
0.8668751085
0.8937644537
0.9141967816
0.9283092522
0.9360260250
0.9504085404
0.9639901677
0.9557296879
0.9441982156
0.9536472012
0.9651987531
0.9673138210
0.9858929300
0.9956754583
0.9896507994
1.0066068338
0.9957909298
0.9994124781
1.0029608628
0.9989703668
0.9624681319
0.9133791195
0.8879112658
0.8772870321
0.8838933755
0.9044729104
0.9206045688
0.9358015065
0.9533924377
0.9559966492
0.9553829481
0.9562217593
0.9349744695
0.9286744783
0.9330185002
0.9452003672
0.9423779032
0.9386680819
0.9324103494
0.9320020672
0.9170451234
0.9025038874
0.8960954972
0.9056480613
0.9089384651
0.8903746815
0.9045238807
0.9516919631
0.9485644720
0.9171734931
0.9303265917
0.9409238788
0.9423611955
0.9411622167
0.9408161258
0.9422301620
0.9444217912
0.9490442021
0.9562856901
0.9714590873
0.9668563837
0.9575420634
0.9679490875
0.9716491733
0.9655603548
0.9631452112
0.9507988597
0.9308181313
0.9288281319
0.9416183862
0.9523499966
0.9542200221
0.9786645837
0.9847432118
0.9816152508
0.9510864049
0.9276745531
0.9228866775
0.9259016434
0.9452112886
0.9432914908
0.9499356178
0.9619698296
0.9655481957
0.9667836504
0.9809257419
0.9840317560
0.9594324972
0.9377704294
0.9327033254
0.9294753637
0.9293536410
0.9311117214
0.9473361500
0.9563697084
0.9660111023
0.9589283408
0.9491877975
0.9283411314
0.9210866020
0.8997670567
0.8649940864
0.8265036721
0.7601582157
0.6735746082
0.5948714652
0.5374640908
0.5185212172
0.5504041745
0.6150491790
0.6889923635
0.7575523978
0.8273713318
0.8802200646
0.9321480095
0.9668735354
0.9738188589
0.9658333076
0.9559522683
0.9210234246
0.8985750630
0.9014236879
0.8952224289
0.8970265970
0.9170566190
0.9277560068
0.9357860669
0.9578312723
0.9763885327
0.9805083276
0.9778630569
0.9757283560
0.9740462624
0.9766277197
0.9648662782
0.9057360229
0.8720668656
0.8647049499
0.8473882206
0.8444592461
0.8437246780
0.8641716456
0.8947681741
0.9132569776
0.9339528716
0.9587588566
0.9635154192
0.9471594545
0.9381862941
0.9457294416
0.9534543528
0.9608244707
0.9631957693
0.9459624823
0.9302033973
0.9218634522
0.9094153113
0.9088264601
0.9063198277
0.9246037105
0.9172302619
0.9381873996
0.9661553164
0.9823978334
0.9894985173
0.9808028337
0.9537363896
0.9351241433
0.9260594161
0.9084968023
0.9037589954
0.8940540731
0.8732527291
0.8698888207
0.8753435568
0.8886882388
0.9263369987
0.9526372919
0.9571628472
0.9604099883
0.9686663483
0.9554042456
0.9423895634
0.9383939808
0.9577834040
0.9670439524
0.9637684100
0.9514211517
0.9450634450
0.9638311029
0.9642163687
0.9558185524
0.9329178351
0.9208891410
0.9447498344
0.9214394999
0.9017641652
0.9189204384
0.9262123259
0.9290918359
0.9283559823
0.9305117613
0.9416019441
0.9423261499
0.9406998623
0.9332676267
0.9318883089
0.9409362357
0.9383155110
0.9279776169
0.9380860374
0.9600484537
0.9613910294
0.9675350744
0.9990623251
1.0268418139
1.0158390543
1.0257870122
1.0090205949
0.9671196748
0.9458532526
0.9329725684
0.9344760012
0.9447592483
0.9526893099
0.9593590161
0.9738321647
0.9953166473
1.0113615424
1.0178463436
1.0158721715
0.9974985884
0.9800559383
0.9725550579
0.9484251870
0.9062288909
0.9248230552
0.9264349231
0.9119722039
0.9023133793
0.9008002724
0.8975229240
0.9176513769
0.9308009059
0.9290200443
0.9352737032
0.9521015688
0.9663700118
0.9724624771
0.9691359522
0.9560698674
0.9416781328
0.9367122502
0.9188655372
0.9037789286
0.9026729449
0.8755656230
0.8964589895
0.8944864263
0.8835547189
0.8941040902
0.8995867024
0.9237592791
0.9404093275
0.9549058282
0.9915417361
1.0152733034
1.0216207597
1.0272742941
1.0186532794
1.0058033660
0.9961323234
0.9765499692
0.9478181540
0.9401039662
0.9382647499
0.9654459477
0.9556925230
0.9632774580
0.9520158068
0.9522591717
0.9626758140
0.9488121237
0.9378810082
0.9217571937
0.9173682793
0.9102432241
0.8986855026
0.9084344666
0.9345508326
0.9570180252
0.9669084212
0.9662181404
0.9655522134
0.9567541508
0.9416073143
0.9259343765
0.9292231289
0.9372059451
0.9446219173
