#flux
0.9844739248
1.0192120885
1.0259731331
0.9904608482
0.9805439942
0.9703854754
0.9745415984
1.0103468417
0.9983684376
0.9876746986
0.9800041388
0.9857462762
1.0035838936
1.0100929911
0.9896032651
0.9627451180
0.9659557684
0.9934935940
1.0126299736
1.0201573658
0.9712357225
0.9959973006
0.9952488407
0.9902625289
0.9557943732
0.8899721983
0.8694239148
0.8620093453
0.8825283660
0.8947120911
0.9130942929
0.9669338394
1.0082471039
1.0046796261
0.9927643781
0.9888199946
0.9828420121
0.9739085424
0.9345022554
0.9395335356
0.9591062355
0.9941299814
1.0092009175
1.0165011231
1.0310324340
1.0094227155
1.0017457500
1.0135984969
1.0046148777
0.9822959646
0.9815858622
0.9963921984
0.9932935170
0.9651831417
0.9473703347
0.9569440835
0.9636820938
0.9648228477
0.9823428936
1.0052527428
1.0109937689
1.0288008256
1.0499547827
1.0080203080
0.9422047080
0.9669002355
0.9634367419
0.9202525501
0.8655217136
0.7934661960
0.7310870392
0.7184161254
0.7625023635
0.8430251747
0.9283179299
0.9732882733
0.9584811551
0.9313110925
0.9041865765
0.9052529563
0.9198461636
0.9355818665
0.9487460881
0.9514483513
0.9540994704
0.9126284036
0.9128335507
0.9882543870
0.9912620472
0.9291424835
0.8855201952
0.8829134094
0.9048358317
0.9195336925
0.9334049785
0.9832361369
0.9956395411
0.9314148609
0.8303673260
0.7644392246
0.7189909484
0.6962372808
0.7434660973
0.8055878671
0.8725242763
0.9137460790
0.9929426274
1.0488589148
1.0310238410
0.9913050878
0.9543530634
0.8948266187
0.8653432379
0.9149403859
0.9562707064
0.9378256565
0.9180028362
0.9266126375
0.9674101496
0.9747776683
0.9703290897
0.9874294702
0.9884864124
1.0214297246
0.9784660739
0.9759037718
0.9867108337
0.9664811126
0.9648274586
0.9942631946
0.9968522358
0.9505202999
0.9053105062
0.8810897152
0.8725521794
0.9316446590
0.9332804883
0.9172902289
0.9478370598
0.9711654235
0.9893804184
1.0024047920
0.9674649796
0.9567682383
0.9691950798
0.9846076377
0.9895733360
0.9645954134
0.9545176490
0.9816664031
1.0112850981
1.0141493025
0.9919006842
0.9736232242
0.9867580104
0.9843157184
0.9342412844
0.8816210447
0.8434963348
0.8207560107
0.8075022110
0.8222796987
0.8708290460
0.9010625033
0.8894289856
0.9150224235
0.9561087630
0.9420915345
0.9354716618
0.9517426228
0.9404698407
0.9216102176
0.9078771358
0.8770247759
0.8722296018
0.8907956093
0.8736149611
0.8847149626
0.9333093778
0.9653563518
0.9744908196
0.9749103150
0.9866923164
1.0181451901
1.0351558894
1.0118934653
0.9377291141
0.8867680843
0.8821598689
0.9007681028
0.9248649967
0.9326412205
0.9429619866
0.9638959088
0.9530761511
0.9288097845
0.9566404938
0.9177065162
0.8768327466
0.8135525154
0.7843095334
0.7545658458
0.6834618252
0.6000386907
0.5329500450
0.4499625343
0.3611618983
0.2946913355
0.2564177101
0.2490412330
0.2541216562
0.2369731371
0.2129801272
0.1988114041
0.1839539665
0.1609283021
0.1428988936
0.1673257862
0.1993203449
0.2395039651
0.2909101133
0.3140499453
0.3622369211
0.4407609954
0.5203588077
0.6042051998
0.6934024117
0.7941833899
0.8618794362
0.8573758578
0.8518963875
0.8725827103
0.8415541449
0.8271080060
0.8513076262
0.8774927633
0.9055290570
0.9363163999
0.9753368246
0.9803330653
0.9580024944
0.9595664893
0.9360030644
0.9309835636
0.9405737886
0.9453267467
0.9636712841
0.9794350179
0.9624970819
0.9568557473
0.9803426514
0.9643075664
0.9749180499
0.9934798613
1.0149024075
1.0017763217
0.9581401120
0.9051856056
0.8716887243
0.8952939842
0.9066960381
0.9147618856
0.9053689719
0.9095971555
0.9365866081
0.9829955722
1.0036215478
0.9825187322
0.9826481010
1.0106267633
1.0057724876
0.9981189078
1.0007168618
1.0321498765
0.9806624255
0.9772830531
0.9413592238
0.9517852126
0.9801657652
0.9767786438
0.9771810582
0.9872834555
0.9720051208
0.9534572454
0.9676886029
1.0039117582
1.0241386034
1.0163538358
0.9911027719
0.9700263100
1.0044066423
1.0530257239
1.0083746106
0.9319734185
0.9470774245
0.9580062472
0.9988558874
0.9607669575
1.0067402758
1.0270723094
1.0045174287
1.0061557469
1.0256531669
1.0141152774
1.0021619026
1.0066253645
1.0045884977
1.0153778264
1.0380130028
1.0096974790
0.9428015899
0.9410534190
0.9556911072
0.9756379316
1.0081005348
0.9860179570
0.9410433098
0.8972462623
0.8255496043
0.7722183594
0.7208352900
0.7387217236
0.8026801144
0.8583046472
0.9038921883
0.9512841176
0.9884579227
1.0015213402
1.0042329955
1.0036670816
0.9581813770
0.9302945134
0.9172549454
0.9321538529
0.9703575881
0.9786327591
0.9895064808
0.9946017049
0.9663840843
0.9538532641
0.9665192227
0.9629612431
0.9382587325
0.9322594258
0.9496623950
0.9664640101
0.9569539656
0.9234562326
0.9485238334
0.9855189775
0.9768040978
0.9804747481
0.9630686103
0.9772239456
0.9941341411
0.9637355015
0.9748272440
1.0155496344
1.0338594301
1.0214361063
1.0159868068
1.0208543730
1.0109267899
1.0008804971
1.0088041004
1.0135763369
1.0081285992
0.9995448554
0.9731628581
0.9669718518
0.9613053760
1.0209872930
1.0452300362
1.0186409200
0.9896621624
0.9392275491
0.8912465307
0.8201451113
0.7135492488
0.6038375830
0.5522679608
0.6166781014
0.7386649504
0.8368142849
0.9198936734
0.9984207406
1.0362564850
1.0265204958
1.0096183851
1.0133400392
1.0543091225
0.9817705501
1.0540007420
1.0429639347
1.0294468897
0.9840427214
0.9718414743
0.9904911670
0.9952149472
0.9752178398
0.9285914153
0.8420267042
0.7492323293
0.6994218157
0.7033914892
0.7640143108
0.8555092077
0.9302873919
0.9904664495
0.9838147106
0.9683770609
0.9653833274
0.9469218080
0.9059730499
0.8252925053
0.7618903125
0.6904754208
0.6631564452
0.6859977377
0.7472876048
0.8148227418
0.8732156707
0.9360470046
0.9800789110
0.9699669921
0.9530898816
0.9709694365
0.9774497180
1.0034443044
1.0319599441
0.9897195701
0.9699905627
1.0216489576
1.0440094771
1.0208476314
0.9841390580
0.9500750030
0.9320657260
0.9276426812
0.9161832947
0.9068525039
0.9353519199
0.9966667194
1.0220722342
0.9857546652
0.9699597533
0.9689939068
0.9668736982
0.9810376859
0.9780546566
0.9829209575
0.9997086838
1.0102448383
1.0228863796
0.9942970898
0.9640483986
0.9577952392
0.9709274682
0.9933622231
0.9876160548
0.9564401428
0.9580574447
1.0006523869
1.0250772980
1.0112887617
0.9970979157
1.0078635747
1.0114346536
0.9921424085
1.0516657596
1.0645726260
1.0422470928
1.0336776294
1.0310616576
1.0195143772
1.0196647227
1.0247394990
1.0163199598
0.9939420872
0.9762443322
0.9754409159
0.9704567075
0.9527029579
0.9693578588
1.0096908469
0.9879572943
0.9566085542
0.9607180533
0.9688442984
0.9498138833
0.9774861773
1.0191078576
1.0154536612
0.9766211234
0.9384852915
0.9281811707
0.9671320329
1.0036264072
1.0058230756
0.9902860662
0.9746051169
0.9641021427
0.9588676186
0.9678050635
0.9703168690
0.9583238473
0.9766147373
1.0205489082
1.0198833000
1.0031951898
1.0055865579
0.9612456829
0.9622120603
0.9857795329
0.9749955997
0.9309499941
0.8987721834
0.8601427077
0.8011853658
0.7615286880
0.7688627441
0.8133690045
0.8676702294
0.9127092350
0.9526725151
0.9842878419
0.9849473193
0.9873603801
0.9942330654
0.9586551863
0.9624716555
0.9745757104
0.9716490927
0.9604243585
0.9433455397
0.9501273618
0.9706105983
0.9645986414
0.9673282257
0.9946755790
0.9918129281
0.9835933143
0.9872440816
0.9869292445
0.9646710308
0.9660629032
0.9952952712
0.9540414770
0.9613869683
0.9608898602
0.9561875591
0.9739289799
0.9767602165
0.9745356622
0.9622495613
0.9597555059
0.9837344586
1.0019734362
0.9899747254
0.9664074622
0.9448873365
0.9325503099
0.9420518770
0.9567718594
0.9721694855
0.9588904743
0.9681177450
1.0209464885
1.0062356292
0.9477407052
0.9404912033
0.9479755699
0.9431109290
0.9399537629
0.9432944368
0.9545185889
0.9839623709
1.0062278364
1.0124195037
1.0316032031
1.0280696702
0.9988097207
0.9843375848
0.9892739954
0.9816285158
0.9638332830
1.0090742221
0.9898413881
0.9734251174
1.0081553651
1.0144297200
0.9967745031
0.9922963377
0.9781155942
0.9705727001
0.9846947006
0.9968881193
0.9954452064
0.9930734429
0.9958336374
0.9884594068
0.9472474224
0.8897827032
0.8587596923
0.7612791167
0.7081093671
0.7296183197
0.8377205325
0.9424444696
0.9734014406
1.0215659372
1.0371720439
1.0088987237
0.9741273127
0.9499746698
0.9555847986
0.9927096996
1.0164909336
0.9971612485
0.9607507512
0.9473377954
0.9551991485
0.9721513858
0.9518010195
0.9760039233
1.0042491059
1.0334437946
1.0400188253
1.0281996410
1.0148049672
0.9997551594
0.9964208232
1.0120699915
1.0279142701
1.0483194189
1.0725044599
1.0453574617
0.9786401510
0.9719383815
0.9864828197
1.0157076239
1.0110343330
0.9675095978
0.9569964552
0.9767327462
0.9970367080
1.0082046588
1.0200111660
1.0084464599
0.9735490945
0.9600401479
0.9600136021
0.9468176583
0.9297107591
0.9554924551
0.9895527023
0.9876739786
1.0106503658
1.0168610597
1.0026687683
1.0210796375
1.0148196772
0.9979748295
1.0050361356
1.0117157761
0.9876185686
0.9614990715
0.9584580059
0.9621906003
0.9651599067
0.9360664260
0.9330542966
0.9898388957
1.0281841858
1.0168241358
1.0138589388
1.0160925043
0.9981331889
1.0050487297
1.0012557418
0.9841651015
0.9806594497
0.9949321466
1.0043999755
0.9977487957
0.9819944133
0.9490016193
0.9149120538
0.9411001137
0.9771735749
0.9837886809
0.9891242780
0.9971809995
0.9896531391
1.0040379349
1.0469462467
1.0349942053
0.9911939115
0.9765035656
0.9868152554
0.9968404970
0.9956783849
0.9750322429
0.9618893857
0.9551837778
0.9338229270
0.9367135531
0.9319441139
0.9224783078
0.9204263889
0.9311160761
0.9184361884
0.8450703344
0.7297180844
0.6329321159
0.5934714359
0.5889676601
0.6105871853
0.7260240517
0.8642617459
0.9328504923
0.9187697677
0.9259597543
0.9783495194
0.9912232492
0.9885393289
0.9573944625
0.9084428020
0.8475298836
0.7483150865
0.6652063368
0.6243233386
0.6143058401
0.6659339541
0.7792541007
0.8957638190
0.9728197630
0.9879245329
0.9951748960
0.9943926862
1.0045607962
1.0181952391
1.0136510048
1.0187944469
1.0334460366
1.0337436983
1.0239934096
1.0142388685
0.9744953703
0.9362793513
0.9440965915
0.9414018109
0.9395970357
0.9890866595
0.9800982233
0.9289359529
0.9075611327
0.9323532049
0.9740990661
0.9796027670
1.0040937974
1.0047703837
0.9541178398
0.9269294730
0.9405188729
0.9578653893
0.9819192219
1.0151541841
1.0258302043
1.0190660061
1.0097472426
0.9810461345
0.9554311329
0.9708949830
0.9820480895
0.9981429575
1.0330350992
1.0192025704
1.0100315957
1.0474630494
1.0607580219
1.0327250869
1.0250712360
1.0199182173
1.0106046076
1.0056645513
0.9949318359
0.9878265460
0.9692527305
0.9401657531
0.9070552814
0.8546936452
0.8103697967
0.8238105033
0.8534051719
0.8756736436
0.9671425638
1.0124451369
1.0660307855
1.0086033700
0.9818478132
0.9911268202
0.9818644857
0.9422904876
0.9475308673
0.9809579931
0.9755840596
0.9366994603
0.9044629393
0.8802881836
0.8550464805
0.8550480121
0.8930114062
0.9319548971
0.9634409153
0.9379179314
0.8569676340
0.7794651896
0.7251133763
0.7455114132
0.7860327890
0.8763678077
0.9882523432
1.0226936571
1.0080124571
1.0080906567
1.0305418492
1.0381617445
1.0147190895
0.9794428003
0.9645664803
0.9840965365
1.0049497878
0.9970845167
0.9777090118
0.9611742951
0.9965323635
1.0119501075
0.9962241424
0.9966466389
0.9998070811
0.9836656221
0.9944630189
0.9568673484
0.9857086819
1.0175517071
1.0191047462
1.0213872412
1.0111485513
0.9892432114
0.9809580038
0.9801769770
0.9985470732
1.0150030279
0.9889503204
0.9506858640
0.9714190474
0.9906538871
0.9772243379
0.9962879670
0.9986821937
1.0333272995
1.0454712785
1.0213863696
1.0262284242
1.0114436877
1.0078190782
1.0166615516
0.9823065022
0.9476830099
0.9351427415
0.9080547320
0.9266563375
0.9597505464
0.9764465412
0.9929358301
1.0079580257
0.9788083133
0.9765503220
0.9936346493
1.0159926816
1.0223086867
1.0257086550
1.0343975729
1.0352353291
1.0197828761
0.9757910028
0.9358056880
0.9439276096
0.9796398559
1.0103233888
1.0105957284
0.9937912184
0.9492927177
0.9301796995
0.9249315122
0.9737173324
1.0129444148
0.9922325131
1.0014328100
0.9616069954
0.9500192939
0.9586083644
0.9590712699
0.9391738992
0.9152375696
0.9011470595
0.8741290648
0.8195778474
0.7594020367
0.7189191750
0.7636451237
0.8754367911
0.9414844811
0.9838652953
1.0328020123
1.0322676619
1.0139997075
1.0186680856
1.0286842434
1.0197736991
1.0191970589
1.0250266966
0.9970159502
0.9746258758
0.9698203344
0.9775008650
0.9867918139
0.9797898459
1.0039211558
0.9365073905
0.8954636589
0.8524139783
0.8426580731
0.8669978685
0.8975801109
0.9352809223
0.9622235048
0.9809142422
1.0046424107
1.0194278715
1.0347516551
1.0342557082
1.0034639183
0.9769791019
0.9731641463
0.9728165923
0.9617490417
0.9158597033
0.8579765690
0.8998818345
0.9396619567
0.8992745930
0.9885409206
1.0385004234
1.0270706487
0.9869585433
0.9366227520
0.9681853363
1.0047376910
1.0149227320
1.0019373899
0.9843232226
0.9492287157
0.8975413004
0.8564611513
0.8385564711
0.8344291747
0.8233268644
0.8535838831
0.9518555949
0.9929901598
0.9982972021
0.9774754621
0.9762027907
1.0147556901
1.0099766950
0.9843090425
1.0049568559
1.0171883652
0.9800918355
0.9243457912
0.8616506419
0.7946415969
0.7296737393
0.6923420746
0.7170128883
0.7804999223
0.8537417663
0.8629760365
0.8593828151
0.9077420736
0.8585243841
0.7855062475
0.7472440098
0.7725303916
0.7887798382
0.8521101456
0.9227402922
0.9885695354
1.0126661683
1.0338661310
1.0522710574
1.0420773293
1.0302494792
1.0222624460
1.0116612571
1.0383097368
1.0510597082
1.0343530640
1.0252866655
0.9717753680
0.9532602508
0.9614493518
0.9789703613
0.9968454803
1.0137514288
1.0032541805
0.9431609865
0.8980639997
0.9211316836
0.9663551269
0.9774147718
0.9686861265
0.9719243262
0.9823317131
0.9900244635
0.9929359946
0.9722987692
0.9694146062
0.9966386251
0.9666218961
1.0284441738
1.0065913107
0.9857638825
1.0013633716
1.0114490905
1.0286327567
1.0224375206
1.0165574568
1.0310623045
1.0440323658
1.0043283373
0.9712841824
1.0210101846
1.0304986403
1.0125665955
1.0174385382
1.0338716908
1.0076607389
0.9946799714
1.0186846574
1.0068198086
0.9680716547
0.9504285950
0.9222556924
0.9116544302
0.9106413437
0.9099555621
0.8991253963
0.9053425789
0.8907047099
0.8195349286
0.7894946272
0.8371534499
0.8553689245
0.8768251551
0.9314432637
0.9429078430
0.9673909689
1.0139716292
1.0269452248
1.0040580948
0.9822054323
1.0164371612
1.0336939208
1.0316569076
1.0137049111
0.9844413709
0.9782696599
0.9898913327
1.0008159279
0.9895513046
0.9791840755
1.0607174253
1.0867987834
1.0511113493
1.0197429986
0.9730836543
0.9983602165
0.9808243955
1.0105184896
1.0298417696
1.0294659865
1.0219489160
1.0306592101
0.9880832789
0.9554991170
0.9528441070
0.9755608823
1.0005238372
0.9975173920
0.9779552913
0.9664002682
0.9983158648
0.9588575701
0.9732562935
0.9860912655
1.0383281671
1.0145174065
1.0146709571
0.9912447926
0.9900235663
0.9905197244
0.9691715194
0.9806020918
0.9923486251
0.9871972316
0.9897216511
0.9848640511
0.9643328231
0.9554525950
0.9646252559
0.9918944670
0.9892337335
0.9622496619
0.9740093575
0.9556588173
0.9132075254
0.9133009058
0.9600995409
0.9967738548
1.0064528652
1.0253045925
1.0126392503
0.9814936459
0.9639096135
0.9514940895
0.9333511644
0.9037087707
0.8953520439
0.9500626678
1.0009101509
1.0132345715
1.0494462182
1.0157282962
0.9544367275
1.0041024147
1.0461455610
1.0673974915
1.0132052411
0.9568504758
0.9576397298
0.9763833449
0.9752630295
0.9755872781
0.9646615317
0.9578980300
0.9781955149
0.9941097021
0.9932891183
1.0042733030
1.0039873989
0.9732357894
0.9520301833
0.9751348462
0.9983982590
0.9990956888
1.0230835982
1.0226235777
1.0307777614
0.9854072766
0.9979375580
1.0210102365
0.9892653334
0.9972017913
1.0374375374
1.0159047014
0.9925104885
1.0224336106
1.0132489536
0.9836287530
0.9604456305
0.9599112896
1.0444498701
1.0330693681
0.9853746697
0.9379485398
0.9539519506
0.9508186321
1.0163111777
1.0177301120
1.0516993648
1.0580951063
1.0202902950
0.9934926372
0.9685111099
0.9507150752
0.9696818723
0.9877687092
0.9885912975
0.9984440274
1.0069666104
1.0099133567
0.9743098320
1.0172898628
0.9987226011
1.0306828383
0.9941806124
0.9754243777
0.9994225083
0.9966172811
0.9596411151
0.9269987860
0.9500856592
0.9726417120
0.9636795310
0.9666946294
0.9981409884
1.0229474705
0.9822691821
0.9783167920
0.9675146154
0.9570440053
0.9711546088
0.9596726089
0.8956475392
0.9049682397
0.9634374966
0.9540819299
0.9365525655
0.9510526828
0.9728297147
0.9958752188
0.9831994974
0.9688656679
0.9819026114
0.9777907337
0.9622330230
0.9526686666
0.9414520141
0.9446529735
0.9923735827
0.9721795917
0.9684937460
0.9034254171
0.8946256345
0.8260253366
0.7309012783
0.6827113521
0.6987752801
0.7356137310
0.7961759610
0.8716392607
0.9414319874
0.9898670604
1.0147595884
1.0245287030
1.0234847276
1.0255768768
1.0046400679
1.0073049642
1.0009231603
1.0024834573
1.0243480893
1.0784481435
1.0343247018
1.0229854895
1.0196712428
1.0174943852
0.9985134538
0.9955525435
1.0079160793
1.0178074136
0.9998134727
0.9744840785
0.9722469058
0.9781541739
1.0019828693
0.9751532784
1.0038398893
0.9862871942
1.0258209932
0.9787444493
0.9633528520
0.9656074796
1.0050432015
1.0177693462
1.0175057698
0.9678827531
0.9092137504
0.8523963336
0.8339247602
0.8275079132
0.8423425015
0.8996247310
0.9436954379
0.9913671824
0.9977812077
1.0052184569
0.9600905692
0.9456326122
1.0228737803
1.0315930123
1.0177194345
1.0124336965
1.0300437476
1.0149375055
1.0227438209
1.0167551289
0.9854920674
0.9620068407
0.9688863884
0.9925665463
0.9986858894
0.9908378597
0.9959490202
0.9820309583
0.9671646160
0.9833724986
1.0149618049
1.0366432581
1.0887725533
1.0334253415
0.9460383278
0.9293792385
0.9289410474
0.9420944338
0.9805923538
0.9911360918
0.9542724117
0.8941295321
0.8587974723
0.8582618644
0.8651023676
0.8833856435
0.9153937190
0.9407262605
0.9480185267
0.9599803769
0.9747908410
1.0130713231
1.0106126160
1.0222918032
1.0292078485
0.9968126037
0.9573502806
0.9568901845
0.9821337537
0.9946121247
1.0105296236
1.0057809582
0.9702226006
0.9502350739
0.9521471133
0.9682876942
1.0083840092
1.0300685143
1.0087985931
0.9843793180
0.9481841299
0.9265701967
0.9267707999
0.9703106975
0.9801991116
0.9214069027
0.8967003484
0.9485644559
0.9793481825
0.9689148752
0.9447784283
0.9089846250
0.8667055522
0.8540432188
0.8875868805
0.9031407814
0.8911829072
0.9500386172
0.9771576560
0.9591334251
1.0075390420
1.0120391157
1.0434497606
1.0439653200
1.0350591221
1.0038048272
0.9435796515
0.9021874411
0.9009270075
0.8958285402
0.8667254145
0.8603163531
0.8718732723
0.8466843837
0.8155319798
0.7787270145
0.7413429975
0.7765181505
0.8541703869
0.8390488699
0.8529097515
0.8474550578
0.8621180896
0.8914090643
0.8819151313
0.8960240620
0.9310967381
0.9723991352
1.0007837886
1.0090048096
1.0106106097
1.0076239366
0.9863034491
0.9471400167
0.9131687381
0.9188521131
0.9147361166
0.8897328513
0.8891137424
0.8994310695
0.9038890861
0.8875921836
0.9581484564
1.0096288115
1.0084313269
0.9901076164
1.0011582217
0.9917554303
0.9891768541
0.9923811575
0.9796891545
0.9909110111
1.0018684634
1.0067328725
1.0536613475
0.9875157348
0.9421984507
0.9497351821
0.9484207877
0.9570148795
0.9558974237
0.9528423232
0.9842912770
1.0177094748
1.0409027957
1.0377870843
1.0123671412
0.9917102880
0.9966754450
1.0171038555
1.0205631020
1.0021505715
1.0023057383
1.0293481820
1.0351711313
1.0225338655
1.0389722176
1.0440647350
1.0015801385
0.9752274115
0.9785055714
0.9638946208
0.9843034681
0.9841485371
0.9507117848
0.9568603983
0.9876605544
0.9844959570
0.9707574488
0.9884955806
1.0000770006
0.9777987040
0.9893869270
1.0392868268
1.0194186019
0.9682390545
1.0104158289
1.0023415621
1.0060367934
1.0350679603
0.9970473965
0.9906278466
0.9919412173
0.9699035470
0.9685144962
0.9706796368
0.9611039465
0.9728891734
1.0059243091
1.0103561426
0.9703126021
0.9285315482
0.9154202114
0.8987498961
0.8736901884
0.8338084977
0.8226489142
0.8271599083
0.8538315385
0.8759474538
0.9198308512
0.9451981763
0.9825912645
0.9957228326
0.9998089717
0.9901432644
0.9754948853
0.9570831690
0.9353026910
0.9402199160
0.9645201585
1.0038385615
1.0265720960
1.0069385294
0.9988975950
1.0589542773
1.0527416498
1.0113731774
1.0526846691
1.0526913826
1.0554447792
1.0193188564
0.9927210375
0.9973604668
0.9849303999
0.9728947047
0.9777510488
0.9776251568
0.9835137797
0.9993936830
0.9994013424
0.9855174798
0.9715474071
0.9838046623
1.0317757912
1.0013665673
0.9850729850
1.0325587322
1.0381991971
1.0023044865
0.9848390456
0.9886280027
0.9865009055
0.9612692908
0.9610146799
0.9670006191
0.9382810891
0.9281746343
0.9549932061
0.9611752608
0.9832950041
1.0049182134
1.0172774712
1.0145713978
1.0255550008
0.9664006625
0.8896612043
0.8002136501
0.6839766170
0.5678212337
0.5091354894
0.5425667159
0.6508433707
0.7791985919
0.8836790627
0.9565836012
0.9819343518
0.9637634384
0.9539141906
0.9540684923
1.0001905013
1.0005469719
0.9842157168
0.9328999983
0.9396376054
0.9965224577
1.0215367147
1.0379102838
1.0221514831
1.0416601739
1.0024109456
0.9551570736
0.9385329432
0.9153438675
0.8940033162
0.8938842914
0.8879525143
0.8875609358
0.9207214365
0.9399855389
0.9743431078
1.0011067187
1.0132855135
1.0221888239
0.9874007365
1.0109762917
0.9675704527
1.0129346730
1.0056560285
0.9598602857
0.9612702111
0.9943465981
0.9915710032
0.9906902855
1.0157546975
1.0095399484
0.9945966515
1.0258444577
1.0339523915
1.0052622632
1.0079221267
0.9476491170
0.8712231426
0.8834261063
0.8777970779
0.8377237081
0.8366415080
0.8767640664
0.9083966698
0.9107955137
0.9366508121
0.9545045669
0.9612313582
0.9858995039
1.0032594548
0.9904432999
0.9792139174
0.9923554402
0.9943346974
0.9934855518
1.0081474957
0.9979814573
0.9041908702
0.8463951660
0.8429613684
0.8465219331
0.8433127932
0.8787618526
0.9350629558
0.9843607420
0.9964802049
0.9951561242
1.0139729100
1.0214789116
0.9977927254
0.9831661680
0.9882145570
1.0110850701
1.0060382789
0.9989750329
0.9839929261
1.0220331229
1.0086915700
0.9879070604
0.9838724566
0.9817258231
0.9581167060
0.9312310208
0.9618002572
1.0155478868
0.9951268845
0.9585540749
0.9955850021
1.0283278265
1.0041892727
0.9996316815
0.9877385002
0.9929079766
0.9373938504
1.0076786825
0.9960838685
0.9334531515
0.9426536359
0.9762332475
0.9848817679
0.9660149857
0.9500202756
0.9512189047
0.9757835234
0.9782314489
0.9535879139
0.9172756281
0.9045189417
0.9258756590
0.9274725474
0.9410549996
0.9738504296
0.9773694288
0.9519883929
0.9690631941
0.9910786665
0.9913691156
0.9651878010
0.9531122009
0.9525246837
0.9550520408
0.9992012577
1.0117124234
0.9948081667
0.9811419996
0.9758061695
0.9722691104
0.9667384660
0.9695460937
0.9757686809
0.9486208778
0.9291375260
0.9667207280
0.9611561310
1.0114272556
1.0449413424
1.0305569231
1.0218114312
1.0095498199
0.9914762440
0.9752964679
0.9640975906
1.0016460726
1.0297107182
1.0204816556
0.9995298161
0.9850579705
1.0028960417
1.0387019111
1.0428896973
1.0293875415
1.0132443114
0.9730679524
0.9427823957
0.9105061798
0.9341246814
0.9465102564
0.9414798055
0.9730072205
0.9952183340
0.9961801449
0.9932181456
1.0218812016
1.0075458359
0.9723657632
0.9676347199
0.9500911175
0.9310269850
0.9284341245
0.9647222509
0.9782144219
1.0049122940
1.0017792122
0.9519955168
0.9580808650
0.9826569454
0.9788997716
1.0238286214
0.9996426772
0.9905702924
1.0129892043
1.0213225931
1.0010037845
0.9722681832
0.9557139629
0.9663927673
0.9755028020
0.9476727405
0.9612329502
0.9824580655
1.0164257131
1.0171909503
0.9692291616
1.0388695688
1.0463674485
1.0314727661
0.9655037755
0.9313018498
0.9120325201
0.9167383982
0.9497232553
0.9479066157
0.9291433246
0.9208933331
0.9324282886
0.9656994412
0.9706259779
0.9662887099
0.9426572659
0.9303522003
0.9235123800
0.9783553711
0.9988035226
0.9891241491
0.9626141787
0.9638856354
0.9813560815
1.0313654157
1.0006208043
0.9777177362
0.9958249454
0.9978656738
0.9690611448
0.9611416929
0.9755606378
0.9822982729
1.0125107276
0.9985958494
0.9847999253
0.9398217622
0.9259576389
0.9937892988
0.9659323098
0.9493299897
0.8900073663
0.9188172479
0.9818403486
1.0172297650
1.0157598855
0.9993119196
0.9744422957
0.9743585473
0.9940722422
0.9961032991
0.9836715056
0.9657513433
0.9668746073
0.9912966099
0.9963263955
0.9657890086
0.9903631912
0.9876086123
0.9515340155
0.9326287919
0.9133185515
0.9085200892
0.9427885229
0.9712664971
0.9837433851
0.9566358211
0.9684366795
1.0204035331
1.0242713412
0.9907519278
0.9664368128
0.9554414265
0.9601593134
0.9927383585
0.9501990918
0.9250064260
0.9520824476
0.9889019757
0.9834887559
0.9369918208
0.9254386774
0.9242284917
0.9236014110
0.9399836076
0.9365372823
0.9077337225
0.8889293764
0.9176340825
0.9669369002
0.9819040275
0.9953249418
1.0133054123
1.0182368828
0.9979206248
0.9948256499
0.9995754718
1.0047233142
1.0097072342
1.0277590774
1.0195494577
1.0041629815
0.9884466294
0.9729771571
0.9614189543
0.9471684854
0.9464433400
0.9748848687
1.0089861317
1.0134470824
0.9896066371
0.9745893962
0.9831616218
1.0086271842
1.0123214347
0.9844917842
0.9301061106
0.8731968037
0.8017199157
0.7118561691
0.6352743817
0.5919587515
0.5813342770
0.6169205417
0.7029345059
0.7958161595
0.8860272710
0.9630917336
0.9763725154
0.9517595489
0.9760802667
1.0189390673
0.9757319942
0.9418519781
0.8719881082
0.9128332964
0.9666158555
0.9660379567
0.9392976341
0.9261771606
0.9218234541
0.9463637435
0.9773644416
0.9826480763
0.9621453951
0.9635033532
0.9826646554
0.9914249457
0.9834799873
0.9257864972
0.8848700533
0.9097695885
0.9297320172
0.9171937347
0.8774477289
0.8368583080
0.9093549236
0.9263878497
0.9491361121
0.9611245553
0.9441611297
0.9111893177
0.9016754061
0.9222086446
0.9475175897
0.9393469481
0.9119740548
0.9119493989
0.9409820278
0.9860925670
0.9798128623
0.9432624234
0.9617585118
0.8851257023
0.8536476023
0.8388583686
0.9003873911
0.9572889328
0.9926420060
1.0141111960
0.9864810095
0.9864210420
0.9811927833
0.9640685698
0.9544540681
0.9209292663
0.8690050209
0.8490916696
0.8507155467
0.8542887200
0.8664511070
0.8806073801
0.8748491026
0.9202668312
0.8983637257
0.9352353433
0.9713277927
0.9970699316
1.0195668208
1.0036612262
1.0018044847
0.9962937628
0.9679276577
0.9303222687
0.9170987783
0.9362443974
0.9495393857
0.9476405911
0.9482318169
0.9241280021
0.9225047571
0.9311923522
0.9405452108
0.9610531677
0.9602046734
0.9517811682
0.9923265786
1.0124419844
0.9736416810
0.9405584123
0.9448212738
0.9304525418
0.9236318662
0.9567709559
0.9890205016
0.9728565879
0.9524142565
1.0083168943
0.9996641119
1.0453836812
1.0916102413
1.0902021507
1.0443693778
1.0128344025
1.0067270512
0.9816436337
0.9572222740
0.9570975104
1.0051461554
0.9989154095
0.9752695925
0.9681288930
0.9740318953
0.9749230684
0.9659606079
0.9878429418
1.0298077625
1.0339545165
1.0064069668
0.9321053316
0.9229522124
0.9160782263
0.9325220157
0.9651325042
0.9603564533
0.9810838214
0.9574410989
0.9593947489
0.9894008730
0.9898079121
0.9603280665
0.9392789081
0.9505419776
0.9816018852
0.9995624191
0.9975707726
0.9959764836
0.9888604644
0.9243779394
0.8957885186
0.8871165838
0.9306720355
0.9517573499
0.9350520451
0.9479580495
0.9527639356
0.9996860021
0.9864610887
0.9637450092
0.9521334447
0.9488786336
0.9599206440
0.9783903249
0.9859716914
0.9817279186
1.0043831624
1.0487092332
1.0583158286
0.9986938692
0.9439362514
0.9537622197
0.9564024738
0.9597071014
0.9173056691
0.9225396892
0.9456412256
0.9882630062
0.9656902757
0.9437579789
0.9220233510
0.8949583339
0.9119859480
0.9304555574
0.9004760887
0.9025419377
0.9426409920
0.9752707645
0.9980346038
1.0176514573
1.0010897394
0.9530647726
0.9334694412
0.9300163392
0.9538399446
0.9605514702
0.9804673139
