#flux
0.9558515958
0.9352525756
0.9049036308
0.8763672887
0.8610018078
0.8641333847
0.8890916803
0.9275976743
0.9460104088
0.9618483817
0.9666962951
0.9606459024
0.9512473495
0.9394217038
0.9193821573
0.8961806677
0.8971925784
0.9287243368
0.9626118365
0.9758046247
0.9580079122
0.9215989044
0.8814630019
0.8352110212
0.7870905242
0.7442692229
0.6940690104
0.6553219824
0.6350715075
0.6632264910
0.7370877106
0.8136192556
0.8845754726
0.9451648679
0.9687422650
0.9728709950
0.9616244551
0.9461882536
0.9310559529
0.9110814630
0.8851929644
0.8603819731
0.8445564308
0.8419763490
0.8536835759
0.8757577101
0.8973408105
0.9125842540
0.9199905892
0.9238581200
0.9102434526
0.9028653041
0.9148374671
0.9161038498
0.9194653472
0.9350962126
0.9467018207
0.9404482908
0.9280384219
0.9208426212
0.9192959065
0.9192632724
0.9144570537
0.9047525940
0.8985658349
0.8961506763
0.8882231730
0.8384286861
0.7480674764
0.6598789928
0.5965168815
0.5765034098
0.6258277903
0.7211035142
0.8120857612
0.8748871760
0.9119669779
0.9252251926
0.9137170414
0.8843342639
0.8513442728
0.8303154899
0.8327986455
0.8533837900
0.8681147517
0.8673246568
0.8617046156
0.8700687094
0.8675845331
0.8471936887
0.8190987185
0.7961936519
0.7982492287
0.8246856666
0.8431640978
0.8411909746
0.8276773039
0.7928882560
0.7330128865
0.6604486364
0.5954988120
0.5655538638
0.5921852125
0.6717797783
0.7806873159
0.8859446434
0.9541985526
0.9847251108
0.9912918243
0.9808935394
0.9522826706
0.9057068997
0.8595553607
0.8383796494
0.8282500211
0.8565546677
0.9057703283
0.9416140137
0.9483999938
0.9401604959
0.9401397499
0.9449952420
0.9351342564
0.9178454070
0.9153110862
0.9202184697
0.9279223664
0.9293578459
0.9338260301
0.9290787953
0.8983481159
0.8474742535
0.7954596486
0.7549233670
0.7310797474
0.7156212558
0.7301937283
0.7755736943
0.8336397542
0.8811857025
0.8993123148
0.8972128873
0.9013815429
0.9197430294
0.9382561982
0.9323341814
0.9177103525
0.9033448397
0.9055075894
0.9096885314
0.9203770521
0.9398037987
0.9549739254
0.9709265465
0.9769253412
0.9664864529
0.9368469864
0.8917100596
0.8374213229
0.7889325338
0.7658060078
0.7752266943
0.8145210268
0.8691703036
0.9078564280
0.9248413946
0.9393907713
0.9515103871
0.9225033491
0.8691950572
0.8281875688
0.8159275903
0.8292453356
0.8501130761
0.8521645160
0.8326076027
0.7976279411
0.7774255655
0.7899637477
0.8193588048
0.8489475040
0.8757997474
0.9019341120
0.9215523705
0.9368142374
0.9595982025
0.9389887260
0.9423150585
0.9525720428
0.9493758814
0.9378102706
0.9370046807
0.9449909920
0.9481844834
0.9425918001
0.9276490347
0.9085329233
0.8853736985
0.8611661434
0.8444239831
0.8304664645
0.8011307663
0.7434258538
0.6679012606
0.5845788058
0.4968932395
0.4291733807
0.3782526298
0.3198289759
0.2784048229
0.2485960482
0.2307392252
0.2185370511
0.2066435032
0.1970065189
0.1951178895
0.2051503356
0.2263927484
0.2521522744
0.2781395442
0.3031128329
0.3240666282
0.3539962397
0.4014262303
0.4755944074
0.5639557768
0.6524197760
0.7431352269
0.8076218368
0.8491738380
0.8554007250
0.8357603180
0.7978984211
0.7532414331
0.7305427834
0.7377460129
0.7621049650
0.7986033668
0.8404293423
0.8703811047
0.8908349388
0.9149737749
0.9272682521
0.9415253981
0.9532405785
0.9640020145
0.9809547495
0.9787082807
0.9552480290
0.9485939845
0.9549516124
0.9602112062
0.9585285638
0.9409532289
0.9091205857
0.8629034135
0.8058866583
0.7571100495
0.7379492039
0.7546545968
0.7972381965
0.8421064559
0.8579565401
0.8451587022
0.8387350107
0.8348165943
0.8444594719
0.8789932465
0.9194355449
0.9500654139
0.9719830306
0.9853398972
0.9858514979
0.9838015409
0.9843126786
0.9840022987
0.9801180663
0.9670788167
0.9439223656
0.9283344319
0.9346381172
0.9488289011
0.9540060720
0.9595825517
0.9731783514
0.9673389784
0.9484440674
0.9369221655
0.9275551345
0.9293756568
0.9307096279
0.9348467743
0.9476073448
0.9629793856
0.9753259280
0.9851861876
0.9902125402
0.9934080718
1.0024865400
1.0095946885
1.0069063111
0.9952830636
0.9948355077
0.9937127460
0.9956094221
0.9988477124
0.9859389256
0.9752789883
0.9657175928
0.9596070561
0.9593764447
0.9555128117
0.9338321658
0.9046890547
0.8798011482
0.8515939553
0.8081251357
0.7494487930
0.6843517225
0.6244092752
0.5920506047
0.6139734310
0.6697874549
0.7447544065
0.8298871675
0.9007439534
0.9426352384
0.9554401689
0.9496521882
0.9305441766
0.8923629834
0.8453278242
0.8217385748
0.8175198870
0.8233435979
0.8431709694
0.8687072265
0.8856978402
0.8917063809
0.8924762172
0.8973765791
0.8952381778
0.8744639172
0.8525882935
0.8225367796
0.7971867159
0.7816991384
0.7863443210
0.8014708535
0.8145115821
0.8210960278
0.8285584304
0.8390210858
0.8537627383
0.8839734655
0.9277862808
0.9587410608
0.9757928664
1.0007073538
1.0000496581
0.9932512633
0.9760918411
0.9609921971
0.9492942257
0.9486316182
0.9501307321
0.9445712328
0.9382677157
0.9302108305
0.9252339659
0.9190482102
0.9191469383
0.9290404043
0.9418584407
0.9431832511
0.9125206169
0.8376656185
0.7261942644
0.5944908710
0.4700788731
0.4024380865
0.4310077523
0.5357693257
0.6823971579
0.8240017903
0.9174981799
0.9604236186
0.9729220113
0.9884672122
1.0057440999
1.0111181259
1.0021471848
0.9885538476
0.9850062351
0.9824714557
0.9631883065
0.9429956632
0.9424227761
0.9453905078
0.9270291264
0.8745275627
0.7927737561
0.6909721863
0.6010500769
0.5727736737
0.6222322555
0.7196652938
0.8274135981
0.9045038400
0.9343748641
0.9290848662
0.9113074881
0.8817652937
0.8306850629
0.7566618736
0.6672999276
0.5803319859
0.5199068806
0.5119938901
0.5642169690
0.6477758094
0.7394053439
0.8132377789
0.8825179206
0.9269937991
0.9683310501
0.9857922669
0.9765989599
0.9624258740
0.9561678840
0.9453237807
0.9269159804
0.9216526589
0.9244369105
0.9156151270
0.8944329236
0.8637803874
0.8499078750
0.8527413783
0.8643544493
0.8725326812
0.8765656687
0.8799887693
0.8762422511
0.8692556008
0.8731238709
0.8791452670
0.8740209788
0.8813635228
0.8971299402
0.9185044119
0.9481172185
0.9729995534
0.9866144549
0.9973473372
1.0035971136
1.0002687242
0.9873052953
0.9664259085
0.9438516368
0.9349925637
0.9466754753
0.9569482829
0.9677432529
0.9853380754
1.0063427665
1.0113924379
1.0048971882
1.0002884709
1.0005556688
0.9981616143
0.9933201993
0.9956535097
1.0033728979
1.0024724534
0.9906961107
0.9776573637
0.9674281913
0.9605553117
0.9327157808
0.9006249758
0.8892502795
0.8913677120
0.9038970866
0.9207819220
0.9350100134
0.9417801006
0.9384217566
0.9310982872
0.9278809827
0.9315362840
0.9473433008
0.9653463774
0.9711735180
0.9742434765
0.9763689638
0.9626036355
0.9442291538
0.9404207676
0.9261475742
0.8919368574
0.8684195942
0.8590929401
0.8583437696
0.8618696377
0.8857505949
0.9295377622
0.9607645616
0.9693835113
0.9666182627
0.9562426920
0.9333178061
0.8982479476
0.8546608189
0.8050595700
0.7559020065
0.7046290644
0.6484844255
0.6138588093
0.5911292420
0.5854196337
0.6264098498
0.7066517043
0.8032390510
0.8836944758
0.9223885702
0.9299577936
0.9251521548
0.9305723504
0.9475701532
0.9571225970
0.9511766384
0.9319059402
0.9022470107
0.8756809835
0.8604244028
0.8646970980
0.8906810290
0.9333067622
0.9632025217
0.9748592931
0.9624810475
0.9245258320
0.8889776479
0.8697378093
0.8624181876
0.8630321728
0.8634495301
0.8603684638
0.8620794972
0.8694045866
0.8815064840
0.8928512025
0.8909241008
0.8924436792
0.9102377899
0.9293510803
0.9448290799
0.9371309608
0.9092973021
0.8805771410
0.8642917638
0.8652637084
0.8749323053
0.8978954701
0.9299990765
0.9412187678
0.9530564664
0.9673265365
0.9711348150
0.9660316016
0.9508412113
0.9222426093
0.8911763326
0.8708613726
0.8625221677
0.8635755608
0.8756510599
0.9067521507
0.9429105909
0.9471922391
0.9608083688
0.9684250131
0.9791401288
0.9851744254
0.9842975331
0.9763783293
0.9604741432
0.9397748936
0.9210100730
0.8986515022
0.8675135226
0.8451778245
0.8472191308
0.8683137489
0.9006588654
0.9358669170
0.9656849859
0.9844844320
0.9880840972
0.9742502324
0.9311150264
0.8518945885
0.7444640325
0.6448160404
0.5899771871
0.6016962099
0.6766558568
0.7810114050
0.8693365724
0.9192469564
0.9409269691
0.9520455078
0.9584601687
0.9586704117
0.9444115564
0.9265518323
0.8960152514
0.9032997243
0.9284698372
0.9537747093
0.9706534787
0.9766023546
0.9667954451
0.9709701400
0.9812357675
0.9733382005
0.9571909798
0.9461474590
0.9397008795
0.9420984455
0.9444213258
0.9319770970
0.9363823644
0.9550472291
0.9642086018
0.9656009211
0.9880627543
0.9843429282
0.9727639046
0.9749740809
0.9576634135
0.9398141871
0.9355182008
0.9397713777
0.9518206470
0.9598416765
0.9612359252
0.9564157704
0.9351321078
0.8998269752
0.8743740653
0.8687581042
0.8647438716
0.8511032992
0.8581439822
0.8794804420
0.9047003751
0.9235202610
0.9399995819
0.9590443278
0.9751113196
0.9775278009
0.9646665360
0.9397117046
0.9086244205
0.8949698759
0.9022365535
0.9203128364
0.9471639488
0.9768804722
1.0000505444
1.0100887596
1.0075732981
1.0028500305
0.9931952034
0.9797164006
0.9873504631
0.9828771609
0.9729391287
0.9705738777
0.9723646455
0.9743083959
0.9751618307
0.9861073278
0.9663994472
0.9271470795
0.8940706583
0.8626076250
0.8377485206
0.8376269395
0.8662192940
0.8877258225
0.8951326085
0.9087645915
0.9175749656
0.9348697562
0.9477236633
0.9480128967
0.9486790528
0.9512279987
0.9518888177
0.9590707429
0.9745151011
0.9743166611
0.9430639378
0.8828722627
0.8100415781
0.7530895879
0.7287216880
0.7293923743
0.7342746955
0.6955114043
0.6100498985
0.5005958494
0.4262226207
0.4381341200
0.5106189951
0.6197383391
0.7417515955
0.8305517467
0.8719382216
0.8923140245
0.9055948219
0.9051240988
0.8977169422
0.8783439783
0.8290675911
0.7538395229
0.6604493306
0.5511412754
0.4748503627
0.4721868209
0.5464355947
0.6759731901
0.7866709309
0.8706440513
0.9308692203
0.9597613755
0.9632015310
0.9623784259
0.9582522101
0.9420302840
0.9372523915
0.9547857182
0.9691080085
0.9634866715
0.9511439437
0.9387793106
0.9184045100
0.8996312891
0.8898090428
0.8778748891
0.8617130679
0.8501020211
0.8433924127
0.8620525182
0.8978831718
0.9426220388
0.9818621366
0.9948087312
0.9676271645
0.9114745672
0.8544520301
0.8166483656
0.8025353733
0.8038225479
0.8161321839
0.8379953926
0.8541755409
0.8614670529
0.8734385127
0.8886864790
0.9229888599
0.9518596332
0.9611849064
0.9485479260
0.9484998314
0.9642763461
0.9715859456
0.9678145465
0.9517805549
0.9283442954
0.9064500762
0.8931409564
0.8912542940
0.8976867009
0.9082621602
0.9139444118
0.8918951377
0.8383951879
0.7863231574
0.7464205577
0.7384455532
0.7691359181
0.8396057259
0.8989064162
0.9360758523
0.9656964066
0.9822934992
0.9861763018
0.9821182863
0.9715753843
0.9562462949
0.9415477326
0.9267786084
0.9038403667
0.8723831697
0.8412898441
0.8153386273
0.8029843219
0.8148680264
0.8383879123
0.8736611561
0.9019344723
0.8804520140
0.7930929827
0.6900144635
0.6272764332
0.6176156938
0.6839819297
0.8041617187
0.9071640459
0.9607842986
0.9877841404
1.0023356381
0.9974486386
0.9798562530
0.9608202095
0.9407074748
0.9313252152
0.9387381096
0.9547353273
0.9721173133
0.9870368290
0.9871262365
0.9634138495
0.9350984991
0.9155294156
0.9174205021
0.9198806913
0.9433061262
0.9684027714
0.9772175824
0.9713952009
0.9521719743
0.9332100369
0.9349557203
0.9551905133
0.9664825953
0.9752663654
0.9840192438
1.0063054548
0.9977557234
0.9707910359
0.9545480125
0.9356209339
0.9209163318
0.9283380264
0.9489732658
0.9652080957
0.9747631585
0.9818684558
0.9840985159
0.9784061156
0.9730459284
0.9784028268
0.9861383920
0.9793360117
0.9611479673
0.9330869796
0.8898102908
0.8709305729
0.8733863694
0.8750170526
0.9109208736
0.9405916590
0.9616254493
0.9750800165
0.9854778849
0.9911216080
0.9979038451
1.0047064604
1.0013290235
0.9790653598
0.9397687302
0.8927097101
0.8425321406
0.8045572196
0.8002105930
0.8262432013
0.8766153267
0.9280465011
0.9581611357
0.9806845150
0.9968491911
1.0012097890
1.0150522907
1.0189220709
1.0164878502
1.0136379016
1.0127947303
1.0137989909
0.9972147718
0.9620737195
0.9286138791
0.8846553059
0.8228362006
0.7512878858
0.6975163694
0.6940185518
0.7411205867
0.8245880166
0.9177919814
0.9698637864
0.9915873140
1.0016185004
1.0069924246
1.0078626674
1.0062255532
0.9999557913
0.9815234116
0.9605365734
0.9357499092
0.8940247604
0.8497515776
0.8257882484
0.8289146106
0.8306926473
0.8076133787
0.7588594975
0.6982710081
0.6572206681
0.6514195306
0.6935622611
0.7765485076
0.8669586760
0.9364175457
0.9680792585
0.9798545494
0.9813600404
0.9726617803
0.9588273364
0.9432690476
0.9198183019
0.8874147918
0.8602751688
0.8374176939
0.8245333730
0.8302140459
0.8544718246
0.8866913439
0.9068657687
0.8938308992
0.8647290267
0.8486689246
0.8491565651
0.8739764821
0.9055787472
0.9327440717
0.9469795009
0.9384629521
0.9091440466
0.8701523408
0.8209082104
0.7546112323
0.6923594309
0.6694772596
0.7045523731
0.7830171919
0.8702091426
0.9346677860
0.9824533786
0.9871207459
0.9952868016
0.9955849290
1.0011220196
1.0025899797
0.9877582166
0.9654704890
0.9306752731
0.8678909952
0.7697090105
0.6556472270
0.5687808632
0.5311973319
0.5534062113
0.6225149290
0.7027280717
0.7686776815
0.7876585426
0.7443099148
0.6723520729
0.6070019917
0.5763196626
0.5914886100
0.6531716264
0.7473628869
0.8430591146
0.9145696018
0.9491830905
0.9639469534
0.9744460655
0.9776540334
0.9884696038
1.0067810571
1.0089246454
0.9976391483
0.9832504640
0.9440399883
0.9049581871
0.8732008912
0.8676605841
0.8892766434
0.9096033893
0.9261537885
0.9571416248
0.9889790265
1.0088764719
1.0133316090
0.9992347461
0.9767058280
0.9649671046
0.9677903893
0.9754458884
0.9789847586
0.9759656892
0.9727649060
0.9721830837
0.9619698256
0.9358031278
0.9045827425
0.8855668399
0.8810727174
0.8844399836
0.8838034953
0.8750913638
0.8718402951
0.8914290525
0.9291952849
0.9624099524
0.9803336089
0.9866985876
0.9832407003
0.9793070845
0.9843214955
0.9859569418
0.9837090859
0.9781909683
0.9697332624
0.9658382546
0.9661228969
0.9631776535
0.9559519392
0.9192555296
0.8715434210
0.8289466388
0.7972238396
0.7893347531
0.7919463055
0.7748917555
0.7295803813
0.6733596295
0.6379837947
0.6460117295
0.7019471674
0.7908030731
0.8859396834
0.9381246904
0.9591742524
0.9766462100
0.9695771904
0.9689050820
0.9605714066
0.9432377190
0.9292605906
0.9327523190
0.9442612228
0.9524889762
0.9622757380
0.9720840501
0.9691492125
0.9579846605
0.9569431924
0.9673393005
0.9801210598
0.9926643495
0.9979454400
1.0097567050
1.0198122757
1.0129481395
1.0141418638
1.0137937039
0.9952290142
0.9754817332
0.9796916221
0.9977915694
1.0108709660
1.0165738223
1.0194481477
1.0146986901
0.9995878032
0.9919542444
1.0028173952
1.0088894897
1.0082945768
1.0027299722
0.9964440846
0.9961378031
0.9802942304
0.9565114100
0.9326482601
0.8982959930
0.8521295471
0.8210485348
0.8121002883
0.8251127155
0.8479020355
0.8711993335
0.8964594528
0.9257667292
0.9517031383
0.9624074893
0.9691179860
0.9639890421
0.9351352353
0.9056161469
0.8654314375
0.8430203909
0.8430161163
0.8738134716
0.9132705894
0.9515803982
0.9673989924
0.9725465422
0.9633302200
0.9411517569
0.9192030168
0.8973497331
0.8813338054
0.8882146044
0.9158209789
0.9520289901
0.9700997231
0.9757232418
0.9770068025
0.9798684255
0.9866778272
0.9863789233
0.9699265562
0.9375635694
0.9223091593
0.9244888210
0.9291726055
0.9354608078
0.9550262174
0.9750830193
0.9638817838
0.9312461380
0.9068563369
0.8951655389
0.9048641594
0.9247033903
0.9364197152
0.9485427531
0.9641057657
0.9786258409
0.9873038332
0.9941900870
1.0003450835
1.0067842059
1.0040391240
1.0004312748
1.0071146949
1.0100341046
1.0004174907
0.9953726106
0.9977850933
0.9936675405
0.9837117145
0.9721285385
0.9552256246
0.9424421637
0.9433765089
0.9397597790
0.9399264484
0.9409609989
0.9500077785
0.9781003016
0.9987379146
1.0051556817
1.0045864512
1.0097133835
1.0150624760
1.0091338243
0.9942535965
0.9835261568
0.9775665481
0.9670412497
0.9494731575
0.9295491611
0.9202784390
0.9235294317
0.9238772343
0.9299022239
0.9312779129
0.9415871553
0.9460210613
0.9500659731
0.9472804836
0.9521706307
0.9598506732
0.9548838630
0.9315675756
0.9156221710
0.9152059202
0.9239017511
0.9409953081
0.9562243506
0.9588890954
0.9571605054
0.9466629093
0.9275660033
0.9378262035
0.9467741280
0.9345062964
0.9152701920
0.8975796971
0.8672943208
0.8336020304
0.8264536655
0.8410368072
0.8705019149
0.8960815798
0.9124030316
0.9185073508
0.9003155519
0.8556346604
0.8093013936
0.7911085730
0.8154529546
0.8579975090
0.8933462372
0.9030009850
0.8642865981
0.7786896190
0.6843310006
0.5874163128
0.5047144570
0.4664814060
0.5022458105
0.5791886061
0.6785862551
0.8019606336
0.9096321601
0.9646096113
0.9780617430
0.9771871283
0.9753240313
0.9758513333
0.9799209352
0.9941053316
1.0129711370
1.0231104964
1.0167010478
0.9917334267
0.9705172541
0.9353323579
0.9018653786
0.8878974146
0.8839288949
0.9012791822
0.9263091706
0.9505040432
0.9645915134
0.9747468370
0.9892218117
1.0008516919
1.0116064406
1.0165815957
1.0090103089
1.0188877928
1.0224848354
0.9965169567
0.9908096058
1.0022169560
0.9850085992
0.9807162247
0.9613497849
0.9231152573
0.8658649802
0.7984166504
0.7552693108
0.7492719102
0.7777239876
0.8382515807
0.9063148048
0.9514785880
0.9753035906
0.9800914103
0.9650476611
0.9469704478
0.9449075633
0.9443668187
0.9514728424
0.9478880597
0.9579293809
0.9604720329
0.9707744106
0.9814231611
0.9888884687
0.9873726155
0.9692069837
0.9365915460
0.9008028341
0.8740341770
0.8734021382
0.9040756721
0.9334750236
0.9442922826
0.9653775441
0.9970422193
1.0078226631
0.9961866156
0.9836577656
0.9844676213
0.9726366542
0.9591172669
0.9521193616
0.9277608016
0.8613262867
0.7725817332
0.6907868462
0.6468543707
0.6555915356
0.7144106631
0.8116301626
0.9086396105
0.9668345424
0.9898499871
0.9944804072
0.9811938352
0.9742516532
0.9883917175
0.9978418247
0.9992276899
0.9911382436
0.9787424079
0.9678416525
0.9496701453
0.9142948019
0.8766551020
0.8550297060
0.8476507735
0.8533234991
0.8736970029
0.8945050479
0.9060006677
0.9082998200
0.8870702207
0.8641489903
0.8310740392
0.7910582749
0.7957469409
0.8054894292
0.8051008915
0.8090196318
0.8283483450
0.8578228710
0.8741640675
0.8750693848
0.8492204053
0.7984046997
0.7464241413
0.7203020088
0.7377183055
0.8008961416
0.8937293501
0.9720698880
1.0058669604
1.0097802620
1.0071290238
1.0082556805
0.9948309736
0.9985252293
0.9660521033
0.8951820955
0.8248214983
0.7623614003
0.7222443781
0.7173829164
0.7412083980
0.7696036007
0.7668732500
0.7223525140
0.6705356412
0.6511129379
0.6788366756
0.7236098816
0.7550564329
0.7477447565
0.7134432873
0.6867729077
0.6891255814
0.7355027683
0.8051518278
0.8669890616
0.9176164217
0.9568915176
0.9738261563
0.9750591306
0.9726461064
0.9685916818
0.9589120926
0.9327824785
0.8832906204
0.8281925513
0.7847669141
0.7572414320
0.7686478001
0.8147395335
0.8729607432
0.9239265282
0.9441605394
0.9451021416
0.9372876440
0.9333053448
0.9225890179
0.9075262523
0.9034424990
0.9254892166
0.9544427959
0.9735199126
0.9825879309
0.9782474243
0.9668473767
0.9478727076
0.9218083000
0.8920496534
0.8799279202
0.9050451355
0.9345005242
0.9618983267
0.9915932125
1.0046647487
0.9830752626
0.9467895511
0.9285884864
0.9317126461
0.9470372182
0.9685972969
0.9781759992
0.9747540500
0.9736793551
0.9742669242
0.9831137715
0.9976642424
0.9951435427
0.9836398034
0.9782616423
0.9821165778
0.9472458839
0.9183630900
0.9061659193
0.8934611299
0.8862079826
0.8868012793
0.8978095054
0.9201553142
0.9368574741
0.9373050770
0.9326166822
0.9275838635
0.9198388922
0.9221511988
0.9368979027
0.9506110279
0.9551596712
0.9562203820
0.9646468048
0.9711347237
0.9741221624
0.9891888639
0.9940451563
0.9976164348
0.9944799719
0.9818533865
0.9721558615
0.9531305245
0.9203728607
0.8886601672
0.8592433332
0.8219026739
0.7758039569
0.7230031558
0.6727595548
0.6430580301
0.6466391250
0.6739150290
0.7259979247
0.7798235764
0.8399182942
0.9024453980
0.9530559798
0.9560956522
0.9420745668
0.9366550164
0.9337590189
0.9293474073
0.9236060781
0.9267794499
0.9456707156
0.9632520822
0.9658932024
0.9697943619
0.9830868659
0.9821881244
0.9870656053
0.9873152634
0.9788573562
0.9590598154
0.9388572877
0.9274709914
0.9326826971
0.9504007051
0.9727537657
0.9815794348
0.9810806619
0.9918257172
1.0117477141
1.0115027006
0.9913094006
0.9789995711
0.9733931773
0.9681277921
0.9475066397
0.9321057601
0.9311807735
0.9452992467
0.9564037865
0.9542237882
0.9247736215
0.8863618675
0.8746086087
0.8948158956
0.9246593804
0.9472264896
0.9557837024
0.9504152139
0.9363210375
0.9257692131
0.9323390031
0.9495792888
0.9523281371
0.9356396044
0.9037186923
0.8472728128
0.7409725730
0.6146956850
0.5020436134
0.4289187073
0.4468170435
0.5400923813
0.6738385071
0.8092476515
0.8942964253
0.9494114271
0.9742642583
0.9739210475
0.9632996353
0.9499759078
0.9437544367
0.9432422807
0.9490387831
0.9636788833
0.9839091209
1.0033961379
1.0053586879
0.9923003983
0.9819008920
0.9658353220
0.9487142346
0.9337777873
0.9058950714
0.8804374775
0.8733207701
0.8685059920
0.8680988258
0.8748091386
0.8828854449
0.8923699137
0.9052296921
0.9277331160
0.9556990387
0.9768410205
0.9816407633
0.9794647909
0.9684568800
0.9414098683
0.9278041756
0.9293977976
0.9232066002
0.9330944199
0.9626507870
0.9882968204
0.9981803074
1.0004460434
0.9931478790
0.9789341129
0.9588414394
0.9263795049
0.8890018888
0.8466333092
0.7941326189
0.7419625367
0.7187688324
0.7350292558
0.7773913012
0.8529936223
0.9183294543
0.9620552208
0.9854067036
0.9826667481
0.9799588043
0.9911322120
0.9997914723
0.9936450183
0.9745204444
0.9462410571
0.9141574757
0.8798477555
0.8308660622
0.7626747852
0.6979745627
0.6553456871
0.6303946217
0.6749485101
0.7793109417
0.8726417833
0.9402575839
0.9668878615
0.9650559565
0.9569551632
0.9514551322
0.9492978003
0.9592794760
0.9761468582
0.9896001432
0.9991857938
1.0076959960
1.0082166579
0.9928182026
0.9783995591
0.9493612470
0.9217324837
0.9072788219
0.9010455857
0.8923350575
0.9062121993
0.9324883228
0.9648832755
0.9908409721
1.0001043103
1.0024668157
1.0122086875
1.0150283535
1.0010515118
0.9721056991
0.9433292643
0.9304366733
0.9217141677
0.9121567657
0.8996537580
0.8814921842
0.8787806146
0.8944994221
0.9338105721
0.9565657739
0.9794751799
0.9986596466
0.9989392929
0.9808333778
0.9576636172
0.9265017992
0.8973797289
0.8880709978
0.9027801841
0.9268002530
0.9454886985
0.9506151673
0.9375727236
0.9340362867
0.9552392763
0.9591763391
0.9683885769
0.9627673832
0.9549391677
0.9476532412
0.9332219511
0.9335567762
0.9418220046
0.9381973154
0.9133055242
0.8841675346
0.8756037919
0.8873467043
0.9078841942
0.9350903185
0.9625510637
0.9797678786
0.9901695769
0.9923073488
0.9929118499
0.9774866828
0.9612659122
0.9404720682
0.9260768116
0.9195597371
0.9151583173
0.9071260065
0.9079486759
0.9115504978
0.9091086278
0.9129594716
0.9275442614
0.9362197623
0.9284976496
0.9058938269
0.8715195691
0.8388482409
0.8258118519
0.8394439246
0.8638045938
0.8968525239
0.9408263937
0.9554695719
0.9527144936
0.9484594859
0.9280082380
0.9166736226
0.9099755767
0.9155111208
0.9286507007
0.9427529547
0.9532225132
0.9609128615
0.9599507723
0.9449952621
0.9313295089
0.9271495752
0.9224972292
0.9249275985
0.9371334392
0.9524091114
0.9707950735
0.9811331151
0.9872820557
0.9944675027
1.0000192669
0.9930271004
0.9975894415
1.0084491006
1.0154412773
1.0086238131
0.9977511792
0.9959249273
0.9928684846
0.9738176936
0.9464071989
0.9257969433
0.9044004626
0.8832276044
0.8651932309
0.8483214734
0.8360724201
0.8436182833
0.8571733801
0.8624193758
0.8736286172
0.8672790609
0.8497964850
0.8269130325
0.8138481601
0.8158618851
0.8398045047
0.8893947616
0.9382940273
0.9554769826
0.9503250126
0.9441296593
0.9223498157
0.9029789372
0.8949027136
0.9059042285
0.9200099808
0.9508012424
0.9801470662
0.9902589380
0.9903521255
0.9996075228
1.0066398107
1.0040250067
0.9860398594
0.9644943893
0.9493257175
0.9331287485
0.9156284507
0.9101274456
0.9133191518
0.9043851864
0.9178192729
0.9514613392
0.9808282163
0.9799730113
0.9743062370
0.9642394507
0.9418135026
0.9318833346
0.9347312891
0.9464928327
0.9515922348
0.9468224818
0.9332304536
0.9132465199
0.8993017625
0.9013935289
0.9102641011
0.9112865106
0.9052367691
0.8941418821
0.8636769837
0.8557312599
0.8599287965
0.8870649996
0.9127779747
0.9238334284
0.9203493491
0.9283444971
0.9340342636
0.9399244843
0.9403350471
0.9419957845
0.9404690800
0.9305696564
0.9253316832
0.9330818452
0.9383753926
0.9187321498
0.8749704233
0.8304443599
0.7880770947
0.7836920269
0.7912384104
0.8090132522
0.8292994891
0.8570374926
0.8890994062
0.9120830567
0.9199706729
0.9302806829
0.9433205699
0.9537611580
0.9617788217
0.9619223651
0.9535928164
0.9506057074
0.9572782455
0.9663884318
0.9826883721
0.9882188892
0.9768683941
0.9525071373
0.9228310598
0.9050602024
0.8987439656
0.8925712362
0.9215375300
0.9692879703
1.0020019696
0.9939855910
0.9695086844
0.9373951831
0.9004848901
0.8734581216
0.8441588116
0.7875239367
0.7097472294
0.6205486660
0.5334867198
0.4664041687
0.4412851357
0.4857137965
0.5756790386
0.7038944145
0.8331913959
0.9204888086
0.9621004178
0.9809468655
0.9828649481
0.9817751556
0.9809426017
0.9635001997
0.9277747222
0.8883755539
0.8562022426
0.8519533198
0.8897666368
0.9364590220
0.9760581294
1.0070045318
0.9994676244
0.9848173208
0.9597580924
0.9594899383
0.9567705734
0.9438610892
0.9320692170
0.9096805382
0.8720030405
0.8364606552
0.8022503403
0.7712308181
0.7586399974
0.7596170801
0.7729066297
0.8157487602
0.8594340674
0.9039397917
0.9180519959
0.9077079060
0.9000712851
0.8867838150
0.8883380152
0.8994615293
0.9116841965
0.9326024685
0.9490129419
0.9505013099
0.9231565911
0.8795908543
0.8334966369
0.7873060104
0.7626628025
0.7772289939
0.8152194151
0.8663206453
0.9130281454
0.9503663276
0.9677115705
0.9671791334
0.9498957622
0.9027699838
0.8423788208
0.8115391001
0.7894103925
0.7723386040
0.7600390346
0.7654081218
0.7897104374
0.8112250185
0.8135370570
0.8056091710
0.8074128250
0.8330885117
0.8817432254
0.9272642762
0.9485578428
0.9591460402
0.9580446827
0.9364549906
0.8912774340
0.8600099365
0.8373551933
0.8254633808
0.8338129349
0.8632859333
0.8822743395
0.8918360659
0.9086609570
0.9202104431
0.9082971550
0.8888806338
0.8923601172
0.9137518358
0.9172281328
0.8944232878
0.8652549802
0.8392899319
0.8174650274
0.8415711332
0.8637775403
0.9067467155
0.9442532380
0.9625659171
0.9729895497
0.9699159623
0.9761697768
0.9917323676
1.0106116178
1.0269165338
1.0209517352
0.9981446073
0.9778294237
0.9481341022
0.9225342137
0.9142935581
0.9055735752
0.9056286543
0.9294421160
0.9610436964
0.9776108658
0.9988043519
0.9909121177
1.0018059308
0.9957572135
0.9821905145
0.9716707323
0.9607552868
0.9535682656
0.9434959221
0.9243965465
0.9104231203
0.9141209436
0.9299481256
0.9456438620
0.9585223711
0.9479305289
0.9250260483
0.9132768023
0.9019848307
0.9104006255
0.9346329454
0.9613413892
0.9702615661
0.9576146417
0.9441542903
0.9354269108
0.9293197907
0.9244359175
0.9121834863
0.8938907711
0.8828708807
0.8783031509
0.8769428309
0.8843180744
0.8928880557
0.9179360328
0.9469087292
0.9662334555
0.9806031728
0.9878513432
0.9930546097
0.9984958252
0.9875293947
0.9767935191
0.9572840627
0.9275504086
0.9154215784
0.9191576991
0.9229317670
0.9307493600
0.9502592485
0.9725911650
0.9683892989
0.9613717794
0.9596985270
0.9580287269
0.9386730294
0.9131870715
0.9032625440
0.8899024166
0.8856276795
0.9020933620
0.9193605217
0.9376003923
0.9520024575
0.9590240477
0.9729011835
0.9810421546
0.9670586127
0.9453138301
0.9350954613
0.9458852797
0.9548265319
