#flux
0.9749118449
0.9710212464
0.9648552901
0.9621305062
0.9614175977
0.9620300708
0.9671487869
0.9706410819
0.9728467818
0.9753148278
0.9765332371
0.9761535449
0.9761861486
0.9745343520
0.9707200679
0.9714190814
0.9729341518
0.9728806444
0.9737515442
0.9751801559
0.9756114524
0.9749643828
0.9730425078
0.9680931180
0.9649561884
0.9581234206
0.9511238830
0.9451760615
0.9428604146
0.9437738309
0.9443863911
0.9432312369
0.9398955534
0.9383405689
0.9420003040
0.9453875702
0.9476659752
0.9449937125
0.9433178401
0.9423857700
0.9357765197
0.9317123395
0.9535805851
0.9847000096
1.0057967185
1.0013010539
0.9837918455
0.9655530246
0.9521503664
0.9451757981
0.9434100040
0.9454021684
0.9492803601
0.9524193674
0.9538055017
0.9540596730
0.9527998464
0.9492677067
0.9459449765
0.9406706380
0.9289583120
0.9240793411
0.9306115121
0.9344302151
0.9359161377
0.9379475923
0.9358130073
0.9259868195
0.9117761356
0.9001306870
0.8948619946
0.8973125309
0.9069348401
0.9194983333
0.9292103248
0.9329350958
0.9315160182
0.9286816600
0.9257505874
0.9246384461
0.9286031459
0.9261134476
0.9218544702
0.9232314769
0.9217140955
0.9171492022
0.9108315409
0.8995545139
0.8780881724
0.8491837306
0.8280824368
0.8226528532
0.8329202964
0.8552197336
0.8791716777
0.8971039787
0.9077695810
0.9108272216
0.9063646036
0.8971396895
0.8891379200
0.8892677952
0.8916354691
0.8995938991
0.9105728460
0.9210483847
0.9290104341
0.9335716427
0.9346639769
0.9321492296
0.9244755731
0.9128034662
0.9026039805
0.8966941487
0.8927408565
0.8904402387
0.8912128237
0.8928651432
0.9013705638
0.9196328556
0.9298318177
0.9329999743
0.9254291539
0.9185148052
0.9118861950
0.9123873065
0.9133619450
0.9120629341
0.9083734043
0.9010284112
0.8956446201
0.8901392709
0.8808839383
0.8704232576
0.8657417394
0.8718112417
0.8778724925
0.8840889056
0.8902228939
0.8929484357
0.8932299386
0.8877510207
0.8824668909
0.8833132413
0.8846159379
0.8855513172
0.8912344206
0.8951889535
0.8949579247
0.8951738681
0.8950301952
0.8935595867
0.8909681124
0.8884550633
0.8876662565
0.8846590316
0.8748892743
0.8600271330
0.8449422034
0.8344161179
0.8309249938
0.8350474542
0.8482254073
0.8573872246
0.8629953763
0.8661684552
0.8647329262
0.8606907934
0.8565563717
0.8523347216
0.8453344033
0.8327493724
0.8164826393
0.8000237308
0.7856744951
0.7767875796
0.7740515168
0.7761785039
0.7821821300
0.7896187021
0.7952985083
0.7951457861
0.7878098983
0.7829991199
0.7805248265
0.7802984163
0.7822332167
0.7834626074
0.7829613186
0.7809791818
0.7784993975
0.7747058110
0.7670449352
0.7578350730
0.7497029784
0.7396495800
0.7287159812
0.7165861140
0.7026620039
0.6842116878
0.6609388144
0.6341201255
0.5990019232
0.5509675410
0.4973879036
0.4419740978
0.3873059158
0.3386602832
0.3002255122
0.2707782882
0.2491256086
0.2341865237
0.2242118288
0.2186355088
0.2175674122
0.2201426516
0.2264555983
0.2392056767
0.2599390061
0.2881877556
0.3216465348
0.3646643934
0.4105927959
0.4583399480
0.5107571617
0.5617870758
0.6077139275
0.6449864232
0.6739903601
0.6917641465
0.7014267015
0.7074811866
0.7101522630
0.7108629047
0.7159360084
0.7320694845
0.7593733498
0.7860147414
0.7959255154
0.7979262208
0.7931093262
0.7916238736
0.7952346251
0.7970103901
0.7988734022
0.8025691574
0.8080613378
0.8156815242
0.8235019329
0.8312211766
0.8350913045
0.8393872558
0.8449780294
0.8467343286
0.8470767225
0.8493273465
0.8495034052
0.8474424176
0.8471910142
0.8486270900
0.8528493030
0.8594680449
0.8676932260
0.8688462022
0.8733802237
0.8781473705
0.8819614951
0.8860022335
0.8899275233
0.8914869309
0.8901567241
0.8891431388
0.8876182633
0.8840521111
0.8807425209
0.8796107831
0.8828027102
0.8885440826
0.8931692190
0.8971433255
0.9003250107
0.9024421943
0.9062871347
0.9073742818
0.9108085752
0.9125805036
0.9149689496
0.9156735132
0.9166243108
0.9180769811
0.9188635589
0.9184311270
0.9166727547
0.9137900131
0.9105021359
0.9082462712
0.9089787275
0.9126876939
0.9167953613
0.9229192863
0.9275423930
0.9287994632
0.9256083980
0.9222316868
0.9226381872
0.9249099626
0.9258869991
0.9232359277
0.9209047568
0.9138797217
0.9038284315
0.8965107417
0.8927841547
0.8938728256
0.8989702362
0.8984071170
0.8837955977
0.8524435243
0.8044983646
0.7570082449
0.7266537290
0.7232542139
0.7548592299
0.8083649634
0.8596572351
0.8956796832
0.9188232443
0.9321338322
0.9380203743
0.9410063126
0.9391105588
0.9342896272
0.9299724115
0.9276701457
0.9292204040
0.9337652932
0.9388427237
0.9434356863
0.9445513812
0.9427475495
0.9375551250
0.9282657268
0.9225732115
0.9173304111
0.9092006362
0.9100707398
0.9108067987
0.9122873720
0.9159282527
0.9202978144
0.9247376907
0.9295800196
0.9344106635
0.9384809874
0.9414667512
0.9420543693
0.9397493889
0.9386343658
0.9397872109
0.9441626619
0.9442940268
0.9425031596
0.9419144430
0.9389605106
0.9301056445
0.9195734103
0.9195893897
0.9365063866
0.9563386284
0.9650806811
0.9647118812
0.9605743221
0.9542232016
0.9490016234
0.9477146495
0.9463824826
0.9381427109
0.9194688967
0.8949914481
0.8762215490
0.8718053662
0.8823301951
0.9050877312
0.9269593311
0.9419673516
0.9539810133
0.9614457256
0.9639973095
0.9628556507
0.9591772736
0.9537839160
0.9481802300
0.9446133967
0.9442848115
0.9472995888
0.9520102899
0.9548427771
0.9572873774
0.9630373363
0.9616651233
0.9520350735
0.9326913935
0.9088330360
0.8899802137
0.8828589327
0.8908671946
0.9090366354
0.9282804858
0.9394605990
0.9412722554
0.9373576763
0.9313290743
0.9316114542
0.9368397164
0.9248484506
0.8835468609
0.8362073103
0.8104291232
0.8123531395
0.8404791651
0.8845565845
0.9271530587
0.9501868167
0.9584218411
0.9667429008
0.9742277967
0.9786969180
0.9807136143
0.9784233120
0.9737309018
0.9708504417
0.9706619753
0.9718686194
0.9707330489
0.9671427515
0.9643934857
0.9588847160
0.9509648290
0.9475428513
0.9438796207
0.9470998903
0.9528008645
0.9619289541
0.9720783285
0.9770271744
0.9776212185
0.9755028072
0.9747030691
0.9749431579
0.9760485782
0.9777320112
0.9804358193
0.9839751289
0.9853746461
0.9848141954
0.9857472385
0.9869858962
0.9875798130
0.9870719531
0.9854894578
0.9864502726
0.9868521187
0.9905810217
0.9909612146
0.9909477253
0.9867437817
0.9870563811
0.9888197158
0.9868046324
0.9868308633
0.9893162727
0.9893482718
0.9880346587
0.9885761114
0.9891066768
0.9881271998
0.9878016785
0.9874032141
0.9857512396
0.9858593182
0.9810268663
0.9762810889
0.9708323106
0.9679831767
0.9645004907
0.9632431357
0.9661285108
0.9687475294
0.9727028836
0.9787660560
0.9821797365
0.9843969407
0.9878269480
0.9888341304
0.9868402661
0.9845988372
0.9819367109
0.9818670710
0.9804126207
0.9781394897
0.9746893135
0.9682096014
0.9609602724
0.9525431607
0.9501795196
0.9577847047
0.9663450216
0.9731656040
0.9763532625
0.9697722761
0.9576942313
0.9463106819
0.9408636557
0.9419936867
0.9463861489
0.9521675588
0.9551287066
0.9491937820
0.9369327440
0.9265029342
0.9235070362
0.9275246470
0.9407163592
0.9593330268
0.9710545798
0.9808644986
0.9846175144
0.9847107760
0.9846350954
0.9838325603
0.9817862923
0.9793904652
0.9770098993
0.9755720549
0.9759487541
0.9769779397
0.9739670493
0.9648527867
0.9631689010
0.9651068068
0.9687992020
0.9739607236
0.9776386790
0.9773615649
0.9740662427
0.9716409637
0.9718409626
0.9733255112
0.9757402616
0.9782935633
0.9777805570
0.9711347879
0.9597261947
0.9506953968
0.9473284443
0.9444841074
0.9390909175
0.9343135775
0.9319072298
0.9264803347
0.9222309089
0.9273343375
0.9371096493
0.9457454529
0.9593105492
0.9731092010
0.9820286036
0.9876049339
0.9867773923
0.9870714978
0.9874729934
0.9873689129
0.9884029016
0.9882094060
0.9842898882
0.9790863887
0.9760059326
0.9755840608
0.9780929263
0.9838440689
0.9893266220
0.9900739112
0.9879804927
0.9866711617
0.9823977921
0.9745611879
0.9670504578
0.9658863956
0.9675416431
0.9691252672
0.9722023239
0.9726860146
0.9655580792
0.9546582224
0.9491775426
0.9522731506
0.9592450999
0.9677521650
0.9788772273
0.9841589677
0.9823995237
0.9727805267
0.9472522755
0.9080189633
0.8707961164
0.8387757704
0.8274634258
0.8462646010
0.8793949503
0.9081529825
0.9290616573
0.9426216897
0.9480117646
0.9514848087
0.9589391630
0.9659643144
0.9695290071
0.9737366531
0.9775386670
0.9813272288
0.9852249106
0.9845666190
0.9853122245
0.9842828446
0.9775801558
0.9666858800
0.9585873070
0.9579187597
0.9587084339
0.9579433171
0.9610164191
0.9672799026
0.9734598135
0.9801780505
0.9863634311
0.9893158321
0.9899733686
0.9896604663
0.9890389996
0.9837786573
0.9760775843
0.9689284010
0.9647427372
0.9673896277
0.9703923310
0.9774182473
0.9838518727
0.9869786935
0.9912422559
0.9908724987
0.9904527194
0.9901656846
0.9885872413
0.9873103980
0.9870589049
0.9877698445
0.9897546766
0.9920182380
0.9935512897
0.9970333354
0.9994659376
1.0011749153
1.0024761938
0.9985061377
0.9970785311
0.9991563671
0.9981190666
0.9977838036
0.9983030925
0.9989337966
1.0001367515
1.0006764195
1.0009405193
0.9998575064
0.9994624681
1.0018329337
1.0026154832
1.0018315394
0.9998385308
1.0002959734
0.9998689329
0.9976995670
0.9948578202
0.9892221343
0.9833885879
0.9779694067
0.9708208773
0.9662919293
0.9624209876
0.9633634205
0.9710209651
0.9808047074
0.9891179267
0.9914187546
0.9899941783
0.9914117686
0.9933488822
0.9940908594
0.9946815601
0.9952940543
0.9932765501
0.9916838467
0.9907649398
0.9872858119
0.9822392872
0.9735788837
0.9583996776
0.9418232635
0.9283221089
0.9226598519
0.9221788311
0.9119111758
0.8711519762
0.7984008792
0.7200773688
0.6701048765
0.6706013026
0.7235725836
0.8056017801
0.8846967259
0.9323008421
0.9549366855
0.9654476324
0.9688382863
0.9717278938
0.9770913236
0.9789216158
0.9617270211
0.9162236538
0.8489050461
0.7860921933
0.7497370923
0.7542669797
0.8004160747
0.8640551651
0.9153587945
0.9416747704
0.9460352431
0.9474099206
0.9523964607
0.9604570628
0.9708565037
0.9813318505
0.9863899100
0.9887117495
0.9913715941
0.9924868627
0.9931218103
0.9938203098
0.9928501979
0.9921689986
0.9938596864
0.9953376792
0.9953595434
0.9941697217
0.9926336683
0.9924920534
0.9926759793
0.9942315141
0.9957507402
0.9937496111
0.9926237247
0.9913364803
0.9876917813
0.9846012510
0.9831077408
0.9813700995
0.9804464430
0.9806218220
0.9801187362
0.9811144794
0.9841624194
0.9856318459
0.9848651746
0.9832740444
0.9819938692
0.9835415361
0.9876004555
0.9908903733
0.9925826917
0.9897458738
0.9848698631
0.9790026171
0.9762853695
0.9790238971
0.9838795117
0.9899143965
0.9942851509
0.9902414548
0.9705847895
0.9366626433
0.8997792220
0.8745281917
0.8710292051
0.8888612150
0.9208849754
0.9565660917
0.9820267051
0.9940873926
0.9994524368
0.9997306505
0.9991637072
1.0007839621
0.9965502666
0.9925862502
0.9917300416
0.9832381172
0.9648336033
0.9425567836
0.9221427406
0.9151138386
0.9248394622
0.9455561005
0.9679198338
0.9829689229
0.9863377981
0.9799147393
0.9687156055
0.9556536535
0.9403608782
0.9322829900
0.9398018319
0.9525169507
0.9708328650
0.9850329513
0.9871347922
0.9826060591
0.9806258737
0.9801400576
0.9839700499
0.9896714532
0.9956966791
0.9992858981
0.9999802799
1.0004177615
1.0004361043
0.9989557806
0.9965856361
0.9911543492
0.9867126569
0.9872394250
0.9887871831
0.9911887575
0.9955978755
0.9968109926
0.9953745408
0.9968856467
0.9996318158
1.0004425920
0.9996776790
1.0005524678
0.9996635106
0.9983156612
1.0000644393
1.0025989251
1.0021523048
0.9999236293
0.9984215669
0.9964695051
0.9949383233
0.9938288178
0.9926213076
0.9917821936
0.9830443643
0.9737892928
0.9658850236
0.9546753911
0.9463323688
0.9480892501
0.9566790648
0.9665575633
0.9756838838
0.9825572643
0.9874330216
0.9896228576
0.9892838996
0.9897050626
0.9901300374
0.9891516818
0.9915952656
0.9928284088
0.9971443248
0.9997110916
1.0003984022
1.0010222317
0.9982336829
0.9941436416
0.9919289266
0.9898521928
0.9868632183
0.9837498934
0.9812706735
0.9828876750
0.9869805383
0.9909600457
0.9947673467
0.9970328655
0.9987704902
1.0012525447
1.0005685946
0.9991948905
1.0021814287
1.0028369089
1.0000313069
0.9963652861
0.9911424257
0.9806813385
0.9539087425
0.9208247242
0.8926486665
0.8803218182
0.8904229768
0.9187989516
0.9514857325
0.9741457062
0.9834613509
0.9860084951
0.9871362145
0.9881628323
0.9885754335
0.9902049176
0.9925948492
0.9861609102
0.9712761626
0.9619247374
0.9563224088
0.9567904078
0.9635609831
0.9720842753
0.9780664622
0.9802589712
0.9809688027
0.9821618933
0.9841350737
0.9879662716
0.9930572037
0.9959689908
0.9973920469
0.9999269135
0.9990109342
0.9999368199
0.9993038941
1.0006129097
0.9987056449
0.9943815433
0.9873936244
0.9842848102
0.9790949287
0.9735202765
0.9692316458
0.9698779271
0.9749295581
0.9818880475
0.9863792709
0.9881280484
0.9885146134
0.9883411001
0.9908141128
0.9933488020
0.9948044135
0.9974138101
0.9976877428
0.9948773400
0.9945028398
0.9871378074
0.9689399509
0.9537100358
0.9462080591
0.9483953816
0.9617098615
0.9799241696
0.9935357393
0.9985675871
1.0007140411
1.0032321877
1.0055998150
1.0061552790
1.0017549093
0.9978016857
0.9957718398
0.9907411239
0.9751684100
0.9322025851
0.8754630607
0.8231550055
0.8006885998
0.8121837601
0.8540537468
0.9075569149
0.9451257911
0.9563471707
0.9546913365
0.9484125271
0.9449600404
0.9506022888
0.9619031709
0.9727613173
0.9822482607
0.9893393841
0.9895083360
0.9912941804
0.9938244052
0.9962606020
0.9957939769
0.9997901140
1.0021393114
1.0022771833
1.0012583160
1.0009716268
0.9988391519
0.9942844267
0.9904058904
0.9897765956
0.9909443835
0.9924648717
0.9957823952
1.0000210693
1.0026365036
1.0044882835
1.0022145973
0.9980145993
0.9922609365
0.9923901823
0.9915036058
0.9927472541
0.9989540642
0.9983648837
0.9919602371
0.9869688131
0.9825074294
0.9798143381
0.9807416777
0.9832514010
0.9855328516
0.9870283327
0.9870172647
0.9844185671
0.9789517746
0.9727310218
0.9670529980
0.9631862247
0.9623367186
0.9646684340
0.9744257694
0.9887644124
0.9994958967
1.0033534543
1.0018877193
0.9998635176
1.0008903419
1.0038048050
1.0059209983
1.0050409077
1.0000390202
0.9898919550
0.9785578640
0.9733748510
0.9735854983
0.9733677932
0.9740363675
0.9759223160
0.9740049297
0.9725298295
0.9713118695
0.9694949094
0.9779943517
0.9910736221
0.9993526711
1.0034879361
1.0044804688
1.0030051729
1.0021703997
1.0039363280
1.0052620547
1.0042037909
1.0026934902
1.0026890733
1.0043644364
1.0057670842
1.0052978756
1.0056388136
1.0052835737
1.0068903275
1.0065211331
1.0053752537
1.0028673751
1.0045852291
1.0057902654
1.0023689285
0.9980022293
0.9920234383
0.9889974402
0.9884545704
0.9889432520
0.9913990852
0.9945095964
0.9979497110
1.0012381291
1.0001850742
1.0007383566
1.0014617857
1.0024607508
0.9987166887
0.9997793818
0.9986585226
1.0008686697
1.0026895247
1.0053051469
1.0042412599
1.0041414445
1.0038782374
1.0010870339
0.9978104182
0.9955135261
0.9947485467
0.9942571453
0.9930174060
0.9927418427
0.9929273394
0.9927106943
0.9907839637
0.9908635434
0.9902645741
0.9875750582
0.9865608874
0.9884932997
0.9869236485
0.9865585064
0.9862963714
0.9858226843
0.9880390541
0.9936379241
0.9973694909
0.9980587184
0.9978283178
0.9980197451
0.9980819620
0.9967556695
0.9960455033
0.9971034437
0.9991425785
1.0014420307
1.0022587845
1.0013142236
0.9994806414
0.9995369519
0.9953037300
0.9932719627
0.9941934629
0.9959941409
0.9981714118
0.9986126661
0.9995205161
1.0024541159
1.0042200948
1.0031089732
1.0006489423
0.9979098682
0.9954331261
0.9920654714
0.9896363677
0.9912442773
0.9945291047
0.9989919226
1.0020653004
1.0049367919
1.0054702509
1.0054427241
1.0066816048
1.0066431996
1.0067159794
1.0060887866
1.0058660347
1.0069194307
1.0070799981
1.0060528679
1.0054542941
1.0054038964
1.0060767887
1.0056144767
1.0037421366
1.0040438607
1.0025688414
0.9993217029
0.9975559558
0.9951281828
0.9908574373
0.9873610994
0.9866237743
0.9877185092
0.9916773207
0.9976246767
1.0010994334
1.0020716311
1.0014584386
0.9983383568
0.9934564149
0.9895145803
0.9884205056
0.9894097994
0.9922071046
0.9976866743
1.0011237894
1.0023678554
1.0016249767
0.9998308039
0.9993432791
0.9971480872
0.9950231368
0.9936331345
0.9919377389
0.9902194780
0.9893309679
0.9892853408
0.9916550601
0.9956477489
0.9979309905
0.9999160252
1.0038463556
1.0054297371
1.0043436263
1.0021637001
1.0030036522
1.0053261118
1.0059116839
1.0026105428
1.0010613642
0.9968830236
0.9933420018
0.9915015796
0.9902938473
0.9910236632
0.9929348856
0.9944409527
0.9957769487
0.9980480167
1.0005443216
1.0008792966
0.9989821446
0.9978549593
0.9982322855
1.0001216377
1.0032847886
1.0017208629
0.9997230023
0.9970763284
0.9899812596
0.9815239836
0.9710882680
0.9611148103
0.9565968481
0.9588978888
0.9695652016
0.9854463148
0.9983510038
1.0044393520
1.0053620388
1.0044744859
1.0049741277
1.0043811459
1.0036164200
1.0066715192
1.0076538203
1.0056657313
1.0050935321
1.0036167516
1.0029640113
0.9995900459
0.9937673706
0.9878685851
0.9808185584
0.9770208012
0.9785875223
0.9827680304
0.9894455295
0.9993043884
1.0058782717
1.0046540333
1.0031957804
1.0049834197
1.0053666937
1.0063215901
1.0068911453
1.0048932848
1.0024365312
1.0012375511
1.0016196508
1.0001974080
0.9924525900
0.9776058973
0.9549515014
0.9301401253
0.9169936677
0.9189999532
0.9339272594
0.9574952578
0.9787321267
0.9880340145
0.9873758639
0.9834567348
0.9786763248
0.9791697911
0.9810855334
0.9878630845
0.9950139159
0.9957851376
0.9973479076
1.0003325254
0.9979461345
0.9967774862
0.9972527674
0.9955332618
0.9923914086
0.9893079207
0.9864588032
0.9822655417
0.9786090130
0.9810527310
0.9878337017
0.9935163377
1.0003144614
1.0033600975
1.0049391927
1.0029853440
1.0019768147
1.0018440260
0.9977255502
0.9982689554
0.9995706482
0.9980981924
0.9971986059
0.9916273894
0.9848835849
0.9806407469
0.9823372404
0.9880947628
0.9928262095
0.9982924114
1.0038704175
1.0022791532
0.9984604854
0.9974080767
1.0011918891
1.0009484513
1.0031262251
1.0014016149
0.9981545578
0.9977372239
0.9942305252
0.9896022894
0.9863084755
0.9850356577
0.9849476829
0.9862138391
0.9895288242
0.9934662797
0.9953532848
0.9951328321
0.9951423273
0.9953866422
0.9936609156
0.9906897408
0.9888150015
0.9862688744
0.9855284075
0.9856954927
0.9827101741
0.9791365118
0.9783213727
0.9794022564
0.9779190854
0.9738446062
0.9707534521
0.9687531766
0.9662548825
0.9670371234
0.9730226034
0.9808250277
0.9884604193
0.9921061194
0.9924343365
0.9920793001
0.9861336606
0.9815131043
0.9795119235
0.9736282942
0.9716366783
0.9596491699
0.9406447278
0.9215981760
0.9098523125
0.9056160041
0.8972778088
0.8723061708
0.8344586711
0.8043029759
0.8001555735
0.8229031176
0.8587802888
0.8883794139
0.8972981090
0.8933547233
0.8921850088
0.9041949552
0.9276855714
0.9527956687
0.9695388133
0.9803293576
0.9864647335
0.9896493652
0.9887670546
0.9868689125
0.9860713309
0.9852012891
0.9812814174
0.9710168259
0.9533376070
0.9329848051
0.9196592893
0.9206056755
0.9352964820
0.9576983915
0.9773053856
0.9904444243
0.9934630667
0.9842674455
0.9744955098
0.9691961494
0.9674638583
0.9687355935
0.9782060340
0.9882993286
0.9951176563
0.9974286031
0.9982995239
0.9988392232
0.9985297971
0.9972453107
0.9943116639
0.9942671993
0.9957056517
0.9949423194
0.9978068696
1.0003750949
0.9989256201
1.0004070689
1.0011419796
0.9999109615
0.9972438977
0.9974993167
0.9998832404
1.0000283414
1.0011788721
1.0019935126
1.0003772752
0.9990092333
1.0004408053
1.0021734186
1.0001255968
0.9971036440
0.9994889869
1.0020042799
0.9970775094
0.9979860428
0.9990107012
0.9934199587
0.9956258489
0.9931422041
0.9905700543
0.9883929031
0.9874523387
0.9860480613
0.9876838007
0.9920325988
0.9950575552
0.9958502081
0.9968608048
0.9997939994
1.0027206465
1.0029409542
1.0030206729
1.0024210708
1.0015078207
1.0012492663
1.0017475909
1.0012411913
1.0005160173
1.0014342265
1.0015615350
0.9989163162
0.9950663040
0.9865919723
0.9683223474
0.9470506619
0.9288139490
0.9145667144
0.9114242679
0.9237998267
0.9409528066
0.9551487918
0.9712348113
0.9874038665
0.9961523223
1.0007098364
1.0036875691
1.0026539694
1.0012751120
0.9998699756
0.9989029539
1.0001783997
1.0020355270
1.0031091350
0.9979998679
0.9929836517
0.9904451554
0.9896674671
0.9919432030
0.9963195762
1.0016220901
1.0050178648
1.0018720596
0.9990388525
0.9984672713
1.0007178795
1.0036215606
1.0063492522
1.0069785486
1.0033475352
1.0024912253
1.0021178607
0.9998404750
0.9974348894
0.9948748807
0.9886025146
0.9807579712
0.9744624702
0.9702448091
0.9699237696
0.9744999880
0.9819166627
0.9893519672
0.9915736919
0.9912273041
0.9967501841
0.9948698953
0.9857216320
0.9755448172
0.9725900420
0.9760202746
0.9803008886
0.9852445032
0.9889162140
0.9930865661
0.9938721431
0.9934533731
0.9881015404
0.9651564089
0.9149429912
0.8404194439
0.7672541900
0.7264003717
0.7300721838
0.7757950101
0.8508405390
0.9184505291
0.9606062477
0.9813999510
0.9902238096
0.9957060911
0.9981599569
0.9966147360
0.9956554934
0.9942497389
0.9930548770
0.9958833871
1.0008864086
1.0030651015
1.0022144107
1.0011196034
1.0013525778
1.0021523831
0.9993790575
0.9960051887
0.9922033285
0.9894685729
0.9821697465
0.9830830023
0.9859097826
0.9882498692
0.9906113705
0.9947968361
0.9963539314
0.9978109757
1.0004073309
1.0015504476
1.0012018343
1.0010192619
1.0006119732
1.0002428547
1.0005277261
0.9997065586
1.0017499742
1.0004503787
0.9991668306
1.0016495199
1.0005062385
0.9963342828
0.9961545857
0.9932736472
0.9937973801
0.9924253614
0.9902876188
0.9866292940
0.9806984730
0.9758356362
0.9735268778
0.9742215859
0.9802887922
0.9901847108
0.9968486806
0.9984278998
1.0022939525
1.0038191322
1.0048057591
1.0020867259
0.9986708051
1.0013636270
1.0013242575
1.0022644231
1.0012062408
0.9982775536
0.9951665503
0.9907853868
0.9849619928
0.9801404351
0.9800188302
0.9840921764
0.9894186745
0.9954819527
1.0013657651
1.0049051127
1.0034239326
0.9997246137
0.9963161480
0.9905150222
0.9827634386
0.9787148471
0.9811665222
0.9865398149
0.9940792137
1.0002327762
1.0043582201
1.0014136985
0.9978566491
0.9971924244
0.9975298799
0.9977622417
0.9992735937
1.0028471032
1.0046578445
1.0037375206
1.0041888567
1.0063529022
1.0067796539
1.0061592017
1.0032842573
1.0042697503
1.0064233794
1.0068260327
1.0030053889
1.0007598292
1.0003516174
1.0002145852
1.0004302580
1.0005745863
1.0001766177
1.0000851938
1.0012657895
1.0032513942
1.0046837581
1.0046969579
1.0028218073
0.9993283982
0.9990469990
1.0035714949
1.0001456860
0.9995610565
0.9989420850
1.0023963357
1.0032067711
1.0026140994
1.0020682201
1.0011926396
1.0016535422
1.0020245891
0.9998717873
0.9974884833
0.9956484227
0.9948142350
0.9973011498
0.9968194654
0.9996097488
1.0007596154
0.9961457616
0.9948469200
0.9954629661
0.9949157345
0.9964959046
0.9969712504
0.9963385857
0.9927296350
0.9915271599
0.9942317888
0.9984727019
1.0026650067
1.0039190572
1.0025047493
1.0005943111
0.9999361668
1.0028777113
1.0039364479
1.0013777342
1.0030242800
1.0015129913
0.9977093436
0.9955181860
0.9925875120
0.9894489642
0.9852300885
0.9794531939
0.9745577369
0.9742169120
0.9784096793
0.9852127111
0.9945102134
0.9995953959
1.0016082831
1.0037195385
1.0018044011
1.0000236945
1.0004170675
1.0020193586
1.0022570135
1.0037138561
1.0051358132
1.0016771719
1.0008071159
1.0016193826
0.9981825182
0.9925902569
0.9904847498
0.9936680667
0.9958977057
0.9967239838
0.9981750923
0.9998823230
1.0000126900
0.9985592257
0.9965186170
0.9942051433
0.9949341952
1.0003254162
1.0035563119
1.0018257919
1.0015034518
1.0002987467
0.9987059536
0.9965817702
0.9973287016
0.9951441939
0.9930269511
0.9935479279
0.9975194777
0.9987909048
0.9970075022
0.9958609156
0.9973953569
1.0009202021
1.0034794502
1.0029021435
1.0004306881
0.9992609526
0.9970220678
0.9956183019
0.9936823495
0.9997968434
0.9992483109
1.0022714744
1.0043783158
1.0026404545
1.0009118740
0.9995766163
1.0003645338
1.0011382884
1.0008762778
1.0023463630
1.0044046671
1.0043800795
1.0044928552
1.0044716981
1.0020247744
1.0040317181
1.0048142581
1.0047026865
1.0051725405
1.0057181007
1.0039028672
1.0011336806
0.9996303661
1.0016991461
1.0016950680
1.0021460776
1.0033041130
1.0032380843
1.0007650309
0.9994285788
1.0011726906
1.0028336572
1.0024039615
1.0022848341
1.0036007433
1.0023037451
1.0023168736
1.0013887995
0.9994714481
0.9973385577
0.9945437417
0.9903213799
0.9847655327
0.9855867538
0.9848343843
0.9855885488
0.9900214960
0.9943888268
0.9982689205
0.9995799193
0.9988101561
0.9963678870
0.9913849866
0.9885921025
0.9897127335
0.9931507961
0.9953546311
0.9997030358
1.0017385092
1.0033493571
0.9997382832
0.9935485075
0.9886012552
0.9778275596
0.9654237729
0.9584621024
0.9559328104
0.9589243962
0.9660087846
0.9736329691
0.9804139108
0.9873174251
0.9942810471
0.9981914937
0.9955002101
0.9872903967
0.9826049470
0.9824403807
0.9829125047
0.9864279941
0.9949114378
1.0025330230
1.0029892329
1.0027139657
1.0021527929
1.0015632131
1.0016379278
0.9991247948
0.9972560007
0.9991974053
1.0003230837
0.9996757574
1.0008797949
1.0005284387
0.9965989557
0.9937726320
0.9891684714
0.9774219900
0.9553230511
0.9213161274
0.8865961335
0.8423308510
0.7835574052
0.7417031803
0.7362928585
0.7593161125
0.8111494766
0.8806049419
0.9410642373
0.9775560774
0.9927468186
0.9945509522
0.9933433043
0.9960161490
0.9977972097
0.9978341749
0.9968179476
0.9932668878
0.9924327079
0.9885286924
0.9926544404
0.9951637348
0.9971629282
0.9986629834
0.9987788417
0.9991922246
1.0000750793
0.9988178425
0.9957029502
0.9910467301
0.9847601546
0.9775410765
0.9714619396
0.9689542900
0.9698363918
0.9726681322
0.9733051390
0.9726481221
0.9737484225
0.9773201504
0.9800465440
0.9882594464
0.9921162037
0.9912870225
0.9932756357
0.9932219817
0.9942064733
0.9953909751
0.9974220103
0.9988060321
0.9991379973
0.9975936677
0.9957772443
0.9963722574
0.9920172275
0.9855085127
0.9856233523
0.9878297875
0.9919976182
0.9925714283
0.9933738838
0.9988817571
0.9995090023
0.9955131092
0.9948882937
0.9941925533
0.9920886623
0.9899668866
0.9860086018
0.9829301737
0.9821040748
0.9816928545
0.9810347053
0.9793943041
0.9763166052
0.9718936340
0.9701042016
0.9735991900
0.9837367315
0.9912593991
0.9952179092
0.9960056008
0.9952164641
0.9930828438
0.9892313848
0.9860807225
0.9849177560
0.9863903064
0.9860355928
0.9871388691
0.9903430617
0.9919141642
0.9921071285
0.9908110616
0.9889549917
0.9906915496
0.9923967735
0.9949329023
0.9945101175
0.9918765843
0.9854089037
0.9831866281
0.9824088634
0.9850759439
0.9892200004
0.9940855908
0.9987391933
1.0018583924
1.0028580270
1.0025025039
1.0033042812
1.0040801808
1.0033114646
1.0034167645
1.0023840173
0.9990475042
0.9998945610
1.0000585267
1.0009407206
1.0008959775
1.0022483893
1.0016077364
1.0011444705
1.0010783649
1.0021733655
1.0033586802
1.0037943676
1.0021570497
0.9975380812
0.9904694663
0.9852839226
0.9850341680
0.9867627112
0.9881226611
0.9921622027
0.9989742297
1.0027835668
1.0026214412
0.9982744880
0.9950104291
0.9941132502
0.9940312982
0.9922660605
0.9878949811
0.9871358371
0.9878071056
0.9893703719
0.9923279849
0.9927420002
0.9905421870
0.9896256201
0.9904738914
0.9912902497
0.9922878377
0.9940051405
0.9955314233
0.9939007036
0.9901136174
0.9908266769
0.9892627383
0.9920377810
0.9953443389
0.9991681843
0.9994650543
1.0008246957
1.0018709488
1.0027840898
1.0034426023
1.0028442208
1.0017430826
1.0015033034
1.0013224985
0.9993606269
0.9989341507
1.0015114440
0.9977890376
0.9970915856
0.9986448827
0.9955826277
0.9964234618
0.9993197163
1.0000132265
1.0001381566
0.9980246626
0.9975806256
0.9986216929
1.0010250089
1.0017977575
1.0025367390
1.0029441701
1.0019076974
1.0020835094
1.0030874324
1.0007251180
0.9969574848
0.9955052980
0.9948807361
0.9951198377
