#flux
0.9956766505
1.0100126472
0.9854798349
0.9803232204
1.0069470090
0.9735986707
0.9503422702
0.9808769057
1.0026034553
1.0050781763
1.0131913907
1.0175076605
0.9914269355
0.9608351127
0.9577647881
0.9797334086
1.0042967557
0.9870938767
0.9636018178
0.9663169294
0.9747423977
0.9711409886
0.9962370820
0.9812456654
0.9880334542
0.9794469624
0.9713226606
0.9613107473
0.9623273154
0.9793487645
0.9863028430
0.9716294346
0.9756924817
0.9863650713
0.9809176027
0.9777997692
0.9533675147
0.9316497916
0.9394922553
0.9636422936
0.9832764340
1.0154321924
1.0018842958
0.9704143049
0.9787635850
0.9667909381
0.9376538662
0.9286317705
0.9444442700
0.9550054569
0.9525796945
0.9566571931
0.9616940533
0.9610412860
0.9521069022
0.9390483167
0.9671658295
1.0085066238
1.0106807318
0.9877124815
1.0023608077
1.0305942660
0.9684006686
0.9709419078
0.9797493591
0.9723316907
0.9660753403
0.9596533160
0.9372880516
0.9117421231
0.9042309698
0.9108167401
0.9163086356
0.9171895881
0.9291766865
0.9545004283
0.9572653616
0.9569066286
0.9699299754
0.9450618170
0.9311694139
0.9173560572
0.9113110993
0.9031998247
0.9468695223
0.9672291439
0.9415194760
0.9086634928
0.8786912286
0.8438880083
0.8008604497
0.7842026213
0.8049957169
0.8447149285
0.8938154829
0.9151312186
0.9010625690
0.8885759631
0.9059665220
0.9153530668
0.8787617223
0.9044276617
0.8653097393
0.8814273415
0.9116373865
0.9433814892
0.9550224834
0.9380070798
0.9383362284
0.9443545984
0.9431034489
0.9321755894
0.9136486074
0.9086950034
0.9199887260
0.9324696940
0.9469102559
0.9552249979
0.9398656091
0.9287745964
0.9608228013
0.9592593875
0.9327324583
0.9639228822
0.9674557671
0.9542046392
0.9328217555
0.9075141516
0.9206825249
0.9302476575
0.9257971850
0.9150728937
0.9028310138
0.9083478929
0.9076046771
0.9205140058
0.9148069718
0.8996279189
0.9128161839
0.8995796472
0.9094322340
0.9158592808
0.9052239644
0.8786107871
0.8982195057
0.9335336441
0.9326859448
0.9099778652
0.9128655530
0.9279445686
0.9244250812
0.9113240540
0.9001138420
0.8979244346
0.9176692210
0.9170902218
0.8922386301
0.8463770100
0.8196723870
0.8618657148
0.8593653353
0.8378977667
0.8639783347
0.8759606349
0.8720392777
0.8787245380
0.8849129396
0.8705796239
0.8496518080
0.8523484743
0.8669470645
0.8568818816
0.8281291613
0.8174933687
0.8278024494
0.8282755578
0.8052270629
0.7815022895
0.7892861298
0.8166082316
0.8284846430
0.8580161924
0.8413069289
0.8563231996
0.8545698797
0.8358758148
0.8300924319
0.8223049764
0.8103764333
0.8151670195
0.8166643055
0.7865730953
0.7454777543
0.7167237531
0.7025282073
0.6843581283
0.6991848356
0.6882881297
0.6580486058
0.6303091125
0.5947602250
0.5477139090
0.5018093730
0.4766107291
0.4293362481
0.3821828038
0.3482537628
0.3201701011
0.3008933676
0.2847194149
0.2644389460
0.2571178281
0.2643163268
0.2683203819
0.2981133185
0.3066253264
0.3175693185
0.3446308958
0.3459001794
0.3599848605
0.4103679411
0.4607345479
0.5027754398
0.5654430962
0.5908007769
0.6237569575
0.6659405136
0.7117521220
0.7365260186
0.7423387537
0.7514916238
0.7523933913
0.7588128383
0.7755637413
0.7744083791
0.7731533073
0.7680452080
0.8002138505
0.7894763308
0.8027072145
0.8283693040
0.8302386946
0.8345900298
0.8536526499
0.8591237723
0.8462295824
0.8330649910
0.8463354184
0.8614951226
0.8578242064
0.8724353157
0.9005019528
0.8932943548
0.8870791593
0.8878033621
0.8627809591
0.8395822344
0.8627052589
0.8607342805
0.8675239814
0.8716041959
0.8942324438
0.9160976108
0.9195150904
0.9103161945
0.8933796151
0.8721614675
0.8755959279
0.9247674405
0.9490654872
0.9248854016
0.9369517248
0.9183586823
0.9033046568
0.9246425440
0.9326385509
0.9367549870
0.9398915856
0.9225512427
0.9258800654
0.9494863061
0.9684596996
0.9650396060
0.9564079735
0.9477467107
0.9451447678
0.9726768692
0.9975407146
0.9779362440
0.9491252273
0.9422634231
0.9355835488
0.9395002980
0.9309949993
0.9608760942
0.9687438214
0.9775178527
0.9677585148
0.9420478296
0.9425357451
0.9596643782
0.9531255521
0.9358190820
0.9351384850
0.9227446961
0.9071410782
0.9089668908
0.9185594831
0.9113429894
0.8992594262
0.9226967329
0.9511572278
0.9354747231
0.9052076376
0.9221169006
0.9455957796
0.9433971011
0.8613625661
0.7987476732
0.7862029172
0.7547960230
0.7381757172
0.7508051871
0.7920970571
0.8460992779
0.8883906171
0.9245959725
0.9353410688
0.9223065607
0.9292976352
0.9395725178
0.9607074718
0.9463626626
0.9519480645
0.9535396726
0.9338871083
0.9413998008
0.9605428505
0.9513655502
0.9942047287
0.9730397583
0.9468512160
0.9492990245
0.9456249381
0.9437072921
0.9343697231
0.8956687590
0.8613284469
0.8806005709
0.9367745053
0.9730037915
0.9784601218
0.9712141902
0.9670127631
0.9801077638
0.9579206040
0.9534081098
0.9836314208
0.9840106198
0.9664879539
0.9663976892
0.9754868845
0.9778372292
0.9847897282
0.9870545130
0.9888522553
0.9820895517
0.9727822738
0.9672935910
0.9249745994
0.8990269405
0.8974576764
0.9150829424
0.9539839880
0.9766203030
0.9573641240
0.9642280427
0.9343615037
0.9187722541
0.9287052646
0.9080208367
0.8932356684
0.9135856696
0.9525598065
0.9749261808
0.9730982546
0.9671686695
0.9646161470
0.9608743749
0.9655182566
0.9844842590
1.0114287893
0.9679281513
0.9643737138
0.9435106349
0.9231723567
0.9210223136
0.9276023160
0.9568445441
0.9877193134
0.9720038555
0.9331798331
0.8985006387
0.8813777221
0.8924047436
0.9025533156
0.9013223396
0.9106286682
0.9091289010
0.9068605841
0.9352098341
0.9623608479
0.9797373343
0.9991632207
0.9387242308
0.8443337198
0.8116962736
0.7932471792
0.8118354785
0.8564722966
0.8980352163
0.9258506461
0.9424417494
0.9615835427
0.9824371899
0.9913129555
0.9939886511
0.9990743023
0.9890716812
0.9715079441
0.9840831992
1.0038035724
1.0008071701
0.9759708117
0.9814259510
0.9909348501
0.9765254904
0.9616093133
0.9726271905
0.9875194984
0.9796805736
0.9735169808
0.9607002965
0.9522143492
0.9736642608
1.0009146310
0.9982141379
0.9807420995
0.9724807650
0.9641856269
0.9756604388
1.0019774032
1.0061062971
0.9970870564
1.0228225306
1.0496722078
1.0513094963
1.0529072378
1.0328791436
0.9974577408
0.9888820304
0.9980762702
1.0110245530
1.0096976038
0.9922753817
0.9831582928
0.9917621475
1.0114066533
1.0228785273
0.9967682414
0.9996247963
1.0200778513
0.9831006815
0.9621067334
0.9749283864
1.0052627648
1.0074217826
1.0054294663
0.9892523246
0.9777565400
0.9906595681
1.0005205710
1.0053732998
1.0042134380
0.9889938823
0.9841066179
0.9938717403
0.9916685325
1.0023514770
0.9886773792
0.9901267782
1.0245093488
1.0381190494
1.0142466329
0.9954203017
0.9733230306
0.9458531645
0.9742984747
0.9810137677
0.9933717838
0.9880188593
0.9588055784
0.9401833451
0.9472308587
0.9517983519
0.9343174560
0.9285771236
0.9534757436
0.9766195736
0.9609669263
0.9397256304
0.9536117721
0.9293213984
0.9604084272
0.9493292498
0.9609258658
0.9299537172
0.8891591299
0.9019240211
0.9410729179
0.9676595495
0.9700099769
0.9647637348
0.9665908808
0.9644588496
0.9560982596
0.9620806168
0.9809369911
1.0111834486
1.0254184786
0.9971672023
0.9912187400
0.9751304818
1.0038821433
0.9800790652
0.9715869181
0.9984379879
1.0030039183
0.9765352817
0.9577352922
0.9636781464
0.9830071715
0.9844496806
0.9806657805
0.9955097542
1.0020374143
1.0110092106
1.0061405469
1.0218371608
1.0150970148
0.9831026392
0.9607086138
0.9422107021
0.9590863576
0.9779032910
0.9552015069
0.9522807652
0.9667955857
0.9777795765
0.9701698990
0.9562406628
0.9414366879
0.9434856544
0.9629638757
0.9695616161
0.9727128152
0.9662164344
0.9628252675
0.9783405023
0.9893888596
0.9760061661
0.9638905410
0.9845543258
1.0183046581
1.0033508736
1.0188078828
1.0011557151
1.0283097636
1.0251434679
0.9909032098
0.9744166967
0.9781704386
0.9863117681
1.0019650001
1.0239961893
1.0101942515
0.9647626906
0.9565572565
0.9961203943
1.0175505912
0.9702922600
0.9678522365
0.9581671160
0.9689401224
0.9798699353
0.9407143238
0.9428027305
0.9493622086
0.9637915339
0.9718511369
0.9649242943
0.9507004507
0.9176614493
0.8745655469
0.8479035121
0.8298960335
0.8480689147
0.9082885057
0.9401010572
0.9560831922
0.9731926789
0.9680611163
0.9795297949
0.9959323421
0.9733331517
0.9809484303
1.0053779889
0.9991849042
0.9727996540
0.9707368628
0.9928317218
0.9976508060
0.9925247221
1.0034776474
0.9906491663
0.9689869235
0.9530548439
0.9300366526
0.9177366312
0.9517141414
0.9680612519
0.9785907916
0.9835230043
0.9852472483
0.9964165756
1.0101052822
1.0140343520
1.0052265855
0.9870913792
0.9822969710
1.0037792634
1.0065210183
0.9891274666
1.0023252988
0.9880681689
0.9905902825
0.9792253431
0.9855950833
0.9915715641
1.0239315747
1.0266369381
1.0081532073
0.9927209539
0.9897556687
0.9762242988
0.9551026124
0.9623981528
0.9798117667
1.0044182438
1.0110509430
1.0052721119
1.0167617828
1.0220386503
1.0161059176
0.9931550554
0.9614861482
0.9376123706
0.9631095848
1.0058073107
0.9797746570
0.9842341906
1.0298723206
1.0455258329
1.0348929868
1.0288615996
1.0344983165
1.0462065443
1.0383955331
1.0055083240
0.9954804809
1.0067252171
1.0020452047
0.9940518682
0.9684980944
0.9687869658
0.9987236743
1.0042401536
0.9959507409
0.9840862257
0.9677391660
0.9864399642
1.0023685812
0.9960670918
1.0135970887
1.0126865660
0.9915360135
0.9821162363
0.9776615808
0.9825198565
0.9839299448
0.9625918225
0.9596760582
0.9764439416
0.9456828661
0.9306363415
0.9100211401
0.8424340764
0.8392375201
0.8519716220
0.8506512049
0.8709407974
0.8887944466
0.8799825397
0.8288803139
0.7463708108
0.7093654613
0.7217168809
0.7499219699
0.8090546015
0.8773883138
0.9048578557
0.9151893139
0.9258841723
0.9292042480
0.9432298823
0.9524565975
0.9344621296
0.9375708586
0.9133532957
0.8680731995
0.8216175225
0.7808164928
0.7821389283
0.8157784830
0.8573316254
0.9197186529
0.9726837938
1.0032342385
1.0129387090
1.0157795804
1.0172973078
1.0036744876
1.0197683380
0.9939385091
0.9950069899
0.9821203916
0.9978849712
0.9786204320
0.9824919830
0.9938586599
0.9780547479
0.9532417223
0.9456606988
0.9645255629
0.9836245113
0.9744604785
0.9584099254
0.9745277196
0.9922895040
0.9827819971
0.9832112443
0.9905380948
0.9905685805
0.9789823439
0.9711795648
0.9686921527
0.9697392652
1.0021452054
1.0149678204
0.9813913573
0.9818459186
0.9982025070
0.9957979587
0.9992398449
1.0076369460
0.9920045055
0.9670877434
0.9658925447
0.9854541244
1.0145189685
1.0280226981
0.9900292972
0.9779969293
0.9473879622
0.9387685478
0.9637586535
0.9753482160
0.9608240050
0.9701304572
0.9764780456
0.9479671345
0.9201891563
0.8869730896
0.8721471291
0.8852462485
0.9153311106
0.9400307272
0.9485079691
0.9617835542
0.9781887569
0.9679781411
0.9817447540
1.0267117518
1.0139125502
1.0149296312
0.9991953150
1.0037216140
0.9406412553
0.9186456250
0.8890812877
0.8945107736
0.8993019848
0.9111973861
0.9511145444
0.9787767177
0.9702113134
0.9414827322
0.9327114793
0.9595275578
0.9777672437
0.9746931575
0.9881748928
1.0055362056
1.0061488591
1.0264429153
1.0614303785
1.0614259070
1.0296364521
1.0060621560
1.0035800750
1.0142632359
1.0021261863
0.9851395719
1.0126465826
1.0336663560
1.0174740135
0.9904787920
0.9576406967
0.9488368007
0.9927528271
1.0123939045
1.0303627734
1.0170898959
1.0045797026
1.0251341009
1.0333354531
1.0098646014
1.0096050743
1.0308304208
1.0240909581
1.0293153089
1.0189835271
1.0181357249
1.0068996673
1.0055825539
1.0095206026
1.0186708945
1.0392481205
1.0212008483
0.9951721598
1.0095419242
1.0147927518
0.9967650827
1.0035336930
0.9874547127
0.9915540061
0.9912813152
0.9989253234
1.0201362687
1.0032226141
0.9933991680
0.9963526403
0.9733648049
0.9610199298
0.9888987283
1.0141056985
1.0155267796
1.0139939710
1.0048795443
0.9855950366
0.9652657186
1.0043979631
1.0162200621
1.0048202342
0.9993135257
1.0315696930
1.0056164822
0.9932404327
0.9611326736
0.9370058688
0.9684047618
1.0135393464
1.0301001252
1.0306933496
1.0166439477
0.9967796954
0.9889167097
0.9869545802
1.0019324073
1.0181024301
0.9921142207
0.9720553007
0.9645234268
0.9560642094
0.9942525761
1.0034102771
0.9948604310
0.9921215589
0.9226454617
0.8682605579
0.8633392130
0.8917085448
0.9344038390
0.9735226942
0.9966720428
1.0086682153
1.0012195129
0.9903674164
1.0242614223
1.0032675055
0.9876213106
0.9905651542
1.0040259701
1.0062325812
0.9782469974
0.9453143885
0.9548144750
0.9923158087
1.0035565108
1.0034509280
0.9775634170
0.9460460502
0.9491936770
0.9586601854
0.9556861634
0.9658366506
0.9744969708
0.9706003602
0.9900939739
0.9987244291
1.0070607375
0.9896038282
0.9787169435
0.9861103922
1.0161193835
1.0109974017
0.9640783217
0.9721682456
0.9486828739
0.9577396882
0.9584084565
0.9451792952
0.9461116040
0.9712849923
0.9824318290
0.9690031039
0.9699218387
0.9739738340
1.0132548341
0.9807264085
0.9663867631
0.9986332698
0.9985369270
0.9524084668
0.9570415455
0.9411005578
0.9309127976
0.9107697839
0.9231744940
0.9657646955
0.9883720185
1.0043587083
1.0211503260
1.0238278375
1.0027544826
0.9563441073
0.9218504392
0.9254437486
0.9223242911
0.9296993111
0.9214936104
0.9254471973
0.8931497764
0.8208718840
0.7749328833
0.8073066837
0.7940642249
0.8353779495
0.8629971461
0.9192082387
0.9582358862
0.9649660477
0.9497343348
0.9250036483
0.9136127605
0.9222932761
0.9538421902
0.9623148002
0.9869128620
1.0064824112
1.0210355463
0.9923897471
1.0085648979
1.0411154293
1.0535634309
1.0528731193
1.0499563231
1.0376265062
1.0219910599
0.9959510885
0.9758237778
0.9808484916
0.9935747134
0.9962975085
0.9910355180
0.9780080502
0.9708755046
0.9680641339
0.9652071042
0.9874175512
0.9799724594
1.0203301718
1.0564695731
1.0208902425
1.0152394446
1.0326626920
1.0203941691
1.0195742335
1.0065820818
1.0032682772
1.0020979657
1.0093329633
1.0067636082
0.9837360379
0.9790814884
0.9774098740
0.9841656235
0.9712194602
0.9894709085
1.0116439467
0.9740402780
1.0080268191
1.0078816607
0.9871805152
0.9620539269
0.9789946295
0.9941264774
0.9932874007
0.9888448950
0.9673497649
0.9427982692
0.9367014845
0.9323180031
0.9175974480
0.9269368864
0.9658373079
0.9555108598
0.9226299411
0.9347957444
0.9841787173
0.9958564124
0.9814874007
0.9596134602
0.9281829333
0.9300212465
0.9440826682
0.9610975041
0.9957339261
1.0154071816
0.9989862590
0.9844045596
0.9825291550
0.9840325200
1.0015735516
1.0103850607
0.9960223224
0.9976378905
0.9914857147
0.9820670966
0.9529433949
0.9673816182
1.0016986181
0.9923765172
1.0046075711
1.0380231632
1.0330553531
1.0234318861
1.0058416646
1.0126768686
1.0305990722
1.0231090362
1.0206653604
1.0302266081
1.0135362825
1.0031632631
0.9942384879
0.9928606884
0.9893395990
0.9935967992
1.0240450686
1.0105761206
0.9759940932
0.9607421300
0.9672857577
0.9787374987
0.9843793885
0.9665993419
0.9718832383
0.9886580187
1.0039179011
1.0123744396
1.0101605566
1.0046536382
0.9934742495
0.9939957856
0.9877930277
0.9740536819
0.9707652405
0.9734623088
1.0175192676
1.0051210771
0.9769482694
0.9946870324
1.0045116812
0.9980103442
1.0024934306
0.9863367532
0.9636017137
0.9545440508
0.9574620131
0.9720165162
0.9859623456
0.9864572664
0.9897486104
0.9959992098
1.0035208820
0.9951420762
0.9782243763
0.9805534920
0.9949084095
0.9858706118
0.9874816500
1.0064762116
0.9994658225
1.0063219859
1.0091936557
0.9982095244
0.9835551465
0.9902016055
1.0254431517
1.0376504666
1.0067459498
0.9979657934
1.0194600893
1.0306221210
1.0130843099
1.0096846853
1.0077829375
0.9616364066
0.9788073351
1.0019108469
1.0020603789
1.0137492168
1.0049047193
0.9929126995
0.9985315075
1.0179909993
1.0256096316
1.0268811159
1.0224868539
1.0015006949
0.9985172340
1.0314198668
1.0381412262
1.0188551165
1.0364546838
1.0563115594
1.0144547815
0.9797398782
0.9816727750
0.9844951235
0.9997577995
1.0073889055
1.0289894976
1.0305097184
1.0256489546
1.0150116857
0.9921977743
0.9847561915
0.9906247506
0.9867755413
0.9891649917
0.9951488777
1.0021475061
1.0216535746
1.0127453434
1.0042359192
1.0088878356
1.0275447670
1.0162831399
1.0079845306
0.9932059067
0.9627106316
0.9864102400
1.0135752982
1.0249714098
1.0136981864
1.0180001953
1.0303828579
1.0250558512
1.0270395991
1.0257905121
1.0166969300
0.9987881039
0.9857634976
1.0080385331
1.0131520609
1.0223201799
0.9810441259
0.9538826823
0.9751027586
0.9964060991
0.9916069834
0.9778602020
0.9813270020
0.9907243231
1.0034907508
1.0020161027
0.9917966623
0.9880912353
0.9785326587
0.9838664690
0.9956920677
0.9988212630
0.9866433605
1.0150505711
1.0079014719
1.0089293395
1.0142007946
0.9937604239
0.9939473705
0.9941518755
0.9831772669
0.9660902070
0.9714035596
0.9924455234
0.9876007313
0.9680775942
0.9578356535
0.9312528400
0.9101832069
0.9446362083
0.9610040540
1.0059551707
1.0144049403
1.0262717875
0.9884325790
0.9788312441
0.9742917522
0.9861239148
0.9879242814
0.9931003385
1.0000228786
1.0053454887
1.0053802303
1.0037902720
1.0182071320
1.0224344757
1.0109044952
1.0186394271
1.0216138612
1.0242292520
1.0062139023
1.0250022838
1.0362838263
1.0118167817
1.0552261519
1.0328714738
0.9941466752
0.9589741722
0.9643635286
0.9656647667
0.9675860230
0.9590115210
0.9497749331
0.9589529824
0.9720240534
0.9746710714
0.9732204100
0.9640604941
0.9452977885
0.9263245597
0.9161147186
0.9265633670
0.9561279078
0.9840120171
1.0129862935
1.0210872301
1.0274975280
1.0135169708
1.0189376617
1.0208809624
0.9974171553
1.0007516480
1.0192669282
1.0080633109
0.9806870035
0.9843596791
1.0120995680
1.0122669283
0.9973398835
0.9956594766
0.9970538623
0.9971485878
1.0056839694
1.0204492735
1.0106419822
1.0005592643
1.0091465786
1.0054510255
1.0182890057
1.0231207965
1.0031455169
0.9872082633
0.9859788723
0.9987496683
0.9991503299
0.9778796031
0.9819006301
1.0071311948
1.0021506143
0.9492343717
0.9451975291
0.9597375822
0.9329911607
0.9322413078
0.9524592780
0.9837632713
0.9941394050
0.9675121677
0.9786582889
0.9713325180
0.9689143161
0.9822109795
1.0115381920
1.0314195481
1.0249986858
1.0156350494
0.9999095132
0.9765224772
0.9533322301
0.9376600485
0.9493804019
0.9513335443
0.9964617154
0.9982221520
0.9701363646
0.9461909017
0.9413534550
0.9591639482
0.9615159387
0.9702610637
0.9962463533
1.0023165101
0.9916615704
0.9715497479
0.9568477440
0.9825539962
1.0074862698
1.0045531550
0.9872684026
0.9638257919
0.9316663624
0.9259835772
0.9460461870
0.9247515772
0.9682075530
0.9805265041
0.9709197494
0.9479624394
0.9627592861
0.9886445881
0.9853299415
0.9766452114
0.9749627472
0.9553342321
0.9205122729
0.9017113882
0.8965089999
0.8684190006
0.8640285718
0.8857592227
0.8701267095
0.8420334052
0.8010755296
0.7397921600
0.7632675565
0.8177154551
0.8501421158
0.8680246834
0.8721972759
0.8607221804
0.8802597076
0.9014064845
0.9122602805
0.9390746315
0.9626409194
0.9792317711
0.9645409412
0.9561021474
0.9712128445
0.9723291121
0.9889514476
0.9849011139
0.9683419252
0.9657688448
0.9421424594
0.8948584263
0.8941456056
0.8910657414
0.8941031093
0.9249053303
0.9645473372
0.9789373176
0.9750898177
0.9801569033
0.9763405961
0.9457954924
0.9327970618
0.9463476622
0.9503240863
0.9708505859
1.0175768741
1.0031274252
1.0004163756
0.9936820666
0.9768822041
0.9656433409
0.9688516064
0.9851621760
0.9995660320
1.0028350485
0.9883086257
0.9783448145
0.9947666542
1.0134820344
1.0146565500
1.0177777832
1.0317379486
1.0292115302
0.9902524131
0.9923936710
0.9980282682
1.0152382191
1.0065522256
1.0095273405
1.0076297081
1.0000919144
1.0343880834
1.0431385961
1.0243393077
1.0129307791
0.9912109052
0.9832796412
0.9999436559
0.9847653620
0.9748363030
1.0036384483
1.0420636062
1.0027294431
0.9711226761
1.0011398806
1.0222345326
1.0016910463
0.9855107296
0.9946803573
1.0157928459
1.0063613744
0.9931909393
0.9978367519
1.0166582587
1.0218798614
1.0209642857
1.0183957311
0.9902962746
0.9645512275
0.9784974832
0.9963097629
0.9729421222
0.9651230836
0.9515869671
0.9551421463
0.9427239881
0.9551368339
0.9255967446
0.8972264754
0.9014679789
0.9020421882
0.9045378490
0.9291208234
0.9851250616
1.0134656932
1.0192835892
1.0286986570
1.0117610325
1.0184276046
1.0449671517
1.0427291508
1.0365992904
1.0268252277
1.0113076534
1.0000006247
1.0101741750
1.0284620943
1.0248237382
0.9958763709
1.0081613192
1.0217549692
1.0171175660
1.0356359395
1.0371874025
1.0043102134
0.9876914805
1.0014501940
1.0137791100
1.0054911092
1.0156451745
1.0289126126
1.0099335640
0.9669568430
1.0049032665
1.0103145269
1.0238884996
1.0182310477
0.9925467016
1.0017861706
0.9948315368
1.0209292761
1.0389012185
1.0284818324
1.0056484899
0.9883312026
0.9918402474
1.0057470065
1.0114725234
1.0125685124
1.0065978857
0.9764912628
0.9484216448
0.9578876686
0.8963732938
0.8889425345
0.8892756180
0.8964459302
0.9373462743
0.9734746770
0.9733767230
0.9369071171
0.8769373885
0.8012776858
0.7426810005
0.7526006345
0.8120808410
0.8526235580
0.8914696044
0.9583829961
0.9854374960
0.9806970287
1.0118444936
1.0171716360
0.9780042100
0.9696310182
0.9553982369
0.9904958574
0.9994435337
1.0023977055
1.0238016937
1.0219191684
0.9961969039
1.0054499965
1.0158542098
1.0048867703
1.0228335500
1.0220062744
0.9794980213
0.9744965283
0.9619759363
0.9849589600
0.9928935041
0.9715859734
1.0038003883
1.0000575333
0.9891523243
0.9813819880
0.9811650049
0.9945983139
1.0235914995
1.0248709216
1.0157297762
1.0207981011
1.0206237349
1.0166770612
1.0239003402
1.0149563886
0.9826706397
0.9616842237
0.9654251939
0.9834905652
0.9950062842
0.9827005210
1.0036481111
0.9881307895
0.9886052497
0.9876697120
0.9630155656
0.9480138523
0.9603816517
0.9707517158
0.9903804343
1.0171595401
1.0201297872
1.0008312888
0.9867744832
0.9950953026
0.9968091368
1.0009589367
0.9759357877
0.9992967479
1.0005940060
0.9747508842
0.9975386144
0.9702981433
0.9636085727
0.9547154344
0.9398549057
0.9433131316
0.9643040028
0.9958757915
1.0196399403
1.0127666187
0.9942012557
0.9899144441
0.9935026675
1.0159219035
1.0129559032
1.0256550410
1.0239838769
0.9956956262
1.0119972915
1.0263472974
1.0396381333
1.0308582179
0.9810245605
0.9957615453
1.0000427978
0.9978634704
1.0110251468
1.0273821432
1.0246876531
1.0092693288
0.9944024556
0.9795901796
0.9892401442
1.0166882208
1.0128193469
1.0143650805
1.0109265647
0.9653332958
0.9925667263
1.0185153273
0.9852803605
0.9733001452
1.0081889323
1.0388257180
1.0287759734
1.0107889998
1.0124683659
1.0153079273
1.0143345989
1.0077713814
0.9911428089
0.9917530910
1.0071646723
1.0280968322
1.0227803670
0.9865077818
1.0143239732
1.0302619936
1.0237708455
1.0327507030
0.9975429836
0.9784552404
0.9684459047
0.9984444726
1.0177517387
1.0261293988
1.0285995784
1.0235914802
1.0237112154
1.0229971220
1.0116600774
1.0106186530
1.0116365504
0.9903134027
1.0081701843
1.0285011837
0.9676910152
0.9764112888
0.9659013119
1.0250578067
1.0344758740
1.0122524862
1.0090570924
1.0263770350
1.0114239173
1.0049478555
1.0243124682
1.0254423991
0.9998211810
0.9774213941
0.9725912115
0.9615937533
0.9240618359
0.9930094178
0.9991952692
1.0310481389
1.0303185189
0.9912590996
0.9818836179
0.9989300080
0.9666974742
0.9454703183
0.9452721236
0.9850258111
1.0189288391
1.0040464448
0.9821120104
0.9836527947
0.9881551166
0.9853152641
0.9778666509
0.9868427467
1.0098409600
1.0200345664
1.0085589989
1.0105527015
1.0301458660
1.0010463627
0.9731092495
0.9910979795
1.0060030631
0.9944360010
1.0078267612
1.0194480928
1.0035516497
0.9811694655
0.9863659092
0.9975669411
0.9823124717
0.9889452466
1.0221714017
0.9867810325
1.0101808316
1.0541833259
0.9959033245
1.0211298187
1.0174409619
0.9943004912
0.9722409009
0.9982831121
0.9855484409
0.9546038959
0.9610934424
0.9927053830
1.0134171615
0.9919554250
0.9705492025
0.9808948097
0.9874519842
1.0090060472
1.0454027649
1.0240491497
1.0034276729
1.0053138890
1.0148065945
0.9977229293
1.0035290834
1.0130154648
1.0501950780
1.0288346639
0.9946399199
0.9887466368
1.0022214178
1.0092947455
0.9971525771
1.0029422226
1.0288026987
1.0438718025
1.0316997824
0.9923851704
1.0315399535
1.0506616936
1.0326907198
0.9881217758
1.0444764726
1.0607727283
1.0215346963
1.0040166681
0.9658475428
0.9803628094
1.0148917817
1.0205574194
1.0176602060
1.0098067855
0.9965626572
1.0017098158
1.0065696958
0.9996416942
1.0102120320
0.9963692290
0.9950444020
0.9939386463
1.0057196967
1.0169170156
1.0268265803
0.9942883720
0.9924848633
1.0198482881
0.9964847043
0.9782364961
0.9888005526
0.9908519207
0.9838184123
0.9898383903
0.9872395494
0.9875971364
1.0174971605
1.0290994931
1.0110638791
1.0164465942
0.9919047329
0.9660803587
0.9829674473
0.9651125057
0.9742936014
0.9807373720
1.0092207524
0.9860175684
0.9898641969
0.9641293812
0.9311538342
0.9310390887
0.9402271943
0.9581013813
0.9767044226
0.9760052858
0.9775115674
0.9876849850
0.9810786075
0.9945133188
1.0218255092
0.9843967295
1.0028135712
1.0036778538
1.0333413949
0.9908139646
0.9949989750
1.0117666676
0.9941227269
1.0130578258
1.0486250684
1.0411695403
0.9905295060
0.9760640359
0.9915497431
0.9746830263
0.9512456850
0.9496351230
0.9398373607
0.8913921916
0.8660854666
0.8629597875
0.8875189738
0.9095351717
0.8936332385
0.8974746724
0.8934353864
0.8764839868
0.8053694176
0.7473900453
0.7562250354
0.8076698529
0.8603613132
0.8965878678
0.9512287531
1.0266875876
1.0536221481
1.0319900250
0.9947352149
0.9666554766
0.9990007077
0.9828650687
0.9842946383
1.0211346273
1.0123765413
0.9883731006
0.9701367114
0.9984047887
1.0059284376
1.0107876338
1.0272786448
1.0242710364
1.0160921739
1.0134566849
1.0007346781
0.9895489288
0.9907425028
0.9943797242
0.9899389201
0.9809116620
0.9717295976
0.9853770181
0.9984600546
0.9807633098
1.0073724186
1.0290928371
1.0168074064
0.9762161307
0.9520553840
0.9589721207
0.9639491975
0.9552495433
0.9793377452
1.0118974242
1.0189617909
1.0249997483
0.9970923908
0.9783033588
0.9683991161
0.9709176759
0.9903595294
1.0062451095
1.0075671130
0.9961016410
0.9816994701
0.9867051556
0.9699957388
0.9535951120
0.9664165909
0.9935252241
1.0025776446
0.9818121256
0.9743573382
0.9872891009
0.9838423647
0.9850567471
1.0000848609
1.0000923105
0.9881363138
0.9388329372
0.9290899551
0.9845585086
0.9891049332
0.9765633949
0.9612259144
0.9689574800
0.9850233554
1.0084112699
1.0303500118
1.0146167539
0.9987269631
0.9886262366
0.9883786133
0.9892959506
0.9671700691
0.9734158346
0.9705112719
0.9471094284
0.9664803061
0.9999623295
1.0161126613
1.0081676292
1.0207532677
1.0200116016
0.9737660753
0.9784611062
0.9965699221
0.9773645785
0.9526308837
0.9726199242
0.9939601068
1.0154735658
1.0286259057
1.0187671152
1.0210095293
0.9746851548
0.9363926566
0.9676959339
0.9972829616
0.9924592796
0.9763495245
0.9712748996
0.9550987392
0.9701017411
0.9931270685
0.9926230007
1.0003368867
1.0039200072
1.0049103676
0.9966091539
0.9914735207
0.9983160946
1.0010381580
1.0059653599
1.0186182708
1.0042975369
1.0019848825
1.0317843527
1.0010600465
0.9789787227
0.9934669300
1.0262420687
0.9531159517
0.9386781287
0.9872288488
1.0150544825
1.0085491592
0.9988325128
0.9752355843
0.9730262931
0.9905744370
0.9976376041
0.9947592824
0.9726224184
0.9536684161
0.9806823389
0.9836388583
0.9928108256
1.0364108498
0.9941292898
0.9612017856
0.9774629383
0.9865363371
0.9771348018
1.0299650526
1.0249815670
0.9859139489
0.9927101347
1.0157426806
1.0057576639
0.9993814049
1.0194793567
1.0271118136
1.0132315866
0.9982565796
1.0074042687
1.0023117075
0.9908256400
1.0270861556
1.0309380078
0.9956013933
0.9867970841
0.9904545692
0.9743320937
0.9789981783
0.9449093585
0.9454743275
0.9760592937
1.0047064188
1.0142090740
1.0104725599
1.0186340117
1.0246962617
1.0052561106
1.0041101005
1.0212819406
1.0015756017
0.9814081084
1.0188310247
1.0300206221
0.9791296883
0.9947846305
1.0277202235
1.0134355544
