#flux
1.0026261403
0.9852863488
0.9699094754
0.9617472525
0.9602533209
0.9689853360
0.9868028087
0.9979465859
0.9944073522
0.9921070456
0.9983826777
0.9974826173
0.9859055969
0.9838794884
0.9991290665
1.0047832436
0.9873533238
0.9822711067
0.9800576642
0.9887555359
0.9869942343
0.9639487089
0.9331970997
0.9031346556
0.8678385581
0.8253201302
0.7930694263
0.7920867933
0.8175545245
0.8536326304
0.8965188669
0.9333209039
0.9696161388
0.9958994060
1.0003112509
0.9956101222
0.9938487752
0.9927135839
0.9969476349
0.9976620353
0.9927508452
0.9896509563
0.9922009189
0.9951022995
0.9929256837
0.9890494008
0.9844845356
0.9815840778
0.9826081546
0.9807524498
0.9743492564
0.9750111124
0.9856315018
0.9987222825
1.0136846023
1.0294240013
1.0140017849
1.0089544003
1.0146391563
1.0076093371
1.0009261124
1.0005472157
0.9973805511
0.9910245392
0.9830463148
0.9604669360
0.9135552997
0.8492907422
0.7801600239
0.7272273045
0.7147081274
0.7394010211
0.7855185914
0.8435667067
0.8945235767
0.9254091763
0.9462650761
0.9602547797
0.9675771968
0.9813006458
0.9911152958
0.9860420188
0.9755440340
0.9707002436
0.9829807533
0.9888899119
0.9785938946
0.9627451430
0.9481281440
0.9335400157
0.9190224776
0.9126191440
0.9203056476
0.9326510381
0.9395068294
0.9460255976
0.9281431137
0.8659323093
0.7943895267
0.7355668486
0.6972375981
0.6898733764
0.7209409162
0.7904903434
0.8499836045
0.8992318695
0.9478101015
0.9841757084
0.9950950878
0.9846580588
0.9719285189
0.9698660980
0.9689577695
0.9604738441
0.9666747309
0.9767502527
0.9878255395
0.9922040153
0.9854033818
0.9771273008
0.9766855307
0.9801871174
0.9834854863
0.9976147275
1.0054269665
0.9991790539
0.9900732518
0.9877660734
0.9830550340
0.9706298520
0.9668505897
0.9773345285
0.9765991956
0.9564708625
0.9478075928
0.9456731137
0.9529220489
0.9707784117
0.9776259197
0.9926386229
1.0135523554
1.0044013950
0.9946386213
1.0040771492
1.0110901890
1.0149603326
1.0076981244
0.9989928382
0.9959285442
0.9931647635
0.9937278267
1.0023395208
1.0036108116
0.9818357656
0.9559574849
0.9445355741
0.9259030742
0.8974126777
0.8781470070
0.8627611386
0.8597587428
0.8844760431
0.9104899078
0.9330426075
0.9532018396
0.9744192293
0.9821397659
0.9844024362
0.9889074708
0.9870522338
0.9733104817
0.9574109991
0.9511287202
0.9470357496
0.9358111763
0.9407756426
0.9401294717
0.9393385433
0.9491061647
0.9709971111
0.9838874238
0.9832899897
0.9887023653
0.9895657437
0.9806150436
0.9842610029
0.9908432022
0.9851140990
0.9770016994
0.9780553652
0.9820954048
0.9784171599
0.9678178338
0.9577371462
0.9468339680
0.9290073617
0.9121298075
0.8942107916
0.8589333630
0.8074900150
0.7487689492
0.6777748117
0.5914249521
0.5075880620
0.4397318239
0.3768190845
0.3234959699
0.2831264916
0.2594118562
0.2424013443
0.2244103162
0.2075664241
0.1933100010
0.1854643014
0.1871446207
0.1915318655
0.2002810789
0.2144701191
0.2330731439
0.2513735062
0.2759167537
0.3032520818
0.3325142671
0.3781968354
0.4505835999
0.5336610397
0.6107524636
0.6899846379
0.7544067506
0.8059685073
0.8514630161
0.8826364196
0.8985305156
0.9108208390
0.9247898614
0.9377882695
0.9518775545
0.9615085463
0.9511205220
0.9514288021
0.9580491080
0.9812578821
0.9930138689
0.9905646826
0.9841407772
0.9775993057
0.9794888093
0.9879056949
0.9849800927
0.9853007785
0.9967634345
1.0055687144
1.0035135611
0.9907714342
0.9714814939
0.9569170658
0.9471971658
0.9329058205
0.9218731565
0.9158105714
0.9258420426
0.9346852502
0.9388820429
0.9479102876
0.9508716204
0.9499623513
0.9539355392
0.9614425888
0.9682046754
0.9756576137
0.9834593512
0.9846884993
0.9907503556
1.0050751218
1.0081320041
1.0024493836
0.9987330769
0.9963214064
0.9915542987
0.9862221012
0.9826481587
0.9842497205
0.9885451456
0.9914794084
0.9894878239
0.9977092399
1.0040674328
1.0052480570
1.0079902550
1.0066146463
0.9968063425
0.9963447737
1.0055611804
1.0105428094
1.0159103760
1.0216121046
1.0142492893
1.0017980749
0.9923589311
1.0007629018
1.0118407489
1.0012976621
0.9873147744
0.9824522302
0.9870158178
1.0081830476
1.0067426644
0.9965087922
0.9942269176
1.0030818395
1.0101121754
1.0020616484
0.9846059941
0.9729368776
0.9661277055
0.9526775468
0.9206358663
0.8621318624
0.8205586037
0.8025988207
0.7933045501
0.7945197296
0.8279257297
0.8750739675
0.9106951480
0.9418493947
0.9597400161
0.9739342106
0.9875878370
0.9932367007
0.9924392769
0.9900916782
0.9848678315
0.9827188726
0.9891853095
0.9949445742
0.9941893605
0.9959671711
1.0031965500
1.0054971832
0.9958764009
0.9886510416
0.9842784603
0.9761700924
0.9822486720
0.9900855268
0.9812607273
0.9653592332
0.9601813152
0.9650014870
0.9767775408
0.9882632313
0.9886574713
0.9900983815
0.9988476306
1.0066613071
1.0092214934
1.0025603951
1.0019190875
1.0008945999
0.9939290942
0.9992054547
0.9993812764
0.9983238330
0.9978866659
1.0126947713
1.0141072213
0.9999825373
0.9896798528
0.9838078307
0.9827879447
0.9864778331
0.9844347187
0.9663582071
0.9314829801
0.8822551305
0.8077223733
0.7062976122
0.6173154235
0.5674821658
0.5726549651
0.6176895348
0.6985698297
0.7903653322
0.8682116916
0.9281991365
0.9556360465
0.9694497253
0.9901065813
1.0030213261
1.0091530763
1.0082254561
0.9991649611
0.9940658850
1.0002884415
1.0102601672
1.0102142001
0.9923048091
0.9663641336
0.9387574359
0.8825293757
0.8032009027
0.7300525571
0.6992327485
0.6962826930
0.7351192333
0.8021240130
0.8747349534
0.9229219896
0.9348808964
0.9380030841
0.9486968361
0.9321383713
0.8830078287
0.8215782815
0.7613904959
0.7139834459
0.6961959887
0.7132500355
0.7498375986
0.8076757791
0.8789576404
0.9345590126
0.9639955852
0.9842422154
0.9991936622
1.0169712076
1.0101850614
1.0141262976
1.0027713025
0.9996694584
1.0047284781
1.0068336308
1.0017462107
0.9934789572
0.9858044927
0.9794025207
0.9769955137
0.9740192491
0.9633409495
0.9609441452
0.9604668468
0.9669606734
0.9826467415
0.9863551891
0.9777550507
0.9867356783
0.9985008448
0.9984892772
0.9972820532
1.0006056688
1.0094744848
1.0101237586
1.0103532111
1.0066238734
0.9983814479
0.9972829590
1.0033323909
1.0057763316
1.0021165405
0.9976386262
0.9976055834
1.0037836965
1.0046084662
0.9925707125
0.9974184404
1.0016843057
1.0045561129
0.9984017740
1.0112327639
1.0166960427
1.0139500843
1.0117928297
1.0104677246
1.0070193527
1.0005173421
0.9926487388
0.9890975290
0.9936261897
0.9957662413
0.9860381915
0.9816506361
0.9846921056
0.9870572076
0.9770784326
0.9804444078
0.9923189605
0.9932343913
0.9927044385
0.9989878437
1.0017703118
0.9969194444
0.9944989605
0.9988977823
1.0087781038
1.0126950332
1.0037312824
0.9950785171
0.9951487204
0.9911889091
0.9832430190
0.9840823684
0.9747917520
0.9609561403
0.9633043921
0.9642258761
0.9730590290
0.9919093323
0.9935026701
0.9922561260
0.9974600394
0.9983069565
0.9816090121
0.9585454210
0.9459969269
0.9239524713
0.8798437629
0.8292130370
0.7842548749
0.7541406166
0.7559098119
0.7891212701
0.8386401744
0.8931845213
0.9252797890
0.9406909139
0.9725179689
1.0007251713
1.0137353419
1.0070075336
1.0030208153
1.0036864023
0.9989520285
0.9904954704
0.9850823967
0.9898614457
0.9881260756
0.9856204783
0.9885529979
0.9899276946
0.9925594832
0.9936055303
0.9979702824
0.9929033524
0.9803735441
0.9766311879
0.9785313924
0.9750818498
0.9742525558
0.9823653756
0.9914983636
0.9965817287
0.9869541008
0.9800388829
0.9891746500
0.9989427885
0.9990931613
0.9939437492
0.9936529790
0.9880577146
0.9685181549
0.9598082742
0.9679791812
0.9746255772
0.9797407045
0.9860705989
0.9995066975
0.9949998033
1.0043987118
1.0059861097
0.9992534536
0.9994719578
0.9893429597
0.9841270281
0.9827664282
0.9850551490
0.9943124402
1.0050084671
1.0069940835
0.9990198643
0.9938869781
1.0005738243
1.0044705194
0.9949749139
0.9936029580
0.9952143468
0.9953902855
0.9949127626
0.9868829271
0.9883559977
0.9953940042
1.0058146780
1.0086142068
1.0003948749
0.9953967461
0.9988807232
1.0036403598
1.0074516123
1.0088033113
0.9972507044
0.9680521270
0.9209689569
0.8571203961
0.7987138238
0.7618984017
0.7610825013
0.7807781705
0.8168844936
0.8713202355
0.9218171855
0.9550223454
0.9766130026
0.9886706026
0.9994822954
0.9975588206
0.9984939311
1.0073281534
1.0065001346
1.0030367424
1.0064012493
1.0063280532
0.9999982091
0.9983786022
1.0062216506
1.0176085611
1.0173129575
1.0072095583
0.9997604792
0.9910179407
0.9844120095
0.9816377109
0.9909831271
1.0002191847
1.0028232072
0.9921532964
0.9913637561
0.9978065886
1.0081268273
1.0155765680
1.0156371448
1.0102948872
1.0036828709
0.9987646480
0.9950190489
0.9918762914
0.9887502149
0.9842375358
0.9874734195
0.9867822667
0.9787247146
0.9699324155
0.9773247741
0.9802590599
0.9845972169
0.9865238181
0.9880630810
0.9891844927
0.9882624052
0.9914241348
0.9989443970
1.0002342909
0.9923076800
0.9847246341
0.9838007676
0.9900521757
1.0011116668
1.0021601930
0.9995203315
1.0088797201
1.0134607146
1.0146898407
1.0106474338
1.0041241871
1.0105670279
1.0124273177
1.0064727793
1.0064686646
1.0122583903
1.0151202800
1.0125068802
1.0038016582
0.9929077998
0.9919002114
1.0005746355
0.9986029671
0.9799513488
0.9625160128
0.9589865808
0.9659468176
0.9531232799
0.9534639335
0.9781639849
0.9914800173
0.9870625400
0.9786571062
0.9780322392
0.9816798995
0.9847723549
0.9922980142
0.9995745146
0.9968719609
0.9913034760
0.9927374317
1.0069682887
1.0235351993
1.0009223972
0.9516117818
0.9333267622
0.9231215621
0.9084705042
0.8908323099
0.8350185452
0.7523721352
0.6644571237
0.6019777893
0.5880222090
0.6252333571
0.6996015296
0.7798493201
0.8540461812
0.9180431667
0.9540121530
0.9651037891
0.9742496335
0.9786365651
0.9639747305
0.9346921912
0.8868349567
0.8128114044
0.7154266591
0.6529394431
0.6315562609
0.6527732230
0.7170495849
0.8019381456
0.8688431535
0.9157931130
0.9574996952
0.9751901801
0.9832933269
0.9913441742
0.9965085559
0.9922833608
0.9762721999
0.9685648798
0.9819219782
0.9930667501
1.0006735553
0.9939417234
0.9877096895
0.9816439107
0.9745519699
0.9705992078
0.9682631754
0.9605343179
0.9619450662
0.9761175749
0.9865320846
0.9940534600
0.9912604509
0.9784736910
0.9750345029
0.9764099775
0.9656555598
0.9570897280
0.9637601598
0.9719359092
0.9850624173
0.9906245086
0.9928415841
0.9908464151
0.9890225831
1.0024946179
1.0092075558
1.0032945755
0.9905991557
0.9863323264
0.9969897845
1.0031714083
0.9992265304
0.9988648708
1.0072373524
1.0135310516
1.0113332913
1.0042819246
0.9942529495
0.9809449348
0.9681425919
0.9578435210
0.9404434795
0.9090637642
0.8966842502
0.8910328503
0.8835180413
0.9022269983
0.9409892517
0.9731425954
0.9981469926
1.0068562269
0.9963911116
0.9870454079
0.9890618691
1.0019462649
1.0066324577
0.9971667667
0.9840224755
0.9687235957
0.9569483391
0.9409005940
0.9199899605
0.9280403139
0.9393336837
0.9400343914
0.9132563783
0.8928350926
0.8458227928
0.7757305668
0.7169774000
0.6927953027
0.7096007261
0.7642051804
0.8359545680
0.8998721267
0.9503126276
0.9888778254
1.0116529342
1.0220149964
1.0236080149
1.0138581891
1.0109991561
0.9979039766
0.9877533185
0.9886502648
0.9904667216
0.9993595589
1.0005375922
0.9906190853
0.9888452531
0.9957654733
1.0071587147
1.0129611842
1.0140324308
1.0146723075
1.0145849069
1.0074904633
0.9956941908
0.9951231787
1.0076411778
1.0115497486
1.0021602570
0.9972532019
0.9976869531
1.0005896789
0.9968596767
0.9970522506
0.9991924045
0.9958307865
1.0060807182
1.0143504020
1.0068485183
0.9920830897
0.9938801800
1.0043261425
1.0001971088
0.9908252757
0.9947241267
1.0037695285
1.0072801975
1.0068313452
0.9962860583
0.9845834049
0.9887085892
1.0020056544
1.0080886883
1.0097194181
1.0107437089
1.0050196018
1.0122638040
1.0082143279
1.0067175515
1.0103969225
1.0081689686
1.0036185250
0.9999067226
1.0007167341
0.9984042481
0.9838807388
0.9690493734
0.9727421836
0.9871968788
0.9857043498
0.9891575602
0.9931427078
1.0050643162
1.0174722529
1.0193272693
1.0218128154
1.0189136644
1.0136331783
1.0111182962
1.0063177707
1.0047214575
1.0097795286
1.0061776706
0.9822327221
0.9498059662
0.9122713405
0.8649502019
0.8266244643
0.8132414248
0.8172545587
0.8458366822
0.8895992593
0.9268005615
0.9497820420
0.9905318096
1.0081560032
0.9945492057
0.9922650282
0.9950750835
1.0074205928
1.0152508732
1.0180711404
1.0140936519
1.0034889599
0.9913820001
0.9792938116
0.9640444081
0.9409671875
0.9065782080
0.8674098012
0.8391302046
0.8309642585
0.8436631087
0.8713294819
0.9003007705
0.9275341365
0.9563937852
0.9808557281
0.9869342130
1.0001288084
1.0054768775
1.0007297283
1.0016239650
0.9966707248
0.9835033716
0.9630310836
0.9420726739
0.9276058034
0.9169593217
0.9191937696
0.9321722298
0.9455874479
0.9669457415
0.9776871233
0.9847619330
0.9928801403
0.9958986493
0.9986325496
0.9897749438
0.9721258087
0.9650418091
0.9519990044
0.9149273346
0.8714115601
0.8341600464
0.8103235281
0.8156744419
0.8457770305
0.8814717941
0.9228282474
0.9661121468
0.9909522557
0.9813097900
0.9951971205
0.9975558823
0.9870816209
0.9878877310
0.9880544579
0.9837646140
0.9551142547
0.8853802243
0.8291667466
0.7684374377
0.7166174383
0.6986404266
0.7187032487
0.7744386815
0.8408132546
0.8811714378
0.8903336572
0.8754860406
0.8341450888
0.7927304466
0.7889832142
0.8130181060
0.8515676403
0.8960583463
0.9341755938
0.9655027850
0.9746454607
0.9732254485
0.9825808435
0.9892585968
0.9961171481
1.0019012912
0.9954481436
0.9878543140
0.9891789500
0.9944509970
0.9986094686
0.9975122090
0.9971836753
1.0014160955
1.0032334584
0.9993262951
1.0067795398
1.0194024705
1.0174821807
1.0037302074
1.0064400422
0.9957058391
0.9852400162
0.9958830549
1.0137947271
1.0151539782
1.0020876987
0.9954094140
0.9964456074
0.9979914470
0.9932072305
0.9789713531
0.9777535506
0.9886311388
0.9820689100
0.9830351263
0.9944253619
1.0037614063
1.0151419921
1.0191912327
1.0052573855
1.0031981090
1.0100120873
1.0099271484
1.0127614937
1.0132152292
1.0076674232
1.0008348239
0.9980717971
1.0010178096
1.0037202147
1.0051307294
1.0064368597
0.9928299707
0.9789889837
0.9736412854
0.9611646098
0.9515998714
0.9429742877
0.9104561451
0.8686329805
0.8168131278
0.7699550636
0.7549310942
0.7755166944
0.8330495197
0.8901438682
0.9332600649
0.9672867603
0.9846267140
0.9907753158
0.9995863711
1.0065603125
1.0076374943
0.9993538845
0.9937298600
0.9712699136
0.9551992469
0.9388750131
0.9375307645
0.9474846630
0.9404772845
0.9400474733
0.9312341563
0.9346462649
0.9522275653
0.9634705726
0.9687595574
0.9705443503
0.9729645403
0.9756827240
0.9728298378
0.9705406592
0.9766569837
0.9828652426
0.9833468438
0.9824415435
0.9849409080
0.9878149486
0.9875526468
0.9914755200
1.0012206662
1.0037771077
0.9991106272
0.9994506339
1.0018283895
1.0042155494
1.0048961547
1.0029021549
0.9995573270
0.9984597367
0.9975181740
0.9957766622
0.9979698092
0.9984737278
0.9940086939
0.9858973947
0.9703957212
0.9726970680
0.9938786382
1.0010699525
0.9998862551
1.0060945423
0.9907737744
0.9774440461
0.9684620905
0.9731058862
0.9755644393
0.9824333086
0.9858077891
0.9890803224
0.9897912434
0.9825132389
0.9865000235
0.9999178663
1.0044855488
0.9938483470
0.9820510764
0.9868389053
0.9999445205
0.9918176681
0.9745910291
0.9932045286
1.0014644934
1.0036573567
1.0098771619
1.0052960499
0.9978063081
0.9949999777
0.9877439984
0.9721484028
0.9651284307
0.9749156819
0.9865756798
0.9891036076
0.9874768638
0.9923128945
0.9927580675
0.9854800559
0.9996588661
1.0019562523
1.0004689734
1.0042209547
1.0117029774
1.0223676251
1.0153024796
1.0014916290
0.9886748460
0.9904530189
1.0066951814
1.0168934343
1.0137992923
1.0075476608
1.0040445562
1.0062667063
1.0133016796
1.0108872047
1.0022269791
0.9962343597
0.9914553384
1.0051671589
1.0115561916
0.9985517496
0.9851686604
0.9746746586
0.9765714650
0.9819345407
0.9880811713
0.9968512687
1.0069756710
1.0153928186
1.0154750605
1.0095860238
1.0081531769
1.0123744447
1.0145689294
1.0114224876
1.0069565121
1.0012330896
0.9947408841
0.9912890064
0.9950492043
1.0037785072
1.0056211273
1.0044655580
1.0001054546
0.9999239963
1.0051376357
1.0063776224
0.9966576011
0.9857836583
0.9819662664
0.9827612816
0.9863606235
0.9926282718
0.9970374273
0.9960617357
0.9904931996
0.9864538298
0.9996627522
1.0134787210
1.0149569565
0.9960085888
0.9911136952
0.9902878911
0.9731744159
0.9593243043
0.9630410046
0.9641282660
0.9660893060
0.9677761771
0.9707806517
0.9780305675
0.9856858410
0.9870406731
0.9819473132
0.9786745336
0.9782226632
0.9708664656
0.9646677271
0.9697036969
0.9686848101
0.9684232266
0.9483619859
0.9076638253
0.8657468277
0.7962008451
0.7217278720
0.6738447850
0.6594777537
0.6834973082
0.7385414934
0.8085203438
0.8813444163
0.9414612186
0.9796264285
1.0019519980
1.0074611805
0.9966865082
0.9823454874
0.9833001900
0.9924108283
0.9961426745
1.0135378765
1.0050055408
0.9881417794
0.9871662728
0.9905097675
0.9875788840
0.9821350544
0.9941466053
1.0051528423
1.0036385659
1.0051433712
1.0117197825
1.0121552887
1.0071648477
1.0027595426
1.0035237472
1.0049197001
1.0026636794
0.9970412637
0.9898878378
0.9830092725
0.9875930529
0.9938412617
0.9994865326
0.9935176464
0.9778376730
0.9630141573
0.9469546847
0.9280956593
0.9164402973
0.9238601788
0.9387860323
0.9509234355
0.9670448052
0.9847882748
1.0014939252
1.0182055348
1.0154563680
1.0033603607
0.9929586784
0.9750617338
0.9627791076
0.9641240824
0.9765043394
0.9871050398
0.9930041002
1.0042852252
1.0149455685
1.0153106432
1.0121546988
1.0157735502
1.0142322389
1.0007151761
0.9939055778
1.0020269548
1.0062695744
0.9998733420
1.0002478091
0.9965259534
0.9849357731
0.9799595025
0.9927087041
1.0060824340
1.0218288403
1.0101719051
0.9825628507
0.9546564025
0.9115532426
0.8630118282
0.8249208120
0.8063368812
0.8181581455
0.8574828012
0.9040667110
0.9480440854
0.9854272349
0.9985093527
0.9963937055
1.0049582007
1.0107157382
1.0018015384
1.0064131486
0.9970392894
0.9936982960
1.0013973329
0.9945406536
0.9756490656
0.9639078536
0.9638340853
0.9602051421
0.9576761988
0.9663083770
0.9767384366
0.9789352657
0.9772730874
0.9745081580
0.9719032051
0.9773936210
0.9801640516
0.9827414322
0.9771274145
0.9672158255
0.9755089252
0.9796475987
0.9750124648
0.9742775755
0.9612889313
0.9331404884
0.9019762354
0.8717337259
0.8504865458
0.8582009322
0.8850939033
0.9106675113
0.9417254574
0.9778114308
0.9992220849
1.0111583268
1.0109612782
0.9984427338
1.0002407274
0.9862065707
0.9719540531
0.9633933647
0.9464921968
0.9218120193
0.8997064086
0.8916901002
0.8892641824
0.8816814933
0.8633196764
0.8327092559
0.8058654523
0.8037247638
0.8248655089
0.8532132794
0.8756657378
0.8865555076
0.8967522175
0.9029016577
0.9046064040
0.9194968752
0.9446739074
0.9492256042
0.9552149532
0.9790142073
0.9974979880
1.0011155641
0.9952067607
0.9882743131
0.9826976775
0.9709089416
0.9545417612
0.9451562645
0.9425498204
0.9441834298
0.9480414292
0.9499157112
0.9643005134
0.9828181819
0.9947833084
0.9949748198
0.9949914327
0.9969881353
0.9807767285
0.9873618626
0.9873285947
0.9903928918
0.9844836888
0.9878027024
0.9922488306
0.9991709050
0.9982246389
0.9902085392
0.9862269621
0.9924834781
0.9999936363
0.9992974930
1.0021543592
1.0032012355
0.9977282046
0.9966028347
1.0075256532
0.9984496374
0.9864507273
0.9978528584
1.0070801379
0.9916046740
0.9796824006
0.9860567250
0.9852915344
0.9856087502
0.9908098253
0.9842529114
0.9858267982
0.9991732620
1.0024918550
1.0022531995
1.0020854155
0.9953913044
0.9867754073
0.9796070259
0.9839391969
0.9708651644
0.9909726067
0.9955924993
1.0025287552
0.9913829291
0.9704692720
0.9723850114
0.9799905201
0.9831712277
0.9934678442
1.0045313795
1.0035800795
1.0013473785
1.0004474660
0.9940035538
0.9937213840
1.0015519817
1.0099066871
1.0030803236
0.9866117432
0.9901923481
0.9833384459
0.9951881889
1.0023713763
0.9951990882
0.9771950373
0.9433041122
0.9174999247
0.8982876381
0.8822806213
0.8684992046
0.8791516581
0.9082127689
0.9336934090
0.9478379490
0.9599602045
0.9846669081
0.9929559065
0.9813638624
0.9831553099
1.0039682808
1.0036033921
0.9966436532
1.0028255236
1.0014405287
1.0022148973
1.0059356617
1.0002516013
0.9979354371
1.0062775843
1.0083059789
1.0029016587
1.0003364354
0.9958245893
0.9827852853
0.9740339469
0.9788453325
0.9835193668
0.9849718702
0.9909118428
1.0092158629
1.0091131891
1.0226035084
1.0366022870
1.0140854245
1.0140302433
0.9981610749
1.0029903898
1.0026981103
1.0048562680
1.0026455749
0.9994119377
1.0054746056
1.0218892172
1.0271179091
1.0148175926
1.0047826181
0.9955720854
0.9874849205
0.9840667036
0.9893232879
0.9999970709
1.0014607165
0.9895345198
0.9950883601
0.9943389634
1.0010039290
1.0013162415
0.9742020166
0.9254973926
0.8583239131
0.7772125984
0.6843966384
0.6089862440
0.5748604754
0.5939457018
0.6671263437
0.7689024614
0.8691485777
0.9206452081
0.9526414898
0.9646315960
0.9805629897
1.0017750366
0.9989197008
0.9891945382
0.9906186714
0.9893920945
0.9826767727
0.9971460530
1.0078447212
1.0061592330
1.0017852631
0.9917778420
0.9822976397
0.9724407915
0.9497976562
0.9265833643
0.9157325898
0.9044143206
0.9037068185
0.9330019354
0.9427467750
0.9678850970
0.9705632856
0.9997275325
1.0042113724
1.0051964350
1.0150912597
1.0166130249
1.0143782594
1.0083387390
1.0055238817
1.0098587557
1.0081088505
0.9977893588
0.9957138207
1.0049779629
1.0113551946
1.0114128659
1.0114405788
1.0201999309
1.0161685175
0.9999292801
0.9813992800
0.9576052464
0.9481367771
0.9126482128
0.8801549429
0.8716110713
0.8789509497
0.8998454915
0.9234524393
0.9531596786
0.9737325348
0.9815292897
0.9831113202
0.9795411586
0.9840488967
0.9999493761
1.0101043364
1.0032915210
1.0079685140
1.0061720887
0.9772553136
0.9391541031
0.8814756857
0.8374192659
0.8332011397
0.8396845830
0.8717318902
0.9100879435
0.9487160618
0.9757815062
0.9833537808
0.9958031426
1.0140961672
1.0172647684
1.0128581655
1.0110524702
1.0101383480
1.0104654713
1.0066487511
1.0047881628
1.0116958838
0.9953115709
0.9953789225
0.9915078584
0.9882543373
0.9810518120
0.9865536367
0.9864252820
0.9933111664
1.0140692478
1.0113555188
1.0057590593
1.0107793576
1.0109731581
1.0055951231
0.9946798460
0.9928298008
1.0012753807
1.0128204347
1.0086932343
0.9896522701
0.9709906995
0.9666712492
0.9643342435
0.9633216251
0.9771818168
0.9854949930
0.9884129790
0.9906447310
0.9915182714
0.9958745574
1.0021557375
1.0044039124
0.9997551744
0.9937675640
0.9918257739
0.9887750284
0.9860436279
0.9868826417
0.9811315054
0.9783627756
0.9838392033
0.9912921468
1.0067561862
0.9998651984
1.0026438641
1.0051013239
0.9886043098
0.9680183712
0.9677946380
0.9766062344
0.9874401592
0.9943370673
0.9941713933
0.9944938530
0.9931081296
0.9872683291
0.9929883203
1.0021368518
1.0061678571
0.9980642950
0.9995996782
1.0142516799
1.0031968333
0.9744962553
0.9801642474
0.9888609913
0.9997186461
1.0064307319
0.9931929525
0.9924309120
1.0094480781
1.0134744130
1.0014109227
0.9939151623
0.9926637561
0.9869276072
0.9789494210
0.9743676357
0.9637309317
0.9458673885
0.9444054269
0.9687358747
0.9737982741
0.9905253299
0.9922327687
0.9755677612
0.9673125501
0.9678662904
0.9680537939
0.9729891474
0.9908011146
1.0038934117
1.0017357019
0.9938243914
0.9917139986
0.9946160890
0.9987283059
1.0091358401
1.0126963437
1.0105325700
1.0078404669
0.9905618751
0.9840596795
0.9970029621
1.0084708840
0.9991506861
0.9854768462
0.9757174001
0.9776763172
0.9924158330
0.9942609375
0.9896232855
0.9971016305
1.0028569876
0.9953983733
0.9873169044
0.9840849935
0.9776692577
0.9670291853
0.9755122275
0.9877458393
0.9900742003
0.9812396165
0.9769597758
0.9794238626
0.9751704651
0.9757904405
0.9762360072
0.9706988390
0.9649446722
0.9636087736
0.9550974858
0.9487012068
0.9470150483
0.9548784843
0.9764038969
0.9969793209
1.0068629759
1.0048881380
0.9981888892
0.9925785465
0.9814508761
0.9749640310
0.9916255179
1.0069532953
1.0121073529
1.0134758072
1.0037527198
1.0029164070
0.9981856669
0.9889152510
0.9892170923
0.9946883354
0.9979158141
0.9987705128
0.9982711259
0.9959964543
0.9957466638
1.0023135529
1.0057058788
1.0026718325
0.9929820513
0.9965020534
1.0058756524
1.0059789764
0.9895315240
0.9834918716
0.9939797816
1.0029864721
1.0039540230
1.0010819497
0.9990086577
1.0038810272
1.0051773404
0.9965188962
0.9935449731
0.9893156381
0.9758579952
0.9766759928
0.9761459906
0.9805933111
0.9953798939
0.9986779497
1.0034141952
0.9980721702
1.0050319981
1.0033357868
0.9977428205
0.9837123732
0.9647792750
0.9652851331
0.9625494765
0.9612544484
0.9648351163
0.9710298803
0.9824380439
0.9904310105
0.9809024221
0.9572329884
0.9382382525
0.9428966356
0.9570415670
0.9617718577
0.9475357605
0.9392463844
0.9628095389
0.9939952345
0.9972080706
1.0007710518
0.9986555846
0.9932342768
0.9926035511
0.9908068745
0.9848873824
0.9849618157
0.9839838086
0.9772499572
0.9809051297
0.9898847422
0.9831375589
0.9711151247
0.9536833697
0.9569501820
0.9733705038
0.9784621802
0.9767312157
0.9794680842
0.9924824053
0.9886793529
0.9881450584
0.9861537140
0.9580855081
0.9326876146
0.9078427259
0.8752975263
0.8323919043
0.7603232854
0.6718991884
0.6156647957
0.6072384405
0.6370499488
0.6992101715
0.7833882374
0.8727016459
0.9469305411
0.9697312104
0.9825917253
1.0036060115
1.0038948747
0.9945375335
0.9955035627
0.9907507958
0.9885328892
0.9893246837
0.9857541590
0.9806323227
0.9834995882
0.9905096986
0.9933383439
0.9952667914
0.9954309529
0.9878935082
0.9854490734
0.9980146194
0.9987614592
1.0054202728
0.9897161994
0.9664675634
0.9518349280
0.9362792997
0.9298256450
0.9264881807
0.9271327148
0.9283049824
0.9339928514
0.9375475363
0.9486390948
0.9570768153
0.9505596263
0.9481770876
0.9569218511
0.9686665321
0.9771956035
0.9812570022
0.9768920257
0.9698806610
0.9773001422
0.9718956515
0.9479595586
0.9248409064
0.9142849674
0.9144059049
0.9238755194
0.9410164888
0.9544001149
0.9641997312
0.9687137345
0.9756831614
0.9853526809
0.9824669182
0.9661669771
0.9496369345
0.9399952453
0.9314650323
0.9243996410
0.9205836212
0.9040214706
0.9065856838
0.9118107106
0.9173158481
0.9202861172
0.9151524465
0.9258337610
0.9500757621
0.9641408479
0.9721046026
0.9848058478
0.9900314543
0.9768489796
0.9576564821
0.9468996279
0.9418522857
0.9387874814
0.9482867035
0.9732947675
0.9895098785
0.9841358665
0.9784964337
0.9670441090
0.9641019151
0.9845208680
0.9985052391
0.9997619079
0.9846976701
0.9748011649
0.9670746482
0.9700012802
0.9791134782
0.9822965254
0.9873317110
0.9853837608
0.9684457482
0.9731612495
0.9865120556
0.9876598161
0.9897431356
0.9900428155
1.0000361904
1.0188675781
1.0219981523
1.0066253182
0.9882479464
0.9856766412
1.0007585303
1.0065263353
1.0093604885
1.0059968472
0.9923155889
0.9814081037
0.9850356391
0.9920135476
0.9925938132
0.9940726270
0.9957020500
1.0063719520
1.0034452558
0.9838167522
0.9745109816
0.9821508021
0.9868872767
0.9927700237
0.9918308796
0.9918623858
0.9942440526
0.9812978617
0.9734046112
0.9734625593
0.9714499205
0.9651291095
0.9673104278
0.9841251283
1.0003086379
1.0002967323
0.9902585655
0.9876685700
0.9898721502
0.9996676843
0.9939292101
0.9780503569
0.9829391081
1.0054477506
1.0018776639
1.0026827176
0.9972919781
0.9904124936
0.9923230989
1.0006488377
1.0043124805
1.0003518794
0.9865877917
0.9672098187
0.9572312551
0.9635246488
0.9776527785
0.9866954261
0.9814431525
0.9796983132
0.9703360198
0.9759775137
0.9876124262
0.9921245737
0.9864928122
0.9707536846
0.9627522971
0.9666021048
0.9718505402
0.9689896835
0.9777542067
0.9875362444
0.9780939864
0.9611701123
0.9672401809
0.9897873130
1.0022249004
1.0151837443
1.0200386953
1.0231212312
1.0150489855
0.9993124522
0.9872717261
0.9906680728
0.9948736036
0.9851743018
