#flux
0.9372102300
0.9397354251
0.9188766464
0.9021540263
0.8963566646
0.9078223771
0.9171464798
0.9204297838
0.9143912094
0.9097017784
0.9458224104
0.9573250002
0.9527318684
0.9426104352
0.9289702648
0.9214118167
0.9192623231
0.9381651689
0.9660479728
0.9544828750
0.9222441145
0.9365089351
0.9394072820
0.9564658032
0.9863520037
0.9709350248
0.9350572504
0.9154718956
0.9000949405
0.8994500445
0.9064563846
0.9176415351
0.9445249702
0.9673159188
0.9621349524
0.9355361438
0.9120056939
0.9143246752
0.9369228032
0.9494254243
0.9515343092
0.9363823971
0.9036914530
0.8846928328
0.8983462616
0.9087781998
0.9040970456
0.8990054803
0.8853291739
0.8816771143
0.8796228508
0.8928091396
0.9186328718
0.9288839512
0.9200612971
0.9137650045
0.9226404734
0.9475985768
0.9660004412
0.9442806577
0.9332682010
0.9210104272
0.8916029241
0.8817559039
0.8927515166
0.8916286506
0.8779588615
0.8730826860
0.8727209719
0.8883459820
0.8889613563
0.8837098619
0.8947327554
0.8945177138
0.8760700568
0.8784564049
0.9042037338
0.9102115599
0.8913670843
0.8866474479
0.9025909568
0.8917018081
0.8756040889
0.8667717213
0.8678212605
0.8717632616
0.8759682959
0.8842758852
0.8738712115
0.8537292723
0.8627376081
0.8842991334
0.8873396133
0.8781456936
0.8772669433
0.8811192298
0.8742768060
0.8619117430
0.8471544106
0.8174826844
0.8194374388
0.8263341409
0.8280324847
0.8526917625
0.8604513698
0.8391261889
0.8282425512
0.8405488412
0.8657567659
0.8403448707
0.8384982720
0.8621466444
0.8710909342
0.8562042144
0.8311950884
0.8207171501
0.8440321169
0.8747615713
0.8692451855
0.8445916398
0.8274596670
0.8345481610
0.8443612976
0.8309606037
0.8180087810
0.8329363314
0.8486958999
0.8388274276
0.8377670352
0.8498190463
0.8520013473
0.8599988507
0.8419161992
0.8142931260
0.8069832580
0.8089574232
0.8073995840
0.8038208755
0.7968929997
0.7877420960
0.7880106367
0.8109994928
0.8244264270
0.8261577750
0.8016148193
0.8176150059
0.8426558180
0.8256611397
0.8186900712
0.8115057362
0.8014741552
0.8147906131
0.8220325650
0.8023861416
0.7705724676
0.7458061708
0.7384513757
0.7481445226
0.7634234528
0.7758367447
0.7839524805
0.7776222373
0.8078186902
0.7754004619
0.7425802775
0.7504675367
0.7625047170
0.7390190903
0.7003413829
0.6987975608
0.7256830763
0.7673956119
0.7725761133
0.7553663687
0.7685272026
0.7787532891
0.7521931894
0.7340159232
0.7319405457
0.7160985272
0.6928890047
0.6723563774
0.6680638629
0.6519028336
0.6276397421
0.6245347611
0.6226601507
0.6082213084
0.6053284955
0.6125394098
0.6066867865
0.6045445559
0.5962961999
0.5740885128
0.5611904542
0.5737859780
0.5868760166
0.5755048974
0.5575305126
0.5502848202
0.5389436635
0.5118662445
0.4869111471
0.4682143597
0.4778076947
0.4736727873
0.4578086921
0.4517786204
0.4640247521
0.4638955409
0.4503292050
0.4390303102
0.4182004481
0.3898749493
0.3774110487
0.3886868963
0.4138276271
0.4286534485
0.4147924129
0.4055420375
0.4243216089
0.4430044185
0.4380985008
0.4234538521
0.4105419930
0.4098088796
0.4260734515
0.4328014478
0.4432311151
0.4671060299
0.4830774235
0.4910634803
0.4898368297
0.4825760380
0.4926066551
0.5195091792
0.5378288444
0.5438963860
0.5539291166
0.5707099583
0.5785641335
0.5769180398
0.5957244311
0.6199312446
0.6252553765
0.6211887212
0.6250995429
0.6427843835
0.6560162883
0.6846468215
0.6905598622
0.7039134543
0.7173975233
0.7207577917
0.7186805777
0.7134458913
0.7067849003
0.7055898466
0.7142989149
0.7162246727
0.6989861474
0.7276303056
0.7381054570
0.7373343373
0.7606410352
0.7642523375
0.7562684015
0.7539252148
0.7549220348
0.7699146977
0.7738040559
0.7823448235
0.7789108617
0.7776942236
0.7855280493
0.7883895126
0.7798324244
0.7676489438
0.7647482486
0.7736442648
0.7884196799
0.7994871747
0.7916509624
0.7854912166
0.7943701656
0.7980594940
0.8205568780
0.8073273749
0.7899348377
0.8067785725
0.8235881413
0.8222348030
0.8284694482
0.8154208164
0.8009202199
0.8132670254
0.8250044617
0.8214602730
0.8203743244
0.8242144159
0.8379981237
0.8156131809
0.7712281019
0.7677855099
0.7938550264
0.8078213604
0.8112377306
0.8383769429
0.8612222872
0.8502138803
0.8344996490
0.8437087101
0.8649119064
0.8762156122
0.8666138644
0.8461676543
0.8404311867
0.8432545623
0.8379542140
0.8409331550
0.8354011270
0.8383846593
0.8412312089
0.8547466996
0.8607396329
0.8484159805
0.8688952472
0.8988476115
0.8755018783
0.8550794624
0.8481137586
0.8526235919
0.8745058352
0.8805294698
0.8756287940
0.8726417569
0.8652564523
0.8606138089
0.8702215704
0.8834041149
0.8788063606
0.8612261677
0.8610662694
0.8750609130
0.8726203764
0.8633857430
0.8626403109
0.8542920789
0.8725374898
0.8888746283
0.8884048346
0.8838934700
0.8839823954
0.8935414572
0.9033415533
0.9025359020
0.9012957830
0.9076366005
0.9105293802
0.9197317274
0.9512997587
0.9552404654
0.9200180359
0.8845362773
0.8865547378
0.9039518286
0.8929537378
0.9086804418
0.9310504886
0.9433403935
0.9551922079
0.9558694705
0.9149383370
0.8910076542
0.9071714845
0.9217800244
0.9193778541
0.9158565955
0.9093707822
0.9046677817
0.9250715229
0.9383359808
0.9327623087
0.9250402677
0.8957528221
0.8834700575
0.8916574732
0.9134881543
0.9269356162
0.9044512855
0.8767152384
0.8857870766
0.8960452788
0.8960483851
0.9141050459
0.9416646629
0.9558631688
0.9418255574
0.9038549809
0.8867060373
0.9021904598
0.9199965823
0.9163586327
0.9026187079
0.9103018397
0.9350241374
0.9277331564
0.9198008023
0.9228258067
0.9327643551
0.9184549551
0.9165965569
0.9144171953
0.9071613824
0.9043184573
0.9131249873
0.9279357625
0.9280866621
0.9070324611
0.8922741111
0.9129819312
0.9537388090
0.9338578752
0.9214740879
0.9353115599
0.9445700041
0.9366568174
0.9272779451
0.9294958457
0.9472860996
0.9543301928
0.9367481367
0.9263738005
0.9144110146
0.9071480771
0.9411652452
0.9638651285
0.9372862599
0.9151991277
0.9062227933
0.9052837590
0.9190216202
0.9303842770
0.9405978835
0.9436617393
0.9360130569
0.9736530054
0.9856887221
0.9719876650
0.9573785435
0.9515800455
0.9525788139
0.9618871778
0.9808535230
1.0074159872
1.0258780538
1.0081746368
0.9621370612
0.9392778114
0.9530964436
0.9646642983
0.9696852198
0.9568697772
0.9313079509
0.9138594995
0.9334521399
0.9289306095
0.9528832536
0.9569862074
0.9477050866
0.9520390464
0.9502089997
0.9421019668
0.9589145587
0.9778104264
0.9656122555
0.9492876239
0.9563165584
0.9611830899
0.9484071320
0.9362384493
0.9278790130
0.9509535017
0.9597955785
0.9751766466
0.9826257450
0.9721679378
0.9752725029
0.9541239886
0.9180883248
0.8941027446
0.9033595146
0.9386668722
0.9861489633
0.9919855252
0.9655810170
0.9476755776
0.9512207328
0.9721588633
0.9897887726
0.9877012612
0.9737900011
0.9577601312
0.9493127395
0.9655358804
0.9477511003
0.9375537993
0.9662056825
0.9880986269
0.9908324789
0.9621225704
0.9384734977
0.9510209262
0.9652839850
0.9615784147
0.9571460552
0.9558063680
0.9551521502
0.9727740180
1.0033443619
1.0113742654
1.0050711762
0.9889346628
0.9578478950
0.9475734484
0.9506648879
0.9626394572
0.9572539129
0.9607832970
0.9660583791
0.9432805897
0.9369113506
0.9693277172
0.9705419116
0.9540783612
0.9642606050
0.9739707985
0.9644307391
0.9605299456
0.9733933882
0.9906769718
0.9795112967
0.9760767762
0.9563282424
0.9522938678
0.9778861296
1.0037986896
0.9923312842
0.9711922205
1.0022005518
0.9995756626
0.9746346837
0.9705388718
0.9649823274
0.9851204898
1.0097490302
0.9943142694
0.9686988914
0.9754060333
0.9967679955
1.0060376505
1.0002137853
0.9898490876
0.9749705515
0.9686463523
0.9994530942
1.0014138313
0.9628003089
0.9665206079
0.9517787238
0.9660858411
0.9880352400
0.9955212974
0.9787738244
0.9776972900
0.9868398916
0.9724801542
0.9486880022
0.9584077807
0.9990091889
1.0156109064
0.9910871239
0.9759368924
0.9655234690
0.9640725039
0.9643868841
0.9569155841
0.9271307593
0.9545170273
0.9617330158
0.9914301847
1.0053911379
0.9997444392
0.9879638303
0.9683057792
0.9541530201
0.9566100029
0.9612830454
0.9662934335
0.9798832214
0.9888344116
0.9948617469
0.9871717146
0.9711876628
0.9441207608
0.9682199520
0.9896275117
0.9735062658
0.9436978874
0.9321619043
0.9429774226
0.9582145167
0.9666000040
0.9666248418
0.9657544321
0.9735771186
0.9786723484
0.9811109846
0.9828728521
0.9717174051
0.9570562465
0.9443159433
0.9327422642
0.9391703898
0.9414451406
0.9649269593
0.9821442671
0.9633273096
0.9363446717
0.9410773160
0.9679755573
0.9729594596
0.9563232287
0.9510339589
0.9530170364
0.9453637413
0.9498092548
0.9619346154
0.9714212796
0.9781353496
0.9604314779
0.9489229768
0.9414957248
0.9575191436
0.9560882137
0.9573850643
0.9514929024
0.9573421281
0.9813958786
0.9769598857
0.9830852896
1.0096195136
1.0059273836
0.9932491930
0.9663717899
0.9517839625
0.9405514824
0.9310813106
0.9528051004
0.9817748107
0.9844083067
0.9868535932
0.9908802102
0.9972377881
1.0029900823
0.9952769101
0.9597639068
0.9590172518
1.0098047841
1.0053451756
0.9729528361
0.9491545067
0.9760410232
1.0153216790
1.0190725197
0.9966716970
0.9774850203
0.9791484047
0.9944059834
1.0019890899
0.9998495754
0.9957749641
0.9873863325
0.9807600447
0.9825167457
0.9902155796
0.9967929234
0.9930331165
0.9815118008
0.9714298752
0.9733046803
0.9904637469
0.9897844398
0.9813989359
0.9958543134
1.0144577557
0.9992648057
0.9688798448
0.9453086349
0.9293052636
0.9427696690
0.9653976548
0.9547359425
0.9458733769
0.9485329197
0.9392998908
0.9298445367
0.9209856549
0.9304695912
0.9564493832
0.9477195821
0.9226221792
0.9250730552
0.9395414745
0.9433161720
0.9502962860
0.9540569624
0.9421130728
0.9349853684
0.9396553201
0.9352659204
0.9316919328
0.9377815246
0.9402581137
0.9526821150
0.9943094948
1.0062709700
0.9502343982
0.9149646171
0.9260503627
0.9575269609
0.9648170613
0.9577942851
0.9498835608
0.9406979048
0.9494020167
0.9588196156
0.9630906857
0.9640972603
0.9500030747
0.9425104274
0.9599627051
0.9700349025
0.9618929225
0.9814760577
0.9869808854
0.9790985470
0.9947790270
0.9897081962
0.9695731875
0.9551647800
0.9781349038
1.0114795613
1.0002497493
0.9810450055
0.9578773676
0.9494405568
0.9782668570
1.0172223846
1.0249900110
1.0080516449
1.0042043874
1.0168079001
1.0460358191
1.0330159364
1.0222414098
1.0088705406
0.9963695501
1.0153322274
1.0282099452
0.9970248362
0.9693179108
0.9912823432
0.9953485051
0.9771994636
0.9582754279
0.9454153582
0.9474997424
0.9577804661
0.9613401054
0.9661820533
0.9800422979
0.9946971335
1.0013047851
0.9981202533
0.9731165754
0.9519036532
0.9426996464
0.9351669715
0.9387826978
0.9528666422
0.9582477339
0.9654122231
0.9765851423
0.9723249595
0.9633507658
0.9586966916
0.9568487065
0.9633738869
0.9796399181
0.9728824932
0.9274019053
0.9204388674
0.9655800646
0.9802902418
0.9777309264
0.9868908224
0.9773649181
0.9912597252
0.9663261716
0.9513015153
0.9576610467
0.9743007150
0.9945565797
0.9939547450
0.9763831425
0.9714617570
0.9838153113
0.9918935509
0.9875125264
0.9888511350
1.0095170351
1.0288627881
1.0226871092
0.9946795680
0.9741994277
0.9950758952
1.0034079244
0.9919308724
0.9976747598
0.9815778937
1.0001251497
1.0235367769
0.9999051908
0.9664796352
0.9548141184
0.9644575820
0.9818275411
0.9803043013
0.9686488586
0.9807461477
0.9967056814
0.9960085990
0.9983000471
0.9987076273
0.9940136388
1.0009568908
0.9998090475
0.9919293295
1.0026809661
0.9989224809
0.9850143494
0.9821152700
0.9780567802
0.9905117628
1.0062135188
1.0044521018
0.9794588066
0.9647630650
0.9776237254
0.9795576345
0.9725152101
0.9970648852
1.0129096711
1.0294276625
1.0106220418
1.0034166929
1.0180405783
1.0231264673
0.9992716487
0.9851843142
0.9804738293
0.9731133160
0.9703407256
0.9558388577
0.9607489383
0.9763212823
0.9890565404
1.0001618494
0.9925950558
0.9884949133
1.0173738108
1.0101806803
0.9867656896
1.0013887828
1.0430304052
1.0261385015
1.0095372968
1.0095189087
0.9869047809
0.9837394981
0.9987065923
0.9936502762
0.9938921590
0.9951603023
0.9928930686
0.9964488165
0.9938832239
0.9878896982
1.0046613891
1.0259535268
1.0124921062
0.9928051991
0.9884309140
0.9602507274
0.9389828406
0.9440450318
0.9694279668
0.9900075338
0.9799058494
0.9789948643
0.9811376134
0.9819040606
0.9683979383
0.9394446918
0.9476548762
0.9754974967
0.9793467756
0.9844763280
0.9962060986
0.9789815791
0.9668602825
0.9950070209
1.0079077966
0.9862020140
0.9877628704
0.9914608904
0.9853693981
0.9964391392
0.9880509743
0.9840783756
0.9778643336
0.9690200674
0.9692465287
0.9649558153
0.9680751828
0.9882964867
0.9999845727
0.9881311317
0.9749721291
0.9791351027
0.9925587837
1.0071319983
1.0132649771
0.9821775325
0.9791657419
0.9842355030
0.9692735585
0.9902549107
0.9856253185
1.0043743045
1.0338220762
1.0112829594
0.9960704224
1.0011683148
1.0053366597
1.0054729072
1.0016963765
0.9862437269
0.9831802723
1.0069909550
1.0167185659
0.9935738450
0.9585864909
0.9560405482
0.9831669021
1.0145596699
1.0208890551
1.0007296652
0.9954059028
0.9852677343
0.9843112237
0.9883765396
0.9739359376
0.9804684633
1.0006792294
1.0155401415
1.0105556257
0.9975543705
0.9934015952
0.9959454231
0.9991147846
0.9980430933
0.9987958629
0.9952272270
0.9786577469
0.9690470009
0.9704958252
0.9978653568
0.9921677786
1.0198295296
1.0219401529
1.0096432995
0.9955867956
0.9901663016
1.0021016652
1.0120430758
1.0097845710
1.0018659461
0.9996762883
1.0015020067
0.9943231533
0.9925951262
1.0110859627
1.0021949986
0.9644170302
0.9674206670
0.9879332920
0.9753582398
0.9749829622
0.9990082873
0.9975100137
0.9897401987
1.0079238986
1.0282817353
1.0268777918
1.0050934022
0.9851420693
0.9851444125
0.9941355860
0.9927609669
0.9778142012
0.9582588578
0.9591720483
0.9808617257
0.9937094336
0.9941841861
0.9832828116
0.9933939687
0.9882273848
0.9934226496
1.0047284597
1.0251960673
1.0101266534
0.9879960989
0.9956651308
1.0248937631
1.0488214825
1.0405925338
1.0222916558
1.0092120117
0.9925525047
1.0039930904
1.0129765705
1.0005086798
1.0108390680
1.0027975530
0.9836491799
0.9721943046
0.9891535714
0.9825185964
0.9724913416
0.9694284918
0.9642886636
0.9622990870
0.9681672475
0.9628545965
0.9460081033
0.9477009164
0.9728062692
0.9908631170
0.9876749824
0.9775222696
0.9705546093
0.9641029372
0.9575790150
0.9413909889
0.9373340453
0.9511261344
0.9535601328
0.9645214540
0.9689896787
0.9579643653
0.9606518587
0.9590821406
0.9476998979
0.9595861961
0.9806823634
0.9806711778
0.9744013375
0.9730270764
0.9725481871
0.9910489851
1.0119767983
1.0077174176
0.9865726896
0.9918134452
0.9899770726
1.0102519026
1.0274821699
1.0289597407
1.0163583608
0.9726030414
0.9564013115
0.9689343766
0.9685570417
0.9523073603
0.9684712076
0.9889463819
0.9982312307
1.0170658941
1.0137510173
0.9847380788
0.9800460346
0.9947199306
1.0172487088
0.9904077746
0.9730644425
0.9711547333
0.9736430253
0.9677289979
0.9791043193
1.0023602908
1.0001441694
1.0035279325
1.0071791315
1.0032873781
0.9907625128
0.9752977431
0.9745907062
0.9886611965
0.9922052159
0.9802935131
0.9741924009
0.9812693172
0.9959368316
0.9906540496
0.9976390197
0.9910546841
0.9861925090
0.9896754069
1.0011247815
1.0202633441
1.0383403301
1.0442722442
1.0513938261
1.0446172134
1.0259975275
1.0239697058
1.0171261881
0.9955318645
0.9961535254
1.0072382045
1.0063155508
1.0168232811
1.0293109763
1.0196837033
0.9908165837
0.9980061042
1.0446031266
1.0591161318
1.0303213025
1.0117880336
1.0161075364
1.0278064736
1.0278930105
1.0096541124
0.9988468323
1.0013035346
0.9976155485
0.9943941385
1.0032877190
1.0074310438
1.0119254131
1.0292975304
1.0223768863
0.9932424878
0.9978371121
1.0177537858
1.0153696855
1.0290184218
1.0303872996
1.0246219869
1.0519201621
1.0642780772
1.0345856075
0.9961262066
0.9866555440
0.9927435468
0.9916870887
1.0033872973
1.0353637415
1.0469206309
1.0322400257
1.0260032539
1.0184258043
0.9947413634
0.9845205965
1.0014891440
1.0161455249
0.9988331351
1.0089883318
1.0041346748
1.0025132600
1.0005803639
0.9810093728
0.9784827015
0.9904905423
1.0082772937
1.0131008200
0.9885470177
0.9708510090
0.9970232111
1.0302180755
1.0311141096
1.0251733619
1.0294645014
1.0479602239
1.0758185496
1.0590712933
1.0266694265
1.0160928912
1.0301782880
1.0374721113
1.0344981793
1.0297806507
1.0157937424
0.9986746521
0.9932643040
0.9899535717
0.9812810360
0.9928973129
1.0281395914
1.0402551321
1.0217008904
1.0015620757
0.9810289671
0.9678334330
0.9822846822
1.0001549979
0.9928118732
0.9775078003
0.9917208717
0.9706378406
0.9588923789
0.9796779926
0.9974692149
0.9993832876
1.0015976340
1.0122670055
1.0255522793
1.0314807670
1.0223024324
0.9984016097
0.9768064111
0.9915096742
1.0065711163
1.0091018709
0.9928253563
0.9964064645
0.9987780696
0.9975805560
0.9939765265
0.9838056241
0.9811791876
1.0001074927
1.0219529874
1.0285940159
1.0168355405
1.0046765361
1.0033681335
1.0025269432
0.9977047274
0.9978863705
1.0000989454
0.9916710569
0.9943690820
0.9912749818
0.9933574808
1.0046336238
1.0085492377
1.0010064819
0.9934764644
0.9969998622
1.0148361203
1.0383486832
1.0462756814
1.0371648143
1.0196086188
1.0014526157
0.9924033714
0.9972366488
1.0090955351
1.0149780782
1.0069290624
1.0046380533
1.0366444309
1.0415671327
1.0170872924
1.0049903319
1.0076692035
1.0299796969
1.0184482104
0.9952778278
0.9748482704
0.9698059290
0.9687969586
0.9962197749
1.0213960159
1.0215135777
0.9907504013
0.9664702627
0.9923609825
1.0159759594
1.0176719570
1.0100087537
0.9989420543
0.9808752477
0.9870175946
1.0447067179
1.0288682947
0.9701936022
0.9883474718
1.0260146166
1.0339959303
1.0204501179
0.9957072621
0.9813955487
0.9629820231
0.9676341855
1.0063042742
1.0250043380
1.0090394462
0.9965444348
0.9976867533
1.0141225956
1.0192905641
0.9877973888
0.9755402931
0.9870741916
1.0323730911
1.0283631420
0.9999005323
0.9853230070
0.9983327189
1.0262977820
1.0451615497
1.0276868845
0.9965789035
0.9982499204
1.0201442354
1.0252820913
1.0122798084
0.9903499510
0.9797486096
0.9955727234
0.9987089767
1.0119306950
1.0140112255
1.0128750273
1.0098156138
1.0164436460
0.9816695339
0.9904586846
1.0015226831
0.9898207965
1.0050003785
1.0325346018
1.0297007359
1.0036357328
0.9825952069
0.9725920171
0.9828322382
1.0187196801
1.0361503777
1.0166659506
1.0038476801
1.0210677540
1.0509950998
1.0314955289
1.0002496278
1.0173296018
1.0118044604
1.0072247133
1.0044303728
0.9855949597
0.9766164153
0.9854206495
0.9930806427
0.9858893623
0.9747852401
0.9694533582
0.9709532230
0.9742427609
0.9659447208
0.9713681795
0.9749417518
0.9859859863
1.0277885599
0.9849939530
0.9431544494
0.9742940905
0.9850646130
0.9814797963
0.9711178157
0.9493374385
0.9689277952
0.9905727158
0.9950140225
0.9846158187
0.9788467634
0.9729963900
0.9585767170
0.9584512196
0.9580745523
0.9711412301
0.9866726748
0.9958065641
0.9793558663
0.9401718661
0.9662744264
0.9860728904
1.0036014293
1.0052383244
0.9929490144
0.9913782688
0.9902593949
0.9763830706
0.9611524908
0.9582297399
0.9685498623
0.9867004477
1.0047406738
1.0123609171
1.0081389258
1.0027202618
0.9872433555
0.9614593972
0.9798642985
1.0071683888
1.0126721745
1.0000954958
0.9649168562
0.9753045476
0.9745317685
0.9921984753
1.0047184918
1.0118725741
1.0202243392
1.0044646677
0.9853926290
0.9940045847
1.0159091945
1.0344595943
1.0319705853
1.0056172240
0.9983275681
1.0115065847
1.0044458201
1.0010705806
0.9741089839
0.9851452148
0.9904153876
0.9824127523
0.9752723261
0.9716005697
0.9828765188
1.0038442257
1.0115963510
1.0073204356
0.9960300450
0.9929233941
1.0067105038
1.0066332502
0.9802252073
0.9658600537
0.9886409284
0.9978952133
0.9875212867
1.0031455176
1.0106023945
1.0145937363
1.0428709440
1.0550788196
1.0413448612
1.0026876221
0.9704726812
0.9584691047
0.9635398187
0.9792120274
0.9883933300
0.9855466727
0.9866322123
0.9957134141
1.0015366460
1.0003400527
0.9882207736
1.0111707253
1.0208933842
1.0084434339
0.9784805429
0.9619022612
0.9686539119
0.9956492205
0.9916502407
1.0013713444
1.0215740823
1.0341337876
1.0295596789
1.0217754113
1.0221689540
1.0154656756
1.0029247605
0.9935588895
0.9707190775
0.9664923909
1.0007096325
1.0329605484
1.0260405917
0.9908533297
0.9849527921
0.9941447757
1.0026242847
0.9691424097
0.9686673697
0.9670482084
0.9670219320
0.9783027182
0.9970348084
0.9940361336
0.9806646628
0.9973775856
1.0245056743
1.0203937445
1.0085656863
1.0050036677
0.9867015041
0.9724747554
0.9781400500
1.0086673400
1.0222988092
1.0344225768
1.0397021192
1.0216098059
1.0136800606
1.0113160963
0.9988969238
0.9874135265
0.9871377679
0.9881537489
1.0004811501
1.0034685668
0.9967668593
0.9901515768
0.9567765021
0.9621067261
0.9702373094
0.9760235605
0.9831678115
1.0005900438
1.0302241106
1.0080110811
0.9955168979
1.0065791196
1.0160711997
0.9953895084
0.9814600799
0.9758585125
0.9741715735
0.9798417745
0.9886951996
1.0040045617
1.0150334236
1.0080645504
0.9996411568
0.9855788638
0.9653335781
0.9491310206
0.9665277701
0.9896409303
0.9896742746
0.9786285121
0.9655754134
0.9595091147
0.9351133776
0.9186174262
0.9536964958
0.9762789134
0.9911723370
1.0063571829
0.9985141204
0.9771736361
0.9660733754
0.9534906028
0.9401160203
0.9591549574
0.9862260858
0.9877662928
0.9748427419
0.9660163197
0.9815864253
0.9788700563
1.0187676577
1.0245358142
1.0079119591
0.9904248843
0.9885083054
1.0055506211
0.9990093084
0.9936628578
1.0037341173
1.0121951961
1.0068126317
1.0014572781
1.0218699283
1.0375588832
1.0261786856
1.0201751228
0.9952567866
1.0026836586
1.0020853382
0.9618355849
0.9515985149
0.9908216941
1.0057235860
1.0123066112
0.9988722020
0.9964080362
1.0078838720
1.0214081566
1.0175349164
0.9994257339
0.9856769349
0.9759499859
0.9643231954
0.9669642482
0.9987579763
1.0143808848
1.0280702453
1.0076359329
0.9674694930
0.9735826860
0.9994025822
1.0187093650
1.0024653965
0.9806422219
0.9808388517
1.0011523947
1.0243866164
1.0054911328
0.9955930067
1.0167378601
1.0220391538
1.0157040666
1.0231395741
1.0253630964
1.0112399336
1.0024998406
0.9843823192
0.9799141653
0.9808574060
0.9893168407
0.9938474004
1.0073607251
1.0216603436
1.0403643686
1.0192104029
0.9729218825
0.9712227737
0.9964687210
0.9896149620
0.9745685755
0.9878168132
1.0014559742
1.0017023408
1.0069047459
1.0043091222
0.9999340426
0.9974602287
0.9855552482
0.9791207528
0.9799339630
0.9992373940
1.0178168231
1.0127532550
1.0128046705
1.0044924046
0.9917626268
0.9941362259
1.0163005626
1.0147896688
0.9918141723
0.9914215552
1.0115847657
1.0272171093
1.0313518236
1.0127285990
0.9980709081
0.9980175540
1.0155373148
1.0111865267
0.9959259604
1.0037693012
1.0444102203
1.0718592336
1.0445121612
1.0123633929
1.0085189683
1.0103141783
1.0109155596
1.0084200389
1.0047624978
0.9982558136
0.9864936011
0.9728871805
0.9612156710
0.9685027331
0.9755936430
0.9900045626
0.9900856616
0.9767412272
0.9766499585
0.9661455288
0.9614165286
0.9841102501
0.9840941969
0.9761586573
0.9984088760
1.0130894249
1.0103751497
0.9951708597
0.9856882222
0.9922286639
0.9943861493
0.9874760971
0.9944173157
1.0103819057
1.0225651178
1.0226774774
1.0085642576
0.9849384516
1.0044960163
0.9711893100
0.9639556479
0.9666207073
0.9931780596
0.9899822495
0.9885953753
0.9967001666
0.9917289849
0.9844568468
0.9890842281
1.0117486128
1.0309872171
1.0191736218
1.0128874157
1.0281615357
1.0081572024
0.9904497769
0.9875119359
0.9859690669
1.0067244881
0.9738424474
0.9695478088
0.9824056218
1.0020156404
1.0205627134
1.0202765761
0.9914103635
0.9543431408
0.9432311221
0.9541845343
0.9764231819
0.9969315401
0.9993168226
1.0084432621
1.0336935708
1.0370832398
1.0329491907
1.0163611650
0.9968859296
0.9908908862
0.9956673391
0.9988577006
1.0106390260
0.9984520606
0.9720089779
0.9760261853
0.9912725541
0.9900329222
0.9973215070
1.0045481011
1.0027994567
1.0005180041
0.9926143153
0.9886512955
0.9921459059
1.0043314779
1.0032763652
0.9812819482
0.9715515282
0.9695764510
0.9561572100
0.9595835374
0.9912725392
0.9996098918
1.0027777047
1.0181370537
1.0297545357
1.0309700426
1.0355497846
1.0370624764
1.0127594563
0.9821774427
0.9790152348
0.9859238229
0.9878451381
0.9939365901
0.9868524545
0.9674028290
0.9865062412
1.0253492711
1.0327637215
1.0204806982
1.0040593108
0.9911569957
0.9845614575
0.9711293527
0.9759699289
1.0066430728
1.0186111592
1.0017003128
0.9954134717
1.0131872727
1.0171118379
0.9956129943
0.9862488414
0.9765337926
0.9969894908
1.0197854081
1.0329867227
1.0455343864
1.0336465876
1.0112046938
1.0180287581
0.9983896573
0.9974128928
1.0077172960
0.9979030365
1.0067286600
1.0349405691
1.0488947390
1.0423070622
1.0251547166
1.0087617179
1.0063628419
1.0138112460
1.0186073087
0.9984161267
0.9962706188
1.0042466815
0.9879357595
0.9773197825
0.9666865939
0.9613319268
0.9729786684
0.9914136229
1.0027230201
0.9987093740
0.9933057779
0.9970133757
1.0040235632
1.0148255221
1.0172677961
1.0026055994
0.9925698183
0.9895473725
0.9955408633
1.0299630412
1.0676445513
1.0263098827
0.9795623246
1.0182058165
1.0255023053
0.9851536263
0.9583699804
0.9483285157
0.9694345873
0.9713569734
0.9673195989
0.9905384564
1.0039296028
0.9921549548
0.9848662242
0.9869181109
0.9748593701
0.9424229101
0.9347320580
0.9535962424
0.9628760801
0.9845236794
0.9760570331
0.9854005367
0.9826922426
0.9749140191
0.9710710268
0.9655885615
0.9596275284
0.9692218703
0.9795588936
0.9815224859
0.9877993973
0.9723869284
0.9620796435
0.9917553303
1.0074902744
1.0070973988
1.0047267894
0.9845579143
0.9762043322
0.9850707245
0.9600108804
0.9738185333
0.9729291546
0.9605753765
0.9539562196
0.9756407879
0.9968576616
0.9963607281
0.9921172113
0.9911106248
0.9917736155
1.0009423665
1.0031164750
0.9941308399
0.9989054971
0.9967961477
0.9717036278
0.9744730605
0.9981813490
1.0218914506
1.0190081203
0.9767488354
0.9501109943
0.9730454360
0.9712356294
0.9937930206
0.9844090557
0.9957196600
1.0066446636
1.0201464764
1.0340049499
1.0352444165
1.0167607187
0.9859458915
0.9633027651
0.9589154200
0.9775310789
0.9991429738
1.0099099317
1.0094676715
0.9964766515
1.0140781665
1.0230988544
1.0130914641
0.9945551284
1.0149987682
1.0239381114
1.0020621810
0.9952261839
1.0069653231
1.0008232370
0.9783041885
0.9822044627
1.0073552976
1.0063689883
0.9833353689
0.9697630607
0.9830977417
0.9884792931
0.9893007334
0.9903249634
0.9857662998
0.9895844970
1.0086621650
0.9939572670
0.9789174615
0.9814588050
1.0076767031
1.0302590563
1.0388298761
1.0417414476
1.0330858185
1.0247327149
1.0182109958
1.0024340662
1.0020375243
1.0068233821
1.0066412247
0.9965142427
1.0076879052
1.0264162791
1.0446973437
1.0107689429
0.9992309061
0.9694622704
0.9878548117
1.0181662728
1.0126110243
0.9955873413
1.0018955655
1.0375379550
1.0479431186
1.0178827054
1.0069511353
1.0331612576
1.0445545484
1.0165935436
0.9881167037
1.0016104358
1.0008380586
0.9808812413
0.9791123495
0.9998401342
1.0058681999
0.9758499904
0.9748665476
0.9886966132
0.9993810729
1.0050075501
1.0072763453
1.0206762456
1.0439571365
1.0537868862
1.0493661254
1.0378602016
1.0217369610
1.0256243167
1.0114241514
0.9994545791
0.9761181163
0.9700984474
0.9996032206
1.0114458991
1.0036806309
1.0196915345
1.0206560450
1.0120592844
1.0082601362
0.9830052307
0.9562255661
0.9671799707
0.9947646901
1.0033620969
1.0044410897
1.0018453779
0.9780622558
0.9610911495
0.9577041368
0.9593949006
0.9765839067
0.9941938252
0.9818747494
0.9938216039
1.0103176324
1.0035578518
1.0070477094
1.0167981729
1.0245007080
1.0070814212
0.9784080036
0.9710850051
0.9906831870
0.9986522803
0.9980171959
1.0204776007
1.0327487306
1.0129699434
0.9939548995
0.9893375362
0.9801549791
1.0034187562
1.0127846812
1.0129733542
1.0200228677
1.0038100667
1.0112531300
1.0032827578
1.0238912952
1.0369344877
1.0050611016
0.9681232974
0.9711469592
1.0088337318
