#flux
0.9744133828
0.9733787932
0.9551059433
0.9503601623
0.9680474089
0.9803292548
0.9712377204
0.9589762202
0.9664232293
0.9796638242
0.9825516629
0.9864128097
0.9841370412
0.9753541429
0.9704793583
0.9724286408
0.9749972950
0.9747195040
0.9719892275
0.9676907294
0.9692437637
0.9730763070
0.9791014284
0.9683374578
0.9511079173
0.9514837378
0.9637226074
0.9721082539
0.9725994511
0.9659782050
0.9513597311
0.9519861901
0.9660953563
0.9716172089
0.9648072419
0.9623361167
0.9634824707
0.9640776504
0.9729134918
0.9751642151
0.9785427828
0.9816849982
0.9852661660
0.9879943267
0.9803693911
0.9617584015
0.9587215215
0.9644682629
0.9561514001
0.9540053390
0.9607524758
0.9645998879
0.9624272945
0.9618324328
0.9669307107
0.9704487227
0.9615303404
0.9541262270
0.9644378265
0.9613966582
0.9547980207
0.9588113741
0.9649552177
0.9615305232
0.9543141307
0.9493192628
0.9542842516
0.9570645340
0.9556727414
0.9534645638
0.9390858350
0.9280623698
0.9342379659
0.9411769213
0.9481215720
0.9614087425
0.9645634704
0.9547905097
0.9500047566
0.9436193967
0.9405719826
0.9426302471
0.9458827063
0.9496446626
0.9538718610
0.9533820282
0.9545651315
0.9438642592
0.9230476199
0.8927977340
0.8646456189
0.8510447953
0.8550777714
0.8724724766
0.8943150006
0.9123467665
0.9230534467
0.9289278843
0.9320015410
0.9257450235
0.9208958276
0.9182989907
0.9124964643
0.9173437833
0.9326293086
0.9360546539
0.9310484618
0.9353004667
0.9332496326
0.9308380628
0.9339967533
0.9370378311
0.9325059037
0.9186326382
0.9100482967
0.9157719034
0.9280240963
0.9360059362
0.9331882073
0.9377893942
0.9333542889
0.9210357498
0.9219411000
0.9235280425
0.9251787098
0.9280622907
0.9246507583
0.9248747605
0.9208637586
0.9254661121
0.9339138115
0.9322555158
0.9245430000
0.9193039283
0.9145229457
0.9061558926
0.8988442065
0.9027088825
0.9162397718
0.9187940868
0.9093436654
0.9043174130
0.9128731198
0.9183616404
0.9020853769
0.9038199083
0.9124809369
0.9213366002
0.9114146157
0.8982490373
0.8890918957
0.8819685817
0.8785885314
0.8786654113
0.8810528024
0.8745394750
0.8567758369
0.8464918120
0.8315924363
0.8154737385
0.8071282434
0.8091442583
0.8278120669
0.8628138498
0.8790888653
0.8779114116
0.8675527417
0.8585351604
0.8607752802
0.8624078396
0.8547065581
0.8451514394
0.8407188089
0.8331898675
0.8149910966
0.7984231506
0.7947910769
0.7949429505
0.7984177192
0.8064366883
0.8088454206
0.8095396043
0.8171612530
0.8208615810
0.8106990922
0.8084406401
0.7981299190
0.7961045934
0.7892078299
0.7803872673
0.7739236433
0.7672416457
0.7592122310
0.7526405011
0.7476810289
0.7405573813
0.7304283168
0.7164861878
0.6930798939
0.6713703788
0.6482488437
0.6070265604
0.5593052903
0.5107228668
0.4591498190
0.4065934539
0.3488348327
0.3058289008
0.2735843768
0.2413340889
0.2186540880
0.2067842158
0.1993018266
0.1923001226
0.1859106666
0.1852467412
0.1942229713
0.2073408179
0.2206761666
0.2467815713
0.2756512001
0.3204498836
0.3667620579
0.4192773308
0.4788312209
0.5391149734
0.5945864794
0.6415526030
0.6759807210
0.6923766215
0.6973922036
0.7045313586
0.7184490273
0.7317705724
0.7441893591
0.7598790085
0.7685459047
0.7677064567
0.7715116974
0.7793624701
0.7975373077
0.8070632848
0.8126407844
0.8169445622
0.8171055794
0.8149113753
0.8168184187
0.8239518258
0.8301302426
0.8320112800
0.8349733743
0.8390156103
0.8363088400
0.8376174779
0.8493475569
0.8552254090
0.8513653791
0.8392612890
0.8368282457
0.8503260914
0.8587131387
0.8649204190
0.8709487526
0.8746873116
0.8770683220
0.8823284440
0.8820817919
0.8811668728
0.8859323285
0.8940617062
0.8997184396
0.9009765747
0.9007635060
0.9011553244
0.8985247223
0.8925771291
0.8938662497
0.9003294782
0.8927558200
0.8961666377
0.9068682562
0.8878782946
0.8570580490
0.8772148261
0.8899905035
0.8922343684
0.9033167606
0.8992737744
0.9115473182
0.9269119038
0.9275591690
0.9165470782
0.9075157324
0.9128744809
0.9236672852
0.9216543112
0.9154423618
0.9145974040
0.9162928045
0.9260222040
0.9318491413
0.9316710350
0.9354369647
0.9379724545
0.9307940890
0.9220500496
0.9248997182
0.9313551856
0.9317371533
0.9303595768
0.9225150518
0.9148396099
0.9177600980
0.9268771504
0.9324638583
0.9297172068
0.9188852085
0.8967236331
0.8553043818
0.7991356167
0.7591885787
0.7691446607
0.7995933668
0.8496683281
0.9055891099
0.9310964616
0.9420892457
0.9514670543
0.9523375417
0.9509964652
0.9498967508
0.9482881431
0.9443860161
0.9382808129
0.9340234319
0.9323883922
0.9368788249
0.9467239830
0.9472557327
0.9393151576
0.9396233206
0.9520939158
0.9582064926
0.9494151245
0.9453449035
0.9390776708
0.9329379461
0.9449265256
0.9511402792
0.9477150134
0.9494056803
0.9554320581
0.9540094000
0.9463018822
0.9472278584
0.9612266233
0.9711207375
0.9654005095
0.9587706147
0.9651316056
0.9592542727
0.9589178699
0.9624610990
0.9663121769
0.9707494762
0.9712373866
0.9703452110
0.9710146529
0.9681361303
0.9680124033
0.9631952310
0.9567986750
0.9585262531
0.9611165562
0.9614917335
0.9631456850
0.9568229094
0.9427272067
0.9313980092
0.9130824898
0.9019372582
0.8930837154
0.9246249931
0.9516929429
0.9647262506
0.9632312193
0.9653106871
0.9700315336
0.9726011911
0.9753344240
0.9764943635
0.9728772174
0.9673529865
0.9660657188
0.9696614185
0.9702370446
0.9675782816
0.9722597715
0.9771616946
0.9788186368
0.9698823790
0.9536100105
0.9385205707
0.9230860687
0.9147084706
0.9204496936
0.9317404362
0.9441146593
0.9625414046
0.9790676876
0.9833792191
0.9746621699
0.9609637011
0.9480148507
0.9245736208
0.8793560299
0.8342985176
0.8238532464
0.8374735392
0.8713087050
0.9107836599
0.9318544468
0.9463510086
0.9749977067
0.9931606564
0.9942896300
0.9902585364
0.9844828021
0.9728740205
0.9565708067
0.9447010217
0.9496287773
0.9687495845
0.9796248286
0.9759759993
0.9808182486
0.9905396941
0.9817795116
0.9666505786
0.9658372485
0.9777021720
0.9858714690
0.9869565059
0.9884434216
0.9875178097
0.9856426198
0.9854723344
0.9815105995
0.9811339280
0.9824893622
0.9804591574
0.9793046951
0.9812159258
0.9814869660
0.9782358728
0.9754972072
0.9782333491
0.9837234994
0.9853822530
0.9909589021
0.9991283462
1.0056469641
0.9882514445
0.9887799985
0.9896396605
0.9812149174
0.9755647597
0.9816648078
0.9919580559
0.9909599961
0.9796441373
0.9783937235
0.9872694293
0.9880411174
0.9884911568
0.9880860970
0.9849017595
0.9766515173
0.9809127756
0.9796080380
0.9882695480
0.9867975063
0.9776993964
0.9806354485
0.9832612779
0.9906139735
0.9927536951
0.9935022097
0.9962360485
0.9941177947
0.9882582986
0.9855776916
0.9827814623
0.9804987009
0.9874478242
0.9873803971
0.9844134776
0.9947814161
0.9977733343
0.9794792107
0.9722522205
0.9702786016
0.9757144135
0.9697379238
0.9727644062
0.9781762414
0.9835200372
0.9884485022
0.9915651137
0.9898940793
0.9858587708
0.9866807753
0.9894524273
0.9831853195
0.9723898079
0.9694102429
0.9655518369
0.9659660597
0.9586377519
0.9520903549
0.9475191948
0.9504485189
0.9675918213
0.9873894156
1.0013676066
1.0088470810
1.0085394079
0.9991214947
0.9877234828
0.9851685993
0.9846671006
0.9867065267
0.9951872140
0.9906986004
0.9865267481
0.9767737974
0.9724542132
0.9759967836
0.9786449913
0.9779483240
0.9795992334
0.9770541180
0.9625234963
0.9599352849
0.9838592462
0.9928250760
0.9929577453
0.9885570635
0.9877715594
0.9919872398
0.9924875674
0.9913253456
0.9945636756
0.9986423823
0.9977533414
0.9929969761
0.9884917650
0.9832828079
0.9780562342
0.9786129172
0.9680997090
0.9574234204
0.9460988303
0.9539948122
0.9674447178
0.9861993092
0.9918356679
0.9859964525
0.9850480277
0.9929029623
0.9962700822
0.9889722900
0.9868450550
0.9934063695
0.9873276976
0.9810288251
0.9912977597
0.9819243037
0.9840424841
0.9831829759
0.9962533254
1.0010244074
1.0001972856
0.9937275165
0.9854442220
0.9882001374
0.9929265016
0.9888184403
0.9847819150
0.9866183786
0.9895285748
0.9905727446
0.9883305836
0.9859174080
0.9840053984
0.9760132710
0.9753377972
0.9743084848
0.9888959745
0.9973990752
0.9858745087
0.9755469179
0.9647585037
0.9401843757
0.9103734206
0.8920292839
0.8924711519
0.9158654862
0.9516151299
0.9766877315
0.9822913976
0.9838880528
0.9878908723
0.9775203509
0.9730239323
0.9825839134
0.9898997257
0.9914930126
0.9950210359
0.9940204204
0.9944256213
1.0025085503
1.0012788927
0.9835969297
0.9685349507
0.9645273923
0.9517332357
0.9438361739
0.9424201483
0.9447758619
0.9614013634
0.9803404261
0.9905377059
0.9943222355
0.9911920371
0.9907481554
0.9973937053
1.0005799381
0.9941871715
0.9870541180
0.9892189699
1.0006356447
0.9993065308
0.9951359674
0.9988458350
0.9993291939
0.9989478665
1.0035519816
1.0093772164
1.0045599380
0.9923324036
0.9884154129
0.9864776224
0.9872531766
0.9934657131
0.9916414182
0.9869814124
0.9963740055
0.9941013272
0.9819195381
0.9885034622
0.9980107947
0.9889872998
0.9827011961
0.9916445192
1.0001608868
1.0054912860
1.0010416516
0.9891047690
0.9856339022
0.9925315958
0.9999992660
1.0041773360
1.0056688646
1.0035171090
1.0011117610
1.0014776053
0.9993122332
1.0069717198
0.9998714151
1.0052276167
1.0117939723
1.0080941731
1.0003797275
0.9801422679
0.9757922077
0.9734282305
0.9705928363
0.9767935322
0.9798872068
0.9775377604
0.9811892327
0.9907295388
0.9934605053
0.9859144101
0.9848982620
0.9901715047
1.0004555922
1.0007110248
0.9881192698
0.9895726876
1.0034229854
1.0010798824
0.9943960413
0.9876298136
0.9753978321
0.9675092412
0.9623999459
0.9525475820
0.9467355950
0.9456931475
0.9268872686
0.8788910514
0.8136160427
0.7460769484
0.7045022289
0.6990298966
0.7451268670
0.8196187431
0.8831867208
0.9459989029
0.9773100626
0.9933735267
0.9914228496
0.9853322058
0.9880345931
0.9862143665
0.9690324378
0.9275574526
0.8600911254
0.7943158110
0.7587582070
0.7656861119
0.8151644922
0.8723390018
0.9294678136
0.9686640237
0.9811974480
0.9873962418
0.9893897245
0.9903131066
0.9981700518
1.0043176568
1.0047748951
0.9889571896
0.9791376247
0.9831672625
0.9845757950
0.9800466549
0.9819347178
0.9923522984
0.9980202065
0.9955019903
0.9952058837
0.9918664224
0.9860011284
0.9982615581
0.9992155550
1.0081009919
1.0000400352
0.9888037575
0.9854859276
0.9822344747
0.9874818478
0.9816938592
0.9777717900
0.9878025120
0.9939416456
0.9888556204
0.9838447668
0.9808739583
0.9796390997
0.9829911082
0.9876816838
0.9892888403
0.9889020635
0.9933627558
1.0051356788
1.0119901445
1.0139817084
1.0030053576
0.9999950463
1.0028847939
1.0123579618
1.0042910058
0.9974006870
0.9970054341
0.9882216439
0.9797736003
0.9724933592
0.9469493111
0.9121707312
0.8898935310
0.8794069233
0.8371813201
0.8130114337
0.8324470245
0.8278902101
0.8531774945
0.8753013352
0.9297786119
1.0011354081
1.0179421324
1.0152447132
1.0045857365
0.9888955653
0.9733212439
0.9600177538
0.9511389538
0.9457973346
0.9454350978
0.9476699391
0.9662631735
0.9899814516
1.0066643872
1.0134721711
1.0036097198
0.9869774018
0.9772945851
0.9740328785
0.9737526196
0.9802231819
0.9915445656
0.9967379740
1.0032714216
1.0147440728
1.0222585585
1.0239275456
1.0329575509
1.0497314160
1.0449521938
1.0138815343
0.9952800179
1.0042418652
1.0056282296
0.9990259893
0.9959562794
0.9863560638
0.9848304289
0.9958760682
0.9980719757
0.9967275745
0.9972528028
0.9952405688
0.9906330905
0.9868702864
0.9885766299
0.9922102723
0.9905751876
0.9897020405
0.9950641630
0.9980381061
0.9999066273
1.0118333827
1.0076100020
0.9925834574
1.0095279682
1.0011016394
0.9864788530
0.9939029945
0.9967799755
0.9946806238
0.9958753458
1.0065767632
1.0143807785
1.0129863929
1.0060424702
0.9961301255
0.9877219156
0.9854854071
0.9898636269
0.9986827821
1.0065145041
1.0081449586
1.0024292461
0.9986782036
0.9972046687
0.9986552108
1.0020742397
1.0011540018
0.9960074889
0.9966339729
0.9921996797
0.9838980032
0.9845370375
0.9949743910
1.0034682516
1.0044797396
0.9991473680
0.9923367032
1.0000488979
1.0126291273
1.0151339323
1.0142778082
1.0052025963
0.9937740128
0.9999091173
1.0011821465
0.9897908930
0.9852132872
0.9928048756
1.0017904663
0.9983221853
0.9911607517
0.9881683237
0.9803292726
0.9586127632
0.9262854547
0.8905117462
0.8601282293
0.8514845766
0.8706287763
0.9162529304
0.9579412007
0.9760745836
0.9955934034
1.0012304465
1.0065372942
1.0022416874
0.9980875678
1.0084521165
1.0112904164
1.0079029947
0.9949499686
0.9813320530
0.9766747070
0.9757468157
0.9775281498
0.9851552808
0.9885022084
0.9807317789
0.9753723232
0.9787264407
0.9791754962
0.9809632540
0.9820645282
0.9960870588
1.0028569179
1.0020046191
1.0060211098
0.9980296189
0.9928157976
0.9973782475
1.0026226831
0.9942192793
0.9874890733
0.9889842110
0.9787167026
0.9624112273
0.9571195949
0.9688353207
0.9672959070
0.9718113500
0.9928558459
1.0039295004
1.0018509970
0.9976585069
0.9867257276
0.9948662024
1.0039199318
0.9968844921
0.9922788647
0.9917399548
0.9862262573
0.9792294017
0.9768171710
0.9780501109
0.9780549708
0.9765839136
0.9828998219
0.9894417067
0.9908013539
0.9893096830
0.9943250931
1.0079938508
1.0042551608
1.0054881196
1.0070280194
1.0066985451
0.9941403132
0.9755409945
0.9732579114
0.9440702647
0.9014913158
0.8635618353
0.8378531582
0.8414235743
0.8725823158
0.9208750304
0.9541407369
0.9715451982
0.9661965312
0.9677761892
0.9551956570
0.9477160740
0.9615504165
0.9802808729
0.9899998110
0.9887724344
0.9940699309
1.0071713250
1.0132108738
1.0122506592
1.0137194182
1.0142248197
1.0104118092
1.0086251867
1.0036978189
0.9910743424
0.9941321725
1.0028511391
1.0024197751
1.0090940457
1.0126014110
1.0071337957
1.0057918450
1.0087147014
1.0199808689
1.0153265272
0.9902021155
0.9955714347
1.0008925434
0.9986419733
0.9969338540
1.0000741884
1.0016715817
0.9977695001
1.0029036885
1.0071870462
0.9997438453
0.9942911200
0.9919980886
0.9971985250
0.9889404784
0.9916025141
0.9907157197
0.9975387267
0.9955052197
0.9968192485
0.9986139361
0.9970623045
0.9953452184
0.9925071119
0.9972542403
1.0034767320
0.9985316965
0.9951372245
1.0024606702
1.0067292391
1.0049169900
0.9990577418
1.0031747652
1.0103483845
0.9936087753
0.9893554126
0.9903327947
0.9831707917
0.9743069306
0.9658928361
0.9681352921
0.9656337792
0.9535090464
0.9483922365
0.9540646036
0.9599115872
0.9571791727
0.9570676107
0.9748221169
0.9832794927
0.9774675879
0.9612249158
0.9747897548
0.9877144244
0.9840211577
0.9735474503
0.9582151272
0.9781456329
0.9754909580
0.9669836799
0.9670409873
0.9766456155
0.9843089179
0.9910851340
0.9979686734
0.9944643305
0.9857042280
0.9911397844
1.0020783120
0.9987258682
0.9983003952
0.9952085328
0.9839702367
0.9807575882
0.9872572107
0.9967286308
0.9940966873
0.9989859480
1.0099759808
1.0139359552
1.0040628349
0.9985248888
0.9992789857
0.9949123556
0.9930606937
1.0008713158
1.0056780575
1.0004286302
0.9925164253
0.9902030618
0.9980811847
1.0018833517
0.9962204945
0.9929757143
0.9957915749
1.0102216373
1.0132057521
0.9999005193
0.9910860839
0.9855497901
0.9865782900
0.9900563422
0.9912008947
0.9923754984
0.9947513883
0.9956942592
0.9929411799
0.9852302100
0.9784218191
0.9809646335
0.9781154283
0.9868784481
0.9972437859
0.9995608812
0.9933263706
0.9859175313
1.0028493891
1.0136563804
1.0042327424
1.0095782656
1.0072743777
1.0049708526
0.9974344421
0.9924354831
1.0000324204
1.0060550325
1.0073848746
1.0121318962
1.0057243854
0.9890680158
0.9957025371
0.9969172249
0.9949466526
0.9880367248
0.9862273772
0.9943199714
0.9932405532
1.0024242928
1.0002192089
0.9983103210
0.9962551970
0.9879641506
0.9918928810
0.9975402168
0.9967365851
1.0009445308
1.0041249063
1.0045229260
1.0037059213
1.0016318743
0.9989000611
0.9896371690
0.9991989851
0.9989475461
0.9993284603
1.0095598862
1.0024036345
1.0013264502
1.0074479970
1.0060439318
1.0042126608
1.0079642695
1.0064495685
1.0024682566
0.9973486658
0.9912001126
0.9948883997
0.9918716928
0.9762920292
0.9883263248
0.9823312449
0.9613144448
0.9526310621
0.9860826505
1.0071503278
1.0082956087
1.0084318350
1.0031569810
0.9957326627
0.9937010796
0.9965644529
0.9942713456
0.9981095431
1.0089852226
1.0123575680
1.0096059312
1.0040246848
0.9985911186
1.0097105316
0.9998776574
0.9998473227
1.0032658597
1.0111062537
0.9997765952
0.9963212177
0.9975776055
1.0041697817
0.9961333620
0.9928696817
0.9912139362
0.9874534661
0.9857302284
0.9878610554
0.9866100766
0.9828315223
0.9879732430
0.9966716922
0.9929286207
0.9834973751
0.9805418839
0.9798098046
0.9832397132
0.9766035985
0.9743110578
0.9890574870
1.0032464225
1.0014342456
0.9911211790
0.9811651822
0.9755635494
0.9827740640
0.9923885428
1.0007025116
1.0065137040
1.0031900652
1.0033858737
1.0141927489
1.0063955483
0.9896793327
0.9868840093
0.9763086668
0.9662839665
0.9617578475
0.9666158276
0.9894489992
0.9945325960
0.9903816996
0.9886322867
0.9952732417
0.9912504400
0.9911709525
0.9950168718
0.9989095628
1.0021530726
1.0023029544
1.0042230412
1.0027574991
0.9955498524
0.9991550791
0.9882073992
0.9822189002
0.9923153671
0.9969848828
0.9996410892
1.0009566897
0.9958295619
0.9983996896
1.0044647553
0.9989709641
0.9928758243
0.9893266462
0.9978153919
1.0051355676
1.0035743994
1.0033724843
0.9970461273
0.9888043179
0.9859053861
0.9825526630
0.9961488512
0.9863164219
0.9676983937
0.9551060827
0.9321090242
0.9279932030
0.9391834727
0.9543612878
0.9683512777
0.9729015112
0.9854977654
0.9981614777
1.0072375348
1.0098068495
0.9993890087
0.9855212493
0.9845195638
0.9946420467
0.9866359885
0.9808502678
1.0041116524
1.0074272335
0.9903852334
0.9944230055
0.9985277159
0.9985490864
0.9938661336
0.9842160555
0.9869472804
0.9968803380
1.0035077800
1.0059548346
0.9952170032
0.9869249653
0.9942366236
0.9941890863
0.9872452245
0.9914045346
0.9898029936
0.9981801191
0.9885758639
0.9900613045
0.9885840155
0.9967334921
0.9960113203
1.0042336992
1.0091151405
1.0027337833
1.0022487360
0.9973419178
0.9906328850
0.9873221325
0.9901083511
0.9961640291
0.9999946442
1.0003491571
0.9996541889
1.0039373310
1.0019242583
0.9997666348
0.9975113585
0.9888740902
0.9866030885
0.9935949419
0.9966510894
0.9930621192
0.9930579339
0.9939562879
0.9873865487
0.9912628538
0.9928423600
0.9817700613
0.9759110694
0.9821472319
0.9900476210
0.9897005905
0.9769739564
0.9768663540
0.9864933155
0.9874455163
0.9927195867
0.9967268632
0.9976781199
0.9858879663
0.9770121723
0.9832322246
0.9926604669
0.9973259679
0.9989052511
1.0054798466
1.0025007776
1.0033594613
1.0094585174
1.0000908326
0.9897639917
0.9963591022
0.9961402239
0.9865796044
0.9717582705
0.9796356652
0.9567292913
0.9605776401
0.9327193174
0.9217761553
0.9124630705
0.8887423835
0.8537727800
0.8235860431
0.8254889996
0.8429268597
0.8717664324
0.9051273391
0.9188741753
0.9109804326
0.9094472348
0.9254267107
0.9403920048
0.9525505410
0.9649271750
0.9758973306
0.9861312221
0.9870184496
0.9896068862
0.9902787458
0.9915779947
0.9923337934
0.9939927142
0.9854038578
0.9695118207
0.9539047714
0.9355908855
0.9283118946
0.9416574440
0.9573640263
0.9689498747
0.9832584059
0.9816271057
0.9785279093
0.9797591365
0.9700772971
0.9640160924
0.9652374124
0.9705799460
0.9906213578
0.9971053876
1.0036609509
0.9985065179
1.0043869020
1.0053679102
0.9984656407
0.9947400311
0.9970959522
0.9962983628
0.9938051225
0.9986282399
1.0051559569
1.0090016884
0.9903655404
0.9878340116
0.9921749430
0.9870849535
0.9920301531
0.9906150370
0.9875657295
0.9858144065
0.9823759839
0.9899627636
0.9933590279
0.9910041511
0.9898811759
0.9935397744
1.0008651198
1.0005801262
0.9892969552
0.9841109692
0.9922103062
1.0026798728
1.0036941084
0.9944963706
0.9887613033
0.9936547794
0.9939934959
0.9984749821
0.9996458740
0.9989871685
0.9935236747
0.9892600065
0.9871704740
0.9849531038
0.9905846892
0.9919974112
0.9985127530
1.0126958524
1.0082097914
0.9996428461
1.0069195970
0.9973615639
0.9924717068
0.9935250208
0.9888444803
0.9872506573
0.9981277067
0.9759487831
0.9754620817
0.9777454772
0.9689568699
0.9598896630
0.9517878918
0.9393015272
0.9418020749
0.9560119619
0.9766815686
0.9873330814
0.9747173490
0.9768687947
0.9923406892
0.9893231861
0.9987667312
1.0079237508
0.9863983601
0.9895421299
0.9965531747
0.9930299054
0.9891574750
0.9887697508
0.9905840286
0.9974990443
1.0014102172
1.0054780740
0.9971581221
0.9926931375
1.0022242410
1.0085536011
1.0060203648
0.9987584419
0.9982197846
0.9952459194
0.9974760791
0.9980456615
1.0075334595
1.0071035109
1.0007074301
1.0018202667
1.0044409283
1.0033913326
0.9977690856
0.9960479100
1.0021433615
1.0127694874
1.0113262791
1.0017879728
0.9977202197
1.0006114091
1.0041619342
0.9978174493
0.9896405921
0.9854005791
0.9868856778
1.0015316713
1.0017184455
1.0063723210
1.0038519870
1.0001840944
0.9967350965
0.9983645018
0.9974921701
0.9871881862
0.9808988242
0.9677249368
0.9178887167
0.8453490174
0.7813488030
0.7382262182
0.7403748755
0.7987760226
0.8680311607
0.9240951930
0.9699937295
0.9754073387
0.9749703627
0.9855814891
0.9963684261
0.9952382151
0.9854833203
0.9888645188
0.9895471859
0.9893341429
0.9843295217
0.9886112413
0.9963827698
0.9952232286
0.9920246341
0.9874775607
0.9777330400
0.9755400179
0.9754887257
0.9710026109
0.9684802582
0.9709075409
0.9894785842
0.9895166753
0.9830477092
0.9942987524
0.9938796661
0.9916843702
0.9907905067
0.9938263046
0.9977644983
0.9988735857
1.0060144513
1.0107609829
1.0084721077
1.0023810893
0.9876771212
0.9943626877
1.0017321640
1.0005092113
0.9844228918
0.9885178290
0.9987895130
1.0078003768
1.0104290354
0.9961511793
0.9962781888
0.9905601796
0.9812655881
0.9816296070
0.9740330316
0.9771661216
0.9871332858
0.9926564046
0.9946648804
0.9877632772
0.9901476639
1.0028153118
1.0131134149
1.0017311687
1.0007140994
1.0029702647
0.9987833076
1.0013640446
0.9976901600
0.9955845839
0.9926810769
0.9865635684
0.9852129276
0.9880948886
0.9901574010
0.9911271988
0.9924936308
0.9884275568
0.9917320686
1.0108746745
1.0108828254
1.0001384312
0.9973562569
1.0176799731
1.0076442075
1.0001130248
1.0094502816
1.0201258772
1.0147016076
1.0113080224
1.0129308343
1.0130680073
1.0015154105
0.9971364448
1.0018443097
1.0049573792
1.0048675486
1.0033193407
1.0005678845
0.9997676862
0.9991588919
0.9926609369
0.9951338415
0.9990547073
0.9970367312
1.0030596242
0.9988014889
0.9860109904
0.9982458294
1.0059939292
1.0101477621
1.0068720970
1.0038884663
1.0043743766
1.0034978662
1.0042033461
1.0064425697
0.9978912624
0.9886490745
1.0017449589
1.0132423359
1.0058112739
0.9903996658
0.9881825087
0.9907424621
0.9989325796
1.0003861361
0.9991565360
0.9991894441
1.0031248808
1.0021372746
1.0054301465
1.0122913849
1.0056686435
0.9887438285
0.9815048583
0.9772209945
0.9662166462
0.9695135695
0.9899554880
0.9998543828
1.0006947082
0.9889398881
0.9773914965
0.9958112865
0.9898475678
0.9899319126
0.9970661895
1.0107918262
1.0110566954
1.0032921517
0.9994594355
1.0042086497
1.0054726452
1.0085299185
1.0103926577
1.0015835584
0.9939881274
0.9961607341
0.9965152755
0.9950425265
0.9925202185
0.9938514631
0.9984936796
1.0061143370
1.0025059122
1.0067640702
0.9888982984
0.9730840727
0.9743249338
0.9733296332
0.9689224907
0.9753968477
0.9780462759
0.9850394286
0.9920512639
0.9893810971
0.9863926823
0.9854089862
0.9871834385
0.9831343363
0.9857413498
0.9910817336
0.9911613685
0.9929687341
1.0029145076
1.0022382998
1.0043811125
0.9982823280
0.9967513970
1.0041334653
1.0047489777
0.9963163942
0.9996680172
0.9988863470
0.9879761490
0.9831539004
0.9772747752
0.9703537031
0.9785708248
0.9816988215
0.9875469168
0.9955305453
0.9892172682
0.9875973341
0.9796232810
0.9793600458
0.9850574172
0.9956614520
0.9938899423
0.9971171261
1.0027357759
1.0110343330
1.0121310979
0.9986526119
0.9818673619
0.9831191728
0.9984059681
1.0003314936
0.9908669155
0.9791726156
0.9843947688
1.0008989163
0.9937261368
0.9957230820
0.9897611547
0.9909629102
0.9986687043
0.9929268254
0.9930182713
0.9900271714
0.9850417079
0.9802820888
0.9803997249
0.9841838568
0.9926093927
1.0021847180
1.0014718788
0.9940111633
0.9921059536
1.0051143420
1.0016188417
0.9851513198
0.9940567438
0.9970313226
1.0038884895
1.0104617001
0.9995241511
0.9939382370
0.9986785049
1.0036465942
0.9965182309
1.0006745358
1.0013152645
0.9925765746
0.9939798307
0.9998018383
1.0002644620
1.0046750851
1.0063098063
1.0030208853
1.0033423721
0.9960587164
0.9955996067
0.9852124653
0.9880064057
1.0040336893
1.0038197678
0.9994418891
0.9901742019
0.9926272493
0.9993960697
1.0119788918
1.0190909453
1.0103444665
0.9957068892
0.9905114731
0.9978286427
1.0043013687
1.0005134404
0.9891864038
0.9915045622
0.9825997512
0.9833495356
0.9933048506
0.9998855867
0.9952220219
0.9969699067
0.9892632929
0.9788646017
0.9701333944
0.9669478723
0.9671309924
0.9631648289
0.9596057687
0.9644720840
0.9731045657
0.9835375533
0.9983228202
1.0023571125
0.9998059555
1.0033028702
1.0090047907
1.0036856541
0.9903104771
0.9921207176
0.9994055884
0.9973019972
0.9962722227
0.9977093046
0.9910018967
0.9894500741
0.9975610526
0.9989895973
0.9984332545
1.0056506103
1.0084398437
1.0036457920
0.9985502017
1.0000786273
1.0024034255
0.9950017131
0.9851666354
0.9669505606
0.9440624345
0.9015719677
0.8564001098
0.8122480026
0.7708583654
0.7478700585
0.7656513431
0.8149197107
0.8695239262
0.9172921287
0.9594497365
0.9914346218
1.0018891623
0.9966320638
0.9958671302
0.9912775015
0.9948026339
1.0034667929
1.0003103537
0.9884872994
0.9790005819
0.9870758798
0.9873253268
0.9953776105
0.9915089827
0.9874088908
0.9856936023
0.9878729410
0.9936642392
0.9949592513
0.9888603648
0.9840964950
0.9847503268
0.9826398106
0.9743832320
0.9681855860
0.9730924444
0.9889408404
0.9927265113
1.0087404717
0.9997908940
0.9922122350
0.9889823017
0.9793933036
0.9826065933
0.9857355920
0.9908278931
0.9991035681
1.0014175477
1.0000956602
1.0020208817
1.0046041559
1.0031740751
0.9982679290
1.0001044588
0.9993360573
0.9948019527
0.9886736763
0.9832749657
0.9842695767
0.9835285743
0.9911010724
0.9949585569
1.0055593906
0.9971832536
0.9930533799
0.9912477221
0.9952557638
0.9990982521
0.9932242499
0.9859577642
0.9827522612
0.9825683769
0.9895383529
0.9871192721
0.9866917396
0.9952879870
0.9830075074
0.9861051127
0.9857935268
0.9763803789
0.9913536805
0.9989069593
0.9990412649
0.9967798440
0.9958938899
0.9899614616
0.9842206492
0.9858128754
0.9893670711
0.9941218034
0.9996191996
0.9943551148
0.9853597549
0.9809754564
0.9912940969
0.9908434128
0.9947543577
1.0038089258
1.0031305443
0.9848444130
0.9806058089
0.9832173586
0.9818348194
0.9821227956
0.9925832067
0.9961100155
0.9942518396
0.9958536680
0.9925325157
0.9864244858
0.9849878109
0.9832417407
0.9977362714
1.0054153946
1.0062119655
0.9995510908
0.9982579889
1.0012556385
0.9962520164
0.9992121382
0.9971298833
1.0068823512
0.9977881336
0.9913875460
1.0031706550
1.0036901364
0.9907635715
0.9875152973
0.9941961539
0.9964613544
0.9944740637
0.9979078945
1.0060114109
1.0048742124
0.9960936211
0.9938034164
1.0052916267
0.9947772128
0.9980638604
0.9857171358
0.9826368804
0.9782110473
0.9793207398
0.9826409160
0.9793551845
0.9787203358
0.9850906875
0.9878239041
0.9828695690
0.9840288548
0.9953802211
0.9965664399
0.9888794997
0.9808327016
0.9877179676
0.9920552916
0.9873841090
0.9933638544
0.9960934147
0.9925310660
1.0003461463
1.0017416758
0.9974916636
0.9981601347
0.9886104832
0.9865033735
0.9899683966
0.9894765137
0.9932928387
0.9971302112
0.9948226794
0.9933336136
0.9945865870
0.9981488288
0.9926078407
0.9852262880
1.0015878928
0.9899350694
0.9967297422
0.9953656743
0.9996572454
1.0021125063
1.0046553593
0.9902609739
0.9841261001
0.9942034792
1.0005102444
1.0040978934
1.0104429500
1.0067003792
1.0036337923
1.0157666821
1.0011433583
0.9875274414
0.9810893325
0.9921914774
1.0037231388
1.0062933319
