#flux
0.9751354454
0.9738579936
0.9699490191
0.9689054565
0.9514204884
0.9405786271
0.9519291162
0.9687530955
0.9749629558
0.9735985918
0.9750678189
0.9767551106
0.9665662465
0.9583194415
0.9773548927
0.9778579831
0.9608928903
0.9589595059
0.9636067398
0.9647629131
0.9699734047
0.9730511465
0.9676376585
0.9606805617
0.9587337976
0.9545637797
0.9504939014
0.9513263888
0.9523061922
0.9530280497
0.9591948441
0.9655935926
0.9621679138
0.9568064510
0.9606052682
0.9654979841
0.9681451847
0.9690742865
0.9677558115
0.9661400962
0.9700187910
0.9677480632
0.9697590487
0.9767906724
0.9767959693
0.9775793092
0.9773081522
0.9612215864
0.9445574220
0.9433700017
0.9405201322
0.9440228793
0.9478699376
0.9669672086
0.9668615926
0.9534344205
0.9515717498
0.9582079861
0.9578686738
0.9530678097
0.9397977441
0.9443663121
0.9572446548
0.9704868872
0.9736510233
0.9624050644
0.9470179878
0.9357710424
0.9245844746
0.9052987909
0.8866645820
0.8969792282
0.8996776250
0.8993681432
0.9092523954
0.9276603018
0.9400629680
0.9408041343
0.9466822831
0.9528627689
0.9474605229
0.9391205986
0.9323280439
0.9265271828
0.9200121943
0.9142719115
0.9108183054
0.9002003854
0.8757826531
0.8498840135
0.8243685824
0.7954490812
0.7882918481
0.8079254178
0.8499171348
0.8893013394
0.8942677141
0.8838172008
0.8777574621
0.8744872093
0.8690699479
0.8723820008
0.8800932362
0.8924190115
0.9086503584
0.9171200887
0.9145888593
0.9133812141
0.9206339203
0.9237950388
0.9018461639
0.8782557239
0.8755904544
0.8807307185
0.8753191814
0.8784042687
0.9076501740
0.9179042777
0.9241068850
0.9371833529
0.9372711606
0.9299242615
0.9189737123
0.9117715325
0.9128421964
0.9175967668
0.9275067732
0.9336420720
0.9186404307
0.9059697421
0.8894486910
0.8945017660
0.9059481856
0.9036636589
0.8965175512
0.8935021995
0.8911091322
0.8976847663
0.8916501013
0.8919121872
0.8971404813
0.9018475898
0.9031691561
0.9058501945
0.9113475495
0.9103461665
0.9002656322
0.8927104688
0.8961423860
0.9046566836
0.8874316479
0.8847437412
0.8779962333
0.8762971428
0.8769125702
0.8664478368
0.8514817346
0.8370711798
0.8087144178
0.8033670603
0.8101508777
0.8102297115
0.8147644847
0.8324491542
0.8514203362
0.8595706844
0.8597556248
0.8612466583
0.8611903313
0.8489691844
0.8402942780
0.8493218924
0.8408730309
0.8003243389
0.7743291340
0.7626798342
0.7507397610
0.7595153054
0.7678237413
0.7832452739
0.7935559528
0.8007594322
0.8047217136
0.8067473361
0.8104996428
0.8074499223
0.7951012248
0.7888033482
0.7935183176
0.7868449023
0.7818500363
0.7555694530
0.7604013492
0.7538152942
0.7455878403
0.7394395450
0.7270194664
0.7127339856
0.7061844830
0.6986467391
0.6781777980
0.6447047815
0.6031095058
0.5542247728
0.5045057121
0.4566303696
0.3978652157
0.3383599305
0.2934244565
0.2500203687
0.2225293457
0.2141433402
0.1934409102
0.1907202827
0.1892344564
0.1889546153
0.1941032457
0.2099079626
0.2326458061
0.2552732069
0.2898935876
0.3302701959
0.3832295909
0.4453792149
0.4995709705
0.5526382121
0.5897759271
0.6280628501
0.6682420802
0.6893266294
0.6944960561
0.7059483131
0.7294701157
0.7454338331
0.7447870442
0.7353288935
0.7530042106
0.7660543437
0.7650745961
0.7662899657
0.7712344104
0.7781373039
0.7873166783
0.8002362346
0.8150719731
0.8186306488
0.8165722482
0.8230907191
0.8303423618
0.8338532552
0.8347267897
0.8414263287
0.8562638780
0.8541148492
0.8534082253
0.8540888601
0.8411118655
0.8348582387
0.8397076898
0.8449862340
0.8492601162
0.8560248722
0.8632942185
0.8691304721
0.8701389093
0.8613517570
0.8610654478
0.8755378864
0.8765807732
0.8768424924
0.8860279182
0.8894564402
0.8850392348
0.8822558856
0.8877621762
0.9042552606
0.9042754595
0.8947341144
0.8986341281
0.9051794659
0.9058844449
0.9047491369
0.9023151690
0.9021047301
0.9047631568
0.9071717729
0.9125601965
0.9194068443
0.9087769838
0.9136752296
0.9145467998
0.9186125399
0.9176962951
0.9161756930
0.9095680943
0.9076592454
0.9158008332
0.9171577078
0.9187285505
0.9159732141
0.9121306131
0.9104475644
0.9050142694
0.9091512689
0.9198095568
0.9264399057
0.9174549892
0.9060446509
0.9155160940
0.9355478059
0.9403839475
0.9308601231
0.9163544445
0.9049504218
0.9068629069
0.9083131108
0.8910322552
0.8526017538
0.8052123270
0.7607809173
0.7266797741
0.7180799460
0.7431639254
0.7877336870
0.8423745115
0.8774147595
0.9029766751
0.9196585062
0.9355188070
0.9257862452
0.9180916409
0.9319939537
0.9309065614
0.9213293111
0.9228608295
0.9318507388
0.9368770948
0.9400331638
0.9377427869
0.9374272907
0.9460469136
0.9499667858
0.9425329296
0.9301733618
0.9193783816
0.9137904845
0.9155183046
0.9238741898
0.9136932741
0.9141478838
0.9215234333
0.9340914064
0.9430235574
0.9438224191
0.9380819473
0.9359848451
0.9418568784
0.9431968057
0.9474512939
0.9551273505
0.9557073878
0.9597606709
0.9684096876
0.9681278583
0.9507470074
0.9452580727
0.9617222648
0.9737109437
0.9627248127
0.9542870433
0.9655371627
0.9606221313
0.9524048426
0.9422316724
0.9372972367
0.9377775833
0.9322958749
0.9142039206
0.8777184592
0.8335103100
0.8173603248
0.8371639300
0.8656962702
0.9135885737
0.9462468720
0.9363626367
0.9556181160
0.9673571436
0.9877924529
0.9755455109
0.9715994745
0.9819228655
0.9811956435
0.9799442463
0.9829554179
0.9791590353
0.9715641819
0.9709736422
0.9741944889
0.9715171558
0.9600987787
0.9393749478
0.9112836248
0.8845642201
0.8765485063
0.8810001403
0.8834234393
0.9036845827
0.9235997503
0.9595688161
0.9764330483
0.9778319333
0.9635694387
0.9517909431
0.9264471920
0.8792802169
0.8257777177
0.7905231669
0.7881856294
0.8106788888
0.8498497618
0.9048099980
0.9369620831
0.9508584498
0.9672586945
0.9619056821
0.9715113632
0.9736393553
0.9749288394
0.9789378857
0.9778010085
0.9682518384
0.9604710981
0.9620579160
0.9535575629
0.9670862284
0.9856467251
0.9775524292
0.9658068419
0.9634918177
0.9662246796
0.9655347517
0.9648582524
0.9692750711
0.9707432304
0.9594506139
0.9549366958
0.9745791908
0.9837636395
0.9826385392
0.9713698615
0.9690439853
0.9791825580
0.9951189573
0.9902822124
0.9760876521
0.9785115512
0.9893014082
0.9914836069
0.9856494033
0.9805228992
0.9871466271
0.9862532339
0.9919788390
0.9896129458
0.9776496737
0.9674217594
0.9721400822
0.9916531342
0.9963135817
0.9871934601
0.9787495842
0.9723408665
0.9730806105
0.9785105058
0.9850178153
0.9906947611
0.9904110283
0.9820183427
0.9758641366
0.9868458882
0.9957783747
0.9925618539
0.9850240378
0.9793865773
0.9870261923
0.9936730004
0.9777072191
0.9737889108
0.9782548034
0.9842942930
0.9872594664
0.9866793621
0.9891225661
0.9848274890
0.9809130819
0.9904641372
1.0005994519
0.9990516164
0.9840470397
0.9691262086
0.9649141169
0.9514064261
0.9401092138
0.9256517578
0.9476138416
0.9396727495
0.9504422283
0.9618355854
0.9678741514
0.9763888896
0.9829389606
0.9857753009
0.9868061394
0.9823063700
0.9689978287
0.9510398584
0.9385826207
0.9319007085
0.9134987695
0.9037250235
0.9057653866
0.9042369972
0.9476469379
0.9926621037
1.0075827512
1.0030482925
0.9849674036
0.9717271921
0.9788055565
0.9905932545
0.9958032924
0.9910432812
0.9937683384
0.9967552385
0.9974829298
1.0023128993
0.9931109193
0.9945805668
0.9974426932
0.9919538644
0.9785228588
0.9785624393
0.9862013757
0.9817874245
0.9782427168
0.9697237829
0.9705564505
0.9722594202
0.9741731972
0.9672165212
0.9696899555
0.9821543532
0.9999114166
1.0237357721
1.0413549032
1.0349340945
1.0008844873
0.9600725060
0.9365266464
0.9306967377
0.9217707389
0.9019687481
0.9210915206
0.9342210056
0.9507409295
0.9735214463
0.9905391035
0.9888464490
0.9882505622
0.9870985551
0.9862604761
0.9841347652
0.9780755372
0.9747320012
0.9754820491
0.9749774689
0.9740569734
0.9685845672
0.9833532991
0.9936298759
0.9975410208
0.9938468436
1.0003132933
0.9799909613
0.9478821174
0.9368421130
0.9522612510
0.9636323565
0.9721079762
0.9870140429
0.9898947674
0.9837732267
0.9803765952
0.9814860677
0.9974075207
1.0134821409
1.0035975771
0.9928285850
0.9849728257
0.9856348832
0.9771747863
0.9546683335
0.9003167784
0.8485002997
0.8299155869
0.8433222356
0.8727898679
0.8995539578
0.9283679084
0.9588446055
0.9689490205
0.9707964537
0.9782571148
0.9824382812
0.9906732057
0.9890990334
0.9866878984
0.9961283055
1.0014448798
1.0010987600
0.9927504032
0.9826281320
0.9740835230
0.9591002940
0.9472783205
0.9408219507
0.9332716448
0.9324315278
0.9444930923
0.9559250237
0.9622689532
0.9706292821
0.9793798422
0.9828321865
0.9831188494
0.9882756015
0.9951115607
0.9978345870
0.9981293202
1.0069733152
1.0111321519
1.0011644858
1.0152084121
1.0115002116
1.0016227963
1.0084243589
1.0071159746
0.9927843667
0.9924049225
1.0009707372
1.0005425826
1.0012111783
1.0018411785
0.9836240292
0.9685907618
0.9703698689
0.9759292100
0.9866136477
0.9978337238
0.9889075920
0.9919890553
1.0077004434
1.0089736450
1.0047587957
1.0168636946
1.0113592257
0.9952055125
0.9851384343
0.9881582777
0.9944749530
0.9958467967
0.9941244080
0.9932976632
1.0015577213
1.0096766937
1.0038335354
1.0004043061
1.0035780764
0.9900129077
0.9922165691
0.9999596192
1.0072885377
1.0049945416
1.0049029941
0.9919770795
0.9845311646
0.9725265490
0.9605182430
0.9564844589
0.9559220725
0.9594897414
0.9712077152
0.9829340289
0.9845943077
0.9843097405
0.9918523567
0.9987172032
1.0086137556
1.0012937474
0.9868944948
0.9990874125
1.0003616086
0.9933732512
0.9955369999
0.9856108698
0.9632401121
0.9413556364
0.9167321392
0.8944169787
0.8827091416
0.8695785536
0.8373243227
0.7814963418
0.7147843159
0.6634965843
0.6508484682
0.6952849973
0.7843648482
0.8599401399
0.9163134652
0.9347429940
0.9532899772
0.9800154421
1.0022773025
0.9988473823
0.9755929285
0.9523160670
0.9138388630
0.8489093949
0.7798696630
0.7317178713
0.7215310688
0.7572844588
0.8232055267
0.8883637204
0.9300198168
0.9565925574
0.9771024934
0.9781022236
0.9805369781
0.9796394736
0.9678232720
0.9695963782
0.9804080582
0.9892535620
0.9923417057
0.9890590339
0.9923421403
0.9992831480
0.9924223326
0.9804420678
0.9785604755
0.9837469669
0.9929049734
1.0011043472
0.9971543424
0.9948465875
1.0051127885
1.0170856844
1.0121391246
0.9932861043
0.9865010334
0.9743978233
0.9685010912
0.9723864400
0.9759729091
0.9778641500
0.9800166899
0.9866250295
0.9976407364
1.0020552097
1.0038673869
1.0051559422
0.9998833359
1.0001539317
1.0034706655
0.9876830284
0.9863604913
0.9963743331
0.9999124162
1.0040233478
0.9945074361
0.9881290595
0.9838399042
0.9878460590
0.9971794218
0.9907783660
0.9698390673
0.9545916719
0.9319431821
0.8792400249
0.8336002034
0.8322364482
0.8548343701
0.8856778786
0.9242716259
0.9602569480
0.9804419840
0.9864936282
0.9909135508
0.9859873469
0.9932357885
1.0037337162
1.0021935209
0.9948008631
0.9758568401
0.9532606625
0.9367612825
0.9159875638
0.8988845834
0.9008417681
0.9291479706
0.9545679165
0.9856705917
0.9782949777
0.9704026683
0.9738909423
0.9648567484
0.9500701933
0.9522871795
0.9679936499
0.9820073530
0.9955602335
1.0009594429
1.0062274295
1.0073024951
1.0001861867
0.9982600686
0.9990830770
0.9941960262
0.9920629641
0.9934804533
0.9886895405
0.9976375034
1.0123761242
1.0033585056
0.9985943870
0.9988356264
0.9996328347
0.9940999855
0.9910660934
0.9964160622
0.9987264125
0.9961248041
0.9963971500
1.0014769765
1.0078512483
1.0097306709
1.0086396300
1.0125285712
1.0031661861
1.0082956201
1.0003680831
1.0091198766
0.9946574832
0.9781688043
0.9800115160
0.9886799501
1.0118617274
1.0079466466
0.9970220042
0.9952185640
0.9859942529
0.9887665155
1.0043874611
1.0105131870
1.0107859761
1.0113844216
1.0047997823
0.9908349551
0.9864955993
0.9933259345
0.9889366723
0.9780034115
0.9849590685
1.0027122013
0.9995210535
1.0082825995
1.0060495295
1.0002473032
1.0052037539
1.0079796178
1.0019124527
0.9993009308
1.0016055831
0.9964839673
0.9846128118
0.9793562809
0.9834704160
0.9889473905
0.9947929154
0.9982173691
0.9917957759
0.9984860315
1.0029493180
0.9997490710
0.9962386041
0.9968106652
1.0041646422
1.0101015018
1.0077922915
1.0055324779
1.0047574353
0.9950462418
0.9821369006
0.9669137988
0.9368742942
0.9041751860
0.8688058124
0.8513584924
0.8534419205
0.8920255651
0.9364274919
0.9593747383
0.9822072823
0.9691069394
0.9795508308
0.9887030258
0.9949311976
1.0051113937
1.0100196413
1.0015377293
0.9821922458
0.9654831832
0.9612159889
0.9629644357
0.9626982079
0.9636447993
0.9682819762
0.9708664132
0.9678578716
0.9594078268
0.9575321398
0.9713776926
0.9849978070
1.0001910538
0.9938793393
0.9931483016
0.9997192294
1.0115617945
1.0160232628
1.0055547464
0.9900780858
0.9839561138
0.9865910359
0.9842597249
0.9760470695
0.9747929705
0.9667106069
0.9561016694
0.9528828631
0.9540486385
0.9795163890
0.9844238932
0.9889984717
0.9931795334
0.9913772045
0.9934401614
1.0017629762
0.9992709712
0.9901808640
0.9877800479
0.9852260322
0.9687100471
0.9454668735
0.9348562085
0.9322277687
0.9206540874
0.9287515512
0.9470958862
0.9642348418
0.9776930799
0.9965538977
0.9858058550
0.9997699721
1.0008212241
1.0076767082
0.9895289951
0.9760739500
0.9746845801
0.9524711550
0.9055268267
0.8551510331
0.8076509682
0.7749925869
0.7858285276
0.8323379683
0.8809604225
0.9248531631
0.9448311443
0.9416329396
0.9373409877
0.9329750808
0.9434173583
0.9504262772
0.9517146372
0.9565524690
0.9756573294
0.9989669584
0.9993045555
0.9879686527
0.9939885353
1.0087692342
1.0093468819
1.0000084581
0.9943609598
0.9992632836
0.9934750499
0.9853757823
0.9950809414
0.9977197706
0.9973590301
0.9812194445
0.9913592084
0.9974962632
0.9966428680
0.9896950242
0.9934647385
0.9975274939
0.9966429437
0.9926975788
0.9875987116
0.9958106895
1.0055474265
0.9862708556
0.9811193989
0.9762429177
1.0044059280
0.9951932812
1.0038233985
0.9800939716
0.9764957598
0.9864363696
0.9953829443
0.9945838325
0.9886027511
0.9917637311
0.9892570508
0.9916727489
0.9968102419
0.9993395544
1.0030807171
1.0028407861
1.0000170102
0.9923271562
0.9824169344
0.9858117170
0.9910887769
0.9909703834
0.9912801607
0.9914195136
0.9860292328
0.9768707814
0.9754794422
0.9749893806
0.9619911001
0.9413579609
0.9359264975
0.9396161170
0.9465721368
0.9562775191
0.9570253658
0.9568735536
0.9702523337
0.9756819397
0.9852212535
0.9908873435
0.9902028100
0.9841083147
0.9892789364
0.9958918378
1.0015091431
1.0052676188
1.0069993341
1.0162064326
1.0163831054
1.0097301897
0.9994139043
1.0038339219
1.0122671154
1.0067155040
0.9985710925
0.9903843355
0.9950802158
0.9978415884
0.9977056737
0.9974571013
0.9999670771
0.9976366069
0.9938258649
0.9941638313
1.0002801466
1.0032703706
1.0035389305
1.0045215289
1.0137203706
1.0184066068
1.0112897820
1.0024409083
0.9993045308
0.9974236776
0.9985628336
1.0072785581
1.0033212525
1.0016185109
1.0125264323
1.0026852930
0.9967499213
0.9987583889
0.9942959794
0.9925304455
0.9951670264
0.9907861631
0.9703337411
0.9773847264
1.0032385849
1.0042123571
0.9871288866
0.9810712270
0.9871984357
0.9898917046
0.9838102914
0.9797297538
0.9669663071
0.9741230535
0.9737119173
0.9711771764
0.9630390152
0.9720042275
0.9671957568
0.9691466049
0.9781168315
0.9825939637
0.9810263264
0.9940571416
0.9897380302
0.9739940481
0.9724472150
0.9780731571
0.9846882215
0.9967544434
1.0037434288
0.9997744747
0.9973502848
0.9926266670
1.0052385630
1.0206327506
1.0221670885
1.0027072054
1.0084423380
1.0170575377
1.0069535299
0.9999361330
0.9991114229
0.9995435128
1.0023317394
0.9931317475
0.9774726892
0.9799984815
0.9889681415
0.9834394297
0.9843054297
0.9928953393
0.9924311945
1.0005807398
0.9981013312
0.9956534594
0.9934995502
0.9899637362
1.0060865824
1.0120109782
0.9990402877
0.9889157151
0.9916422766
0.9945919297
1.0032598019
1.0134196191
1.0103901827
1.0080696333
1.0145821370
1.0072264043
1.0009296560
0.9984478466
0.9889447410
0.9892524630
0.9900767604
0.9953139897
0.9904633348
0.9972662877
1.0093063707
1.0137058349
1.0125166898
1.0064646821
1.0003043057
0.9974333009
1.0002199540
1.0028458456
0.9993781277
0.9962048197
0.9957650351
0.9926773596
0.9986325305
1.0165628470
1.0139145785
1.0090092917
0.9991514351
0.9884822083
0.9808300616
0.9826374389
0.9836395038
0.9945906271
1.0069990173
1.0089183297
1.0066617036
0.9962612940
0.9896274813
0.9991488128
1.0091864050
1.0065148297
0.9959373745
0.9927689170
0.9954193119
1.0049714920
1.0146782558
0.9926352648
0.9938606061
1.0048475642
1.0121655151
1.0008639127
0.9890303623
0.9889439812
0.9879595699
0.9857556335
0.9958702801
1.0060812180
1.0010509973
0.9941661515
0.9951261041
0.9902805185
0.9825133766
0.9922130123
1.0084853357
1.0016695519
0.9967070914
0.9916559629
0.9784732706
0.9754444610
0.9563248784
0.9309993185
0.9188232410
0.9222148910
0.9462463634
0.9696712891
0.9813808834
0.9932520894
1.0100346123
1.0170220553
1.0075737954
0.9991695260
0.9973817806
1.0020695682
1.0043553355
0.9986864430
0.9939776195
1.0145092917
1.0093380730
0.9977943761
0.9965628595
0.9892885447
0.9877189977
0.9858012454
0.9946874105
1.0061001515
1.0120076077
1.0079360252
0.9969069691
0.9974499438
1.0074881601
1.0056680015
0.9939657902
0.9972438582
1.0002312808
0.9949160778
0.9973986769
0.9932086428
0.9914377685
0.9910102866
0.9799652588
0.9555831418
0.9406855095
0.9185279954
0.8984690291
0.8930041286
0.9020460721
0.9288202597
0.9632112906
0.9827429957
0.9907157455
0.9975617783
0.9934137832
0.9898251083
0.9919133354
1.0033950430
0.9975188490
0.9947367763
0.9971758498
0.9950864112
0.9986374041
1.0027262009
0.9970981137
0.9899259054
0.9934838443
0.9961331871
0.9972702048
1.0017287204
0.9976982939
0.9935286824
0.9989288259
0.9969462255
0.9966012502
1.0049040091
1.0008098164
0.9976391340
1.0054795694
0.9813729323
0.9745296273
0.9878240234
0.9890296419
0.9756363415
0.9719378873
0.9763639430
0.9710356458
0.9661181292
0.9632835567
0.9629463432
0.9820133442
0.9903954157
0.9851443517
0.9892463210
0.9950589645
1.0011751129
1.0035462764
0.9991027780
0.9980512193
0.9991038445
1.0081392825
1.0044796119
0.9993926755
0.9952431899
0.9813564526
0.9726850631
0.9743511440
0.9731314469
0.9735273964
0.9843430388
0.9950237305
1.0020749177
0.9977419293
0.9861906196
0.9726342720
0.9680387123
0.9728975788
0.9706662288
0.9662973672
0.9646643403
0.9682941220
0.9862009585
0.9832685307
0.9778968569
0.9813288814
0.9751222891
0.9621818527
0.9546667627
0.9522842085
0.9597764501
0.9711595174
0.9748881712
0.9839547462
0.9809613634
0.9827726161
0.9884654348
1.0132457359
1.0013372455
0.9977788278
0.9953935786
0.9815246024
0.9503731826
0.9194865441
0.8935010037
0.8691512243
0.8648727242
0.8655559400
0.8418365745
0.8080686731
0.7792082117
0.7669977541
0.7848000166
0.8147052384
0.8348182516
0.8453022335
0.8399112291
0.8433361041
0.8600135799
0.8851965447
0.9057753464
0.9341097643
0.9480300906
0.9662939530
0.9826151309
0.9858045413
0.9860585518
0.9917332249
0.9970280218
0.9863221179
0.9542419330
0.9287405611
0.9021700494
0.8757169011
0.8799346615
0.8991762480
0.9237025060
0.9568961528
0.9831456469
0.9883215889
0.9891256883
0.9830893830
0.9678637897
0.9513043036
0.9457365729
0.9567375125
0.9713016681
0.9770905853
0.9839151821
0.9977070999
1.0014617371
0.9912035174
0.9788482551
0.9845484296
0.9716958259
0.9693985031
0.9767136770
0.9859023278
0.9838493912
0.9934464907
0.9816570358
0.9729886992
0.9872271315
1.0009928456
1.0029910124
1.0000164806
0.9988992098
0.9957284469
0.9874933716
0.9924516634
1.0007615606
1.0032456377
0.9958619567
0.9990669586
0.9933668372
0.9952747892
1.0055425290
1.0143069066
1.0077830397
0.9866125062
0.9804929274
0.9812653163
0.9778640419
0.9723683820
0.9744043828
0.9820631664
0.9893802505
0.9943709954
0.9926081350
0.9954619597
0.9992831325
0.9940116310
1.0072940918
1.0042531991
1.0071518841
1.0036210936
1.0010679310
0.9935223181
0.9953350058
1.0100452012
1.0225072062
1.0224322499
1.0051089089
0.9911096348
0.9946616038
0.9995679693
0.9852770020
0.9544751547
0.9288346885
0.9145971556
0.8982364048
0.8732384676
0.8734383636
0.8936184912
0.9055036736
0.9138572738
0.9458719017
0.9802905075
0.9889298614
1.0094527545
1.0228152171
1.0167008249
1.0077095244
0.9967199633
0.9880160620
0.9931543515
1.0053545837
1.0164068936
1.0171171534
1.0050782028
1.0002077543
1.0078154946
0.9873190385
0.9908591454
0.9967787742
1.0061394570
0.9985433888
1.0004351921
0.9983788672
0.9882113974
0.9923022495
1.0048246248
1.0113160647
1.0090118535
0.9973899760
0.9867366892
0.9924472641
1.0030995890
1.0035945238
0.9970544836
1.0007681041
0.9949790394
0.9774915447
0.9825604208
0.9978902715
1.0038424713
0.9864281566
0.9854422093
0.9892796420
0.9929055073
0.9897655907
0.9884394074
0.9905229615
0.9916850386
0.9853539465
0.9767944256
0.9847844596
0.9864602866
0.9874129697
0.9798952937
0.9909989875
0.9492381232
0.8687272508
0.8042826149
0.7294734007
0.6779980627
0.6826989251
0.7295894059
0.8085336637
0.8907264710
0.9372540195
0.9536843924
0.9648035190
0.9724860631
0.9787949651
0.9914153922
0.9978892972
0.9975985836
0.9833779900
0.9984808251
1.0021564323
1.0198544896
1.0137976956
0.9868423234
0.9706230985
0.9944109573
1.0005577028
0.9886840081
0.9758204415
0.9610215903
0.9542316430
0.9533737747
0.9577590228
0.9673346626
0.9720498156
0.9833863216
0.9995660828
0.9947021122
1.0008854394
1.0052048189
0.9944950739
0.9871757925
0.9921696510
0.9945082674
1.0132388149
0.9794864367
0.9454507650
0.9411912042
0.9628937304
0.9805119903
0.9942247901
1.0018993564
1.0027952467
1.0058179912
1.0022224993
0.9987198290
0.9923958482
0.9850580487
0.9735590520
0.9617000783
0.9606471149
0.9549219746
0.9692071905
0.9840652642
0.9943248164
0.9919307700
0.9917227818
0.9998777830
1.0143214520
1.0153918470
1.0059405873
0.9995631895
0.9917734035
0.9888486125
0.9974303837
0.9870035877
0.9752204067
0.9758085589
0.9680453998
0.9606888343
0.9665412262
0.9850738205
0.9853481067
0.9954500434
1.0190453919
1.0142935601
1.0092447952
1.0056896443
0.9972229217
0.9883129455
0.9898829099
0.9994224613
1.0018403292
0.9975937667
1.0003162661
1.0119532067
1.0111688569
0.9982982036
1.0136994330
1.0122606607
0.9982915630
0.9946997235
0.9948024364
0.9917222344
0.9912604886
0.9956929961
0.9995497956
1.0073461624
1.0057855772
0.9992493765
0.9993417422
1.0070613108
1.0099873124
0.9894317002
0.9789496503
0.9843792220
0.9941795628
0.9989761862
0.9980244458
1.0046450441
0.9823399524
0.9886509146
0.9989731417
1.0029310542
1.0092721850
1.0117989809
1.0059042993
0.9993837199
0.9985499744
0.9955863069
0.9917111612
0.9936638756
0.9936838975
0.9985037753
1.0122424245
1.0027000121
0.9843893994
0.9922284259
0.9992031050
0.9969858586
1.0066672527
1.0015659861
1.0057803827
1.0058081864
0.9990560526
1.0001600852
0.9996823875
0.9993071817
0.9993327865
0.9892100494
0.9775094672
0.9838017702
0.9945227076
0.9870020223
0.9902586187
0.9901072050
1.0186392118
1.0191995348
1.0085724137
0.9925488668
0.9760233810
0.9781059383
0.9833355574
1.0003783398
0.9991253352
0.9993184598
0.9931196945
0.9848989874
0.9867207083
0.9939617968
0.9990219559
0.9958014080
0.9851648967
0.9645417213
0.9582896099
0.9480819788
0.9399115342
0.9470470506
0.9738418740
0.9873455597
0.9834268062
0.9883623272
0.9882540093
0.9939511935
0.9904597248
0.9926893738
0.9877695454
0.9853859889
0.9861344997
0.9819952199
0.9851226237
0.9792054324
0.9829587494
0.9908245588
1.0018828039
1.0111168482
1.0035003650
0.9891136967
0.9822153808
0.9811331885
0.9709929649
0.9807494210
0.9804317460
0.9818970501
0.9760693582
0.9720344874
0.9764776587
0.9794007956
0.9789705063
0.9850726107
0.9970552718
1.0026799883
1.0022791059
0.9894152065
0.9937502992
1.0022563529
0.9914852506
1.0037385154
0.9892706441
0.9834858413
0.9896475001
0.9948944435
0.9901575775
0.9903827503
0.9904625069
0.9904445962
0.9979700966
1.0017837270
0.9928675153
0.9839037567
0.9810565949
0.9833746425
0.9903196397
0.9954512381
1.0038884301
1.0139578765
0.9869142378
0.9818477766
0.9827247728
0.9858269201
0.9809373914
0.9681417068
0.9727365456
0.9925757871
0.9907971773
0.9911685802
1.0023530658
1.0050217689
1.0035938037
1.0000566831
1.0051310284
1.0023780726
0.9865894375
0.9974932507
1.0087051138
1.0099258565
0.9967596597
0.9975922245
0.9911330543
0.9925637120
0.9824511983
0.9841520590
0.9810433163
0.9978037426
1.0104688329
1.0079082828
1.0009592529
0.9907797705
0.9851125944
0.9814581849
0.9863351111
0.9803984652
0.9760736645
0.9765045880
0.9790165810
0.9790568421
0.9754565325
0.9800116646
0.9843049225
0.9858771292
0.9886331275
0.9857225251
0.9783068214
0.9865120783
0.9943106320
0.9868106435
0.9838727606
0.9913972869
0.9935734015
0.9940237100
0.9964355406
0.9956098406
0.9953929461
0.9831410081
0.9725979937
0.9424617831
0.9387862986
0.9287464834
0.9252947829
0.9473939736
0.9692951609
0.9714567750
0.9729995516
0.9821906215
0.9882344716
0.9939493136
0.9990263749
0.9941358746
0.9934692036
1.0025076416
1.0119666770
1.0077087771
1.0014727937
1.0114159190
1.0111481358
0.9866172702
0.9898790219
0.9982671375
1.0004988872
0.9952753913
0.9991776612
0.9896209957
0.9912707929
1.0070068479
1.0067333597
0.9915910283
0.9833445781
0.9772177181
0.9556420877
0.9301274127
0.8904414660
0.8372150488
0.7858444444
0.7486823803
0.7206723499
0.6906589151
0.7103517075
0.7566616378
0.8280829864
0.9030269260
0.9459563387
0.9713968209
0.9838522382
0.9979592112
1.0077029763
0.9931291328
0.9813619959
0.9818051335
0.9711558973
0.9885015205
0.9966147662
0.9867403395
0.9946138056
0.9919853175
0.9806597368
0.9880865219
0.9764716802
0.9803202224
0.9935306273
0.9912074626
0.9884307654
0.9919270277
0.9839468141
0.9679796067
0.9605163559
0.9583747299
0.9565274832
0.9570600641
0.9581020100
0.9718239382
0.9712417993
0.9764575866
0.9889090697
0.9904370449
0.9699521627
0.9661977410
0.9739993604
0.9774028648
0.9852311998
0.9939241581
0.9987279402
0.9917524015
0.9838355256
0.9923107397
0.9970520341
0.9784489667
0.9672219446
0.9684223315
0.9626560655
0.9664413204
0.9794654304
0.9804370344
0.9657128730
0.9920319447
0.9975572137
0.9952806113
0.9872979349
0.9794101748
0.9784882351
0.9708018319
0.9603416210
0.9594035447
0.9623063508
0.9594139267
0.9559749205
0.9562160778
0.9541926360
0.9566267531
0.9622297325
0.9745809243
0.9813292785
0.9862756010
0.9851660992
0.9915011217
0.9846357961
0.9726732731
0.9684076328
0.9653316212
0.9749336897
0.9667350040
0.9574233770
0.9692022380
0.9775303701
0.9752535157
0.9822062840
0.9922547113
0.9933043982
0.9687528033
0.9909464814
0.9888184874
0.9713528259
0.9649863209
0.9644622197
0.9696615577
0.9686217063
0.9724039848
0.9825130793
0.9819243325
0.9792391253
0.9778865895
0.9850637137
0.9938539264
1.0091009136
1.0232687931
1.0046035604
0.9992576608
1.0068588224
1.0000662070
0.9852212613
0.9831471911
0.9903259248
0.9769886251
0.9989091338
0.9943411070
0.9904122032
0.9870401808
0.9904134339
0.9907900340
0.9842551836
0.9913834638
1.0034389038
0.9959962410
0.9800153089
0.9770064148
0.9823615798
0.9915505920
1.0115375300
1.0019034511
1.0039012023
1.0075347663
0.9924591156
0.9807619207
0.9719830777
0.9661565638
0.9551011582
0.9634088354
0.9774187223
0.9885504590
0.9845271631
0.9761425800
0.9757878980
0.9786836399
0.9848568557
0.9906919720
0.9867536038
0.9930791767
1.0009829068
0.9956820897
0.9711244599
0.9750391665
0.9880534598
0.9828728032
0.9934926712
0.9846763901
0.9762701695
0.9759802419
0.9792608240
0.9867621594
0.9835372078
0.9803096936
0.9808177742
0.9821930633
0.9929796978
0.9933125479
0.9968537147
0.9935400736
0.9919367017
0.9851643515
0.9914428601
0.9813056772
0.9916834929
0.9987607579
0.9921777228
0.9863134052
0.9985901729
0.9993105618
0.9982971331
1.0059523347
1.0083620581
1.0054983604
1.0031230279
0.9980719089
0.9999007631
1.0085939448
1.0059676727
1.0048994977
0.9911544570
0.9863939410
0.9967156213
