#flux
0.9734266311
0.9730735152
0.9724697850
0.9578181316
0.9467760276
0.9575741280
0.9694126680
0.9747806887
0.9627614353
0.9684142375
0.9742214804
0.9795218412
0.9856795996
0.9859213300
0.9804009154
0.9788133433
0.9768766272
0.9772321576
0.9768448064
0.9731804774
0.9745810209
0.9774726050
0.9650299277
0.9406058146
0.9199485875
0.8993357847
0.8849483623
0.8828872690
0.8918955054
0.9000998524
0.9155361478
0.9397944752
0.9603131280
0.9684226033
0.9751983325
0.9931539209
1.0035584102
0.9915237907
0.9767739341
0.9748943963
0.9736390357
0.9629330253
0.9515716600
0.9453432242
0.9404501664
0.9522489896
0.9696428330
0.9644858462
0.9719382531
0.9820040903
0.9867289195
0.9844746306
0.9680185128
0.9546698975
0.9694560517
0.9811283482
0.9855462602
0.9876496389
0.9864321732
0.9814086591
0.9788058139
0.9837017351
0.9839170152
0.9687549837
0.9588748863
0.9571493149
0.9370642488
0.9104938476
0.8870885675
0.8560858474
0.8288657435
0.8272128729
0.8475560195
0.8800996444
0.9211739800
0.9465921073
0.9553552123
0.9682097289
0.9782281887
0.9691393782
0.9490594907
0.9361586047
0.9370283731
0.9451040934
0.9483562710
0.9468515524
0.9312347178
0.9180422053
0.8886909177
0.8642803451
0.8573647503
0.8410884836
0.8296636548
0.8476282524
0.8793487126
0.8994322296
0.9030323134
0.8953945573
0.8734851516
0.8390590022
0.8087068901
0.7989447962
0.8157684657
0.8541063686
0.8942338057
0.9216462121
0.9403005236
0.9613272472
0.9686363454
0.9646754506
0.9628712181
0.9555324909
0.9365668830
0.9158177244
0.9090553637
0.9215965543
0.9369840194
0.9554596998
0.9802476362
0.9974037280
0.9945300875
0.9818179072
0.9723094954
0.9638044471
0.9613307652
0.9694565077
0.9699125278
0.9645724160
0.9568329476
0.9502075436
0.9438659659
0.9377853369
0.9343817901
0.9191007174
0.9028701180
0.8952798651
0.9046468496
0.9148304435
0.9204761658
0.9317090144
0.9464563300
0.9505539325
0.9454439010
0.9466148152
0.9554927959
0.9652343386
0.9638328320
0.9646406307
0.9697726539
0.9793284034
0.9812925495
0.9726406652
0.9658570249
0.9584002038
0.9624838229
0.9599621772
0.9345026814
0.8984326439
0.8650125069
0.8417298109
0.8341860684
0.8443024940
0.8703682432
0.9049657525
0.9342007295
0.9483983141
0.9471959494
0.9469605358
0.9468520127
0.9343447819
0.9159674389
0.9008230862
0.8898098471
0.8792624671
0.8592288268
0.8479285968
0.8415887028
0.8404553147
0.8519758924
0.8717453078
0.8902904880
0.9039127177
0.9117545626
0.9135398164
0.9095419031
0.9020843419
0.9020070054
0.9097530347
0.9035155747
0.9004498724
0.8951875480
0.8858704122
0.8784532738
0.8733460272
0.8635181584
0.8464506188
0.8399182932
0.8217346309
0.7944990099
0.7597113819
0.7142595092
0.6640617776
0.6107704801
0.5513068156
0.4892259776
0.4274892216
0.3651764357
0.3229075497
0.2932946988
0.2650957925
0.2369402955
0.2219448995
0.2215789739
0.2211257115
0.2158886017
0.2111560084
0.2070207713
0.2128275080
0.2265204207
0.2550581676
0.2909545752
0.3325043772
0.3844965843
0.4345703031
0.4833529556
0.5410579597
0.6073540356
0.6735550153
0.7302207051
0.7689659675
0.7977950381
0.8138970283
0.8194880323
0.8188240267
0.8185463773
0.8271867333
0.8459339618
0.8644419132
0.8741113750
0.8814683717
0.8977904067
0.9191095119
0.9313749811
0.9350346518
0.9395215487
0.9404723779
0.9400907037
0.9370089152
0.9301018950
0.9394256894
0.9633306001
0.9470407781
0.9415643494
0.9232689207
0.9061966423
0.8981770029
0.9004520017
0.9053302826
0.9018601873
0.8931886815
0.8958107297
0.9096029025
0.9151894835
0.9154027069
0.9280274087
0.9375178645
0.9390062561
0.9509184762
0.9663951011
0.9725421903
0.9704214530
0.9714701849
0.9793145385
0.9710563438
0.9619611922
0.9568256131
0.9560799370
0.9616258608
0.9661838892
0.9606534097
0.9506796007
0.9523254457
0.9672907499
0.9770815518
0.9758536652
0.9800383432
0.9826536184
0.9704983440
0.9567863678
0.9528904763
0.9669681788
0.9747905079
0.9778767197
0.9793738859
0.9741717829
0.9790687294
0.9745268278
0.9801730460
0.9730152520
0.9726362863
0.9830506523
0.9884202629
0.9888442975
0.9859672587
0.9800108644
0.9787114815
0.9814083328
0.9771252245
0.9801308585
0.9848774250
0.9946440545
0.9776867288
0.9649603414
0.9582544721
0.9531260962
0.9414029880
0.9118408090
0.8642145920
0.8100018336
0.7587259136
0.7250901176
0.7323499174
0.7777045637
0.8329460318
0.8849863214
0.9262205702
0.9409157775
0.9523835667
0.9689694823
0.9685221220
0.9509326879
0.9356385510
0.9468747316
0.9381680031
0.9334521352
0.9287557449
0.9405781873
0.9509007437
0.9532728157
0.9524768138
0.9553182122
0.9616190645
0.9544726809
0.9299172574
0.9068730839
0.8934768869
0.8935541771
0.9039865257
0.9192655118
0.9305574701
0.9433637245
0.9450587522
0.9414541754
0.9412008728
0.9402027271
0.9538075001
0.9681050974
0.9699300521
0.9673196032
0.9680954446
0.9736644201
0.9811604669
0.9883568575
0.9935298858
0.9943677480
0.9903384530
0.9824807994
0.9786607826
0.9837111712
0.9708487771
0.9700300558
0.9809394743
0.9711941880
0.9650764015
0.9596569912
0.9428535820
0.9059657618
0.8491276399
0.7881230952
0.7458103175
0.7339955664
0.7550187614
0.8023316489
0.8556460303
0.8985860899
0.9333582289
0.9606307536
0.9754924908
0.9813107753
0.9916429533
1.0029951132
1.0011387564
0.9980253219
1.0013781252
0.9853352969
0.9804839980
0.9822079434
0.9827544489
0.9768344165
0.9581111091
0.9228466132
0.8731004704
0.8220912253
0.7873257315
0.7772215178
0.7942508483
0.8385259588
0.8919189118
0.9297916867
0.9548989714
0.9705122948
0.9658306811
0.9402002893
0.9038724290
0.8548959963
0.7870978684
0.7280692629
0.7086431076
0.7240648443
0.7648332098
0.8115317984
0.8599565927
0.9039691586
0.9341586631
0.9568976081
0.9746346879
0.9822768957
0.9934267461
1.0025744786
1.0027548619
0.9949576918
0.9783097677
0.9704335267
0.9802741615
0.9899837049
0.9872235768
0.9637096382
0.9412211352
0.9436635280
0.9481053640
0.9424325341
0.9396225958
0.9456640519
0.9542588117
0.9613847981
0.9640667046
0.9596025687
0.9525421057
0.9420521414
0.9432568166
0.9669752606
0.9804539039
0.9881422548
1.0034096037
0.9982552365
0.9932960507
0.9970254236
0.9930578782
0.9871926288
0.9839180297
0.9784395911
0.9821514476
0.9955122886
1.0059747622
1.0076348501
1.0037518698
1.0071329137
1.0154298489
0.9999576674
0.9873998988
0.9956203996
1.0039012855
1.0062501932
0.9986221935
0.9931437098
1.0036002012
1.0074350513
0.9986559059
0.9911113356
0.9920766402
0.9958812755
0.9972344174
0.9969116320
0.9946317120
0.9884882360
0.9816275886
0.9794989027
0.9803546819
0.9763428519
0.9687663686
0.9788398046
0.9825807609
0.9800302174
0.9780937366
0.9928819866
0.9965252154
0.9860451004
0.9762203156
0.9753331922
0.9801788630
0.9771779785
0.9605350401
0.9464003518
0.9406919185
0.9416576712
0.9515195687
0.9611321405
0.9686752864
0.9802414306
0.9885234764
0.9863836793
0.9823602857
0.9855675106
0.9819601245
0.9630119979
0.9366325047
0.8987781954
0.8494545237
0.8104403326
0.7936338962
0.7857267325
0.8076003627
0.8514715258
0.8849876253
0.9126189126
0.9478244767
0.9717820937
0.9730348262
0.9686968175
0.9741059913
0.9795608175
0.9747277581
0.9805027719
0.9855872592
0.9655082458
0.9511387695
0.9581501592
0.9599114289
0.9659497871
0.9751970472
0.9801244930
0.9836445335
0.9847133600
0.9743170619
0.9531392661
0.9379785174
0.9425273782
0.9558218779
0.9559741986
0.9516972356
0.9568425940
0.9670730166
0.9544178554
0.9572634650
0.9721928110
0.9750323644
0.9691326879
0.9665039747
0.9596097013
0.9474478477
0.9401807301
0.9319041062
0.9251835961
0.9362092336
0.9469290370
0.9524306685
0.9764834371
0.9897095808
0.9826347690
0.9847132608
0.9822797489
0.9727657327
0.9667490041
0.9619665773
0.9574011518
0.9556743943
0.9568155071
0.9649744425
0.9775586052
0.9892164953
1.0010433828
1.0076127672
1.0058258259
1.0017619506
0.9962517687
0.9919936876
0.9939057245
0.9931827184
0.9889210117
0.9842391232
0.9770556623
0.9640301353
0.9561584227
0.9691023939
0.9797967943
0.9771942098
0.9897141397
0.9874213001
0.9831867892
0.9794935389
0.9657218403
0.9427486848
0.9039381227
0.8448514084
0.7903012766
0.7676571063
0.7763377209
0.8073985781
0.8547045518
0.9047103331
0.9386491413
0.9506796452
0.9713273570
0.9837267470
0.9821595170
0.9758918807
0.9809517980
0.9854825622
0.9940724967
0.9900644417
0.9799110175
0.9857249907
1.0001153998
1.0029842455
0.9940649164
0.9819107755
0.9703623576
0.9675548291
0.9734266028
0.9722503624
0.9810019909
0.9869049400
0.9741834994
0.9912591160
1.0082308451
1.0018632175
0.9974963193
0.9921062086
1.0006900196
1.0015241695
0.9913364197
0.9846431990
0.9854274772
0.9920378203
0.9931970745
0.9849325754
0.9842162518
0.9954365417
0.9968579441
0.9817126825
0.9664107814
0.9609529702
0.9671062019
0.9526267926
0.9595213996
0.9681649526
0.9699009519
0.9685894641
0.9678461575
0.9714920681
0.9828491543
0.9970485389
0.9999514110
0.9897204953
0.9733809442
0.9632991327
0.9664014720
0.9711164943
0.9721265414
0.9802182073
0.9861073751
0.9921664032
0.9884349654
1.0002782946
0.9988545951
0.9939132028
0.9896462550
0.9861427234
0.9940073681
1.0057185464
1.0115444419
1.0101587702
1.0001152680
0.9859168252
0.9738981816
0.9627784750
0.9530382115
0.9478654551
0.9413694215
0.9346328445
0.9380881359
0.9454577122
0.9478194594
0.9507428538
0.9620332830
0.9736595202
0.9834768311
0.9934461930
0.9948094694
0.9916798733
0.9939957497
0.9873564922
0.9806929407
0.9742045308
0.9626465863
0.9412011186
0.9104893870
0.8854583923
0.8731879990
0.8616588165
0.8426930170
0.8189733360
0.7640057170
0.6951001256
0.6381391628
0.5983130790
0.6048720832
0.6737091477
0.7679404754
0.8456655835
0.8962675621
0.9331938761
0.9478360946
0.9437050689
0.9464498427
0.9479855850
0.9307572317
0.8960459588
0.8348630484
0.7567327315
0.6837341191
0.6459963352
0.6519049951
0.7102942046
0.7945079740
0.8652057450
0.9096701178
0.9403874717
0.9682247526
0.9793149585
0.9789940787
0.9869633530
0.9985942473
1.0051909165
0.9970684494
0.9865346655
0.9865738221
0.9910809041
0.9934281941
0.9825311134
0.9679532046
0.9561222979
0.9496547250
0.9487933437
0.9455307191
0.9431266108
0.9443424798
0.9602717453
0.9874157764
0.9966933370
0.9926751441
0.9911561065
0.9712104648
0.9468323896
0.9356567947
0.9316142423
0.9285594418
0.9322945723
0.9371793281
0.9345172547
0.9510985116
0.9547216895
0.9523483273
0.9643199972
0.9791161912
0.9830741209
0.9758516113
0.9798111067
0.9894605699
0.9878250862
0.9899833121
0.9953525071
0.9812914240
0.9650143641
0.9615123183
0.9604912601
0.9621267030
0.9703264998
0.9667744707
0.9380474983
0.8943511303
0.8520334494
0.8252513498
0.8231031204
0.8405545275
0.8807367731
0.9311201792
0.9656340293
0.9780755191
0.9750723829
0.9765859786
0.9889622211
0.9925135009
0.9847346238
0.9804179441
0.9729687200
0.9523481091
0.9229066431
0.8941859346
0.8781061428
0.8726882198
0.8842041129
0.9150770021
0.9398685629
0.9502283784
0.9314324623
0.8875114104
0.8737725563
0.8573131113
0.8613348554
0.8862537741
0.9275700079
0.9574305148
0.9740366149
0.9886320294
0.9981510858
1.0023407448
1.0057669374
1.0029768885
0.9963347065
0.9997807125
1.0041307483
1.0003093700
1.0025278318
1.0010546269
1.0009765723
0.9898865823
0.9838418714
0.9764148383
0.9898735277
0.9821915003
0.9785431060
0.9769461774
0.9798910421
0.9949212376
1.0049536886
0.9977801766
0.9882759730
0.9895367359
0.9970387965
1.0035339438
1.0063838979
1.0064742674
1.0016250196
0.9929379869
0.9953041903
0.9998239662
0.9903348705
0.9786039203
0.9749338592
0.9871757980
0.9996367166
1.0142071887
1.0171625470
1.0063193927
0.9974264746
0.9933839289
0.9863378876
0.9806333834
0.9844552801
0.9917360598
0.9898657227
0.9742555939
0.9638594325
0.9711929162
0.9778171794
0.9782133467
0.9790629385
0.9825168364
0.9919954050
0.9981063100
0.9918775328
0.9850016755
0.9833568567
0.9787384374
0.9696697692
0.9575635964
0.9501642205
0.9495431705
0.9510890944
0.9641660551
0.9706909105
0.9654676734
0.9753480520
0.9909259845
0.9895647632
0.9916444205
0.9846969102
0.9939482710
0.9923942348
0.9852182606
0.9898849022
1.0074562846
1.0089829111
0.9880819602
0.9522572769
0.9079191657
0.8635923858
0.8264274277
0.8003688652
0.7932836651
0.8160005418
0.8685706423
0.9223680566
0.9629228554
0.9838911464
0.9937690305
0.9847470254
0.9956217500
0.9930714561
0.9894139787
0.9991163210
0.9975923293
0.9877265600
0.9757487666
0.9655622755
0.9589117766
0.9582163063
0.9491547543
0.9275136233
0.9207680920
0.9162149530
0.9180855153
0.9226894148
0.9365361566
0.9582283637
0.9748342808
0.9843091150
0.9924640236
0.9941606715
1.0006390157
1.0009748137
0.9874553432
0.9835782247
0.9796117078
0.9656716075
0.9428075351
0.9180560724
0.9040984057
0.9055037361
0.9128462430
0.9171294975
0.9217279135
0.9288825257
0.9251976890
0.9183022840
0.9313917333
0.9396396887
0.9553369530
0.9605176249
0.9664709939
0.9779481943
0.9764517680
0.9562055955
0.9203544778
0.8835539048
0.8605636041
0.8537078365
0.8617444584
0.8879412597
0.9263019416
0.9581429376
0.9785142731
0.9926001759
0.9939256236
0.9902921849
1.0019139843
1.0108401691
1.0007523146
0.9851022247
0.9563689188
0.9006466730
0.8319801738
0.7746209365
0.7292743365
0.7078820969
0.7218842209
0.7662384828
0.8230194014
0.8641642238
0.8750451426
0.8683008119
0.8472462999
0.8285650153
0.8190358500
0.8298963542
0.8626170135
0.9040894511
0.9444513114
0.9765628908
0.9848057387
0.9923223348
1.0096697716
1.0099352848
0.9946289172
0.9873791962
0.9908410774
0.9924761488
0.9919182710
0.9893300721
0.9745664856
0.9586816255
0.9643432727
0.9688322908
0.9677830762
0.9667119854
0.9693746330
0.9729233963
0.9859424594
1.0043450717
0.9985043262
0.9949532818
0.9948683497
0.9941400438
0.9929946718
0.9862001227
0.9834538487
0.9854492449
0.9889408478
0.9877335300
0.9747242545
0.9616956206
0.9464212759
0.9511592318
0.9611306108
0.9699843435
0.9710258184
0.9755734453
0.9729825184
0.9775687835
0.9823262270
0.9874242800
0.9911868018
0.9921399828
0.9913179859
0.9986048384
0.9983619927
0.9875661818
0.9793951915
0.9811606338
0.9900247007
0.9903812372
0.9805413491
0.9688163202
0.9620596747
0.9384269062
0.9181239041
0.9069729437
0.9171663546
0.9164417988
0.8894893088
0.8611201126
0.8455405193
0.8424207988
0.8591485056
0.8898462824
0.9220902651
0.9513680171
0.9706998031
0.9780898944
0.9867621005
0.9980984352
0.9960073206
0.9858563485
0.9820619143
0.9807111978
0.9871984943
0.9921554474
0.9900609132
0.9799981097
0.9701872651
0.9640737939
0.9767297207
0.9881113872
0.9923782046
0.9963738907
1.0048860178
1.0121774267
1.0161073526
1.0204023245
1.0208734092
1.0114159508
1.0015846812
1.0041837215
1.0023589632
1.0035247420
1.0169361851
1.0167725276
1.0039993274
0.9946552691
0.9999420093
1.0122579557
1.0005348720
0.9856912987
0.9810463685
0.9905469706
1.0036689194
1.0057876874
1.0003096467
1.0002500822
0.9997483583
0.9884345791
0.9756793930
0.9589090363
0.9467562927
0.9440216856
0.9394461234
0.9472014381
0.9641960723
0.9709367160
0.9715330636
0.9741429844
0.9853184272
0.9779805527
0.9650508453
0.9632841713
0.9606545000
0.9548153786
0.9499029989
0.9514929604
0.9603372412
0.9679406114
0.9771483220
0.9809846592
0.9718680829
0.9681950531
0.9747640428
0.9775694083
0.9662254208
0.9473032375
0.9484677844
0.9605266492
0.9758509240
0.9909263809
0.9886489147
0.9855756983
0.9962306369
1.0083530924
1.0084497086
0.9998155630
0.9931253339
0.9935601127
0.9951768245
0.9906958344
0.9918362550
1.0014469464
0.9975260293
0.9912559158
0.9879942174
0.9892640333
0.9808005039
0.9784249019
0.9810731584
0.9786197967
0.9737668433
0.9775767642
0.9820201568
0.9848950680
0.9934909172
1.0069638444
1.0147033646
1.0114726177
1.0087794368
1.0156671241
1.0105838461
0.9889161964
0.9829034942
0.9859860747
1.0024655910
0.9909171704
1.0000878190
0.9982127825
0.9922528864
0.9836141759
0.9810731401
0.9873773806
0.9963666589
0.9974036958
0.9925978587
0.9990080312
1.0131535528
1.0139497181
1.0050074011
1.0011466030
1.0041559448
0.9959918182
0.9860544469
0.9916493146
1.0032248708
0.9868195308
0.9702161801
0.9736017827
0.9769703634
0.9882521002
0.9938964127
1.0015864363
0.9987412500
0.9957746951
0.9930236857
0.9902823248
0.9956702582
1.0034230326
1.0046088709
0.9938423350
0.9763150012
0.9742956916
0.9951603014
0.9904688581
0.9849965700
0.9915560716
0.9971393611
0.9889811337
0.9864133316
0.9863421969
0.9934966419
0.9872351209
0.9751388699
0.9640679319
0.9536043689
0.9455077777
0.9469151051
0.9598664214
0.9705913258
0.9667145063
0.9577562247
0.9640172416
0.9590820918
0.9460270557
0.9275274651
0.9335024690
0.9531890059
0.9576064362
0.9576473160
0.9586775787
0.9421672738
0.9219151041
0.8968450717
0.8571357782
0.8161575712
0.7987220801
0.8006732055
0.8132325534
0.8507665271
0.9051675122
0.9476222392
0.9670170386
0.9822844223
0.9917260995
0.9860390471
0.9855939921
1.0003075866
1.0026482620
1.0126261680
1.0122982246
1.0085883771
0.9981087397
0.9888373641
0.9873707799
0.9831199643
0.9765245802
0.9680388189
0.9608908553
0.9712476269
0.9883573748
0.9926311499
0.9928359773
0.9837321812
1.0064521420
1.0127156142
1.0006357853
0.9933449208
1.0089416213
1.0119203541
1.0059980849
1.0062749315
0.9985260995
0.9909009688
0.9890143381
0.9814463156
0.9546690500
0.9149373416
0.8786502046
0.8557231395
0.8529133443
0.8728461808
0.9176380514
0.9576115698
0.9691884662
0.9866614165
0.9989375693
1.0053744505
1.0006266342
0.9892965512
0.9767665315
0.9818873481
0.9890201150
0.9975976243
1.0045202116
0.9985626125
0.9931407228
0.9947515067
0.9936583205
0.9894479908
0.9826233745
0.9740757187
0.9640912012
0.9664901863
0.9773189050
0.9730077765
0.9654901323
0.9790140724
0.9897197829
1.0025936206
1.0084117513
1.0086091446
1.0003007100
0.9868731933
0.9812622850
0.9739173118
0.9543476793
0.9309947482
0.9124449243
0.8977164925
0.8907301050
0.8998554693
0.9206146551
0.9418472698
0.9582822992
0.9767497153
0.9920052732
0.9914426732
0.9794134464
0.9886952590
0.9997419317
0.9970975103
0.9881829203
0.9804910401
0.9844727039
0.9826300432
0.9712110679
0.9582258772
0.9499983786
0.9475867346
0.9467146830
0.9539770310
0.9613241811
0.9605357387
0.9650074402
0.9626397784
0.9557509734
0.9437424268
0.9377401614
0.9325262625
0.9238927711
0.9262837996
0.9334950147
0.9322935373
0.9360809235
0.9461769491
0.9481156058
0.9386963552
0.9307105736
0.9241816746
0.9080215927
0.8950172442
0.9042367808
0.9360661741
0.9597620420
0.9650970763
0.9779293327
0.9991203697
1.0090682664
1.0159263965
1.0110522006
0.9990169165
0.9702570213
0.9441897720
0.9210563515
0.8986593868
0.8778457693
0.8591620078
0.8444130389
0.8356855759
0.8221934516
0.7909145146
0.7603567810
0.7458541236
0.7662269847
0.7821710105
0.7870426045
0.7922379988
0.7910160505
0.7890606311
0.8049863076
0.8436895394
0.8879718628
0.9237484284
0.9518111991
0.9714833459
0.9776813353
0.9811885330
0.9862786710
0.9864820180
0.9813852403
0.9695676928
0.9495575768
0.9093993642
0.8730580508
0.8609900716
0.8664893960
0.8833016032
0.9184080481
0.9664887618
0.9839610598
0.9742045271
0.9553387251
0.9404410459
0.9419054334
0.9538526982
0.9594663072
0.9608769927
0.9668650147
0.9786026577
0.9882786734
0.9837559064
0.9731006590
0.9666697505
0.9612005384
0.9740151123
0.9565266398
0.9496885395
0.9598937961
0.9763328485
0.9850635841
0.9848659706
0.9854799694
0.9811026721
0.9752374339
0.9791482300
0.9829657314
0.9848578593
0.9892858296
0.9916491595
0.9925559341
0.9973532658
0.9997696709
0.9969774463
0.9998000197
0.9977073039
0.9954800173
0.9794048245
0.9705852903
0.9708255121
0.9831768634
0.9759280848
0.9772001759
0.9823835355
0.9792470506
0.9856784345
0.9844319133
0.9777416526
0.9760940096
0.9775469661
0.9820973407
0.9807952998
0.9766358392
0.9928237530
1.0004490598
1.0027974496
0.9946956794
0.9857528965
0.9895443182
0.9982993081
1.0037976286
1.0011749986
1.0004687089
1.0052572750
1.0028357861
0.9927183689
0.9829620182
0.9693559451
0.9449264205
0.9119521081
0.8792775705
0.8483398446
0.8186915123
0.8125378100
0.8220060730
0.8257979167
0.8356983558
0.8715099286
0.9191689835
0.9527061965
0.9814905007
0.9850383207
0.9861172161
0.9870818388
0.9900226516
0.9868516256
0.9814503807
0.9772369147
0.9721713192
0.9706618519
0.9772980586
0.9852337068
0.9877152175
0.9886388839
0.9879326072
0.9767215770
0.9753726385
0.9820627358
0.9934570491
0.9948066562
0.9943373806
0.9946994381
0.9939253226
0.9957537042
0.9922272054
0.9873913301
0.9938951312
1.0071900731
1.0074689824
0.9937285265
0.9805510203
0.9791190721
0.9946841966
1.0075734412
0.9993520192
0.9916899991
0.9856094813
0.9718343768
0.9714235589
0.9609048671
0.9521700116
0.9629940414
0.9724099396
0.9795386493
0.9884903549
0.9918036481
0.9831483475
0.9812502820
0.9864428656
0.9855565585
0.9782517848
0.9643880663
0.9374000256
0.8894079803
0.8128934160
0.7266427162
0.6561827177
0.6238818811
0.6379087901
0.6956837138
0.7774824943
0.8539449702
0.9102677913
0.9546718813
0.9760299227
0.9822580164
0.9911132914
1.0006391764
0.9921347461
0.9770380126
0.9767586762
0.9822751076
0.9863184284
1.0000713049
1.0169664079
1.0198073935
1.0021549591
0.9693866989
0.9644445097
0.9638822336
0.9346777685
0.9231783783
0.9339488109
0.9453073551
0.9335749125
0.9273341533
0.9523385647
0.9636230532
0.9667512579
0.9759595623
0.9839180073
0.9972328030
1.0087412930
1.0072058487
0.9991773742
0.9919012065
0.9801853503
0.9793281178
0.9717097782
0.9883910007
1.0027499779
0.9971252995
0.9957618951
1.0011418980
0.9950303638
0.9895163233
0.9883383175
0.9847198688
0.9661309048
0.9283378992
0.8987009829
0.8874416358
0.8819248303
0.9007951220
0.9245865633
0.9419204992
0.9678101954
0.9774469261
0.9888501487
0.9930950486
0.9950883338
0.9986890798
0.9939039326
0.9890391898
0.9800828721
0.9732553661
0.9651189142
0.9476162163
0.9265933304
0.9079627602
0.8855835418
0.8623357427
0.8509412947
0.8598155023
0.8959519118
0.9250938416
0.9492816724
0.9787039317
0.9822803203
0.9860840376
0.9911590006
0.9837392090
0.9848099400
0.9983541038
1.0065856155
0.9997933453
0.9953467963
0.9997190476
1.0076642649
1.0039446045
0.9913568493
0.9762093128
0.9639415586
0.9738077003
0.9844165275
0.9824011379
0.9915226437
1.0047854497
1.0124179534
1.0137011396
1.0025163665
0.9945281807
1.0091376946
1.0115664000
0.9987994907
0.9889235296
0.9816115171
0.9757816084
0.9741557828
0.9752939339
0.9769275089
0.9738137859
0.9660758987
0.9700196468
0.9854573933
0.9913089610
1.0089489399
1.0022521920
0.9765870153
0.9710174938
0.9646107463
0.9634944750
0.9581972776
0.9583408177
0.9639500976
0.9714650121
0.9819708360
0.9844447137
0.9760760351
0.9737856551
0.9855898769
0.9925417378
0.9816233400
0.9739871999
0.9819766273
0.9779867444
0.9743508228
0.9816915866
0.9850074372
0.9727881671
0.9730798271
0.9766303702
0.9842666291
0.9921405164
0.9883651611
0.9904056157
0.9963761786
0.9962898277
0.9994411876
1.0035635891
1.0020355255
0.9957575707
0.9826219604
0.9701052830
0.9741594252
0.9814754783
0.9819902827
0.9874193987
0.9886789510
0.9817952296
0.9721382372
0.9768155391
0.9820084576
0.9724999464
0.9645192450
0.9546504487
0.9459910078
0.9394583732
0.9409149590
0.9486821236
0.9624593768
0.9794932423
0.9885910778
0.9852105687
0.9799573598
0.9825297614
0.9738188772
0.9704378935
0.9674592833
0.9686668755
0.9796296127
0.9853916072
0.9947515410
1.0058577445
1.0107855777
1.0097806699
0.9896814741
0.9821417228
0.9830765461
0.9759549649
0.9701387863
0.9782627459
0.9958008418
1.0037403880
0.9948381215
0.9949785923
0.9986746244
0.9999699659
1.0112940703
1.0115161010
1.0032308195
1.0004348153
1.0164561683
1.0141922763
0.9920964224
0.9804870340
0.9715525602
0.9678006034
0.9685233285
0.9650283216
0.9576283719
0.9552323705
0.9555163445
0.9549836344
0.9582659155
0.9528309519
0.9422381222
0.9452040820
0.9522954377
0.9474578512
0.9321810207
0.9439891960
0.9603200671
0.9732953139
0.9832297289
0.9949383342
0.9870588457
0.9788468563
0.9861359036
0.9924158703
1.0000106912
1.0047189501
1.0019310760
1.0060554078
1.0097827130
1.0076231839
1.0159949004
1.0243662714
1.0108484029
0.9970872802
1.0072384972
0.9756431175
0.9621120304
0.9663721985
0.9769697446
0.9783224965
0.9734249446
0.9674043761
0.9620770856
0.9792470747
0.9979486937
1.0043758407
1.0041527330
1.0013132179
0.9994552320
0.9808274547
0.9772929312
0.9814409300
0.9828311594
0.9834382459
0.9761350895
0.9767042091
0.9747802286
0.9705565596
0.9726932998
0.9651948281
0.9625583796
0.9632152590
0.9586427940
0.9516770876
0.9620338055
0.9693147460
0.9669227571
0.9731132680
0.9783844033
0.9861456120
0.9856068929
0.9894823931
0.9877184997
0.9743926398
0.9850726270
0.9817966949
1.0019191829
0.9973027383
0.9710425086
0.9432754669
0.9259925366
0.9150334138
0.9075957119
0.9056500659
0.9101788222
0.9124530720
0.9130849495
0.9251479065
0.9477981729
0.9643888808
0.9684130817
0.9796955801
0.9912927017
0.9911526048
0.9951993345
0.9904151863
0.9870655896
0.9851534902
0.9880587331
0.9973382581
1.0052171355
1.0025095551
0.9954142816
0.9859631888
0.9742966970
0.9685582241
0.9741660599
0.9809975574
0.9815502639
0.9827749597
0.9828452480
0.9822180813
0.9752190563
0.9595659387
0.9424025626
0.8957904108
0.8486901448
0.7817749948
0.7289179297
0.6814012619
0.6389168274
0.6210498219
0.6510805281
0.7222108369
0.7949709250
0.8522789701
0.9042283275
0.9442918466
0.9618088677
0.9744270160
0.9878956847
0.9831089180
0.9772039957
0.9752151261
0.9527889538
0.9431365044
0.9512567570
0.9495936990
0.9635490821
0.9792309605
0.9869509313
0.9965809996
0.9961541652
0.9872401205
0.9826273198
0.9829313198
0.9786681324
0.9651414204
0.9476610624
0.9286111232
0.9090113728
0.9101286674
0.9122083414
0.9170296554
0.9244445658
0.9350884411
0.9484686379
0.9542948140
0.9484529469
0.9541953210
0.9578876435
0.9517500126
0.9564387971
0.9659220737
0.9778180586
0.9891701874
0.9944468270
0.9922830213
0.9814635177
0.9646956192
0.9502948967
0.9403706145
0.9354924791
0.9382238290
0.9375995589
0.9375733077
0.9547880876
0.9738477685
0.9864713234
0.9986513604
0.9960783848
0.9820570538
0.9671469652
0.9528223798
0.9303691818
0.9032694689
0.8874759738
0.8871531362
0.8926709696
0.9042161765
0.9159695758
0.9030109167
0.9059644077
0.9118370936
0.9207053985
0.9278399121
0.9391673265
0.9698357705
0.9878531955
0.9904275795
0.9856560396
0.9676848529
0.9533143685
0.9462280854
0.9420305869
0.9401363063
0.9457859537
0.9565518566
0.9625144412
0.9612555456
0.9611632916
0.9721715631
0.9806832901
0.9714431049
0.9654287569
0.9730526511
0.9567466404
0.9418305318
0.9513210942
0.9637671145
0.9664396715
0.9676196113
0.9646051502
0.9696190335
0.9771762831
0.9885469005
0.9887056436
0.9829041260
0.9914573604
0.9975491250
0.9917062261
0.9941352988
1.0034540570
1.0069947519
1.0035551473
0.9820177959
0.9796412668
0.9829421319
0.9896333500
0.9948419002
1.0015816928
1.0030165265
1.0012441110
1.0002312519
0.9899248117
0.9828444815
0.9813161667
0.9812389378
0.9794558798
0.9745520424
0.9793843504
0.9863907316
0.9845287772
0.9855234374
0.9731076550
0.9578086823
0.9554313864
0.9449973020
0.9597442456
0.9701272211
0.9644027851
0.9602396974
0.9654053659
0.9730935803
0.9741703026
0.9772284634
0.9796199995
0.9760542052
0.9733886752
0.9710597745
0.9668299450
0.9715763149
0.9747963217
0.9643748195
0.9645814861
0.9503070534
0.9475440151
0.9612842039
0.9832685363
0.9953589592
0.9922687749
0.9913695713
0.9954495600
0.9962939150
1.0041770839
1.0042789794
0.9927687220
0.9831107113
0.9830473651
0.9834997526
0.9747890199
0.9726690935
0.9788472949
0.9829685672
0.9930383838
1.0011985263
0.9844712525
0.9832044831
0.9898417356
0.9911576190
0.9880047396
0.9788969603
0.9714417700
0.9769513729
0.9927694514
0.9934638191
0.9789231255
0.9659528711
0.9739525002
0.9931003544
0.9849580418
0.9655617403
0.9724430852
0.9749537568
0.9778722968
