#flux
0.9680782926
0.9711121064
0.9633118783
0.9661643999
0.9868154205
0.9867726863
0.9542862834
0.9694169158
0.9524670623
0.9698838622
0.9590162109
0.9614039234
0.9633057566
0.9551573760
0.9530861351
0.9687770482
0.9969742589
1.0060695769
0.9927604254
0.9818961093
0.9802737484
0.9789184493
0.9727319956
0.9666286474
0.9606925424
0.9543280019
0.9639823475
0.9460995941
0.9307357232
0.9590699537
0.9881384695
0.9785810605
0.9584902500
0.9564284026
0.9571747701
0.9586692523
0.9626575928
0.9643960194
0.9646234000
0.9579683120
0.9451623149
0.9463946429
0.9607612610
0.9578255232
0.9327274721
0.9302575231
0.9290447798
0.9344905245
0.9514857760
0.9461303179
0.9654808267
0.9846634660
0.9806157641
0.9739102826
0.9669782469
0.9693415970
0.9682696990
0.9621247607
0.9576712865
0.9546257171
0.9533904556
0.9508765246
0.9379713146
0.9273551872
0.9410541366
0.9496194429
0.9357683135
0.9220268908
0.9095840509
0.9082780418
0.9103793161
0.9016112425
0.8976872662
0.9109097731
0.9069024024
0.9222993930
0.9443581079
0.9528745062
0.9418567100
0.9233834637
0.9185611226
0.9271216243
0.9317794645
0.9345164304
0.9449733984
0.9313018815
0.9043065290
0.8999524674
0.8763891928
0.8451287719
0.8309875049
0.8169579132
0.8093779832
0.8385304693
0.8613187620
0.8848801119
0.8900051710
0.8993476915
0.9054331825
0.8916973626
0.8799517265
0.8848630430
0.8869076154
0.8806699421
0.8902946326
0.9017116448
0.9052433098
0.9221847221
0.9462062446
0.9368335747
0.9122280880
0.8873312956
0.8812885524
0.9072397114
0.9119111126
0.9006031927
0.9091958829
0.9262015637
0.9328932354
0.9218195432
0.9018908041
0.9026903582
0.9335855832
0.9494085754
0.9221174648
0.9119677812
0.9220807074
0.9296492305
0.9091857954
0.8800640055
0.8864463729
0.8975145279
0.8965806714
0.9017193369
0.9049927385
0.8875287293
0.8915532435
0.9147065487
0.9318888779
0.9293830483
0.9213984036
0.9243883928
0.9266308946
0.9168543284
0.9146897035
0.9330022523
0.9350836903
0.9265317228
0.9054745253
0.9173004237
0.9522077684
0.9394112536
0.9220303015
0.9133528298
0.8981740809
0.9114712008
0.8749634039
0.8439230160
0.8265743229
0.8134026999
0.8188685185
0.8401795297
0.8711104754
0.9030923962
0.9016707944
0.8789247102
0.8943760025
0.8830515189
0.8699102969
0.8768153243
0.8715769453
0.8412421598
0.8210816694
0.8074972413
0.7937449340
0.7882956922
0.7839897865
0.7774461533
0.7899256920
0.8196852417
0.8349145291
0.8278680921
0.8229725762
0.8298631083
0.8330307598
0.8225639323
0.8043873604
0.7977597392
0.8154274374
0.7891316657
0.7953818607
0.8102993671
0.8046979057
0.7876038397
0.7688716538
0.7488744802
0.7323161516
0.7215007722
0.7052664011
0.6840445649
0.6698841172
0.6596426907
0.6334213266
0.5783862911
0.5013675087
0.4226551678
0.3627947616
0.3292482901
0.3006124224
0.2539079601
0.2322616710
0.2169931066
0.1999611164
0.1997186778
0.1959378867
0.2029020703
0.2145977190
0.2224980874
0.2383600825
0.2732533016
0.3185888237
0.3676333525
0.4299521633
0.4979034065
0.5496867784
0.5888795189
0.6210722898
0.6714130771
0.7130102503
0.7327167729
0.7490508394
0.7499227317
0.7756756787
0.7774671697
0.7872377404
0.8073746353
0.8210776619
0.8166848627
0.7973713707
0.7922905166
0.8073637152
0.8127697730
0.8110048219
0.8193464024
0.8291966320
0.8368422678
0.8365928538
0.8564967242
0.8677563748
0.8517275550
0.8583604069
0.8624163870
0.8414429667
0.8531708251
0.8454898398
0.8352746807
0.8726271131
0.8815910421
0.8674242448
0.8530988312
0.8590191689
0.8697428266
0.8716976598
0.8847403646
0.9038807137
0.8998728207
0.8845279940
0.8756480943
0.8941462276
0.9025208035
0.9058928827
0.9133596371
0.9113213175
0.9198375198
0.9278195230
0.9225614913
0.9286065156
0.9420779013
0.9470000936
0.9365189631
0.9215125579
0.9217597432
0.9290110353
0.9258569932
0.9165396939
0.9096537915
0.9059768569
0.8986432408
0.8916266489
0.8951476669
0.8830873601
0.9188842555
0.9019643054
0.9039171172
0.9229460624
0.9104603646
0.9049864827
0.9199079775
0.9257919441
0.9202279638
0.9269347008
0.9429325553
0.9477650874
0.9358253776
0.9229128147
0.9263019354
0.9448040289
0.9694902311
0.9810398177
0.9570026528
0.9315218717
0.9331931635
0.9211992312
0.9324688270
0.9231098695
0.9232728100
0.8956547018
0.8433137455
0.7898723581
0.7513614660
0.7436634881
0.7661377288
0.8030863170
0.8409452748
0.8714151780
0.8954099267
0.9220905817
0.9455875085
0.9528805020
0.9497960283
0.9483015515
0.9361437421
0.9536629743
0.9641129359
0.9281573303
0.9065692970
0.9394144191
0.9559799813
0.9607891003
0.9543403162
0.9457565744
0.9463772690
0.9591883396
0.9553305995
0.9301830243
0.9208227879
0.9329502841
0.9489823729
0.9586498392
0.9533159178
0.9420819850
0.9494428574
0.9533045070
0.9134681569
0.9342594972
0.9637285737
0.9672924250
0.9699101685
0.9734120597
0.9663170306
0.9537948964
0.9453249891
0.9522489275
0.9705798415
0.9824044000
0.9855037482
0.9811194909
0.9621637583
0.9554771370
0.9638057940
0.9671094346
0.9571469614
0.9651849463
0.9779396703
0.9498415553
0.9526179589
0.9208714633
0.8876961984
0.8493435943
0.8236163146
0.8334824747
0.8481596163
0.8648081942
0.8880568424
0.9096742887
0.9325176534
0.9545073810
0.9667405730
0.9797396337
0.9901701941
0.9896648819
1.0007412223
0.9814366858
0.9624567971
0.9253539301
0.9526024230
1.0057498436
1.0111642144
0.9917585989
0.9789241400
0.9482039115
0.9313131663
0.9002247736
0.8530379007
0.8324611060
0.8544845528
0.9040408838
0.9434692161
0.9480811098
0.9484933972
0.9504554947
0.9523978792
0.9472864337
0.9156922254
0.8810348330
0.8449878648
0.8130113562
0.8018834835
0.8145770190
0.8359612608
0.8735928274
0.9169270788
0.9301490355
0.9224468780
0.9342491868
0.9647620530
0.9799008102
0.9757586510
0.9701261207
0.9598402134
0.9596924355
0.9564060305
0.9654959352
0.9613779128
0.9803554605
0.9905936471
0.9805420392
0.9748617425
0.9674937864
0.9489078137
0.9499312933
0.9719148559
0.9764899536
0.9792099761
0.9861021539
0.9771422412
0.9706127481
0.9843835687
0.9910831889
0.9826013182
0.9718931472
0.9695378133
0.9863432839
1.0025599357
0.9832653189
0.9697545569
0.9930515105
0.9885902369
0.9888714189
0.9929494912
0.9975604055
1.0050851589
1.0066971061
0.9937640635
0.9793460480
0.9708847839
0.9645558866
0.9702946191
0.9922993311
1.0089061851
1.0102933892
1.0012192977
0.9896086601
0.9671421272
0.9659276565
0.9638664830
0.9625219061
0.9898492641
1.0071326582
0.9955005366
0.9785006600
0.9820767731
0.9996416499
0.9984955689
0.9752398352
0.9572435626
0.9676611493
0.9784724521
0.9681617217
0.9766588228
0.9663623074
0.9716159772
0.9835885551
0.9779660456
1.0006641917
1.0117883907
0.9782396288
0.9813277514
0.9974240161
0.9784165881
0.9721763309
0.9641162885
0.9558180412
0.9559602591
0.9510912358
0.9438341196
0.9563384053
0.9791593531
0.9792807519
0.9629525108
0.9648647177
0.9852580687
0.9943261845
0.9857663182
0.9714761951
0.9543509057
0.9143305818
0.9006770242
0.8915884488
0.8804092163
0.8920667854
0.9189106059
0.9363751656
0.9500872757
0.9606180498
0.9564770468
0.9485467390
0.9550347608
0.9647232964
0.9677709799
0.9782686123
0.9761136000
0.9678225117
0.9886205420
0.9693426161
0.9849608701
0.9665387244
0.9674578778
0.9981265625
0.9974666666
0.9876156117
0.9807545981
0.9542712544
0.9429409494
0.9387426939
0.9308314929
0.9465746842
0.9771991921
0.9837543672
0.9795078658
0.9888420152
0.9856750543
0.9701061796
0.9642911785
0.9711132205
0.9737763493
0.9769776316
0.9683424059
0.9416395595
0.9228201769
0.9117664381
0.9237003771
0.9223611806
0.9275276335
0.9458274200
0.9574007257
0.9511032910
0.9478757771
0.9534544750
0.9488955024
0.9527145716
0.9640001643
0.9531520423
0.9437997493
0.9648214952
0.9775076215
0.9795043690
0.9728724879
0.9754624570
0.9572162416
0.9698825521
0.9895668783
0.9927985076
0.9896748008
0.9832805875
0.9793275192
0.9788071371
0.9764545852
0.9773555591
0.9841642076
0.9810199531
0.9667353613
0.9663710018
0.9736404364
0.9860334164
1.0060009832
0.9937265908
0.9848173634
0.9756910779
1.0113733113
1.0158572638
0.9925214673
0.9528174322
0.8992664848
0.8499776464
0.8321331846
0.8494527417
0.8818528086
0.9161647779
0.9488827271
0.9727046090
0.9873520067
0.9959782658
0.9975898432
0.9743957884
0.9623637766
0.9893390563
0.9799419733
0.9623202053
0.9773213300
0.9816494695
0.9901492868
1.0118882594
1.0107565751
0.9822820072
0.9652109958
0.9696773658
0.9719510885
0.9630932204
0.9664191911
0.9893808282
0.9969048198
0.9817791404
0.9645220967
0.9824282253
0.9914607421
0.9961016181
0.9867341306
0.9925755560
1.0138645646
1.0130643590
1.0048361383
1.0125359343
1.0074321873
0.9966444070
1.0157426074
1.0161786916
0.9939398018
0.9877152509
0.9884146418
0.9823215342
0.9825416882
0.9968747358
0.9937597903
0.9867283639
0.9820362273
0.9783146365
0.9822236493
0.9805683969
0.9825315890
0.9900873599
0.9862867720
0.9747702343
0.9665822701
0.9758911463
0.9802610807
0.9912221236
0.9895332800
0.9813258461
0.9855514147
0.9885359694
0.9964957346
0.9922344645
0.9851435270
0.9934582201
0.9724504144
0.9597221858
0.9828844230
1.0025814932
0.9911750843
0.9725236881
0.9791966805
0.9864176863
0.9878822591
1.0020060769
1.0016258094
0.9855360535
0.9633561334
0.9556700457
0.9441618896
0.9250412824
0.9344899056
0.9317442898
0.9400806407
0.9657375230
1.0096183252
1.0355018908
1.0315916339
1.0127479369
0.9927871239
0.9977886635
1.0051667431
0.9799036173
0.9714973093
0.9761064981
0.9805101956
0.9591588142
0.9175046637
0.8980862044
0.9050250004
0.9040018327
0.8835277842
0.8418097696
0.7777090124
0.7197948115
0.6816811121
0.6913633575
0.7446684403
0.8184435769
0.8882687460
0.9227989822
0.9364297207
0.9529169738
0.9709320882
0.9841388168
0.9657420009
0.9402310453
0.9145510096
0.8737032705
0.8237821822
0.7703253469
0.7335594299
0.7494409882
0.7934911499
0.8604474157
0.9155178416
0.9684467969
0.9952751486
0.9964518139
0.9915445725
0.9889977784
0.9890043306
0.9812164137
0.9872393564
0.9868056351
0.9951951230
0.9979585654
0.9952378036
1.0002895699
0.9971628697
0.9867683822
0.9807630685
0.9715187963
0.9740646158
0.9646720196
0.9746586970
1.0117298789
0.9917793371
0.9709981030
0.9746819342
0.9749989840
0.9645455486
0.9608614476
0.9795881904
0.9789929591
0.9577724866
0.9561819049
0.9724282382
0.9818526925
0.9879032211
0.9873643679
0.9827707681
0.9832071703
0.9631169460
0.9574930324
0.9804867686
0.9750280737
0.9708846082
0.9724091948
0.9769830695
0.9983136766
1.0011808378
0.9868053002
0.9830929745
0.9887641233
0.9910025364
0.9887993828
0.9868764290
0.9754591631
0.9409826407
0.9080804701
0.8893072416
0.8634516288
0.8526173582
0.8788258652
0.9100189821
0.9342311433
0.9515927077
0.9845296776
0.9990772812
0.9929687026
0.9962488617
1.0224315746
1.0207376588
0.9766307259
0.9481609282
0.9372949941
0.9243156307
0.9068412572
0.8875849310
0.8799110974
0.9001476647
0.9454574600
0.9798030828
0.9703949235
0.9672406770
0.9656007118
0.9375258519
0.8983413834
0.9167359071
0.9365866925
0.9498831730
0.9813265766
0.9815164492
0.9996750414
1.0222070384
1.0265696866
1.0144041143
1.0055328371
1.0089849796
1.0146074172
1.0193478182
1.0299151924
1.0354543665
1.0212234551
1.0034905375
0.9968522759
0.9936321304
1.0125344980
1.0368719618
1.0148261733
1.0046989529
1.0038839346
0.9924193588
1.0080385135
1.0113089972
1.0010329350
0.9866137780
0.9813705734
0.9849095116
0.9891043777
1.0019200776
1.0106301397
0.9940138402
0.9844410604
0.9938395363
0.9962008993
1.0048110968
1.0215447828
1.0325208580
1.0135078328
0.9997441716
1.0046113080
0.9998837245
0.9958159289
0.9787938981
0.9813478936
0.9925749923
0.9921766557
0.9877449236
0.9903218800
1.0038788849
1.0074388802
0.9859693726
0.9756745345
0.9869768245
0.9880142325
0.9977051537
0.9781363920
0.9889482794
1.0240979389
1.0070213408
0.9806491878
0.9744385284
0.9850810405
0.9959205322
0.9962673431
0.9776930059
0.9546464818
0.9540536376
0.9731356799
0.9795491574
0.9710898497
0.9840431531
1.0147227942
1.0152491587
0.9985388532
1.0007821211
0.9974587752
1.0007044894
0.9846991946
0.9818050469
0.9885293363
0.9727218909
0.9870117383
0.9803983975
0.9689610531
0.9486394827
0.9079626934
0.8656542101
0.8456659510
0.8720079365
0.9152551166
0.9465671307
0.9780298428
0.9879060672
0.9955291644
1.0092823097
1.0161036298
1.0047135671
1.0077773903
1.0135705013
1.0049594266
0.9801250743
0.9591161855
0.9667388090
0.9679523249
0.9741229318
0.9758597988
0.9649748527
0.9641581593
0.9744583285
0.9702794966
0.9627699284
0.9654477371
0.9596439319
0.9706094124
0.9892419587
0.9965343271
1.0133939984
1.0107792268
1.0165683014
1.0046171037
1.0048517667
0.9979735391
0.9824126590
0.9844084056
0.9620148503
0.9397357521
0.9222130497
0.9218073491
0.9404006918
0.9631163027
0.9769332073
0.9706378147
0.9562344342
0.9683021181
0.9903326550
0.9885045631
0.9725583917
0.9717859529
0.9885151908
0.9873060054
0.9608474767
0.9255596832
0.9341890982
0.9348974158
0.9352767738
0.9403218700
0.9459101508
0.9651699729
0.9790206792
0.9698957854
0.9717318641
0.9865047214
0.9864478456
0.9954257676
0.9901285409
0.9885035449
0.9823127290
0.9886815682
0.9650683911
0.9216353782
0.8424232031
0.7911146136
0.7727187943
0.7680298883
0.8214712946
0.9081492120
0.9276487928
0.9176976522
0.9351001675
0.9512125623
0.9464705272
0.9406967000
0.9388817676
0.9460635286
0.9690236247
0.9852060022
0.9899266329
0.9901398828
0.9845314879
0.9843114178
0.9938990336
1.0130592008
1.0141393102
1.0062126839
1.0057230738
0.9953878686
0.9916986147
0.9926220926
0.9951619234
0.9905491269
0.9838918308
0.9846929428
0.9842718503
0.9853466602
0.9956553787
0.9913615738
0.9769537855
0.9930750385
1.0165102732
1.0222088113
1.0120173724
0.9882908383
0.9819674563
0.9746093981
0.9873277762
1.0065458078
1.0104811131
1.0020868846
0.9929284236
0.9951088678
0.9952893721
0.9862089349
0.9754057166
0.9695788510
0.9821925189
0.9835779991
0.9790796869
0.9832906137
0.9940099272
1.0247197349
1.0090219141
0.9790203139
0.9852150656
0.9927866865
0.9925343571
0.9794648158
0.9771739733
0.9848245014
0.9836470978
0.9899078895
1.0020647518
0.9987858656
0.9768814322
0.9446135423
0.9289335568
0.9495671284
0.9530599628
0.9386127006
0.9243300324
0.9215224833
0.9496957596
0.9639200492
0.9709774088
0.9859776069
0.9883621007
0.9782960498
0.9788863711
0.9943300833
0.9973428018
0.9933927396
0.9998537985
1.0048118431
1.0057367374
1.0010477664
0.9853154134
0.9938163448
0.9898565048
0.9961428356
1.0084189186
0.9852465908
0.9855802345
0.9704498315
0.9968256460
0.9988452670
0.9992287333
0.9910223249
0.9833011812
0.9827350420
1.0001521154
1.0141281427
1.0135400612
1.0101402773
1.0079387972
1.0107940917
1.0277675659
1.0313021214
0.9946790496
0.9931160194
0.9980469666
1.0088888049
0.9898221838
1.0042672965
1.0228064443
0.9911791668
0.9937134090
1.0013903070
1.0137638137
1.0268226629
1.0251569751
1.0081938800
0.9866761386
0.9719578239
0.9740154436
0.9903767563
0.9968792562
0.9836610909
0.9787964487
0.9737842089
0.9694944606
0.9810773939
0.9912761844
0.9826862797
0.9636546148
0.9565883130
0.9502037673
0.9483768727
0.9598985910
0.9749705449
0.9871472889
0.9921331663
0.9948600356
0.9973855215
0.9964332805
0.9947103927
0.9809687656
0.9539147044
0.9641382535
0.9914429449
0.9978344060
1.0009607544
1.0226756965
1.0328410410
1.0169389662
0.9941758267
0.9879449093
0.9818030799
0.9850145702
0.9865695990
0.9818574055
0.9743073918
0.9770963724
0.9912355767
0.9926810814
0.9864132535
0.9953199213
1.0008355135
0.9911304373
0.9817969517
0.9765574217
0.9611501492
0.9705822113
1.0146969136
1.0211953209
0.9814366304
1.0031274451
1.0165380879
1.0066577929
0.9928776802
0.9886169715
0.9835057775
0.9936013241
1.0077359033
1.0026755901
0.9888375668
0.9834253725
0.9937738221
1.0161996688
1.0161463426
1.0117463416
0.9932842580
0.9855933614
1.0078812688
0.9729162137
0.9949906539
1.0025392194
0.9895240398
0.9869296009
1.0062426101
1.0051143998
0.9913369422
0.9884923996
0.9932173859
0.9834290112
0.9967963483
1.0289356022
1.0196758412
1.0014482215
0.9880113969
0.9921340816
0.9819335030
0.9776448131
0.9942526361
1.0092965502
0.9891172564
0.9845565770
0.9759204206
0.9724354584
0.9927447046
0.9816118731
0.9666927389
0.9768295594
0.9929483956
0.9888334116
0.9754615588
0.9874659191
1.0034799101
0.9895133969
0.9965826535
1.0058275977
1.0162334595
1.0109784929
0.9798359228
0.9742858962
0.9874184837
1.0147714755
1.0261614007
1.0032692974
0.9796529846
0.9615310154
0.9680882326
0.9720915119
0.9855326722
0.9865261337
0.9779743556
0.9734078117
0.9726159195
0.9875889667
0.9887037957
0.9838080040
0.9839672226
0.9667354747
0.9576513244
0.9985999907
0.9700980939
0.9329458002
0.9028175604
0.9089136821
0.9161384584
0.9367410368
0.9400060620
0.9559667991
0.9807957393
0.9996984090
1.0067641196
0.9951212346
0.9918090578
1.0163877521
1.0243764276
1.0009304842
0.9671763516
1.0005590080
1.0111324923
1.0329124724
1.0037821849
0.9772282225
1.0073288010
0.9957948418
0.9857221917
0.9773467345
0.9811186303
0.9848401671
0.9806229834
0.9998041000
1.0170397601
1.0175581660
1.0298880945
1.0323925034
1.0040718052
0.9929045709
1.0004337855
1.0072662830
0.9981148211
1.0016120377
0.9969877047
0.9909268812
1.0027233898
0.9811705551
0.9349106444
0.9103443353
0.8914831670
0.9126882081
0.9374375527
0.9515536851
0.9683797433
0.9869244858
0.9949772133
0.9934325764
0.9983992118
1.0078964688
1.0033944110
0.9934153389
0.9910548650
0.9906772589
0.9844016310
0.9739834952
0.9757789154
0.9789603289
0.9692345898
0.9960664846
1.0140243648
0.9966136109
0.9844903773
0.9815862622
0.9907943540
1.0135178643
1.0290719106
1.0251645434
1.0143388714
1.0097492243
1.0088987755
1.0073327993
0.9999399013
0.9897906284
0.9925885369
0.9979145064
0.9981723570
0.9746083042
0.9842390667
0.9917382756
0.9546822858
0.9261404489
0.9351002658
0.9580969547
0.9698048617
0.9852775090
0.9979436201
0.9887514575
0.9761299153
0.9758951149
0.9894319856
1.0097752783
1.0295069090
1.0227842295
0.9960966751
0.9824311610
0.9820432193
0.9493168697
0.9375250414
0.9522376885
0.9839195831
0.9955233805
0.9770679078
0.9718455627
0.9805690429
0.9772779156
0.9742092765
0.9821840652
0.9851933344
0.9834461578
0.9757415922
0.9582233737
0.9752708424
0.9704707572
0.9678763903
0.9873947582
0.9909393085
0.9526027732
0.9276605765
0.9380247875
0.9514516449
0.9538104560
0.9475154093
0.9427478157
0.9631461418
0.9951006228
1.0155111988
1.0212556372
1.0139323348
1.0027558957
1.0006292623
1.0002580591
1.0005453610
1.0095731501
1.0080526236
0.9709760192
0.9372114395
0.9320963905
0.8998898870
0.8750110782
0.8478440763
0.8231935353
0.7963322127
0.7689527662
0.7622800925
0.7881167797
0.8295341989
0.8480715406
0.8483144583
0.8522479294
0.8478714629
0.8680052445
0.8933546787
0.9071779944
0.9439362500
0.9624570088
0.9506937283
0.9497300683
0.9771901481
0.9731234829
0.9867511761
0.9759360044
0.9785027664
0.9794231224
0.9644346624
0.9285437398
0.9004661175
0.9023984221
0.9112310902
0.9101091286
0.9211669390
0.9527823075
0.9799467712
0.9958967474
0.9912241024
0.9725171235
0.9466781249
0.9463131592
0.9955112372
1.0027921948
1.0062219110
1.0031284709
0.9937462154
1.0007304233
1.0003823484
0.9910124245
0.9985260795
0.9956214355
0.9785028735
0.9791560953
0.9837736489
0.9952049773
1.0143042295
1.0119322542
1.0144854885
1.0290217078
1.0333714786
1.0295641932
0.9960476664
0.9963985876
1.0006467748
1.0050073841
1.0359311038
1.0215997378
1.0030877436
0.9948157833
0.9871852397
0.9751669889
0.9596387225
0.9491732396
0.9507570795
0.9637918600
0.9734234788
0.9681369530
0.9669680101
0.9800855814
0.9802896562
0.9471264968
0.9859696288
1.0214531174
1.0140105502
1.0037725022
0.9920885730
0.9802179440
0.9826961665
0.9903786653
0.9894355849
0.9871975900
0.9909295941
0.9888343859
0.9855039739
0.9922145359
0.9870103669
0.9942209305
1.0032028215
1.0098472398
0.9877571486
0.9836243853
0.9993276633
1.0155798950
0.9896399640
0.9445437572
0.8860033158
0.8722642941
0.8695675591
0.8794202672
0.8937291696
0.9198007151
0.9523709818
0.9698299697
0.9746001313
0.9786621848
0.9920786622
1.0158719734
1.0181128215
0.9960251738
0.9853822184
0.9914255400
0.9943683186
0.9904105745
1.0247842213
1.0163362226
0.9940155117
0.9903732925
0.9959312570
0.9955718617
1.0018559755
0.9944358034
0.9850120004
0.9955925459
1.0065598554
1.0084033070
1.0085284934
1.0057550105
1.0072221859
1.0078563566
1.0123519191
1.0194690075
1.0160494245
1.0096087130
1.0020957208
1.0025485970
1.0014513864
1.0122377592
1.0145034355
1.0005833284
0.9975283628
1.0075960288
1.0088954335
0.9910883198
0.9858228044
1.0045769431
1.0105063819
1.0089997638
0.9781054435
0.9837288981
1.0058748652
1.0029062052
0.9726896157
0.9823325886
0.9918143746
0.9922183616
0.9796558167
0.9763180692
0.9476420651
0.8846439216
0.8116946819
0.7471864110
0.7211392914
0.7240437280
0.7485711742
0.8162228294
0.8944574732
0.9421385967
0.9706687086
0.9798144733
0.9985849232
0.9776383606
0.9805168758
0.9944927794
1.0152525176
1.0000038055
0.9905368023
0.9768784048
0.9811438707
0.9966378786
0.9850096350
0.9905914932
0.9892205622
0.9660708528
0.9541515268
0.9507926825
0.9507089110
0.9599457733
0.9656276201
0.9881666801
0.9881853397
0.9766811267
0.9692801846
1.0021172637
1.0036940257
0.9972462746
0.9950135629
1.0053170408
1.0077346427
1.0028248048
0.9859137005
0.9845633140
1.0050382434
1.0020856838
0.9820265306
0.9866013637
0.9950231691
0.9842214759
0.9784643025
0.9786892266
0.9845835479
0.9995289403
0.9867168690
0.9678494200
0.9714747452
0.9767073721
0.9587489856
0.9523499075
0.9627607164
0.9533476814
0.9632332487
0.9803340977
0.9964381106
1.0024340493
0.9992572169
1.0008481017
1.0020287241
0.9976539439
0.9960631631
0.9927262306
0.9964811937
0.9929435577
0.9907005809
0.9881331785
0.9850202976
0.9719029235
0.9774810647
0.9628352449
0.9679035007
0.9840320322
1.0015406688
1.0197204362
1.0061599092
0.9930858124
0.9987275270
1.0095717274
1.0168930632
1.0055452615
0.9936950928
0.9917228961
1.0101455473
1.0276430186
1.0359615794
1.0081319364
0.9782340496
0.9897544687
0.9800842449
0.9700079353
0.9749472834
0.9690645916
0.9802301144
0.9786016532
0.9881137904
1.0000843762
1.0003042851
0.9992735206
0.9962309651
0.9951973591
1.0089741934
1.0187754125
1.0018645366
0.9974522162
1.0154110500
1.0139494253
0.9956793109
1.0111468578
1.0158010101
1.0010461725
0.9905366019
0.9837350630
0.9733378431
0.9915625859
1.0147811596
1.0105548881
1.0098256794
1.0041343272
0.9875447931
0.9906199073
0.9941694002
1.0066997439
1.0150412960
1.0099367249
0.9887709327
1.0077981190
1.0191817041
1.0222642147
0.9845950795
0.9695478182
0.9737078819
0.9736732465
0.9600854789
0.9683314823
0.9889889607
0.9965684256
0.9849283732
0.9755183382
0.9730208940
0.9662229934
0.9697453419
0.9853750880
0.9969456171
1.0236067780
1.0257516748
0.9923064293
1.0134789124
0.9894907743
1.0064201496
0.9838392714
0.9827047146
1.0043248088
0.9964730520
0.9820588687
1.0009229061
1.0111775005
1.0249292325
1.0485382978
1.0355761765
0.9912700133
0.9758023991
0.9972863861
1.0015693278
0.9697032426
0.9642578588
0.9539303611
0.9317312802
0.9841591847
1.0127656262
0.9852936532
0.9765428365
0.9929946285
0.9984501523
0.9898937865
0.9832277541
0.9879527634
0.9969694203
0.9967341072
1.0001671061
1.0140224692
1.0119474243
0.9899106837
0.9808952508
1.0050644716
1.0185657506
0.9986784456
0.9645451897
0.9745958328
0.9688439506
0.9884234917
0.9930029887
0.9863942750
0.9780675028
0.9747227621
0.9574711125
0.9596293659
0.9807633918
0.9749951757
0.9700764992
0.9871453370
0.9876146433
0.9880687157
1.0067215014
1.0075430483
0.9842760870
0.9497190347
0.9686496175
0.9820474219
0.9879889683
0.9989475813
0.9893545950
1.0074431531
1.0205988670
1.0078705642
1.0131139566
1.0146612595
1.0067281838
1.0030441630
1.0038912539
1.0000682754
1.0062680694
1.0256648605
1.0128972672
0.9875173033
0.9879276024
0.9731657070
0.9758895930
0.9728650894
0.9945517064
1.0120023361
1.0133207249
1.0089907387
0.9795781357
0.9959443431
1.0238943910
1.0227729787
1.0191825605
1.0123801468
0.9983759900
0.9932336480
0.9911211355
0.9769389540
0.9715105668
0.9937663306
0.9998650028
0.9919532821
0.9923528861
0.9858772683
1.0025378095
1.0026534667
1.0281231044
1.0021077719
0.9810336831
0.9810118691
0.9961730166
0.9967699366
0.9840886479
0.9897836639
1.0094640894
1.0173732610
1.0139809608
1.0124579356
1.0094298883
0.9942137831
0.9759046308
0.9822346479
1.0018031859
1.0290681518
1.0036158478
1.0125923923
1.0419285885
1.0193650960
0.9728020985
0.9736825602
1.0018127170
1.0214864126
1.0158336018
0.9959147030
0.9961234470
1.0162068629
1.0176522199
0.9966928120
0.9773271936
0.9621158145
0.9660456026
0.9515417462
0.9278116396
0.9399837220
0.9717077424
0.9742172713
0.9673290334
0.9816296688
0.9749348601
0.9617598507
0.9940971845
1.0446347334
1.0450804861
1.0010032776
0.9848106371
0.9776052306
0.9604779868
0.9841460822
1.0300085426
1.0300429835
1.0032264754
1.0022374492
1.0047317780
0.9956687757
1.0108589457
1.0235352681
1.0290850763
1.0189728426
1.0164516128
0.9859673472
0.9716413931
0.9783954125
0.9621493679
0.9524236562
0.9356053775
0.9059603562
0.8615258975
0.7867273188
0.7234647933
0.7181312692
0.7279208545
0.7355437756
0.7898251605
0.8650009893
0.9257192718
0.9539658735
0.9895546985
1.0070824097
1.0178920105
1.0006028504
0.9999804752
0.9936257941
0.9687856771
0.9707353251
0.9834003376
0.9929546142
0.9986072813
0.9977184858
0.9931930610
0.9944094220
1.0162381162
1.0250776145
1.0205805254
1.0084416883
1.0154132202
1.0069352310
1.0125453017
0.9641019595
0.9621556908
0.9452463202
0.9263584912
0.9326557333
0.9536134212
0.9586776148
0.9524896541
0.9618544445
0.9816580072
0.9854407492
0.9658628675
0.9480675803
0.9623437796
0.9865835318
0.9868447587
0.9898041574
0.9767155592
0.9760648886
0.9988604943
0.9929808655
0.9816297269
0.9801250606
0.9796317172
0.9632128341
0.9672275701
0.9867482423
0.9963552508
1.0026353545
1.0018600328
0.9902318939
0.9864633726
1.0010541472
1.0169946391
1.0110879139
1.0017975785
0.9996587673
0.9748064954
0.9634781953
0.9524556408
0.9682971918
0.9827888118
0.9556479146
0.9680618341
0.9692065964
0.9814329592
0.9593039127
0.9507206783
0.9737075799
0.9972141823
1.0164337446
1.0224127939
0.9897583578
0.9461881895
0.9529977060
0.9902481650
0.9582298117
0.9402215416
0.9383678040
0.9855506369
0.9934326739
0.9737394387
0.9636988024
0.9672732473
0.9838587940
0.9900174975
0.9784277404
0.9774644926
0.9877857542
0.9762457464
0.9594595404
0.9544774569
0.9527790453
0.9593498344
0.9669404126
0.9871814389
1.0011794477
1.0269248972
1.0265078329
1.0007397039
0.9895409529
0.9999454883
0.9867344230
0.9915605412
0.9895863225
0.9982998027
1.0057152293
1.0023827557
1.0015523131
1.0145377477
1.0153815999
0.9929651544
0.9778392111
0.9734523603
0.9668272229
0.9879508984
1.0078110102
1.0081620404
0.9737925420
0.9659607902
0.9854965502
1.0036578572
1.0024893636
1.0087166481
1.0319437888
1.0180308971
0.9931429267
0.9918381152
1.0016972488
0.9956817409
0.9841794372
0.9900188002
0.9965116363
0.9929250773
1.0060813536
1.0167372582
0.9981280982
1.0000504989
0.9921874407
1.0129349638
1.0255133037
1.0069081982
1.0140459730
1.0273608661
1.0075381604
0.9856535752
0.9770974815
0.9774849343
0.9915355745
1.0062202882
1.0028966308
0.9965955705
1.0060178033
1.0118842659
1.0049667638
1.0011342589
0.9866408663
1.0091600531
1.0145838233
1.0155278112
0.9943748445
1.0052502916
0.9905491052
1.0092552764
1.0042379696
1.0123976920
1.0127276012
0.9996228141
1.0007228102
1.0087599129
1.0010889314
0.9995819590
1.0130818473
1.0199126292
1.0208623850
1.0108505376
0.9819331567
0.9870319139
1.0272266898
1.0207792436
1.0129409139
1.0331447839
1.0144522859
0.9958095653
0.9922227088
1.0049971324
1.0223841478
