#flux
0.9886277467
0.9813348589
0.9761007167
0.9703237498
0.9842340450
0.9895615463
0.9851618193
0.9844659255
0.9877727227
0.9913026359
0.9941774670
0.9940891268
0.9893422561
0.9862452864
0.9882409251
0.9850743544
0.9909751652
0.9925255504
0.9844457554
0.9756939402
0.9734770961
0.9748211698
0.9641989805
0.9484369165
0.9411918403
0.9244978098
0.9045962746
0.9030599055
0.9183691298
0.9339251532
0.9481444552
0.9666481972
0.9838500007
0.9959802365
0.9971874952
0.9978090171
0.9907677488
0.9834456132
0.9883420152
0.9975126670
0.9972705660
0.9948407214
0.9889527644
0.9906213337
0.9897520569
0.9833570817
0.9825955885
0.9838276265
0.9794690982
0.9788574087
0.9863889280
0.9994542794
1.0139383308
1.0042879993
0.9891220554
0.9836709814
0.9846057791
0.9817117454
0.9802873548
0.9851975462
0.9831955202
0.9924899016
0.9873225900
0.9796548430
0.9817506597
0.9842641541
0.9695625737
0.9351023770
0.8947012925
0.8619930519
0.8454001386
0.8516539102
0.8805961329
0.9186562250
0.9472560839
0.9703594409
0.9823157795
0.9750625494
0.9588431686
0.9593581456
0.9724222211
0.9627953265
0.9586523885
0.9656165804
0.9657283878
0.9621557414
0.9554557059
0.9434293807
0.9308062705
0.9178167220
0.9007178578
0.8847409191
0.8841437630
0.9069735074
0.9327282813
0.9431540488
0.9497504048
0.9447906003
0.9080401977
0.8542168752
0.8172747675
0.8032002125
0.8162780125
0.8676569631
0.9109944736
0.9365309130
0.9538830517
0.9676265161
0.9766371035
0.9751195699
0.9620172463
0.9448406301
0.9341939700
0.9368681628
0.9407834397
0.9469448562
0.9514847569
0.9555033407
0.9682335189
0.9805803479
0.9737083375
0.9769271731
0.9933734891
0.9965920405
0.9817537174
0.9741114254
0.9743253504
0.9765531361
0.9788890755
0.9759261998
0.9704135300
0.9617936006
0.9482623024
0.9499537113
0.9533717566
0.9571509881
0.9573417843
0.9549630432
0.9598198194
0.9666278397
0.9577983853
0.9489614069
0.9576293645
0.9551392321
0.9577121284
0.9530056616
0.9466683635
0.9466538342
0.9512066141
0.9563152876
0.9550555427
0.9448430837
0.9410975948
0.9546748321
0.9634247241
0.9578843593
0.9356004389
0.9002477196
0.8735836191
0.8669912760
0.8681078326
0.8773767717
0.9052501620
0.9232649636
0.9354741876
0.9387344818
0.9471288021
0.9623676071
0.9697579298
0.9606190313
0.9466131158
0.9444955535
0.9449983508
0.9294545135
0.9131269957
0.8992308655
0.8959754728
0.8753184551
0.8630924731
0.8831259775
0.9025960845
0.9044862348
0.9059622374
0.9110494632
0.9247463936
0.9433873004
0.9411607098
0.9229056641
0.9150979397
0.9218561688
0.9283541623
0.9265257239
0.9168598669
0.9016503630
0.8855544499
0.8763643471
0.8752184008
0.8486340152
0.8251345833
0.7886164766
0.7425009108
0.6985307963
0.6382285167
0.5618892639
0.4956774667
0.4291634699
0.3663323541
0.3215499629
0.2863035101
0.2509894318
0.2247271089
0.2132302281
0.2070226280
0.1995263200
0.1940050129
0.1958606976
0.2037710713
0.2097776064
0.2229035140
0.2479140090
0.2855828960
0.3361879309
0.3903891345
0.4462048199
0.5105647479
0.5846880109
0.6596474653
0.7261172029
0.7750260386
0.8051268534
0.8218003791
0.8374425900
0.8590659256
0.8741482724
0.8827705435
0.8932625839
0.8955219327
0.8944581129
0.9171121642
0.9228937642
0.9176004760
0.9097994916
0.9150595105
0.9286902313
0.9425460620
0.9399262588
0.9408114834
0.9596740096
0.9727894216
0.9642551076
0.9428556322
0.9306136755
0.9357662651
0.9380228109
0.9362621360
0.9293098280
0.9258563250
0.9213045784
0.9205502154
0.9235566193
0.9250712988
0.9379542984
0.9433424604
0.9459094662
0.9510244618
0.9579907181
0.9616553294
0.9675868826
0.9750772296
0.9776811374
0.9740431459
0.9681026670
0.9662039564
0.9695223573
0.9690357951
0.9657120118
0.9687381782
0.9737412052
0.9715310386
0.9696309998
0.9739453827
0.9728655189
0.9665127595
0.9631144891
0.9583204810
0.9547320440
0.9583092535
0.9681549995
0.9745822941
0.9736220052
0.9719601568
0.9718256789
0.9735573018
0.9812541151
0.9807688417
0.9631662563
0.9545173179
0.9667133449
0.9845396054
0.9814331560
0.9778531679
0.9864343686
0.9844818134
0.9823447071
0.9864539897
0.9950384699
1.0000124796
0.9948853853
0.9904319449
0.9906283695
0.9861371933
0.9818924262
0.9820261962
0.9751189874
0.9676727029
0.9504644502
0.9243673507
0.8938687084
0.8582296375
0.8147973939
0.7765949747
0.7834148655
0.8327631763
0.8855352764
0.9250128621
0.9552433682
0.9696223054
0.9785851121
0.9863586783
0.9861225517
0.9815917503
0.9831472760
0.9888747150
0.9930526087
0.9950715149
0.9870925778
0.9894195802
0.9859458906
0.9679757407
0.9608843782
0.9613665096
0.9583379966
0.9574468771
0.9614189350
0.9609671398
0.9560257307
0.9619451506
0.9726904299
0.9755050045
0.9702183868
0.9657699309
0.9603201740
0.9529636869
0.9570249031
0.9686711411
0.9758443175
0.9754251271
0.9716131015
0.9727581325
0.9726841633
0.9743409264
0.9744644531
0.9738954583
0.9810744757
0.9880334465
0.9757743825
0.9660898454
0.9705338111
0.9735649090
0.9706550818
0.9681196655
0.9685113796
0.9682016373
0.9656596367
0.9651171737
0.9509263875
0.9224325618
0.8732341043
0.8218653292
0.7822111740
0.7659022614
0.7874931876
0.8430515499
0.9089726442
0.9568835473
0.9730564988
0.9868404102
0.9989469525
1.0018150075
0.9991500682
0.9956851103
0.9868139762
0.9742773492
0.9703315996
0.9721267842
0.9775759759
0.9955567971
1.0001457514
0.9831778962
0.9621056047
0.9549963714
0.9068815067
0.8465206157
0.8159114862
0.8141437097
0.8356725798
0.8770424125
0.9252596942
0.9588890988
0.9669849899
0.9672868256
0.9684504514
0.9652038769
0.9479722999
0.8869387648
0.8062825107
0.7573065950
0.7470040821
0.7679828373
0.8188304541
0.8804766509
0.9330773286
0.9645173359
0.9682310421
0.9820224102
0.9834113055
0.9923506713
0.9965832105
0.9960645545
0.9950557639
0.9877905842
0.9844407478
0.9909681259
0.9907520769
0.9854370222
0.9811459862
0.9749922544
0.9861134145
0.9913089125
0.9787491243
0.9769254726
0.9596116523
0.9613510436
0.9789527027
1.0018145311
1.0139458454
1.0027560419
0.9804012166
0.9728197087
0.9815409823
0.9860972141
0.9867117415
0.9917925959
0.9912710253
0.9849143294
0.9829339510
0.9905408587
0.9863690762
1.0004654699
0.9977076646
0.9908389153
0.9866619903
0.9768346203
0.9749720451
0.9831194612
0.9926471592
0.9941990819
0.9888007657
0.9842982647
0.9775999484
0.9737276656
0.9790065125
0.9828271501
0.9832228591
0.9914176902
0.9941319363
0.9883958797
0.9929248567
1.0034401991
0.9969299172
0.9793223382
0.9714956863
0.9838106566
0.9897441784
0.9856569122
0.9714249727
0.9688356978
0.9757140747
0.9891836384
0.9958934783
0.9886459230
0.9797987845
0.9802298065
0.9903144382
1.0032524121
1.0074543231
1.0134949484
1.0017655985
0.9952422817
0.9833283373
0.9764686860
0.9734328412
0.9651007968
0.9631141075
0.9697924335
0.9774071954
0.9796813609
0.9817354874
0.9897195878
0.9901750781
0.9808428813
0.9734064570
0.9703533026
0.9668731032
0.9588811993
0.9494078379
0.9497507641
0.9351085417
0.9031688458
0.8731374702
0.8521641287
0.8577797267
0.8915601455
0.9324124973
0.9734968433
0.9810346132
0.9629011607
0.9518658539
0.9598434303
0.9797015106
0.9866323744
0.9810209122
0.9817359090
0.9830499623
0.9757443341
0.9695919960
0.9781118487
0.9891030919
0.9847015449
0.9799510179
0.9816511822
0.9799745849
0.9858241409
0.9803371317
0.9863582276
0.9966660619
0.9961119812
0.9833583485
0.9728850177
0.9776082868
0.9915511466
1.0029433498
1.0055414067
0.9972678524
0.9857776685
0.9788529951
0.9707737968
0.9779251502
0.9869928835
0.9864808852
0.9711791795
0.9651159790
0.9600115379
0.9619871254
0.9766693958
0.9859494851
0.9830914966
0.9805275532
0.9848490993
0.9892427762
0.9882862995
0.9844623434
0.9821177225
0.9833552948
0.9860034789
0.9855927854
0.9855991487
0.9870346896
0.9856355119
0.9796362877
0.9817484627
0.9861969375
0.9856136986
0.9875820787
0.9929088038
0.9950549158
0.9919358352
0.9881445965
0.9904488805
0.9936693447
0.9871651111
0.9768466716
0.9778510187
0.9859354653
0.9865441972
0.9862991013
0.9925139969
0.9901015421
0.9771089126
0.9713113101
0.9661403203
0.9421620168
0.9058549064
0.8652018568
0.8197831526
0.7895563120
0.8012300446
0.8500309052
0.9122724192
0.9621053520
0.9805141891
0.9788226985
0.9806811508
0.9859209636
0.9857432902
0.9856614523
0.9883227793
0.9920262138
0.9895952511
0.9846100774
0.9882207836
0.9882124630
0.9788220011
0.9819455196
0.9862996390
0.9749247264
0.9783434737
0.9892161018
0.9858393118
0.9797282877
0.9847794868
0.9899541286
0.9844030436
0.9782867804
0.9849821519
0.9980223100
0.9973668416
0.9832069648
0.9717764198
0.9703563471
0.9837162636
0.9969275351
1.0018582899
0.9974106713
0.9881497549
0.9904398651
0.9909323339
0.9829173327
0.9800746122
0.9804439041
0.9782607813
0.9738408010
0.9711218712
0.9745630644
0.9793195770
0.9755376235
0.9697342764
0.9746056116
0.9811471607
0.9827346428
0.9862571834
0.9840355463
0.9776270734
0.9834254030
0.9878045028
0.9914273641
0.9896924392
0.9934890847
0.9919922467
0.9867129495
0.9834803363
0.9810642996
0.9832615856
0.9885638581
0.9839372867
0.9772743352
0.9899316785
1.0030488622
0.9955023144
0.9955669472
1.0033766942
1.0053346795
0.9979602569
0.9893916984
0.9810665565
0.9786859090
0.9737420104
0.9761221739
0.9790827842
0.9731340064
0.9664377828
0.9720735136
0.9849950664
0.9939111327
1.0005059998
1.0036051821
0.9956329641
0.9873550773
0.9844252109
0.9885539292
0.9817102048
0.9759847461
0.9733583372
0.9755563116
0.9722008201
0.9683708552
0.9604116531
0.9459470527
0.9231710390
0.9113472258
0.9094709389
0.8920262793
0.8441841397
0.7706453795
0.6905509181
0.6396682107
0.6497297055
0.7211143061
0.8215589200
0.8933561000
0.9537276745
0.9886431097
0.9835875749
0.9832415903
0.9845577418
0.9731495485
0.9600253711
0.9327114735
0.8754339531
0.7901321344
0.7214826830
0.6980438338
0.7168047900
0.7697031863
0.8374040188
0.8944275924
0.9348308624
0.9648169197
0.9824541672
0.9806501030
0.9764634674
0.9745339438
0.9759243933
0.9795917059
0.9695381718
0.9766987841
0.9864150446
0.9859163097
0.9799578075
0.9779195787
0.9765549437
0.9750643182
0.9758066126
0.9827358920
0.9939612771
0.9956455177
0.9925726661
0.9938677448
0.9920815515
0.9942957190
0.9979781577
0.9922789915
0.9915448142
0.9782548994
0.9616189500
0.9622453111
0.9612112951
0.9687816262
0.9785392340
0.9859508257
0.9945193617
0.9964179933
0.9926517978
0.9921357886
0.9919029113
0.9932741403
0.9992767285
0.9977556056
0.9953319456
1.0007894656
0.9959653319
0.9871179087
0.9932155623
0.9962692664
0.9988500813
0.9922311387
0.9844858803
0.9722401554
0.9643646877
0.9597056185
0.9411818033
0.9109635334
0.8835148620
0.8782462435
0.9054803795
0.9452749021
0.9801453532
0.9999995234
1.0055476382
1.0038390676
0.9985939953
0.9970759820
1.0060241432
1.0078546102
1.0026519836
0.9957256254
0.9783602122
0.9629960071
0.9517808437
0.9463394767
0.9446823930
0.9398587643
0.9451768729
0.9639798934
0.9704885720
0.9543834940
0.9232512271
0.8904613754
0.8758982982
0.8814393652
0.9052373798
0.9289710016
0.9685222422
0.9953622448
1.0008980801
1.0037625061
1.0116872204
1.0104286988
1.0032900633
1.0017298186
0.9984208081
0.9890356033
0.9884385251
1.0027873787
1.0087083480
0.9954556959
0.9936335016
1.0053614890
1.0027201279
0.9813776902
1.0020836198
1.0025010844
0.9951998982
0.9936810370
0.9973196038
0.9999352485
1.0033477843
0.9990893456
0.9934186649
0.9935855483
0.9927993658
0.9917560628
0.9936128799
0.9989216063
1.0024096005
0.9953402535
0.9891663430
0.9928687441
0.9938039205
0.9929527108
0.9883790768
0.9927061170
0.9925069193
0.9937875630
0.9998185139
1.0028221217
0.9970343424
0.9943335177
0.9946731555
0.9897412445
0.9963121528
1.0047701915
1.0035143656
1.0024821237
1.0055187215
1.0035899866
0.9907571271
0.9813272970
0.9802761115
0.9830675980
0.9827446575
0.9783640466
0.9747529794
0.9738349524
0.9705034528
0.9677236291
0.9752217209
0.9800407164
0.9726278862
0.9705175762
0.9735681092
0.9764192470
0.9872904953
1.0007308991
1.0005896629
0.9976361201
1.0060453958
1.0076740591
1.0073600781
1.0051540359
1.0005306977
1.0038772753
0.9961129956
0.9842768564
0.9772829072
0.9649793130
0.9341013979
0.8909302279
0.8610142428
0.8377378024
0.8268986264
0.8452825284
0.8906245034
0.9427158728
0.9830782074
1.0034657519
1.0040235063
0.9939852540
0.9874799068
0.9838397509
0.9784169440
0.9841396464
0.9906657428
0.9873273116
0.9946730036
0.9996427004
0.9967160210
0.9924507804
0.9843076172
0.9649649089
0.9579237468
0.9668284549
0.9656958813
0.9559161422
0.9570463227
0.9748560728
1.0042360299
1.0050077293
0.9797219612
0.9851874261
1.0024770412
1.0016830404
0.9902355631
0.9748106612
0.9780349162
0.9846484314
0.9746034680
0.9561021760
0.9420484473
0.9294973954
0.9265082273
0.9392996816
0.9534578972
0.9572637379
0.9623082964
0.9777971410
0.9873142903
0.9808376787
0.9794456130
0.9852911618
0.9910098230
0.9829043745
0.9781202479
0.9724312929
0.9573098541
0.9253546918
0.8919816314
0.8834501241
0.8930319912
0.9066627593
0.9418380242
0.9770689779
0.9907108660
0.9938201457
0.9989751432
1.0059078860
1.0053773402
0.9938816197
0.9869800316
0.9882626942
0.9829814485
0.9579036639
0.9007682388
0.8250725130
0.7641488811
0.7451377799
0.7681999955
0.8207671711
0.8834466166
0.9349065914
0.9606609264
0.9566033512
0.9312798786
0.9033509160
0.8901124705
0.8993189389
0.9282435320
0.9616254843
0.9816583988
0.9880236808
0.9911826121
0.9988070702
1.0034951467
1.0092374769
1.0064091761
1.0021425310
0.9934173861
0.9883555782
0.9943788553
0.9927076504
0.9916670084
0.9936398942
0.9970476474
0.9943204911
0.9822954084
0.9789316147
0.9931276430
1.0056329219
0.9986158292
0.9898977722
0.9810646082
0.9789686787
0.9834855119
0.9899009933
0.9951631408
0.9944585528
1.0035251727
1.0032016651
1.0014199696
0.9989135168
1.0036845389
1.0044705497
0.9949884677
0.9894096880
0.9921667082
0.9935281189
0.9930520719
0.9915776571
0.9838635761
0.9789122259
0.9878841846
0.9964756141
0.9806749591
0.9742608151
0.9860668284
0.9971987356
1.0079578001
1.0026774849
0.9939220620
0.9977321917
1.0021928816
0.9986450611
0.9885117863
0.9766555356
0.9720003773
0.9747021675
0.9737494627
0.9669118918
0.9562379993
0.9564885091
0.9532379553
0.9355058181
0.9186769594
0.9007897699
0.9162725792
0.9389487814
0.9503605954
0.9681551900
0.9883441103
0.9925402077
0.9916000514
0.9904168264
0.9918423771
0.9973135419
1.0020334627
1.0027892599
1.0027229034
1.0093933800
1.0190495541
1.0203713436
1.0185216226
1.0115297734
1.0075454075
1.0107708408
1.0094545360
0.9995522753
1.0011104311
0.9939214449
0.9829954410
0.9814729397
0.9863286457
0.9827705066
0.9808624023
0.9934481115
1.0034067570
1.0030551210
1.0086066563
1.0123584895
1.0092646435
1.0024759218
0.9993596880
1.0051191537
1.0097935725
1.0042266286
0.9863081867
0.9851491210
0.9890564574
0.9981060469
1.0033180677
1.0056162067
1.0040253872
1.0000167755
0.9913638020
0.9754606708
0.9671460269
0.9748522764
0.9811919023
0.9837928464
0.9924868438
0.9968472978
0.9976690642
1.0069869538
1.0145149639
1.0071681934
0.9953756422
0.9865061520
0.9762231560
0.9703472126
0.9746519832
0.9826403052
0.9952564667
1.0010700774
0.9988886823
1.0013540430
1.0038244567
0.9941954619
0.9805830086
0.9755189374
0.9829310409
0.9979428356
1.0129339976
1.0091221945
0.9887708550
0.9850952886
0.9939672260
1.0058831272
1.0117136151
1.0022080980
0.9905590674
0.9973838308
1.0062522769
1.0016071311
0.9947998338
0.9956295216
0.9999786564
0.9992244381
0.9890965597
0.9797174109
0.9823497510
0.9925550067
1.0068588275
1.0148075779
0.9990987196
0.9944512136
1.0059269296
1.0019820718
0.9952423874
0.9919484821
0.9895793242
0.9948219993
0.9955761503
0.9934047768
0.9947377409
1.0024331070
1.0043420497
0.9931140543
0.9885471601
0.9937627877
0.9879786068
0.9942666393
1.0109745837
1.0073380272
1.0094927649
0.9964391280
0.9940426266
0.9824009185
0.9811172517
0.9852932939
0.9816421933
0.9855963909
0.9897195187
0.9921569204
1.0014495410
1.0098030840
1.0058139272
0.9913522011
0.9809520495
0.9899720230
1.0048876925
1.0127104457
1.0161546326
1.0084790052
1.0109283225
1.0128372386
1.0106511559
1.0147800941
1.0064133958
1.0021837663
1.0060914498
1.0040402447
0.9964895799
0.9980688404
1.0010503985
0.9987109643
0.9972793367
1.0005498868
1.0059718910
1.0071473422
1.0021897389
0.9973280537
0.9976169765
0.9910021311
0.9984619407
0.9924182424
1.0009908938
1.0035813220
0.9989479123
0.9916336434
0.9790652452
0.9679146239
0.9726431904
0.9846895311
0.9968261624
1.0048558381
1.0052050019
1.0009302198
0.9963598824
0.9946065137
0.9974899055
0.9958844625
0.9954207327
1.0039687425
0.9977849745
0.9995497353
0.9982439847
0.9719758535
0.9522593282
0.9323027047
0.8988109615
0.8615999152
0.8399717572
0.8507758985
0.8909758226
0.9420752522
0.9725038029
0.9844256455
0.9980505661
0.9974759874
0.9949266882
1.0041178250
0.9995996164
0.9919478196
1.0039908782
0.9983456429
1.0074610559
1.0126401391
1.0131144193
1.0069293800
1.0051450709
0.9971220547
0.9894102542
0.9992378818
1.0071681630
1.0099888352
1.0170327624
1.0214887628
1.0143260359
0.9993748489
0.9979164748
1.0114006759
1.0111030280
0.9984462043
1.0069333049
1.0043347648
0.9973339466
0.9874330659
0.9972582867
1.0097414494
0.9978912030
0.9720036572
0.9503114531
0.9285231118
0.9122773224
0.9102507815
0.9268529890
0.9513868242
0.9714980405
0.9902853303
0.9978401195
0.9927137526
0.9828045555
0.9720561949
0.9812728964
0.9944755776
1.0000255702
1.0073758669
1.0135421117
1.0146857521
1.0079408124
0.9941361179
0.9939751115
1.0048490390
1.0145479511
1.0143619622
1.0042230073
0.9947135858
0.9923270976
0.9914533333
0.9905301167
0.9930541648
0.9961499536
1.0006456371
1.0090311148
1.0101619622
1.0129440888
1.0187966951
1.0158795901
1.0045190544
0.9952962082
0.9898543381
0.9853889228
0.9742215507
0.9516838025
0.9398247575
0.9430736574
0.9524457278
0.9718531242
0.9941767581
1.0066549483
1.0066217816
1.0013591521
1.0062592396
1.0090985555
1.0102316980
1.0044156284
0.9988713127
0.9961570791
0.9942335450
0.9982751717
0.9994046919
0.9831980886
0.9688952788
0.9710445198
0.9746757365
0.9762994944
0.9855308452
0.9965378140
1.0007307024
0.9990232987
0.9927442860
0.9952115260
0.9979297610
0.9832914276
0.9599200099
0.9710561575
0.9676119149
0.9744641328
0.9924801922
0.9997992460
0.9929907311
0.9813771308
0.9718590476
0.9660736722
0.9572732734
0.9462109703
0.9427241969
0.9506556645
0.9684347615
0.9914372886
1.0066622363
1.0140347798
1.0175614783
1.0208295853
1.0196319225
1.0106039631
1.0009701681
0.9945994552
0.9786421478
0.9538369225
0.9313703657
0.9271548469
0.9329208852
0.9218404409
0.8979554916
0.8626434110
0.8257487194
0.8189021023
0.8433698517
0.8753058879
0.9032065700
0.9076615035
0.9010263259
0.8846302910
0.9022548153
0.9312692271
0.9522618888
0.9715508632
0.9928486037
0.9977450291
1.0066651045
1.0166818667
1.0172854599
1.0118549487
1.0131596717
1.0144152440
1.0000510232
0.9726748271
0.9462368506
0.9324519396
0.9415998736
0.9701074004
0.9846339125
0.9907311042
1.0080890396
1.0009082164
0.9884470810
0.9801615850
0.9732703449
0.9762015998
0.9824952652
0.9848842643
0.9862708182
0.9965210578
1.0108121916
1.0134868770
1.0038979264
0.9985223628
1.0026021389
1.0038404024
1.0044244500
1.0136847718
1.0053521028
1.0037249915
1.0087693610
1.0012752443
1.0030688285
1.0021430050
1.0065817880
1.0046469175
0.9953314896
1.0041023119
1.0108913170
1.0089283283
0.9977518375
0.9907650964
0.9914944518
0.9957419227
1.0009000467
0.9925482779
0.9856082516
0.9883934358
0.9924954467
0.9942586109
0.9996458703
0.9947467266
0.9944063747
1.0024408207
1.0034515744
1.0052524255
1.0085703746
1.0181616383
1.0188341671
1.0045891203
0.9974443748
1.0051701118
1.0075419243
1.0012201479
1.0002102750
1.0018983183
1.0030071302
0.9975350978
1.0031304356
0.9991115515
1.0001470147
0.9855224571
0.9761398872
0.9938145185
1.0207886881
1.0202897473
0.9975962684
0.9801578834
0.9738697224
0.9595311334
0.9397126838
0.9276982525
0.9220235666
0.9175154795
0.9220657116
0.9398319628
0.9581172418
0.9815871494
1.0054773638
1.0149883197
1.0034016380
0.9949554880
1.0090457920
1.0164374570
1.0050549649
0.9997916981
1.0084828400
1.0211722435
1.0312560817
1.0225107829
1.0060323967
0.9914667089
0.9906241561
1.0026083669
1.0100380281
1.0104381712
1.0016026941
1.0022863382
0.9984806427
1.0014906772
1.0041096855
1.0044491484
1.0053589116
0.9975791527
0.9882543020
0.9883608747
0.9947142000
1.0008695346
1.0070636145
1.0104691003
1.0133033802
1.0143706238
1.0148884409
1.0154368115
1.0137769118
1.0139815198
1.0115010865
0.9997066956
1.0010627842
0.9993788908
0.9925082231
0.9837578941
0.9921625047
0.9971277184
1.0019447113
1.0075225829
1.0054242389
0.9974544659
0.9964325688
1.0020224614
1.0033152752
0.9925301837
0.9750016308
0.9411333268
0.8676538641
0.7673874786
0.6829386282
0.6427693375
0.6648222755
0.7476996348
0.8509439532
0.9275416122
0.9658253473
0.9930816956
0.9905623263
0.9982816781
1.0013573370
1.0108276368
1.0132828633
1.0073842062
1.0030967323
1.0029179972
1.0060380934
1.0100197328
1.0049543785
0.9900854039
0.9822033714
0.9799931318
0.9732066550
0.9671973019
0.9693272934
0.9679665021
0.9456763273
0.9449786265
0.9566480566
0.9658433554
0.9739156164
0.9782900365
0.9936393308
1.0022251459
1.0026723220
1.0147657975
1.0214722470
1.0205747970
1.0288541376
1.0388199234
1.0608775572
1.0748774913
1.0747603309
1.0641248493
1.0450692913
1.0195208605
1.0034948759
1.0040524501
1.0002573753
0.9996765628
0.9957668935
0.9936787832
0.9949860333
0.9879861686
0.9767183183
0.9666321999
0.9588956655
0.9571674607
0.9677033892
0.9847994633
0.9924095226
0.9960536169
0.9915312392
0.9947534240
1.0074077977
1.0223593499
1.0190747279
1.0128864134
1.0153447325
1.0183962066
1.0090616992
0.9935385204
0.9786101531
0.9640795458
0.9522122430
0.9417449900
0.9360267092
0.9433098091
0.9672631280
0.9956976430
1.0107529908
1.0201356669
1.0192807738
1.0151681801
1.0086419943
1.0191796385
1.0170588613
1.0070060308
1.0109551571
1.0014374107
0.9842298571
0.9776583164
0.9825355648
0.9952011604
1.0080905649
1.0145698178
1.0192883047
1.0248373348
1.0179396600
1.0059117234
1.0132705464
1.0130083353
1.0071190396
1.0121980773
1.0096473190
1.0174234676
1.0182678820
1.0040617406
1.0120574770
1.0162228920
1.0165459670
1.0165090587
1.0147794414
1.0117311758
1.0088332797
1.0107911050
1.0114803226
1.0101756837
1.0110171357
1.0069699132
1.0056192257
1.0207548788
1.0235804981
1.0179802976
1.0055867367
0.9956842381
0.9939197871
0.9963491159
1.0114343827
1.0161231452
1.0190276287
1.0183645273
1.0127768926
1.0058235658
1.0127464833
1.0296399959
1.0341762155
1.0273921629
1.0270004617
1.0227595571
1.0071796071
1.0104076651
1.0110074979
1.0009453697
0.9930483224
0.9922995258
0.9880820656
0.9840813453
0.9877729773
1.0068516844
1.0232072870
1.0139425652
1.0143837660
1.0140208422
1.0041592953
0.9999212843
0.9983011981
1.0027323639
1.0152729943
1.0164222233
1.0064377694
0.9971135411
0.9963388394
0.9987199587
1.0087839925
1.0159941252
1.0222738869
1.0168360875
1.0095022020
0.9877066724
0.9787640917
0.9770072530
0.9812555095
0.9843927355
0.9937505408
1.0097679578
1.0146692122
1.0104773405
1.0095892451
1.0120274484
1.0135465350
1.0034524685
1.0011501866
1.0023032379
1.0070848766
1.0097005934
1.0133243063
1.0133018575
1.0161023100
1.0150909057
1.0074794314
1.0047601260
1.0139957014
1.0176309698
1.0080198100
1.0038226193
1.0047958758
1.0031406269
1.0064660205
1.0122456057
1.0075730333
1.0051567859
1.0225601168
1.0332078358
1.0204154795
1.0050774286
0.9990679947
0.9939571523
1.0082643005
1.0125131312
0.9995319203
0.9863773535
0.9933002299
1.0047509065
1.0164801562
1.0195172993
1.0048126568
0.9900672250
0.9965143239
1.0082608270
0.9999630637
0.9813075841
0.9662672036
0.9703152703
0.9876708564
1.0009403813
0.9947885725
0.9941561181
1.0073159479
1.0190126098
1.0102631819
1.0064688057
1.0125986612
1.0182371950
1.0040227791
1.0033387325
1.0114911703
1.0112718555
1.0074683820
1.0072898696
1.0137031469
1.0076184887
1.0001213233
1.0050646012
1.0075884946
1.0061563124
1.0173688547
1.0088897490
1.0151655610
1.0136131683
1.0118062401
1.0097742612
1.0128697851
1.0128791190
1.0032192058
0.9992291763
1.0064492311
1.0157710323
1.0171682206
1.0134635035
1.0113758809
1.0013628611
0.9929073236
0.9974449077
1.0017823571
0.9971688943
1.0040792937
0.9925588399
0.9947035146
1.0064845446
1.0010401122
0.9849554880
0.9838134469
0.9991855333
0.9955277754
0.9910376070
0.9991878821
0.9982419664
0.9946655506
1.0057366173
1.0141088353
1.0120615477
1.0061378884
1.0048812640
0.9900489449
1.0015021966
1.0092762699
1.0046326041
1.0076922229
1.0130416337
1.0022590678
0.9876692658
0.9727405137
0.9635823706
0.9654784700
0.9756137709
0.9867760723
0.9903828052
0.9931350920
1.0058589959
1.0170812318
1.0149599413
1.0096669107
1.0089604536
1.0010142625
0.9962894169
1.0106012042
1.0120502637
1.0073648560
1.0020330376
1.0034212103
1.0054659228
1.0064186217
1.0038336230
0.9963116270
0.9953273040
1.0087718800
1.0112561674
0.9989051490
0.9997121262
1.0082448984
1.0040861110
0.9964622761
0.9907079963
0.9808703190
0.9629837498
0.9318875284
0.8914982563
0.8376965107
0.7808267175
0.7267282495
0.6990851294
0.7177832105
0.7779451136
0.8621470795
0.9369839682
0.9761267092
0.9909619608
0.9979411033
1.0081111004
1.0219921154
1.0135995625
0.9968971842
0.9971738023
1.0035707252
1.0033729024
1.0028557526
1.0056782842
1.0112400724
1.0118146564
1.0116091820
1.0060671662
0.9981504909
1.0017348673
1.0056572565
1.0032796831
0.9980262519
0.9867224249
0.9797771720
0.9863581966
0.9937806734
0.9938494445
0.9856376774
0.9847273657
0.9690524974
0.9782808174
0.9834693840
0.9923438985
0.9970492184
1.0042816861
1.0061399582
0.9982396650
0.9822290808
0.9774480957
0.9896808879
1.0012997860
1.0035835543
0.9995803236
0.9917426047
0.9867667603
0.9916172193
0.9995665232
0.9992038147
0.9867367200
0.9789540378
0.9874512325
0.9832541927
0.9890452422
0.9940388277
0.9968944053
0.9856557828
0.9872557669
0.9917057131
0.9929353434
0.9937814166
0.9880640170
0.9708572071
0.9538558341
0.9456494979
0.9484723684
0.9618210357
0.9731257430
0.9725011908
0.9587659266
0.9652619955
0.9874465604
1.0045369436
1.0019023830
0.9880722090
0.9974327325
1.0068088301
0.9964708042
0.9839297678
0.9679915733
0.9646817186
0.9645510682
0.9695178951
0.9856907260
0.9951906448
0.9910921788
0.9868089152
0.9845202472
0.9881658888
0.9891590953
0.9822904831
0.9826304033
0.9850757958
0.9872737639
0.9810588797
0.9810947854
0.9904275320
1.0084186744
1.0184895185
1.0259967954
1.0246779726
1.0129612353
1.0065322080
1.0074022045
1.0034619765
0.9927426166
0.9887782594
0.9953889664
0.9950371752
0.9934421661
0.9985697291
1.0121169789
1.0058420830
1.0027109118
1.0041436497
1.0008992292
1.0000230989
0.9998533764
0.9954238272
0.9960447727
1.0018470120
1.0009730505
0.9978704144
1.0006360313
1.0034044574
0.9993551861
0.9942822701
0.9952658521
0.9983383109
0.9977376762
0.9937946224
0.9981920586
1.0030151331
0.9887925114
0.9734613720
0.9776589340
0.9792124664
0.9726593766
0.9821948358
0.9917846179
0.9938056767
0.9881196734
0.9893577956
0.9984903248
1.0072453856
1.0063150630
0.9969453975
0.9929490995
0.9911503821
0.9908782702
0.9899432528
0.9905786161
0.9900327207
0.9887633263
1.0027112519
0.9937835241
1.0021000874
1.0105354144
1.0055001099
1.0054678124
1.0039188273
0.9938808533
0.9922833691
0.9958405742
0.9967874090
0.9954774304
0.9954244630
1.0076054613
1.0251511632
1.0247440797
1.0056504586
1.0031264374
1.0087260816
1.0065630146
0.9980877607
0.9756175907
0.9688874307
0.9839774608
1.0001173363
1.0031503188
0.9982229723
0.9937118376
0.9998006220
1.0069692788
1.0088667106
1.0100967577
1.0095532030
1.0084374922
1.0092411159
1.0031039292
1.0000223152
