#flux
0.9961589590
1.0237310426
1.0219073727
1.0141616037
0.9780659594
0.9377628499
0.9374180335
0.9726945096
1.0126884763
1.0353520458
1.0229672113
0.9943423516
1.0130769326
0.9939555664
0.9833374282
1.0115415479
1.0289808666
0.9964121258
0.9782037151
1.0018408108
0.9795440677
0.9624841781
0.9696038881
0.9595142710
0.9280607522
0.9044973476
0.8983614711
0.8934741750
0.8959344564
0.9162258259
0.9432555495
0.9781621846
0.9983509199
1.0102296126
1.0361111173
1.0318400573
0.9928117290
1.0384408796
1.0322657543
1.0237518681
1.0310302785
1.0227010086
1.0117565803
1.0012462419
0.9919410595
0.9941325803
1.0047814825
1.0058008547
1.0018798866
0.9958761954
0.9770708351
0.9716489257
0.9935243402
1.0173546965
1.0038650362
0.9773874304
1.0035394746
0.9792915207
1.0337622795
1.0108501690
1.0038885634
0.9800132370
0.9856906556
0.9997839425
0.9655246285
0.9314467551
0.9259599757
0.9293472806
0.9160471649
0.8627124650
0.8052360966
0.8193614077
0.8760526952
0.9156311926
0.9366053167
0.9756211968
1.0108743850
0.9979019341
0.9397276107
0.9708506317
0.9917531605
0.9824608818
0.9800689901
0.9945164696
1.0009979410
0.9970221968
1.0026662313
0.9842599308
0.9402390001
0.9151370561
0.9016545200
0.8834143390
0.8888645884
0.9141135116
0.9481189155
1.0060273192
0.9676519941
0.9384533008
0.8645093846
0.8053690272
0.7829898477
0.7761870833
0.7837303065
0.8336217601
0.9199616309
0.9642660132
0.9580842269
0.9431542765
0.9451455710
0.9603570077
0.9549689821
0.9218928572
0.9166580963
0.9373655256
0.9393738888
0.9601751081
0.9789384420
0.9690139569
0.9788789652
0.9915652275
1.0122790434
1.0053171590
0.9924872341
0.9970073476
0.9830462212
0.9713195907
0.9689205145
0.9863651191
0.9882256409
0.9549065041
0.9434100519
0.9714963812
0.9815486982
0.9579263126
0.9400276734
0.9314171133
0.9311537423
0.9087042350
0.8965682866
0.9127203754
0.9063966918
0.9219832085
0.9636369933
0.9859129257
0.9755218194
0.9673595151
0.9818601755
1.0100919118
1.0169227191
0.9914620572
0.9540123537
0.9348472426
0.9643920693
1.0094421612
1.0105684122
0.9736104361
0.9538626538
0.9447450667
0.9199959277
0.9018681644
0.9141045947
0.9148693436
0.9337608501
0.9622916957
0.9606366931
0.9614672804
0.9896027247
1.0087644008
0.9982690080
0.9741892347
0.9620564267
0.9615933692
0.9525974869
0.9520673731
0.9538951462
0.9530444467
0.9763905837
0.9446028171
0.9706178858
0.9494990886
0.9596632534
1.0045804171
1.0004465388
0.9699125711
0.9762822296
0.9956838466
0.9716828305
0.9749850834
0.9955382848
1.0021109317
1.0141271959
1.0351178080
1.0409141564
0.9895388745
0.9431755568
0.9411223235
0.9447083119
0.9326560053
0.8918573798
0.8797141686
0.8762880450
0.8539525958
0.8082781728
0.7714869907
0.7288649105
0.6829771455
0.6457652575
0.5922422155
0.5365665006
0.5089147607
0.4984535324
0.4864431120
0.4779674150
0.4735524191
0.4632914357
0.4620399458
0.4814495022
0.5025328127
0.5059754639
0.5270070327
0.5769654426
0.6156152857
0.6171639512
0.6493129210
0.6958836824
0.7278838540
0.7552295647
0.7970188048
0.8452195599
0.8736124301
0.8717622318
0.8673871120
0.8804615592
0.9065397658
0.9408291392
0.8938111626
0.8819243974
0.8810243059
0.8434641801
0.8249230205
0.8433553564
0.8642140452
0.8554221846
0.8245719671
0.8161436063
0.7837098872
0.7576432001
0.7779255369
0.8020234391
0.7820188541
0.7483241591
0.7438825005
0.7591380781
0.7738031092
0.7810504216
0.7729092441
0.7344563004
0.7413487628
0.7594565388
0.7577893002
0.7560491514
0.7799960715
0.8288278389
0.8669445593
0.8529015238
0.8579468858
0.9122402191
0.9554413584
0.9581612787
0.9520795069
0.9651697565
0.9882376340
0.9964710461
0.9838435913
0.9755246284
0.9802588393
0.9535132022
0.9655505512
0.9626494241
0.9411628949
0.9742427066
0.9692753875
0.9359939483
0.9396873918
0.9632713661
0.9594706486
0.9616015418
0.9703178246
0.9527602013
0.9765696035
1.0149872772
1.0040214788
0.9923955441
1.0045994692
1.0125636754
1.0151938460
1.0131886249
0.9787999157
0.9798780330
0.9976550453
1.0056720678
1.0141407687
1.0010120822
1.0129849069
1.0295656383
1.0128707905
0.9841588187
0.9796376430
0.9894664766
1.0142921214
1.0424318621
1.0515300634
1.0414777517
1.0136898677
0.9777289245
0.9628263249
0.9374475684
0.8915009030
0.8585535223
0.8429148703
0.8205651905
0.8366520222
0.8512647362
0.9072205807
0.9311044501
0.9574008151
0.9760645226
0.9919698131
1.0116688087
1.0141246243
0.9873850319
0.9621060184
0.9613097063
0.9585336297
0.9615844841
1.0129403858
1.0162847636
0.9820062724
0.9848486722
0.9734988924
0.9743878442
0.9886644935
0.9849992786
0.9600604436
0.9257413430
0.9180476993
0.9350024953
0.9693481800
0.9805381093
0.9836041399
0.9905339033
0.9721854197
0.9414555502
0.9395273983
0.9469488811
0.9406960638
0.9588144405
1.0035499380
0.9852900649
0.9283119310
0.9842994665
0.9889439599
1.0290723349
1.0278055780
0.9915522499
0.9698330943
0.9769854350
0.9865536468
0.9847804991
0.9993975818
1.0117634503
0.9908202606
0.9785953998
0.9977682504
1.0062537294
0.9978692880
0.9480838416
0.8712849515
0.7983519612
0.7507224651
0.7395604980
0.7651616454
0.8120486856
0.8556783602
0.9043131917
0.9526798264
1.0065916500
1.0134986547
1.0074907596
1.0184939800
1.0409322499
1.0351819494
0.9900315347
0.9695737489
0.9869486878
0.9860584662
1.0183282305
1.0499168635
1.0528781642
0.9858094847
0.9692893744
0.9181227401
0.8406050212
0.7984980679
0.8060932265
0.8494100280
0.9055089818
0.9401883354
0.9401664107
0.9619366719
0.9873484210
1.0100288365
0.9974656228
0.9283081825
0.8537123094
0.7773184585
0.7043504387
0.6611320942
0.6818171764
0.7412100776
0.7752656407
0.8799977735
0.9601960838
0.9863043424
1.0357263681
1.0590823745
1.0384733787
1.0009379265
0.9996101826
1.0112075159
1.0010113374
0.9902182226
0.9949940822
0.9922553809
0.9857671253
0.9944055955
0.9820153311
0.9468522408
0.9206784625
0.9058574960
0.8880715689
0.8782722913
0.9192016920
0.9309523683
0.9179954419
0.9345621474
0.9552538183
0.9945708225
0.9561797549
0.9390680663
0.9583418638
0.9835344492
0.9740118267
0.9523001478
0.9550046622
0.9323867293
0.9113758967
0.9380677884
0.9789057957
0.9918580858
0.9880468549
0.9606631619
0.9800591804
0.9687761376
1.0339844166
1.0230250279
1.0312638059
1.0069438975
1.0116484633
1.0044152192
0.9904892783
1.0033216868
1.0166495534
1.0347526851
1.0666178586
1.0686759322
1.0548097511
1.0445308405
1.0263592547
1.0366840016
0.9989147516
1.0047878503
0.9893634367
0.9883475298
1.0035706911
1.0111044634
0.9883225562
0.9614666838
1.0018595121
1.0059653196
0.9830826724
0.9666015091
0.9791571529
0.9848195446
0.9623661205
0.9808492010
1.0275923714
1.0128519669
0.9741834571
0.9848388827
0.9989577579
0.9758248055
0.9776980646
0.9599262322
0.9815595927
1.0019370829
1.0362443619
1.0336380948
0.9969806017
1.0005526682
1.0027361575
0.9994891022
0.9905477090
0.9602438063
0.9287022439
0.9147739689
0.9064320535
0.8806365414
0.8166850959
0.7922619258
0.8307262576
0.7977106051
0.8293147500
0.9239654543
0.9524765008
0.9673462932
0.9771601211
0.9956852016
1.0110460968
1.0176753150
1.0183175149
1.0016691449
1.0039356399
1.0072249547
0.9908260077
0.9913647652
1.0038479547
1.0108893442
1.0046740365
0.9862647251
1.0116158540
1.0080975553
0.9967784740
0.9860662978
0.9672308278
0.9555117743
0.9406059998
0.9459901193
0.9491428735
0.9382132666
0.9766652488
0.9843495672
0.9809563247
1.0105295773
1.0074178790
0.9588694361
0.9374299219
0.9483819577
0.9611436553
0.9640721707
0.9648586888
0.9580444659
0.9332162295
0.9554161555
0.9918164070
0.9678908808
0.9702407156
0.9940454146
1.0029421161
0.9991253517
0.9972684497
0.9975347414
0.9919455464
0.9845828314
0.9752738776
0.9646738892
0.9732577196
1.0003758973
1.0163329356
1.0358276064
1.0425975416
1.0290812413
1.0022470705
1.0130154054
1.0375943167
1.0514833911
1.0042873317
0.9802082881
0.9961935765
0.9913034716
0.9623407098
0.9438954079
0.9528285620
0.9796153854
0.9788745182
0.9660011955
0.9807236812
0.9944243391
1.0115878627
0.9944292550
1.0105891466
0.9823720174
0.9553230970
0.8822729188
0.8186298229
0.7998863362
0.8227886588
0.8831476162
0.9377195550
0.9627459354
0.9864761002
0.9879492289
0.9989430613
0.9915217360
0.9822581821
0.9928332976
0.9998041284
1.0085448364
0.9918047402
1.0031248406
1.0219140844
1.0129653845
1.0211820651
1.0247415163
1.0204105541
1.0362350903
1.0345809442
1.0237822082
1.0132359706
1.0389393180
1.0332854152
1.0252147089
1.0200587621
0.9914619238
0.9842844019
1.0055125262
1.0084436755
1.0061160317
1.0161854972
1.0235919805
0.9721745801
0.9124260073
0.9211646264
0.9477829010
0.9616406847
0.9844878308
1.0063435276
0.9739784796
1.0178395418
1.0356763470
0.9646338846
0.9579310898
0.9859952328
0.9969871422
0.9983770154
0.9962543361
0.9878434105
0.9736937803
0.9681081186
0.9748129841
0.9822139594
0.9833072389
0.9939888460
1.0474172545
1.0433069476
0.9774009920
0.9845789293
0.9868603357
1.0008065114
0.9916513435
1.0005557275
1.0054645926
1.0072768412
1.0015174611
0.9919287255
0.9890421532
1.0012515416
1.0282767576
1.0369366323
1.0139150647
1.0178925862
1.0493976109
1.0502339785
1.0368341600
1.0234558382
1.0184966197
0.9860457507
0.9238039345
0.9289412913
0.9514837118
0.9634400700
0.9607873475
0.9414895895
0.9355755846
0.9415427477
0.9380017781
0.9374817908
0.9588442811
0.9973174167
1.0328825061
1.0260163036
1.0072804522
1.0326657004
0.9851780166
0.9773374053
0.9806551345
0.8915490276
0.8828684519
0.8919161773
0.9061213807
0.9208059133
0.8941178621
0.8270308282
0.7451802690
0.6749691326
0.6387246237
0.6524474271
0.7137084669
0.7929143012
0.8801671244
0.9829182734
0.9931274180
0.9621344448
0.9826319104
0.9446859831
0.9628278879
0.9396104930
0.9048508545
0.8663168932
0.8013451664
0.7341427089
0.7023535788
0.7329948217
0.7983636776
0.8642290864
0.9214085877
0.9554474834
0.9656457043
0.9881413312
1.0185774280
1.0069544796
0.9901338377
0.9737123830
0.9558103965
0.9598865543
0.9661346953
0.9826985511
0.9656679246
0.9797533663
0.9792698282
0.9437249227
0.8921055957
0.8610821402
0.8643267938
0.8915100160
0.9363097189
0.9702840824
0.9711053381
0.9759732313
0.9949101793
0.9875416124
1.0045020395
0.9741252915
0.9866965020
0.9174559804
0.8696542080
0.8407723252
0.8581367159
0.8728739636
0.8942987407
0.9166492273
0.9243423850
0.9548891959
0.9867678928
0.9855146643
0.9778642441
0.9989698715
1.0277329928
1.0251598410
1.0013116509
0.9950881096
1.0011227972
0.9856339331
0.9652146699
0.9447549814
0.9467883098
0.9686211439
0.9707178481
0.9632107863
0.9305580344
0.8872157064
0.8599622765
0.8549902206
0.8699132070
0.8776118252
0.9064319080
0.9525819083
0.9885521274
1.0098935611
1.0024215513
0.9832663182
0.9744374832
0.9671030497
0.9914333496
1.0109818179
0.9964731864
0.9673547693
0.9438241211
0.9211720268
0.9131328524
0.9061516392
0.9326475274
0.9443227245
0.9688378242
0.9787544945
0.9476780788
0.8954487183
0.8403378364
0.8060851156
0.8216031250
0.8715297669
0.9304344081
0.9862254803
0.9947777387
0.9984709101
1.0295740353
1.0167288807
0.9993987191
0.9716290922
1.0020226221
1.0062974810
1.0180813826
0.9961003155
0.9969267178
0.9978115347
0.9958463850
1.0127931370
1.0240882424
1.0167859852
1.0033817554
0.9849804806
0.9867569778
0.9777198372
0.9576738675
0.9845087711
1.0017656457
0.9462657220
0.9304445337
0.9744261230
1.0161393237
1.0193392783
0.9741657678
0.9579349418
0.9772183599
0.9579206500
0.9303916394
0.9437687311
0.9881861860
0.9983413234
0.9652100659
0.9807733048
1.0358193811
1.0501505797
1.0411228980
0.9946787296
1.0356287414
1.0616036153
1.0114686832
1.0026762016
0.9966506241
0.9782277108
0.9778348305
0.9934946455
0.9934719644
0.9849469788
0.9813733506
0.9750235994
0.9664886642
0.9699272229
0.9986653888
1.0376423878
1.0307412129
0.9805533830
0.9730646375
0.9733193318
0.9460090706
0.9544947105
0.9363951125
1.0030327210
0.9863472478
0.9902987101
0.9836340905
1.0315791096
1.0182098781
0.9923910582
0.9937544317
0.9924199393
0.9926429836
1.0056329405
1.0208049069
1.0315745492
1.0227223309
0.9999762645
0.9874247296
1.0023727434
1.0050843719
0.9612692304
0.9127304379
0.8676845371
0.8603789539
0.8546467128
0.8556842558
0.8856485602
0.9458437266
0.9822262493
1.0039641759
0.9973623120
0.9852226470
1.0174131909
1.0321139108
0.9939910069
0.9856128139
0.9736969944
0.9803077959
0.9470680063
0.9254072986
0.9197975550
0.9410406136
0.9209116300
0.9378394680
0.9691936730
0.9513200935
0.9398076104
0.9348100613
0.9584567394
0.9814004717
0.9631263649
0.9660754526
1.0028448728
1.0073772991
0.9840150870
0.9712194918
0.9653754763
0.9698944175
0.9552063689
0.8917980565
0.8841635126
0.8906412487
0.9002515964
0.9326292104
0.9451944524
0.8880787381
0.9079227924
0.9255198540
0.9387338905
0.9634914939
0.9548695327
0.9610695363
1.0067701593
1.0205061846
0.9767728877
0.9318646204
0.9231642158
0.9223736317
0.9104161230
0.8788916785
0.8359449227
0.7955377326
0.8156950661
0.8952346318
0.9374110651
0.9295619531
0.9514631982
1.0055745080
1.0380706944
1.0420954733
1.0164394333
0.9932810836
0.9764083519
0.9644110193
0.9590756245
0.9206824540
0.8479595599
0.7811283204
0.7163296233
0.7592451690
0.7655552866
0.8597391479
0.9198073647
0.9501619260
0.9195836942
0.9231705399
0.8712279764
0.8364796604
0.8137736196
0.8406045968
0.8798801170
0.9182897707
0.9528601531
0.9760933807
0.9873759916
0.9785889818
0.9664809829
0.9720451707
0.9608253971
0.9750657586
1.0154745944
1.0075769565
0.9859308848
0.9697920106
0.9704681373
0.9736423491
0.9678113913
0.9685875827
0.9573420384
0.9623802410
0.9522181123
0.9874299625
1.0061217875
0.9740431010
0.9621318432
0.9625362743
0.9622758298
0.9835727171
0.9719767273
0.9484414750
0.9695230221
0.9911172713
1.0099922870
0.9723383764
0.9817424523
0.9920513481
0.9899650819
1.0141280974
0.9831682692
0.9638577566
0.9717403850
1.0013323023
1.0189480651
1.0008388411
0.9945482166
1.0157066023
1.0128118701
0.9873357418
0.9492971121
0.9629089853
0.9966821287
1.0135008264
1.0253166794
0.9956563668
0.9779040562
0.9901287071
0.9990984450
1.0092026712
1.0249751720
1.0079355385
0.9816417829
0.9698699851
0.9417367495
0.9040010683
0.8942569995
0.9003583155
0.8869514090
0.8622179290
0.8681410350
0.9104568565
0.9516289202
0.9652242543
0.9667628650
0.9764645778
1.0342555707
1.0732481161
1.0153219636
1.0071935957
1.0328727366
1.0324914994
1.0144143984
0.9904307457
0.9818472534
0.9822183437
0.9972802023
1.0225443534
1.0246769140
1.0144539510
1.0014198773
0.9978268359
0.9824109715
1.0164388217
1.0350076906
1.0207974253
1.0081463662
0.9779432239
0.9691954305
0.9713003048
0.9761679044
0.9711839156
0.9605464411
0.9534920240
0.9491681659
0.9498998228
0.9434293927
0.9336922335
0.9340721978
0.9401004842
0.9609917575
0.9622179801
1.0037240614
1.0148408314
0.9818357603
0.9627044304
0.9639517332
0.9846191261
0.9483619569
0.9461495568
0.9555264695
0.9553037885
0.9682137718
0.9838640179
0.9707160082
0.9597808361
0.9896756128
1.0249327642
1.0216402730
0.9991151681
0.9912727872
1.0009534886
0.9801394198
0.9521045064
0.9566001452
0.9501052073
0.9853459026
0.9909053845
0.9878216744
1.0041131889
0.9841813596
0.9620179765
0.9439571327
0.9332157760
0.9401796240
0.9370900772
0.9440862459
0.9738132939
0.9836736095
0.9836757309
1.0042621612
0.9995396387
0.9676683651
0.9872944584
1.0063579983
0.9970420278
1.0193599131
1.0080836652
1.0097051641
0.9926352264
0.9833908436
0.9542630251
0.9651770240
0.9860089793
0.9852537963
0.9670493727
0.9347377010
0.9323498547
0.9584866043
0.9584355326
0.9649221314
0.9797848626
0.9798808177
1.0170359453
0.9850874631
1.0340317611
1.0322360790
1.0258021327
1.0027698131
0.9970368975
0.9696768149
0.9771654188
1.0114193887
1.0107251857
0.9949665085
0.9895096163
1.0180902099
1.0365735104
1.0177744584
1.0141371446
1.0353408775
1.0411937689
0.9844762742
1.0167032701
0.9927740714
1.0064500835
0.9965362054
1.0248780506
1.0555756058
1.0449659049
1.0515670118
1.0064722984
1.0012249001
1.0052814090
1.0149724038
0.9902117170
0.9631900163
0.9861832893
1.0165531860
0.9997188988
0.9684175532
0.9749097772
0.9917549919
0.9932505877
1.0011207536
1.0238119038
1.0184846879
1.0002273571
0.9855007855
0.9584211707
1.0034577188
1.0308723618
1.0048337866
0.9708989998
0.9611004938
0.9541618878
0.9565344584
0.9635884956
0.9732763923
0.9927397733
1.0027067622
0.9918147219
0.9641465147
0.9821388874
0.9667255488
0.9995184510
0.9549730019
0.9572828460
0.9849918730
1.0068874212
0.9721815659
0.9759692786
0.9836248403
0.9585426942
0.9423124759
0.9486046485
0.9595450822
0.9721765820
0.9840110333
0.9783234320
0.9596902151
0.9509872150
0.9199631372
0.8224750468
0.7772479574
0.8109380354
0.7826122441
0.8174347475
0.8690446078
0.9259701596
0.9825086257
0.9807891844
1.0187789733
1.0319480967
1.0176334903
1.0167792878
1.0339418125
1.0448841533
1.0410300230
1.0418987831
1.0375672145
1.0078752148
0.9992962585
0.9897359066
0.9625982810
0.9609955060
0.9709165587
0.9308539370
1.0149263287
1.0421063064
1.0530788667
0.9976448777
0.9695404748
1.0254868119
1.0285536568
1.0085709102
1.0229538266
1.0169763780
1.0017632345
1.0134505899
1.0064603967
0.9738280050
0.9483655841
0.9283752554
0.9230750279
0.9206019058
0.9147704868
0.8883388082
0.8552573712
0.8666420874
0.8875919208
0.9190002085
0.9802789729
0.9958186512
1.0168455601
1.0135041312
0.9670255298
0.9666025452
1.0018482556
1.0074917499
0.9908251683
0.9615530464
0.9589901590
1.0167225766
1.0139251491
0.9840435274
1.0014888564
1.0002839855
1.0135679127
1.0163643682
0.9810022455
1.0141090511
0.9927795316
0.9647790786
0.9496819973
0.9810382975
1.0005300804
0.9935523091
0.9957012067
1.0030371126
1.0043087201
1.0000502364
0.9852455167
1.0002815219
1.0241447537
0.9657082055
0.9501576943
0.9368008237
0.8907987832
0.8541807453
0.8772406056
0.8993828577
0.9452360999
1.0164042342
1.0060964514
0.9947803006
0.9968292546
0.9816684145
1.0010381484
1.0173737422
0.9918122505
0.9988752396
1.0215381580
1.0118941584
1.0022829510
1.0241436471
1.0164746076
0.9890732731
0.9929687785
0.9930765495
0.9829414809
0.9572082112
0.9377572556
0.9214698219
0.9580819386
0.9847121241
0.9842379141
0.9556089904
0.9439700249
0.9759254702
0.9990010740
0.9788711317
0.9578084177
0.9573286355
0.9441317850
0.9489837834
0.9681144690
0.9228772348
0.9342061849
0.9030166636
0.8956842509
0.9022467835
0.9221097043
0.9776199070
1.0076070722
0.9948794566
0.9850361035
0.9790016490
0.9610126291
0.9446787435
0.9384975798
0.9313495642
0.9227300171
0.9173134738
0.9001418692
0.8542517464
0.8189586352
0.8577669082
0.9153859108
0.8989851624
0.7806807932
0.7949466646
0.8132222949
0.8212030633
0.8662028805
0.8912143359
0.8411395402
0.8295655801
0.8493223708
0.8516274485
0.8642371375
0.8926314392
0.9199803522
0.9572251831
0.9766196943
0.9420892232
0.9547661004
0.9954151728
0.9979745326
0.9936912127
0.9712366150
0.9332617666
0.9164199937
0.9074408121
0.8914487813
0.9152406145
0.9468778981
0.9715066013
0.9685444606
0.9450363806
0.9360886503
0.9567335754
0.9891899394
1.0031133617
0.9916204893
0.9725519522
0.9724807187
0.9914812364
0.9867288263
1.0418386564
1.0250661951
0.9802514095
0.9825453394
0.9799305861
0.9731597917
0.9808281871
0.9684216562
0.9614831878
0.9492993431
0.9540562326
0.9689078018
0.9869012708
1.0087969391
0.9906217448
0.9808344783
0.9982709311
0.9956375213
0.9664628674
0.9889728968
0.9195554267
0.9566638952
0.9955490378
1.0295132146
1.0327818131
1.0170525056
1.0019645008
0.9889390436
0.9785579599
0.9689420767
0.9932026950
1.0417378757
1.0328646122
0.9758292649
0.9671787091
0.9872443101
0.9883003892
0.9792204435
0.9829864641
0.9859608968
0.9253271026
0.9529710378
0.9851332814
0.9639593018
0.9336254786
0.9292524759
0.9770985829
1.0233048578
1.0357995201
1.0139928766
1.0211370708
1.0220071906
0.9953049705
0.9967700169
0.9998183524
0.9788263456
0.9737367604
0.9486066585
0.9269634507
0.9125976269
0.8838532203
0.8186398241
0.7903008525
0.8083430071
0.8461487356
0.8716044786
0.8871115605
0.9189849640
0.9561749071
0.9532527037
0.9487009426
0.9446723542
0.9379427317
0.9577284876
0.9810050109
0.9802489681
0.9813926127
0.9963499658
0.9965187437
1.0303141525
1.0124154944
1.0286967437
1.0433256879
1.0398607845
1.0430741050
1.0521493805
1.0150308427
1.0015080827
0.9882873506
0.9843953546
1.0093449438
1.0161310566
0.9840400685
0.9808681291
1.0110368553
1.0134413998
1.0247262576
1.0068513672
0.9643799917
0.9755868792
1.0054821551
0.9831315755
0.9712994269
0.9567980896
0.9792260291
0.9873512149
0.9794979810
0.9550758841
0.9585342245
0.9574718905
0.9624425054
0.9602616418
0.9534377194
0.9786505223
0.9998084775
0.9755446416
0.9668623236
0.9835971000
1.0034830640
0.9911794632
0.9563508938
0.9583783699
0.9392969208
0.9125168780
0.8154976901
0.7217635257
0.6288907202
0.6142328842
0.6522160450
0.7007206109
0.8011737715
0.9149429577
0.9598394166
0.9791168899
1.0133394066
1.0178959620
1.0198282116
1.0178920310
0.9920207981
1.0038320711
0.9456073559
0.9399020573
0.9755701248
0.9608598025
0.9656839264
0.9682108699
1.0051732236
1.0174150455
1.0012858119
0.9577019498
0.9290245575
0.9171836826
0.8877760774
0.8626478528
0.8978351140
0.9563383542
0.9643293266
0.9654126269
0.9578102334
0.9455571576
0.9359859922
0.9325742240
0.9385442499
0.9676663370
0.9948890223
0.9937025810
0.9585226388
0.9785871727
0.9474745113
0.9523200905
0.9809912328
1.0094697097
1.0151210568
0.9931583399
0.9697612945
0.9704144002
1.0008294463
1.0234642788
1.0086776326
0.9070158674
0.8472697475
0.8308231047
0.8221616121
0.8613813820
0.9070203082
0.9491062395
0.9832651663
0.9894751238
0.9941941753
1.0187398652
1.0237860165
1.0111529728
1.0385589712
1.0356622740
0.9733418822
0.9449068758
0.9614202557
0.9817637695
0.9440307913
0.9169460436
0.8625675627
0.8187493268
0.8622321181
0.8897211223
0.9238530774
0.9653780712
0.9942138390
0.9808343990
0.9966334661
0.9980114225
0.9947383057
1.0067123561
1.0055340839
0.9935068096
1.0019816168
1.0178807193
1.0063470179
0.9766739259
0.9619053744
0.9641603656
0.9902226514
0.9818316374
0.9271524094
0.9733894708
0.9665603191
0.9799676988
1.0315256842
0.9850590790
0.9970040487
1.0066667758
0.9869433252
0.9939104162
0.9956024132
0.9636828182
0.9551919475
0.9771276540
0.9832497106
0.9897578594
0.9937860268
0.9894751810
0.9964792789
0.9841995916
0.9849986890
0.9988542232
0.9949799371
0.9801054159
0.9598856846
0.9677705679
0.9858465772
0.9646438367
0.9412784948
0.9603315979
0.9513182995
0.9562003641
0.9867170553
1.0083496630
1.0313565671
1.0101616693
0.9836225310
1.0032007729
0.9968224798
0.9715481617
1.0082784271
1.0431479617
1.0039639788
0.9596473082
0.9907667920
0.9926699038
0.9583308508
0.9656916702
0.9667721470
0.9890764247
0.9842662881
0.9771239606
0.9869337561
0.9849843458
0.9691102218
0.9494905115
0.9541050883
0.9493900319
0.9574460834
0.9786615980
1.0005036082
0.9869432752
0.9690590128
0.9862827190
0.9736980186
0.9810354028
0.9552380925
0.9696868124
0.9868164469
0.9912802621
0.9778091389
0.9477161368
0.9401322046
0.9610608996
0.9631898327
0.9448071938
0.9347239136
0.9179952216
0.9416571967
0.9859921172
0.9841092039
0.9989534891
1.0036167771
1.0195155870
1.0336696148
0.9636558696
0.9608719288
0.9905858395
0.9858840628
0.9988802017
0.9958870448
0.9810725223
0.9788918253
0.9935408554
0.9946149005
0.9759140228
0.9934019249
0.9960378548
0.9693455588
0.9615435046
1.0088241397
1.0591042448
1.0647195769
0.9989346185
0.9698720474
0.9515524850
0.9789205363
0.9937567532
0.9910394554
1.0157113611
1.0107426772
0.9818644049
0.9799610600
0.9754565719
0.9587839260
0.9837148197
1.0151889717
0.9847364618
0.9514224453
0.9713909238
0.9752650561
0.9756521759
1.0058629137
1.0190255715
0.9721454144
0.9234503386
0.9280032516
0.9584674466
0.9716655903
0.9744756708
0.9758886290
1.0073477309
1.0381806703
1.0351117205
1.0223187594
1.0159099268
1.0013096619
0.9813226074
0.9696103954
0.9444382890
0.9894596173
1.0202822110
1.0153837723
1.0048793917
1.0190846990
1.0471605793
1.0449845107
1.0230384080
0.9969413392
0.9898469479
0.9951979578
0.9811216896
0.9533246486
0.9606912365
0.9820826207
0.9757791013
0.9787990220
1.0018410023
1.0183687046
1.0140357361
0.9992671208
0.9760821919
0.9413238575
0.9898859165
1.0004363665
1.0189853965
1.0202284153
0.9976801409
0.9756596793
0.9798827066
0.9812336044
0.9704756933
0.9683116856
0.9698302011
0.9524597201
0.9333438615
0.9391491413
0.9438542550
0.9362214574
0.9536099037
0.9686407171
0.9793209960
1.0246662971
1.0023593954
1.0097440678
1.0161784752
0.9890080205
1.0233088412
1.0373992687
1.0309130961
0.9988316824
0.9723595442
0.9545121888
0.9362466663
0.9363833865
0.9360659469
0.9184328780
0.9266617002
0.9372821107
0.9374906154
0.9647044233
0.9951522190
0.9704027723
0.9507810717
0.9701294148
0.9916638332
0.9974657886
1.0125323255
0.9914092485
0.9731887498
0.9491709956
0.9613799531
0.9986198458
1.0194994447
1.0218442450
1.0190297854
1.0013873348
0.9738894197
0.9770925632
0.9937374923
0.9912296669
1.0055105323
0.9662563301
0.9891093441
1.0152371760
1.0200627448
0.9961817885
0.9728922957
0.9372636099
0.9156492162
0.8655854040
0.7915438534
0.7232388624
0.6634678157
0.6324268947
0.6591960750
0.7101545309
0.7618727753
0.8465475597
0.9021194368
0.9441752137
1.0074551708
1.0385313874
0.9848090069
0.9748500482
0.9670562827
0.9099750658
0.9486147326
0.9643984284
0.9598856650
0.9979198261
1.0216118793
0.9994067026
0.9875367578
0.9994123162
0.9922866563
0.9691057101
0.9742343845
0.9810272133
0.9293696067
0.9215397480
0.9289168766
0.8939723206
0.8849789844
0.8743129957
0.8946361552
0.8930583730
0.9249631893
0.8885476454
0.8904300878
0.8564538365
0.8794639145
0.9431129677
1.0013364377
1.0149368031
0.9829451569
0.9644778987
0.9749197064
0.9737951135
0.9685692051
0.9680011568
0.9724986357
0.9609313985
0.9846701751
0.9734231820
0.9314775743
0.9095752257
0.8963171200
0.8865141047
0.9308108897
0.9465770704
0.9523044878
0.9851994527
1.0101283363
0.9893362830
0.9642843440
0.9482761302
0.9363433154
0.9499614413
0.9308953487
0.9138705161
0.8919006527
0.8881903783
0.8962604407
0.9193264642
0.8980337254
0.9165173089
0.9207056326
0.9532189307
0.9887544950
0.9702694832
0.9624372035
0.9633271772
0.9825152777
0.9848958108
0.9737271701
0.9726443382
0.9722060526
0.9622508261
0.9416362604
0.9650013626
0.9536385354
0.9995234936
0.9698644046
0.9809440246
0.9790356619
0.9541065061
0.9740506090
0.9829505298
0.9883404412
0.9717469677
0.9384382777
0.8976628167
0.8955232504
0.9424757200
0.9774865645
0.9907669338
1.0063465169
1.0059777967
0.9940372950
0.9776052653
0.9835783015
1.0022594866
0.9819626951
0.9884952807
1.0097243756
1.0159070816
0.9987752758
1.0053664083
1.0320575883
0.9988557091
0.9928577943
0.9986102755
0.9848842494
0.9885030520
1.0063126114
1.0025339485
0.9846149274
0.9797046486
0.9784735851
0.9749833220
1.0197371855
0.9949023130
0.9943736153
0.9779962630
0.9973993781
0.9620792212
0.9522580007
0.9595298711
0.9544522775
0.9727833786
0.9504765510
0.9425696732
0.9363106422
0.9341840485
0.9833437566
1.0163963522
0.9907199911
0.9903441263
1.0126632870
0.9904196094
0.9570223998
0.9727295184
0.9743958171
0.9615366012
0.9924066154
0.9402506297
0.9696476964
0.9723019074
0.9200346766
0.9521922080
0.9788468779
1.0013390695
0.9906694845
0.9735549885
1.0008913481
1.0276459128
1.0227708300
1.0379612974
1.0432473562
0.9788818828
0.9512816410
0.9436669901
0.9631043181
0.9665437679
0.9985054322
1.0128278948
0.9962934604
1.0585145054
1.0336995294
1.0140607350
1.0743882315
1.0468056368
1.0050760830
0.9668129877
0.9500170140
0.9682197189
0.9818066893
0.9904223473
1.0121050100
1.0065331741
0.9918142670
1.0325344684
1.0222896352
1.0322146448
1.0231019914
1.0253080175
1.0000839729
0.9918339263
