#flux
0.9711617886
0.9768220169
1.0020236369
1.0040696044
0.9990073717
0.9924270883
1.0144328907
1.0261568061
1.0208411626
1.0047770355
0.9910054590
0.9885112896
0.9884038610
0.9823977775
0.9679655913
0.9630590976
0.9731892657
0.9719324678
0.9750755894
0.9645348694
0.9603646506
0.9748498353
0.9640601115
0.9787551370
0.9858101513
1.0147528901
1.0060921409
0.9738051271
0.9596864275
0.9640304434
0.9671580767
0.9687497003
0.9743720416
0.9726149220
0.9644491290
0.9584763084
0.9580575536
0.9667143591
0.9686104832
0.9628454592
0.9761489776
1.0098813799
1.0125170587
1.0003743570
0.9760719535
0.9763902067
0.9859008855
0.9852564557
0.9856636817
0.9915114340
0.9867512376
0.9753612393
0.9803256325
0.9839440185
0.9732694594
0.9583307289
0.9443769305
0.9337585033
0.9244084536
0.9148659036
0.9179247281
0.9443551319
0.9672813552
0.9846624476
0.9810179012
0.9741405972
0.9473008680
0.9303534672
0.9368747877
0.9440534125
0.9371915220
0.9322293288
0.9450741845
0.9570963993
0.9535490337
0.9494976987
0.9591194658
0.9775275141
0.9988016350
1.0188443735
1.0240136970
1.0114864006
1.0162064971
1.0150775143
0.9898397941
0.9569489258
0.9476814725
0.9312485581
0.9048321594
0.8890488110
0.8756268804
0.8613279533
0.8741767097
0.8936151869
0.9082624762
0.9140325028
0.9100567453
0.9094616221
0.9115261880
0.9084818588
0.9057223902
0.9100348788
0.9109932160
0.9130392705
0.9152012093
0.9191510184
0.9174973382
0.9240174445
0.9253652931
0.9176365390
0.9218286776
0.9369664275
0.9522299337
0.9438912868
0.9276257672
0.9223357751
0.9267452221
0.9265407430
0.9122324501
0.9030253463
0.9110572658
0.9153043701
0.9051426177
0.8962039498
0.9084917910
0.9012163977
0.8907844412
0.8944561234
0.8942603377
0.8968083314
0.9047980814
0.8932975317
0.8800155694
0.8837230663
0.8883722427
0.8870075218
0.8794352513
0.8727773531
0.8784405879
0.8905604593
0.9019180387
0.9026346323
0.8886681296
0.8942019161
0.9070855731
0.9122860857
0.9137434625
0.8928253797
0.8682158032
0.8569402598
0.8564922658
0.8639699637
0.8767834813
0.8742992178
0.8611713443
0.8641251596
0.8699730087
0.8522411609
0.8196431388
0.7956148913
0.7910359829
0.7995756370
0.8054619242
0.7976770351
0.7872861989
0.8000161659
0.8114428001
0.8288549015
0.8368643601
0.8366281481
0.8283051407
0.8141176142
0.7972308778
0.7800080565
0.7713732057
0.7715183164
0.7755445054
0.7767948591
0.7758713605
0.7760585283
0.7772816991
0.7897500133
0.8111259641
0.8262615336
0.8396881773
0.8674177940
0.8740025092
0.8610232252
0.8656228828
0.8698935983
0.8665120633
0.8544267902
0.8439173054
0.8423358702
0.8398059213
0.8225947145
0.7976107689
0.7841787916
0.7732653487
0.7403661215
0.6919817518
0.6453160834
0.5935999491
0.5344447583
0.4610470926
0.3740238953
0.2909400201
0.2067873045
0.1391534733
0.0850151316
0.0392792995
0.0286756597
0.0254271724
0.0365127719
0.0508987829
0.0521833233
0.0523508971
0.0599114458
0.0751285778
0.1014501731
0.1374102910
0.1753124409
0.2149362627
0.2710856229
0.3306919504
0.3845596736
0.4380616440
0.4962679051
0.5512841449
0.5858302646
0.6018154781
0.6183053165
0.6284611376
0.6457807540
0.6542656033
0.6693791436
0.6904776146
0.7084906990
0.7253647508
0.7324903666
0.7317064694
0.7475516534
0.7727795756
0.7842494487
0.7914076067
0.8033447176
0.7992262303
0.7997057250
0.7994851840
0.7824409160
0.7633233582
0.7579405226
0.7714545973
0.7913261044
0.8063867160
0.8121824237
0.8066518314
0.8118361372
0.8273256072
0.8380189191
0.8430568811
0.8377912441
0.8194162447
0.8101271285
0.8239130136
0.8397406046
0.8535842921
0.8607559034
0.8573278549
0.8343072751
0.8317813251
0.8484944819
0.8566595426
0.8540181815
0.8567472940
0.8614966629
0.8573442682
0.8641166351
0.8785550233
0.8901040807
0.8985940108
0.9039208446
0.9003098116
0.8778314346
0.8659120643
0.8726696204
0.8643805559
0.8790468247
0.9104978569
0.9153344367
0.8943327525
0.8984719942
0.8910338313
0.8905722214
0.8955296735
0.9073636559
0.9257282043
0.9350261299
0.9402832011
0.9490993210
0.9510430871
0.9531852105
0.9658464874
0.9649866101
0.9490863877
0.9352079952
0.9211607301
0.9168303390
0.9140214725
0.8884664910
0.8697828862
0.8863083867
0.9032354638
0.9253213511
0.9278498918
0.9244548672
0.9172668028
0.9013009039
0.8757488848
0.8416980763
0.8140357241
0.8154612186
0.8363296917
0.8437836145
0.8512060436
0.8889198632
0.9072607674
0.9050145492
0.9118082165
0.9161851641
0.9231049321
0.9441428734
0.9559150666
0.9536775556
0.9555206917
0.9506812535
0.9454977718
0.9392177989
0.9453946576
0.9482869106
0.9345151152
0.9264658045
0.9331682138
0.9377824741
0.9395789691
0.9379806072
0.9316160670
0.9350489702
0.9455016640
0.9467020855
0.9529428117
0.9444152790
0.9385264901
0.9423579971
0.9504381609
0.9787037975
1.0141542751
1.0257697015
1.0208665400
1.0252206482
1.0279987314
1.0244983253
1.0189541861
1.0140187048
1.0239248437
1.0242795645
0.9964791257
0.9712448590
0.9554317461
0.9611844102
0.9632429301
0.9416204595
0.9377842575
0.9471316937
0.9493794442
0.9635545450
0.9515277913
0.9435587529
0.9394082210
0.9390918921
0.9397672845
0.9466598897
0.9636922448
0.9806813174
0.9950349890
1.0046891474
0.9941395025
0.9718598033
0.9574245435
0.9636010036
0.9854316742
0.9962748783
0.9749271098
0.9846637441
1.0136708331
1.0220017876
1.0252791136
1.0397561767
1.0375749899
1.0134054123
0.9944426759
0.9785011146
0.9662668463
0.9548720675
0.9369499465
0.9381110059
0.9465778979
0.9448499491
0.9474834347
0.9445900999
0.9350510005
0.9423967287
0.9637863829
0.9840444081
0.9718866798
0.9323862077
0.9219474398
0.9073567406
0.9055337792
0.9088552394
0.9177093211
0.9345605057
0.9577901146
0.9803812483
0.9835429373
0.9651379040
0.9574429001
0.9758579851
0.9896740618
0.9753719341
0.9764531754
0.9854641830
0.9822626031
0.9729367754
0.9677282550
0.9664278258
0.9674408422
0.9699534634
0.9767482828
0.9895011741
0.9994293353
1.0007676181
0.9963596728
0.9939937621
0.9960761454
1.0011257884
1.0066615453
0.9996199573
0.9814680407
0.9593389383
0.9459958673
0.9488566515
0.9481237844
0.9373694613
0.9508716436
0.9701856885
0.9790559428
0.9944083210
1.0069373251
1.0092976117
1.0150333382
1.0155432428
1.0113925672
1.0114071963
1.0116862502
1.0108460451
1.0139530426
1.0172145393
1.0186254692
1.0204364230
1.0030499039
1.0051379417
0.9841418967
0.9607761142
0.9882135954
1.0075680425
1.0042002069
1.0128041948
1.0070726871
0.9885691472
0.9870166648
0.9953675703
0.9928530220
0.9828205130
0.9858804191
1.0048829258
1.0188742263
1.0147499135
1.0022317439
1.0023403650
1.0009073791
0.9965352451
0.9876252363
0.9923779383
1.0053978868
1.0131850795
1.0112251466
0.9981783387
1.0032250942
1.0294729301
1.0528107477
1.0360349133
1.0074896089
1.0014710589
1.0058752440
1.0077694282
1.0038441043
0.9910942160
0.9859157471
0.9782117992
0.9857133364
1.0166066599
1.0159300266
1.0047237115
0.9952440587
0.9897132722
0.9772662252
0.9696761540
0.9812020909
0.9733869946
0.9581414032
0.9471389068
0.9513674007
0.9643033109
0.9700762863
0.9671553442
0.9654835545
0.9708811655
0.9769195670
0.9757864933
0.9833856546
0.9916928882
0.9850718698
0.9801788085
1.0041946256
1.0186644891
1.0310377615
1.0243217156
1.0044435959
0.9845335451
0.9797309042
0.9885791037
0.9925682677
0.9867376348
0.9788876982
0.9758392783
0.9684757116
0.9607891442
0.9705042403
0.9705045334
0.9663019621
0.9877616392
0.9962082190
1.0048593956
1.0052263373
0.9956995948
0.9826844316
0.9800590461
0.9891798623
0.9854620571
0.9787253936
0.9809658048
0.9759285145
0.9741456280
0.9777265762
0.9818888929
0.9744211967
0.9640052555
0.9754286272
0.9854623316
0.9954180252
1.0075917546
1.0030510185
0.9944978319
0.9925481782
0.9874030159
0.9979339341
1.0008234235
1.0090723406
1.0168700959
1.0139771052
1.0250244621
1.0325484612
1.0313458527
1.0280520356
1.0218963530
1.0160821087
1.0087873909
0.9923457215
0.9808495908
0.9886990128
0.9956232676
0.9805187797
0.9682478328
0.9785709225
0.9778461763
1.0005174700
1.0073037702
1.0143295500
1.0143795025
1.0171159424
1.0110551072
0.9925586948
0.9674943706
0.9536865162
0.9587844564
0.9601451639
0.9474228347
0.9467252623
0.9639070220
0.9735328063
0.9816757836
0.9834641045
0.9614110781
0.9498935579
0.9768356956
0.9717380027
0.9805812998
0.9783617013
0.9698655463
0.9706670392
0.9806827703
1.0016213818
1.0014408767
0.9848468894
0.9774906426
0.9699611058
0.9594641745
0.9536896589
0.9445429797
0.9473213223
0.9724866672
0.9872855314
0.9857912906
0.9955500270
0.9991781934
0.9970203478
0.9821499218
0.9778152163
0.9899603976
0.9946393274
0.9780804914
0.9671547423
0.9822043162
1.0048465895
1.0103589763
0.9956892506
0.9782405626
0.9683650722
0.9612789546
0.9616423670
0.9798845486
0.9968787274
0.9825861464
0.9771441967
0.9698445176
0.9831174809
0.9911896526
0.9999808137
0.9996746759
0.9943643021
0.9942282393
0.9884087807
0.9832831221
0.9925058013
0.9991307176
0.9998523375
0.9962328931
0.9986455638
1.0081853160
1.0147232478
1.0269123696
1.0198842381
1.0100505341
1.0226061243
1.0235206343
1.0229468232
1.0107779932
1.0105077050
1.0035605463
0.9966295184
1.0086958816
1.0107732444
0.9945408615
0.9908756323
1.0031291340
1.0162884605
1.0276092210
1.0328719418
1.0305025562
1.0291200236
1.0291678780
1.0303853266
1.0321073109
1.0198437067
1.0140162171
1.0171069450
1.0251439287
1.0365746415
1.0231650338
1.0072416080
0.9956653727
0.9833427170
0.9939267687
1.0100150882
1.0113271956
0.9995838415
1.0043078323
1.0251138427
1.0398897679
1.0321643405
1.0005650396
0.9631835192
0.9008230810
0.8333006779
0.7927427788
0.7754071979
0.7799439500
0.8080031872
0.8698722920
0.9228277634
0.9405334432
0.9566990978
0.9741466028
0.9849336416
1.0102731096
1.0163173607
1.0014761298
0.9731165441
0.9256038794
0.8668002868
0.8217473735
0.8120425327
0.8293514811
0.8688992987
0.9060261062
0.9410221321
0.9730212399
0.9930287254
0.9870821752
0.9808708181
0.9782996864
0.9651311068
0.9555047728
0.9653995065
0.9811575346
0.9867911180
0.9859068986
0.9876122865
0.9883112591
0.9897819258
0.9953147970
0.9957720825
0.9937171114
0.9949959730
1.0026209282
1.0010957354
0.9908630400
0.9828658290
0.9942458262
0.9877598738
0.9850889326
0.9860180082
1.0056190973
1.0220302515
1.0238520008
1.0245654747
1.0229407885
1.0158661216
1.0055403042
0.9968214746
0.9936132327
1.0024400079
1.0155587016
0.9998101446
0.9857970779
0.9984706883
1.0038176796
1.0011066345
1.0004241619
0.9940160967
0.9894395390
0.9748632716
0.9672539176
0.9761748789
0.9986959088
1.0128591841
1.0045642937
0.9912893114
0.9879400564
0.9806113756
0.9610981111
0.9494612120
0.9571978247
0.9719057691
0.9924642366
1.0165370067
1.0295504835
1.0409021784
1.0459967685
1.0387939234
1.0369861187
1.0424304187
1.0470099862
1.0271027257
1.0053264022
0.9754145264
0.9619975176
0.9674924328
0.9693567825
0.9606905897
0.9472737802
0.9478320448
0.9739752432
0.9916604329
0.9844347533
0.9847273311
0.9883581195
0.9872254425
0.9971309941
0.9859205569
0.9850424638
0.9883527718
0.9820197229
0.9910741105
1.0060536112
1.0080874909
0.9994477324
0.9871893915
0.9716222232
0.9684199378
0.9790839768
0.9921704417
1.0011664471
0.9978151577
0.9967612831
1.0082887660
1.0105113688
0.9998952745
0.9930320109
0.9950624150
0.9994919895
1.0042394737
1.0055203148
1.0012076761
0.9975363791
1.0000685879
1.0146591513
1.0118861910
0.9955395130
0.9861960787
0.9867478949
0.9965470935
1.0054734369
1.0034334255
1.0046050081
1.0030587492
1.0053440878
1.0008441207
0.9826944386
0.9701696983
0.9695445757
0.9846522659
0.9805068383
0.9921837360
1.0178020767
1.0329500403
1.0376345203
1.0283681802
1.0073513562
0.9898341669
0.9847208602
0.9867520389
0.9856463916
0.9828709208
0.9904561776
0.9987591370
0.9879637615
0.9789860280
0.9810224563
0.9846290442
1.0016929891
0.9994832988
1.0035227459
1.0205883242
1.0250156919
0.9913879215
0.9903972017
1.0025621902
1.0194341208
1.0229436109
1.0133915199
1.0131650125
1.0087484259
0.9963066168
1.0045166293
1.0096555564
1.0013755686
0.9901716378
0.9787306546
0.9725788828
0.9711249470
0.9739161268
0.9873028853
0.9949285659
0.9915942492
0.9860489397
0.9565168856
0.9331333753
0.9251435443
0.9235146018
0.9339862891
0.9646991394
0.9977405183
1.0030650703
0.9879405062
0.9889986856
1.0017655825
0.9995797812
0.9915006385
1.0128492426
1.0265921726
1.0116277741
0.9984777825
0.9987222226
0.9939449205
0.9847670652
0.9860202429
0.9888929972
0.9826782511
0.9790252097
0.9842960503
0.9921228319
0.9966466855
0.9971162017
0.9950262009
0.9910641715
0.9845332238
0.9793315398
0.9858426836
1.0143905957
1.0418346641
1.0191746285
1.0036089373
1.0311861068
1.0280774632
1.0184630699
1.0070155509
1.0035148378
0.9922978049
0.9907470375
0.9879718018
0.9925393234
0.9953746857
0.9971480192
1.0055721357
1.0045501251
1.0033901642
0.9963417930
0.9911929640
1.0053143350
1.0156492411
1.0178282987
1.0134623394
1.0277877155
1.0263207360
1.0030550588
0.9996409136
1.0065787536
1.0052211352
0.9932666474
0.9931962641
1.0020035249
1.0128513213
1.0260095038
1.0311080738
1.0272231051
1.0274419474
1.0219539936
1.0037626107
0.9906779698
0.9916122130
0.9819041996
0.9549300362
0.9200744785
0.8869027312
0.8971270462
0.9179709833
0.9427298670
0.9758235625
0.9979281164
0.9979266604
0.9937700250
0.9863889888
0.9702021445
0.9639841118
0.9688105498
0.9664993237
0.9750715328
0.9982915615
1.0125533719
1.0132647762
1.0223637216
1.0082777141
1.0005570466
0.9927637452
0.9763694049
0.9710572270
0.9831597237
0.9975698840
1.0087085471
1.0062536334
1.0005105274
1.0006134840
1.0008349581
1.0029611080
1.0032909008
0.9942400475
0.9923686684
0.9985633265
0.9909680016
0.9812673597
0.9812403300
0.9799793728
0.9866315192
1.0044686941
1.0064254935
0.9974260955
0.9921663941
0.9866060568
0.9851738817
0.9806394099
0.9754846986
0.9706542053
0.9686401566
0.9770419610
0.9973592723
1.0119237244
1.0139151180
1.0265745151
1.0389821519
1.0341629939
1.0238383963
1.0434428056
1.0473848478
1.0205010677
1.0018786131
0.9890678802
0.9883181731
1.0091265750
1.0061557373
0.9839687987
0.9863979686
0.9985566739
0.9971476599
0.9959770653
1.0058654935
1.0065129727
0.9902796178
0.9789245451
0.9773741933
0.9888321693
0.9865644758
0.9827013558
0.9609752135
0.9591793021
0.9675707163
0.9775494927
0.9902574824
1.0100430610
1.0194970085
1.0180989431
0.9946655842
0.9788510065
0.9766938438
0.9783080851
0.9857072039
0.9938908159
0.9911317551
0.9862375913
0.9912993587
0.9904021544
0.9850630915
0.9947584416
1.0008510640
0.9980822265
0.9919497519
0.9879596197
0.9888223171
0.9879003296
0.9939704628
1.0003096954
0.9997447908
0.9958367276
0.9928500774
0.9940999359
0.9953554536
0.9967248927
0.9991105705
0.9943416856
0.9856482815
0.9837155947
0.9841110055
0.9893198369
0.9923703449
0.9726755585
0.9624039846
0.9736466181
0.9850947472
0.9919552387
0.9964596594
0.9978054173
0.9854700276
0.9832348225
0.9982665436
1.0104882034
1.0122814643
1.0166516905
1.0182468643
1.0080594484
1.0002563708
0.9967349194
1.0063203088
1.0196945433
1.0114414501
1.0130225839
1.0028482985
1.0112778449
1.0028400877
0.9895876793
0.9839832406
0.9862322998
0.9858875746
0.9849778237
0.9898929876
0.9945111449
0.9950951141
1.0060698863
1.0143539914
1.0038201690
0.9992457286
1.0023114596
0.9974070812
1.0037117809
1.0093688984
1.0097134402
0.9959741092
0.9910718252
0.9889829191
0.9896682407
0.9783379430
0.9731409135
0.9824184379
0.9869142454
0.9928960747
0.9958614352
0.9975626744
0.9829871424
0.9723094995
0.9813937152
0.9754171607
0.9716913772
0.9974300613
0.9884933045
1.0001839075
1.0193185943
1.0150670207
0.9931734613
0.9784360206
0.9750690655
0.9683908021
0.9455939936
0.9331117696
0.9658627999
0.9842610988
0.9983779091
0.9920129887
0.9832312727
0.9917601716
1.0022826336
0.9956752250
0.9819930201
0.9947625416
1.0032254681
1.0112907130
1.0048979598
1.0058018987
1.0309244364
1.0378660218
1.0246272324
1.0237213729
1.0126604382
1.0180274115
1.0219767115
1.0032718768
0.9953391433
1.0052704649
1.0051908612
1.0018487038
0.9974127463
0.9947638573
1.0081708408
1.0081762071
0.9942054924
1.0049691963
1.0291576706
1.0262484199
1.0365077249
1.0333219758
1.0430018876
1.0029643034
0.9890859401
1.0021386046
0.9870841782
0.9850838882
0.9855137515
0.9905753019
1.0086254594
1.0244948730
1.0307688638
1.0249503107
1.0133116598
1.0135803952
1.0164754144
1.0224734455
1.0181903192
1.0152235181
1.0133169498
1.0198232783
1.0258694374
1.0346671367
1.0323013417
1.0095903649
0.9998905584
0.9944437593
0.9965336870
1.0053485119
1.0137757828
1.0158713063
1.0066657473
0.9940526191
0.9937905177
0.9983155804
0.9975923304
1.0075533868
1.0011957642
1.0012570940
1.0043077413
1.0033901056
1.0040901753
1.0035866794
1.0029877879
0.9907491268
0.9962854687
0.9957034940
0.9955968524
1.0023005822
0.9984844127
1.0059392925
1.0136764034
1.0167731212
1.0233881103
1.0231635675
1.0216090211
1.0150332966
1.0058560525
1.0161857079
1.0268823681
1.0190997113
1.0175662050
0.9995618612
0.9988276575
1.0044436819
0.9923704837
1.0095595257
1.0082775906
1.0037558654
0.9983476174
0.9893806451
0.9885195602
0.9984421568
1.0098252518
1.0141996720
1.0144496944
1.0163306217
1.0076576852
1.0058749139
1.0100502202
1.0092745435
1.0049245419
0.9934494224
0.9746322821
0.9649792174
0.9538661973
0.9679515299
0.9760050040
0.9742473389
0.9758605301
0.9870515836
0.9931067143
0.9932672979
0.9954307454
1.0027203920
1.0148948322
1.0207901806
1.0166627923
1.0153637732
1.0108300464
1.0053177102
0.9941246797
0.9912578410
1.0057078946
1.0161811124
1.0321973095
1.0353552623
1.0225529276
1.0022686744
0.9896439828
1.0005356486
1.0061484202
0.9854912533
0.9646251138
0.9701721331
0.9882788585
0.9927347532
0.9884983039
0.9963567080
1.0020569662
0.9948885905
0.9889915813
0.9697877946
0.9765133169
0.9857582865
0.9811420157
0.9834715382
0.9847608095
0.9854891827
0.9857239477
0.9924043608
0.9997332912
0.9931342139
0.9850265970
0.9925643710
1.0004499351
0.9977440034
1.0007990054
1.0076864075
1.0134656237
1.0022859512
0.9797813515
0.9818668237
0.9942465684
1.0010977821
1.0047698084
1.0004142007
0.9952992830
0.9799378036
0.9741234516
0.9684621641
0.9761478943
0.9866282664
0.9832997177
0.9679480886
0.9602001944
0.9745080176
0.9956821685
1.0046184134
1.0051432977
1.0053942458
1.0135171807
1.0147436667
0.9843843448
0.9694966376
0.9700195449
0.9713645561
0.9713699139
0.9583314236
0.9684450821
0.9933223836
1.0038507260
0.9953769644
0.9852121140
0.9885752861
0.9974419440
0.9969954407
0.9927324136
0.9947354073
0.9977666111
0.9981173583
0.9935816833
0.9750873964
0.9544572641
0.9413164147
0.9070335331
0.8849306158
0.8851495133
0.8976401478
0.9021515367
0.8992975684
0.9206811466
0.9501426343
0.9542536916
0.9487014793
0.9568013015
0.9699496966
0.9792036151
0.9838565628
0.9853186231
1.0059432163
1.0205155891
1.0081973237
0.9791860862
0.9880187244
1.0051559193
1.0007994794
0.9947915461
0.9784150651
0.9611085992
0.9532161474
0.9620276878
0.9772052997
0.9928235580
0.9969834251
0.9811601358
0.9646349095
0.9708372509
0.9913619134
1.0016313550
0.9931942269
0.9816999239
0.9811948696
0.9871466233
0.9868701289
0.9883400298
0.9931056504
0.9821807372
0.9797548233
0.9743309794
0.9866883700
0.9943537706
0.9869688665
0.9825442570
0.9821422467
0.9881709645
1.0006536209
1.0141689487
1.0212004755
1.0075245847
0.9878681592
0.9925086268
0.9996223630
0.9981550247
0.9887812578
0.9707807435
0.9852844815
1.0016396454
1.0054268951
1.0028117535
1.0046796995
1.0105415594
1.0159074926
1.0067843511
0.9946641324
0.9948393300
1.0015009504
0.9914500016
0.9657112135
0.9571488674
0.9681294006
0.9739351599
0.9798679492
0.9903081386
1.0005146313
0.9836299125
0.9909535111
1.0146430207
1.0194519131
1.0015812615
0.9912996610
0.9932607786
1.0040667064
1.0166263657
1.0068374098
0.9979682396
0.9960602692
0.9948422039
1.0019331636
1.0088856835
1.0054791470
0.9974546335
0.9934396154
0.9837266824
0.9760788664
0.9738028579
0.9613541270
0.9634281913
0.9720243027
0.9659556272
0.9742801168
0.9839325222
0.9762913494
0.9753459044
0.9853634646
0.9868042069
0.9868744942
0.9908642659
0.9901314757
0.9931592916
1.0041430649
0.9993026331
0.9767468040
0.9658674038
0.9620769260
0.9856701440
0.9814999871
0.9856462094
0.9688257019
0.9701542826
0.9942571880
0.9888108522
0.9762085660
0.9715597577
0.9783113939
0.9906069405
0.9978333253
0.9925936284
0.9849250228
0.9861764584
0.9883000300
0.9829355685
0.9802772275
0.9920469098
0.9865083261
0.9869286086
0.9900830403
0.9942844994
0.9957383145
1.0165156326
1.0175161329
1.0189481669
1.0161143182
1.0194794741
1.0198216473
1.0109991994
1.0039085790
1.0012793914
0.9890887060
0.9716806670
0.9614265249
0.9546836140
0.9591466331
0.9702243590
0.9832955592
0.9899233133
0.9840240512
0.9942722821
0.9982563698
0.9415146575
0.8974219910
0.8627678186
0.8178654910
0.8116545205
0.8380354097
0.8781996657
0.9169826869
0.9512103288
0.9744230063
0.9856541218
0.9981617983
1.0082361509
0.9958512737
0.9761658497
0.9792002999
0.9822977490
0.9712066640
0.9690539579
0.9587754342
0.9601003476
0.9832811779
0.9844277124
0.9747749372
0.9741983029
0.9814026518
0.9849545397
0.9772809379
0.9738130690
0.9707602197
0.9614934164
0.9605762739
0.9715208910
0.9824179675
0.9878035714
0.9818972472
0.9895530631
0.9876824431
0.9960914032
0.9968981071
0.9921146789
0.9849032359
0.9905346932
0.9938436671
0.9893954656
0.9825272071
0.9793899820
0.9795054481
0.9897533115
0.9930346334
0.9923333108
0.9903381057
0.9872524748
0.9994260068
1.0053640120
0.9958676438
0.9899645344
0.9938112171
0.9927231922
0.9956415640
0.9841904416
0.9822285969
0.9748252239
0.9682184940
0.9662564845
0.9806991525
1.0033861889
1.0061086226
0.9945726735
0.9847296630
0.9812811469
0.9823223904
0.9832523050
0.9813659197
0.9812187183
0.9855940165
0.9921607635
1.0186025630
1.0346633416
1.0075265082
1.0017770844
0.9789736898
0.9889627216
0.9933392584
0.9929504269
0.9870874719
0.9860647035
0.9917755572
1.0039330395
1.0058916142
0.9926708388
0.9831349969
0.9994449868
1.0184522745
1.0091367340
1.0046248691
1.0041888172
0.9957669581
0.9900275634
0.9916988760
0.9735517122
0.9771328340
0.9684745031
0.9679569202
0.9751742795
0.9901055183
0.9992178854
1.0198053797
1.0400255504
1.0381180560
1.0246054866
1.0200380429
1.0237634320
1.0193322722
1.0081327303
1.0052167472
1.0002189802
1.0026026570
1.0172782735
1.0083787503
0.9931688724
0.9857726024
1.0069692574
1.0338340319
1.0227512400
1.0143026450
1.0188307553
1.0146839166
1.0046331779
0.9883052163
0.9927068286
0.9989845758
0.9935793767
1.0018182975
1.0254657192
1.0360815346
1.0168661192
0.9925279524
0.9856247748
0.9926440535
1.0179813242
1.0067564753
0.9904377152
0.9903830603
1.0121085786
1.0091676448
1.0025192839
0.9948898623
1.0134288806
1.0250562513
1.0070500124
0.9913013309
0.9963116009
1.0020451717
1.0000945116
0.9976943153
0.9934786307
0.9991147045
1.0072201999
0.9915207963
0.9788867831
0.9919682965
1.0018503983
1.0094680920
1.0019599663
0.9949789864
0.9844442971
0.9915752622
1.0009807128
0.9953390652
0.9913066554
0.9874122270
0.9776489638
0.9736294637
0.9785914156
0.9874709549
0.9983558438
0.9990270332
0.9940862931
0.9815853689
0.9799862573
1.0003333375
1.0039720953
0.9766671446
1.0013673172
1.0104925838
0.9986383878
0.9876420608
0.9879482058
0.9888003872
0.9938811382
0.9948479841
0.9932839956
0.9974704930
0.9984150322
0.9986261378
1.0050771003
1.0008293346
1.0014704714
0.9999038496
0.9969474590
0.9861863440
1.0022025299
1.0038815169
1.0122783518
1.0014428827
0.9910090714
0.9942672666
0.9915440537
0.9937741160
0.9966366768
0.9873731185
0.9808160859
0.9883719540
0.9938019674
0.9851154845
0.9832056691
1.0018152306
1.0097103860
0.9990399486
0.9901308039
0.9938016158
0.9857182993
0.9971728917
0.9947086136
1.0034686207
1.0132822646
1.0093830802
1.0022769690
0.9886044419
0.9898023229
0.9909353414
0.9862328225
0.9930076588
0.9997744207
0.9980232749
1.0024221375
1.0050912891
1.0024043006
1.0172183826
1.0320514893
1.0249762821
1.0154201686
1.0065666741
0.9985036567
1.0102109218
1.0110037978
1.0095084864
0.9955809531
0.9841496581
0.9663691826
0.9622536831
0.9814485068
0.9978258774
0.9985298221
0.9938063609
0.9898209815
0.9790517136
0.9712246502
0.9932429723
0.9953909076
0.9862096011
0.9759826582
0.9791203540
0.9770241571
0.9840993869
1.0024417218
1.0093757399
1.0118335379
1.0113664831
1.0125828291
1.0094565592
0.9987388641
0.9985087237
0.9990829950
1.0023147091
1.0101258409
1.0089487646
1.0050807843
0.9973313519
0.9911413700
0.9831709027
0.9837951292
0.9852777876
0.9789811450
0.9809975631
0.9872456129
1.0014908366
1.0139644388
1.0056732527
0.9889502719
0.9712199656
0.9640451417
0.9719223769
0.9794581224
0.9822734990
0.9865444113
0.9818671190
0.9746660692
0.9842419184
0.9765191554
0.9693247695
0.9862438140
0.9996621618
0.9979694839
1.0227194560
1.0399026987
1.0095401690
1.0004308133
1.0064517860
1.0069553349
1.0278569387
1.0266087527
1.0251380583
1.0219948999
1.0135956856
1.0075834906
1.0049260134
1.0049917370
1.0014474767
0.9906966624
0.9753606218
0.9784237226
0.9878325862
0.9868845623
0.9757500513
0.9915440806
0.9785951368
0.9699112463
0.9610511249
0.9353473121
0.8979030190
0.8503839229
0.8300486321
0.8331078406
0.8493292453
0.8790803501
0.9161858001
0.9469475544
0.9699374143
0.9882576578
0.9821559043
0.9869416435
1.0011072752
0.9953461391
1.0068355083
1.0102200319
0.9925728260
0.9890311553
0.9903563935
0.9822689274
0.9840571107
0.9937380835
0.9854863577
0.9856426021
0.9884546128
0.9937252938
1.0129061806
1.0230075751
1.0096716005
1.0040563491
1.0166661879
1.0138970996
0.9964584377
0.9975090164
0.9967157948
0.9837140189
0.9788930118
0.9964875173
0.9910038653
0.9972518669
1.0003326618
0.9877951607
0.9962053933
1.0039624996
1.0041404880
0.9981156007
0.9830423524
0.9739628054
0.9855644244
1.0016762983
1.0041437854
1.0046526361
1.0004658958
1.0032598289
1.0092468636
0.9985600666
0.9972442680
1.0025444785
1.0094375758
0.9990312185
0.9954825674
0.9940258989
1.0012045893
0.9984046320
0.9938187891
0.9916718838
0.9868236171
0.9792853928
0.9808866428
0.9954943504
1.0018677883
0.9974447159
0.9998198908
0.9961618830
1.0011769906
0.9971590911
0.9903617998
0.9782154496
0.9819337771
0.9820854224
0.9897906506
1.0010716088
0.9921810089
0.9881260719
1.0022507346
1.0165202397
1.0153242529
1.0070265974
0.9977286103
0.9847322152
0.9749795492
0.9744014834
0.9864039142
1.0003300190
0.9929235620
0.9897167365
0.9983218774
0.9823212254
0.9680006442
0.9851421355
1.0027408614
0.9983810708
0.9932353869
0.9957295258
0.9909633632
0.9997926991
1.0015548921
0.9804889422
0.9669969375
0.9814218056
1.0039050383
1.0112850063
1.0075463610
0.9929506713
0.9867573634
0.9864803397
1.0039624603
1.0180203954
1.0135112181
1.0020804403
0.9994366109
0.9993096268
0.9982214228
0.9969984220
0.9988636420
1.0007570586
1.0033969017
1.0018854867
0.9993976402
0.9948613739
0.9818484053
0.9775888660
0.9932452440
1.0078659832
1.0078375769
1.0098986425
1.0108544197
1.0152838362
1.0004901922
0.9927026518
0.9846978746
0.9887528717
0.9951608067
0.9880011197
0.9888768656
0.9812323079
0.9872138021
1.0009220742
0.9971955863
0.9974514323
1.0059591480
0.9982766787
0.9987356045
1.0056980740
1.0043825361
0.9992890013
1.0001747425
0.9905288430
0.9846753083
0.9818822403
0.9881185712
0.9871506445
0.9940593887
0.9964899281
0.9860060321
0.9783064626
0.9828562595
0.9893690455
0.9943096559
0.9942221760
0.9911995102
0.9960050468
1.0012880646
1.0009852114
1.0066412010
1.0005265622
0.9815463387
0.9813814878
0.9793735820
0.9944085810
0.9975329591
0.9998162181
0.9984089413
0.9864018621
0.9733677079
0.9931320506
1.0058163385
0.9992682308
0.9950584820
1.0003296407
1.0045225792
1.0005454004
0.9930474592
0.9861493461
0.9805844811
0.9886051314
