#flux
0.9304289177
0.9570991228
0.9826120139
0.9676586782
0.9370251421
0.9353851586
0.9676287712
0.9762532761
0.9535680508
0.9350742611
0.9368876600
0.9534716979
0.9673678322
0.9602913569
0.9353614187
0.9222150133
0.9338859440
0.9346278035
0.9107752296
0.9188206383
0.9234094616
0.9359045075
0.9593507024
0.9532983273
0.9230868716
0.9156992601
0.9154352829
0.9300986565
0.9379060653
0.9474214262
0.9482536915
0.9419638940
0.9358570221
0.9310900534
0.9320259483
0.9399556874
0.9521776344
0.9676886939
0.9753523835
0.9903756012
0.9856543160
0.9817106122
0.9749403061
0.9467687072
0.9110439987
0.8895996224
0.8987537150
0.9193620436
0.9152106000
0.9081146545
0.9083245885
0.9145968425
0.9155439961
0.9234168694
0.9645960781
0.9806443476
0.9382662040
0.9392305448
0.9417319764
0.9238170800
0.8905389626
0.9027369588
0.9209532609
0.9000239701
0.9075368271
0.9396906457
0.9224289423
0.8978763365
0.9100774020
0.9265043026
0.9252244628
0.9183862372
0.9200406885
0.9242716768
0.9223607639
0.9266859416
0.9296799868
0.8955484753
0.8584601203
0.8583104304
0.8865767481
0.8926523095
0.8847441877
0.8927250522
0.9062124750
0.9182999053
0.9220128997
0.9331836055
0.9125266529
0.8829614222
0.8744355474
0.8726343691
0.8578581409
0.8451876410
0.8578486030
0.8808846392
0.8862712916
0.8729173255
0.8466331285
0.8453345883
0.8665691203
0.8686054678
0.8711098439
0.8726402558
0.8492248634
0.8373631262
0.8301087910
0.8408918408
0.8607244177
0.8772629870
0.8702786171
0.8598444814
0.8618337884
0.8657030613
0.8665324906
0.8696519384
0.8696733588
0.8619732587
0.8566879595
0.8521750300
0.8538487298
0.8739926358
0.8819163951
0.8746745533
0.8721975345
0.8664145328
0.8524759927
0.8504317555
0.8646229782
0.8646036168
0.8520401994
0.8429571581
0.8439933044
0.8495365167
0.8522271627
0.8502076261
0.8436460597
0.8351425356
0.8262267257
0.8098950704
0.8177342342
0.8172852111
0.8007555701
0.8113625911
0.8091605981
0.7934918073
0.8080618753
0.8086199738
0.8214576120
0.8285396640
0.8140427386
0.7953200288
0.7922001296
0.7931595151
0.7843472027
0.7780264610
0.7835590717
0.7827722065
0.7662267154
0.7579336346
0.7512669558
0.7480423026
0.7221988723
0.7198882834
0.7387522842
0.7448715358
0.7459675035
0.7522243763
0.7439492130
0.7305606682
0.7274352531
0.7259025055
0.7216897224
0.7294100518
0.7382987418
0.7253415830
0.7031151428
0.6987990153
0.7134722549
0.7173673809
0.6956259074
0.6881147264
0.6657601523
0.6692837211
0.6638878478
0.6558995198
0.6488219780
0.6539130897
0.6616183857
0.6531657886
0.6471112867
0.6471787526
0.6457083136
0.6262175683
0.5891115535
0.5558530763
0.5420880073
0.5384822781
0.5170017000
0.4851288431
0.4730831584
0.4714513696
0.4524201007
0.4351900202
0.4270932103
0.4050891637
0.3850967681
0.3699549558
0.3715058311
0.3655791323
0.3483369568
0.3477112393
0.3518459447
0.3469180565
0.3480859667
0.3517648205
0.3495526391
0.3561794942
0.3672680871
0.3908932722
0.4067543841
0.3998481950
0.3965953566
0.4199885955
0.4444373896
0.4640224927
0.4711157581
0.4935382039
0.5008724657
0.5131049527
0.5408651443
0.5549884331
0.5522884727
0.5598407226
0.5810488597
0.6026755312
0.6161920043
0.6139679987
0.6165737539
0.6497495688
0.6664906502
0.6618793447
0.6628698050
0.6772563029
0.6983361704
0.7199254588
0.7303168035
0.7214275784
0.7133075905
0.7139030572
0.7155876286
0.7120474819
0.7187800636
0.7406472571
0.7550571674
0.7507550112
0.7471809007
0.7544946748
0.7558433983
0.7522311800
0.7598692199
0.7546794491
0.7785507180
0.7910989551
0.7801873224
0.7645570626
0.7727539304
0.7813892071
0.7844536456
0.8095104673
0.8181714189
0.7969265927
0.7927670219
0.8027558270
0.7955760938
0.7865218891
0.7945821916
0.8071607165
0.8238740476
0.8414162263
0.8486002302
0.8433687477
0.8202584052
0.7811126624
0.7945565242
0.8402512152
0.8320696451
0.8320554473
0.8425675327
0.8447241349
0.8588367320
0.8800944149
0.8794975798
0.8671922953
0.8617986479
0.8607018597
0.8498612651
0.8367678438
0.8457079814
0.8436151540
0.8339512268
0.8453119198
0.8510327316
0.8358293971
0.8359848554
0.8472702467
0.8237876623
0.8092156368
0.8314129451
0.8705639424
0.8899340098
0.8842589667
0.8498040162
0.8305430931
0.8460733332
0.8573732019
0.8457913346
0.8366166705
0.8440869727
0.8517126995
0.8420837287
0.8310923181
0.8318052374
0.8704204948
0.8613349402
0.8296296034
0.8368400121
0.8517493385
0.8432436282
0.8307971823
0.8385252206
0.8667740995
0.8815148074
0.8815322427
0.8838412242
0.8841282094
0.8799468776
0.8827037956
0.8869861466
0.8839143993
0.8929827644
0.9088246488
0.9001045186
0.8873530443
0.9068278109
0.9218513382
0.9086458160
0.9157137184
0.9169325389
0.9078394610
0.9025355263
0.9048174498
0.9029581556
0.8921714775
0.8854571482
0.8937834397
0.9071987681
0.9084834254
0.8978552087
0.8900438637
0.8933793246
0.8990976742
0.8893795628
0.8703450558
0.8536807856
0.8584806506
0.8692906540
0.8809156390
0.9105006973
0.9290386170
0.9130014385
0.9053928432
0.9057407608
0.9046349358
0.9183302906
0.9376762780
0.9524350528
0.9647171606
0.9504129836
0.9205120917
0.9014758273
0.8998012969
0.9148316660
0.9075063270
0.9035901809
0.9149600610
0.9342557728
0.9451212185
0.9498601336
0.9389671553
0.9101448867
0.8993180830
0.9189079575
0.9428093036
0.9472141460
0.9313007199
0.9224490472
0.9307210828
0.9241048950
0.9108547982
0.9190027609
0.9251365590
0.9277280338
0.9286284100
0.9266693394
0.9225120561
0.9070790390
0.9058809567
0.9364695051
0.9481456428
0.9422280105
0.9272875930
0.9210014193
0.9185981353
0.9177272065
0.9357776341
0.9641224718
0.9717710701
0.9601907569
0.9503210665
0.9515882707
0.9440476748
0.9186093141
0.9247497091
0.9565689159
0.9490155107
0.9253522366
0.9287411084
0.9335863121
0.9578370422
0.9723009742
0.9866664363
1.0039258885
1.0072429379
0.9860839982
0.9534741147
0.9341813287
0.9222542632
0.9110687072
0.9311218760
0.9392692842
0.9347990264
0.9333775888
0.9376324836
0.9335018360
0.9495643392
0.9677208680
0.9740473582
0.9756295054
0.9706849629
0.9596615647
0.9506234285
0.9440778593
0.9579440584
0.9832907184
0.9775180744
0.9511191678
0.9462031884
0.9566796649
0.9649675110
0.9495282273
0.9399446186
0.9477909535
0.9541261730
0.9537906240
0.9453131516
0.9562173293
0.9638219556
0.9553393659
0.9399025503
0.9461257490
0.9353046905
0.9343742408
0.9510949866
0.9496123749
0.9276365631
0.9184815242
0.9285354911
0.9376079588
0.9458453999
0.9598159811
0.9614695647
0.9652246793
0.9486585995
0.9504775689
0.9661065737
0.9811605813
0.9824915956
0.9745583378
0.9693028141
0.9600759633
0.9473092648
0.9434337566
0.9489133324
0.9542771632
0.9615826077
0.9769237308
0.9881673052
0.9765913581
0.9527951489
0.9466466022
0.9459326192
0.9417677313
0.9455193901
0.9486698245
0.9513012978
0.9604369816
0.9699230538
0.9634276641
0.9503077253
0.9518895190
0.9446952676
0.9404354386
0.9278976036
0.9231076139
0.9426465435
0.9673113120
0.9710144091
0.9628117536
0.9678525736
0.9623480848
0.9737941099
0.9997438635
0.9919520168
0.9746689527
0.9828935917
0.9730768518
0.9802535283
0.9881266002
0.9704038449
0.9590375671
0.9635145538
0.9735886847
0.9744768939
0.9684809833
0.9706175672
0.9772588427
0.9746085563
0.9688232624
0.9711321797
0.9774859113
0.9790463820
0.9730861320
0.9730736243
0.9781887439
0.9811529304
0.9862003259
0.9776791482
0.9769585083
0.9840325684
0.9857753485
0.9607479139
0.9421425455
0.9596935484
0.9829466454
0.9778648816
0.9626941803
0.9577134320
0.9451044719
0.9365057539
0.9694903237
0.9858751921
0.9813960743
0.9856592313
0.9777001441
0.9577097498
0.9642041805
0.9712329768
0.9714081245
0.9695676946
0.9743381241
0.9840187560
0.9872074101
0.9844554989
0.9849992395
0.9896598243
0.9940358187
0.9990893342
1.0074207258
1.0150470874
1.0117779390
0.9942961501
0.9860305232
0.9934607887
0.9988697409
0.9919477100
0.9800468047
0.9717525847
0.9762472713
0.9826210946
0.9744766380
0.9655458959
0.9686159492
0.9818885859
0.9757061678
0.9663861178
0.9686164839
0.9645967118
0.9458209964
0.9289849475
0.9497628928
0.9513606456
0.9477437367
0.9686853699
0.9994798880
1.0088967331
0.9940644748
0.9909044384
0.9997978306
0.9841804655
0.9658620803
0.9702275536
0.9784497419
0.9796393995
0.9694772774
0.9665591101
0.9730419672
0.9657671108
0.9494619231
0.9513583314
0.9704910902
0.9791101626
0.9850950494
0.9984662148
1.0112605306
1.0082111718
0.9781132946
0.9612766045
0.9541360111
0.9353279358
0.9260631652
0.9377989236
0.9534678045
0.9852354003
0.9793348369
0.9466741365
0.9388869269
0.9503951992
0.9603425337
0.9656835540
0.9708886765
0.9757761668
0.9645082049
0.9578995049
0.9747541625
0.9626120942
0.9689750132
0.9847685558
0.9907011403
0.9870656531
1.0109067437
1.0099776049
0.9988794796
1.0020436191
1.0136456730
1.0070539187
0.9959864376
1.0021978544
1.0113046741
1.0128375062
1.0070082775
1.0076087870
1.0136721409
1.0037433661
0.9948349391
0.9869011007
0.9906273321
0.9978296114
0.9799274486
0.9807998870
1.0060054430
1.0045040710
0.9797675327
0.9755524173
0.9866115666
0.9881764913
0.9885325466
0.9915952030
0.9942161057
1.0076195562
1.0147088071
1.0101189695
1.0044988995
0.9780206381
0.9689467998
0.9925512173
1.0104828540
1.0174363303
1.0085538218
0.9835647248
0.9643293781
0.9705721766
0.9691197944
0.9586517525
0.9534845043
0.9615050142
0.9758685965
0.9791566792
0.9684341652
0.9654933274
0.9741808006
0.9562366903
0.9276604470
0.9360202016
0.9352035323
0.9326851505
0.9371906649
0.9514860947
0.9595457981
0.9408791406
0.9394881519
0.9448430404
0.9342956003
0.9226484537
0.9271391871
0.9256181367
0.9204042815
0.9228796932
0.9201245675
0.9136438154
0.9076243559
0.8990756674
0.8984712344
0.9154934799
0.9249091302
0.9098672020
0.9171806773
0.9209201087
0.8934310758
0.9130880086
0.9246220824
0.9473252479
0.9843814508
0.9862281836
0.9593086679
0.9568072416
0.9727669731
0.9762509378
0.9736021846
0.9764345922
0.9836143944
0.9844428483
0.9811091279
0.9827555377
0.9931896354
1.0048036613
1.0074577409
1.0059962484
1.0007284471
0.9843943686
0.9597899568
0.9966411477
1.0279639204
1.0105546498
0.9914200211
1.0018600521
1.0193749953
1.0275429857
1.0255395751
1.0067373756
0.9831866396
0.9787785408
0.9946903298
0.9982320774
0.9751420087
0.9693545427
0.9727126034
0.9712852028
0.9892287909
0.9934013646
0.9934812231
1.0195211590
1.0015729388
0.9735922713
0.9646829033
0.9854084988
1.0013134762
0.9924453920
0.9870448087
0.9964885184
1.0048009200
0.9925978519
0.9829946415
0.9747298631
0.9577128371
0.9803078121
1.0131193250
1.0025262664
0.9999373379
0.9944500139
0.9918485932
1.0060375783
1.0193192348
1.0258347175
1.0218028119
1.0097306523
1.0027836836
1.0055917857
0.9997198854
0.9801523062
0.9774058208
0.9894816295
0.9813194658
0.9840964799
0.9844061258
0.9817947228
0.9894007936
0.9745903046
0.9703222769
0.9977892807
1.0017420679
1.0071744383
1.0046351030
1.0075544535
1.0212357996
1.0239645687
1.0070052576
0.9907836392
0.9914987977
0.9973344615
0.9904704995
0.9753175518
0.9714733889
0.9980152951
1.0055659475
1.0021665305
0.9889590309
1.0003076692
0.9939462455
0.9905128925
1.0160402991
1.0112978052
1.0161340941
1.0287984892
1.0269085297
1.0064642611
1.0011922813
1.0237220405
1.0380874118
1.0214477432
0.9996692642
1.0049587940
1.0217065799
1.0202005596
1.0062479285
1.0072375752
1.0070253044
0.9982560823
1.0127183250
1.0136766742
1.0047196141
0.9963405013
1.0009727730
1.0018693120
0.9963193577
0.9985847122
1.0035287877
1.0076739053
1.0106766192
1.0058088207
1.0060243906
1.0183972138
1.0225335598
1.0336651527
1.0399441169
1.0393565497
1.0639254069
1.0527819684
1.0461087693
1.0364522631
1.0292225168
1.0321299036
1.0274964521
1.0229154385
1.0217250927
1.0079755905
0.9910474674
0.9879236737
0.9853262554
0.9782942958
0.9927844047
1.0231658337
1.0354909031
1.0389276465
1.0307981414
0.9946869977
1.0033480889
0.9973121288
0.9932451651
0.9909833478
0.9809754323
0.9703190034
0.9800058425
0.9811584948
1.0002018525
1.0130753912
1.0054893760
1.0001943222
0.9934886944
0.9741074923
0.9635624206
0.9728628517
0.9824954517
0.9843309796
0.9955470158
1.0133022128
0.9994808003
0.9801301362
0.9796629637
0.9862820191
1.0056858655
1.0053085695
0.9986548240
0.9888835408
0.9677412330
0.9585157368
0.9659294388
0.9802684441
0.9872203281
0.9846274208
0.9931408582
1.0042734615
1.0036852208
0.9920782976
1.0021616316
1.0173760754
1.0111072868
1.0054160852
1.0045251626
0.9970786749
0.9923080197
0.9842659056
0.9585258671
0.9654089403
0.9957847009
1.0013829256
0.9890205753
0.9877601313
0.9965167621
1.0035246093
1.0084911629
1.0174348093
1.0334536243
1.0460862356
1.0388038829
1.0236429602
1.0095577249
0.9989006129
1.0121239767
1.0051805078
0.9889367484
0.9749324552
0.9676189606
0.9925390243
1.0163124127
1.0001306930
0.9827146050
0.9971878401
1.0092654071
1.0024554439
1.0064955642
1.0175078084
1.0158851994
1.0063675391
1.0122935189
1.0303869548
1.0199690493
1.0119325133
0.9790679988
0.9612963874
0.9703595635
0.9780801115
0.9927054489
1.0213789622
1.0152348065
1.0039321141
1.0028964535
0.9929044585
0.9874995400
1.0002445456
1.0033743054
0.9904002265
0.9979028601
1.0134326269
1.0142052611
1.0066791436
0.9857391739
0.9851430965
0.9899209586
0.9662997914
0.9592408389
0.9765594243
0.9967014931
1.0054501721
1.0150597568
0.9986033392
0.9819248308
0.9881294446
0.9951509671
0.9890420043
0.9891786666
1.0121086559
1.0170688107
0.9936530653
0.9944134038
1.0021665343
1.0147512756
1.0303270648
0.9969970488
0.9949890576
1.0045354759
1.0211839714
1.0103194870
1.0171045145
1.0051384418
0.9842466969
0.9948328111
1.0094061456
1.0024491179
1.0032369266
1.0062594355
0.9845940272
0.9909754483
1.0269533786
1.0159010832
1.0051711369
0.9875044160
0.9673034791
0.9940634763
1.0495282622
1.0479945006
1.0124897645
1.0040720596
1.0038973909
1.0176693021
1.0309507431
1.0253399262
1.0167743090
1.0055422391
0.9864861424
0.9820785366
0.9904977976
0.9923318266
0.9793571951
0.9492436195
0.9659762852
0.9989900297
1.0084243544
1.0079175349
0.9719990093
0.9753765863
1.0085385041
1.0247508999
1.0160097749
1.0077649214
0.9947620352
0.9876191865
0.9720328688
0.9589681168
1.0092476093
1.0802210648
1.0619271685
1.0098470029
0.9839701369
0.9804707742
0.9853364735
0.9791064609
0.9881647353
1.0291302907
1.0341757325
1.0129199513
0.9965092075
1.0141047485
1.0266601913
1.0161760518
0.9863957745
0.9761922910
0.9842911896
0.9880580137
0.9921601890
1.0050516036
1.0138880902
1.0019192213
1.0000747093
1.0100183918
0.9995708781
0.9995142833
1.0050425598
0.9922333087
0.9965653106
1.0065159505
0.9998076842
0.9999391050
1.0056346118
1.0141746589
1.0175854366
1.0058880006
0.9987543046
1.0089083477
1.0239420073
1.0311108214
1.0243177981
1.0139554878
1.0143656061
1.0264751376
1.0321678164
1.0170213675
0.9828322093
0.9826316932
0.9955476587
0.9795361748
0.9964975282
1.0000202242
0.9862570303
0.9874040176
0.9974056962
0.9967706022
0.9937749717
1.0055502969
1.0194125049
1.0156747472
1.0048782761
1.0038417526
1.0165780398
1.0229904373
1.0160770489
0.9879715893
0.9829284959
1.0162964826
1.0129154164
0.9850628919
0.9789020745
0.9829071746
0.9937969236
1.0117517238
1.0370193549
1.0516043335
1.0389134217
1.0123162630
0.9893763410
0.9841736448
1.0048319293
1.0190781101
1.0149331395
1.0117108081
1.0038478537
1.0162526410
1.0193741743
1.0129322065
1.0074641313
1.0063105134
0.9962717562
0.9936343235
0.9938789174
0.9968326067
0.9988109568
1.0051313600
1.0144553250
1.0244846335
1.0194933614
1.0027061854
1.0013560535
0.9941137430
0.9837095549
0.9920663113
0.9941146193
0.9779382664
0.9927545674
1.0024522141
0.9951077983
0.9904628333
1.0048373838
1.0012704529
1.0046681626
1.0071201128
0.9948598011
0.9980837760
1.0178721123
1.0107528050
0.9888440974
0.9892922783
1.0020118438
1.0242337203
1.0319428921
1.0216103245
0.9952319746
0.9882504931
0.9613793176
0.9793094671
0.9997501104
1.0141446688
1.0071002595
1.0121720819
1.0129066453
1.0085332842
0.9870473407
0.9843742617
1.0067777774
1.0253783198
1.0275733156
1.0172647820
1.0089269197
1.0159398411
1.0160764746
1.0031840405
1.0188796595
1.0152749388
1.0253862450
1.0170050983
1.0042603109
0.9876787358
0.9877064114
1.0093022831
1.0177389022
1.0128665804
1.0001355123
0.9924777535
1.0014020670
1.0130990174
1.0178702672
1.0212735825
1.0295564365
1.0386385928
1.0172757183
0.9972248407
0.9793248659
0.9994102049
1.0161924390
1.0241708102
1.0267958059
1.0124651717
0.9956178636
0.9922888343
1.0015403812
1.0075008654
1.0072790339
1.0006503659
1.0029228891
1.0158817367
1.0319661974
1.0416919870
1.0396334260
1.0345255865
1.0196186173
1.0181816115
1.0051875839
1.0005725202
1.0081052909
1.0184558472
1.0228347073
1.0198570833
1.0225031563
1.0278504066
1.0199080800
1.0284000747
1.0575603636
1.0513948482
1.0057169296
0.9732915282
0.9756837568
0.9813564572
0.9765027741
0.9836147101
0.9971219448
1.0192390069
1.0169929507
0.9945376718
0.9919685440
1.0086247149
1.0232180228
1.0004228334
0.9877664793
0.9909598028
0.9949533056
1.0123302962
1.0269126867
1.0280928867
1.0201015558
1.0158344982
1.0230616244
1.0309097847
1.0296802595
1.0293427660
1.0299419218
1.0169842274
0.9975055261
1.0028393678
1.0252986752
1.0096912121
0.9835163955
0.9959615679
1.0305194938
1.0347412560
1.0139094826
0.9984134075
1.0096395007
1.0181664509
1.0128099740
1.0009049619
0.9860668478
0.9826566405
0.9898642792
0.9854073069
0.9933012054
1.0239083210
1.0168025980
0.9931877617
1.0175983538
1.0326361161
1.0078698476
1.0009137837
1.0184632595
1.0418872450
1.0380731929
1.0099454813
0.9961046785
0.9957340390
0.9905875710
0.9841146265
0.9951925600
1.0040596183
0.9966270464
1.0101152753
1.0280813503
1.0225023269
0.9964221951
0.9980970412
0.9960229534
1.0079654586
1.0174129612
1.0539694420
1.0796036808
1.0428494132
0.9988449737
0.9804491038
0.9962060662
1.0058204549
1.0220711247
1.0355118608
1.0321125206
1.0282626550
1.0290158101
1.0244351312
1.0081600489
0.9969914865
0.9724725319
0.9686199531
0.9964730426
1.0337930596
1.0167512630
0.9886038275
0.9761048677
0.9837104323
0.9915071812
0.9828675098
0.9930382421
1.0212569429
1.0288787090
1.0169506042
1.0117222925
1.0164811670
1.0241628755
1.0244092043
1.0062542882
1.0023348504
1.0135090950
1.0329340971
1.0170220579
0.9921688803
0.9913364386
0.9990893801
1.0273221342
1.0046389212
0.9606157448
0.9706374483
0.9881231979
0.9921220665
1.0041867559
0.9995613259
0.9786745478
0.9781708110
0.9747202720
0.9451998752
0.9444624330
0.9644270161
0.9693555105
0.9833944957
0.9966824929
0.9699136390
0.9744014838
0.9708956217
0.9838350023
0.9704512596
0.9581027860
0.9649066363
0.9705562298
0.9633299663
0.9511351667
0.9595471195
0.9705521090
0.9584953677
0.9447574569
0.9463839305
0.9489812625
0.9433158549
0.9492320988
0.9663513494
0.9727211691
0.9701123008
0.9625456043
0.9907849404
0.9951225137
0.9984512416
0.9851979204
0.9812988192
0.9874365395
0.9846546234
0.9677656024
0.9677560914
0.9722277897
0.9681630490
0.9749309427
0.9922660794
1.0092875734
0.9985385183
1.0025795226
0.9883184937
0.9843663138
0.9965768098
1.0157265212
1.0247452245
1.0022299398
0.9945562859
0.9875945937
0.9836162585
0.9917776910
1.0095546729
1.0292928007
1.0330814191
1.0224615949
1.0148791793
1.0128919089
1.0117339222
1.0126697631
1.0140048851
1.0176163632
1.0087208332
0.9904257808
0.9867809552
1.0011603922
1.0114847975
0.9999196247
0.9985272399
1.0020581300
0.9957406345
1.0169002183
1.0327609221
1.0315120472
1.0214746047
1.0097999160
1.0018414668
1.0010623657
1.0039594732
0.9918733080
0.9703901140
0.9877163878
0.9873651804
0.9983426457
0.9976105634
0.9899659080
0.9904422564
0.9838410241
0.9834555923
0.9813483409
0.9877611742
0.9941968431
1.0074478743
1.0190377229
1.0116381070
0.9917131900
0.9784651572
0.9714158443
0.9706796538
0.9862576888
0.9948689230
0.9924471973
0.9706691488
0.9627580323
0.9959061988
1.0201961126
1.0159107528
1.0025940259
1.0099577008
1.0111584854
1.0158470669
1.0197717747
1.0215623695
1.0322233783
1.0342203960
1.0042131908
0.9772953504
0.9789604479
0.9747957839
0.9620063226
0.9660737762
0.9829724760
1.0001199705
1.0137345894
1.0207206974
0.9979135326
0.9971935792
1.0058299860
1.0097014122
0.9941951678
0.9833548014
0.9658277628
0.9518933852
0.9619329198
0.9989019022
1.0315613658
1.0348698346
1.0200439121
1.0114761125
1.0113191340
1.0083806567
1.0321261599
1.0557854548
1.0392976825
1.0044727173
1.0157883440
1.0122340320
1.0135062809
1.0127459178
1.0081396854
1.0138286240
1.0223651025
1.0224475872
1.0039966374
0.9939161257
0.9946731856
0.9855280532
0.9707855288
0.9683858042
0.9793447435
0.9873759166
0.9868452926
0.9967250228
1.0156831050
1.0019830271
0.9814199454
0.9787870017
0.9796882199
0.9607189724
0.9780701880
0.9887493255
0.9782779592
0.9687013642
0.9630418340
0.9549987800
0.9548345895
0.9656832158
0.9655237756
0.9475883747
0.9384181333
0.9482229757
0.9648395947
0.9773971826
0.9699689716
0.9667582427
0.9508259540
0.9724676814
0.9835003032
0.9751543789
0.9773028056
1.0055241788
0.9934261899
0.9938004698
0.9919669681
0.9968062243
1.0020165056
0.9956460085
0.9936697922
0.9981042485
1.0026481349
1.0151902441
1.0228559315
1.0041593650
0.9712733475
0.9893484649
1.0082108647
0.9884310451
0.9866777544
1.0069388889
0.9999074703
0.9757761735
0.9798470995
1.0127355864
1.0231657123
1.0146700407
1.0156447004
1.0136662290
0.9951717944
0.9750607329
0.9696691034
0.9873471811
1.0076158569
1.0189561349
1.0155913488
0.9959921059
1.0018481846
1.0150829714
1.0060636512
0.9972572762
1.0072667511
1.0153990691
1.0028639127
0.9884259276
1.0006961085
1.0130549237
1.0153377667
1.0239403826
1.0413398613
1.0549643685
1.0453532053
1.0143658402
1.0040900587
1.0058441005
1.0091796942
0.9943517714
1.0120037671
1.0199537836
1.0106600872
1.0024192941
0.9906382124
0.9958546371
1.0084985614
1.0149693379
0.9955162623
0.9690215853
0.9641990434
0.9824110431
1.0004545225
1.0064459062
1.0207827994
1.0493925967
1.0529191048
1.0299283205
1.0151713536
1.0171703427
1.0067642731
1.0014789831
0.9995414712
0.9872264894
0.9977666007
1.0009251514
0.9998007332
0.9976069436
0.9880927879
0.9774433927
0.9695255578
0.9621643313
0.9682058456
0.9864586344
0.9885186237
0.9785420835
0.9815566911
0.9949793182
1.0131839447
1.0179374699
1.0076978357
0.9993401763
1.0082138765
1.0284150858
1.0111122635
0.9943155231
1.0068889082
1.0073653211
1.0102161534
1.0067921663
1.0052318992
1.0194728671
1.0346489742
1.0327430522
1.0140745143
0.9968589653
1.0024802323
1.0167014831
1.0369000609
1.0383341613
1.0268090713
1.0397815171
1.0254960679
1.0239307969
1.0193787834
1.0166959540
1.0163757559
0.9971683986
0.9857115159
0.9990864605
1.0069897484
1.0100878605
1.0218197543
1.0283703851
1.0214179445
1.0073861440
0.9980892618
0.9882657217
0.9898928693
0.9985179209
1.0156053477
1.0336860495
1.0220145349
1.0091215218
1.0022849280
1.0222930337
1.0151873070
0.9926856739
0.9873231549
1.0003665130
1.0218919593
1.0402013214
1.0408893287
1.0282659643
1.0225902673
1.0204931757
1.0088221365
1.0122009135
1.0220608247
0.9947216191
0.9865401582
1.0005210423
1.0222236495
1.0381179233
1.0369764001
1.0035166493
0.9838895609
0.9705679803
0.9765061627
0.9915321000
1.0009735311
1.0050610227
0.9991868751
1.0019774354
1.0307042920
1.0334603208
0.9981315642
0.9999187931
0.9877012419
1.0172820994
1.0219656411
1.0109739411
0.9804343366
0.9749576544
0.9789692203
0.9919813845
1.0002499865
1.0130132974
1.0034929478
0.9718367765
0.9635487760
0.9882284284
1.0180805076
1.0218881647
1.0000110224
0.9934859619
1.0000281396
0.9887880848
0.9814683375
1.0046973645
1.0085052784
1.0013274909
1.0048188092
1.0070865182
0.9901976100
0.9805846076
0.9753011080
0.9834175557
0.9824039727
0.9877680424
0.9951544166
1.0093384715
1.0185593252
1.0086199083
1.0002431847
0.9999627998
0.9991686393
0.9928460148
0.9922821146
1.0085065560
1.0319200002
1.0065127636
1.0004708350
0.9936341374
0.9911806566
0.9911451895
1.0012958833
1.0267988591
1.0185581085
1.0058456822
1.0074614582
1.0058013687
0.9994910049
1.0002370999
1.0126114349
1.0263799675
1.0153268356
0.9939639896
1.0001965112
1.0259539048
1.0230012093
1.0097731971
1.0011790152
1.0209442696
1.0234344603
1.0068779488
0.9991161496
1.0117604684
1.0060682828
1.0033828153
0.9869792666
0.9862358084
1.0089502440
1.0214565991
1.0192563142
1.0054638959
0.9973561549
1.0022090384
1.0127522876
0.9872278047
0.9821134297
0.9944460226
1.0116138352
1.0075721829
0.9965722126
0.9773044416
0.9958584003
1.0156343476
1.0131573507
1.0006502573
1.0059967467
1.0243457539
1.0426181665
1.0608526260
1.0667623230
1.0559024363
1.0512231819
1.0399525310
1.0151765025
1.0015471858
0.9942028676
0.9917179352
0.9987815667
1.0299539822
1.0342071084
1.0283904686
1.0250683995
1.0031264155
0.9862303640
0.9975364816
1.0104963623
1.0152213803
1.0168827500
1.0114497982
1.0003454402
0.9914412593
0.9896954254
0.9901044570
0.9816587775
1.0068536863
1.0378821761
1.0035741829
1.0049914027
0.9934049506
0.9976515531
1.0013906523
1.0021866258
0.9961550055
0.9974511734
1.0072375400
0.9702435715
0.9491738234
0.9637532019
0.9705530380
0.9713553532
0.9756746124
0.9917699081
0.9830349325
0.9561211633
0.9412168167
0.9731549902
0.9873121383
0.9539313031
0.9510776880
0.9459083359
0.9515777963
0.9714676775
0.9886662004
0.9760214676
0.9620336322
0.9547245157
0.9529367965
0.9577138697
0.9725258484
0.9965812560
1.0154882944
1.0215245905
1.0186216284
1.0097860312
1.0002467223
0.9769647436
0.9770584641
0.9913879559
1.0066772479
1.0004982183
1.0099123260
1.0169854564
1.0160446789
0.9994830537
1.0013142149
1.0135815112
1.0046019205
0.9999307930
1.0077321640
1.0016310788
0.9961882161
1.0038424143
1.0117680356
1.0199677469
1.0221663341
1.0092689794
1.0068451062
1.0062280077
0.9968099185
1.0074784829
1.0285006081
1.0171456442
1.0048950191
1.0044610539
1.0145366962
1.0271079620
1.0283763058
1.0138781920
0.9978306494
0.9968973119
1.0042001002
1.0058358240
1.0118992372
1.0127474191
1.0119095184
0.9968472032
0.9936353581
1.0009781734
0.9969754153
0.9984496855
1.0009332727
1.0128662118
1.0268241207
1.0347236465
0.9988113081
0.9711911900
1.0012311087
1.0418514592
1.0375388504
1.0135817822
1.0223707116
1.0517583595
1.0461188045
1.0124131165
0.9907025344
0.9953877126
0.9829268426
0.9952882909
1.0011105094
1.0052095301
1.0043911481
0.9979931084
1.0245331346
1.0205637638
0.9977733556
0.9740983434
0.9670639685
0.9709010674
0.9802004606
0.9979585380
1.0191227277
1.0416265186
1.0499409776
1.0375253482
1.0139683468
1.0255415552
1.0451213486
1.0341311449
1.0149939664
1.0116002274
1.0271990119
1.0302620758
1.0206946390
1.0105427965
0.9843342995
0.9662674232
0.9848466680
1.0103595541
1.0065394683
0.9897585596
0.9784519955
0.9689302952
0.9846127321
1.0123660578
1.0163671804
1.0080081135
1.0057684885
1.0018723495
1.0106509212
1.0128320365
1.0275256161
1.0013764275
0.9861181768
0.9919605789
1.0006385506
1.0037754986
0.9815404525
0.9647745589
0.9791605141
0.9993214274
1.0090132340
1.0137698721
1.0118033564
1.0010694925
0.9890323538
1.0092462860
1.0298546827
1.0137539823
1.0226226346
1.0505766905
1.0303434786
0.9864219430
0.9536170027
1.0049090537
1.0325389120
1.0187388375
1.0027182720
0.9962772978
0.9964486070
0.9975727715
0.9980415996
1.0052667419
1.0128154663
1.0150519345
1.0325998544
1.0159389856
0.9938291182
1.0101686383
0.9977304507
0.9965157734
0.9952180753
1.0033479290
0.9970220433
0.9936410621
1.0070757422
1.0205491002
1.0312446253
1.0249504191
1.0187264942
1.0197406367
1.0168620236
1.0154245971
0.9973550613
1.0117762044
1.0171694335
0.9860612434
0.9923217375
1.0068962189
1.0044478352
1.0095787349
0.9939257731
0.9934748516
1.0001035409
0.9985721229
0.9985466894
1.0185044025
1.0592431992
1.0646560888
1.0292350830
1.0004841355
