#flux
0.9910473559
0.9912858436
0.9883622768
0.9809211069
0.9785490214
0.9776041709
0.9662280414
0.9688353398
0.9795072782
0.9774445690
0.9768695344
0.9871704960
0.9926808447
0.9892523748
0.9871795642
0.9850800045
0.9881269548
0.9941645592
0.9958374994
0.9916708436
0.9908675004
0.9937597392
0.9903789157
0.9797144891
0.9708994259
0.9634795062
0.9509389481
0.9466332579
0.9378909089
0.9355841203
0.9461538688
0.9640623420
0.9826431348
0.9925748075
0.9894694020
0.9956939444
0.9935174240
0.9916727284
0.9916866212
0.9925292967
0.9945339178
0.9971912685
1.0009078214
1.0073029923
1.0132039636
1.0131357137
1.0084809000
1.0002570712
1.0000162399
0.9945322109
0.9844758545
0.9765720462
0.9759548592
0.9794343129
0.9767971034
0.9796647638
0.9876252137
0.9830003779
0.9833471519
0.9870110001
0.9902179734
0.9920707552
0.9874079741
0.9825409679
0.9844058467
0.9816417103
0.9729427564
0.9619137853
0.9359964781
0.9044283113
0.8785020747
0.8675275482
0.8789836134
0.9087616681
0.9438175573
0.9687686660
0.9790424788
0.9824765401
0.9808006410
0.9796934883
0.9776597055
0.9708275049
0.9636220164
0.9611168416
0.9614121449
0.9619579695
0.9614271935
0.9528507954
0.9294227892
0.9092180261
0.8954224667
0.8847921218
0.8863615573
0.9057632485
0.9273687833
0.9474991894
0.9570868351
0.9531388811
0.9262189923
0.8878626820
0.8599383251
0.8494433221
0.8527917581
0.8724818223
0.9067260770
0.9420119459
0.9679843298
0.9747560965
0.9787977866
0.9767805146
0.9739314895
0.9633960851
0.9464197532
0.9372381188
0.9372137421
0.9498301128
0.9697512946
0.9765779188
0.9753011554
0.9772492027
0.9788259740
0.9789684511
0.9831632229
0.9884885291
0.9862536731
0.9791187897
0.9777058480
0.9779904681
0.9693493999
0.9715998790
0.9765074572
0.9743661303
0.9605278612
0.9479620616
0.9495631889
0.9522244003
0.9515956664
0.9443453296
0.9515879593
0.9602356856
0.9667722646
0.9716952816
0.9708000453
0.9673510122
0.9689938728
0.9734292408
0.9692696210
0.9587060769
0.9602096486
0.9628446085
0.9649168368
0.9681283923
0.9691533653
0.9730697584
0.9785988149
0.9739369979
0.9542004198
0.9234437957
0.8953224832
0.8716211121
0.8611794443
0.8688570180
0.8925271489
0.9256441688
0.9542236567
0.9649873426
0.9601381461
0.9541661964
0.9503767351
0.9453257830
0.9411301123
0.9306817832
0.9209479836
0.9112766418
0.8992737868
0.8856626638
0.8750230462
0.8730569156
0.8802042476
0.8950719687
0.9119305510
0.9246173614
0.9293186383
0.9268968672
0.9238101001
0.9237235360
0.9216098125
0.9154548410
0.9110040922
0.9088292596
0.9060328779
0.9032363033
0.8988840607
0.8950266781
0.8865546447
0.8824965423
0.8704222758
0.8496591590
0.8305577069
0.8046233890
0.7730714833
0.7286499403
0.6687397921
0.6024229293
0.5353716542
0.4671169166
0.3991171106
0.3401982423
0.2935771362
0.2569124043
0.2294738181
0.2109440863
0.2028143314
0.1947824133
0.1950491819
0.2005304775
0.2078783481
0.2208696207
0.2389986667
0.2621612084
0.2942766545
0.3381166883
0.3941200493
0.4605920922
0.5296384607
0.5993356053
0.6730444217
0.7326861205
0.7755537434
0.8172243137
0.8486583608
0.8539521557
0.8478714441
0.8584389636
0.8721032077
0.8791484112
0.8848088146
0.8914840260
0.8969927840
0.9048094369
0.9128208910
0.9161727741
0.9173070964
0.9229802219
0.9318931400
0.9368719709
0.9396438704
0.9431976386
0.9388820227
0.9411948050
0.9415016418
0.9434089915
0.9427883820
0.9411331048
0.9390617109
0.9334727359
0.9310519218
0.9299297896
0.9277874878
0.9294257395
0.9326666933
0.9415244344
0.9529261294
0.9595830358
0.9609110815
0.9586933869
0.9553292963
0.9543840136
0.9570307248
0.9603827684
0.9629211576
0.9693192345
0.9793286432
0.9785065375
0.9762164184
0.9715099653
0.9677668411
0.9699158010
0.9735675752
0.9744244206
0.9788875377
0.9765754110
0.9709118826
0.9698308080
0.9727580220
0.9803736033
0.9845755973
0.9775051916
0.9742268376
0.9798581477
0.9833598248
0.9828575662
0.9806384136
0.9789535543
0.9840953325
0.9865292437
0.9953563283
0.9995009814
0.9964623724
0.9868589231
0.9820270271
0.9865951429
0.9906222214
0.9911404411
0.9897115061
0.9857298151
0.9854154346
0.9888567577
0.9878095978
0.9888079283
0.9929779878
0.9878510461
0.9807274653
0.9780047373
0.9762322878
0.9703116514
0.9495480218
0.9201571894
0.8591747952
0.8004031594
0.7681665397
0.7679034584
0.8048447781
0.8639125265
0.9171133547
0.9521926122
0.9715499554
0.9819712451
0.9864691023
0.9813120571
0.9775591154
0.9724143771
0.9612976189
0.9715246084
0.9725965732
0.9749428082
0.9727615082
0.9723748298
0.9758796773
0.9783521377
0.9818384529
0.9762050851
0.9688078781
0.9646979497
0.9552230814
0.9466226858
0.9513806995
0.9626653446
0.9713347049
0.9689256591
0.9633717027
0.9660394713
0.9727424689
0.9742796026
0.9764944465
0.9807770581
0.9869103117
0.9877920054
0.9920622524
0.9981172811
1.0002126335
0.9978753635
0.9952452934
0.9943880377
0.9937989713
0.9931998118
0.9936255962
0.9915182330
0.9831861727
0.9795709692
0.9917229073
0.9891704889
0.9873871756
0.9946418448
0.9995996280
0.9878527314
0.9605790858
0.9132227298
0.8486964684
0.8007023062
0.7813901186
0.8000029605
0.8530951927
0.9122403790
0.9548777539
0.9782758038
0.9879752982
0.9943451597
0.9979693049
0.9945958733
0.9913144822
0.9946763492
0.9969764733
1.0010459768
1.0067920655
1.0032153485
1.0010263234
1.0032338158
0.9972186697
0.9863600769
0.9620011977
0.9182889806
0.8648842983
0.8209071954
0.8027544690
0.8169885494
0.8609402115
0.9177351780
0.9602680518
0.9844701941
0.9841815050
0.9816049434
0.9799774244
0.9567535509
0.9095982495
0.8438904570
0.7798769195
0.7470907917
0.7582194312
0.8043045137
0.8689896318
0.9252088306
0.9619381348
0.9768827241
0.9839099210
0.9916887071
0.9950452304
0.9996760211
0.9996420842
0.9986031521
0.9970803105
0.9994855772
1.0069762390
1.0027336175
0.9977533796
0.9808100716
0.9807763196
0.9779190986
0.9826699512
0.9864807352
0.9880788411
0.9907202979
0.9952573894
0.9976593737
0.9942382803
0.9884416825
0.9866465684
0.9874814369
0.9859436272
0.9904706728
1.0072607555
1.0016325341
1.0070540367
1.0038880853
0.9994499323
0.9988771447
0.9963082803
0.9966159437
0.9979901277
0.9982180745
0.9976089538
0.9938663047
0.9956426461
1.0009201105
1.0029712657
1.0037502149
1.0037497018
1.0032037132
1.0046896878
1.0005631574
0.9998532670
0.9993186550
0.9979905521
0.9964702139
0.9973911916
0.9997322689
0.9918121787
0.9860170838
0.9932046609
0.9962265555
1.0029846738
1.0066493108
1.0022789668
0.9973223319
0.9964584388
0.9976456390
0.9972210134
0.9938863710
0.9926007110
0.9947333655
0.9939608540
0.9943517510
1.0046832042
1.0011861604
1.0002153542
1.0002312092
0.9977489113
0.9965007951
0.9934910767
0.9848603549
0.9831394860
0.9817040647
0.9728916036
0.9652861183
0.9649913031
0.9677643629
0.9736579544
0.9832964159
0.9914857419
1.0013387371
0.9981896167
0.9902868390
0.9917523130
0.9904377616
0.9804176598
0.9682723725
0.9592407252
0.9363882051
0.9012034471
0.8711792431
0.8564689367
0.8641233811
0.8906775870
0.9298548975
0.9664824816
0.9880710077
0.9913008360
0.9866940589
0.9911944697
0.9882867614
0.9976342462
1.0029535464
1.0011313641
0.9950564051
0.9884390589
0.9887692594
0.9890597022
0.9853251614
0.9881924627
0.9946480935
1.0027658631
0.9987216337
0.9907899633
0.9874555118
0.9875186018
0.9880078367
0.9865840267
0.9829454135
0.9796993984
0.9820770525
0.9883565477
0.9901760745
0.9893058571
0.9950062143
0.9939227906
0.9841416807
0.9950650285
0.9980345245
0.9913846512
0.9784957805
0.9634260252
0.9588660076
0.9591286205
0.9623613609
0.9706282099
0.9792399243
0.9862391410
0.9944257987
0.9992722542
0.9946879660
0.9898847286
0.9936268193
0.9975370289
0.9935843657
0.9921674336
0.9947250296
0.9836122356
0.9813672730
0.9791868120
0.9823303034
0.9906074110
0.9965238986
0.9965484476
0.9951428125
0.9966013983
0.9988011549
0.9989432526
0.9968762648
0.9934801592
0.9922599724
0.9881309820
0.9766368389
0.9783605692
0.9760688606
0.9680057136
0.9839412009
0.9980809911
1.0038479888
1.0017559059
0.9930529814
0.9855561664
0.9779130590
0.9500574896
0.8921847398
0.8303388075
0.7983919450
0.8076342137
0.8486463940
0.9024338424
0.9486528238
0.9709864390
0.9833998831
0.9837915206
0.9853490540
0.9898326441
0.9936686342
0.9958268710
0.9924654469
0.9852630352
0.9858250894
0.9926372377
0.9917276551
0.9924735699
0.9974105780
0.9975469309
0.9939613283
0.9902277081
0.9854965884
0.9856002383
0.9906371250
0.9883966300
0.9815840158
0.9838463756
0.9909974839
0.9968464429
1.0012080256
1.0016455357
0.9960911685
0.9924140118
0.9939035678
0.9894125988
0.9870082326
0.9848798673
0.9832702579
0.9846051413
0.9867358884
0.9858083994
0.9856310110
0.9923375350
0.9945305620
0.9818289796
0.9725292423
0.9754843775
0.9764283262
0.9799372365
0.9840351011
0.9771709458
0.9743335028
0.9812118950
0.9902307829
0.9951075606
0.9967585135
0.9997866136
0.9968554103
0.9922552411
0.9876031841
0.9815349516
0.9793214791
0.9818409496
0.9895896682
0.9950597192
0.9981046505
1.0031702441
1.0064966727
1.0037094403
0.9963779044
0.9923618086
0.9972275540
1.0012800804
0.9989960401
0.9954849662
0.9928068894
0.9923139027
0.9926103882
0.9889704676
0.9830957320
0.9796722418
0.9733856608
0.9648290139
0.9656739147
0.9650785127
0.9732084006
0.9769521067
0.9844970662
0.9909014863
0.9875555320
0.9947960854
0.9910736608
0.9858425437
0.9876603588
0.9928894123
0.9923964548
0.9885541877
0.9944762067
0.9964439228
0.9821575052
0.9611069176
0.9385944440
0.9174332917
0.9091390312
0.9084451529
0.9018469926
0.8598523229
0.7725497350
0.6839270910
0.6333499350
0.6308084516
0.6888761228
0.7867733192
0.8791240458
0.9409448572
0.9692468081
0.9728028437
0.9781289233
0.9791365472
0.9751783745
0.9674498067
0.9454874186
0.8990498484
0.8154257026
0.7320808110
0.6873250623
0.6864467805
0.7366641439
0.8282217445
0.9084447168
0.9611191332
0.9843712039
0.9895011488
1.0003987129
0.9925259975
0.9907287067
0.9937030112
0.9958685345
0.9967950247
0.9967581898
0.9970460739
0.9983026918
0.9974836691
0.9933490311
0.9904048913
0.9850329219
0.9916201669
0.9898724359
0.9764222644
0.9766777036
0.9864071142
0.9898886536
0.9938945626
1.0022975122
1.0048571386
0.9994978759
0.9901764098
0.9771922191
0.9708592895
0.9712124225
0.9725751137
0.9743522917
0.9725467210
0.9697788073
0.9746108381
0.9774069839
0.9838976973
0.9932844390
0.9937297341
0.9932578983
0.9998429655
1.0068239227
1.0015400553
0.9951456315
0.9926832122
0.9936206377
0.9957238573
0.9983113679
1.0009586752
1.0016908820
1.0017889831
0.9986713085
0.9888811999
0.9715857300
0.9362967747
0.8967767504
0.8650819006
0.8690249921
0.8852911507
0.9162013494
0.9604930915
0.9857315180
0.9976836850
1.0010199397
1.0022262019
1.0024328479
0.9957282065
0.9921284269
0.9917711621
0.9890068171
0.9818594636
0.9673198283
0.9469278994
0.9303567215
0.9226006429
0.9239397625
0.9375117594
0.9649336218
0.9897474343
0.9820987020
0.9604055531
0.9219537440
0.8992613837
0.8968629020
0.9075334948
0.9419656718
0.9738318157
0.9888094476
0.9962965892
0.9991546934
1.0035947365
1.0086148392
1.0020295053
0.9940483166
0.9956173198
0.9933254813
0.9957681575
0.9998249771
0.9950054894
0.9915237235
0.9943990671
0.9998899876
0.9976302210
0.9958470803
0.9980928362
1.0039171721
1.0061431022
1.0040704677
1.0059813403
1.0026125160
0.9939815917
0.9929381584
1.0006211740
1.0069351143
1.0020466433
0.9996352336
0.9980950815
0.9978316607
1.0003836631
0.9914613134
0.9889867835
0.9934372657
0.9900994074
0.9862154693
0.9978450537
1.0056415036
1.0066406320
1.0083972661
1.0052065413
1.0012402925
1.0009909536
1.0018153413
1.0042612741
1.0062600804
1.0007199724
0.9884674720
0.9854219442
0.9830699127
0.9845551574
0.9897447074
0.9974783786
1.0021748522
1.0038529091
1.0060423925
0.9976313800
0.9995800556
1.0073800967
1.0074120786
1.0071824826
1.0011321915
0.9919555376
0.9869672091
0.9827944845
0.9783084811
0.9725286158
0.9785228886
0.9938714817
1.0007347971
1.0025947352
1.0019223471
0.9980253107
1.0009945868
1.0038963729
1.0030040547
1.0010374680
1.0006052568
1.0034818997
1.0051790361
1.0031595705
0.9965591190
0.9766312474
0.9378034918
0.8905020238
0.8526445813
0.8391549990
0.8575036829
0.9007189747
0.9495373499
0.9826688450
0.9959899950
0.9960645644
1.0009159156
1.0051629332
1.0072067867
1.0078428502
1.0025888754
0.9959742075
0.9895990608
0.9856141812
0.9820844862
0.9790450575
0.9802199983
0.9821006476
0.9764898253
0.9657680028
0.9593864902
0.9594234114
0.9618140344
0.9670983545
0.9734205135
0.9991449295
1.0062230019
1.0037561561
1.0014241211
0.9981331212
0.9992234676
1.0018746565
0.9941912802
0.9887246068
0.9887616406
0.9840740228
0.9658722592
0.9476378201
0.9453069913
0.9492104536
0.9627458708
0.9731547491
0.9774312065
0.9696281349
0.9699359014
0.9761328036
0.9833964583
0.9922687559
0.9948289367
1.0007205463
1.0051546759
1.0040271352
0.9942293800
0.9654673474
0.9308549560
0.9054061528
0.8908473642
0.8950289114
0.9225434529
0.9571783298
0.9849812975
0.9978622840
0.9976421459
0.9927026340
0.9956345986
0.9989354055
0.9987744904
0.9948707561
0.9922121912
0.9887261205
0.9643386632
0.9091856469
0.8366810611
0.7707408220
0.7359133595
0.7475629699
0.8010246161
0.8745575069
0.9321910059
0.9496085349
0.9445810164
0.9231058529
0.9021600738
0.9004801436
0.9078617678
0.9214162581
0.9423201925
0.9683290358
0.9840480735
0.9938742351
1.0014043439
1.0012289116
0.9994568778
1.0019562326
1.0098828058
1.0085396205
1.0026384507
1.0019901042
0.9971945805
0.9927031261
0.9938660702
0.9874878127
0.9838296230
0.9900520517
0.9935968626
0.9960202898
1.0019025634
0.9999954866
0.9963586727
1.0049239217
1.0024006956
0.9985622940
1.0007810821
1.0056338225
1.0016990071
0.9978751299
0.9968177204
0.9976857275
1.0017378766
0.9983397424
0.9933780431
0.9881791338
0.9829937538
0.9877655632
0.9906641453
0.9836631507
0.9866776102
0.9808041724
0.9767900355
0.9779454222
0.9825224445
0.9745864968
0.9669907224
0.9675611619
0.9684361693
0.9685742443
0.9714092876
0.9708355549
0.9651531875
0.9658805635
0.9719744544
0.9703720730
0.9684691248
0.9652182195
0.9591290766
0.9556170632
0.9523330021
0.9525857296
0.9525220253
0.9509729893
0.9405161019
0.9195497110
0.9067532011
0.9100030033
0.9213377236
0.9434257257
0.9734781251
0.9960383502
1.0060600845
1.0076092570
1.0006149406
0.9935630737
0.9960150586
1.0012131372
1.0009476181
1.0025567092
0.9998649325
0.9929280255
0.9945888991
0.9963940883
0.9962008789
0.9958263679
0.9956947867
0.9968936649
1.0006776338
1.0020160550
1.0011793801
1.0068665347
1.0108565152
1.0046422184
1.0062032223
1.0083348388
1.0053331876
1.0013414316
0.9955161357
0.9958396027
0.9950608031
1.0105077959
1.0091345188
0.9975420093
0.9976080939
0.9999502067
1.0019364567
1.0032873084
1.0044696568
1.0020419630
1.0015942125
1.0063052302
1.0070481660
0.9995278996
0.9897248703
0.9830219643
0.9760875408
0.9698247971
0.9699047546
0.9667630388
0.9672133152
0.9826753225
0.9808618788
0.9832298163
0.9884253155
0.9925254303
0.9905664464
0.9900441097
0.9906709933
0.9882488546
0.9826577931
0.9779065980
0.9796379124
0.9867221244
0.9923094325
0.9971883555
0.9995943377
1.0027710448
0.9995089907
1.0002872719
0.9898314663
0.9889266463
0.9878395062
0.9849490326
0.9924156190
0.9988824363
1.0009798196
0.9997387755
0.9991219395
1.0010395642
1.0034339633
1.0061422931
1.0028225929
0.9938909166
0.9965789045
1.0007797108
0.9930502947
0.9947690252
0.9967967274
1.0074060620
0.9952753920
0.9970495596
0.9871904838
0.9823063186
0.9836276514
0.9963334530
1.0013642183
1.0060548186
1.0056838126
1.0005804457
1.0000760106
1.0029259669
1.0030164294
1.0018866459
1.0010957164
0.9978836894
0.9937784220
0.9989964548
0.9996560317
1.0034998506
1.0015444477
1.0011957966
1.0009009539
0.9996824153
0.9982134743
0.9990861493
0.9941885824
0.9914428523
0.9974063195
0.9975919020
0.9938176485
0.9960260854
1.0010454717
1.0025406718
0.9984600058
0.9958957991
1.0034495927
1.0080248411
1.0023981400
1.0038945129
1.0030436927
0.9895914876
0.9987502735
0.9959840165
0.9903788333
0.9907786055
0.9899463753
0.9935969412
1.0003805726
1.0047018181
1.0045359612
1.0024061930
1.0020415403
1.0018063917
1.0022317298
1.0055007187
0.9973146694
1.0025289075
1.0045723468
1.0017567435
1.0072671461
1.0041041007
0.9936594945
0.9963265047
0.9946798639
0.9907673712
0.9944759575
1.0009569908
1.0047473845
1.0042368269
1.0028019329
0.9957822762
0.9846474986
0.9796840517
0.9809602431
0.9837220008
0.9816083073
0.9918485961
0.9901887129
0.9830785043
0.9778697558
0.9766459485
0.9717532616
0.9662225171
0.9772902404
0.9871130742
0.9876041320
0.9829296032
0.9709887181
0.9527715718
0.9275050064
0.8924425573
0.8581111272
0.8457879443
0.8611254438
0.8932270025
0.9385151048
0.9775085929
0.9909191270
0.9977085533
1.0045565223
0.9982197546
0.9931819980
0.9942993885
1.0008497536
1.0040965425
1.0054397041
1.0039609884
1.0042052346
0.9973649373
0.9890741611
0.9887054699
0.9920769182
0.9925480792
0.9921762615
0.9956671570
0.9981644350
1.0028668329
1.0038125863
1.0043965038
1.0100897039
1.0143009461
1.0053615307
1.0079192698
1.0058886133
1.0059482531
1.0018921212
1.0028637791
1.0012275831
0.9965623667
0.9926346872
0.9863588630
0.9678023127
0.9383296873
0.9129670606
0.8973396512
0.8991190029
0.9300236115
0.9546520696
0.9786307214
0.9936131257
1.0026518864
1.0049363110
0.9979823124
0.9941107569
0.9937204223
0.9984950176
1.0013943165
0.9989807240
0.9943110108
0.9949622323
0.9993126255
0.9995609490
0.9986630777
0.9998917158
0.9971650502
0.9957491768
0.9931957509
0.9900169934
0.9869913136
0.9857546763
0.9891238821
0.9951122836
0.9976482539
0.9983671546
0.9996999865
1.0039732145
1.0042477186
1.0020837629
1.0002841354
0.9995765204
0.9980424940
0.9928094157
0.9827099457
0.9647876076
0.9423109350
0.9332727071
0.9347996602
0.9416881899
0.9732130423
0.9844062964
0.9928072637
0.9948157885
1.0047721892
1.0014405730
0.9982970650
0.9993468861
0.9961419061
0.9921712032
0.9925359431
0.9913764157
0.9893123437
0.9859236385
0.9814417442
0.9780477037
0.9732608194
0.9756870901
0.9777658695
0.9810430445
0.9827095225
0.9846041416
0.9832784637
0.9761245162
0.9713354941
0.9706845200
0.9708176309
0.9687065645
0.9649366613
0.9651120369
0.9690817608
0.9712071313
0.9736336999
0.9790303717
0.9803291344
0.9713899592
0.9531795222
0.9320152061
0.9286021152
0.9431469283
0.9577582682
0.9717055934
0.9823361936
0.9885405892
0.9968921862
0.9951818993
0.9955070593
1.0002200160
1.0007061175
0.9957529272
0.9859274419
0.9665716686
0.9383909487
0.9172429044
0.9098181323
0.9066445195
0.9004622604
0.8767179395
0.8305371236
0.7983930607
0.7910495653
0.8068263924
0.8544254051
0.8860645968
0.8830756882
0.8693800497
0.8586059724
0.8769569573
0.9065804757
0.9416388238
0.9702991762
0.9846231371
0.9895161787
0.9947145910
0.9949783967
0.9910773062
0.9969409469
0.9994269749
0.9929098941
0.9769195390
0.9536834400
0.9393003980
0.9174002335
0.9196458584
0.9360980260
0.9560381929
0.9772875149
0.9855866407
0.9888295350
0.9862569491
0.9769942442
0.9681013701
0.9661357932
0.9723738360
0.9832520421
0.9924236709
0.9971217262
1.0003019705
1.0025435704
0.9988808458
0.9811823288
0.9866177244
0.9833700662
0.9786783230
0.9772756009
0.9906035410
0.9931508762
0.9895093687
0.9961041091
0.9960336139
0.9901752845
0.9929534485
0.9956726724
0.9924761937
0.9941509679
0.9998158663
0.9998300882
0.9994638576
1.0018273768
1.0003704587
1.0007150508
1.0004005661
0.9958366427
0.9999683280
0.9994156842
0.9916419659
0.9905507862
0.9910082083
0.9885932924
0.9830792256
0.9811720070
0.9876060993
0.9937084880
0.9881640849
0.9835699459
0.9919862051
0.9951380812
0.9865194193
0.9867699354
0.9897586676
0.9886831423
0.9850788889
0.9869141260
1.0021194444
1.0008169561
0.9972871901
0.9945227447
0.9935562593
0.9913534309
0.9967964323
0.9950200718
0.9911144201
0.9910101747
0.9916280663
0.9863553607
0.9740823360
0.9577314434
0.9346555351
0.9115187563
0.8945420250
0.8830890527
0.8846518739
0.8975385703
0.9227838675
0.9547428581
0.9729989659
0.9854596816
0.9880655257
0.9965992258
0.9982184083
0.9895360797
0.9833091245
0.9893605335
0.9938250620
0.9915512618
0.9953569505
0.9984856458
0.9913052917
0.9910715616
0.9909838099
0.9987659533
1.0007924810
1.0002560216
0.9923697383
0.9882473600
0.9930244571
0.9932629954
0.9896601159
0.9939523378
0.9958357650
0.9932967622
0.9965800570
1.0010977641
0.9986084529
0.9913792229
0.9870136950
0.9905313920
0.9950490358
0.9889452567
0.9854532203
0.9930157779
0.9972969601
0.9909255724
0.9900714884
0.9796488309
0.9775570102
0.9830773957
0.9855351372
0.9828184597
0.9893569616
0.9929726075
0.9909971755
0.9900847311
0.9899796984
0.9912971792
0.9911913936
0.9882618674
0.9904791058
0.9891415695
0.9750717840
0.9457024750
0.8870702936
0.7920571809
0.6907632127
0.6394624279
0.6551435887
0.7264893186
0.8233250277
0.9097185869
0.9611702992
0.9819616725
0.9891564937
0.9916531725
0.9856785690
0.9776153460
0.9842469797
0.9954548138
0.9902904113
0.9864080235
0.9916884835
0.9997420467
0.9970538426
0.9972820476
0.9981106491
0.9949525913
0.9918453777
0.9776881919
0.9652131668
0.9605043883
0.9513149902
0.9479644012
0.9553629162
0.9648213144
0.9779104137
0.9862512271
0.9880916808
0.9924482050
0.9934955057
0.9958634178
0.9998363355
1.0005827329
0.9978954349
1.0014043543
0.9941491274
0.9808809134
0.9827137079
0.9903391516
0.9886649772
0.9861329004
0.9984214912
1.0025681683
0.9978691984
0.9966788561
0.9969597425
1.0028392611
1.0076215231
0.9969592157
0.9778408379
0.9526236998
0.9314631329
0.9339094701
0.9403382842
0.9602241642
0.9788198228
0.9968438165
1.0044355457
1.0018150442
0.9974775332
0.9941342560
0.9896197708
0.9913878926
0.9965534543
0.9986039558
0.9945929957
0.9887462906
0.9808579619
0.9633254872
0.9371175657
0.9160505976
0.9134176580
0.9257947836
0.9479191656
0.9699468531
0.9866785980
0.9926315423
0.9946043888
0.9978631350
0.9976042092
0.9980354570
1.0008110587
0.9969866746
0.9923059476
0.9859644466
0.9854001929
0.9911731956
0.9972293426
0.9962049041
0.9892020847
0.9911144164
0.9890279455
0.9872968359
0.9877652601
0.9824526864
0.9896418335
0.9931380012
0.9923562424
0.9954853945
1.0011062328
1.0000243572
1.0000871789
0.9996374319
0.9959738483
0.9955804982
0.9997241147
0.9990580593
0.9911973207
0.9854271262
0.9862707352
0.9890207172
0.9893223240
0.9863027136
0.9904272413
0.9960869518
1.0068861854
1.0077658261
0.9977172881
0.9871128476
0.9863564726
0.9871781099
0.9841411984
0.9813425134
0.9875038103
0.9913630153
0.9922147999
0.9926578030
0.9901379714
0.9905983376
0.9988298704
1.0025529866
0.9962443189
0.9973784824
1.0018306457
0.9923215271
0.9877179717
0.9941271067
0.9896505489
0.9915173552
0.9886838362
0.9919239071
0.9892531340
0.9894481042
0.9910977423
0.9908326346
0.9956183601
1.0042781848
1.0059884517
0.9987213196
0.9910531804
0.9877717369
0.9869774651
0.9906410767
0.9964597520
0.9930028043
0.9858420806
0.9842129179
0.9899426668
0.9932292825
0.9959253212
0.9999653710
0.9984683906
0.9922088472
0.9873645741
0.9828576309
0.9692485645
0.9583820713
0.9600097973
0.9671797427
0.9770750989
0.9887049653
0.9964707970
0.9966717485
0.9929035347
0.9915616385
0.9896091924
0.9814987906
0.9887367328
0.9821925732
0.9854036152
0.9907809666
0.9939504441
0.9951492609
0.9964880715
0.9912153695
0.9902197590
0.9944389247
0.9930531070
0.9890790424
0.9880837121
0.9876036473
0.9925880627
1.0009079106
1.0071350229
1.0030973528
0.9971137885
0.9993353724
1.0121091122
1.0068937673
0.9991340252
0.9976812688
0.9958939243
0.9953628165
0.9920953817
0.9921927041
0.9956202253
0.9910924477
0.9836776593
0.9836477837
0.9846126041
0.9828917688
0.9835545896
0.9837539072
0.9847216675
0.9807894430
0.9816017013
0.9777996139
0.9748673816
0.9730060387
0.9830036586
0.9809556437
0.9830463282
0.9898073101
0.9881165865
0.9859930662
0.9856419914
0.9875744516
0.9906071295
0.9917667483
0.9922652891
0.9965581451
1.0033280423
1.0002544706
1.0020601286
1.0037509345
1.0022507971
0.9972317568
1.0045144370
0.9960793146
0.9942789927
0.9940361988
0.9919335996
0.9895509601
0.9891829221
0.9879879234
0.9902722215
0.9914970807
0.9937295133
0.9974397984
0.9987783233
0.9996910466
0.9945243346
0.9901711655
0.9888808623
0.9888429785
0.9996159457
0.9978979407
0.9989905791
0.9991176755
0.9872416975
0.9824184694
0.9860551164
0.9940556430
0.9893569998
0.9846029164
0.9808611012
0.9759024424
0.9672921230
0.9656642716
0.9794565658
0.9897547157
0.9880794543
0.9882617427
0.9902359060
0.9958774930
0.9964381596
0.9956454066
0.9944513915
0.9926050188
0.9903264909
0.9869338427
0.9819163653
0.9884137708
0.9867156364
0.9776292186
0.9734708116
0.9669690314
0.9598078925
0.9596024479
0.9650287673
0.9730690189
0.9788544919
0.9822391564
0.9799043745
0.9917358380
0.9934361971
0.9897550890
0.9919979868
0.9972978011
1.0055867098
0.9935812013
0.9934881011
0.9981948864
0.9936493738
0.9943042736
0.9974929225
1.0037306206
1.0035240661
0.9921613090
0.9831567318
0.9810806535
0.9817985577
0.9870255200
0.9940856584
1.0011168254
1.0070266155
1.0016662427
0.9955496725
0.9745857350
0.9662614726
0.9442517483
0.9078276697
0.8690817209
0.8124618245
0.7417519969
0.6863421891
0.6704058385
0.6940014271
0.7555121278
0.8449699743
0.9268593573
0.9744571021
0.9914446195
0.9909901254
0.9912188196
0.9976967181
0.9941578858
1.0003617174
0.9986017635
0.9891315760
0.9796248984
0.9775970404
0.9817081997
0.9869273635
0.9931892194
0.9996971547
1.0027620407
0.9981635161
0.9945552103
0.9986867043
0.9996928980
0.9916293471
0.9835634070
0.9786157739
0.9663029165
0.9647396552
0.9612117496
0.9532374811
0.9570791913
0.9585093215
0.9677381211
0.9713096592
0.9809891068
0.9839832594
0.9917165553
0.9974140773
1.0015847044
0.9985898580
0.9950066057
0.9955000161
0.9913026322
0.9910494427
0.9976763786
1.0029274452
0.9928077311
0.9798610522
0.9780677250
0.9743171987
0.9793079011
0.9798605739
0.9818542925
0.9890833672
0.9938524509
0.9973420215
0.9997367146
0.9987067335
0.9992996947
0.9953276796
0.9846559988
0.9775718827
0.9683796699
0.9507774358
0.9460133301
0.9489402239
0.9490970742
0.9520888634
0.9632275588
0.9682334926
0.9548759635
0.9561250187
0.9739149041
0.9788620934
0.9844285090
0.9906620725
0.9865505908
0.9802678206
0.9766881894
0.9761801865
0.9718708701
0.9696517127
0.9746259909
0.9742634954
0.9752157857
0.9775807042
0.9795776832
0.9793494941
0.9835397397
0.9780613320
0.9776279877
0.9819700114
0.9926561227
0.9842151847
0.9804324290
0.9790686894
0.9741290075
0.9722270882
0.9783087625
0.9887073656
0.9960458344
0.9986714094
0.9997470562
1.0011208560
1.0042652431
1.0040469108
0.9934563093
0.9995558158
1.0036889088
1.0116662689
1.0069151706
1.0008695684
0.9903539392
0.9946361575
0.9972519418
0.9953244176
0.9966890623
1.0012824346
0.9997140345
0.9958142027
0.9977201625
1.0041074995
1.0063479160
1.0028846318
1.0010265989
0.9943306860
0.9879636749
0.9906877582
0.9907804407
0.9890911080
0.9889842415
0.9852820441
0.9854230066
0.9866227742
0.9861082450
0.9827530466
0.9788635722
0.9796912697
0.9766304628
0.9816223642
0.9919255754
0.9930597592
0.9924957183
0.9969222693
0.9969700320
0.9932250389
0.9920663159
0.9843593491
0.9838824267
0.9865301950
0.9844590603
0.9843744136
0.9878915435
0.9859632059
0.9888635181
0.9964875954
0.9984402157
0.9980216205
0.9969726662
0.9952904041
0.9971512272
0.9992783232
0.9969917657
0.9914954253
0.9819066020
0.9802260513
0.9952182570
0.9956563185
0.9916481436
0.9960070700
0.9904349476
0.9943353025
1.0024637004
0.9998427866
0.9979068756
0.9950173176
0.9956169041
0.9972393564
0.9887180247
0.9838740251
0.9870600248
0.9870719625
0.9884025418
0.9962440678
0.9991278368
0.9968902614
0.9975160073
1.0117610652
1.0209315221
1.0055115541
0.9934038296
0.9918377155
