#flux
1.0062349261
1.0010312959
0.9896246192
0.9870608637
0.9915048505
0.9925630747
0.9986113121
1.0124552216
1.0210859397
1.0230559932
1.0172214135
1.0080217083
1.0193931529
1.0229195099
1.0148799699
1.0119246861
1.0003337081
0.9856943352
0.9733092082
0.9776529906
1.0029880167
1.0056447644
0.9866882682
0.9867015146
0.9817890938
0.9531238251
0.9243434621
0.9113090080
0.9084107626
0.9154158997
0.9335555031
0.9493579316
0.9618737586
0.9805953934
0.9866358881
0.9900231902
0.9977246393
0.9988322666
0.9971698759
1.0111492622
1.0285633843
1.0143673983
1.0149019232
1.0180328911
1.0081600813
0.9905708338
0.9696394973
0.9467981244
0.9294888779
0.9244163065
0.9249973566
0.9288409871
0.9562026851
0.9861544978
1.0124451258
1.0026503215
1.0006320804
1.0184959615
1.0261723201
1.0168547352
1.0088131575
1.0049375267
1.0090333062
1.0017711182
0.9928771357
0.9729617671
0.9376869858
0.8919479760
0.8299354522
0.7640386738
0.7242374622
0.7220910724
0.7706496121
0.8350340191
0.8922453185
0.9359275037
0.9776047545
1.0009233357
0.9951842175
0.9804718033
0.9713775585
0.9826586300
0.9976576007
1.0127125719
1.0157188750
1.0110077744
1.0018135331
0.9906932573
0.9856925530
0.9808287892
0.9704025130
0.9716639463
0.9797582461
0.9802606048
0.9820203884
0.9646445662
0.9327101928
0.8944277952
0.8376286189
0.7659935324
0.7158396581
0.7086395535
0.7281782367
0.7761647537
0.8398648009
0.9084373480
0.9717353308
1.0199036033
1.0451785584
1.0412413563
1.0157821066
0.9945357551
0.9825499484
0.9527296145
0.9400613647
0.9435343873
0.9484694421
0.9614904839
0.9723120722
0.9820417982
0.9966603074
0.9807240777
0.9816807224
0.9818843119
0.9932623428
0.9952638026
1.0004238224
1.0153148690
1.0173812571
1.0041499548
0.9913946256
0.9833451675
0.9820815680
0.9898125760
0.9856783729
0.9882148338
0.9932586778
1.0033762230
1.0194653773
1.0258737482
1.0300876738
1.0497855446
1.0466930791
1.0268131819
1.0135199656
1.0127363700
1.0131391988
1.0154902624
1.0252965861
1.0363345784
1.0428033216
1.0480546033
1.0493512881
1.0381164605
1.0301656164
1.0143709740
1.0031609158
0.9993082197
1.0031947466
1.0194900905
1.0313839325
1.0309061964
1.0401235125
1.0617100351
1.0615850378
1.0516693408
1.0418802950
1.0314172661
1.0202392770
1.0161830464
1.0197685124
1.0174724652
1.0164781353
1.0300290070
1.0397143793
1.0436196006
1.0507726595
1.0597462765
1.0658946269
1.0850913885
1.0884467386
1.0840796988
1.0851126905
1.0875055116
1.0877484720
1.0813205521
1.0831070390
1.0860015940
1.0868204753
1.0918182778
1.1009217367
1.1085674751
1.1038607941
1.0993611297
1.1120202144
1.1306565821
1.1367843232
1.1373086128
1.1424441014
1.1486292145
1.1633894487
1.2029945334
1.2710675231
1.3439688478
1.4034194432
1.4473108180
1.4670190176
1.4518708034
1.4234503860
1.3905426426
1.3457393456
1.3094099456
1.2985371408
1.2988720745
1.2951649731
1.2951653748
1.3100213017
1.3404875095
1.3948369508
1.4461401577
1.4607536485
1.4592225019
1.4469807596
1.4345658785
1.4111019555
1.3708544960
1.3151449324
1.2528661752
1.1974349040
1.1512299098
1.1142404270
1.0923189065
1.0812120449
1.0730306449
1.0691853834
1.0588070829
1.0552849529
1.0644446066
1.0661729968
1.0548308775
1.0493175126
1.0481235611
1.0662926509
1.0552943702
1.0268907164
1.0072926497
1.0096199872
1.0216812898
1.0236423310
1.0177820606
1.0199742732
1.0303770311
1.0430730868
1.0557050484
1.0474960778
1.0301340285
1.0180442835
1.0074144230
0.9846191174
0.9652867291
0.9591308856
0.9642651367
0.9668436734
0.9602449577
0.9645346241
0.9726301818
0.9876391863
1.0022430142
1.0158095629
1.0169974569
1.0024512141
0.9952053963
1.0050511620
1.0147770824
1.0141960141
1.0058641158
0.9839151653
0.9696460607
0.9653598831
0.9700247815
0.9892347641
0.9911653998
0.9985016035
1.0049293451
1.0091674718
1.0228713078
1.0348904625
1.0239317382
1.0134043344
1.0227520881
1.0262116428
1.0155752042
1.0109732690
1.0101861509
1.0162532988
1.0263212607
1.0263349012
1.0189096973
1.0123925566
0.9983837648
0.9798011160
0.9690833574
0.9868331220
1.0098779433
1.0162507612
1.0159009126
1.0246482916
1.0352518973
1.0319830338
1.0183495477
1.0089321147
1.0049901018
1.0036864460
1.0036239618
0.9951167214
0.9821172919
0.9456189818
0.9110011453
0.8707399256
0.8376114346
0.8165749950
0.8082223578
0.8156800173
0.8416965036
0.8772031073
0.8945727434
0.9184105886
0.9386894683
0.9573870206
0.9778056728
0.9894106334
0.9893698082
0.9869974449
0.9881823059
0.9885253682
0.9796345569
0.9717407532
0.9907443363
1.0163168380
1.0234149712
1.0266065008
1.0283392419
1.0343347213
1.0302646153
1.0263993587
1.0195706973
1.0175518588
1.0214168384
1.0138902421
0.9979808773
0.9813475733
0.9714842947
0.9625377689
0.9500637479
0.9528360028
0.9554882540
0.9625643439
0.9782368060
1.0010004745
1.0087579515
1.0089833175
1.0273392832
1.0286800362
1.0168329821
1.0314848303
1.0221717903
1.0211414256
1.0186100887
1.0144697227
1.0127260845
1.0076322584
0.9947490691
0.9744435496
0.9493079181
0.9207859902
0.8780128370
0.8024384371
0.7015373030
0.5967437733
0.5229527611
0.4968459566
0.5183094164
0.6012501205
0.6952984169
0.7861292706
0.8674512537
0.9272972122
0.9658964858
0.9892984849
1.0099144815
1.0282516594
1.0397086729
1.0340770395
1.0160377030
1.0087553098
1.0069175888
1.0028045838
0.9849941488
0.9683731808
0.9537118310
0.9160595192
0.8538901002
0.7987974648
0.7719246365
0.7713371215
0.8024516941
0.8450437320
0.9092229071
0.9663733775
1.0030248677
1.0196182337
1.0092408047
0.9731601847
0.9275434471
0.8821234816
0.8310677700
0.7727277430
0.7297121154
0.7377741665
0.7779834348
0.8288950411
0.8938458276
0.9468467041
0.9740855947
0.9883696151
1.0100911506
1.0226125359
1.0224915272
1.0337382920
1.0413989461
1.0330957452
1.0233603912
1.0245561517
1.0229350105
1.0054458582
0.9894238599
0.9887926335
0.9946913524
0.9839569198
0.9622199505
0.9464358340
0.9370134639
0.9240542685
0.9125830233
0.9223207230
0.9474132740
0.9551212116
0.9753685036
0.9968296315
1.0141682515
1.0150335440
1.0082476312
1.0121383273
1.0257121911
1.0386994004
1.0413957035
1.0307734181
1.0177755820
1.0100960703
0.9915737906
0.9786273687
0.9739683620
0.9809755213
0.9823766455
0.9837013073
0.9940957476
0.9910787275
0.9770313952
0.9715634536
0.9774311153
0.9859661158
0.9928011495
0.9940802546
0.9920681575
0.9908505862
0.9894186348
0.9945686286
1.0022555554
0.9936066817
0.9751220068
0.9728638225
0.9676525491
0.9540240957
0.9441328298
0.9458811956
0.9576935860
0.9749075983
0.9935356207
1.0014775391
0.9983717518
0.9919874150
0.9928160750
0.9963468792
0.9959839083
0.9949983796
0.9969367354
1.0046543835
1.0146024184
1.0223783360
1.0309124775
1.0343616596
1.0239042113
1.0063313260
0.9761119484
0.9620577629
0.9426303172
0.9322220198
0.9412219057
0.9535231906
0.9609860933
0.9748265482
0.9898824360
0.9863339842
0.9665489696
0.9430570055
0.9132157618
0.8835212020
0.8666177280
0.8425823271
0.8174297771
0.8127801623
0.8390260694
0.8655119431
0.9111868795
0.9307230587
0.9463408896
0.9675656969
0.9861376045
0.9945831380
0.9916181279
0.9868752841
0.9906909957
1.0001972478
1.0069813247
1.0058452594
1.0007752126
1.0021578262
1.0082361111
1.0102698508
1.0052690355
1.0098160729
1.0060851023
1.0013243138
1.0062929862
1.0182435513
1.0180095342
1.0129001170
1.0088642364
0.9987694715
0.9984692122
0.9943048641
0.9906198679
0.9927756885
0.9923084718
0.9882738654
0.9823720061
0.9757024827
0.9806157197
0.9893281280
0.9868294256
0.9926374694
1.0090529894
1.0152640739
1.0144427814
1.0129577533
0.9991451976
0.9873477907
0.9875257804
1.0105340216
1.0173441260
1.0185284065
1.0132059719
1.0099802452
1.0169807030
1.0125027144
0.9929414737
0.9859217304
0.9912977006
0.9951858417
0.9930542883
0.9883180128
0.9952853987
1.0138684109
1.0052617574
0.9914774713
0.9863941980
0.9980569270
0.9925935291
0.9954757550
0.9908403960
0.9874115543
0.9988967054
1.0181707173
1.0361621561
1.0386450753
1.0243311239
1.0184485095
1.0266300717
1.0274176927
1.0205363904
1.0101926573
0.9830525717
0.9355583744
0.8817595687
0.8583022302
0.8562715796
0.8780110114
0.9009767955
0.9267633490
0.9562875975
0.9789430484
0.9934712135
1.0055445927
1.0224610219
1.0324727754
1.0205724619
1.0063172480
1.0058977655
0.9962248663
0.9896159068
0.9980489513
1.0136431266
1.0215914145
1.0297733101
1.0253354588
1.0268883988
1.0260260937
0.9983204493
0.9935342886
1.0003372097
0.9977123363
1.0016974703
1.0185713113
1.0306459326
1.0302462951
1.0261682020
1.0269385788
1.0300802788
1.0315199879
1.0385933854
1.0307613067
1.0359213022
1.0271587805
1.0138769555
1.0119210901
1.0000248728
0.9911265056
1.0021051436
1.0116362651
1.0107846751
1.0019450988
0.9937550417
0.9959554293
0.9997145949
0.9938286017
0.9871380057
0.9846692903
0.9778176337
0.9706058298
0.9730992449
0.9933824042
1.0077172434
1.0032991066
1.0158339038
1.0293552832
1.0439427487
1.0388499893
1.0433355157
1.0453404579
1.0392463293
1.0313484996
1.0257083235
1.0255036536
1.0185130293
1.0123719536
1.0202942145
1.0220761352
1.0092799948
1.0073846016
1.0097459740
1.0088453851
1.0093111340
1.0187578510
1.0178033135
1.0243092670
1.0188760186
1.0145227076
0.9989420638
0.9843842409
0.9823413418
0.9860961410
0.9866698245
0.9809538732
0.9769813186
0.9768477758
0.9673672883
0.9511407562
0.9448058048
0.9495314923
0.9601228437
0.9659523700
0.9756641447
0.9940803526
0.9948482527
0.9771726811
0.9527347986
0.9504316877
0.9392968867
0.9203647479
0.9079481964
0.8809320298
0.8330708006
0.7802571952
0.7242191467
0.6693450746
0.6331251672
0.6343431907
0.6729036792
0.7310392328
0.7998247863
0.8665664986
0.9022972827
0.9330696121
0.9437306700
0.9423129586
0.9436898356
0.9360415375
0.9045408003
0.8349426205
0.7517271988
0.6855144563
0.6563192387
0.6635159503
0.6986598766
0.7557106113
0.8196410591
0.8733542580
0.9094726935
0.9275452589
0.9347971709
0.9397403360
0.9370744713
0.9331409027
0.9363200282
0.9656376652
0.9882658531
0.9923446616
1.0016775986
1.0061758803
1.0095031350
1.0033102692
0.9868730457
0.9745094447
0.9686893491
0.9658178589
0.9661865525
0.9734741883
0.9879345883
0.9980753149
0.9976610834
1.0031957890
1.0102839407
0.9990137236
0.9931243233
0.9867553025
0.9899359869
0.9873785222
0.9796591141
0.9753214685
0.9962527379
0.9930493945
0.9910179520
1.0022815656
1.0059445364
1.0080785515
1.0125253678
1.0116395616
1.0079221538
1.0045944318
1.0004302845
1.0019835815
1.0075650345
1.0097523515
1.0164433945
1.0079928564
0.9960069263
0.9890229793
0.9746717641
0.9582210023
0.9369976731
0.9147185702
0.8947079593
0.8972446342
0.9108746946
0.9312540682
0.9610219809
0.9891940044
1.0080357132
1.0168605883
1.0162226964
1.0131438034
1.0060350476
1.0066651830
1.0081723441
1.0116302636
1.0198806624
1.0110075232
0.9995210931
0.9910440288
0.9897965943
0.9746999485
0.9735909910
0.9791982617
0.9782313235
0.9553583843
0.9085702694
0.8381496363
0.7692396142
0.7360016824
0.7380435686
0.7688134052
0.8292913515
0.8879943349
0.9305406852
0.9645776618
0.9859118770
0.9926813333
1.0087213434
1.0154497011
1.0170746869
1.0282494445
1.0291424523
1.0199533803
1.0179474126
1.0187226110
1.0232043377
1.0265554928
1.0188333572
1.0146419172
1.0225825224
1.0266845049
1.0286423342
1.0146192830
1.0030517907
0.9937569509
1.0137429775
1.0165062910
1.0049299612
1.0119100270
1.0041140472
0.9878675556
0.9823513075
0.9930318660
1.0036497602
1.0024714941
0.9920319604
0.9792615717
0.9789558160
0.9918175155
1.0011367219
1.0081616881
1.0211329916
1.0270668281
1.0276313404
1.0209167862
0.9994383464
0.9982437310
1.0116688923
1.0037400192
1.0112060915
1.0070379875
1.0061771010
0.9925605019
0.9970390411
1.0064180432
1.0057785930
1.0083372080
1.0132524636
1.0096752319
1.0082187863
1.0182683979
1.0259487957
1.0227593788
1.0125792381
1.0120172405
1.0127754222
1.0093374230
0.9798301185
0.9703364246
0.9873656030
0.9987457993
0.9989994492
1.0002788780
1.0077977580
1.0052492885
1.0013387259
1.0051439994
1.0071281716
1.0099460953
1.0199269764
1.0268135632
1.0256510875
1.0206034723
1.0188271670
1.0133672950
0.9959038595
0.9675507168
0.9632488245
0.9342119257
0.9281113893
0.9317826505
0.9494544045
0.9654480847
0.9684700760
0.9611301524
0.9622901912
0.9700408161
0.9724977801
0.9826393655
1.0006402402
1.0036555234
0.9931157471
0.9795836257
0.9661206475
0.9510366466
0.9464593139
0.9606280694
0.9689534711
0.9674112415
0.9644607161
0.9312402443
0.8719510077
0.8426538486
0.8390946109
0.8447140519
0.8662272602
0.9059066774
0.9461744697
0.9758924605
0.9945502536
0.9958586785
0.9883576336
0.9952985536
1.0062283195
1.0220685404
1.0134609842
1.0178477157
1.0167761009
1.0098187148
1.0143008190
0.9992997691
0.9757663355
0.9661936970
0.9723832528
0.9886754718
1.0099342515
1.0180152112
1.0126280088
1.0038780100
0.9939640306
0.9822731174
0.9708112751
0.9558559232
0.9280928915
0.9021033658
0.8928487517
0.8913557536
0.8965323158
0.9142977010
0.9447019566
0.9703811046
0.9826190106
0.9775923479
0.9789808186
0.9981991936
1.0095183863
1.0106079443
1.0035855753
0.9976840734
0.9908505599
0.9697344441
0.9335704214
0.8884867009
0.8368046407
0.7747711484
0.7410996422
0.7409572636
0.7894532320
0.8420174227
0.8992859297
0.9377130423
0.9377368091
0.9175681342
0.9129138163
0.8917307951
0.8844130103
0.8994768836
0.9326120706
0.9666524816
0.9904506031
1.0056965938
1.0114665974
1.0076548580
0.9990476090
0.9939962389
0.9903730884
0.9747924831
0.9777208704
0.9887041204
0.9965683848
1.0070764204
1.0094501624
1.0123605777
1.0226199163
1.0355343304
1.0426821309
1.0417282742
1.0336231054
1.0161305071
0.9981771957
0.9927624946
0.9975232083
1.0024257035
1.0050293482
1.0062995648
1.0062410367
1.0204820354
1.0323936981
1.0388742349
1.0200431521
1.0056921301
0.9979296496
0.9892589806
0.9879781056
0.9773627893
0.9734868187
0.9782778015
0.9843793334
0.9937656848
1.0063642842
1.0187453096
1.0251122597
1.0258942648
1.0293834600
1.0207730072
0.9987521684
0.9983357339
0.9850100558
0.9793873427
0.9940887327
1.0023737886
0.9982403560
1.0055343425
1.0209240852
1.0109933214
0.9981218376
0.9872245089
0.9750314605
0.9701534502
0.9673299578
0.9495584570
0.9263643556
0.9150186150
0.9111375747
0.9198755509
0.9362165237
0.9572059741
0.9864232191
1.0092369349
1.0167709721
0.9964243451
0.9826707907
0.9887597727
0.9975209196
0.9989981210
1.0045765940
1.0235578912
1.0318769669
1.0222165603
1.0210724462
1.0283008173
1.0222127055
1.0082389339
0.9998681519
0.9953035905
0.9989923049
1.0036902311
1.0052614079
1.0012797429
1.0055689756
1.0095295530
1.0079192784
1.0125697061
1.0192196539
1.0134286572
1.0062618543
0.9965566405
0.9763249981
0.9736759571
0.9854721838
0.9915980640
0.9960762149
1.0001252895
1.0007991597
1.0056273370
0.9981492159
0.9864714716
0.9820547483
0.9765885470
0.9761434798
0.9837337276
1.0017093969
0.9983575078
1.0055172284
1.0101622357
0.9941712620
0.9929108024
0.9967815646
0.9974243862
0.9928017617
0.9832416961
0.9698008538
0.9614832399
0.9603423702
0.9593371300
0.9777658154
0.9969291919
1.0048693744
1.0049379133
1.0038321712
1.0103685773
1.0026283650
0.9838775664
0.9848062128
0.9891981123
1.0030903933
1.0138635926
1.0109594752
1.0013313094
1.0007232564
1.0010254961
0.9906167075
0.9822383073
0.9892212648
0.9975817473
0.9926408552
0.9909959519
0.9819272455
0.9674951036
0.9705534905
0.9534288470
0.9679865501
0.9773186469
0.9827628092
0.9907881342
1.0074721836
1.0142543145
1.0100679472
1.0116211975
1.0104045061
1.0036446652
0.9946237361
0.9987805021
1.0149446300
1.0127431498
1.0049169403
1.0075704016
1.0031649006
0.9996933237
1.0095094897
1.0046277379
0.9930318923
0.9975887320
1.0055781879
1.0167183486
1.0143243493
1.0102998603
1.0108045389
1.0117614018
1.0114052724
1.0084287542
0.9957980895
0.9805249600
0.9646528177
0.9445728549
0.9402797149
0.9468559293
0.9656381903
0.9863923276
1.0041941392
1.0132418466
1.0302660352
1.0190527190
1.0005358506
1.0135276076
1.0064673376
0.9940640688
0.9903887170
0.9904941202
1.0049856359
1.0154695458
1.0140296031
1.0075419010
1.0006046533
1.0005025670
1.0022154895
0.9961605469
0.9833141481
0.9799130084
0.9863509154
0.9784492587
0.9802635216
0.9704758665
0.9675970931
0.9762750741
0.9742468873
0.9810161940
0.9916310216
0.9966000792
0.9924059477
0.9948458330
0.9972826220
0.9891021553
0.9800347913
0.9870688436
1.0063918411
1.0035596249
0.9868832234
0.9858321682
0.9934084221
1.0043823862
1.0058632304
1.0009157048
1.0129597342
1.0265775416
1.0143272120
1.0056620107
1.0078831557
0.9989660617
0.9953955592
0.9847481113
0.9749621591
0.9735534035
0.9591681795
0.9279130120
0.8932312135
0.8447408802
0.7779147658
0.7271130119
0.7064514678
0.7155619828
0.7641395030
0.8423440803
0.9125472797
0.9483502629
0.9667107450
0.9787013953
0.9937162087
1.0041036951
1.0035274044
0.9950075423
0.9908208105
0.9827196348
0.9777324328
0.9802547504
0.9700370233
0.9596448108
0.9587661237
0.9647729966
0.9523489372
0.9415482831
0.9540496731
0.9520380662
0.9737650309
0.9841134183
0.9862125992
0.9748659459
0.9757162520
0.9886187622
1.0014394061
1.0013358929
0.9813975590
0.9645671718
0.9582180393
0.9522635123
0.9553313275
0.9652072614
0.9664141719
0.9628537047
0.9557119876
0.9797698323
0.9778048179
0.9474516005
0.9506424481
0.9691083319
0.9863071750
1.0065887362
1.0085384144
1.0009136952
1.0010415640
0.9996230315
0.9880716821
0.9688398785
0.9608357521
0.9623259948
0.9507691773
0.9405055940
0.9549709258
0.9731210491
0.9801194070
0.9764079157
0.9639844728
0.9681217141
0.9875827376
0.9926916786
0.9872599190
0.9813497022
0.9760548509
0.9757741206
0.9756212689
0.9778172060
0.9710042029
0.9650731282
0.9661693295
0.9699442365
0.9811845860
0.9922097440
0.9906365278
0.9858165033
0.9567652424
0.9122571769
0.8440834410
0.7934314999
0.7767619253
0.7716209028
0.7993622814
0.8605179080
0.9206146987
0.9657607202
0.9961463778
0.9963383097
0.9910059095
0.9884427310
0.9923974134
0.9919263318
0.9824651856
0.9843342298
0.9902864399
0.9929126200
0.9878182773
0.9977106613
1.0039379589
1.0041536531
1.0087744172
0.9983694040
0.9994708012
1.0043955813
1.0049957303
0.9981253968
0.9902986379
0.9758907891
0.9664507197
0.9587241344
0.9556212587
0.9640418200
0.9765676766
0.9883932162
0.9995362405
0.9967887995
0.9744071273
0.9516035800
0.9279309457
0.9087624306
0.9038208909
0.9248438658
0.9552230125
0.9725308553
0.9785019959
0.9913450555
1.0141204392
1.0346864733
1.0348183233
1.0210007801
1.0069748942
1.0032968520
1.0038999270
0.9862079356
0.9518704944
0.9263559355
0.9132753063
0.9242196113
0.9308469828
0.9007395446
0.8753416833
0.8572890812
0.8403942585
0.8352737949
0.8616194011
0.9074485034
0.9283071587
0.9265925566
0.9231229479
0.9175104628
0.9228934379
0.9402269193
0.9487082494
0.9472551360
0.9489130909
0.9516944747
0.9570750478
0.9679432706
0.9848624632
0.9979019963
1.0023284648
1.0036877048
0.9943145271
0.9865516580
0.9732838999
0.9486504785
0.9531037617
0.9660388377
0.9609567136
0.9636321427
0.9880788889
1.0028061788
0.9974930494
0.9839062670
0.9711437458
0.9750861475
0.9749112975
0.9678730190
0.9739039568
0.9915302582
0.9861813938
0.9832537112
0.9849701285
1.0030133549
1.0145903275
1.0413794346
1.0251887142
1.0225948623
1.0195411757
1.0197659001
1.0205826453
1.0106841490
1.0025127553
1.0046867084
1.0025870777
0.9941808169
0.9907125549
0.9852899685
0.9795746536
0.9682995987
0.9473464647
0.9401074761
0.9496079605
0.9680300774
0.9877044992
0.9955378455
0.9985034013
0.9947947926
0.9878554194
0.9803539815
0.9754177693
0.9735718496
0.9748283885
0.9799045199
0.9858509975
0.9861635864
0.9827178022
0.9870592004
0.9879296360
0.9858802189
0.9854799433
0.9964041553
1.0232927346
1.0115277155
1.0033409958
1.0061269099
1.0003730082
1.0076228831
1.0127927753
1.0091100870
0.9990355548
0.9883277402
0.9857408872
0.9919222632
0.9973154930
1.0001514823
1.0014748338
0.9930421124
0.9958222717
0.9850896848
0.9481691935
0.9200776310
0.9113909450
0.9189226788
0.9285799448
0.9410351230
0.9712221774
0.9805371011
0.9846192459
0.9962384681
0.9966655084
0.9896548893
0.9840387859
0.9802360040
0.9842189016
0.9949642830
1.0010366930
1.0014169339
0.9966635239
0.9934160983
1.0016118825
1.0121079931
1.0106598623
1.0094492909
1.0108873100
1.0081263101
0.9941635022
0.9872031285
0.9860750370
0.9868199016
0.9801824590
0.9801358330
0.9884208571
0.9841368675
0.9830921427
0.9967136842
0.9961929243
1.0026659631
1.0159447267
1.0202573534
1.0227773741
1.0359019079
1.0233377126
1.0324297939
1.0256426896
1.0174366051
1.0158896271
1.0056344378
1.0032739580
1.0105703674
1.0118232906
1.0095426636
1.0029761916
0.9972666794
0.9947225153
0.9902717001
0.9914789338
0.9940788767
0.9845756861
0.9858186567
0.9864292311
0.9754047589
0.9669560822
0.9357399263
0.8675142421
0.7785347210
0.6998113035
0.6565222660
0.6544541860
0.7025245344
0.7834344866
0.8622643907
0.9192987340
0.9550512987
0.9732014715
0.9840326672
0.9907834444
0.9794982554
0.9715572432
0.9884658506
1.0027558320
1.0072175071
1.0061643925
1.0005067963
1.0069521886
1.0120430142
1.0048970223
0.9965702865
0.9997044811
1.0006770825
1.0028703398
0.9984834433
0.9888095783
0.9843324983
0.9853916167
0.9822547621
0.9779861318
0.9837758467
0.9897200215
0.9971489669
1.0045638827
1.0107240109
1.0166567364
1.0076779010
1.0137904457
1.0097294273
0.9962266640
0.9957063071
0.9940814093
0.9857595808
0.9823451603
0.9914599471
0.9932838375
0.9923082767
0.9997446179
1.0076435359
1.0153692786
1.0174012940
0.9966826283
0.9767955357
0.9552444278
0.9480267710
0.9429113281
0.9407614198
0.9640353390
0.9691061003
0.9796241198
0.9925440100
1.0084537808
1.0150663645
1.0042503364
1.0019854004
1.0116983527
1.0138583568
1.0095751511
1.0091383004
1.0096030921
0.9999897880
0.9727359572
0.9418393616
0.9125372887
0.9123146441
0.9227450255
0.9371440170
0.9573438634
0.9842115475
0.9981584775
1.0098587992
1.0082432096
1.0142429444
1.0127837425
1.0085314176
1.0037078807
1.0091949151
1.0090902798
1.0041589848
1.0134504660
1.0257200302
1.0330159668
1.0257965062
0.9972713045
0.9697216267
0.9393619847
0.9256019949
0.9024958246
0.9138555876
0.9311670165
0.9442123235
0.9578117456
0.9691114013
0.9805439078
0.9923520070
0.9937981381
0.9880035580
0.9864551485
0.9852316458
0.9797414541
0.9763613148
0.9739388520
0.9703034752
0.9737240669
0.9885958360
0.9980728374
1.0069814938
0.9929940044
0.9843035098
0.9857630626
0.9967329181
1.0054861245
0.9990866833
0.9989503426
0.9846199128
0.9550421552
0.9258566282
0.9102520548
0.9053412571
0.8985001243
0.8893799167
0.8907209308
0.9090801765
0.9349364570
0.9484005215
0.9590589488
0.9703521600
0.9709233682
0.9506255811
0.9494249571
0.9489784575
0.9485808913
0.9529138072
0.9557376292
0.9502479903
0.9503164968
0.9681836700
0.9767199727
0.9703558222
0.9730592799
0.9808489603
0.9788626916
0.9751590042
0.9685753891
0.9626168678
0.9607608273
0.9704293030
0.9781915049
0.9690226030
0.9694423677
0.9719429509
0.9704402742
0.9679428916
0.9703796559
0.9833546668
0.9886635545
0.9817176092
0.9750964775
0.9714032179
0.9657894498
0.9548764501
0.9396721040
0.9352260258
0.9501756958
0.9614193145
0.9643533684
0.9663484414
0.9608811266
0.9616454595
0.9540986209
0.9600522897
0.9676773704
0.9651522370
0.9728696144
0.9848257308
1.0037999864
0.9999830060
0.9829631551
0.9734255970
0.9745685005
0.9759526726
0.9748624411
0.9829021793
0.9872082691
0.9867109572
0.9807728336
0.9805834509
0.9865678592
1.0091671500
0.9951861639
0.9786604288
0.9644315458
0.9531421094
0.9453095797
0.9376257908
0.9452418940
0.9592471371
0.9665588435
0.9706174671
0.9762942546
0.9827464425
0.9836845891
0.9761743578
0.9721263703
0.9714184095
0.9732883880
0.9870206139
0.9894977912
1.0095648454
1.0001157386
1.0012634707
1.0020817151
0.9962493118
0.9697589859
0.9508692182
0.9392524368
0.9401399782
0.9494056034
0.9647495655
0.9807309167
0.9832813440
0.9747631942
0.9658799988
0.9548262493
0.9565480238
0.9616742844
0.9522666508
0.9691427812
0.9695598437
0.9609616003
0.9633362513
0.9816172582
0.9854292958
0.9816898517
0.9861134285
0.9790338351
0.9812776589
0.9763452019
0.9779391179
0.9924125640
1.0003223368
1.0068913832
1.0173575467
1.0148103284
1.0061068757
0.9874532563
0.9683468071
0.9551070698
0.9706636271
0.9775257921
0.9953543210
0.9754285749
0.9671576602
0.9606841132
0.9589074524
0.9763026142
0.9878704964
0.9890944482
0.9806528136
0.9805851841
0.9825548464
0.9756407413
0.9768856209
0.9835222272
0.9860570296
0.9898736677
0.9919303716
1.0028915773
1.0008957483
0.9814412041
0.9616151925
0.9476337524
0.9334390789
0.9241268834
0.9341618984
0.9333719157
0.9356083778
0.9414141605
0.9330484597
0.9180322062
0.9052112770
0.8947241744
0.8917678974
0.9002050270
0.9209049133
0.9455600573
0.9692884660
0.9789975026
0.9841865484
0.9886790973
0.9826993559
0.9765603389
0.9738558431
0.9640083205
0.9624874787
0.9717436170
0.9759239250
0.9747981010
0.9726705167
0.9767750125
0.9754102372
0.9650378314
0.9611936242
0.9636060566
0.9674533933
0.9806444720
0.9970442020
0.9988638836
1.0033214436
1.0045045278
0.9912008949
0.9760317445
0.9646918209
0.9734112613
0.9402269471
0.8948179543
0.8524283144
0.8087463189
0.7571045847
0.7086069258
0.6835601194
0.6903168481
0.7250208304
0.7850868980
0.8527021945
0.8910228488
0.9149254957
0.9416783764
0.9585168914
0.9882894961
1.0119524241
1.0169214184
1.0086290126
1.0007480741
1.0095280029
0.9936721309
0.9869132013
0.9794618163
0.9590629418
0.9404472941
0.9371189809
0.9432730060
0.9590003304
0.9877313139
1.0114829908
1.0187358537
1.0167272680
1.0030782300
0.9794304035
0.9768833950
0.9521480978
0.9180478120
0.8965422813
0.9064678466
0.9267272008
0.9375125932
0.9567313014
0.9644150542
0.9751266613
0.9756051146
0.9758875326
0.9815851998
0.9828838844
0.9797123600
0.9775528370
0.9852582190
0.9824377751
0.9739152710
0.9480980724
0.9288670558
0.9281777458
0.9088548175
0.9253048633
0.9328922634
0.9390065997
0.9631537057
0.9839854106
1.0038418856
1.0098684280
0.9996245627
0.9861953239
0.9738775512
0.9631229712
0.9625365137
0.9705595020
0.9702765576
0.9636205321
0.9683661854
0.9714393608
0.9659770343
0.9490439091
0.9556836930
0.9458458543
0.9381451562
0.9477381639
0.9526489998
0.9612892702
0.9686483166
0.9771809966
0.9773005490
0.9744389704
0.9757502992
0.9724607128
0.9712420874
0.9781159044
0.9808195858
0.9930848716
0.9936588318
0.9839439428
0.9653828328
0.9702887884
0.9730464084
0.9796972048
0.9945264383
1.0018194140
0.9960031874
0.9933744253
0.9837844906
0.9818795798
0.9724710774
0.9633469550
0.9700789260
0.9761077201
0.9700347279
0.9654666263
0.9719462791
0.9854669051
0.9862597139
0.9945866562
1.0027007416
1.0065224661
1.0115147255
1.0178878004
1.0264735177
1.0181021608
1.0151847939
1.0077740625
0.9974095297
0.9968803638
0.9970331869
0.9876611073
0.9834378063
0.9956091497
1.0084808021
1.0182072490
1.0299470143
1.0270961461
1.0302047766
1.0414042938
1.0364861746
1.0142905834
1.0179506229
1.0359468731
1.0422277066
1.0319002655
1.0363124638
1.0392187769
1.0327575831
1.0248743852
1.0247707049
1.0366237418
1.0407439545
1.0313357275
1.0285571207
1.0363168020
1.0323848788
1.0175863607
1.0187457680
1.0156810878
1.0176229466
1.0162246446
1.0141652908
1.0037758138
1.0040253788
0.9816980309
0.9799627957
0.9801056244
0.9916143009
1.0142943916
1.0225059260
1.0089859747
1.0059029958
1.0149396217
1.0145602651
1.0079412004
1.0080846850
1.0107983591
1.0042214732
0.9893814602
0.9791597422
0.9896478838
0.9746084642
0.9567635687
0.9504032546
0.9583899644
0.9703828523
0.9734333026
0.9732370633
0.9853966064
0.9971829378
0.9992660958
1.0023677526
1.0087519878
1.0195930958
1.0307758476
1.0301517706
1.0311297263
1.0455016949
1.0382589075
1.0250694200
0.9937933561
0.9624027838
0.9487264391
0.9589101643
