#flux
0.9220554853
0.9227194797
0.9040736503
0.9509241940
0.9557287804
0.9615980413
0.9680347793
0.9672775817
0.9511960004
0.9293986740
0.9445868630
0.9559829136
0.9498534036
0.9451629269
0.9382117205
0.9309832986
0.9374166738
0.9438877162
0.9274193531
0.9294558453
0.9634954872
0.9587742299
0.9373139915
0.9198030365
0.9631179683
0.9517851626
0.9319072639
0.9495991969
0.9142797453
0.9084783503
0.8997248464
0.9243425093
0.9451794264
0.9276738549
0.9023382149
0.9069612528
0.9332321763
0.9486707424
0.9540920726
0.9488710920
0.9275747158
0.9137177657
0.9101898636
0.9172085175
0.9251375841
0.9137447465
0.9040068937
0.9258499350
0.9178906664
0.9107429999
0.9054205097
0.8986003840
0.9218074612
0.9178666346
0.8957097818
0.8950162988
0.9015117424
0.8944732004
0.9169658803
0.9206830047
0.8743407554
0.8727904911
0.9074267909
0.9355953585
0.9214481254
0.8997174439
0.9018389155
0.8772576267
0.8882433178
0.9045491941
0.9311780059
0.9211312116
0.9072931325
0.8937591792
0.9045849203
0.9337394138
0.9176899118
0.8859053318
0.8651621939
0.8738080365
0.8928115475
0.8875300213
0.8924642281
0.8973539106
0.8900983887
0.8710351155
0.8527397945
0.8593539448
0.8285492733
0.8298108695
0.8083996556
0.7833507824
0.8186979288
0.8667065380
0.8776590978
0.8766391667
0.8883905674
0.8782904746
0.8865546689
0.9032972820
0.9017217898
0.8979555265
0.8739187533
0.8436868319
0.8398846304
0.8551753209
0.8626162373
0.8751349043
0.8221085311
0.8375208862
0.8311573596
0.8428436474
0.8395971869
0.8708475339
0.9087999100
0.8755948213
0.8266690085
0.8172706024
0.8398835154
0.8691589224
0.8724156754
0.8529164469
0.8355257722
0.8147051349
0.8150237734
0.8316615267
0.8148220853
0.7928362507
0.8322423651
0.8204376426
0.8338787225
0.8461038799
0.8016276069
0.7935415045
0.8248044916
0.8275501551
0.8100835846
0.7949326869
0.8170426481
0.8313837144
0.8305463799
0.8313182190
0.8159493769
0.7929214787
0.7682344915
0.7699414685
0.7994798016
0.8006425040
0.7995258244
0.8008875372
0.7877072370
0.7650927808
0.7677370410
0.7702926189
0.7807267988
0.7911019972
0.7739173923
0.7463542534
0.7224123187
0.7300327865
0.7510035764
0.7509420209
0.7387834445
0.7278035379
0.7214387939
0.7344624180
0.7476724494
0.7278870844
0.7143288767
0.7490812919
0.7548884957
0.7317180440
0.7004285435
0.6954425388
0.6841842039
0.6814109009
0.6844098014
0.6676472040
0.6591494139
0.6409241928
0.6424443515
0.6547906429
0.6464412537
0.6498583790
0.6593209883
0.6437306562
0.6354059901
0.6281817898
0.5966476180
0.6031718193
0.6111548444
0.6456393733
0.6264640540
0.6341809077
0.6254586151
0.6103352600
0.5824738957
0.5649229171
0.5744521419
0.5547048893
0.4976272034
0.4348472195
0.4029980164
0.3949379359
0.3650811806
0.3236010798
0.2826153859
0.2421636716
0.2103495025
0.1878286437
0.1585086278
0.1375702280
0.1441724284
0.1224967030
0.1150537081
0.1372575328
0.1561852952
0.1677402922
0.1859756514
0.2161366484
0.2509584916
0.2835877402
0.3197187498
0.3580791324
0.3950477062
0.4459782352
0.5013861571
0.5207908307
0.5216478253
0.5366581322
0.5612089022
0.5671288349
0.5716296906
0.6257233287
0.6312485377
0.6075791299
0.6219867840
0.6086813344
0.6143739074
0.6523156052
0.6743539681
0.6630024298
0.6546208997
0.6720344431
0.6944214637
0.6981371782
0.6820132695
0.6698434969
0.6987885607
0.7139149643
0.6968235883
0.6923378110
0.7300278037
0.7591036183
0.7402838639
0.7340601255
0.7180406248
0.7225473702
0.7421961106
0.7451652922
0.7606633086
0.7772887238
0.7700821937
0.7608432231
0.7684254759
0.7708353792
0.7660260731
0.7772675694
0.7650802150
0.7701862370
0.7929073651
0.7807981721
0.7637952818
0.7616599796
0.7722953585
0.7888343197
0.7947396523
0.7836825781
0.7839031123
0.7974083298
0.8127133133
0.8251487481
0.8306135310
0.8351526087
0.8351008372
0.8178437779
0.7895988059
0.7663120511
0.7773667673
0.8230547020
0.8235438514
0.8274546840
0.7913283663
0.8280823290
0.8235329706
0.8405725213
0.8408801602
0.8299232241
0.8311547982
0.8301060195
0.8221197600
0.8315745068
0.8394743898
0.8393512711
0.8459029012
0.8651710760
0.8628376657
0.8161123450
0.8248070478
0.8728252088
0.8852524558
0.8774856892
0.8839939711
0.8368393741
0.8149446366
0.8075077958
0.8316303592
0.7990841148
0.7552743474
0.7343913897
0.7466861102
0.7712243236
0.7892846449
0.8109343756
0.8390228855
0.8499784008
0.8434675458
0.8660706728
0.9112747148
0.8957118599
0.8963917183
0.8846749754
0.8668619007
0.8658233503
0.8786080900
0.8935710727
0.8952648421
0.8780634790
0.8985120660
0.8875511576
0.8727909783
0.8650548984
0.8740693471
0.8876295072
0.8878278560
0.8846099593
0.8904559200
0.8923956219
0.8820902143
0.8813821819
0.9001114902
0.9148855373
0.8903512605
0.8987649531
0.9254792323
0.9228480249
0.9122840787
0.9206577796
0.9299128507
0.9032711720
0.8557822598
0.8472340678
0.8648134239
0.8755494828
0.9122091779
0.9413334012
0.9156122094
0.8847797168
0.8785998479
0.8871409607
0.9077616123
0.9250627374
0.9131601875
0.8849901966
0.8896458225
0.9041145216
0.8722560977
0.8897725110
0.8734609294
0.8882416469
0.8969668303
0.9156690818
0.9175133414
0.8922018992
0.8761354590
0.8814992017
0.8919810434
0.9035094383
0.9089567316
0.9180269709
0.9608661794
0.9425679877
0.9143177806
0.9092039345
0.9194952262
0.9206336904
0.9196981517
0.9392207016
0.9639153328
0.9524504088
0.9127500849
0.8955922268
0.9197504689
0.9144899480
0.8914999590
0.8982440391
0.9106736689
0.9049112684
0.9026126473
0.9091593380
0.9146633007
0.9049517636
0.8931030624
0.9041901795
0.8272198384
0.8459061978
0.8603423273
0.9006233741
0.8768079611
0.8564159688
0.8782407858
0.8997476762
0.9144197386
0.9343565556
0.9398043522
0.9267462656
0.9242524286
0.9233737259
0.9183031515
0.9336715924
0.9429842598
0.9499177338
0.9371363251
0.9591476380
0.9853102772
0.9582390778
0.9197174624
0.9118406155
0.9238040754
0.9609412674
0.9753175099
0.9736469016
0.9429304713
0.9302127442
0.9359414674
0.9389291340
0.9390389417
0.9485400537
0.9504619884
0.9301418159
0.9244492503
0.9338137539
0.9355890942
0.9595537558
0.9486072986
0.9482077905
0.9183428774
0.9313545128
0.9357292439
0.9565535278
0.9708815721
0.9661138475
0.9521819272
0.9367724774
0.9341304496
0.9491714990
0.9581292649
0.9546330150
0.9487088634
0.9402237739
0.9355060892
0.9446808256
0.9670604354
0.9709202748
0.9476760709
0.9440724469
0.9339678577
0.9127189927
0.9110096845
0.9203122251
0.9192801399
0.9226133434
0.9459907630
0.9508730287
0.9212426633
0.9051741329
0.9215432832
0.9343321879
0.9424095557
0.9532568771
0.9412211434
0.9194783385
0.9149238647
0.9509659908
0.9892437399
0.9573021798
0.9402876022
0.9038130051
0.9539729127
0.9818610896
0.9584307769
0.9556883640
0.9483510124
0.9382702505
0.9282745980
0.9232780771
0.9374834118
0.9538489526
0.9428443468
0.9325861669
0.9561782320
0.9687076881
0.9465855061
0.9487667029
0.9844181304
0.9912262165
0.9592132489
0.9264198064
0.9231014779
0.9267350331
0.9294279296
0.9444416729
0.9500683114
0.9479246563
0.9664008049
0.9557848857
0.9394760388
0.9282162273
0.9237375607
0.9282580912
0.9341948670
0.9531089914
0.9711345866
0.9676662393
0.9853873243
0.9984477067
0.9683630251
0.9480533617
0.9703779200
0.9594304933
0.9141283965
0.9052461567
0.9726667840
1.0038230142
1.0013933195
0.9934567189
0.9852815642
0.9554893721
0.9319531885
0.9529806531
0.9793698532
0.9636568971
0.9363259937
0.9265302754
0.9204372284
0.9266669365
0.9465181909
0.9565320947
0.9590911206
0.9197077849
0.8934591595
0.9059503514
0.9446826465
0.9407713304
0.9365026139
0.9451511448
0.9650806938
0.9657861539
0.9433269738
0.9500411195
0.9804103603
0.9623423035
0.9308568445
0.9635610751
0.9668424374
0.9522804952
0.9383430947
0.9298238136
0.9564395589
0.9598443924
0.9711393200
0.9759506853
0.9583935626
0.9321197220
0.9306589451
0.9434529169
0.9492557037
0.9718771108
0.9731479805
0.9620093504
0.9746376506
0.9849093432
0.9712169980
0.9569867120
0.9742625696
1.0103287712
0.9978115231
0.9975548241
0.9990994453
0.9682509364
0.9522634519
0.9697485426
0.9609648614
0.9034256982
0.8727708873
0.9088178712
0.9063176281
0.9020392486
0.9244207493
0.9376815906
0.9499752038
0.9571099504
0.9376233763
0.9314399238
0.9498300215
0.9736366562
0.9724497324
0.9561355909
0.9659223839
0.9932441578
0.9752247205
0.9365777297
0.9400518916
0.9102667202
0.9174791804
0.8988751150
0.8770952292
0.9014154591
0.9161273206
0.9061482655
0.9129080314
0.9447492553
0.9707073563
0.9579492930
0.9275747057
0.9507947374
0.9797225641
0.9463075275
0.9556832646
0.9401707069
0.9930236986
0.9626914613
0.9636005528
0.9771340849
1.0044122632
0.9896616708
0.9687041938
0.9483347499
0.9516926819
0.9799745131
0.9869875507
0.9685954014
0.9560824101
0.9501126414
0.9551128657
0.9739240317
0.9667428185
0.9656629383
0.9670119125
0.9236163790
0.9599884887
0.9915130838
0.9794495389
0.9902421803
0.9983689719
1.0033453426
0.9858757276
0.9809114675
0.9656903602
0.9618627550
0.9810337235
0.9832174831
0.9725474414
0.9793112702
0.9719545972
0.9411183563
0.9550757598
1.0061868375
0.9880680052
0.9443725851
0.9083348727
0.9622681316
1.0084653771
1.0166835773
1.0247899852
0.9883020313
0.9549667662
0.9543417907
0.9601729642
0.9480118915
0.9268164878
0.9129203875
0.9079849614
0.9119770968
0.9199540344
0.9293834797
0.9543863228
0.9610766246
0.9690724424
0.9791372462
0.9674069787
0.9525318900
0.9174898192
0.9263029365
0.9256996268
0.9293885284
0.9530773890
0.9607678293
0.9473951623
0.9288054302
0.8943007963
0.8499521437
0.8326960824
0.8281427705
0.7842846811
0.7268087384
0.7333923223
0.7889365906
0.8011029661
0.8735703418
0.9482120106
0.9892548223
0.9770061059
0.9547362387
0.9619833888
0.9551155580
0.9439441115
0.9164980887
0.8903027987
0.8770923193
0.8574540938
0.8404228950
0.8393398465
0.8387944028
0.8565067054
0.9060214643
0.9418151459
0.9719437950
0.9722916152
0.9584458122
0.9717543177
0.9834900431
0.9923088390
0.9980402511
0.9669861080
0.9296327147
0.9367880150
0.9772650673
1.0060235507
0.9844414930
0.9479794826
0.9364763943
0.9418091184
0.9582762431
0.9702617969
0.9687034585
0.9796208384
0.9942650985
1.0108364144
0.9863095759
0.9785022080
1.0064433364
1.0331741266
1.0048473848
0.9748713070
0.9901960291
0.9825903307
0.9602177266
0.9586559628
0.9924454451
1.0034104786
0.9569604519
0.9137386949
0.9286447016
0.9661438530
0.9799829028
0.9812395700
0.9839463035
1.0050394193
1.0610083545
1.0042125791
0.9698958317
0.9621404493
1.0051852055
1.0301123534
0.9890084689
0.9747952413
0.9561609403
0.9619941905
0.9455733277
0.9182594569
0.9050905684
0.9135344904
0.9183169359
0.9156497593
0.9342722979
0.9684487517
0.9902668940
1.0042620429
0.9958924092
0.9555210688
0.9534516300
1.0058933570
1.0320220299
0.9975068074
0.9642341220
0.9931017350
0.9667230980
0.9533510248
0.9695036836
0.9500867750
0.9426901508
0.9561327529
0.9759124617
0.9860452106
0.9884460576
1.0036755526
1.0143855662
1.0007774150
0.9953347981
0.9960638361
0.9885603691
0.9997886131
0.9972413984
0.9948835621
0.9828738624
0.9770199093
1.0196335125
1.0048833402
0.9876546840
0.9875742673
0.9919818190
0.9595627000
0.9471174317
0.9637367238
0.9732006569
0.9779350527
0.9890167036
0.9900688089
0.9517129043
0.9584274555
0.9769348611
1.0008326425
1.0219186925
0.9964700042
0.9601837182
0.9490176564
0.9760683758
1.0100288465
0.9963808285
1.0000554493
0.9865371221
0.9830803149
1.0088547830
1.0045199557
0.9985035327
0.9886217646
0.9552578218
0.9678075101
0.9622061796
0.9479919440
0.9830210944
1.0000335706
0.9617916820
0.9796008047
1.0172595927
1.0062053009
0.9773850402
0.9745715148
0.9906817585
0.9935778815
0.9921563479
0.9940836964
0.9981084171
1.0137188578
1.0231651245
1.0069929657
0.9925046185
0.9995245322
1.0023681923
1.0033422225
1.0127041192
0.9843263008
1.0021970364
0.9919627658
0.9929848996
0.9511344372
0.9969300720
0.9665093476
0.9604576154
0.9642372870
0.9918949110
0.9973522914
0.9803730822
0.9709180294
0.9786883333
0.9859218815
1.0028965579
1.0435424532
1.0563209587
1.0183959947
0.9910567813
0.9754078105
0.9602816229
0.9649091951
0.9437873110
0.9464087857
0.9553071740
0.9578423479
0.9337941456
0.9041247485
0.9065067411
0.9561666586
0.9771318849
0.9581041592
0.9679559268
1.0078977763
1.0400185765
1.0519206216
1.0388744919
1.0009792263
0.9369810849
0.9303295104
0.9354096534
0.9750947866
0.9969498789
0.9485931156
0.9456614045
0.9386335736
0.9730629739
0.9903833164
0.9682636203
0.9686091071
0.9819900623
0.9782572593
0.9639934362
0.9633027412
0.9852601657
1.0002016592
0.9942684370
0.9961911803
0.9940721273
0.9834969473
0.9615277712
0.9737282132
0.9821866396
0.9864983197
0.9568107831
0.9311302929
0.9427425103
0.9340189492
0.9694809078
0.9708880729
0.9505766859
0.9614363539
0.9604900191
0.9543630022
0.9869694725
1.0109348624
0.9918525907
0.9704641408
0.9460692627
0.9419110699
0.9389618041
0.9340633067
0.9219136158
0.8902988300
0.8890206771
0.9408290047
0.9792486537
0.9912348035
0.9892888660
0.9909560302
1.0036109105
0.9898096554
0.9782298922
0.9843890791
1.0038194838
1.0270848473
1.0244072715
0.9869048052
0.9552937283
0.9567403970
0.9533002727
0.8909081266
0.9054343532
0.8884898529
0.9271896229
0.9288062841
0.9493376914
0.9664188625
0.9767332455
0.9745212738
0.9846638367
0.9693326853
0.9733587175
0.9795229264
0.9706988594
0.9747645712
0.9912364561
0.9925593277
0.9880697472
1.0047241422
1.0104143232
0.9730554995
0.9510730577
0.9703237244
0.9883681335
0.9787475257
0.9695963650
0.9861742709
1.0020586223
0.9886433225
0.9785630068
0.9868077403
0.9963463925
1.0061551879
0.9831379972
0.9440223145
0.9543645120
0.9845509610
0.9709826500
0.9561362903
0.9654630207
0.9991446451
1.0360263288
1.0072104696
1.0005046600
0.9945452967
1.0013891543
1.0354255037
1.0176279954
1.0009070231
1.0220466441
1.0480813792
1.0249367690
0.9998648642
0.9982686740
0.9907710452
0.9842769065
0.9853415078
0.9666222258
0.9556926199
0.9868618959
0.9909382755
0.9713637640
0.9834545442
1.0171988169
1.0117585001
1.0034779725
1.0131210573
1.0006571225
0.9965589290
0.9601870977
0.9682670339
0.9723746447
0.9747569793
0.9953504171
0.9904789333
0.9739024676
0.9845141460
0.9884654209
0.9629897018
0.9450475282
0.9513084443
0.9701332825
0.9995951825
1.0171474688
0.9922827490
0.9867515267
0.9910605483
1.0054704117
0.9947074435
1.0012586340
1.0010334993
0.9922588679
0.9703259089
0.9867994218
1.0030149599
0.9839579739
0.9760777236
0.9775841875
0.9635830131
0.9663547441
0.9694481432
0.9947069775
1.0122288531
1.0121880623
1.0392660180
1.0264418262
0.9927581590
0.9671081287
0.9792902868
0.9943106678
1.0136050174
0.9819008182
0.9878882939
1.0013968641
1.0119497679
0.9947080504
0.9753092212
0.9935151171
1.0050690281
0.9967642622
1.0115692060
1.0134552177
1.0097092711
1.0316357240
1.0080332093
0.9895404159
0.9789647623
1.0025584091
1.0247793475
0.9882323251
0.9619493390
0.9741714524
1.0042574740
1.0046680931
0.9804597641
0.9602782335
0.9716294805
1.0003886779
1.0096879691
0.9867349375
0.9548269483
0.9686882511
0.9983063500
1.0028370120
0.9855421971
0.9713177642
0.9714936656
0.9976949496
1.0095014804
1.0017442676
0.9928738800
0.9825074654
0.9950714427
1.0005637265
1.0012168747
1.0228677986
1.0381930180
1.0454319607
1.0516331944
1.0316979342
1.0051040524
0.9959847292
0.9786853840
0.9723653863
0.9551685688
0.9675940292
1.0035793934
1.0098108568
0.9841141955
0.9870833073
0.9870673258
0.9865705821
1.0168973508
1.0285958837
1.0255973199
1.0053057015
1.0074181944
1.0151290395
0.9995427061
0.9846039071
0.9807687818
0.9975104521
1.0260409953
1.0105009486
0.9975527131
0.9800170974
1.0086166403
1.0135889847
0.9976588703
1.0003592527
1.0397572688
1.0280596531
0.9956765063
0.9899367341
0.9880043249
0.9798416900
0.9807508335
1.0104134679
1.0179939501
0.9768150923
0.9517581104
0.9660171668
0.9876039251
1.0043054563
1.0233052149
1.0131952339
1.0012579816
1.0063668986
0.9805943608
0.9759239430
0.9859497050
0.9955704807
1.0059466550
0.9962626967
0.9927633414
1.0111612328
0.9938924777
0.9679508928
0.9703541420
0.9875534503
1.0004176270
0.9961633472
0.9927183103
1.0029082719
1.0075939685
1.0095056174
1.0201003676
0.9832017928
1.0339792027
1.0442189414
1.0035847243
0.9969625320
0.9922058543
0.9736028950
0.9636703844
0.9624107411
0.9388123370
0.9559303313
0.9906715599
0.9966762595
1.0113751923
1.0213608787
0.9994115905
1.0134909903
1.0285128881
1.0040893901
0.9932457430
0.9772699994
1.0037582573
1.0006210351
0.9626626909
0.9765664046
0.9610083488
0.9623254400
0.9915232007
0.9996488757
1.0021531682
1.0075716045
1.0054484666
0.9980231406
1.0074377762
1.0120539600
0.9835283443
0.9838493706
0.9975012622
0.9568566687
0.9430219400
0.9632976931
0.9956276333
0.9802666135
0.9973873878
1.0470086463
1.0643087011
1.0398790407
0.9636610654
0.9809108337
1.0159429615
1.0325618071
1.0165513771
1.0101428759
1.0214486519
1.0188429708
1.0126871057
0.9946879789
0.9818704102
0.9853195664
0.9972525297
1.0254179961
0.9911719188
0.9877174733
0.9795258838
0.9897697256
0.9950896878
1.0301377503
1.0232327269
1.0021547961
0.9822067696
0.9781966799
0.9861743393
0.9866468407
0.9686520280
0.9695833597
0.9948180301
0.9959201466
0.9995334339
1.0052964183
1.0128462106
1.0039918107
0.9999793565
0.9722289824
0.9773990555
0.9555015248
0.9739809814
0.9746163348
0.9868849322
0.9750264187
0.9958675129
1.0149561556
1.0017707213
1.0058712643
1.0241584530
1.0358670254
1.0426814988
1.0208526009
0.9843681919
0.9751812963
0.9960728179
1.0272392226
1.0039070531
0.9917744680
1.0070688563
0.9926792727
0.9805094600
0.9882209938
1.0159790125
1.0110611662
1.0111376821
1.0094853316
0.9903968277
0.9736145049
0.9937790743
1.0174996736
1.0175146996
1.0087416843
0.9935816360
1.0072228981
1.0138807352
0.9998297346
1.0100307367
0.9793860092
1.0082233500
1.0015957598
1.0214186510
1.0304862886
0.9983739433
0.9836306113
0.9927926357
1.0025311882
1.0051007440
1.0074782995
1.0163152419
1.0040389624
0.9991065325
1.0188187511
1.0175866378
1.0220601157
1.0055093621
0.9750286999
0.9896080825
1.0071818420
1.0039744294
0.9718768846
1.0350490535
0.9965184651
0.9744551953
0.9649943806
0.9770758950
0.9876711518
0.9914878876
0.9837473899
0.9683223477
0.9692771973
0.9885666888
1.0120501315
1.0169354792
0.9820275175
0.9572089108
0.9621717148
0.9520307917
1.0000205982
0.9993531685
1.0086957802
1.0029924683
1.0036214665
0.9955424594
1.0102847955
0.9898093036
0.9897816065
1.0034124209
1.0135575771
1.0115373512
0.9916469843
0.9660226803
0.9507168979
0.9542345873
0.9747637275
0.9818988448
0.9526366008
0.9113760630
0.8865133279
0.8718826205
0.8447020109
0.8507800183
0.9088126501
0.9308459207
0.9229375983
0.9254959551
0.9308483474
0.9315722845
0.9347081297
0.9702872941
0.9871040732
0.9920289442
0.9820831378
0.9585002781
0.9792555245
0.9952576328
0.9798833416
0.9985010806
1.0025453287
0.9840835302
0.9630466011
0.9370418229
0.9341243045
0.9806093469
1.0161014669
1.0581140876
1.0518408347
0.9973845692
0.9876177991
0.9815307805
0.9769168965
0.9742485529
0.9662795827
0.9822784401
0.9986136063
0.9667779519
0.9465084780
0.9681426854
1.0055174784
1.0104898055
0.9960376230
0.9856494077
1.0183191030
1.0308769810
1.0222707256
1.0335736634
1.0236818589
1.0022775740
0.9853712381
0.9817406922
0.9941640729
1.0227070121
1.0176305015
1.0026723976
1.0099321142
0.9906324841
0.9857414444
1.0156349400
1.0200374951
1.0385323909
1.0368123218
1.0166628503
0.9871893471
1.0016885187
1.0438414875
1.0297145142
1.0111760698
1.0261337903
1.0062060775
0.9972621497
1.0042076726
1.0108028834
0.9987260302
0.9837980923
0.9959140720
1.0116662847
1.0026651148
0.9923614119
0.9876122657
0.9953976790
1.0091425969
0.9857338798
1.0075586047
1.0157884699
0.9918267826
0.9963962994
0.9760156213
0.9883860912
1.0006280950
0.9962611339
0.9981129659
0.9947130909
1.0096483684
1.0083162689
0.9926701606
0.9950110518
0.9826466456
0.9800025840
0.9716056284
0.9825905049
1.0105868415
0.9954272099
0.9691657735
1.0018545265
1.0092161895
0.9900066159
1.0166662311
1.0075651081
1.0191957899
0.9897669892
0.9835074985
0.9952277243
1.0134411991
1.0237511285
1.0060444037
0.9885104065
0.9977234740
0.9991984990
0.9863975674
1.0044237452
0.9965265642
0.9834105202
0.9762955385
0.9723155921
0.9995642462
1.0045330181
1.0130038361
1.0146132756
1.0104772956
1.0032059687
0.9932880887
1.0142528781
1.0256394065
1.0146426603
0.9916324306
0.9830189911
1.0063004341
1.0130376609
1.0031009264
1.0297676750
1.0231600277
0.9970187320
1.0040057519
1.0171258779
0.9848906177
0.9875410067
1.0207354831
1.0312746986
1.0081489375
1.0096688366
1.0101584775
1.0104832679
1.0165725168
1.0094836214
1.0070324720
1.0070147083
1.0052896679
1.0227764693
1.0243119214
0.9965989953
0.9586345443
0.9440348699
0.9570654348
0.9076868728
0.8920453758
0.8764189226
0.8784050239
0.8882585196
0.9373469055
0.9610841711
0.9777136954
1.0144146425
1.0449017767
1.0378104295
1.0123801257
1.0143787222
1.0108532834
0.9894498504
1.0047948285
1.0019803591
1.0008741013
1.0144215200
1.0142421087
1.0038215871
1.0243421312
1.0363131518
1.0452960577
0.9803673843
0.9636480841
0.9968885939
0.9915991554
0.9664422307
1.0025892815
1.0369841727
1.0078962149
0.9752103079
0.9882000420
1.0064442268
1.0088817365
1.0191499793
1.0113239166
0.9910459806
0.9897898860
0.9976336373
0.9793671471
1.0032373631
1.0116099948
0.9898365129
1.0284683835
1.0387006662
1.0210823889
1.0038376562
0.9882498111
1.0126088371
1.0449376934
1.0481527942
1.0221091204
0.9919506098
0.9956094033
1.0113469544
0.9906613170
0.9853361505
0.9898821869
1.0241108884
1.0351300185
1.0009255996
1.0304083406
1.0237469580
1.0417218622
1.0275118572
1.0437310844
1.0235490506
0.9998573599
0.9946104384
1.0121383685
1.0170214994
0.9986338544
0.9798814166
0.9928542167
1.0371741749
1.0450124953
1.0228849518
1.0123676696
0.9843606033
0.9719466498
0.9899676870
1.0107903253
1.0552501793
1.0362005578
1.0239945859
1.0026188824
1.0135985452
1.0100596257
1.0243591329
1.0180334938
1.0167891037
1.0211932702
1.0120077798
1.0246997833
1.0334383924
0.9922818129
0.9963530497
1.0420236141
1.0397384505
0.9863606405
0.9864943424
1.0054504901
1.0218325771
1.0148025315
1.0114002553
1.0364469556
1.0260048565
1.0154941852
1.0029589661
0.9720607051
0.9725244125
0.9743920876
0.9768137522
0.9965701977
1.0158747086
1.0243757433
0.9884531260
0.9978944127
1.0446150325
1.0199472871
1.0194435749
1.0339971171
1.0436062313
1.0363258219
1.0105651349
1.0053182624
1.0210919854
1.0185289140
1.0012904125
1.0046964732
1.0127423319
1.0081916529
1.0143196956
1.0156284956
1.0139394492
1.0246733907
1.0164409674
1.0409483544
1.0196128972
0.9803941079
1.0009133196
1.0230030957
1.0267113078
1.0010013542
0.9919240362
1.0288868439
1.0457782977
1.0346427023
1.0138572461
0.9864267930
0.9890970414
1.0138762631
1.0182611642
1.0040558838
1.0021493285
1.0120329592
1.0122312814
1.0033761659
1.0005195285
0.9907504133
0.9714302353
0.9873569312
0.9806989430
1.0062898265
0.9819467821
0.9715647048
1.0030134584
1.0428653885
0.9928089709
0.9621749119
0.9885208574
1.0073219594
0.9989590262
0.9910038966
0.9912789638
1.0068807567
1.0285014660
1.0209924142
1.0196020114
1.0134334930
1.0214064999
1.0512591997
1.0030187738
1.0306671182
1.0512290639
1.0499598155
1.0192275317
1.0122026371
1.0037947516
0.9874968677
0.9841522777
0.9873771188
0.9921837852
1.0060066104
1.0001435787
0.9791741773
0.9955105907
1.0136423927
0.9754693356
0.9588812203
1.0072614256
1.0465631681
1.0219308590
1.0223348246
1.0329163329
1.0292857086
1.0186152865
1.0314198899
1.0056809782
1.0066728132
1.0272056401
1.0037336648
0.9946021068
1.0058425445
1.0202013522
1.0432862635
1.0534673618
1.0428640484
1.0267671356
1.0128640711
1.0231459809
1.0436221065
1.0179016122
0.9916342018
0.9820637535
0.9970551919
1.0334185441
1.0633445591
1.0191870890
0.9905414221
0.9872096708
0.9911764175
0.9928272206
0.9862492521
0.9883406772
1.0028987948
1.0108012989
1.0136623200
1.0187429479
1.0236429764
1.0489248950
1.0375587597
1.0018307081
1.0354060316
1.0767369627
1.0346918828
1.0273388012
1.0364393232
1.0457724944
1.0136556708
1.0084436402
1.0292711199
1.0208490630
0.9998099808
0.9983965106
0.9982009058
0.9771089788
0.9688806689
0.9833112316
0.9668605167
0.9736176338
1.0192023392
1.0367873772
1.0381149383
1.0521992390
0.9978464271
1.0014192810
1.0115761223
0.9992129349
1.0050649168
1.0233280471
1.0333875174
1.0134296908
1.0262808486
1.0412047522
1.0176847280
1.0071640348
1.0170734848
1.0117215180
1.0150841965
1.0052704804
0.9876950650
1.0065125965
1.0163351120
0.9886613960
0.9898513574
1.0147254179
1.0275942129
1.0399662350
1.0079509830
1.0061392367
1.0483878097
1.0728239118
1.0427710456
1.0080691427
1.0145948137
1.0287236010
1.0182309958
1.0053466260
1.0064517410
1.0186868365
1.0273174593
1.0037203742
0.9858484841
1.0085021758
1.0101439144
1.0290515855
1.0335086373
0.9752667525
0.9838914296
1.0180799097
1.0234650724
1.0217410010
1.0302191467
1.0458863056
1.0551035361
1.0388786289
1.0157954375
1.0088057399
1.0194620641
1.0494416170
1.0406731046
1.0002192870
0.9743207498
0.9685259274
0.9742134650
0.9305961722
0.9253407891
0.9131218017
0.9052548375
0.8884374581
0.8818474579
0.8972514477
0.9245476251
0.9643893823
0.9941518031
1.0196737947
1.0240465911
0.9881922358
0.9708531236
1.0079378220
1.0314377658
0.9927171236
0.9497327874
0.9607063514
0.9909713807
1.0132280872
1.0238858141
1.0460809782
1.0041426986
1.0039090719
0.9826173747
0.9678682480
1.0231769048
1.0643163505
1.0767936644
1.0451482343
1.0058255249
0.9792899192
0.9658533322
1.0069262232
1.0360550234
1.0255783976
1.0328342523
1.0343605163
1.0082360693
1.0179321229
1.0145826153
1.0037075322
1.0121710469
1.0069332784
1.0249055827
1.0389227605
1.0215494000
0.9930854733
0.9753749875
0.9766673223
0.9749272130
0.9766451601
0.9878208375
0.9930374118
1.0107070331
1.0194957640
0.9958395948
0.9746626906
1.0260381564
1.0682365215
1.0574222777
1.0554635076
1.0171741278
1.0094154788
0.9956386524
0.9886890138
0.9940074671
0.9902739596
1.0037818985
1.0071935858
1.0123822353
1.0296251598
1.0257040366
1.0101486786
1.0079182402
1.0048674653
1.0181803694
1.0073925382
0.9770232976
1.0117764821
1.0364881466
1.0034115618
0.9964708398
0.9863772040
0.9875191180
0.9897859883
1.0105002245
1.0217562572
1.0214972286
1.0191084681
1.0109098406
0.9935322651
1.0004056188
1.0332419563
1.0392245268
1.0038496478
0.9476690334
0.9482239412
0.9994973299
1.0011292351
0.9960696252
1.0251475259
1.0106194836
0.9934446771
1.0075821791
1.0350767010
1.0089547763
1.0048121577
0.9909461475
0.9844750506
0.9798818019
0.9715616836
0.9919638368
1.0334124183
1.0616567215
1.0612280883
1.0255024049
1.0240957747
0.9859235622
0.9886514134
1.0225545153
1.0248062392
1.0189851751
1.0102235766
1.0084704563
1.0173376927
1.0467022935
1.0313701941
1.0047942984
0.9991437833
0.9974128711
1.0084439891
1.0077672123
0.9940596901
0.9941783491
0.9750828684
0.9535100589
1.0000207895
1.0336849540
0.9992975932
0.9998991741
1.0035304846
0.9814540172
0.9804536513
0.9972374284
0.9913791889
0.9906389165
0.9864629622
0.9983983598
1.0072302761
1.0177576168
1.0019534485
1.0037940118
1.0149038457
0.9944580941
0.9922546979
1.0024417160
0.9887007364
1.0085538692
1.0077004128
1.0304011391
1.0056412916
0.9906971394
1.0039892154
1.0421501437
1.0785669440
1.0502468916
1.0005251522
0.9978390439
1.0119595245
1.0239308833
1.0035964172
0.9821315809
0.9968447904
1.0314933463
1.0362273381
1.0080248804
0.9987158255
0.9839567390
1.0360014553
1.0433196610
1.0494613569
1.0341058937
1.0054248724
1.0196567560
0.9985199955
1.0403217796
1.0443755718
1.0149564940
1.0220721039
1.0410129694
1.0418935870
1.0328178793
1.0257477697
1.0160773767
1.0193141619
1.0371340199
