#flux
0.9719393009
0.9645888788
0.9728609332
0.9681508218
0.9350709619
0.9224447696
0.9695185709
1.0037323724
0.9994574785
0.9673515221
0.9679968086
0.9539281562
0.9437571883
0.9424839890
0.9244113096
0.9286992161
0.9557561097
0.9947123696
0.9719410492
0.9483292014
0.9611313955
0.9792674897
0.9835853107
0.9811435993
0.9721183563
0.9575337876
0.9580508408
0.9568747871
0.9078164419
0.9135389970
0.9556396585
0.9763190889
0.9843174042
0.9969776567
0.9733647037
0.9855727016
0.9878574419
0.9937421469
0.9887582885
0.9824411755
0.9789834999
0.9728686455
0.9691447488
0.9644218825
0.9621164599
0.9708988819
0.9687068478
0.9525504171
0.9410360980
0.9539175736
0.9593562824
0.9638895300
1.0069667492
0.9993224279
0.9323265463
0.9087482208
0.9013981773
0.9248372347
0.9352816990
0.9223111755
0.9218488610
0.9389428784
0.9283985102
0.9065594404
0.9211195396
0.9293268613
0.9035575685
0.9146234718
0.9244418134
0.8994907840
0.8748215079
0.8909030723
0.9189298821
0.9211743382
0.9066510933
0.9173575350
0.9228680806
0.9619861483
0.9863116227
0.9677580507
0.9423372977
0.9287860051
0.9280594212
0.9383253973
0.9430911236
0.9282880358
0.9073140752
0.9015129130
0.9014143098
0.8656701019
0.8169071609
0.8196957400
0.8045758420
0.8121057402
0.8598753213
0.9260726299
0.9344634181
0.9130149676
0.8863319279
0.8706611972
0.8770058643
0.8836212652
0.8959978008
0.9014346209
0.9094021200
0.9234761693
0.9196614194
0.9210052285
0.9360431072
0.9213971865
0.8866055797
0.8989145551
0.8791351552
0.8646004389
0.9033048632
0.9332473715
0.9321451675
0.9307519924
0.9242187127
0.9144624556
0.9242114729
0.9387393135
0.9699233039
0.9832250792
0.9459668778
0.9021590109
0.8934844746
0.9014638175
0.9073086578
0.9073118132
0.9017099187
0.9027828355
0.9267361625
0.9290841228
0.9241097928
0.9052160497
0.9136118478
0.9163507093
0.9239296110
0.9293800697
0.9187851905
0.9351103828
0.9382598964
0.9144493105
0.9080672753
0.9156075935
0.9150820697
0.9119039190
0.9041571621
0.9081297122
0.9180120796
0.8939535781
0.8628135419
0.8968841795
0.8736613118
0.8629455886
0.8435857785
0.8362754565
0.8405871280
0.8183803804
0.7735035863
0.7714765284
0.8108523655
0.8450654884
0.8559123360
0.8367757344
0.8186720493
0.8370526513
0.8646750512
0.8624528825
0.8195508843
0.7880264447
0.8128389813
0.8111699510
0.8240827283
0.7565033197
0.7327065708
0.7507982370
0.7858572489
0.7935225791
0.7560034655
0.7224990957
0.7519252346
0.8015819354
0.8075197908
0.7788461567
0.7703222236
0.7820722652
0.7815783554
0.7765760402
0.7623631987
0.7357881345
0.7225637465
0.7281063924
0.7001045326
0.7046194630
0.7545170194
0.7336606031
0.7116963467
0.6884143229
0.6498399903
0.6029052768
0.5545201271
0.5060983815
0.4711596683
0.4349895773
0.3730097277
0.3098977365
0.2766654723
0.2508082181
0.2110736009
0.1782304704
0.1702571471
0.1636304807
0.1417879038
0.1509444305
0.1710064312
0.2035298176
0.2067097673
0.2315675997
0.2664201200
0.3158364567
0.3770479041
0.4357891034
0.4904632344
0.5464201379
0.5871601386
0.6266363239
0.6620859533
0.6694875457
0.6790981022
0.6926707584
0.7001380678
0.7040043451
0.7143416456
0.7274010719
0.7303905573
0.7403262509
0.7625584706
0.7700110028
0.7774436822
0.7989212834
0.7889535798
0.7921078728
0.7969035718
0.7699105577
0.7551465568
0.7757607438
0.7961877904
0.8210422144
0.8451815221
0.8210508106
0.8153685909
0.8183543227
0.8125492502
0.8282163508
0.8521919128
0.8497332180
0.8458902781
0.8353194339
0.8231363687
0.8447106100
0.8726079663
0.8814963044
0.8653614652
0.8603031081
0.8799010902
0.8987180095
0.9007356308
0.8914004108
0.8674983847
0.8493977565
0.8786930653
0.8880523609
0.8702333525
0.8699922732
0.8846826575
0.8672669590
0.8822915916
0.9221230993
0.9051389386
0.8840728099
0.8858417610
0.8637619393
0.8426189638
0.8289148274
0.8252626071
0.8467978076
0.8875848164
0.9151659373
0.9131760473
0.9031371667
0.9065021008
0.9145894374
0.9167756249
0.8953675758
0.9081810717
0.9026236069
0.9043455938
0.8942127820
0.8945708067
0.9101575854
0.9173748840
0.9087620074
0.9065051844
0.9262250704
0.9228875957
0.8971947770
0.8884721888
0.9084934918
0.9124177745
0.8890227002
0.8976179073
0.9131233604
0.8921999924
0.8746757904
0.8729371731
0.8042596174
0.7747743961
0.7419955992
0.7343777779
0.7419248837
0.7465289736
0.7910929334
0.8461976506
0.8728316738
0.8890595214
0.9089639693
0.9067774621
0.8914426485
0.8986590208
0.9155422357
0.9152941383
0.9059340512
0.8935717350
0.9227357797
0.9557265556
0.9481552338
0.9191977143
0.9099661133
0.9284166228
0.9415425126
0.9433729077
0.9516821706
0.9489710878
0.9305499058
0.9375979666
0.9204101353
0.8968850749
0.9129226014
0.9272202806
0.9123395092
0.9051632586
0.9111425895
0.9196200588
0.9204919815
0.9141812269
0.8981625712
0.9093565676
0.9274262005
0.9313267581
0.9411569128
0.9305240156
0.9005322251
0.9272383978
0.9559191822
0.9588248960
0.9445395491
0.9430139170
0.9363284533
0.9333383194
0.9392485524
0.9283101601
0.9118287967
0.8997890150
0.9014983703
0.9081187060
0.8870065819
0.9007986552
0.8854925894
0.8668890073
0.8813112889
0.8791823988
0.9028094121
0.9388799628
0.9651112795
0.9746595274
0.9745281204
0.9746717673
0.9769628342
0.9830791421
0.9926442358
0.9854551217
0.9775001099
0.9932420556
0.9689755411
0.9545860930
0.9499939977
0.9391478336
0.9365001451
0.9192603032
0.8734070276
0.8724703531
0.8730018906
0.8734393377
0.8726468090
0.9159578089
0.9435087963
0.9513360288
0.9462266627
0.9435280876
0.9646955668
0.9888608509
0.9687226605
0.9039096671
0.8399918256
0.8009841932
0.7991674731
0.8185498793
0.8632668159
0.8981623094
0.9474854327
0.9876623824
0.9763225649
0.9793070026
0.9961580050
0.9921364668
0.9852622127
0.9697674560
0.9573496059
0.9570437783
0.9681473078
0.9719641736
0.9654761507
0.9548833610
0.9284463104
0.9251400496
0.9537020144
0.9697711352
0.9726560534
0.9776085784
0.9456347370
0.9081166238
0.9188857207
0.9363973681
0.9551644154
0.9619381064
0.9584579705
0.9297538777
0.9473572874
0.9842465510
0.9869328487
0.9682938728
0.9460105429
0.9262327020
0.9233235644
0.9306242414
0.9450862987
0.9611510920
0.9693544547
0.9799883850
0.9967095098
0.9751380930
0.9752225839
0.9731501604
0.9620115759
0.9643722067
0.9744752082
0.9674270280
0.9323316923
0.9179568123
0.9375877566
0.9711348235
1.0183248826
1.0404358418
1.0112854488
0.9923928918
0.9794508849
0.9740558387
0.9825018305
1.0011010788
1.0089366855
0.9803644482
0.9645215427
0.9750362968
0.9670731688
0.9652580216
0.9857772837
0.9936035162
1.0048180462
0.9830721887
0.9713861092
0.9893499795
0.9914910091
0.9777260894
0.9794362468
0.9751048404
0.9563213734
0.9804184490
1.0085794146
0.9886371127
0.9785217669
0.9326591893
0.9116286306
0.9479181706
0.9534089439
0.9740564668
0.9916000272
0.9956891422
1.0036099089
0.9904957580
0.9587951417
0.9480924887
0.9552439606
0.9513794989
0.9468702293
0.9491104326
0.9403439992
0.9383474554
0.9242254121
0.9067372084
0.8909795833
0.9051702505
0.9383259314
0.9592625530
0.9702968819
0.9584227129
0.9684819578
0.9625208199
0.9636326135
0.9679660104
0.9754098789
0.9860330254
0.9816292672
0.9829788176
0.9910942960
0.9785506144
0.9777790129
1.0022083078
1.0135173702
1.0047289987
0.9909644250
0.9621374596
0.9412125460
0.9587273443
0.9965042872
1.0054860177
0.9963696411
0.9536580114
0.9325270527
0.9282365583
0.9365904163
0.9693006998
1.0032028740
1.0022319464
0.9813550575
0.9790053226
0.9807079702
0.9457110639
0.9031073903
0.9229097903
0.9559619743
0.9131243584
0.8985385017
0.9101044446
0.9474134771
0.9629340816
0.9670231601
0.9609263627
0.9575461881
0.9686569301
0.9695034660
0.9740915858
0.9656277148
0.9533986837
0.9646095251
0.9783666527
0.9747998369
0.9743916927
0.9796028948
0.9842244379
0.9859184240
0.9951314965
0.9987548860
0.9989422115
0.9910942389
0.9795680648
0.9900574212
0.9957830823
1.0153597967
1.0078492691
0.9694108881
0.9305604017
0.9447500252
0.9673378788
0.9569118565
0.9518450569
0.9674772797
0.9747633469
0.9750262256
0.9688698714
0.9352365972
0.8899685797
0.8750387320
0.8587542775
0.8125568255
0.8215768047
0.8911153057
0.8917380344
0.9049725759
0.9099642876
0.9006387824
0.9317908506
0.9731093567
0.9947823347
0.9934718009
0.9870166049
0.9851101423
0.9775549005
0.9811641738
0.9945930634
0.9573009896
0.9280935918
0.9042174039
0.9339739195
0.9179698346
0.9183651045
0.8866573716
0.9198048203
0.9267111729
0.9345542408
0.9406842214
0.9383074880
0.9400521128
0.9499661649
0.9633485484
0.9700444665
0.9644439081
0.9716266429
1.0009337841
1.0164299615
1.0232284037
1.0070079860
0.9860788721
0.9803863130
0.9806298368
0.9807842772
0.9744591263
0.9714867326
0.9673519067
0.9896957298
0.9942154752
0.9584380006
0.9427503286
0.9658804768
0.9948836695
1.0066485250
1.0009244684
0.9901871022
0.9707492885
0.9545576158
0.9904711120
1.0132749402
1.0075057792
1.0068736956
0.9935439409
1.0306996193
1.0390569248
0.9966202874
0.9752898681
0.9852351161
0.9955979980
0.9984710376
0.9946662592
0.9803367973
0.9802677379
0.9717057478
0.9565820427
0.9698235686
0.9862344283
0.9829754879
0.9897360952
0.9846066759
0.9926983051
0.9968200625
1.0059140311
1.0057902902
0.9840917476
0.9593139253
0.9490393012
0.9572615160
0.9731356884
0.9832018592
0.9740486039
0.9455181347
0.9534181687
0.9666047742
0.9665435910
0.9604877117
0.9637923144
0.9875484971
0.9910953464
0.9766736189
0.9834685987
0.9808042685
0.9658593432
0.9354283854
0.8947194298
0.8863872939
0.8786587791
0.8558496909
0.8539757165
0.7820778379
0.7409154430
0.7070256599
0.6787820671
0.7052407753
0.7677981155
0.8350471352
0.9017271563
0.9498280144
0.9637545203
0.9568270697
0.9598560110
0.9895896371
1.0272914549
1.0143525836
0.9487331311
0.8846443692
0.8309644023
0.7940020089
0.7795545425
0.7862011090
0.8044202159
0.8531799520
0.9271808201
0.9661342511
0.9768718078
0.9718751643
0.9865047274
1.0195604337
1.0148758103
0.9932717937
0.9788861902
0.9672952206
0.9824252954
0.9867883718
0.9699422187
0.9623113920
0.9654613377
0.9781911596
0.9797797758
1.0245238710
1.0169747808
1.0139502298
0.9977527661
0.9750236879
0.9781898911
0.9865310941
0.9773465174
0.9651278385
0.9721094088
0.9822533841
0.9615561707
0.9506826101
0.9556877891
0.9814643750
0.9964882076
0.9930076228
0.9847684054
0.9690755021
0.9754686172
0.9778059638
0.9650849492
0.9758503045
0.9980162349
1.0007522276
0.9981240010
0.9892558149
0.9866103654
0.9896311993
0.9851889666
0.9799954389
0.9867455173
1.0113199807
0.9958122721
0.9621161042
0.9312821035
0.9219384051
0.9193538299
0.9124999813
0.8936540406
0.8541023658
0.8512005282
0.9036413067
0.9298159616
0.9324500858
0.9401998079
0.9586179495
0.9862401675
0.9897205210
0.9778628864
0.9883099618
0.9973233330
0.9955369740
0.9951989602
0.9750854806
0.9631921200
0.9327243102
0.8996630488
0.8954945034
0.9309786024
0.9453899559
0.9464489789
0.9706869226
0.9752183920
0.9655744895
0.9826391062
0.9719655391
0.9570654867
0.9849089351
0.9905986948
0.9654467425
0.9691906836
0.9654988847
0.9694359406
0.9973957696
1.0158455139
0.9928334224
0.9687418885
0.9917162342
0.9973776442
1.0002847898
0.9969603238
0.9969021538
0.9902586281
0.9964902627
0.9941884077
0.9727658698
0.9721361714
0.9991339113
1.0175321891
1.0093495488
0.9967789284
0.9963239266
0.9889516332
0.9817172682
0.9967751154
0.9958057910
0.9968735883
1.0233087483
1.0120308603
0.9814145522
0.9566472068
0.9520091342
0.9417786103
0.9698265560
0.9895480500
1.0144563746
1.0046280446
0.9918668230
1.0031847468
1.0163590960
1.0188985525
1.0063854692
0.9928756180
1.0031094896
1.0052512541
0.9938186106
0.9811418498
0.9567082605
0.9633015726
0.9561915485
0.9847808708
0.9785691685
0.9829863379
0.9816351766
0.9918601981
0.9761040154
0.9940248877
1.0100366630
0.9859023208
0.9657995940
0.9741965023
0.9783395619
0.9675747329
0.9670981098
0.9747939888
0.9945138188
1.0147435972
1.0193231648
1.0102692962
0.9942416252
0.9824010823
0.9810976787
0.9726762304
0.9639022491
0.9923148157
1.0161951230
1.0016875791
0.9877128408
0.9739651529
0.9866315536
1.0100684628
0.9998514683
0.9817273020
0.9586362733
0.9160764179
0.8886864049
0.8773349912
0.8613365696
0.8724824142
0.9100934982
0.9683349576
1.0189583659
1.0095406894
0.9931115491
0.9849171071
0.9930904921
1.0055198589
1.0007675191
0.9924813805
0.9889054926
0.9769766538
0.9647771471
0.9651204090
0.9590961714
0.9450372274
0.9576300588
0.9902334407
0.9812925723
0.9610840923
0.9626244306
0.9548444507
0.9510541259
0.9530140459
0.9708674475
0.9911458642
0.9976455087
1.0008003521
0.9903079993
0.9874003117
0.9802462440
0.9815529477
0.9999330697
0.9986956221
0.9673499103
0.9423418911
0.9521695655
0.9668893249
0.9573099040
0.9569594209
0.9607584727
0.9775237246
0.9874904412
0.9732127159
0.9881834827
1.0053580979
0.9836122108
0.9596181875
0.9534740431
0.9741007142
0.9924551127
0.9677255669
0.9315796838
0.9248915713
0.9328478026
0.9395787729
0.9312810103
0.9177659654
0.9635030587
0.9822112690
0.9877252442
1.0096998444
0.9990141375
0.9769527568
0.9791870172
0.9466484070
0.9670137124
0.9871065898
0.9958844976
0.9667339402
0.9107126499
0.8391780214
0.7824088506
0.7691236631
0.7873886317
0.8295195310
0.8911628741
0.9190000792
0.9056780393
0.8956997624
0.8862626459
0.9002505696
0.9407638471
0.9488678513
0.9616786881
0.9874507885
1.0055847833
1.0104390575
1.0008242083
1.0012384085
1.0180289332
1.0156334531
1.0085885962
1.0054793469
1.0011560460
1.0132073238
1.0289020234
1.0244835042
1.0134076156
1.0195791073
1.0147230496
0.9905755266
0.9585665992
0.9744226567
0.9875188292
1.0026719361
1.0214712571
1.0257559285
1.0262741663
1.0169456235
0.9904395584
0.9907846444
1.0117439856
1.0164796754
1.0127411801
1.0231000376
1.0243795407
0.9946387999
0.9805282341
1.0007386706
1.0492545441
1.0504209130
1.0078738131
0.9960051055
0.9964848488
0.9949938933
0.9950879771
1.0010257889
1.0035063894
1.0050407298
0.9921665417
0.9821453182
0.9868365669
0.9908839904
0.9964326029
0.9957627610
0.9873433639
1.0027451684
1.0160346165
1.0055808441
0.9934911291
0.9817169112
0.9726940123
1.0041754028
0.9882960083
0.9786589872
0.9982387059
0.9814139248
0.9539029491
0.9607113968
0.9740753451
0.9543850706
0.9348336903
0.9399404325
0.9754291767
1.0037232358
1.0141416189
1.0227764940
0.9932565881
0.9893031986
1.0207665926
1.0202015134
0.9875795792
0.9776922660
0.9913476366
0.9989706292
0.9944370142
0.9761233420
0.9856481827
0.9865384343
0.9904972130
0.9865271462
0.9802798266
0.9907852875
0.9990636984
0.9889729862
0.9758363561
0.9676314404
0.9632628834
0.9704931973
0.9822997755
0.9954681411
1.0115063016
1.0148883630
1.0268611019
1.0250752186
1.0106861978
1.0005289107
0.9735899551
0.9927034706
1.0136307001
0.9943304930
0.9859793216
0.9966336230
1.0007776604
1.0181809350
1.0378619394
1.0182996595
0.9917093593
0.9898716899
0.9830481588
1.0107241242
1.0090034736
0.9919822916
0.9780068000
0.9606460092
0.9803863231
1.0105348238
0.9885364905
0.9959788576
1.0094973659
0.9859317226
0.9745858784
0.9641369306
0.9730859801
1.0011473458
1.0040278786
0.9894808503
0.9952535465
1.0041123739
0.9981082518
0.9947407684
0.9998084884
1.0066506548
0.9833314098
0.9671577457
0.9944045894
0.9857562563
0.9823078680
0.9956936896
0.9995372490
0.9861076263
0.9759009820
0.9748738325
0.9906817450
1.0053986254
0.9998588871
0.9944084587
0.9972558328
0.9891205613
0.9947636110
1.0280658932
1.0256665276
0.9970277015
0.9852422324
0.9761863317
0.9761225224
1.0093738244
1.0287237929
1.0272987329
0.9966983120
0.9829928047
0.9668591581
0.9586209302
0.9862686918
1.0178885802
1.0148589990
0.9956963612
0.9868343077
0.9876575150
1.0120193586
1.0509194489
1.0324925892
1.0051064858
0.9857963110
0.9946298415
1.0297859706
1.0204657158
1.0055601509
1.0094672852
1.0090627244
0.9911116959
0.9771353514
0.9724129441
0.9656050610
0.9646403504
0.9840814755
1.0015851140
0.9992835544
0.9950950763
0.9987301478
1.0025964933
1.0032381171
0.9949315345
0.9839722408
0.9844690505
1.0324372571
1.0384213047
0.9921196374
0.9814536059
0.9939757246
1.0172368704
1.0232208537
1.0152333222
0.9973284505
0.9977159650
1.0024868552
0.9976291872
0.9975963502
0.9954399795
0.9796284962
0.9785712556
1.0023496921
1.0200284963
1.0302660759
1.0340819221
1.0289553762
0.9905954735
0.9681469507
0.9643550390
0.9797106702
0.9949855725
1.0061175206
0.9980192153
0.9725670657
0.9572886425
0.9778893888
0.9929285677
0.9856367829
0.9938169897
1.0095343341
0.9975910806
0.9828185245
0.9845291921
0.9851320332
0.9865894510
0.9952668085
0.9766883046
0.9872100233
1.0042342563
1.0145009057
1.0050565379
0.9908236195
0.9799116230
0.9670356379
0.9471940226
0.9279825792
0.9238119279
0.9377348133
0.9521833012
0.9635520188
0.9881876030
1.0119501297
1.0033546047
0.9745584007
0.9569599849
0.9787522989
0.9801605866
0.9840645778
0.9966207652
0.9883694197
0.9822250568
0.9950020020
1.0151229047
1.0082936665
1.0018997561
1.0072906049
1.0014507391
0.9911440329
0.9954896846
0.9978361306
0.9921984021
0.9948737648
0.9963273056
1.0062724778
1.0024122873
0.9873347512
0.9735999348
0.9771609700
1.0193966397
1.0340963753
1.0104231686
0.9828785900
0.9802694874
0.9673168584
0.9712164469
0.9752129749
0.9561049159
0.9378430546
0.9315583788
0.9337383064
0.9315700077
0.9149717848
0.9174136643
0.9484902570
0.9609223813
0.9645425519
0.9740811173
0.9848753768
1.0326284763
1.0500376369
1.0075508124
1.0043386262
1.0170243027
1.0228688200
0.9971245015
0.9725374557
0.9874611575
1.0025860310
0.9926876332
0.9864087198
0.9936282886
0.9887795462
0.9700892439
0.9661753466
0.9798018010
0.9857374669
0.9881588700
1.0098704110
1.0075332682
1.0004146912
1.0345157378
1.0446564339
1.0572751144
1.0387573721
0.9967863497
0.9912127618
0.9988848569
0.9915686881
0.9867816835
0.9800350563
0.9655112377
0.9658477837
0.9801045346
0.9948218132
1.0097584259
0.9790299542
0.9635931863
0.9887291888
1.0161828245
1.0252109784
1.0261049972
1.0338833284
1.0253382238
0.9869974217
1.0012824900
0.9878081267
0.9882285236
0.9756219360
0.9791790740
0.9782899115
0.9753518957
0.9955057040
1.0134458212
1.0194339996
1.0083480800
0.9847931858
0.9861709911
0.9843418639
0.9525417912
0.9465785549
0.9915690146
0.9984253511
1.0228169659
1.0267389206
0.9877459888
0.9869888685
0.9958048536
1.0004442830
1.0024316582
0.9821821820
0.9735402944
0.9834174215
0.9864224821
0.9921129523
0.9869300785
0.9716617763
0.9829250629
1.0095753502
1.0090295403
1.0116007039
1.0281511628
1.0188545568
0.9629904823
0.9366086431
0.9395143647
0.9184563832
0.9031777664
0.9007553539
0.8951493128
0.8815031151
0.8561378845
0.8083322199
0.7605678461
0.7664103344
0.8106625678
0.8246944984
0.8348797487
0.8399476990
0.8782881908
0.8833308317
0.9071330350
0.9405380300
0.9404294888
0.9529960612
0.9534830801
0.9912728219
0.9907540675
0.9940030427
1.0061986919
1.0037115513
1.0104060861
1.0129768635
0.9863453948
0.9483263107
0.9141227023
0.8973136168
0.9164399742
0.9356954845
0.9179625438
0.9234624130
0.9707297485
0.9747266540
0.9440221320
0.9412479901
0.9647026986
0.9917725555
0.9756024031
0.9869660477
1.0137167332
1.0302503887
1.0250051775
1.0018821903
0.9866047269
0.9898670305
0.9929615156
0.9886234593
0.9935518796
1.0161345165
1.0216143955
0.9879806638
0.9720672300
0.9927081469
0.9901039877
1.0001670028
0.9993963398
0.9825468544
1.0022798575
1.0056596696
1.0097598213
1.0109431954
1.0106819004
0.9885003965
0.9801274016
1.0025183368
1.0107999841
1.0027086107
1.0025254758
1.0011153144
0.9924947852
1.0091239718
1.0191294537
0.9979401511
1.0036364742
0.9826446753
0.9728631264
0.9775979768
1.0031820980
1.0004910882
1.0356989264
1.0229611004
0.9940532180
0.9838139151
0.9840356997
0.9937640610
1.0204083948
1.0505692147
1.0640903618
1.0522449166
0.9938434515
0.9732865563
0.9951854285
1.0084546367
0.9932704865
1.0129358547
1.0350925713
1.0042694546
0.9962051773
1.0148725162
0.9986903987
0.9607656823
0.9396904659
0.9127662952
0.9037147246
0.9162009653
0.9130469420
0.9147410925
0.9510168799
0.9853177882
0.9939038195
0.9745939241
1.0071839863
0.9745979413
1.0015831029
0.9872615419
0.9549682673
0.9784230280
0.9887805518
0.9760443901
0.9802607125
0.9999605349
1.0032867253
0.9936601462
0.9900345824
1.0010830744
1.0036075990
0.9937272307
1.0065495674
1.0291048601
1.0099349887
0.9903235929
1.0470795378
1.0787809301
1.0302434044
1.0208158523
1.0024462623
0.9910976000
1.0283046900
1.0066889931
1.0044183967
1.0321493815
1.0357860145
1.0205406149
0.9951028266
0.9853359376
0.9928815705
1.0071424395
1.0187380122
1.0116614170
0.9969756249
0.9809755658
0.9636068329
0.9619172181
0.9944714276
0.9982868986
1.0083944706
1.0258734155
1.0100012101
0.9679952483
0.9747842995
0.9835899793
0.9798805606
0.9838898204
0.9867977878
0.9442326279
0.8745549726
0.8209569085
0.7759103723
0.7313018179
0.7319730648
0.8056065463
0.8905928355
0.9343619459
0.9332045224
0.9460306461
0.9632132620
0.9854010650
0.9947952664
0.9899978571
0.9980407017
0.9943752390
0.9598776971
0.9456672088
0.9529409375
0.9708784534
0.9870927120
0.9872480184
0.9851435807
0.9908474667
0.9963111272
1.0037486031
0.9922057200
0.9813241854
0.9667309051
0.9388438531
0.9449680899
0.9469764004
0.9926489775
0.9858507655
0.9830589544
1.0080424651
1.0039801495
0.9898037849
0.9852428786
1.0045078902
1.0047721483
1.0108057354
1.0354510523
1.0377477342
1.0176704426
0.9898129065
0.9705139177
0.9951645889
1.0091910681
1.0020676020
0.9829541705
0.9929851954
1.0264855524
1.0414743203
1.0511645255
1.0390833449
1.0054754727
0.9938211067
1.0063840930
0.9926754455
0.9700775512
0.9648432907
0.9861607300
1.0063260637
1.0070105579
1.0112501925
1.0128053403
1.0173919566
1.0306183634
1.0374702365
1.0092777077
1.0099895866
1.0264360544
1.0079226750
1.0209281502
1.0189797335
0.9959767829
0.9900901984
0.9913064123
0.9663220298
0.9448962970
0.9637093825
1.0116930749
1.0370201417
1.0296565823
1.0368816088
1.0530490435
1.0344736799
1.0225447133
1.0081921013
0.9981460317
1.0377238251
1.0213445796
1.0148674817
0.9963701159
0.9877643334
1.0341877192
1.0471363395
1.0170617188
0.9851587722
0.9949376974
1.0089255906
1.0151010640
1.0248817613
1.0370152019
1.0361187576
1.0186547906
1.0075212759
0.9869645512
0.9842214525
1.0061075171
1.0180564813
1.0073322134
1.0173087466
1.0489682963
1.0359353017
1.0367612093
1.0451007628
1.0487664358
1.0270677853
1.0148029484
1.0078468963
1.0082498543
1.0133256196
1.0084166273
0.9990393104
1.0026912353
1.0106821713
1.0045171635
1.0090669455
1.0174469094
1.0098835911
1.0179688387
1.0110879580
1.0040531205
0.9937520025
0.9930254836
0.9876059205
1.0153904532
1.0094911805
0.9825176342
0.9886133875
1.0052076636
0.9944350833
0.9904168539
1.0121465342
1.0259730423
1.0136743080
0.9813897486
0.9702982730
0.9975746332
1.0383286300
1.0215561956
1.0266093178
1.0562947853
1.0401958112
1.0248133531
1.0139516657
1.0072361241
1.0032143254
0.9983871383
1.0026015703
1.0095626430
1.0180359825
1.0136186677
1.0020200910
1.0049407762
1.0100670359
0.9968189260
0.9819711963
0.9947911191
1.0015860538
0.9989533346
0.9650854156
0.9566259893
0.9573827902
0.9758821150
0.9802758501
1.0247681033
1.0317875092
1.0036000348
0.9926946673
1.0109110191
1.0123983520
0.9934984546
0.9767435296
0.9750749647
0.9872999745
0.9943686269
0.9975466964
1.0040268828
0.9812339565
0.9880552716
0.9531521230
0.9625052539
1.0051005948
1.0018022559
0.9999654378
1.0137435447
1.0300737170
1.0247075500
1.0169876750
1.0145053597
1.0051298572
1.0082467334
1.0161464681
1.0158956796
1.0073405208
0.9876099896
0.9950063819
1.0456319828
1.0473780671
1.0159713252
1.0174036223
1.0249254392
1.0279526582
1.0003715757
0.9887454465
0.9749682454
0.9520582828
0.9697629301
0.9794390605
0.9971865790
1.0098293519
1.0079234621
1.0181894373
1.0404519096
1.0260868453
1.0046768166
1.0142889018
0.9852530733
0.9964749596
1.0303432785
1.0429680624
1.0440021349
1.0307086616
1.0498579921
1.0260803573
1.0103488807
1.0119623521
1.0242479793
1.0086715868
1.0040375462
1.0228454682
1.0473668150
1.0640466470
1.0444092802
1.0061558140
0.9956878231
1.0021998597
1.0058701882
1.0235550687
1.0356662229
1.0066813166
1.0282563158
1.0539840728
1.0230248814
1.0231619852
0.9952031326
0.9814586115
0.9960703689
1.0052379373
0.9986182409
1.0005509254
1.0043525335
1.0010647828
0.9903527165
0.9906694145
1.0115731247
1.0264739072
1.0210095521
1.0049779951
0.9797501559
1.0058222954
0.9767260958
0.9927027618
0.9936947798
0.9896764530
1.0060402686
1.0079933148
1.0052248360
1.0089137608
1.0531898841
1.0691529934
1.0373539956
1.0076928772
1.0031921811
1.0021651654
0.9903180880
0.9857028506
0.9919111884
0.9852147804
0.9757856456
0.9708749343
0.9736018602
0.9621247222
0.9557489886
0.9543465406
0.9614074498
1.0071331628
1.0213235630
1.0029829282
1.0202596599
1.0268362653
1.0035096689
0.9824899655
0.9952445807
1.0130890065
1.0072068171
0.9954272306
1.0007469477
1.0158776271
1.0164342876
1.0073608097
1.0163734812
0.9780321229
0.9855853280
1.0030693234
0.9734419460
0.9771597722
1.0052341914
0.9966724534
0.9956413704
1.0242160638
1.0125772623
0.9878339114
0.9591285488
0.9346580161
0.9138608659
0.8649583943
0.7841894387
0.7353936328
0.7438257023
0.7384700165
0.7529084412
0.8237481058
0.8798755425
0.9270046905
0.9807960493
0.9968696991
1.0215546642
1.0080828142
1.0004810889
1.0117025929
1.0032952940
1.0135388722
1.0030729717
0.9932017213
0.9924507086
0.9932920945
0.9944176031
1.0077666434
1.0258685776
1.0083553781
1.0279713086
0.9938114870
1.0060745993
1.0116902819
1.0278681136
0.9931446818
1.0069447068
0.9813628659
0.9448900219
0.9537643841
0.9701678389
0.9621771572
0.9447063343
0.9518509018
0.9600867309
0.9716987062
1.0008603717
1.0084995907
0.9957753709
1.0135581577
1.0238853259
1.0167379238
1.0253765561
0.9987236130
0.9912286877
1.0090147080
0.9883306129
0.9992869764
1.0119184876
1.0152053269
1.0046026686
1.0045521715
0.9746224618
0.9437976975
0.9407161705
0.9676974478
0.9828675514
0.9950841888
1.0259797668
1.0241940583
1.0036866979
0.9827842302
0.9874491054
0.9715405244
0.9761497894
0.9530495649
0.9976542991
0.9631756896
0.9705115125
0.9959781930
0.9944676264
0.9889030416
0.9778405866
0.9861723736
1.0019612772
1.0178040064
1.0375822775
1.0268803974
0.9919055510
0.9917608830
1.0123072208
1.0220065969
1.0210787354
1.0175083033
1.0284793258
0.9991970576
1.0126460985
1.0110864242
1.0280443302
1.0296972320
1.0011797050
1.0129374901
1.0069853161
0.9839319031
0.9838401906
0.9831479973
0.9692077031
0.9654548956
0.9820130658
0.9981725982
1.0112638241
1.0352298938
1.0123674590
1.0036757326
1.0287477171
1.0155600430
0.9891903735
1.0160939727
1.0367157999
1.0270573970
1.0092719828
1.0163662642
0.9953856369
0.9819493303
1.0217866298
1.0561331679
1.0428630483
1.0224465133
1.0226785842
1.0231275096
1.0250498344
1.0320255793
1.0205091193
1.0437504821
1.0179162483
1.0119356146
1.0502397815
1.0274583403
0.9681688046
0.9597433551
0.9466401182
0.9866318586
1.0326683908
1.0273654842
1.0002015314
1.0077730193
1.0237211092
1.0117800742
0.9898134566
0.9836759042
0.9971032771
1.0111522446
1.0068560272
1.0199153461
1.0170450135
1.0110228151
1.0426507457
1.0492148180
1.0133250028
1.0083612121
1.0117810575
1.0029414027
1.0049119408
1.0390618862
1.0110526963
0.9853668106
0.9935631142
1.0252348610
1.0330975917
1.0186188343
1.0177582427
1.0263156749
1.0443909722
1.0464856821
1.0625194713
1.0426008335
1.0086718837
0.9934148547
1.0150222095
1.0424999530
1.0254892377
0.9945226565
1.0108347029
1.0105854362
0.9857384009
0.9638969133
0.9531569351
0.9574272105
0.9692919318
1.0030487248
1.0265516920
1.0074707393
1.0091228750
1.0287364728
1.0302990535
1.0268138303
1.0202200344
1.0390519903
1.0001943549
1.0011966683
1.0002307278
1.0502767521
1.0551718298
