#flux
0.9595380741
0.9741462600
0.9694079063
0.9750021255
0.9608472475
0.9542685993
0.9649214111
0.9708904313
0.9679415827
0.9764623263
0.9666752501
0.9570612159
0.9758827827
0.9970355891
0.9887055942
0.9668938884
0.9598355477
0.9650021268
0.9740818993
0.9945479711
1.0100972366
0.9845519972
0.9426795390
0.9437523363
0.9653723846
0.9490091702
0.9413803753
0.9685100607
0.9763613018
0.9888121503
0.9810318518
0.9883302316
0.9817519172
0.9745470298
0.9872211293
0.9902996283
0.9780771637
0.9634153727
0.9529511492
0.9559050185
0.9670901150
0.9659401359
0.9618897397
0.9480482450
0.9576800213
0.9805229339
0.9844359257
0.9751861317
0.9850018440
0.9786737361
0.9713305052
0.9654680522
0.9666600738
0.9667021871
0.9600509294
0.9549227550
0.9491916989
0.9392314591
0.9444320058
0.9699624408
0.9650366619
0.9863666386
0.9524924986
0.9356442982
0.9563404533
0.9741348606
0.9797833262
0.9839660154
0.9664257001
0.9381117677
0.9278876199
0.9325373297
0.9352478484
0.9381140202
0.9495296045
0.9555388721
0.9390998249
0.9242449427
0.9398798883
0.9554073280
0.9660578763
0.9694523147
0.9565292065
0.9259717135
0.9433996728
0.9593920337
0.9312989879
0.9120339773
0.9126967870
0.8926148558
0.8871259764
0.8773089490
0.8922170183
0.9137065995
0.9224685537
0.9374906632
0.9489154011
0.9343207241
0.9167931109
0.9218030278
0.9160651572
0.9326147606
0.9304530184
0.9286354954
0.9163419952
0.9130409818
0.9245569180
0.9395538491
0.9562213566
0.9374275178
0.9223790715
0.9220106310
0.9242908430
0.9266618650
0.9235432940
0.9133188005
0.9103807890
0.9198551110
0.9212848574
0.9123254975
0.9311034093
0.9411968103
0.9531059803
0.9369943603
0.9190188956
0.9098559394
0.9078322362
0.9113479991
0.9067741554
0.8827986172
0.8776116236
0.9094506632
0.9161393124
0.9040672414
0.9093343237
0.9180176664
0.9177051952
0.9196650598
0.9096901921
0.8868619185
0.9031641626
0.9075885819
0.8793949708
0.8870914777
0.8765937667
0.9250751326
0.9246684172
0.9003576598
0.9098232262
0.9059806177
0.8920828237
0.8726841238
0.8627164688
0.8654930870
0.8802404118
0.8856390803
0.8713336238
0.8603271078
0.8580444553
0.8553987105
0.8532781371
0.8469523744
0.8216392723
0.8343037502
0.8372766846
0.8374682052
0.8607970800
0.8724740375
0.8476470884
0.8225486024
0.8287959202
0.8359347145
0.8505781180
0.8368176163
0.8166883205
0.8048600492
0.7942695381
0.7958628457
0.7933991469
0.7906047351
0.7913611112
0.7973126588
0.8106206333
0.7957051614
0.7948966303
0.7698652726
0.7415475110
0.7743448785
0.7690261021
0.7606070865
0.7606899791
0.7537800202
0.7565607277
0.7376267942
0.6966465073
0.6711466232
0.6676294033
0.6690012065
0.6647166550
0.6425306922
0.6015197917
0.5690524280
0.5425474261
0.5001803643
0.4574897044
0.4050975849
0.3746882688
0.3308085175
0.2953099587
0.2666479079
0.2330698129
0.2150396730
0.2089601625
0.2058343924
0.2191123614
0.2370840261
0.2414714831
0.2399569372
0.2449110293
0.2698452239
0.3142447276
0.3610195257
0.4171045017
0.4753766776
0.5295238070
0.5730338808
0.5934760368
0.6177820838
0.6592476885
0.6777949817
0.6776258131
0.6939214131
0.7133606735
0.7216422121
0.7277144945
0.7372274502
0.7445789398
0.7489280011
0.7497234186
0.7500354844
0.7633510224
0.7623269003
0.7792785168
0.7937236768
0.7845271594
0.7719193506
0.7796830268
0.8146674275
0.8340792587
0.8006446481
0.8082984380
0.8371341869
0.8418741146
0.8279369369
0.8169844825
0.8147344146
0.8242047988
0.8394746431
0.8413402166
0.8300506851
0.8270862258
0.8445508355
0.8646735815
0.8332234338
0.8592741695
0.8319728493
0.8392980911
0.8606284767
0.8744044704
0.8697445265
0.8612576808
0.8686274837
0.8786072429
0.8751633770
0.8724950992
0.8736314538
0.8674262987
0.8604877487
0.8641459973
0.8716890439
0.8733494710
0.8682542205
0.8710459735
0.8807393805
0.8793104430
0.8923860164
0.9226117437
0.9087669993
0.9090888054
0.8783262139
0.8790975269
0.9036179303
0.9096170889
0.8981248982
0.8869486852
0.8801055466
0.8870607690
0.9049318250
0.9201822942
0.9324305510
0.9291304673
0.9202767854
0.9335224058
0.9463437388
0.9223778767
0.9163748921
0.9205346772
0.9150432903
0.9416708248
0.9330545774
0.9152315751
0.9027200578
0.9374511440
0.9389485981
0.9180993710
0.9128803260
0.8925669873
0.8503771827
0.8270677203
0.8213052734
0.8078340173
0.8089238123
0.8396488944
0.8903294556
0.9142723068
0.9357148764
0.9458524577
0.9534385298
0.9454550575
0.9572604894
0.9689090318
0.9595849475
0.9541850785
0.9522946350
0.9428333169
0.9372978884
0.9377575730
0.9341388334
0.9427143328
0.9657868851
0.9606021510
0.9407898351
0.9446722936
0.9665942721
0.9800108103
0.9725364106
0.9468761105
0.9448433315
0.9425445110
0.9492445988
0.9433250168
0.9447483597
0.9410188872
0.9385811841
0.9535823950
0.9655735348
0.9568758843
0.9472346517
0.9473647234
0.9522652463
0.9691010122
0.9785016199
0.9775631800
0.9632793445
0.9293461185
0.9310005123
0.9358543596
0.9576140922
0.9769654499
0.9755257372
0.9711036663
0.9728668266
0.9743635312
0.9675686902
0.9642512319
0.9658748401
0.9571746023
0.9385126208
0.9279937581
0.9287679871
0.9286261741
0.9277271800
0.9273604627
0.9221478323
0.9246520581
0.9480251865
0.9412465737
0.9660935072
0.9807058012
0.9892813790
0.9695998323
0.9581438535
0.9552543886
0.9593604255
0.9704452690
0.9772317588
0.9741263365
0.9655436343
0.9446190080
0.9238078173
0.9350568489
0.9504318384
0.9441272355
0.9272365742
0.9338753714
0.9452809413
0.9720139007
0.9581896760
0.9423172049
0.9632238330
0.9896373233
0.9952606845
0.9688228291
0.9610735913
0.9526145209
0.9267449088
0.8904496870
0.8663989927
0.8689302000
0.8923001323
0.9243347265
0.9429286136
0.9535618623
0.9721476064
0.9842223776
0.9733035364
0.9734094149
0.9988776281
0.9988824569
0.9988564637
0.9837535376
0.9828780464
0.9863326153
0.9965589201
0.9963860237
0.9875054131
0.9829264236
0.9822376955
0.9830653167
0.9773823364
0.9598501991
0.9546368252
0.9654122509
0.9776401886
0.9761345295
0.9745387590
0.9620321135
0.9759586289
0.9989403255
1.0027620909
0.9955516061
0.9766778643
0.9616376732
0.9862377426
0.9958595108
0.9956511293
1.0148748786
1.0224721907
0.9851452175
0.9475621658
0.9637025961
0.9910672480
0.9761326864
0.9583955324
0.9688274616
0.9886568827
0.9907052012
0.9754782530
0.9735747045
0.9655784627
0.9627773330
0.9934701025
1.0031960250
0.9860298224
0.9943103572
0.9919189691
0.9873362686
0.9921947872
0.9907355674
0.9907988369
0.9891548544
0.9694761668
0.9620068577
0.9813852391
0.9639120007
0.9757885079
0.9999146569
0.9697942008
0.9659146263
0.9641181347
0.9677613067
0.9508974646
0.9956922260
1.0454615220
1.0335452699
0.9989860460
0.9776851217
0.9752990725
0.9838309792
0.9912819543
0.9869797792
0.9711312652
0.9695246184
0.9744810703
1.0073890954
0.9870364061
0.9696699064
0.9677976787
0.9509553423
0.9669298237
0.9974195370
0.9902920860
0.9929367212
1.0033727287
0.9989512247
0.9839844077
0.9857252009
0.9945243458
1.0101743563
1.0009579925
0.9567419356
0.9604307590
0.9893855984
1.0167673667
1.0062384686
0.9876275270
0.9952061922
0.9798165695
0.9681234328
0.9782247910
0.9806835898
0.9773802601
0.9982433203
0.9990942349
1.0058192833
1.0054501517
0.9948516240
0.9983120848
1.0027374991
0.9918661466
0.9833844728
0.9772232530
0.9692262715
0.9860022617
1.0150345540
1.0099251607
1.0130338014
0.9987620564
0.9773204665
0.9892123254
1.0043781178
1.0056548755
1.0330074211
1.0319309252
1.0088123887
1.0010825859
0.9912310104
0.9629304208
0.9493231206
0.9657441995
0.9808465803
0.9806974767
0.9765123546
0.9716205708
0.9900702914
0.9927922362
0.9535045713
0.9757321944
1.0069742229
1.0145250629
0.9804616378
0.9874564803
1.0098999467
1.0150952620
1.0138376566
1.0071280004
1.0060164733
1.0064542388
1.0015938665
0.9880199558
0.9718525544
0.9761774769
0.9964123313
1.0003173958
0.9988959310
1.0101345667
0.9982987226
1.0315630786
1.0260294755
0.9976724483
1.0091891010
1.0170264041
0.9983596845
0.9887544966
0.9874679831
0.9957761987
0.9947621714
0.9905484183
0.9888867999
0.9914005746
0.9936567706
0.9860330022
0.9779662915
0.9632081201
0.9548871190
0.9208978340
0.8985451777
0.9388395670
0.9816457994
0.9818501011
0.9907861936
0.9996292744
0.9974514812
1.0024732102
0.9958575318
0.9962053380
0.9912111013
0.9690282677
0.9649012924
0.9789206358
0.9962339002
1.0097067463
0.9817121671
0.9540140596
0.9563633888
0.9569716821
0.9665183624
0.9749871705
0.9549707955
0.9816741979
0.9601947222
0.9594742298
0.9900586643
1.0033784408
0.9858728757
0.9657840129
0.9829736172
0.9886303101
0.9772654791
0.9860496890
0.9964486770
0.9879722681
0.9809495568
0.9778393919
0.9862174213
1.0015901294
0.9884302826
0.9744375642
0.9937657942
0.9913791828
1.0073498519
0.9968515436
0.9940292812
0.9925116009
1.0079029059
0.9969770701
0.9930598825
1.0061967802
1.0114331609
1.0068877937
0.9994799913
0.9884208997
0.9851619891
0.9932564977
0.9880259865
0.9835394330
1.0074667113
0.9924015706
0.9792957975
0.9660752570
0.9714107848
0.9960135624
1.0145226159
1.0167439459
1.0129003466
1.0066864562
0.9987958967
0.9964441040
1.0026637134
1.0064425694
1.0039877837
0.9996728778
0.9947054487
0.9983625504
1.0003463182
0.9792276914
0.9657135844
0.9754849173
0.9911172201
0.9471246701
0.9572618849
0.9670874129
0.9713002352
0.9790378575
1.0026839638
1.0009080567
1.0009728172
0.9946198436
0.9756567717
0.9667624897
0.9701100590
0.9726614770
0.9765287343
0.9825956258
0.9898177258
1.0004316038
0.9841183016
0.9348648657
0.9447461030
0.9572517075
0.9425964054
0.9304169451
0.9053068218
0.8335055669
0.7835643115
0.7588694790
0.7611409187
0.8066328840
0.8717663789
0.9161507397
0.9445052531
0.9734382299
0.9857260802
0.9785478547
0.9810042869
1.0002068163
1.0054006993
0.9696723047
0.9120263915
0.8779091830
0.8367166359
0.8114487982
0.8012177513
0.8353230409
0.8995194215
0.9548786156
0.9650730347
0.9874913837
0.9804103692
0.9596714436
0.9555838643
0.9601128641
0.9879078812
1.0018461842
0.9967728271
0.9933573786
1.0038606865
1.0280397122
1.0239566314
0.9991071053
1.0023660960
0.9887102398
1.0238964314
1.0271189978
1.0142464667
0.9854435603
0.9772857795
0.9960756931
0.9983731344
0.9979652415
0.9929585033
0.9898958100
1.0106904985
1.0042603710
0.9902230030
1.0006414743
1.0225353666
1.0219337029
0.9865746849
0.9674276437
0.9956435683
1.0152909900
0.9937812627
0.9518487163
0.9371523138
0.9599223780
0.9860235931
0.9873401931
0.9894550099
1.0061003849
1.0006816864
0.9745445607
0.9742845761
0.9807469898
0.9564209824
0.9593098634
0.9901306215
0.9877308095
0.9627366629
0.9479769046
0.9634892095
0.9457435236
0.9332303833
0.9346889976
0.9327158554
0.9523720657
0.9648536661
0.9688829606
0.9993694716
1.0130299133
1.0080074459
1.0094860098
1.0000116161
1.0028674185
1.0202014973
0.9916541629
0.9525271209
0.9542898416
0.9708015906
0.9726760214
0.9897093078
1.0062429896
0.9903117993
1.0055811615
1.0053336003
0.9749791362
0.9716946504
0.9773628119
0.9720440540
0.9783559546
0.9981462373
1.0110465722
1.0020301765
0.9685938941
0.9490648748
0.9758765687
0.9966216908
0.9898456796
0.9707428445
0.9746648055
1.0200815115
1.0079941896
1.0075057635
0.9974881883
1.0015158398
1.0057326858
0.9987189680
0.9852772995
0.9922662803
1.0055009550
0.9898763669
0.9727412126
0.9784886717
0.9785680934
0.9778783377
0.9842805609
1.0044949041
1.0189610857
1.0083655672
0.9957181547
0.9830713676
1.0043102360
1.0114794167
1.0124858518
1.0012898843
0.9971826141
0.9980635251
0.9899590260
0.9840991933
0.9719385177
0.9743785718
0.9866077244
0.9841241375
0.9773597709
0.9686320478
0.9771543912
0.9818559644
0.9698109045
0.9797799816
0.9836530989
1.0005430815
1.0233473935
1.0229069560
1.0125707038
1.0077980953
0.9986635162
0.9924509912
1.0013886219
1.0112469224
1.0159628116
1.0182486313
1.0087433737
0.9988928601
1.0056871543
1.0114056136
1.0150746030
1.0096942784
0.9951099276
1.0020046115
1.0079220824
0.9921834513
0.9958106763
1.0200682079
0.9928614666
0.9826185520
1.0000849200
1.0164078543
1.0182071145
1.0208817919
1.0353093433
1.0382315203
1.0213690104
0.9995322939
0.9829225427
0.9851173167
0.9979184562
0.9849696524
0.9655060956
0.9551831348
0.9329015526
0.9047546530
0.9185755051
0.9534722987
0.9637497632
0.9868982386
0.9833196241
0.9892459312
0.9836151254
0.9922983740
1.0083557746
1.0120873290
1.0094723869
1.0121091930
1.0115795196
0.9951607026
0.9882627272
1.0056691470
0.9844134978
0.9756957915
0.9552084095
0.9669126105
0.9617211728
1.0092624564
0.9911925080
0.9671372170
0.9824987392
0.9905653770
0.9622862444
0.9700641969
0.9933221327
1.0022459564
1.0081336496
1.0112338063
1.0046872380
0.9918649570
0.9824538608
0.9951246395
1.0166309117
1.0094431081
0.9835302661
0.9775157579
0.9836262492
0.9859661669
0.9981829552
0.9882247991
0.9824944152
1.0011939647
0.9819626250
0.9707510872
0.9866767732
1.0085977914
1.0047319654
0.9908237407
1.0008272741
1.0104862511
0.9944127410
0.9750376189
0.9822804614
0.9829512903
0.9992281278
1.0182681792
1.0349409631
1.0430353099
1.0029322401
0.9984048767
1.0066248159
1.0071472185
0.9972921087
1.0104468299
1.0173081075
0.9965283274
0.9605982027
0.9377388835
0.9224279608
0.8822260256
0.8488044883
0.8727707247
0.9175303979
0.9302805920
0.9423815964
0.9576157116
0.9432775279
0.9520893111
0.9594426107
0.9607859485
0.9666469090
0.9907692117
1.0167588748
1.0150275289
1.0072533782
1.0006839842
1.0016363056
1.0087378169
1.0173099352
1.0178555366
0.9963319108
0.9916872864
0.9901180670
0.9550938787
0.9769505856
0.9876717638
0.9982895178
0.9814153583
0.9876702463
0.9903804963
0.9989143391
1.0018203163
1.0132251608
0.9969902588
0.9809877701
0.9868007680
0.9977280797
0.9905394347
0.9803587461
0.9842418470
0.9873692147
0.9961509728
0.9888030680
0.9950281449
1.0238358778
0.9885705478
0.9660282820
0.9871512101
0.9987386781
1.0121699386
1.0048658643
0.9893646961
0.9953024385
1.0026449322
1.0094906114
1.0165132881
1.0102581808
0.9927528540
0.9780881790
0.9741263539
0.9873191961
1.0156260859
1.0388362729
1.0232138372
0.9787850223
0.9514724245
0.9934779919
0.9879639822
0.9714768417
0.9647459150
0.9617678727
0.9409078825
0.9349067561
0.9443639489
0.9685055000
0.9793154461
0.9669980110
0.9687373345
0.9787121027
0.9747834624
0.9849129766
0.9968479134
0.9847096036
0.9670057166
0.9869849315
0.9833328669
0.9631709388
0.9944204581
1.0102348031
0.9886235739
1.0135598129
1.0295282906
1.0030605160
0.9938891076
0.9978543622
1.0017363152
1.0013385314
1.0041684922
1.0014118679
0.9927677619
0.9952737426
0.9877205496
0.9703106580
0.9600851205
0.9785089301
0.9915234552
1.0245172772
1.0226008425
1.0089295822
0.9622926057
0.9765061652
0.9990403794
1.0085444384
0.9773577997
0.9825475380
1.0102842323
1.0068723831
0.9898092217
1.0058753615
1.0270942383
1.0053965358
0.9863184050
1.0044759992
1.0148641026
1.0099509332
1.0072752248
1.0057426486
0.9959103856
0.9947973734
0.9937266993
0.9933783853
0.9932601186
0.9998430822
1.0124605411
1.0090149764
0.9949722275
0.9868347992
0.9820125972
0.9792078712
0.9876710466
0.9945189835
0.9786980053
0.9654638089
0.9836130442
1.0180019011
1.0185696071
0.9755240159
0.9812650024
0.9840406395
0.9918671640
1.0166119125
1.0141327527
0.9957699913
0.9890203306
0.9876248206
0.9822236675
0.9845669019
0.9842306720
0.9793768916
0.9841757905
0.9829217444
0.9710281546
0.9820924475
0.9934990667
0.9967657205
0.9948582448
0.9860359775
0.9794629221
0.9764146281
1.0068480236
1.0039418758
1.0092529098
1.0207032555
1.0118033517
1.0099469174
1.0081738135
1.0073940134
1.0081075961
1.0004902627
0.9864156918
0.9799765266
0.9910696797
1.0105340113
1.0108196561
0.9978801371
0.9963187326
0.9732019467
0.9975623451
1.0213130359
1.0039852184
1.0055159491
1.0042082285
0.9788314098
0.9857806752
1.0098649762
1.0035844175
0.9961046292
1.0102838480
1.0186271148
1.0190574430
1.0221513850
1.0057472662
0.9833463651
0.9894408918
0.9953745724
1.0024545721
1.0143489123
1.0349329301
1.0317503232
1.0193166614
0.9991360377
1.0054551779
1.0002884339
0.9932896332
0.9854628895
0.9844595435
0.9993861450
0.9957138426
0.9765921290
0.9775197095
0.9992293079
1.0131792583
0.9962457423
0.9759591513
0.9760863982
0.9672801112
0.9819325347
1.0023454631
1.0114372286
0.9804105771
0.9746196246
0.9901202738
0.9995553962
0.9926733819
1.0210391822
1.0275726856
1.0287521276
1.0138582388
0.9957522032
0.9878729065
0.9877057650
1.0001330944
0.9965267919
1.0018646188
1.0062847406
0.9817371535
0.9909974102
1.0122341882
1.0002116981
0.9818550188
1.0028751678
1.0051967491
1.0125709662
1.0126126199
1.0176297249
1.0070279087
0.9868612109
0.9860614950
0.9950728226
1.0118606050
1.0264375157
1.0131483051
0.9971506640
0.9921095680
0.9973885758
0.9923202317
0.9810244068
0.9710792390
0.9848466761
0.9829635424
1.0105053118
1.0076048908
0.9811551121
0.9999474327
1.0072054680
0.9957891983
1.0051342155
1.0158409015
1.0098020669
0.9984402037
0.9865533762
0.9748203036
0.9734337981
0.9828807706
0.9806287818
0.9802137870
0.9865704646
0.9841151356
0.9762540499
0.9560528696
0.9682445951
1.0010762694
0.9983764640
0.9872833101
0.9806248559
0.9871721771
1.0164440457
1.0192955749
1.0029972091
0.9987679743
1.0045306838
1.0187295992
1.0288844436
1.0164613384
1.0014714271
0.9887800099
0.9731952040
0.9388857265
0.9628556878
0.9682174973
0.9874616570
0.9754897259
0.9724208458
0.9823513546
1.0014206511
1.0050155694
0.9937586348
0.9949136828
0.9916578048
0.9924821630
1.0184039487
1.0295176621
1.0099166220
1.0006165175
0.9913637765
1.0129199396
1.0061895700
0.9941756359
0.9921332294
0.9980997000
1.0361541737
1.0188416741
0.9855745846
1.0012908605
1.0230130272
1.0071043094
0.9936673056
1.0054782297
1.0189393716
1.0186521484
1.0166029011
1.0001622679
0.9786332001
1.0025573731
1.0034538398
0.9826827547
0.9797133302
1.0030907593
0.9928323659
1.0265988911
1.0122425100
1.0043744581
1.0000008687
1.0209359975
1.0334335952
1.0053108678
0.9889662233
1.0099137464
1.0160537534
1.0089510636
1.0100862853
1.0048252936
0.9986079553
1.0002277400
1.0011512883
0.9994602122
0.9843588282
0.9727006244
0.9786848328
0.9846343085
0.9892815712
0.9858376526
0.9643500195
0.9653495280
0.9676967756
0.9731088899
0.9763932004
0.9909635399
1.0044920170
1.0134829834
1.0022576674
0.9811657261
0.9827690667
0.9877237929
1.0047194260
1.0105675558
0.9939201467
0.9847715388
1.0065827690
0.9749216915
0.9584736064
1.0052598166
1.0024857183
0.9873422112
0.9897571741
0.9837031980
0.9694911289
0.9805058747
0.9921718995
0.9777699342
0.9728794823
0.9731032481
0.9571182795
0.9686100853
0.9767591187
0.9526951611
0.9498955094
0.9221650819
0.9035766982
0.8776202502
0.8456277488
0.8638178946
0.8945727396
0.9082272283
0.9356513930
0.9474509251
0.9407725611
0.9444486786
0.9396222299
0.9406189477
0.9650652789
0.9799594320
0.9811825968
0.9915417422
0.9912660383
1.0053937041
1.0231991005
1.0285987367
0.9872929350
1.0118644647
0.9927410399
0.9654579689
0.9535291139
0.9318423657
0.9483201996
0.9527192496
0.9678619140
0.9961431772
0.9847647021
0.9664816322
0.9671154175
0.9697297135
0.9727367251
0.9691163923
0.9695981706
0.9819256307
0.9657992743
0.9722176187
0.9768434951
1.0005136702
0.9947076072
0.9750762193
0.9892232015
0.9976401448
0.9878300378
0.9794197571
0.9932866632
0.9994227568
1.0036814989
1.0079705333
1.0058874877
0.9998201767
0.9950715457
0.9985585309
1.0105016026
1.0187350357
1.0054152237
1.0084059754
1.0014647961
0.9983922164
0.9825331376
1.0062198498
1.0056292592
0.9706875500
0.9492942003
0.9666138248
0.9903979743
0.9862252253
0.9722466629
0.9788937587
1.0008790872
1.0203739743
1.0137988719
0.9887998441
0.9896341707
0.9817517168
0.9731903055
0.9997296784
1.0018752148
0.9750858324
0.9925474138
0.9878985939
0.9903566568
0.9887141511
0.9940336214
0.9830125428
0.9803273444
0.9962418447
0.9906244263
0.9926192034
1.0105490929
1.0189416722
1.0135170853
0.9970257595
0.9845582549
0.9805585390
0.9627935853
0.9745656517
0.9738770490
0.9506285897
0.9409560147
0.9399740941
0.9400524346
0.9424348527
0.9607454357
0.9802348627
0.9936569549
1.0020317007
0.9999003324
0.9938661806
0.9846137807
0.9838330897
0.9920043702
0.9929245597
0.9957012358
1.0026540402
1.0003894241
0.9644455620
0.9753103191
0.9867643268
0.9976759430
0.9686232953
0.9776951291
0.9935052731
0.9864259400
0.9857396143
0.9843259299
0.9919610879
0.9978699001
0.9917140748
0.9866451429
0.9906333130
0.9958928585
0.9993826839
0.9975793266
0.9809157491
0.9641503798
0.9729919805
1.0298401980
1.0141964361
0.9792854907
1.0156766798
1.0224242403
1.0043500488
0.9962614658
0.9962683725
0.9856098588
0.9722636191
0.9870981369
1.0054353241
1.0050301462
1.0028315918
1.0083696580
1.0114346236
0.9991405406
0.9787791312
0.9903731334
0.9764125535
0.9565100026
0.9673806238
0.9693737275
0.9506596517
0.9081191194
0.8791187604
0.8223965726
0.7860638262
0.7904453367
0.8246015845
0.8710628270
0.9135355663
0.9498462928
0.9665260843
0.9741663378
0.9796938283
0.9662038371
0.9677702535
0.9826911889
0.9695663783
0.9652588310
0.9813063261
0.9835313050
1.0002831768
1.0083950296
1.0164692175
1.0111689980
1.0139374331
0.9927255362
0.9824305415
0.9803880709
0.9806310209
0.9773554863
0.9788705107
0.9900215904
1.0001491519
1.0056133169
1.0067853339
1.0002129397
0.9913720067
1.0063938390
0.9913228870
0.9805574516
0.9691007535
0.9688347161
0.9956309718
1.0039207575
1.0099397781
0.9983214260
0.9738815976
0.9640120877
0.9725514767
0.9972178852
1.0098107875
1.0005755934
1.0069348472
1.0181923814
0.9938948350
0.9811839592
0.9698636471
0.9860160857
1.0045727328
0.9910839644
1.0218376961
0.9918076933
0.9740493373
1.0134435513
1.0033875658
1.0187621231
1.0181015105
1.0117513216
1.0117133957
1.0023549061
0.9933781390
1.0065124570
1.0158485992
1.0061086126
1.0076058418
0.9973398933
0.9756559921
0.9734495676
0.9767386748
0.9819005329
0.9983417185
0.9940007109
0.9791365793
1.0027039635
0.9959047438
1.0031133498
1.0174443036
0.9902438734
0.9853346016
0.9795268492
0.9729350519
0.9841456907
0.9946898855
0.9956445017
0.9964118728
1.0102010358
1.0082827143
1.0088016685
1.0129035018
1.0251913282
0.9783067634
0.9926267769
0.9886538506
0.9906286380
1.0115028210
1.0001911230
0.9984852820
0.9920563720
1.0062673969
0.9944650270
0.9753924621
0.9812488706
0.9867629484
0.9859904092
0.9902975832
0.9871604308
0.9741074394
0.9787383818
1.0007261417
1.0142065102
0.9887541471
0.9545358649
0.9654669411
0.9787060548
0.9740663782
0.9768527127
0.9893683534
1.0012489597
0.9957640700
0.9917431660
0.9981199274
1.0153921750
1.0181704018
1.0012514315
0.9982018269
0.9881509334
0.9709995681
0.9799503610
0.9763511006
0.9568295437
0.9796232268
0.9608071099
0.9795930959
0.9655973498
0.9604014280
0.9542629726
0.9771259805
1.0066993900
1.0163184747
1.0155364429
0.9927294676
0.9716584374
0.9767589808
0.9847380235
0.9887016098
1.0001154667
1.0058722140
1.0042286711
0.9960560934
1.0036583884
1.0291649305
0.9994292092
0.9775696670
0.9835625421
0.9891346941
0.9977475786
1.0045874102
1.0250989316
1.0138728022
1.0060989046
1.0091791791
1.0114562940
0.9973587038
0.9722226265
0.9669911672
0.9740565616
0.9851607239
0.9872596171
0.9912257776
0.9899045707
1.0025536689
0.9847318816
0.9905036532
1.0191652067
1.0292412708
1.0224906674
0.9966267638
1.0031137950
1.0342249158
1.0532800179
1.0265401298
1.0054980673
1.0014344668
0.9887467307
0.9895089296
0.9935229612
0.9931331132
1.0068731595
1.0034836543
0.9920496679
0.9987724481
0.9968684984
0.9647201502
0.9711702136
0.9804671154
0.9725499780
0.9787152401
0.9843404524
1.0035891241
0.9914307623
0.9789715682
0.9725774597
0.9717157281
0.9948724077
1.0112990342
1.0003543487
0.9950026905
0.9842024612
0.9581136362
0.9833977399
1.0156756574
1.0223845012
0.9897092917
0.9973700095
0.9727257994
0.9702776244
0.9900110077
1.0146780044
1.0170794988
1.0079315797
0.9949989994
0.9936800546
0.9995990459
1.0093325698
1.0138892747
0.9895042082
0.9682209146
0.9698219738
0.9881363675
0.9864955490
0.9904331978
0.9831705878
1.0097214717
1.0077979767
0.9924716044
1.0129775086
1.0422286603
1.0620952095
1.0353848926
1.0064928382
1.0175278393
1.0363557269
1.0268089749
1.0117065130
1.0136181407
1.0146810629
1.0053039934
0.9819610341
0.9637600217
0.9993649269
0.9703056348
0.9833161872
1.0295306022
1.0239003501
1.0181269917
1.0230011592
1.0097800166
1.0041751999
0.9947302848
1.0018531713
1.0139511976
1.0104992638
0.9909168616
0.9699230500
0.9760634953
0.9859478677
0.9560928340
0.9699866720
1.0020623863
0.9932068283
0.9943027487
0.9985821035
1.0326998680
1.0098016034
0.9777150367
0.9782006027
1.0252705501
1.0156168867
1.0103763752
1.0130293566
1.0101395878
0.9986473326
0.9887685341
0.9878781339
0.9807536460
0.9585847283
0.9515370760
0.9686393975
0.9551598443
0.9716933026
1.0045438767
0.9974031424
0.9832619501
0.9993722514
1.0153998215
1.0234905872
1.0288618244
1.0174308109
1.0006419996
1.0119526236
1.0292942345
1.0260180326
1.0266752317
1.0231107535
1.0014804533
0.9910736452
0.9963307773
1.0127855175
1.0232864649
1.0217475932
1.0023801796
0.9987443386
1.0016458232
0.9760136207
0.9742332236
0.9588250833
0.9892650885
0.9808028347
0.9683474764
0.9498508758
0.9122423906
0.8839536015
0.8551234504
0.8194275614
0.7926997889
0.7846506177
0.8233682924
0.9001486458
0.9507945311
0.9859081996
0.9778910100
0.9816578926
1.0121838648
0.9958801598
0.9977282305
0.9945088426
0.9857606492
0.9824993991
0.9884354073
0.9891364924
0.9896496814
0.9908626553
0.9893662137
0.9920899765
0.9949675106
0.9910450043
0.9902859155
0.9909203868
0.9946027826
1.0030004831
0.9613435662
0.9926494341
0.9853625999
0.9704229255
0.9914222503
0.9844303533
0.9824661545
0.9841345446
0.9957148723
0.9943595083
0.9774444371
0.9681575002
0.9573850830
0.9589991153
0.9730122219
0.9754580878
0.9809689174
0.9907147205
0.9925093428
0.9834320663
0.9803482303
1.0155193566
1.0173234278
0.9730880621
0.9774001302
0.9908887476
0.9768192429
0.9947899334
0.9943697845
0.9764104932
0.9780440754
1.0089272601
1.0177426685
1.0016036154
0.9957842535
0.9923261141
0.9852711827
0.9938115460
1.0018848719
1.0133565428
1.0278737810
1.0430105854
1.0068962905
0.9770743560
0.9584143038
0.9926214158
0.9664270113
0.9663582720
0.9997313509
0.9980994630
1.0022353283
0.9990348125
0.9891419358
1.0060533069
1.0236425207
1.0189283668
1.0152571228
1.0042808156
0.9927174879
0.9881015219
1.0013191430
1.0164012153
1.0158709841
0.9831693734
0.9807430164
0.9995314880
1.0030295392
0.9870511223
0.9780404350
0.9652495450
0.9569122498
0.9592216758
0.9795803921
0.9973885934
1.0018305471
1.0020961590
0.9999908922
1.0021270216
1.0019127343
0.9827270235
0.9679921895
0.9948524205
0.9974471009
0.9699297073
0.9713129371
1.0061521228
1.0070764739
0.9762935916
0.9670427468
0.9641752394
0.9894799978
1.0151123715
1.0076466933
0.9858310442
0.9988547714
1.0192035718
1.0019920863
0.9923863831
1.0045180669
1.0160615491
0.9808028556
0.9679446865
0.9914915778
1.0143017017
0.9860913744
0.9938960372
0.9970940954
0.9824970999
0.9869895075
0.9858490717
0.9906562837
0.9864527164
0.9707728031
0.9736026265
0.9928031705
1.0013751823
1.0036227090
1.0044626524
0.9931291586
0.9919937199
0.9708269766
0.9933117368
1.0379679195
1.0339696327
0.9987689471
1.0062852652
1.0249461041
0.9827638294
0.9573400187
1.0056001868
1.0326488241
0.9996986110
0.9971124933
1.0142533861
1.0026267046
0.9950379840
1.0123316585
1.0292057518
1.0315163859
1.0034989362
1.0025401512
1.0214793480
1.0449853952
1.0181117320
1.0152112813
1.0105332638
1.0114544460
1.0051231574
0.9916584266
0.9999076610
1.0033168000
1.0033206186
0.9940474017
0.9798964438
0.9722668629
0.9824120843
1.0086561285
1.0150503208
0.9975844861
1.0120247244
1.0069519841
1.0021062023
1.0191256752
1.0000177279
0.9799773262
1.0016543853
1.0168258099
1.0060771725
