#flux
0.9805977137
0.9742509035
0.9858270210
0.9933501689
0.9863820840
0.9720623997
0.9666053789
0.9772316278
0.9698946649
0.9668352049
0.9684389375
0.9703705770
0.9712816421
0.9648315922
0.9576807912
0.9694986025
0.9589780810
0.9678722194
0.9702388629
0.9748382382
0.9783603196
0.9721021099
0.9650477833
0.9658363540
0.9628856007
0.9553550935
0.9564166800
0.9623768061
0.9681412429
0.9580167194
0.9528518627
0.9594224591
0.9680551814
0.9774987281
0.9650440228
0.9681674724
0.9554964121
0.9519924783
0.9549478278
0.9571510320
0.9652821552
0.9830603397
0.9996490518
1.0025610952
0.9881076090
0.9743251494
0.9778797494
0.9797709177
0.9655776818
0.9551952502
0.9602305456
0.9640882589
0.9568529019
0.9607543239
0.9615303286
0.9591555829
0.9516644667
0.9642145721
0.9623250677
0.9556766874
0.9553271310
0.9562503844
0.9597589527
0.9644116884
0.9641059045
0.9607632395
0.9507143919
0.9331509153
0.9251776450
0.9085354036
0.9004125908
0.9111133627
0.9215850647
0.9299051663
0.9338672210
0.9453958946
0.9423887775
0.9347910911
0.9474826897
0.9605530640
0.9636355672
0.9616844326
0.9530869991
0.9440926033
0.9450170231
0.9383253036
0.9176065445
0.9013054533
0.8805023622
0.8711883046
0.8628766461
0.8544030569
0.8642920289
0.8876338685
0.8941188682
0.9085196674
0.9128361914
0.9137986526
0.9090459152
0.9102335947
0.9098679549
0.9091746365
0.9184978842
0.9232750911
0.9190300317
0.9158254758
0.9185464191
0.9280052101
0.9389323555
0.9484749887
0.9330529336
0.9156176098
0.9154584130
0.9151636320
0.9168716495
0.9043589926
0.9045717701
0.9231652849
0.9382849231
0.9500407265
0.9474895173
0.9304261558
0.9161634712
0.9146933715
0.9151872536
0.9165850823
0.9248785379
0.9291351269
0.9224117404
0.9121808570
0.9083181170
0.9089660831
0.9130838383
0.9206398280
0.9215305360
0.9045406534
0.8940423322
0.9053442243
0.9175696612
0.9148375686
0.9178342058
0.9130982918
0.9017868165
0.8997159876
0.9030535551
0.9050186015
0.9051459585
0.9025876748
0.8989708174
0.8913828118
0.8952381109
0.9038447878
0.9081651766
0.8997765418
0.8844926084
0.8773868544
0.8688416641
0.8499345286
0.8340862004
0.8459751720
0.8553637441
0.8567034212
0.8586521482
0.8606570879
0.8596052747
0.8578000463
0.8562644014
0.8517581693
0.8456734328
0.8427916516
0.8385606031
0.8319252799
0.8335840797
0.8247855854
0.8049771530
0.7890943652
0.7938335294
0.8072967786
0.7948969354
0.8031516955
0.8147974771
0.8221562405
0.8233985316
0.8179168735
0.8121262855
0.8154699174
0.8229187380
0.8185042988
0.8054760200
0.7974289229
0.7836764853
0.7760644391
0.7716340726
0.7732872532
0.7699099458
0.7562264081
0.7352955189
0.7084186980
0.6856620090
0.6743215978
0.6574571692
0.6223387898
0.5792737430
0.5316921852
0.4780711192
0.4241956619
0.3738847585
0.3274430596
0.2892325155
0.2608305516
0.2410136470
0.2291573866
0.2181704197
0.2081999831
0.2217848638
0.2299536551
0.2300063040
0.2439139669
0.2703279766
0.2994855945
0.3362759917
0.3820221207
0.4253794675
0.4831376786
0.5424444367
0.5913795688
0.6364527619
0.6771715362
0.7053179417
0.7132072026
0.7184325604
0.7303060522
0.7363919560
0.7331721972
0.7401459987
0.7590052314
0.7705112707
0.7647500865
0.7695663500
0.7900070310
0.7959661051
0.8029021665
0.8105289450
0.8125243281
0.8207813121
0.8286706586
0.8385947573
0.8470703278
0.8407665264
0.8448414699
0.8506081806
0.8603228961
0.8570234767
0.8457476501
0.8431921301
0.8461420778
0.8465808584
0.8536199044
0.8531792869
0.8515219756
0.8498058969
0.8518439069
0.8569063166
0.8622712357
0.8637103842
0.8655882779
0.8762443267
0.8880034975
0.8854025415
0.8834445440
0.9028319619
0.9059044536
0.9151439025
0.8976014207
0.8919956558
0.8998149488
0.9075426581
0.9066926500
0.9026516194
0.9031568837
0.9048235496
0.9044576647
0.9017987962
0.8903975252
0.8932907462
0.9045132068
0.9067805137
0.9052675398
0.9041369326
0.9063589630
0.9140886797
0.9174893734
0.9170937512
0.9307586850
0.9243151915
0.9202261606
0.9348272673
0.9185666265
0.9175155724
0.9207031929
0.9239097113
0.9247159123
0.9214545659
0.9174733245
0.9173515818
0.9249752082
0.9367819616
0.9394278549
0.9328922424
0.9317803214
0.9299026931
0.9221924556
0.9287478233
0.9412481258
0.9344097047
0.9167947104
0.9069637020
0.8727983974
0.8072578511
0.7624439808
0.7460706720
0.7662385014
0.8068712486
0.8566355953
0.8993046956
0.9271996545
0.9389199328
0.9361049837
0.9309523712
0.9330206176
0.9344859624
0.9265293325
0.9150767296
0.9262987094
0.9488498677
0.9491081339
0.9562093617
0.9545215131
0.9500628974
0.9503514833
0.9557216680
0.9620934729
0.9645288615
0.9619182310
0.9367204859
0.9297460231
0.9311805892
0.9211732749
0.9255249985
0.9337667480
0.9318588568
0.9258865503
0.9319142870
0.9438192503
0.9491839735
0.9552456500
0.9526782618
0.9421100425
0.9594427271
0.9777820020
0.9835087144
0.9760412356
0.9636332414
0.9594810883
0.9552629959
0.9440112747
0.9391329692
0.9471805906
0.9531239611
0.9572388244
0.9708071112
0.9689743832
0.9599511103
0.9609147020
0.9693335005
0.9643353223
0.9515617010
0.9248204653
0.8991092914
0.8881053286
0.8880897493
0.8982355734
0.9193609690
0.9427684513
0.9523983253
0.9486950306
0.9480738244
0.9558166337
0.9678467634
0.9769251420
0.9743319953
0.9731231585
0.9740310116
0.9656950584
0.9665168271
0.9897550131
0.9795322914
0.9761781367
0.9651243354
0.9541797503
0.9474994560
0.9323316420
0.9149129566
0.8939180577
0.8897399939
0.9062035042
0.9270399350
0.9478776359
0.9642256389
0.9692756490
0.9719396892
0.9721541744
0.9648854873
0.9379642818
0.9067046820
0.8618478997
0.8395922650
0.8319983129
0.8527698800
0.8813527972
0.9051083271
0.9378843569
0.9617249853
0.9631861046
0.9591282229
0.9676054582
0.9674919849
0.9657981691
0.9768513446
0.9800729720
0.9779468887
0.9861218574
0.9956581134
0.9891261985
0.9782607604
0.9857700427
0.9954341593
0.9799550258
0.9744742280
0.9837491968
0.9845665000
1.0052041262
0.9952440757
0.9834183456
0.9840092034
0.9851479526
0.9791790160
0.9738596910
0.9755269203
0.9753435956
0.9702539981
0.9758433421
0.9908129686
0.9894048439
0.9676073772
0.9626459329
0.9510613015
0.9616099864
0.9847855320
0.9961566533
0.9891553339
0.9910910022
0.9946514794
0.9783164663
0.9634703275
0.9673683425
0.9702815548
0.9719527898
0.9768575875
0.9785887786
0.9802430857
0.9744336061
0.9689332781
0.9729020600
0.9776387125
0.9650444592
0.9713026379
0.9875120601
0.9784493678
0.9717825396
0.9762384522
0.9898310936
0.9913304851
0.9857763868
0.9745848335
0.9766344650
0.9786336805
0.9746731631
0.9730251306
0.9740091408
0.9762236188
0.9744032396
0.9773985842
0.9875910464
0.9935211166
0.9981888480
0.9877851134
0.9684532527
0.9788083292
0.9959325279
0.9857090241
0.9773301942
0.9739167584
0.9741027209
0.9667573393
0.9678934624
0.9859681437
0.9987021891
0.9919781846
0.9824331952
0.9825990346
0.9809893261
0.9762234237
0.9802599934
0.9759022502
0.9650014668
0.9660187474
0.9660041238
0.9343715924
0.9120931232
0.9169225820
0.9219601153
0.9315250025
0.9596713164
0.9875649796
0.9961960262
0.9932813690
0.9800015158
0.9619254734
0.9633634197
0.9788581233
0.9824269584
0.9838903561
0.9733593722
0.9826176456
0.9850827155
0.9970866454
0.9962452959
0.9826998381
0.9794888352
0.9848923361
0.9929973680
0.9973173686
0.9944867636
0.9810762780
0.9717316391
0.9804009130
0.9802482093
0.9682541114
0.9607637712
0.9696328794
0.9921516159
0.9784977539
0.9645361412
0.9732484982
0.9728332441
0.9744835658
0.9914829417
0.9787034975
0.9646732746
0.9459772603
0.9339301728
0.9655319052
0.9714769420
0.9640065006
0.9803761400
0.9969062144
0.9967121673
0.9931657033
0.9909364074
0.9905500793
0.9938744817
0.9875294099
0.9758094097
0.9711241821
0.9636216293
0.9725220879
0.9687585071
0.9842095129
0.9847329467
0.9832208083
0.9790981387
0.9910288451
1.0064610579
1.0063901425
0.9910917926
0.9770634535
0.9779163759
0.9847545337
0.9848257568
0.9854791379
0.9933373455
0.9946210380
0.9852022465
0.9838951939
0.9936778488
0.9707369630
0.9734034348
0.9786302461
0.9753552489
0.9692981070
0.9694902956
0.9513171580
0.9189372608
0.9004297073
0.8989310229
0.9156961416
0.9420739156
0.9588139224
0.9681560691
0.9757514707
0.9754004160
0.9752298979
0.9777558372
0.9940457082
1.0063838381
1.0005354799
0.9892632952
0.9960204220
0.9879651301
0.9886922732
0.9886433287
0.9922264283
0.9877628705
0.9733688464
0.9681480298
0.9751097260
0.9771559152
0.9706149274
0.9670239008
0.9714887235
0.9780453367
0.9817068498
0.9859641859
0.9912264920
0.9983028251
1.0026882417
0.9851003121
0.9776374357
0.9957930200
0.9972285654
0.9961685438
0.9985199156
0.9987986537
0.9902261514
0.9756545700
0.9793300157
0.9984946963
1.0004178720
0.9904526516
0.9856799840
0.9804077824
0.9804936699
0.9830927041
0.9908967685
0.9964317212
0.9825673289
0.9822164797
0.9956492927
1.0047066656
1.0062953785
1.0002020387
0.9942813217
0.9959313108
0.9948030729
0.9841493423
0.9811763788
0.9839314849
0.9729551048
0.9704033343
0.9865972156
0.9967143850
1.0018575541
0.9979377800
0.9883340995
0.9868976608
0.9772056187
0.9738647010
0.9812720910
1.0055480938
1.0119797948
1.0040666093
1.0002266833
0.9940200447
0.9833584899
0.9718917499
0.9668077921
0.9801393119
0.9768261505
0.9621315002
0.9654183767
0.9787925839
0.9957484417
1.0057660760
1.0038453781
0.9908331675
0.9892485532
0.9791573508
0.9750321839
0.9773915862
0.9797577496
0.9774039532
0.9847842658
0.9958633069
0.9870672649
0.9630434530
0.9467033007
0.9450427848
0.9476829210
0.9405547457
0.9286438510
0.9085274616
0.8622810661
0.8077080367
0.7604074998
0.7279371165
0.7328278760
0.7859999001
0.8409538444
0.9022466904
0.9369451747
0.9557396274
0.9708847624
0.9796892929
0.9879142751
0.9869581358
0.9685894524
0.9327586668
0.8784848830
0.8270422926
0.7882602998
0.7660115910
0.7826064180
0.8347306246
0.8990386344
0.9377955164
0.9566405355
0.9830036148
1.0030361508
0.9927357267
0.9899250793
0.9879793720
0.9877293327
0.9894779927
0.9863678635
0.9918598514
0.9987487218
0.9985272420
0.9956923278
0.9937377457
0.9925791921
0.9861804391
0.9793087374
0.9896315913
1.0010812611
1.0026060542
0.9981374034
0.9936825546
0.9965846194
1.0048673392
0.9951374051
0.9984503511
0.9947401442
0.9754376887
0.9739434501
0.9839933080
0.9990842062
1.0055659334
1.0028543015
0.9943707872
0.9860869404
0.9871622824
0.9975815583
1.0080817514
1.0069028705
0.9938046720
0.9982162528
1.0019460904
1.0128050362
0.9880889980
0.9958993276
0.9957256305
0.9943512564
0.9869279924
0.9837228892
0.9888403049
0.9928059155
0.9841580476
0.9687622445
0.9529718814
0.9324331731
0.9037304672
0.8839784126
0.8905682881
0.9056719704
0.9233159611
0.9521735312
0.9758032159
0.9888706267
0.9995966659
0.9951781508
0.9987279388
1.0085322051
0.9997875528
0.9927143040
0.9809947926
0.9628222747
0.9474583109
0.9380367078
0.9375200247
0.9369816942
0.9402395946
0.9523156519
0.9596085928
0.9723638703
0.9828748282
0.9782598887
0.9781384774
0.9580256124
0.9563351367
0.9741251798
0.9762467259
0.9762015136
0.9821726259
0.9889955916
0.9910677517
0.9894638313
0.9932895803
0.9910673768
0.9885325190
1.0001910925
1.0088713853
1.0031023986
0.9967857766
0.9932157696
1.0041539172
0.9978030749
0.9939625582
1.0176239352
1.0069411056
0.9933342453
0.9899760360
1.0041195835
0.9885290620
0.9801044778
0.9901522828
0.9930505403
0.9924329720
0.9985138801
1.0014685077
0.9990918139
0.9993095017
0.9997939100
0.9979185111
0.9997359874
1.0033873283
1.0032330060
0.9916821966
0.9832594543
0.9974446876
0.9968906555
0.9988891436
1.0050220432
1.0149474191
1.0151135690
1.0019551003
0.9974453486
0.9955560330
0.9911345561
0.9851325947
0.9799755834
0.9821065841
0.9913398640
0.9961648447
0.9902727260
0.9824107892
0.9866994464
0.9894221199
0.9959846353
1.0039121087
1.0146686504
1.0071012804
1.0057260506
1.0144955348
1.0043323115
0.9957578078
0.9880794649
0.9878398539
0.9925443280
1.0033003331
1.0171600033
1.0169374748
1.0054162139
0.9965465837
0.9921076951
1.0009016114
0.9934831128
1.0085333769
1.0127863570
0.9901552949
0.9887013274
0.9950362178
0.9957432091
0.9851179027
0.9880772995
0.9841443814
0.9655999434
0.9504406345
0.9320086144
0.9191521667
0.9157953634
0.9196908523
0.9395114739
0.9702508526
0.9890442584
0.9924353636
0.9904896914
0.9890826323
0.9887522015
0.9877455833
0.9922967778
0.9966528514
0.9971384627
0.9931755175
0.9945633874
0.9965808191
1.0033987230
1.0050563218
1.0000609141
0.9905455547
0.9884409904
1.0011393642
0.9984203895
0.9768425781
0.9758770692
0.9779220115
0.9781518810
0.9904669061
1.0034172658
1.0000327475
0.9978768741
0.9903293444
0.9886780913
0.9916402827
0.9945228934
0.9936349489
0.9880936233
0.9752752129
0.9702328134
0.9805943376
0.9904207779
0.9917649690
0.9892385303
0.9857836581
0.9867832557
0.9923716858
0.9905333016
0.9826283814
0.9855193454
0.9929846987
0.9907225355
0.9970533683
0.9968642580
0.9888232869
0.9706097483
0.9671173814
0.9487921165
0.9523946995
0.9689922168
0.9775536085
0.9721713154
0.9782190071
0.9937496509
1.0021055642
1.0005045858
0.9801434568
0.9874343989
1.0046026087
1.0004053263
0.9948596149
0.9773113820
0.9643487094
0.9244150603
0.8878561803
0.8580516958
0.8285058534
0.8339344756
0.8797062419
0.9323975804
0.9652811847
0.9660003978
0.9584126142
0.9660875020
0.9780016120
0.9820773028
0.9829315267
0.9823202755
0.9842288461
0.9905071741
0.9949970600
0.9947166066
0.9934307793
0.9882463777
0.9879408809
0.9976526496
0.9964503978
0.9912444404
0.9962624207
1.0007793903
1.0047463601
1.0067468847
1.0027905897
0.9942200679
0.9894596950
0.9943380246
0.9987376794
0.9941608837
0.9937123281
0.9940294245
1.0022200110
1.0001443164
1.0127833370
0.9907433510
0.9836232001
0.9883468050
0.9996774828
1.0132941426
1.0007422530
0.9790351622
0.9766195573
0.9916377039
0.9952669471
0.9906757707
0.9896232455
0.9916044803
1.0016621921
1.0036971986
1.0086872600
1.0070405642
1.0016795363
1.0049692937
1.0066105892
0.9998858835
1.0003021594
0.9996112204
1.0061109477
1.0197443557
1.0169573971
1.0056258399
1.0011192266
0.9959942054
0.9905548653
0.9895889891
0.9848024626
0.9730941893
0.9709178539
0.9818142516
0.9782307353
0.9715657747
0.9739777747
0.9798239096
0.9860932156
0.9802057649
0.9681300183
0.9630028864
0.9736103600
0.9913888767
0.9991339131
0.9939485775
0.9879303159
0.9925396217
1.0029411155
1.0017269368
0.9952858782
1.0012302855
1.0053987643
0.9955996009
0.9907196666
0.9873381718
0.9995654331
0.9973254115
1.0079509986
1.0097033952
1.0272346207
1.0144433313
1.0009611641
0.9813165042
0.9855786358
0.9989350796
1.0048703960
1.0013454023
0.9917171321
0.9910581433
0.9984259242
1.0046698540
1.0076654453
1.0005035946
1.0035204723
1.0085260719
1.0016227431
1.0038956199
1.0049116809
1.0154485426
0.9933007138
0.9885574928
0.9770880281
0.9856435533
0.9949732930
0.9982127963
0.9960108338
0.9925777372
0.9917160333
0.9862891082
0.9899263707
0.9995973702
0.9857566673
0.9753792661
0.9909385781
0.9851641431
0.9874564882
0.9977933820
1.0022694184
0.9985554832
0.9948021067
1.0024775188
1.0027498850
1.0030079181
0.9867211628
0.9829964756
0.9859739239
0.9916138561
0.9966260438
1.0028961599
1.0030036438
0.9964422062
0.9951349168
0.9910820293
0.9839396625
0.9908442827
1.0018728886
0.9980351199
0.9950077744
1.0000974999
1.0051942371
1.0075688861
0.9947099704
0.9990167756
1.0052489928
0.9997779317
0.9942347245
0.9967519701
1.0018853647
1.0032357475
1.0006786018
1.0033528738
1.0040311076
0.9966990830
1.0079357117
1.0065636836
1.0013590164
1.0024633789
1.0126839878
1.0101666885
1.0010909704
0.9950403799
0.9900770735
0.9908123821
0.9982439835
0.9937785545
0.9957695478
0.9999082532
0.9907445563
0.9873966713
1.0015908508
1.0154406663
1.0195342680
1.0178949329
1.0097408627
1.0013175532
0.9986336993
1.0002617872
1.0040460455
0.9971735590
0.9983996573
0.9989510596
1.0142848565
1.0070508521
1.0034560419
0.9996726302
0.9933534575
0.9977231356
1.0024060419
1.0011463655
1.0060552713
1.0096989644
1.0028112240
0.9997640563
1.0003502181
1.0013645134
1.0029583468
1.0069889321
1.0013243855
0.9814129029
0.9759341360
0.9892078899
0.9869389823
0.9918463529
1.0040925920
1.0012848186
1.0008789852
0.9977327669
1.0025140960
1.0058060473
0.9927477998
0.9810055550
0.9884651119
1.0021082746
1.0059779194
1.0030291560
1.0053621955
0.9978417546
0.9943229593
0.9942440882
1.0043829148
1.0118437688
0.9988910961
0.9977278172
0.9952848611
0.9911601731
1.0041611287
1.0103652108
1.0044535838
1.0076850128
1.0153385449
1.0120684628
1.0029525639
0.9927162964
0.9811770724
0.9809380845
0.9893797053
0.9958876255
0.9979261492
1.0037124811
0.9970967231
0.9940404002
0.9971770675
0.9871760668
0.9839619827
0.9764678355
0.9648628610
0.9532999707
0.9647426392
0.9818953585
0.9860262163
0.9811266915
0.9799868407
0.9888552886
0.9995312629
1.0108874522
1.0166583198
1.0099524005
0.9955290652
1.0044221421
1.0085279848
1.0000497754
0.9982663075
1.0015917575
1.0028355425
0.9990458334
1.0057224513
1.0163983603
1.0093913954
0.9950914731
0.9841826456
0.9913950902
1.0062733551
1.0071550744
1.0098371309
1.0080673840
0.9976441334
0.9919712624
0.9933571419
1.0015849308
1.0049981667
0.9884813590
0.9963154255
0.9965907363
0.9919894662
0.9952940606
0.9798287656
0.9522664794
0.9374127665
0.9460597882
0.9485385272
0.9537103325
0.9752101017
0.9933904081
1.0063960057
1.0088736657
1.0109264348
1.0209486824
1.0074814953
0.9896310923
0.9887943282
1.0059048899
1.0000343899
1.0015702592
0.9973089160
0.9977712615
1.0016226770
1.0046046149
1.0065389484
1.0021458875
1.0005017297
1.0055370492
1.0038933736
0.9961110277
0.9970374756
0.9991451322
0.9930066891
0.9997604342
1.0007461400
0.9950457718
0.9941256863
1.0098858196
1.0184212047
1.0110754795
1.0067812232
0.9914083199
0.9858091411
0.9944261223
1.0051682630
0.9989643812
0.9886686719
0.9910456837
1.0017167888
1.0109676571
1.0107982355
0.9983122873
0.9924983293
1.0141367829
1.0250090567
1.0079793781
0.9963591584
0.9920641936
0.9887829616
0.9974040449
1.0032088491
1.0103026135
1.0164869183
1.0082021698
1.0072886081
1.0080337900
1.0012395888
1.0043105505
1.0057182613
0.9873784928
0.9740305118
0.9776950876
0.9844564353
0.9915737822
0.9961361748
0.9886845629
0.9914352349
1.0037181483
1.0046164677
0.9977519682
0.9911329612
0.9921876495
1.0036594989
1.0028468850
0.9967154574
0.9937538440
0.9898702993
0.9827141310
0.9761526138
0.9847174299
1.0016902229
0.9985143934
0.9948315362
1.0024053349
1.0111055456
1.0215942167
1.0119727233
0.9891515611
0.9867587178
0.9918530674
0.9797230574
0.9562275798
0.9429009104
0.9336656299
0.9274912232
0.9162212589
0.8925696503
0.8570519307
0.8277469522
0.8218903087
0.8385862017
0.8722418161
0.9072249368
0.9160566723
0.9094201903
0.9130592730
0.9203963545
0.9308728162
0.9506683164
0.9811565287
0.9831331159
0.9767375075
0.9784554620
0.9931823532
1.0008378770
0.9977538520
0.9983077509
1.0012672965
0.9903518237
0.9715537082
0.9584913914
0.9490619019
0.9523772087
0.9635750359
0.9665748585
0.9717383369
0.9792421998
0.9924246678
0.9971749220
0.9780673269
0.9824431100
0.9775177768
0.9740837594
0.9789543770
0.9881159628
0.9972449752
0.9962925162
0.9944135431
0.9946846595
0.9939842345
0.9937358194
0.9921898338
0.9945745860
0.9993371991
1.0004716904
0.9971946896
0.9975538361
0.9994942899
0.9911277494
0.9911127327
0.9917418041
1.0073461958
1.0108623047
1.0036674609
1.0021362345
1.0010992301
1.0006963605
1.0008682627
1.0019156495
1.0084545812
1.0168642354
1.0136993323
1.0009093904
0.9989649320
1.0015710618
0.9968502779
0.9936455389
1.0016099136
1.0026720197
0.9919105880
0.9858483053
0.9773021663
0.9869929400
0.9892374427
0.9827669417
0.9803385209
0.9867116056
0.9947123254
0.9913032142
0.9805256002
0.9864570410
0.9995793109
0.9907303419
0.9901731713
0.9924037194
0.9946247007
1.0062389916
1.0028395175
0.9943452296
0.9994590265
0.9897505739
0.9860901808
0.9873733030
0.9886160901
0.9798389850
0.9780496688
0.9642306130
0.9484026654
0.9437223732
0.9456211431
0.9552497917
0.9677378012
0.9713861403
0.9755206665
0.9834249715
0.9855056487
0.9901827474
0.9910780578
0.9935474078
0.9919681998
0.9939931428
1.0044027583
0.9912182220
0.9924268979
1.0010621772
1.0132267087
1.0133329627
1.0052464339
1.0034839401
1.0006294611
0.9952475307
1.0009367773
1.0088121958
1.0062939262
1.0005011752
0.9955760691
1.0014569393
1.0007283961
1.0000895890
1.0093699152
1.0036909502
0.9999484149
0.9963416915
0.9998226008
0.9877890956
0.9919880693
1.0036785629
1.0078475921
1.0055240534
1.0069152738
1.0074524897
0.9949333606
0.9812005533
0.9822856119
0.9939656408
1.0051643349
1.0032367480
1.0059427368
1.0114536807
1.0004980128
0.9996019292
0.9983342752
1.0108484858
1.0133383866
1.0052852070
1.0035855116
1.0040427293
1.0044328595
0.9947999523
0.9600128511
0.8996142297
0.8309757159
0.7776322325
0.7587658989
0.7820804649
0.8355729713
0.8997526726
0.9460758040
0.9733617589
0.9881704334
0.9971574104
1.0068512126
1.0008856232
0.9844443604
0.9796651490
0.9894548012
0.9995550407
1.0011998326
1.0028139963
1.0113615771
1.0134760593
1.0074536068
1.0086764497
1.0102006384
1.0053112191
0.9921784904
0.9882879312
0.9947582802
0.9975317219
0.9918476295
0.9910837099
0.9981291276
1.0066224638
1.0016164807
0.9882237299
0.9920583251
0.9959171147
0.9889270538
0.9879679663
0.9929289720
0.9928940450
0.9985124609
1.0119402672
1.0082804459
0.9915477858
0.9940355556
1.0207120063
1.0082658184
1.0082710102
0.9986951174
1.0088749350
1.0154736714
1.0161730470
1.0172945689
1.0005166634
0.9873706034
0.9823745458
0.9815744383
0.9735477234
0.9743915440
0.9875774993
0.9989390889
1.0067638225
1.0099651380
1.0184482714
1.0221892948
1.0068715183
0.9982226431
1.0083582246
1.0198787632
1.0009353677
0.9902790568
0.9944442113
1.0080261996
1.0022494122
0.9927617519
0.9884654680
0.9840045953
0.9843258051
0.9927207325
0.9971720595
0.9950186215
1.0053397151
1.0210328874
1.0092381684
1.0050773281
1.0232860644
0.9997111790
1.0125544641
1.0221748192
1.0115331113
1.0121251515
0.9994139168
0.9946713539
1.0054143359
1.0103594510
1.0016207928
0.9922144066
0.9905254929
0.9985323149
1.0016430049
0.9992803700
1.0054379502
1.0063525975
0.9932463800
0.9881135170
0.9915299123
1.0015643897
1.0127689100
0.9798350539
0.9968204145
1.0043124632
0.9910532551
0.9774159051
0.9816328472
0.9901320654
1.0031797292
1.0018941762
0.9906390456
0.9938296416
1.0018417182
0.9959801906
0.9958321885
1.0103822023
1.0102307772
1.0038263372
1.0028713376
0.9972382546
0.9947454456
0.9929354321
0.9943369851
1.0003368468
1.0037963315
0.9903084456
0.9880000166
0.9978766736
1.0048227458
1.0033620665
1.0121302220
1.0153489539
1.0064851407
0.9956424391
0.9847498584
0.9821770526
0.9898087309
0.9938232475
0.9893227474
0.9860635941
0.9974389226
1.0165524365
1.0078872098
1.0023921674
1.0026381582
1.0004183492
0.9930556984
0.9871514057
1.0056783503
0.9965563808
0.9911203028
1.0016343065
1.0072402686
1.0085896988
1.0153821309
1.0204717844
1.0155989401
1.0107631664
0.9962172493
0.9935247064
0.9904463717
0.9959682190
0.9946052699
0.9894310699
0.9821994483
0.9845110490
0.9945762562
0.9925531533
0.9850444146
0.9872442160
0.9939723913
1.0005767056
1.0065945222
1.0128571007
1.0102961631
0.9956414214
0.9954124584
1.0159888871
1.0210775509
1.0115832510
1.0153760159
1.0148542752
1.0104521309
1.0030690464
1.0015021137
1.0146010043
1.0172549364
1.0031695059
1.0017431110
1.0123946905
1.0134727671
1.0073785976
0.9924434112
0.9890818034
0.9965552684
0.9962892211
1.0054851678
1.0096988147
1.0100739742
0.9865440880
0.9878535388
0.9989018379
0.9827781221
0.9969634700
1.0018926763
0.9848013132
0.9955359926
0.9974658753
0.9887965928
0.9877769537
1.0026618133
1.0072894471
1.0020898568
1.0019554548
1.0039666597
1.0011347391
0.9952675503
0.9934730720
0.9949615534
1.0011267084
0.9981261791
0.9943323710
1.0006465038
1.0030210092
1.0016723469
0.9948791174
1.0087877920
1.0034437710
1.0025245559
1.0048521384
1.0161690522
1.0225835340
1.0117149522
1.0014533018
1.0038945611
1.0057542333
1.0030349552
1.0072653240
1.0148172821
1.0081358933
0.9986010038
1.0048216481
1.0097188638
1.0132949974
1.0173059334
1.0135882264
1.0036112137
1.0072572368
1.0072744297
0.9881526517
0.9971487339
1.0098634755
1.0103555467
1.0023008808
0.9939794431
0.9939339778
0.9975500099
1.0023322738
1.0006297149
1.0059788043
1.0014985628
0.9967920187
0.9849584157
0.9903075273
0.9733122508
0.9899668947
0.9967739474
1.0108525461
1.0100251588
1.0138095816
1.0059867515
0.9954321224
0.9967184742
0.9948740648
0.9863717157
0.9842474986
0.9893772832
0.9960078914
0.9974461079
1.0078700066
1.0017950033
0.9891653974
0.9822923577
0.9800010311
0.9727099321
0.9711657681
0.9771937841
0.9764655656
0.9742737541
0.9754718557
0.9886370649
0.9924220571
0.9915863762
1.0045071558
1.0156501721
1.0081224702
1.0016687784
1.0047602014
0.9982150619
1.0017700686
1.0063493028
0.9991998000
0.9973413537
0.9926241886
1.0057709790
0.9988479819
0.9959252943
0.9911185171
0.9953202428
0.9903933723
1.0031485973
1.0132977212
1.0101693965
1.0106405442
1.0090532936
0.9957323679
0.9778775366
0.9600553549
0.9518072541
0.9440082561
0.9277142310
0.9078499502
0.8464592600
0.7983300516
0.7595430887
0.7413702930
0.7956490164
0.8493328876
0.9037599950
0.9494530917
0.9697514553
0.9905368503
1.0079557500
1.0116112114
1.0027167388
0.9938615498
0.9986780543
1.0033152014
0.9979163266
1.0072273701
1.0072181872
1.0060424279
1.0061137268
1.0072913144
0.9986724898
0.9907296379
0.9864317946
0.9776898226
0.9891739234
0.9946599158
1.0032376674
0.9996777547
0.9864311213
0.9806103594
0.9909099617
0.9994592165
0.9978856548
1.0021386645
1.0034739491
1.0018976363
1.0042165638
1.0040067975
0.9987245191
0.9974409717
1.0116130151
0.9962426676
0.9970396597
1.0012025915
0.9902652584
0.9966025278
0.9989722653
0.9782118166
0.9765307341
0.9906772573
0.9954576113
0.9930579331
0.9906398170
0.9884065535
0.9935584748
1.0101119678
0.9992918276
0.9919071067
0.9937088864
1.0010583925
0.9939794059
0.9969651857
0.9893256514
0.9927689930
0.9741629184
0.9799874412
0.9880495586
0.9904790965
0.9948447200
0.9963928205
1.0053208483
0.9982404527
0.9763192822
0.9823174224
0.9932639158
1.0037314917
1.0039095494
0.9860322702
0.9905291207
0.9967593497
1.0017677807
1.0010288187
1.0079769923
1.0076572483
1.0072901456
1.0015057320
0.9841741597
0.9849362125
0.9884247483
0.9830062316
0.9770176611
0.9806905582
0.9934412210
0.9992310912
0.9897840387
0.9821788881
0.9871194733
0.9923584504
1.0030584515
0.9922017514
0.9786825221
1.0060978667
0.9891401947
1.0169633307
1.0152481421
0.9974862964
1.0016869557
1.0063576393
1.0117120825
1.0072677537
0.9990260054
0.9960149685
0.9949819925
0.9953880223
1.0021524026
1.0140333365
0.9999162247
1.0027129146
1.0072127820
0.9977708753
0.9898757968
0.9983887922
1.0133548746
1.0055282928
1.0066183100
1.0050249466
1.0069779135
1.0096475956
1.0054625865
0.9893316365
0.9839880005
0.9933530048
1.0004541787
1.0089320375
1.0170012869
1.0100546602
1.0075262807
1.0061530355
1.0110209097
0.9905499956
0.9933926251
0.9862524734
0.9962723894
1.0061507127
1.0138519016
0.9956425926
0.9941299169
0.9977266181
1.0068363480
1.0156226559
1.0116788612
1.0099927160
1.0151276237
1.0034589844
0.9829966102
0.9859030869
1.0007955097
1.0069823667
0.9968018862
1.0103537968
1.0173756066
1.0111771498
0.9915513925
0.9900688874
0.9811532108
0.9796849609
0.9972682926
1.0030408970
1.0044106370
1.0165358866
1.0215419171
1.0074494643
0.9899776981
0.9847921039
0.9918970509
0.9982086695
0.9944825062
1.0070365301
1.0138514307
1.0034693274
1.0090425917
1.0028172632
1.0068195628
1.0065923719
1.0127012344
1.0198293878
1.0090589551
1.0051659856
1.0008454880
0.9938517732
0.9988490548
1.0145910704
1.0219509223
1.0116899486
0.9994563529
