#flux
0.9856665457
0.9801700398
0.9725899149
0.9659766056
0.9600183571
0.9635965613
0.9813287059
0.9891542000
1.0006967231
0.9945624230
0.9870781526
0.9657575320
0.9340251279
0.9361562390
0.9564875575
0.9733581779
0.9802318180
0.9714669513
0.9599329453
0.9609517685
0.9672175947
0.9701602196
0.9791046082
0.9911098137
0.9824526549
0.9753193008
0.9672641453
0.9567991502
0.9663510656
0.9750509593
0.9738316116
0.9760494576
0.9845544573
0.9914439133
0.9943167687
0.9866743691
0.9724533699
0.9666895481
0.9695309218
0.9727101243
0.9700929022
0.9609736245
0.9600413259
0.9712312297
0.9681179552
0.9713184430
0.9708802413
0.9617607599
0.9534655751
0.9641694622
0.9782075718
0.9681280528
0.9541258727
0.9752486424
0.9955680981
0.9906276540
0.9752850139
0.9721825438
0.9812040555
0.9856700892
0.9792958226
0.9724393087
0.9689024611
0.9628841947
0.9612861300
0.9615588192
0.9546058048
0.9431862227
0.9313270250
0.9276131198
0.9278279290
0.9291375129
0.9415726127
0.9464391440
0.9484660331
0.9576541289
0.9752040554
0.9774980062
0.9667127222
0.9594313989
0.9607481771
0.9691156183
0.9712269128
0.9578759286
0.9542600650
0.9626721766
0.9568036658
0.9349476169
0.9132457442
0.9030267928
0.9008953537
0.8981737879
0.8974632599
0.9038220447
0.9150970545
0.9325385325
0.9410676410
0.9419720085
0.9445127585
0.9408994598
0.9229904158
0.9091547908
0.9198150851
0.9381745244
0.9467979729
0.9626948516
0.9550292234
0.9480373945
0.9583753154
0.9757309430
0.9757794010
0.9598353548
0.9525633099
0.9492568414
0.9441682033
0.9447846336
0.9562919382
0.9641742852
0.9588018400
0.9565374085
0.9624314457
0.9598135259
0.9512222775
0.9508679634
0.9463942784
0.9383895873
0.9481302716
0.9341853411
0.9469565523
0.9430151290
0.9305421503
0.9350495916
0.9354644680
0.9366611005
0.9429762794
0.9413651293
0.9348878680
0.9361119187
0.9420193664
0.9411988080
0.9373731665
0.9405909439
0.9443811414
0.9370075507
0.9297532143
0.9367004583
0.9405736802
0.9465939520
0.9357601173
0.9198666101
0.9150786467
0.9206000882
0.9177213483
0.9109827238
0.9171079882
0.9117425111
0.9097051034
0.8992917720
0.8866637015
0.8623749845
0.8440536913
0.8511077397
0.8690543071
0.8800848212
0.8842285210
0.8887610012
0.9000198266
0.9111510736
0.8991110711
0.8837374161
0.8845673990
0.9033696070
0.8929672771
0.8683425059
0.8581202456
0.8512138381
0.8552239049
0.8621079269
0.8607866107
0.8560858532
0.8571447957
0.8658157499
0.8737307607
0.8721165820
0.8630464936
0.8538410025
0.8464422000
0.8374117252
0.8283507322
0.8280841723
0.8146618134
0.7904361594
0.7757364080
0.7784345526
0.7734483775
0.7693262524
0.7739913108
0.7584502163
0.7331007945
0.7138600251
0.6896482567
0.6512065781
0.5991541618
0.5416595540
0.4894947241
0.4371249140
0.3752491077
0.3214082024
0.2945363169
0.2714541310
0.2428815809
0.2244602266
0.2225557564
0.2207261338
0.2132551811
0.2162068877
0.2322260980
0.2475377101
0.2615699845
0.2892998833
0.3281065499
0.3702654179
0.4254873409
0.4894476689
0.5475001174
0.6064258815
0.6610781840
0.6896642210
0.7088967831
0.7449605196
0.7825306597
0.7928870798
0.7912454684
0.7911685838
0.7977081229
0.8086372686
0.8176156240
0.8370041564
0.8504559278
0.8462511584
0.8426163501
0.8536101399
0.8647875580
0.8674557212
0.8655011321
0.8673624558
0.8827836231
0.8876457765
0.8753908522
0.8814662549
0.8815802006
0.8808100367
0.8869818625
0.8792162487
0.8834080666
0.8864758174
0.8872636182
0.8892470031
0.8877961867
0.8893943557
0.8899844302
0.8848902946
0.8859839527
0.8996852631
0.9122322849
0.9154802747
0.9149463955
0.9106353378
0.9104562832
0.9166317712
0.9201236993
0.9293245916
0.9312241421
0.9381387002
0.9382331237
0.9292091802
0.9218908811
0.9143600613
0.9212599069
0.9311254350
0.9304477789
0.9308411236
0.9347979719
0.9392067213
0.9474109280
0.9533286329
0.9489542231
0.9454904100
0.9494531506
0.9478487507
0.9411180910
0.9327007660
0.9315910680
0.9480256326
0.9434583098
0.9477284160
0.9384961934
0.9407439947
0.9441861608
0.9379818079
0.9398171868
0.9385629320
0.9359473331
0.9460380068
0.9541685115
0.9526118269
0.9574203649
0.9672745808
0.9759514642
0.9680034965
0.9556691522
0.9543350359
0.9512776266
0.9436126898
0.9561134963
0.9565050376
0.9484749613
0.9222970709
0.9023286217
0.8773817747
0.8590638886
0.8541809716
0.8649040997
0.8945913801
0.9301528240
0.9466984336
0.9447919014
0.9476501613
0.9549739651
0.9584656413
0.9728979204
0.9638966563
0.9654980169
0.9594833702
0.9501899847
0.9504079679
0.9571214486
0.9619829331
0.9620728220
0.9681047789
0.9621119880
0.9619694920
0.9644304780
0.9594635482
0.9527683682
0.9513066613
0.9550297070
0.9588565953
0.9569645845
0.9557513024
0.9666453250
0.9810218397
0.9810255914
0.9724273816
0.9570669102
0.9575319001
0.9614621061
0.9752936693
0.9819927008
0.9829174534
0.9736803624
0.9630234930
0.9682833252
0.9782431073
0.9763705211
0.9695338604
0.9681187636
0.9644902267
0.9559409008
0.9574359920
0.9632554080
0.9761602483
0.9831959795
0.9709269892
0.9681703960
0.9757389339
0.9622566789
0.9565045695
0.9317597207
0.8900406016
0.8844582317
0.9073886668
0.9270452480
0.9482473177
0.9605443799
0.9594972070
0.9595029661
0.9598963240
0.9592874959
0.9673726360
0.9784290703
0.9797414755
0.9742085916
0.9762652746
0.9803460975
0.9905183310
0.9693117905
0.9608300220
0.9665425131
0.9697967746
0.9611317043
0.9408994920
0.9227676276
0.9144320723
0.9091306573
0.9227089046
0.9516701674
0.9681224736
0.9762998313
0.9857161672
0.9839844752
0.9655586368
0.9507834524
0.9402742846
0.9151126803
0.8838910018
0.8682370172
0.8594358999
0.8672044511
0.8892715956
0.9251816751
0.9521252399
0.9672632347
0.9613944920
0.9564352524
0.9632332252
0.9732506498
0.9848065299
0.9919288865
0.9852687336
0.9743487766
0.9736608514
0.9757824857
0.9761554104
0.9818733200
0.9853475696
0.9739510527
0.9800170482
0.9826051740
0.9861195137
0.9810996530
0.9692743873
0.9645057895
0.9641942980
0.9653750713
0.9763931863
0.9844413241
0.9849098849
0.9847853302
0.9737604840
0.9648858788
0.9702489821
0.9745512411
0.9733176582
0.9869665289
0.9921809749
0.9802776852
0.9782918050
0.9849769193
0.9909217260
0.9820981820
0.9793004118
0.9942187956
1.0073618559
1.0093606280
1.0017117786
0.9921505870
0.9860194868
0.9863218456
0.9943857525
0.9992548280
0.9933346301
0.9850718200
0.9827223336
0.9824619970
0.9747947421
0.9736536323
0.9763049983
0.9773195852
1.0000218436
1.0137510271
1.0060118019
0.9886180999
0.9790215164
0.9787372436
0.9802467782
0.9816795918
0.9871900495
0.9980188955
1.0031691639
0.9958362092
0.9891477610
0.9792381018
0.9720437991
0.9625902849
0.9735511705
0.9719731614
0.9831260227
0.9941736209
0.9851881222
0.9728962212
0.9681154627
0.9682650797
0.9763421832
0.9764280266
0.9685068910
0.9735746925
0.9909010420
0.9988442381
0.9932664760
0.9957540471
1.0068725991
0.9882856344
0.9758778241
0.9797841093
0.9783723013
0.9706560102
0.9622463200
0.9557146624
0.9455977510
0.9346777301
0.9397463718
0.9528078171
0.9554014753
0.9615582615
0.9685129053
0.9751107939
0.9775658634
0.9730577413
0.9672881433
0.9640220796
0.9668963302
0.9756444047
0.9813851134
0.9806990991
0.9820118155
0.9943944890
0.9851446443
0.9759288204
0.9679664421
0.9705288604
0.9838333000
0.9909529098
0.9883418032
0.9841033270
0.9880934524
0.9996699550
1.0087341098
1.0066843528
0.9952946083
0.9897591261
1.0016590582
1.0128119603
1.0033194034
0.9992222948
0.9978374617
0.9873122885
0.9758454632
0.9725845024
0.9568438780
0.9602170771
0.9663327112
0.9747115559
0.9800348915
0.9750717399
0.9795584330
0.9910402857
0.9945716398
0.9893417797
0.9875021914
0.9895556027
0.9840645904
0.9809209029
0.9916021781
0.9906420368
0.9707199241
0.9613099222
0.9688371005
0.9755997508
0.9786324865
0.9908444700
0.9998363894
0.9892144773
0.9753665163
0.9681048224
0.9826312120
0.9995375470
1.0065447017
1.0102287928
1.0091636327
1.0042674428
1.0025762119
0.9990879684
0.9990537597
1.0106063982
1.0143009355
1.0024297619
0.9964892384
1.0009686142
0.9954847109
0.9895504456
0.9929786055
0.9720932755
0.9286218529
0.8929235380
0.8944439069
0.9113298117
0.9351934202
0.9646926865
0.9828398501
0.9875471174
0.9945162366
1.0027722969
1.0050616503
1.0100284095
1.0129536406
1.0022825306
0.9943225563
0.9965858682
0.9929955847
0.9819302889
0.9785214073
0.9921688155
0.9942778987
1.0052832335
1.0005155332
0.9884043032
0.9798786638
0.9720252371
0.9667183217
0.9655866631
0.9648419879
0.9712966856
0.9902826093
0.9965564180
0.9831980531
0.9905558985
0.9874936753
0.9723040285
0.9898024820
0.9963165903
1.0048095508
0.9933841717
0.9795248205
0.9818498508
0.9885119947
0.9914331407
0.9971347705
1.0025158358
0.9990159957
0.9966579457
1.0035537846
1.0031618819
0.9904304056
0.9860382607
0.9881005376
0.9862673350
0.9741971836
0.9847662133
0.9957549466
1.0047416449
1.0124776967
1.0015106897
0.9867398099
0.9755272177
0.9754705761
0.9850325203
0.9953197708
0.9932441148
0.9844987781
0.9868113125
1.0011580869
1.0153740000
1.0221441251
1.0138010814
0.9964446390
1.0041560989
1.0048678022
0.9953399395
1.0013122504
0.9940588642
0.9872059488
0.9854711805
0.9910088961
0.9901035433
0.9784016747
0.9715999482
0.9702611947
0.9728276008
0.9797608567
0.9827094303
0.9770681670
0.9741348664
0.9810356142
0.9871739912
0.9881595374
0.9916452259
0.9873849697
0.9838400220
0.9911139909
0.9953994508
1.0093262549
1.0003574422
0.9917760117
0.9808777008
0.9737826681
0.9671496030
0.9622724488
0.9563468817
0.9495998440
0.9453191541
0.9310021672
0.8896378100
0.8322386168
0.7842838975
0.7528600629
0.7501613552
0.7925723269
0.8505654759
0.9222213977
0.9661144491
0.9746926280
0.9642896987
0.9793400259
0.9868158780
0.9885660454
0.9958400897
0.9757207692
0.9322444553
0.8847624543
0.8416725996
0.8135920399
0.8135679249
0.8404277805
0.8815332390
0.9302758121
0.9768516382
0.9903872586
0.9793355336
0.9701841328
0.9699430404
0.9742485565
0.9910658150
0.9826856959
0.9712342919
0.9671938860
0.9783650399
0.9830263813
0.9816339531
0.9837096006
0.9914474467
0.9949779326
0.9925026513
0.9958103956
1.0052496055
1.0069153482
0.9983321653
0.9974635621
1.0101317585
1.0091115252
1.0078469150
1.0005767355
0.9923814860
0.9844616812
0.9699687799
0.9588598198
0.9695859823
0.9869175934
1.0065646932
1.0070374644
0.9858957768
0.9745323964
0.9843614695
0.9941660867
0.9938395607
0.9951509662
1.0028264339
1.0025334612
0.9938431393
0.9899020354
0.9867865749
0.9783595273
0.9800629227
1.0030184823
1.0034941440
0.9883726929
0.9861157737
0.9930158088
0.9834995143
0.9761036510
0.9701026952
0.9512292227
0.9272330541
0.9157383528
0.9262064812
0.9514639051
0.9723166322
0.9873802538
0.9874530083
0.9903591044
0.9888207393
0.9898692626
0.9982724711
1.0000874916
1.0030327604
0.9966845116
0.9758736318
0.9642146152
0.9667080613
0.9679425902
0.9650115657
0.9669716260
0.9711084377
0.9583876101
0.9359583466
0.9354621083
0.9534751939
0.9699103318
0.9784236496
0.9767647325
0.9627487690
0.9669735594
0.9828317966
0.9873741315
0.9844472106
0.9924717480
0.9975269095
0.9993722799
0.9972339237
0.9841311039
0.9812935965
0.9996353740
1.0105741955
1.0026511432
0.9977252923
0.9990016411
0.9967876737
1.0058093072
1.0193647592
1.0006071129
0.9950915240
1.0081197396
1.0103624869
1.0016291783
1.0002407754
0.9985509983
0.9991455264
1.0081804124
1.0147003506
1.0024471589
0.9920450953
0.9916833695
0.9882369618
0.9821360654
0.9880113006
1.0025946246
1.0077886651
1.0066014282
1.0100923178
1.0044045372
0.9951154693
1.0014279722
0.9949083081
0.9934228851
0.9969081519
1.0008924843
1.0003647301
0.9956606761
0.9913030479
0.9825785949
0.9826176839
0.9888189426
1.0038722597
1.0132200996
1.0029730714
0.9876952612
0.9795072657
0.9753744916
0.9761149951
0.9838801378
0.9891411489
0.9857971560
0.9959308771
1.0092068437
1.0002200548
0.9900259361
0.9894223743
0.9871472289
0.9882256368
0.9986042185
1.0034925981
0.9981054575
0.9936372021
0.9880542233
0.9826519644
0.9861715043
0.9875528913
0.9830383320
0.9928599842
0.9974423745
0.9997262321
0.9947038778
0.9887961501
0.9895818407
0.9891461041
0.9977621042
0.9753098295
0.9530742435
0.9370967278
0.9339788114
0.9286196376
0.9366692266
0.9530709105
0.9709451310
0.9853174648
0.9913594971
0.9946283249
1.0021105352
1.0142659699
1.0208382090
1.0144459451
1.0012695124
0.9980942301
1.0057916299
1.0068333525
1.0097526319
1.0023052110
0.9841801615
0.9857957539
0.9839917925
0.9842924560
0.9973848199
0.9991411589
0.9965264910
1.0007833163
1.0014851199
0.9998159541
0.9999832242
0.9925290589
0.9881882653
0.9967484473
1.0073263761
1.0127295972
1.0079721752
0.9913696724
0.9746233977
0.9814428874
0.9820268050
0.9682342517
0.9605238866
0.9650387148
0.9786808696
0.9989349831
1.0105484866
1.0083874538
1.0014677550
0.9931155738
0.9887646464
0.9991522892
1.0121442242
1.0088756244
0.9971364317
0.9914510362
0.9950858979
0.9960292155
0.9840606849
0.9669842119
0.9600897832
0.9723401712
0.9913889695
0.9897693493
0.9731750629
0.9556842699
0.9624170195
0.9790231928
0.9921927774
0.9990958660
0.9947611448
0.9937305256
0.9968019692
0.9878741825
0.9819725208
0.9531496029
0.9080853959
0.8839640928
0.8685721386
0.8623411786
0.9000326518
0.9368657931
0.9608192282
0.9620152313
0.9613601273
0.9614177487
0.9675680795
0.9815136994
0.9910201389
0.9935821647
0.9957918870
0.9960306294
0.9964378923
0.9998434760
0.9983128615
1.0102311062
1.0284585483
1.0252845215
1.0061506372
0.9923018820
0.9927617637
0.9935286267
0.9912033243
0.9796933115
0.9778924950
0.9906647968
0.9988940657
0.9999219235
0.9982284216
0.9904898778
0.9817094336
0.9797476362
0.9821864555
0.9939601564
1.0114339954
1.0089974990
0.9921672720
0.9936221252
0.9876938948
1.0084323196
1.0234473664
1.0053588455
0.9996559192
1.0096338345
1.0130009358
1.0128516562
1.0034377959
0.9852776601
0.9663004198
0.9618252931
0.9670548499
0.9646258136
0.9684214443
0.9878942730
0.9922438920
0.9870181579
0.9686335465
0.9585459640
0.9676388591
0.9730503509
0.9785998559
0.9928688478
0.9813816604
0.9790241167
0.9828174097
1.0012963984
1.0111169961
1.0025604780
0.9925731981
0.9928005187
0.9940170316
0.9880951206
0.9852591541
0.9902956224
0.9861840574
0.9714563851
0.9610665671
0.9664984256
0.9847949430
0.9956475880
1.0033722662
1.0142534033
1.0022631459
0.9796027242
0.9895966840
1.0011483030
0.9988741223
1.0031375654
1.0076169322
1.0037215038
0.9927412044
0.9822105808
0.9826045487
0.9871104461
0.9872918846
0.9941778482
0.9969383143
0.9976610918
1.0086408937
1.0053997064
1.0067489556
1.0102433241
1.0025602327
1.0024264938
1.0000223177
1.0016876580
1.0026037563
1.0031761449
1.0057874379
1.0116674404
1.0167440838
1.0108615500
0.9910125145
0.9745221026
0.9777757127
0.9879183634
0.9981374599
0.9980842730
0.9908797684
1.0063867583
0.9917616067
0.9952416947
1.0018696608
1.0244325311
1.0078278992
0.9824022039
0.9922245512
1.0025853717
0.9985612108
0.9914668006
0.9913315862
0.9937633638
0.9974077755
0.9966717698
0.9844344005
0.9917497240
1.0013818741
1.0088284253
0.9983309051
0.9934244134
0.9926983602
0.9970168077
0.9873298721
1.0074069147
1.0105212912
1.0016938492
0.9937446998
0.9819649160
0.9710299418
0.9691186236
0.9762374624
0.9901531514
1.0008108760
0.9985727479
0.9891385922
0.9796859298
0.9814395289
0.9922964781
0.9884929548
0.9989485524
1.0068738477
1.0160712991
1.0180602816
1.0189837219
1.0198103947
1.0064100028
0.9911104987
0.9964641055
1.0004334061
0.9902680372
0.9900060070
1.0021711375
1.0058002923
1.0007531822
1.0007808679
1.0044750833
1.0025996723
1.0045510652
1.0082930741
0.9930570263
0.9898910085
0.9808013180
0.9864409270
0.9998796140
1.0025781746
1.0030532981
1.0051665254
1.0110917831
1.0147154893
1.0143671123
1.0166730085
1.0190926166
1.0158690199
1.0071505754
0.9992787264
1.0009607226
1.0057313411
1.0033031266
1.0008490110
1.0142588255
1.0169514557
1.0104868561
1.0140577354
1.0081848696
0.9865248779
0.9800985329
0.9902528871
0.9989848443
1.0004365974
0.9952195374
0.9920210675
1.0016919074
1.0158845797
1.0175543776
1.0086513937
1.0014708349
0.9997242870
1.0022930694
0.9934587699
0.9899721835
1.0152824056
1.0161642359
1.0035208442
0.9940333703
0.9749274341
0.9710672942
0.9814517174
0.9913777158
1.0022450544
1.0106417514
1.0143456380
1.0063944546
0.9914940081
0.9922298007
1.0104912562
1.0204442560
1.0166556003
1.0118981616
1.0016032287
0.9959182895
1.0113238643
1.0077482997
1.0000660600
0.9991787362
0.9969223291
0.9965854738
0.9974353001
0.9975097222
0.9884305594
0.9825944324
0.9942865699
1.0066106490
1.0019065240
1.0003453424
1.0111838490
1.0121031319
1.0036369266
0.9946196271
0.9833287193
0.9870269910
0.9887260524
0.9672659970
0.9677522658
0.9817038907
0.9767077332
0.9756013953
0.9720084040
0.9800068271
0.9816774718
0.9809983861
0.9908908865
1.0097608094
1.0168820985
1.0059630622
0.9958086043
0.9980908271
1.0005494947
0.9922653535
0.9821451950
0.9749843531
0.9952024806
0.9953329570
1.0020929127
1.0068223719
1.0029518989
1.0028638772
1.0065693821
1.0047269970
1.0101484708
1.0107044541
1.0113227123
1.0135642722
1.0152710760
1.0081084692
0.9933770774
0.9924316583
1.0040501014
1.0042850846
1.0086015592
1.0092673266
0.9852713144
0.9755791865
0.9920461339
0.9923512704
0.9865383871
0.9710401031
0.9818233439
0.9781035315
0.9817830999
0.9906745166
0.9990691381
0.9951432301
0.9937305448
1.0001721390
1.0108985505
1.0176033542
1.0052642371
0.9891246257
0.9950169316
1.0061649489
1.0132850455
1.0116533031
0.9991831517
0.9989657146
1.0017153792
0.9870048775
0.9991825663
1.0047563525
0.9952931572
0.9910007299
0.9809624941
0.9822709392
0.9881267587
0.9938394851
1.0005354321
1.0061633350
1.0114143964
1.0071456459
0.9920102219
0.9878865455
0.9757517917
0.9874908303
1.0042947090
1.0000302875
1.0043455391
1.0015051121
0.9935274516
0.9944337172
0.9978277240
1.0016334026
1.0084879134
1.0124274204
1.0147398130
1.0147440793
1.0101074693
1.0028341533
0.9952776963
0.9924751525
0.9997067114
1.0073439278
1.0083109380
1.0037101144
1.0090423773
1.0072168430
1.0035133054
1.0022069530
1.0132575634
1.0001823510
0.9948393683
0.9917079898
0.9916021329
0.9877206498
0.9924444872
0.9874572737
0.9874108513
1.0003031160
1.0030705417
1.0000710101
0.9985817849
0.9887149486
0.9897718532
0.9995063354
1.0041282533
1.0059518837
1.0050657736
1.0000323849
0.9844277646
0.9866119096
0.9879311587
1.0076572729
1.0183604698
1.0040901597
0.9918841658
0.9866778738
0.9874367795
0.9927717336
0.9891980177
0.9843926441
0.9980817723
1.0079990698
0.9946435949
0.9714913851
0.9609745552
0.9664766533
0.9567696668
0.9488633415
0.9413795129
0.9091424046
0.8884822917
0.8874928756
0.8894260085
0.9052565585
0.9312655605
0.9473825783
0.9557897159
0.9555356122
0.9525519306
0.9614075615
0.9797252913
0.9986012053
1.0063453508
1.0063191613
1.0021465786
1.0049377729
1.0132583536
1.0107867930
0.9973502972
0.9870732729
0.9895868348
0.9925534674
0.9975083951
0.9928021559
0.9856827529
0.9842986901
0.9878795839
0.9934497378
0.9994526735
0.9933059495
0.9742164695
0.9733172332
0.9938754129
0.9964131260
0.9760066775
0.9750782023
0.9933870840
0.9883106397
0.9869783771
0.9999613898
1.0050412416
1.0026614043
1.0054743673
1.0115428958
1.0087780771
1.0058529640
1.0052094622
1.0003089087
1.0012686828
0.9989224401
0.9871251507
0.9873144449
0.9874930482
0.9948372013
1.0202460781
1.0230686410
1.0102507313
1.0204650804
1.0140743594
1.0330043344
1.0257229248
1.0030605626
1.0009926656
1.0070313373
1.0050330109
1.0047566678
1.0107215537
1.0054628709
0.9917492689
0.9877122531
0.9933877762
0.9972259069
0.9965660471
1.0004674665
1.0110256107
1.0118665354
1.0058130753
1.0025074686
0.9943885817
0.9984782719
1.0037128003
1.0033527330
1.0010820570
1.0008243767
0.9988858101
1.0030408104
1.0142807828
1.0208524264
1.0166815919
1.0035317925
0.9905122522
0.9876736623
0.9889428346
0.9839068238
0.9796229361
0.9828169580
1.0034383676
1.0058812675
0.9920689495
0.9676063740
0.9733611986
0.9809743845
0.9748415682
0.9754922856
0.9921458112
1.0049433961
0.9958999882
0.9850043905
0.9868029140
0.9952542558
1.0073721302
1.0269609091
1.0384875616
1.0228470107
1.0055265108
0.9855761683
0.9784857930
0.9911714631
1.0158602336
1.0016489396
0.9875748563
0.9964005019
1.0019404336
1.0050106549
0.9954083408
0.9951733793
1.0007667463
0.9912972210
0.9788113057
0.9836720612
0.9912115526
0.9860712711
0.9837839957
0.9898998666
0.9890342796
0.9836110502
0.9827698121
0.9921246240
0.9995766164
0.9935533669
0.9936124825
0.9984261098
1.0022801665
0.9973001881
0.9974803654
0.9972649450
0.9999071940
1.0019781651
1.0021289798
1.0047413935
1.0075006107
1.0059816393
1.0036009575
1.0012197186
0.9956466354
0.9965308531
1.0046093442
1.0018473776
0.9919955134
0.9909186332
0.9851923589
0.9571760766
0.9151695148
0.8517474009
0.8048186580
0.7784996393
0.7877774173
0.8379622845
0.9026292331
0.9573246142
0.9859514652
0.9928233186
0.9918692634
0.9898071645
0.9985612481
1.0073928103
1.0063058030
1.0120066603
1.0105548797
1.0084668348
1.0016010712
0.9941224141
1.0003045071
0.9957358876
0.9969620708
1.0028887206
1.0084923160
1.0032400736
0.9935340997
0.9867335902
0.9821358722
0.9935226036
1.0146801906
1.0164500110
1.0052359961
0.9945038516
0.9907608560
0.9970177904
1.0118597082
1.0049583916
0.9945309869
0.9998458295
1.0136739779
1.0197592795
1.0129593112
1.0073656652
1.0083703314
1.0128675731
1.0147893262
1.0165610809
1.0202984541
1.0198100879
1.0109009446
0.9988174193
0.9953540756
1.0056349801
1.0089206155
0.9966823732
0.9947997190
0.9953343769
1.0037740087
0.9966981640
1.0017600446
1.0228994481
1.0299747845
1.0222959213
1.0096581049
0.9932849509
0.9927780658
1.0063302230
1.0113312856
1.0087855201
1.0068789736
1.0046418400
1.0080436771
1.0116326107
1.0033629951
1.0037816283
1.0063377342
0.9961693914
0.9984963314
0.9982373772
1.0062531155
1.0098076425
1.0127182295
1.0053515702
1.0040339207
1.0030443702
0.9976431017
0.9944390670
0.9989299071
1.0080792293
1.0103969351
1.0058305443
1.0055948898
1.0068439231
1.0034549569
0.9990561834
0.9989455119
1.0020285020
1.0050602501
0.9900333115
1.0014540804
1.0125722537
1.0250684697
1.0289090501
1.0137452552
0.9943488815
0.9894226662
0.9957257262
1.0064145471
1.0186043488
1.0259524566
1.0170433544
1.0059642311
1.0116223607
1.0097825256
1.0076333985
1.0106707034
1.0070517264
0.9904521695
1.0051918106
1.0116584076
1.0071324598
1.0111403609
1.0123956343
1.0161837657
1.0101650356
1.0013729113
1.0038226450
1.0018898518
1.0044763271
1.0139506096
1.0126166342
1.0092820650
1.0116782006
1.0026180073
1.0002352213
1.0015213109
1.0071195044
1.0112388197
1.0080958519
1.0023062123
1.0034284262
1.0076989306
1.0034576950
1.0057129311
0.9977992761
0.9937474791
0.9988548850
0.9987685120
0.9921856152
0.9989294979
1.0115480679
1.0154939425
1.0184823699
1.0147750922
1.0070153827
1.0172246813
1.0207146676
1.0231296040
1.0126259599
1.0048481469
1.0018309140
0.9840323218
0.9760058073
0.9908551931
1.0008259017
1.0111952333
1.0180361612
1.0163803420
1.0073149173
1.0053539488
1.0070018065
1.0060521833
1.0082486025
1.0089520016
1.0067018293
1.0020418449
0.9987658328
1.0082190546
1.0172350476
1.0219999950
0.9919603612
0.9952683684
1.0017013667
1.0079949993
0.9965414884
0.9851125826
0.9843688240
0.9946109860
1.0112048424
1.0233410437
1.0175756350
1.0005248257
0.9929240098
0.9968782256
1.0025477180
1.0071636727
0.9991264750
0.9975657482
0.9999802373
1.0088378834
0.9878643187
1.0010871664
0.9988673269
1.0053630247
0.9989915859
1.0044220911
1.0088701619
1.0081188965
0.9988022859
0.9899524279
0.9907545470
0.9981027355
0.9960491990
0.9843994752
0.9866370056
1.0025177347
1.0186452857
1.0101493666
1.0019722460
1.0117584118
1.0155403884
1.0136655762
1.0115254774
1.0025764899
1.0046414542
0.9973379199
0.9878010134
0.9948966246
1.0076720019
1.0123584641
1.0146399467
1.0089259256
1.0010321355
1.0095030985
1.0162393908
1.0080107407
1.0121488149
1.0127291823
1.0097443040
1.0067335453
1.0171075801
1.0229286350
1.0091597360
1.0181488838
1.0226931073
1.0096290320
0.9939063114
0.9852775470
0.9823001635
0.9864003958
0.9951014531
1.0058882191
1.0125119836
1.0140353267
1.0154610451
1.0088721158
0.9997295976
1.0069454209
1.0061368808
1.0198105075
1.0143482626
1.0024242030
0.9943190739
0.9949241379
0.9949042232
1.0139001618
1.0103224697
1.0060331423
1.0041665201
0.9987225566
0.9912648998
0.9936817209
0.9980160280
0.9963248729
0.9977204852
0.9990599571
0.9971053215
0.9917794341
0.9918762577
0.9944177475
0.9873696845
0.9735673697
0.9963854952
1.0052286165
1.0051219168
1.0016590135
0.9932424531
1.0006346255
1.0065016445
0.9999668863
0.9956821312
1.0010518005
0.9988554462
0.9869069886
0.9826236408
0.9842222744
0.9849036971
0.9892919985
0.9887014337
1.0037273360
1.0096049344
1.0187289215
1.0259370814
1.0165151902
1.0024296815
1.0048070735
1.0148723332
1.0072284607
1.0088774575
1.0068716659
1.0008213082
0.9939551717
0.9849168187
0.9919923669
1.0139490367
1.0254751278
1.0329254942
1.0326545313
1.0128960841
1.0015881209
1.0074691373
1.0014576550
0.9919968634
0.9993115645
0.9957350282
0.9906658892
0.9848580059
0.9761429757
0.9484327689
0.9131237514
0.8761415248
0.8407702077
0.8152285936
0.8184499237
0.8563144246
0.9049553335
0.9487431075
0.9874890777
0.9985061556
0.9996703961
0.9896687534
0.9923182168
1.0058089147
0.9909241226
0.9970617239
1.0107447562
1.0193776984
1.0175056662
1.0078018372
0.9976209684
0.9936090118
0.9967693435
1.0041451943
1.0079053226
1.0106986157
1.0164233932
1.0153015016
1.0042169370
0.9867128391
0.9815752470
1.0015417878
1.0090021806
0.9830468543
0.9797209228
0.9768983734
0.9805255545
0.9871611969
0.9884602765
0.9940844666
0.9981619835
1.0102486191
1.0186596591
1.0129508295
1.0097460218
1.0195022209
1.0239180785
1.0158577916
1.0098744271
1.0035541913
1.0082287660
1.0073115692
0.9836198169
0.9763682385
0.9706298781
0.9794389279
0.9833241692
0.9846682266
0.9878165349
0.9971743958
1.0012169565
1.0160682246
1.0163592537
0.9969159735
0.9854753139
0.9932506803
1.0011732746
0.9962251848
0.9832981667
0.9702472551
0.9824799926
1.0028016593
1.0101187548
1.0028276976
0.9907125000
1.0019587797
0.9912241507
0.9799935473
0.9907320104
1.0121404874
1.0192970402
1.0158307528
1.0050400741
0.9997960363
0.9945396927
0.9992641482
1.0088231025
0.9988978701
0.9845511394
0.9831870733
0.9886618512
1.0047617882
1.0258070676
1.0135440749
0.9816580630
0.9794122912
0.9820296695
0.9934578013
0.9934179593
0.9745550328
0.9798054164
0.9954897476
0.9972714688
0.9938863542
0.9944577082
0.9987305705
1.0088939833
1.0166988727
1.0128810478
1.0075834257
1.0015086968
0.9949118879
1.0013948346
1.0149859956
1.0284377273
1.0226436661
1.0086602508
1.0008012999
0.9879655221
0.9902278320
1.0008714115
1.0113888717
1.0036502985
1.0039409685
1.0092306861
0.9969053568
0.9789499558
0.9795638801
0.9923232312
1.0005366697
1.0074675728
1.0119433254
1.0043568621
0.9937306344
0.9630958224
0.9742730090
0.9941172660
1.0017239976
0.9900948895
0.9953215973
1.0018825725
1.0095859847
1.0066611003
1.0039719052
1.0043634780
0.9966212025
0.9845340300
0.9877236784
1.0015197233
1.0055664240
1.0067098383
1.0072587997
1.0036742935
1.0065840163
1.0304083161
1.0144878173
1.0059300492
0.9998811807
1.0007038898
1.0042096196
1.0175714770
1.0177494322
1.0218353619
1.0235916179
1.0178978417
1.0132581012
1.0113805495
1.0095681011
1.0092787336
1.0106593426
1.0125110968
1.0161840605
1.0195217868
1.0095758118
0.9923915729
0.9872347519
0.9865253265
1.0045653927
1.0030083948
0.9977435785
1.0068261397
1.0094023903
1.0031851983
0.9926559013
0.9804588422
0.9786221499
0.9882934357
1.0019950012
1.0158818241
1.0174717357
1.0056901605
1.0069471969
1.0096279410
1.0098606978
1.0158206840
0.9935808830
0.9839615811
