#flux
0.9496655613
0.9540909360
0.9519396295
0.9541911116
0.9541786051
0.9432735347
0.9483939860
0.9530066746
0.9472019581
0.9367901492
0.9444029778
0.9562582423
0.9555657211
0.9461129626
0.9421273988
0.9440745417
0.9457835853
0.9428266565
0.9386776901
0.9369397949
0.9404624118
0.9477578351
0.9476181475
0.9400909937
0.9364620679
0.9387483549
0.9426524653
0.9446764522
0.9424226430
0.9406869735
0.9436627609
0.9424902679
0.9383399256
0.9411614712
0.9482957931
0.9471022744
0.9426426267
0.9387840917
0.9382651175
0.9384261898
0.9380370573
0.9389098606
0.9336765294
0.9253969577
0.9292803604
0.9365040473
0.9439701233
0.9438637567
0.9297759176
0.9292463192
0.9430871627
0.9422123448
0.9277803816
0.9298024297
0.9367168669
0.9360635933
0.9350569910
0.9240601944
0.9135770689
0.9156787948
0.9211980273
0.9206562425
0.9095360513
0.8894514552
0.8756901890
0.8841583484
0.8967962683
0.9141370690
0.9258840205
0.9206466593
0.9151773165
0.9049105160
0.8929629505
0.9011302530
0.9031981217
0.9044602620
0.9150841738
0.9174610638
0.9081281208
0.8971093912
0.8942844287
0.9027467097
0.9077482488
0.9036699857
0.9075455531
0.9071472141
0.9077126698
0.8905445340
0.8833636321
0.8781144149
0.8678774735
0.8587695116
0.8583908843
0.8632521250
0.8620035073
0.8634158544
0.8649162448
0.8742777996
0.8894225683
0.9002410589
0.8979178315
0.8833953998
0.8752869583
0.8842246694
0.8983972318
0.9106420082
0.8921124440
0.8891721649
0.8908354809
0.8933238109
0.8909411662
0.8873945698
0.8833177110
0.8760297201
0.8824716017
0.8848466225
0.8765636978
0.8674070291
0.8735119189
0.8889182911
0.8951283825
0.8912120843
0.8873296934
0.8829670428
0.8745654071
0.8715990304
0.8663719815
0.8700828328
0.8719586418
0.8719971251
0.8637989028
0.8611191495
0.8610492660
0.8581012664
0.8629022091
0.8547544032
0.8440857267
0.8469173059
0.8578917319
0.8619010719
0.8558842638
0.8478333140
0.8442495011
0.8463352170
0.8473884616
0.8417491811
0.8438445533
0.8462049011
0.8441752785
0.8364314593
0.8227657573
0.8230999363
0.8348238243
0.8397033504
0.8303306868
0.8150176298
0.7985525371
0.7881939327
0.7823043179
0.7803626356
0.7827105165
0.7860861739
0.7869656925
0.7839918309
0.7828521779
0.7857395311
0.7827931079
0.7740879747
0.7804219485
0.7832855426
0.7811715258
0.7750321914
0.7732407297
0.7650733631
0.7518106391
0.7437351021
0.7388849120
0.7374187837
0.7357538022
0.7320128324
0.7288935269
0.7309825964
0.7330324696
0.7229632035
0.7099653523
0.7084925698
0.7121490491
0.7084323621
0.7060320916
0.6901750641
0.6878404136
0.6814790546
0.6776717102
0.6635306618
0.6442043298
0.6299164916
0.6200142785
0.6063720286
0.5865263177
0.5654882285
0.5410888930
0.5112753464
0.4773409805
0.4403492227
0.4082251217
0.3743604955
0.3386911788
0.3067915515
0.2809768086
0.2580574862
0.2373305101
0.2297309578
0.2228083537
0.2193338257
0.2169955952
0.2134571145
0.2100323665
0.2188103360
0.2406105224
0.2629992460
0.2865718480
0.3158428461
0.3484297913
0.3872540396
0.4329611970
0.4768128165
0.5091874249
0.5454882931
0.5714380946
0.5919105255
0.6124705788
0.6213223055
0.6421986821
0.6512116317
0.6643216629
0.6759388463
0.6829059514
0.6807526294
0.6831831724
0.6951875142
0.7055811364
0.7107469270
0.7176315474
0.7227798942
0.7215456711
0.7291050757
0.7366046173
0.7474497581
0.7574713265
0.7520819455
0.7532945915
0.7611233732
0.7661056452
0.7732112853
0.7837592120
0.7886356955
0.7937165470
0.7859483506
0.7784895531
0.7809407205
0.7828149176
0.7872888941
0.8004068765
0.8081735123
0.8066863110
0.8071956833
0.8101687830
0.8094521836
0.8098074359
0.8159204847
0.8064566765
0.8145755707
0.8320839312
0.8321697269
0.8264990342
0.8260462357
0.8255391622
0.8257574593
0.8321303484
0.8428340002
0.8412325841
0.8344745969
0.8379854005
0.8444421803
0.8490914776
0.8458299156
0.8407136137
0.8470457716
0.8585077435
0.8559525088
0.8468917424
0.8408557900
0.8497088904
0.8523209552
0.8584567120
0.8603096705
0.8608121413
0.8602306479
0.8658922275
0.8751837941
0.8736874207
0.8665347901
0.8659556945
0.8713192834
0.8762748499
0.8739672695
0.8834634695
0.8714705944
0.8623044718
0.8632879933
0.8663140074
0.8671649055
0.8724465798
0.8815438068
0.8763100698
0.8707437945
0.8619251691
0.8481852678
0.8335351251
0.8140863262
0.8038155630
0.8091275862
0.8190444197
0.8329029468
0.8536309752
0.8745617756
0.8908266140
0.9025561761
0.9000625618
0.8974176450
0.8922280034
0.9033285123
0.9089627818
0.9093877665
0.9079182158
0.9048612195
0.9027171365
0.9041850064
0.9070562615
0.9061644406
0.9055051638
0.9006756608
0.8988609098
0.9053146277
0.9036852906
0.9044935790
0.9100910173
0.9208728794
0.9238072286
0.9174719966
0.9185353546
0.9150086484
0.9087087093
0.9073119340
0.9245376181
0.9255316438
0.9306950624
0.9302294732
0.9268358962
0.9283735771
0.9291746144
0.9259789998
0.9248240714
0.9246302893
0.9258327563
0.9392947874
0.9514338297
0.9488895943
0.9345793047
0.9392703353
0.9298986419
0.9283026637
0.9328259989
0.9310825675
0.9264673003
0.9288401516
0.9352018492
0.9254903103
0.9248409703
0.9227819253
0.9161243702
0.9129648626
0.9169230752
0.9332051784
0.9490217488
0.9444498227
0.9377684151
0.9397383476
0.9381314571
0.9389812311
0.9446070286
0.9361720927
0.9451911089
0.9596025698
0.9539539455
0.9436931375
0.9386224746
0.9349558734
0.9353017600
0.9376679587
0.9361463369
0.9336340155
0.9358868385
0.9394348409
0.9372042340
0.9319154001
0.9309432052
0.9319362406
0.9464217968
0.9446338300
0.9469318142
0.9457737818
0.9338249578
0.9250096533
0.9266543747
0.9258755214
0.9147955534
0.9115683170
0.9146206775
0.9238090226
0.9299432336
0.9345374647
0.9400060350
0.9437982279
0.9435514259
0.9379534593
0.9456469175
0.9605557181
0.9653528521
0.9694875604
0.9695920845
0.9518046898
0.9438307015
0.9566453662
0.9578074471
0.9598203156
0.9565460930
0.9490740915
0.9481096538
0.9531726447
0.9610784207
0.9681549968
0.9701848410
0.9724424164
0.9754773116
0.9682022535
0.9590207697
0.9560107912
0.9563292815
0.9621331013
0.9609712119
0.9543006340
0.9628188254
0.9595773204
0.9505842487
0.9486185574
0.9482191295
0.9505025014
0.9507855410
0.9411310105
0.9394605782
0.9410264701
0.9466700282
0.9628269252
0.9776681792
0.9872188339
0.9868987139
0.9787307395
0.9728059035
0.9711127585
0.9656798159
0.9583892807
0.9598275725
0.9601955963
0.9690856678
0.9646267564
0.9672909126
0.9772004437
0.9813222565
0.9747411299
0.9744827393
0.9778832643
0.9784990079
0.9783401417
0.9717022412
0.9613421169
0.9624157653
0.9693673994
0.9700000624
0.9609124965
0.9518853601
0.9584919369
0.9662344199
0.9680720715
0.9666602766
0.9649765384
0.9719633147
0.9761345341
0.9744034125
0.9726588622
0.9706895086
0.9687182191
0.9641354844
0.9610530518
0.9614397746
0.9602547407
0.9617245261
0.9593504179
0.9690040952
0.9667680863
0.9649098316
0.9713791232
0.9816883327
0.9806179396
0.9761513496
0.9799919273
0.9782841878
0.9686063328
0.9625832858
0.9713165199
0.9772191214
0.9746077112
0.9742036602
0.9743488559
0.9736655220
0.9767821045
0.9763784391
0.9772552715
0.9815890531
0.9795742936
0.9695876457
0.9667773748
0.9757996585
0.9763888766
0.9794118526
0.9758477552
0.9813707510
0.9843506061
0.9736257521
0.9714483447
0.9795569059
0.9753989887
0.9608000082
0.9579027465
0.9687994144
0.9751406537
0.9699914854
0.9673249102
0.9749980250
0.9772339015
0.9791301821
1.0021128677
0.9691138436
0.9610508561
0.9658567125
0.9773430415
0.9777040493
0.9758456848
0.9727214870
0.9633109571
0.9559728467
0.9556807925
0.9576687010
0.9639976925
0.9716574196
0.9690753725
0.9596285600
0.9566918869
0.9708364049
0.9667496737
0.9721177968
0.9720936493
0.9711757599
0.9639866387
0.9646960421
0.9717509822
0.9750667414
0.9759965179
0.9752918432
0.9703853328
0.9671784112
0.9700913803
0.9731189917
0.9720884018
0.9796948347
0.9948158223
0.9921633096
0.9804124346
0.9824085498
0.9922162039
0.9924897272
0.9776119454
0.9725044913
0.9761396902
0.9847014753
0.9926588347
0.9887263831
0.9859201002
0.9829132087
0.9865114580
0.9885024206
0.9768823884
0.9634047024
0.9586279469
0.9607223966
0.9639105465
0.9606336871
0.9577651318
0.9627565961
0.9669283095
0.9670564705
0.9664130436
0.9659891787
0.9715213362
0.9836928881
0.9943967043
0.9972932483
0.9867956846
0.9886776207
0.9831476179
0.9793930367
0.9759477906
0.9654670510
0.9537295365
0.9461816000
0.9387464720
0.9322365547
0.9360678608
0.9451814673
0.9535121141
0.9646013380
0.9720344504
0.9746505439
0.9834585683
0.9727563494
0.9768331542
0.9903587056
1.0185702704
1.0153317904
1.0020612825
0.9913507153
0.9949743088
0.9938417106
0.9780535828
0.9692877852
0.9727620788
0.9762755002
0.9839340647
0.9917788214
0.9903248506
0.9950887782
0.9970582523
0.9884902954
0.9898456607
0.9877755448
0.9926117523
1.0021013619
0.9984974916
0.9859134481
0.9740554367
0.9814870724
0.9897431275
0.9857518698
0.9773766147
0.9703035359
0.9690176681
0.9775077966
0.9861746075
0.9883625840
0.9925544157
0.9951248140
0.9987099473
0.9973709867
0.9816634921
0.9892398881
0.9889094758
0.9947263526
0.9940918114
0.9884921130
0.9874346171
0.9923679276
0.9932834621
0.9884179203
0.9844579187
0.9905823504
1.0063583856
1.0141374620
1.0032929941
0.9891716327
0.9840099485
0.9830891871
0.9850749632
0.9914720181
0.9963705118
0.9877274876
0.9832471578
0.9815411826
0.9897474091
0.9906970337
0.9851230533
0.9832539073
0.9809545649
0.9729371086
0.9723407544
0.9812632431
0.9830839685
0.9754548737
0.9683994435
0.9609761650
0.9510810298
0.9354229972
0.9121953660
0.8900057259
0.8630029231
0.8490325599
0.8293548605
0.8330114030
0.8499863437
0.8863843005
0.9156711892
0.9386337546
0.9597927882
0.9761260932
0.9811824777
0.9777251937
0.9739707620
0.9671845250
0.9526340277
0.9384592274
0.9234077374
0.8993830316
0.8918816011
0.9009868917
0.9212817420
0.9322570962
0.9510737813
0.9655188038
0.9833326074
0.9995030721
0.9929530330
0.9825910179
0.9803060100
0.9830701057
0.9840951437
0.9853874308
0.9895995916
0.9952532625
1.0036633225
1.0087554957
1.0041800098
1.0034552223
1.0097095233
1.0063287208
1.0066690488
0.9950105270
0.9904680581
0.9935626020
0.9878211443
0.9888252380
0.9857008438
0.9832918977
0.9815612337
0.9813470311
0.9874350606
0.9946165544
0.9957371278
0.9942813013
0.9945135068
0.9942164353
0.9934136825
1.0006419695
1.0079671430
1.0068501249
1.0063091701
1.0080055380
1.0116670477
0.9958707704
0.9907265507
0.9971008798
1.0032988142
1.0039310358
0.9938732465
0.9870042159
0.9914711563
0.9930688548
0.9924104449
0.9965104071
0.9896080859
0.9721726333
0.9632169153
0.9593660962
0.9617440332
0.9703820824
0.9596949345
0.9446554899
0.9557668503
0.9735988319
0.9916729548
1.0067879600
1.0016983651
0.9981351763
0.9871948851
0.9778329514
0.9795796640
0.9837231256
0.9817229729
0.9802627415
0.9818007732
0.9780854932
0.9797553012
0.9821186884
0.9892060121
0.9965489134
0.9940072423
1.0004923921
0.9917282019
0.9959227444
1.0032383067
0.9977761726
0.9967943079
0.9953857337
0.9844793440
0.9818710015
0.9896333921
0.9907896307
0.9893022782
0.9985321719
1.0047011876
0.9975263939
0.9983418188
1.0023707121
1.0126851015
1.0017690330
1.0034899198
1.0024707278
1.0087119340
0.9943142229
0.9802985685
0.9959005402
1.0083119489
1.0077204823
1.0026869943
1.0005485183
1.0003034986
0.9992521949
0.9976825101
0.9969512168
0.9980876810
0.9984326006
0.9926641235
0.9895866920
0.9970731321
0.9916257199
0.9917134127
1.0095598129
1.0080594252
0.9992829689
1.0020973759
0.9965592855
0.9971491900
0.9987194964
0.9932013208
0.9895944554
0.9949608836
0.9960921151
0.9921576692
0.9959205745
1.0027206977
1.0034943241
1.0038908507
1.0025180907
0.9929130708
0.9967725827
1.0040767390
1.0058450806
1.0015748228
0.9965568873
0.9922366327
0.9891832499
0.9998823500
1.0076690995
1.0025515366
0.9905512402
0.9844428488
0.9864505126
0.9927540141
0.9958233122
0.9932425196
0.9944360192
0.9993783454
1.0021485575
1.0022201086
0.9948347571
0.9986986501
0.9979378557
1.0002868275
0.9935520273
0.9924734633
0.9940968659
0.9994727159
1.0042478580
1.0010981861
0.9886916305
0.9777582625
0.9757039378
0.9742702493
0.9627170156
0.9440611077
0.9284929406
0.9203391941
0.9217262341
0.9357488561
0.9570988852
0.9757019832
0.9872272281
0.9952406554
0.9945130019
0.9964253173
0.9924475693
1.0037819986
1.0061699530
0.9978907776
0.9974070528
0.9919937299
0.9876601464
0.9905177205
0.9925805081
0.9932522190
0.9917390811
0.9860182817
0.9849510615
0.9932362964
0.9978838635
0.9978647488
0.9961151517
1.0047563043
1.0076939879
1.0034368629
0.9883684280
0.9804290657
0.9890486592
0.9957684337
0.9956181246
0.9936742966
0.9861929168
0.9780134308
0.9777429840
0.9798985267
0.9838141640
0.9936627014
0.9890864195
0.9790612342
0.9958149458
0.9987080455
0.9980760021
0.9995801746
0.9836473866
0.9814227662
0.9867853157
0.9967090098
0.9954899155
0.9991524087
1.0000480806
0.9994477436
0.9974280530
0.9997311178
0.9978906231
0.9868006088
0.9852051674
0.9909978524
0.9930739207
1.0034547961
1.0110738519
1.0086765177
1.0007420773
0.9966541812
1.0024520953
0.9985904154
1.0047987711
1.0013175224
0.9836890440
0.9636505106
0.9526283632
0.9472061913
0.9384626895
0.9366632246
0.9460643738
0.9589545877
0.9721027379
0.9800171206
0.9851283875
0.9919515261
0.9852084798
0.9850015673
0.9789046738
1.0014033223
1.0163006921
1.0226295969
1.0117147910
1.0037735141
1.0014444773
1.0035929569
0.9970228197
0.9941598701
0.9970365645
1.0034118106
1.0065469443
0.9962219820
0.9877630948
0.9962738568
0.9990391940
0.9995370745
0.9949056593
1.0017927050
0.9994317731
0.9920796531
0.9858798592
0.9971657220
1.0041107716
1.0046578230
0.9953845929
0.9925976769
0.9963278992
0.9939407538
0.9947336820
0.9968745424
0.9921667972
0.9865877555
0.9875009675
0.9939163600
0.9996446271
0.9995188492
1.0026470277
1.0133759812
1.0234768750
1.0139115082
0.9923842798
0.9978767615
1.0028453881
1.0026921257
1.0007253977
0.9903099175
0.9960234203
1.0043668211
1.0057917651
1.0050045169
1.0038221735
0.9989238497
0.9928413532
0.9955226324
1.0053954743
1.0072615394
1.0026827948
1.0059648448
0.9976509531
1.0068381824
1.0035352215
1.0081360952
0.9930508925
0.9781000349
0.9882286286
0.9936879871
0.9935236750
0.9954567693
0.9900866902
0.9854254010
0.9832534277
0.9863767391
0.9982602188
1.0007516815
0.9940471450
0.9978124146
1.0025458383
1.0047841937
0.9946109351
0.9858837966
0.9828471194
0.9857836346
0.9919483044
0.9949536497
0.9981408758
0.9907607452
0.9944724235
1.0034964101
1.0093143152
1.0058468299
1.0037763396
1.0078861806
1.0091394258
1.0069742036
0.9994299919
0.9894607786
0.9979399980
1.0012136981
0.9975091653
1.0009810337
1.0002071310
1.0019834691
1.0047760760
0.9970077747
0.9890818210
0.9900033517
0.9918469023
1.0020930175
1.0106507229
1.0001205832
0.9882752448
0.9897880755
0.9949680453
1.0020279057
1.0092648357
1.0062458548
1.0006288276
0.9973054641
0.9920615727
0.9842467564
0.9851707634
0.9951605569
0.9951540634
0.9870500266
0.9780846286
0.9858602824
0.9944446580
0.9956092098
0.9987945014
1.0023870524
1.0019498376
1.0013950885
1.0013009683
0.9996190330
1.0034359279
1.0100657293
0.9995716086
0.9945313362
0.9887308322
1.0031903899
1.0003066158
0.9826467053
0.9918372429
1.0042628088
1.0038887357
0.9971665076
0.9966975693
0.9929570161
0.9918479792
0.9993699378
1.0057546584
1.0059325226
0.9993455487
0.9910771047
0.9924785687
0.9967255624
1.0031138926
1.0067283247
1.0042266343
1.0102411990
1.0051207242
1.0043143429
0.9865321732
0.9919371634
0.9920980640
0.9994675979
0.9980139119
1.0056916333
1.0047575975
0.9956860339
0.9951319504
1.0045762836
1.0079421149
1.0047574991
1.0022838935
0.9893253883
0.9917361193
0.9939307949
0.9904047334
0.9912464045
1.0048239520
0.9960450098
0.9975976396
1.0109620001
1.0322784510
1.0263886937
1.0101109528
1.0082228536
1.0076036160
1.0044941580
0.9998612296
0.9975137989
0.9992797254
1.0008808846
1.0045346933
1.0103758770
1.0058403885
0.9931454250
0.9896118141
0.9915517971
0.9917843650
1.0023452777
1.0049152194
1.0039307292
0.9941330112
0.9993294091
1.0047971786
1.0017245600
0.9901250114
0.9935412323
1.0026673177
0.9997207029
0.9919996878
0.9912598681
0.9949343422
0.9993452251
1.0119430598
1.0166838786
1.0174136583
1.0031043800
1.0040581824
1.0002663124
0.9962522684
1.0076033745
1.0110118315
1.0137670707
1.0062373716
1.0029112575
1.0043002254
1.0035632634
0.9977188449
0.9924676468
0.9897497563
0.9873491770
0.9850054385
0.9837347474
0.9899481834
0.9961754753
1.0119432583
1.0058012214
1.0112715778
0.9895831142
0.9878026471
0.9916323426
1.0019582960
1.0033503758
1.0066972104
1.0063301174
1.0032287540
1.0025177089
0.9967964447
0.9975069843
1.0025124348
0.9990359613
0.9947649038
0.9956649688
1.0070730671
1.0110731544
0.9998074202
0.9970913670
1.0024057246
1.0022094673
1.0144041096
0.9991374412
1.0002624807
1.0015197407
0.9950610233
1.0023158000
1.0132555368
1.0100124853
1.0099857444
1.0134301773
1.0038890718
0.9886913228
0.9847090183
0.9863689366
0.9822995162
0.9875031205
0.9953548689
1.0091854121
0.9985115352
1.0053828377
1.0010539777
1.0009806515
1.0036870053
0.9980539312
0.9889450172
0.9835133820
0.9855003975
0.9906997337
0.9907293413
0.9906429879
0.9855467269
0.9787737761
0.9843287206
0.9915828395
0.9908783893
0.9798569961
0.9776724860
0.9893092075
0.9977602416
0.9984258457
1.0029109811
1.0134516828
1.0147599103
1.0086802448
1.0077928946
1.0049586549
1.0035821331
1.0057534822
1.0031014862
1.0004169882
0.9954333937
0.9868907761
0.9866435532
0.9959370894
1.0049956754
1.0008429241
0.9934649824
0.9903030834
0.9853240458
0.9874210810
0.9951578744
0.9984942392
1.0012276821
1.0001772128
0.9978882343
0.9991463849
0.9992897471
1.0050224503
1.0100994968
1.0085020720
1.0055078662
0.9996869608
0.9895001704
0.9868997459
0.9901792867
0.9872460728
0.9965737778
0.9970337307
0.9941905591
1.0011270876
1.0023267638
1.0109346114
1.0105481489
1.0105109494
1.0154738887
1.0097877447
1.0093939725
1.0165000466
1.0160597404
1.0073428247
0.9980831578
0.9938012536
0.9988431392
1.0012950397
0.9881438109
0.9864630546
0.9983991309
1.0013912449
1.0011187928
0.9962961369
0.9983206846
1.0041861668
0.9972659447
1.0001543135
1.0073728977
0.9982179600
0.9835816711
0.9900494757
0.9959183886
0.9935835109
0.9870501062
0.9799345278
0.9856163558
1.0002206527
1.0029981668
0.9997780535
0.9952684684
0.9946661792
0.9955952475
1.0058187020
0.9990814481
1.0030589158
0.9975775869
0.9937344781
0.9996106442
1.0021295223
1.0019018225
0.9976642419
0.9892015860
0.9805023619
0.9690818909
0.9581545063
0.9531150599
0.9462394408
0.9303130271
0.9154296866
0.9209975762
0.9251704994
0.9179143919
0.9172912630
0.9198075228
0.9229174063
0.9294534755
0.9399951802
0.9626529091
0.9755783645
0.9876765273
0.9848312795
0.9820185703
0.9855508602
0.9884869082
0.9952512981
0.9954302734
0.9780226811
0.9683959699
0.9772370740
0.9923481918
0.9953722396
0.9886552504
0.9847676189
0.9801606825
0.9784534928
0.9828245637
0.9863054678
0.9803976365
0.9834368185
0.9936945012
0.9915914548
0.9767399194
0.9684339884
0.9766093612
0.9926746880
1.0046035477
1.0016252417
0.9875803038
0.9872133807
0.9900900532
0.9796273993
0.9834628392
0.9965086241
1.0041958553
0.9957550781
1.0003606550
0.9982119709
0.9925764848
0.9876057018
0.9894728208
0.9934701796
0.9947854587
0.9989875184
0.9988442465
0.9936551522
0.9926610615
0.9921234624
0.9924139846
1.0030158140
1.0062434217
1.0005076683
0.9857365024
0.9896174841
0.9941415939
0.9914832419
0.9873574087
0.9850866568
0.9899026444
0.9960794013
1.0006058128
1.0002216789
0.9963110223
0.9963192549
0.9954338269
0.9925097567
0.9941763297
0.9951994561
0.9902603571
0.9902839311
0.9942119306
0.9908164813
0.9889732759
1.0058308845
1.0055994557
0.9908807886
0.9988180741
1.0079846519
1.0222364014
1.0237171454
1.0154461741
1.0169720341
1.0104196806
0.9976133001
0.9858836873
0.9864579408
0.9932660754
0.9899170356
0.9805536933
0.9718477092
0.9710235486
0.9789054641
0.9853426721
0.9872028825
0.9843350131
0.9937128671
0.9947949663
0.9908068812
0.9939230693
0.9953373629
0.9938221032
0.9973058451
0.9969427048
0.9957433894
0.9941619759
0.9974093110
1.0037217190
1.0097457900
1.0136824053
1.0034877808
0.9923718088
0.9913642363
1.0002280861
0.9905465383
0.9931163893
1.0004138415
0.9992424833
1.0086667371
1.0057354420
1.0059649701
1.0014558950
0.9985079864
0.9953052942
0.9979240840
1.0004618489
1.0011172556
1.0008915385
0.9973297282
0.9917967193
0.9913333891
1.0043585952
1.0131867149
1.0075695235
0.9977519839
0.9918240885
0.9934585445
0.9949247343
0.9906530045
0.9959481872
1.0101224172
1.0071330528
0.9991187695
0.9977361365
0.9933492930
0.9877758228
0.9907929092
0.9994165672
1.0051553511
1.0079115495
1.0036819231
0.9851512169
0.9654396938
0.9321612688
0.9269642340
0.9234652044
0.8971281034
0.8911639515
0.9060015601
0.9131680685
0.9338770451
0.9500273648
0.9761871564
0.9843613402
0.9894649082
0.9910217264
0.9910301779
0.9955003038
1.0021122686
1.0028337836
0.9951263169
0.9978618966
1.0047046502
0.9977206465
0.9854036289
0.9960112472
0.9991742595
0.9905490185
0.9950445238
0.9938692832
0.9881595819
0.9959421388
1.0128717159
1.0093897044
0.9900051390
0.9850641963
0.9943880747
0.9947920602
0.9959763085
1.0095525200
1.0130688034
1.0084751601
1.0071063185
1.0058037086
1.0329947555
1.0307435826
1.0274596427
1.0360277920
1.0170070830
1.0049127952
0.9966408612
0.9944139884
1.0060439551
1.0079773354
0.9960045997
0.9857914981
0.9900639339
0.9955342315
1.0031096433
1.0103049118
0.9996365050
0.9958596983
0.9982351688
0.9964039542
0.9969631072
0.9933203966
1.0015216421
1.0141961343
1.0140523084
1.0075727438
1.0022934173
1.0003424006
0.9916936858
0.9870039033
0.9964748339
1.0027452339
0.9959508788
0.9958113410
0.9989032196
1.0003697264
1.0112373500
1.0101334156
1.0033255382
0.9987469752
0.9973302785
1.0134306192
1.0175244629
1.0081701532
1.0199663628
1.0076406384
0.9949056752
0.9990134018
0.9993671065
0.9935268252
0.9946006840
1.0014325847
1.0053713380
1.0050765327
1.0007865363
0.9974782358
0.9992944300
0.9977375285
0.9968400253
1.0019467943
0.9929270767
0.9994439594
0.9977667700
0.9948478569
0.9925103548
0.9937097939
1.0024416414
1.0041079503
1.0092828622
1.0091365364
0.9994610655
0.9877692252
0.9848705907
0.9917773150
0.9966462279
0.9903331460
0.9857275336
0.9984884393
1.0086972223
1.0003714754
1.0036408897
0.9926252193
1.0038650160
0.9962288824
1.0029100676
1.0059296432
0.9945893168
0.9934508888
0.9962570212
0.9971490983
1.0081519306
1.0042302124
0.9970155498
1.0038844172
1.0082958254
1.0024552267
0.9971505167
0.9913067332
0.9912393247
1.0056657419
1.0042824617
1.0079852059
0.9986230853
0.9913665398
0.9966788760
0.9941228058
0.9898355987
0.9909784660
0.9950410147
0.9972577543
0.9979316074
0.9979135825
0.9908567263
0.9871481806
0.9974288081
1.0068313925
1.0037944250
0.9997426249
1.0012610741
1.0075360949
1.0053754000
1.0036933752
0.9997325328
1.0099819994
1.0083844596
0.9978796435
1.0019183229
0.9992272119
1.0013754971
0.9956544099
1.0024094357
0.9915711725
0.9793944558
0.9880354779
0.9894215840
0.9841584129
0.9943589885
0.9996668875
0.9958219564
0.9925106148
0.9930786488
0.9998819738
1.0022971842
0.9946826358
0.9902310058
1.0020562567
1.0078304779
1.0017760965
1.0102088118
1.0019381721
1.0010544452
0.9939048873
0.9915249847
0.9970830888
0.9997519369
0.9986502050
0.9934306859
0.9879449762
0.9892945495
0.9869681217
0.9976863724
0.9954071565
0.9866204897
0.9834570933
0.9987747573
0.9898513688
0.9802945628
0.9920608845
1.0015336643
1.0061569816
1.0054983124
1.0029576887
1.0055812125
1.0018430581
0.9916163009
0.9881667573
0.9907023098
0.9926472336
0.9967930599
1.0013778565
0.9984801759
1.0002129454
0.9871733207
0.9936836755
0.9947437926
0.9959237232
1.0078160259
1.0195165194
1.0159253577
1.0096513597
1.0073746367
1.0078448748
1.0074716503
1.0001009779
0.9919909576
0.9975497894
1.0093852420
1.0048790869
0.9912757067
0.9934970421
0.9975549841
0.9977421747
1.0008846131
0.9963777743
1.0024066545
1.0032167767
1.0156307371
1.0154879596
1.0120409090
0.9974556228
1.0023879234
1.0058279774
1.0046289266
1.0046380558
1.0065367005
1.0027149216
0.9989248174
1.0063904337
1.0111775399
1.0068275421
1.0002476123
1.0046613895
1.0072786062
0.9938045935
0.9950288968
0.9976033805
1.0029126182
1.0110323731
1.0057151802
0.9910289550
0.9902237873
0.9951098028
0.9970551155
0.9944034365
0.9907748837
0.9928843360
0.9982267802
1.0001379453
1.0009789037
1.0029498598
1.0026636147
0.9852271584
0.9788331957
0.9853729197
0.9944105722
0.9920545626
1.0083058472
0.9963094677
0.9999761817
0.9933880973
0.9914801013
0.9916181029
0.9799823945
0.9740435718
0.9753681199
0.9826865222
0.9972582806
1.0016334644
0.9918343137
0.9891881751
0.9968767036
1.0032249350
0.9955550402
0.9991537166
1.0001670129
1.0103148960
1.0072272145
0.9999613483
1.0014314576
1.0058881464
1.0063363010
1.0021932916
0.9992067482
1.0060137181
1.0099332760
1.0043637869
0.9909359246
0.9754710015
0.9786005644
0.9969846628
0.9992880998
0.9960661317
0.9988311984
0.9931773427
0.9848087222
0.9901585141
0.9688920771
0.9612812615
0.9561552252
0.9348226978
0.9048594342
0.8823480559
0.8758347626
0.8830668974
0.8937630607
0.9136516905
0.9422929264
0.9646803638
0.9788769741
0.9899495820
0.9983097107
0.9953331305
0.9913927015
0.9934734971
0.9885076357
0.9975582570
0.9907089359
0.9902295545
0.9974213251
1.0064209774
1.0045830147
1.0057950109
0.9962491773
0.9829568327
0.9830480608
0.9889588258
0.9938249317
0.9946867859
0.9882552338
0.9890032826
0.9918625977
0.9875554384
0.9926793444
0.9801069276
0.9817297432
0.9972561834
0.9996470442
1.0045019993
0.9960835936
0.9815740157
0.9787024390
0.9882147269
0.9924639650
0.9963281865
1.0055062688
1.0141991446
1.0087088435
0.9984179378
0.9989971767
0.9971125759
0.9986792036
1.0014794716
0.9955036209
0.9854074763
0.9935116195
1.0055123988
1.0066330795
0.9933302941
1.0027818259
0.9939502420
0.9946757273
1.0031168691
0.9985282728
0.9979996176
1.0046974658
1.0074973983
1.0060283707
1.0071603389
1.0025056203
0.9889653247
0.9918463261
0.9894014445
0.9912522238
0.9996954493
0.9903359235
0.9991722865
0.9931981118
0.9801298321
0.9884475873
0.9969556501
1.0004944605
0.9984564070
0.9913080175
0.9847934312
0.9838447380
0.9886496353
0.9927976114
0.9917583913
0.9915494796
0.9935819208
0.9889002414
0.9855596022
0.9845317147
0.9947722418
1.0002918850
1.0144027659
1.0063509678
1.0017827062
0.9935218585
0.9981033724
1.0079263869
1.0143308042
1.0132219082
1.0046450544
0.9980602863
0.9987286557
1.0026139880
1.0078541541
1.0058621100
0.9948042604
0.9994025963
1.0066200480
1.0019893029
1.0136945383
1.0134723751
1.0036471230
0.9913880406
1.0032387989
1.0150883921
1.0165207168
1.0163972355
1.0105230949
1.0039825594
1.0050419891
1.0020858812
0.9951719086
0.9959063096
1.0006873838
1.0035754811
1.0101734905
1.0109172503
0.9928439801
0.9857405022
0.9907573074
1.0033943430
0.9947977951
0.9834830400
0.9870727044
0.9859358050
0.9855635892
0.9983434453
0.9923403292
0.9810037688
0.9731552058
0.9706930884
0.9782938771
0.9905605255
0.9998080284
1.0018002350
0.9944758948
0.9877471977
0.9889163557
0.9943405232
1.0010250331
1.0000173518
0.9828517924
0.9948169445
0.9962721966
0.9920031200
0.9897962337
0.9919995406
0.9997565023
1.0048773788
0.9924871622
0.9869252947
0.9954879893
1.0004789968
0.9997837123
1.0016963807
1.0017519233
1.0007897726
1.0058714878
0.9961078298
1.0021061648
0.9985843666
0.9940477736
0.9896708215
0.9987546145
0.9998190779
0.9890701050
0.9943421274
0.9993123543
0.9848425292
0.9829715310
0.9884583162
0.9963993560
1.0010737092
1.0019734644
1.0049720269
1.0054101642
0.9996677138
0.9903650771
0.9941424372
1.0177868085
1.0158042614
0.9992357460
0.9862241854
