#flux
1.0074849153
1.0076931353
0.9973607210
1.0022961010
0.9902949179
0.9835317741
0.9771320671
0.9813144680
0.9878266476
0.9819544791
0.9826477199
0.9933900139
1.0015947628
0.9935305480
0.9916741588
0.9936513877
0.9837238122
0.9700458197
0.9687773687
0.9645086537
0.9601550404
0.9694088518
0.9801001300
0.9835910841
0.9726192463
0.9705822498
0.9765095695
0.9763791708
0.9747676063
0.9843687195
0.9915127337
0.9899984982
0.9850815436
0.9744422290
0.9693791935
0.9614656069
0.9490910113
0.9570288790
0.9784604965
0.9771931137
0.9768670697
0.9830548411
0.9774216851
0.9824266120
0.9744871813
0.9609810384
0.9689042637
0.9875523100
1.0042562762
0.9942638984
0.9573032779
0.9652407785
0.9722728611
0.9870353426
0.9983487673
0.9883634512
0.9845232360
0.9797410992
0.9725288908
0.9730856666
0.9837740011
0.9986538363
1.0028646248
0.9859721068
0.9671491912
0.9729725792
0.9911202878
0.9849232205
0.9788574876
0.9495696899
0.9608415034
0.9809919126
0.9806182485
0.9579885789
0.9431733364
0.9680784047
0.9796500661
0.9734412468
0.9721124261
0.9761257721
0.9687674865
0.9480801924
0.9258729602
0.9116899523
0.9150353300
0.9350114420
0.9430365100
0.9281729636
0.9297205721
0.9113926937
0.9201466582
0.9239095841
0.9129953561
0.9186307112
0.9323576879
0.9285712456
0.9567771350
0.9679256775
0.9617578965
0.9677048155
0.9615179884
0.9314883977
0.9088200225
0.9065705539
0.9190049759
0.9421717525
0.9523127869
0.9600330696
0.9637233907
0.9631997414
0.9699477957
0.9644314921
0.9386814418
0.9225090319
0.9211640205
0.9132457924
0.9432533908
0.9522615024
0.9546495247
0.9700061125
0.9702701428
0.9493893751
0.9403576756
0.9430328887
0.9286833162
0.9148659053
0.9313466147
0.9503311436
0.9590879741
0.9513032781
0.9479916568
0.9454343423
0.9421746201
0.9540440504
0.9550270102
0.9549164623
0.9600984335
0.9579584036
0.9481105489
0.9412775914
0.9407561807
0.9389507808
0.9304015272
0.9277279426
0.9514708240
0.9722902470
0.9396504678
0.9082453680
0.9224373778
0.8999230897
0.9145454722
0.9580525520
0.9517893157
0.9199462049
0.9195979422
0.9352335241
0.9074625076
0.9015381960
0.9073383253
0.9156384207
0.9134229045
0.9017075670
0.8985889194
0.9071759549
0.9177912224
0.9210047084
0.9125566412
0.9052111532
0.9016499030
0.8990848715
0.8884834210
0.8646883639
0.8408211417
0.8291602040
0.8186638201
0.8361472271
0.8810026917
0.8716237116
0.8725277986
0.8826532835
0.8753644825
0.8678335947
0.8723451426
0.8670072198
0.8573025337
0.8510743210
0.8463541255
0.8593827323
0.8536240888
0.8564413198
0.8439022682
0.8272966732
0.8157774566
0.8104593095
0.8175680663
0.8092593452
0.7925119975
0.8169545750
0.8101773746
0.8043199372
0.7710156360
0.7426186811
0.7298919899
0.6958090536
0.6507311071
0.6180737683
0.5830457610
0.5444305039
0.5115768065
0.4931055606
0.4972651092
0.4636917509
0.4239063549
0.4156746113
0.4193237292
0.4144759865
0.4088570554
0.3796174215
0.3795736965
0.3990117194
0.4190271084
0.4362858467
0.4631647473
0.4968973822
0.5224665671
0.5366011727
0.5428537627
0.5529774700
0.5766652627
0.5884216496
0.5983424706
0.6084668589
0.6113995775
0.6173683417
0.6320073988
0.6535923804
0.6762118590
0.6921425404
0.7132710255
0.7264407416
0.7421828843
0.7666533254
0.7818322909
0.7860556916
0.7920930935
0.8008898226
0.8097497013
0.8256555961
0.8359185336
0.8309553855
0.8626384095
0.8703742907
0.8368395038
0.8307540260
0.8530000765
0.8780854737
0.8882083514
0.8872155583
0.8870465475
0.8833355295
0.8942055782
0.9015183227
0.9015732874
0.8896447921
0.8908233024
0.9119362120
0.9250211061
0.9176773040
0.9093559379
0.9235000620
0.9459012948
0.9386346415
0.9368084357
0.9426543894
0.9271188791
0.9352626799
0.9545481075
0.9621988793
0.9588693102
0.9522927411
0.9477239929
0.9528700197
0.9685981433
0.9701254122
0.9706112420
0.9623584102
0.9498490038
0.9529822048
0.9556572072
0.9454848031
0.9350428631
0.9350306585
0.9389914635
0.9466052199
0.9530160322
0.9644158989
0.9559069011
0.9650776472
0.9671110357
0.9669670084
0.9675526602
0.9637810433
0.9579778623
0.9597326341
0.9729939421
0.9690468809
0.9501493667
0.9602556554
0.9781502661
0.9606219610
0.9547084872
0.9671409611
0.9711266464
0.9641473874
0.9656554702
0.9718094253
0.9542588905
0.9400404276
0.8834713595
0.8576101252
0.8578522994
0.8799539850
0.9009804969
0.9147075800
0.9297348030
0.9511884866
0.9807962782
1.0002319730
0.9880206910
0.9536110271
0.9278443855
0.9251507138
0.9216846815
0.9247552703
0.9287229220
0.9150323603
0.9176291012
0.9646235102
0.9846656374
0.9866559389
0.9801476445
0.9882473595
0.9812939596
0.9704200093
0.9610423115
0.9514244928
0.9460726845
0.9486062578
0.9549187721
0.9614874865
0.9705612287
0.9741832876
0.9612916531
0.9660363119
0.9938866419
0.9927452335
0.9837532006
0.9622782904
0.9723139522
0.9969064991
0.9899843742
0.9692764170
0.9707646872
0.9807494274
0.9875153209
1.0017075987
0.9986660430
0.9811863155
0.9684627543
0.9687894149
0.9818052064
0.9841038951
0.9759400182
0.9857679341
1.0031514242
0.9877615519
0.9788159639
0.9412764744
0.9475589662
0.9489945184
0.9324848658
0.9514372548
0.9869129853
1.0058954963
1.0087423564
1.0060351472
0.9970248846
0.9818203863
0.9796160502
0.9842975605
0.9660095968
0.9418783072
0.9462338399
0.9569338859
0.9656713562
0.9771819437
0.9862894461
0.9926366291
0.9948284129
0.9767706598
0.9823424288
0.9807615975
0.9544434555
0.9150255077
0.9156362627
0.9177186161
0.9202346937
0.9387765506
0.9639921341
0.9817808955
0.9864170119
0.9798221575
0.9692826690
0.9534700081
0.9235692691
0.8796883811
0.8491465379
0.8571991621
0.8747112670
0.9147086525
0.9564754588
0.9854981980
0.9997441476
0.9943080704
0.9835086186
0.9773892053
0.9719555803
0.9515403869
0.9259534175
0.9080430945
0.9085063285
0.9281320255
0.9543036389
0.9859672264
0.9989163461
0.9939861786
1.0007428590
0.9974062497
0.9842144040
0.9933575791
0.9697593625
0.9546465407
0.9379002635
0.9417885776
0.9565683816
0.9694136264
0.9870896153
1.0071705155
1.0162692023
1.0159107181
1.0147557419
1.0156172570
1.0134334560
1.0035786758
0.9979558158
0.9982438491
1.0030577162
0.9903763623
0.9945950412
1.0155272298
1.0262328180
1.0170365706
1.0084078178
1.0201693301
1.0196719379
1.0141024339
1.0049227556
0.9943399611
0.9994698351
1.0100852594
1.0187546977
1.0294552943
1.0253841705
1.0031017325
1.0004944886
1.0229046236
1.0197022520
0.9874040361
0.9816529450
1.0181892471
0.9990593631
0.9939040166
0.9849721676
1.0013200344
1.0288148223
1.0315140148
1.0131533320
1.0058781634
1.0108763621
1.0029822824
0.9938828003
1.0081595197
1.0187112931
0.9968753206
0.9813044091
1.0024240879
1.0215164814
1.0034945286
0.9902961628
1.0039751400
1.0048878661
0.9855265022
0.9784367317
0.9843557899
0.9884865770
1.0020968650
1.0292418657
1.0238788704
0.9987269002
0.9931793753
0.9963122958
0.9957028431
1.0036228120
1.0167936015
1.0143202448
0.9925843636
0.9810897195
0.9915558385
0.9907448231
0.9695296431
0.9527352614
0.9854602059
0.9619521941
0.9841753172
0.9885642852
1.0087842382
1.0303552158
1.0236886119
1.0107519313
1.0075488885
1.0049081529
0.9941866753
0.9765372480
0.9749601462
0.9939634135
0.9962697399
0.9960498556
1.0092093691
0.9822599479
0.9819731528
0.9753277971
1.0075625362
1.0203159062
1.0120268364
0.9977571509
0.9874616976
0.9929425470
0.9989435361
1.0119047180
1.0042016386
0.9981796325
1.0031873030
1.0059797279
1.0049831526
1.0080662550
1.0158466441
1.0168812112
1.0213327659
1.0090741586
0.9821575294
0.9708549905
0.9786541167
0.9956026843
1.0137860870
1.0129212827
1.0032866735
1.0120514380
1.0158799313
0.9962437429
0.9886106913
0.9940704902
0.9928624663
0.9867877893
0.9879947126
0.9979890777
1.0092671317
1.0141402995
1.0132472124
1.0151764980
1.0116258743
0.9892845022
1.0082796469
0.9955645822
1.0041321101
1.0180943700
1.0130918543
0.9914945907
0.9861405666
0.9914042672
0.9962840982
0.9964777859
0.9936231626
0.9972358400
0.9992633016
0.9989305382
0.9966777873
0.9891772308
0.9990701818
0.9994594982
1.0127242681
1.0167380930
1.0167454004
0.9791372318
0.9469536335
0.9285464535
0.9287910063
0.9574841550
0.9918440979
1.0094142652
1.0130052271
1.0154328412
1.0029604899
1.0004946588
1.0013140723
0.9882921468
0.9713611734
0.9630035420
0.9652422920
0.9450456395
0.9425687163
0.9624333674
0.9780864779
0.9810253312
0.9855833581
1.0028215363
1.0111527445
1.0125549622
0.9898790855
0.9863796006
0.9934116926
1.0068558708
1.0103428777
1.0082962717
0.9978915168
1.0029841540
1.0199648339
1.0134915915
1.0025264259
0.9947276335
0.9795469596
0.9795900046
0.9960012668
1.0022044957
1.0146558916
1.0020317011
1.0165766542
1.0080074555
1.0033300887
1.0070005987
1.0112538902
1.0111986876
1.0170578193
1.0187915147
1.0123375032
1.0040102360
0.9963067280
0.9954081525
1.0036754509
1.0039200308
0.9974527117
1.0159467786
1.0239194035
1.0127164655
1.0041149500
0.9935288192
0.9853498453
0.9854505905
1.0059775795
1.0161804585
1.0071073593
0.9987494200
1.0019195690
1.0070989925
1.0100333114
1.0140074584
1.0109655535
0.9988468345
0.9937044007
1.0033663615
1.0061414111
0.9833386134
1.0009629947
0.9941488578
0.9843515054
0.9963872802
1.0163383205
1.0134583079
1.0036594451
0.9949018838
0.9770367493
0.9769072322
1.0031894118
1.0182767722
1.0154390652
1.0098317059
1.0120847358
1.0129956815
0.9971523404
0.9900057099
1.0152856294
1.0229071074
1.0143134242
0.9900004842
0.9937994121
0.9955770594
0.9923636508
0.9816124439
0.9760497938
0.9723847140
0.9643984109
0.9564275975
0.9408611432
0.9099650164
0.8607510286
0.8218359228
0.8161799297
0.8348730448
0.8713026718
0.9117244897
0.9365015321
0.9665427469
0.9835307658
0.9619548321
0.9409017035
0.9557934536
0.9480904562
0.8907883334
0.8445200850
0.8089609878
0.7647013826
0.7520959552
0.7793519668
0.8339745678
0.8925137980
0.9261239454
0.9441860864
0.9630372904
0.9747876494
0.9667843514
0.9551613551
0.9519535781
0.9201129159
0.8938337024
0.8661298866
0.8625404391
0.8753842614
0.9224813726
0.9806088332
1.0053712629
1.0065545350
0.9893597429
1.0031212682
1.0229449609
1.0164244061
0.9984065925
0.9786357536
0.9694526917
0.9753566464
0.9868746999
0.9975049347
1.0004497853
0.9919898738
0.9791377887
0.9827322652
0.9993639597
1.0092010977
1.0025532910
1.0059887222
1.0037109868
0.9870707669
0.9957600473
1.0007806699
1.0088352789
1.0011808051
0.9859744485
0.9984320804
1.0161628934
1.0112956178
1.0060475835
1.0090399424
1.0016183849
0.9958399421
1.0073503057
1.0295846253
1.0023552598
1.0080061516
1.0178361791
1.0083699340
1.0112320757
1.0029081279
0.9716619488
0.9414079180
0.9441389040
0.9549764041
0.9711209174
0.9871959864
0.9949710378
0.9885307261
0.9830269209
0.9975186302
1.0052217745
0.9868771664
0.9793331146
0.9568406137
0.9443475431
0.9455760321
0.9526822023
0.9751932455
0.9650365530
0.9429645691
0.9584844410
0.9830215364
0.9948979255
1.0064159917
1.0055730384
0.9996062388
0.9953084659
0.9933120836
0.9836073471
0.9761499715
0.9775064914
0.9731434950
0.9731856659
0.9739259019
0.9797497404
0.9919646890
1.0030608501
1.0100170229
1.0133177997
0.9979680502
0.9767341991
0.9626719086
0.9641053166
0.9780979111
0.9848741076
0.9866470148
0.9976252507
1.0013844443
0.9998278832
1.0081526310
1.0048119452
0.9774997486
0.9645320787
0.9822611320
1.0076864881
1.0103007627
0.9840060199
0.9916500205
1.0064493894
1.0023088781
0.9851664526
1.0128506546
1.0289309391
1.0145926004
1.0060823389
1.0028903590
1.0034513164
1.0082737894
1.0039198034
0.9975636088
1.0099048766
1.0274474157
1.0232859916
1.0146381972
1.0248399630
1.0176199610
1.0088216371
1.0135725124
1.0138829225
1.0063790208
0.9939691781
1.0045287765
1.0283205395
1.0135963818
1.0088765757
1.0178579365
1.0134232116
0.9993023814
1.0002794313
1.0118917191
1.0142004526
1.0094894109
1.0118960219
1.0185128365
1.0131059625
0.9963572323
0.9904337791
0.9997005076
1.0151358621
1.0227109184
0.9954035580
1.0065629238
1.0165840515
1.0083031484
0.9917446941
1.0102428875
1.0227460078
0.9939046670
0.9828337747
0.9993919761
1.0082089859
1.0058888459
1.0054042635
1.0032984781
0.9910977265
0.9802894422
0.9670354263
0.9547087751
0.9401763795
0.9460364503
0.9593260381
0.9809448833
1.0111094707
0.9959334343
0.9911417960
1.0045111360
1.0014562016
1.0007205066
0.9993969569
0.9813430785
0.9722479507
0.9765076224
0.9829311637
0.9829235919
0.9709213918
0.9921783298
0.9911015977
0.9778490638
1.0021692373
1.0028426186
0.9975000461
1.0071243875
1.0183016883
1.0112106912
0.9961778328
0.9862497666
1.0003506956
1.0069723833
1.0032721188
0.9995790196
0.9879860660
0.9837359974
0.9983152660
1.0065418590
0.9995249639
0.9957057950
0.9960711289
0.9966849237
0.9984086858
0.9962423922
0.9890102273
0.9920228048
0.9920768203
0.9869324423
1.0046118611
1.0061980102
1.0019339514
0.9928620493
0.9830527101
0.9778067164
0.9893434487
1.0010056662
0.9953359878
0.9816029657
0.9743096940
0.9806527800
0.9921697375
0.9963523985
0.9836131174
0.9888667120
1.0081145055
0.9920259206
0.9781938491
1.0024411631
1.0157020094
1.0076764961
1.0020483816
0.9890310417
0.9721942420
0.9678792823
0.9668941488
0.9551902840
0.9348238233
0.9087207050
0.8953791029
0.9049146104
0.9170864386
0.9538954000
0.9610640981
0.9876163495
0.9895711404
0.9592960843
0.9654651290
0.9749449778
0.9693728304
0.9598170065
0.9531457302
0.9235237378
0.9188890077
0.9413429314
0.9612084984
0.9750423557
0.9894194009
1.0077022961
1.0163659401
1.0028578806
0.9895685131
0.9818164213
0.9635254766
0.9604218239
0.9746465957
0.9744099999
0.9861615162
1.0180211550
1.0052475876
0.9807613038
0.9959054732
1.0082466083
1.0223043364
1.0231973376
1.0080453312
0.9932032678
1.0056237818
1.0040687231
0.9894551721
0.9971747750
0.9927227911
0.9937380131
1.0034930758
1.0086798425
1.0268075623
1.0190191409
1.0386670744
1.0159792197
1.0066021382
1.0271986537
1.0324584699
1.0293857924
1.0080796572
1.0124908312
1.0156541594
1.0065263117
0.9996970289
1.0069945632
1.0210794617
1.0317697911
1.0361511695
1.0304069823
1.0244741881
1.0158728010
1.0034958187
1.0013549622
1.0027469340
1.0058092291
0.9938792603
1.0019072457
1.0014334523
0.9964680945
0.9921865480
0.9827806881
0.9669224230
0.9587524745
0.9770460679
0.9884084157
0.9789081323
0.9804955095
0.9962868662
0.9982615718
0.9951939628
1.0201097366
1.0206205295
0.9952119676
0.9923354802
1.0115446810
1.0013310174
0.9831532923
0.9994445043
1.0056884617
1.0084713353
1.0034026022
0.9871799419
0.9907558279
0.9902686228
0.9841912099
0.9922584015
1.0020089067
0.9978607122
0.9852207218
0.9791448206
0.9948995242
0.9931982790
0.9901365110
0.9884130494
0.9940229318
1.0054142282
0.9977682369
0.9918985750
1.0040753154
0.9997417185
0.9830579862
0.9820664819
0.9955908753
1.0066221813
1.0072735336
1.0064588540
1.0044179648
0.9973910585
0.9990750207
1.0124458949
1.0164628688
1.0187759712
1.0282461331
1.0170430226
1.0219914289
1.0059355095
1.0174182631
1.0017604626
1.0041315133
1.0001165619
1.0068077840
0.9958437984
1.0038515411
1.0118049328
1.0177312706
1.0096347656
1.0033241766
1.0132088793
1.0282108258
1.0324582139
1.0212665183
1.0365572252
1.0368766598
1.0076059174
0.9996443914
0.9981824922
1.0085317316
1.0158431604
0.9985580488
0.9977035440
0.9975460415
0.9853236889
1.0017077592
0.9993195766
1.0042550885
1.0010615541
0.9887349062
0.9872951915
0.9988060640
1.0081404322
0.9969976313
0.9852981479
0.9923080852
1.0181408073
1.0120956153
0.9913079820
1.0065400863
1.0136872957
1.0078152237
1.0083902004
0.9982820472
1.0064904536
1.0099948107
0.9978976329
0.9879084994
0.9994023615
1.0125892980
1.0171387397
1.0247842299
1.0282440465
1.0224525319
1.0241253711
1.0249587375
1.0221356609
1.0130472730
0.9949374803
1.0027219551
1.0090005231
1.0055216961
1.0015926075
0.9823731803
0.9778570118
1.0020330154
1.0257287566
1.0204001523
1.0011936799
0.9888242768
0.9934842756
1.0036786888
1.0001232820
0.9895896020
0.9893576796
0.9980315365
1.0162302849
1.0283752740
1.0240343572
1.0119880018
0.9968936830
1.0040574190
0.9978570840
0.9971538849
1.0106945176
1.0107446388
1.0086459515
1.0036864204
0.9962638375
0.9949504167
0.9984814042
1.0035264914
1.0073381829
1.0111529101
1.0153996060
1.0127404600
1.0129067634
1.0193968767
1.0294895606
1.0291969543
1.0308012922
1.0045268329
1.0084462024
1.0126090135
1.0213806257
0.9994153531
0.9895437931
0.9830783565
0.9887240258
0.9948448952
0.9971455596
0.9962870962
0.9989086244
1.0004795867
1.0055054945
1.0311833130
1.0465397097
1.0488803161
1.0475823757
1.0504093551
1.0374588903
1.0159646849
1.0016194678
1.0020701787
0.9956247467
0.9833054300
0.9854623708
0.9914886726
0.9969175649
1.0041187332
1.0225560921
1.0101179187
0.9903217554
0.9898290300
0.9887381880
0.9862720462
0.9756211435
0.9887580032
1.0181055286
1.0345574431
1.0176884539
1.0254280569
1.0082145003
0.9950615831
0.9888907447
0.9826637775
0.9704230877
0.9774999585
0.9956411771
0.9799849878
0.9828641813
1.0139952153
1.0166706816
0.9927769737
0.9928331806
1.0042514203
0.9895910541
0.9822318609
0.9944280779
1.0053278861
1.0069491638
1.0077655954
0.9892588832
0.9986632806
1.0040978108
1.0141545680
1.0246636846
1.0256220995
1.0060167933
1.0064619575
1.0159915616
0.9951002320
0.9848467725
0.9893051376
0.9835466610
0.9677396891
0.9532963690
0.9725935253
0.9848879615
0.9764195444
1.0078725115
1.0394009015
1.0135064272
1.0081030097
1.0236844518
1.0040280374
0.9992305368
0.9912997198
1.0151867884
0.9980633201
0.9862785907
0.9851290165
0.9839973049
0.9911692081
0.9956935996
0.9997421637
1.0102754299
1.0117658251
1.0168547044
1.0038612632
0.9993332971
0.9873151683
0.9870526987
1.0113659337
1.0165955449
1.0073983119
1.0138501233
1.0040659872
0.9938158762
0.9935791225
0.9821609016
0.9877239699
1.0133112863
1.0204540446
1.0022403223
0.9889737304
0.9930764618
1.0023169272
1.0017185670
0.9828037557
0.9812742824
1.0106052855
1.0170390788
1.0320581948
1.0215060248
1.0148147967
0.9954096370
0.9840645733
0.9938950421
0.9953942116
0.9940398998
0.9955918487
0.9960808623
0.9992995154
1.0041316454
1.0079873370
1.0118493212
1.0113805318
1.0052061492
1.0046354612
1.0097426879
0.9905681600
0.9654586280
0.9849673752
0.9858987467
0.9885710970
0.9953851943
0.9746734554
0.9853890527
1.0127715101
1.0086809957
0.9965038925
1.0013200954
0.9986307229
0.9849815514
0.9770743853
0.9805970958
0.9864431157
0.9870070769
0.9867710693
0.9790540039
0.9855589568
1.0018597948
1.0083295432
0.9936861007
0.9712918025
0.9921224649
1.0061893734
1.0204373411
1.0039026885
0.9820837981
0.9777534407
0.9643664124
0.9550415579
0.9615085569
0.9582432085
0.9372497605
0.9170420177
0.9060597063
0.9010686141
0.8929499485
0.8854693987
0.8958848872
0.9347803268
0.9482756786
0.9353439672
0.9122953850
0.9232431865
0.9511859340
0.9547913352
0.9399325671
0.9358517246
0.9271850464
0.9193093687
0.9164158205
0.9320916004
0.9574999884
0.9603280776
0.9449094613
0.9368620304
0.9354710709
0.9491374086
0.9593730960
0.9536750284
0.9716289338
0.9661165223
0.9826654025
0.9858977593
0.9934317659
0.9966754258
0.9746834151
0.9601073583
0.9696405341
0.9860895238
0.9912671638
0.9807838545
0.9766137469
0.9879523978
1.0025902894
1.0133680372
1.0148274191
1.0103973556
1.0108586844
1.0150285981
1.0073470152
1.0035647537
0.9908314275
0.9912767313
1.0021080782
0.9937876573
0.9989509701
1.0155576663
1.0182629256
1.0062286999
1.0116642153
1.0235617786
1.0066575220
0.9816045387
0.9883174245
1.0114858769
1.0141609230
0.9939773553
0.9744161035
0.9827771683
0.9809365942
0.9828854069
1.0080201752
1.0165127228
1.0108651302
0.9870782525
1.0005362019
0.9984061611
1.0032391841
0.9938363504
0.9902483150
0.9906581040
0.9952350006
1.0081790938
1.0172846917
1.0105295073
1.0002616642
1.0021624406
1.0069817359
1.0124279649
1.0018364598
0.9893171224
0.9943467484
1.0236422260
1.0243636289
1.0105493622
0.9916399256
1.0104537913
1.0330730123
1.0132741097
0.9900321922
0.9916795979
0.9869674947
0.9751857793
0.9581733632
0.9556172331
0.9839917647
0.9999389336
0.9936557240
0.9878443931
0.9942473489
1.0007648804
1.0003944320
1.0113939545
0.9932304811
0.9661663109
0.9587514306
0.9776814557
0.9766752524
0.9750688673
0.9770319817
0.9669288379
0.9660248939
0.9807604240
0.9893405296
0.9880823495
0.9923731806
1.0026569470
1.0079318381
1.0096615861
1.0117367753
0.9968452883
0.9956026117
1.0053233260
0.9973435655
0.9945805557
0.9799211789
0.9900797158
1.0066234802
1.0002941916
0.9882222071
0.9919659389
0.9843884757
0.9829495822
0.9941212192
0.9966344402
0.9985550346
1.0056758528
0.9995080680
0.9983309994
1.0128094254
1.0046536283
0.9778918485
0.9897042528
1.0101309652
1.0088976466
1.0146015709
1.0138935515
1.0276883574
1.0321312937
1.0324752956
1.0199733457
1.0051624051
0.9959042316
0.9907789877
0.9905783185
0.9700305674
0.9292201262
0.8964720696
0.8652540710
0.8611819035
0.8828433032
0.9215839572
0.9480897086
0.9783833655
0.9863252218
0.9852070046
1.0000677278
1.0025122525
0.9862136720
0.9677847673
0.9338862714
0.9034759706
0.8849848717
0.9012130093
0.9248973769
0.9479271803
0.9684051245
0.9698836375
0.9806172127
0.9999045700
0.9962428577
0.9832835751
0.9866865196
0.9590627984
0.9543976698
0.9421178320
0.9770385978
0.9832562016
1.0040580152
0.9875029929
0.9745558999
0.9965474229
1.0073689104
1.0042811711
1.0102748061
1.0135698028
1.0093166435
1.0055155727
0.9975615986
0.9864354417
0.9730123335
0.9829786929
1.0019760200
1.0019581480
1.0170568271
1.0089100891
1.0084695237
0.9939887128
0.9905830431
0.9966832373
1.0098239934
1.0017188895
0.9848214655
0.9781644929
0.9794300845
0.9880919474
0.9932610043
0.9830886966
0.9793494717
0.9887849511
0.9854243799
1.0002642425
1.0030608523
1.0000602829
0.9946322519
1.0081836114
0.9916386615
0.9898984568
0.9879858789
1.0093411334
0.9996610102
0.9864134423
0.9751233219
0.9735359887
0.9775045895
0.9822975115
0.9902882349
0.9975324451
0.9941582255
0.9863960388
0.9900806151
0.9975638060
0.9979674518
0.9840489459
0.9701406977
0.9938838994
0.9909980487
0.9665756969
0.9651394336
0.9710668675
1.0015805858
1.0089315645
1.0050448982
0.9950099968
1.0023563539
0.9970067968
0.9917160149
0.9933428096
0.9901144435
0.9828417978
0.9795682866
1.0073422185
1.0054659986
1.0183597563
1.0058831587
1.0104039719
1.0035645136
1.0147220606
1.0063528029
1.0059124731
0.9895799366
1.0010441285
0.9974921374
0.9914998479
1.0000835478
1.0052298800
0.9894483048
0.9792722808
0.9855555131
0.9883775560
0.9837233550
0.9825534702
0.9993181922
1.0063485957
1.0307673717
1.0159794401
0.9949217796
1.0169220039
0.9973929988
1.0135994119
0.9971419512
1.0048806523
1.0098593743
0.9997240256
0.9918648026
0.9972079710
0.9988282152
0.9996719102
1.0001002516
0.9956506790
0.9988897438
1.0061269980
1.0063884329
1.0146734032
1.0158683597
1.0085355079
1.0081069258
1.0210229768
1.0079072379
0.9958297275
0.9952084644
0.9950258939
1.0016955409
0.9933677024
0.9912515751
0.9937403056
0.9927834411
0.9879048527
0.9857316122
0.9913802826
0.9995334269
0.9981066951
0.9892562030
0.9947912556
1.0068555362
1.0066563958
0.9980605855
1.0077093868
0.9676913636
0.9744132107
0.9911241701
0.9814218749
0.9917641279
1.0055829092
0.9902624824
0.9914810075
0.9997576114
0.9999978557
0.9937607540
0.9924120249
0.9892072746
0.9783832868
0.9752163719
0.9784951869
1.0093578049
0.9938807118
0.9584696020
0.9698935420
0.9858206999
0.9809945696
0.9740443515
0.9839513147
0.9885072818
1.0035000271
0.9880661442
0.9835062279
0.9889335086
0.9935125745
1.0001947738
0.9946779934
0.9808876057
0.9857792906
1.0011122187
1.0073294279
1.0157319481
1.0121106923
0.9944416412
0.9797507151
0.9890368851
1.0041642711
0.9982564662
0.9947832535
1.0056253014
1.0053072671
0.9876133617
0.9873466786
0.9848523141
1.0034179824
1.0239592153
1.0200165934
1.0057778318
1.0019108778
0.9982116449
0.9833310877
0.9841266661
0.9934913499
0.9954812050
0.9963727071
1.0200849694
1.0069967816
0.9743602710
1.0068062085
1.0202409894
1.0253870183
1.0133019941
1.0108482756
0.9902669599
0.9922995672
0.9992188808
1.0003549303
0.9988699085
0.9951157279
0.9959835208
0.9988342792
1.0080863393
1.0268951110
1.0261526510
1.0351617965
1.0456411207
1.0282818507
1.0044795349
0.9852503814
0.9992317662
1.0181015459
1.0115693785
1.0021206037
0.9962052174
1.0095777221
1.0023231804
0.9902480730
0.9870738807
0.9899600563
0.9989435638
1.0010535618
0.9986475056
1.0027251594
1.0038878928
1.0011178078
0.9836148109
0.9953751168
0.9767753646
0.9768325810
1.0044782829
0.9893294090
0.9931082233
1.0072710073
1.0178193236
1.0120825121
0.9911793939
0.9822340748
0.9852859133
1.0007701089
1.0125435976
1.0055743210
0.9962640367
0.9838844594
0.9842501397
0.9819534507
0.9844995734
0.9991522421
1.0026332855
0.9845559053
0.9842586525
0.9723594706
0.9894550189
0.9905950916
0.9885655294
0.9833716178
0.9848672595
0.9995031069
1.0064379505
0.9942099075
0.9792163440
0.9794316449
0.9897382064
0.9955044619
0.9910158968
0.9742661201
0.9996252017
1.0037571375
0.9899023965
1.0002203639
1.0064022221
0.9848741212
0.9780541954
0.9854376513
0.9939004882
0.9904433568
0.9825585399
0.9832929455
0.9819679061
0.9791941097
0.9801121270
0.9705621072
0.9542761214
0.9331680789
0.8899156753
0.8728766582
0.8542466142
0.8629571566
0.8787036826
0.9103856053
0.9498999198
0.9851999672
0.9871977696
0.9859020872
0.9590801649
0.9656505584
0.9321689789
0.9082655447
0.8945358841
0.8928624487
0.8926095468
0.8932764100
0.9139054167
0.9493491572
0.9787527672
0.9808707695
0.9791185346
0.9880786070
1.0086358280
0.9874337224
0.9815288607
0.9743872391
0.9659621403
0.9706793224
0.9810368987
0.9824125437
0.9836704648
0.9852973316
0.9882313244
0.9808104003
0.9854769947
0.9989117027
0.9977703100
1.0022023839
1.0082279357
0.9832549165
0.9814856961
0.9899189214
1.0092990444
1.0208838322
0.9810827227
0.9746989005
0.9884619869
1.0147362899
0.9936389629
0.9905284264
1.0040588554
0.9931505607
0.9858090743
0.9796556029
0.9860758500
1.0039122272
1.0051732684
0.9889015025
0.9811323688
0.9817685592
0.9824861768
1.0113792976
1.0076937739
0.9792186528
0.9509819894
0.9534321609
0.9774330579
0.9861797632
0.9895855870
0.9824889935
0.9935822572
0.9877240955
0.9723981027
0.9686145899
0.9850975263
1.0098994632
1.0162933843
0.9948624948
0.9728289936
0.9728400079
0.9763608308
0.9711233143
0.9730273724
0.9838717801
0.9633952410
0.9965716200
0.9789311430
0.9698280259
0.9919534066
0.9997133607
0.9942719409
0.9882789594
1.0048637130
1.0063716909
0.9932958296
0.9767347809
0.9750571214
0.9799285239
0.9707810701
0.9614397072
0.9697255214
0.9931841678
0.9960042002
0.9764426430
0.9599111849
0.9861206429
1.0076829213
1.0080240154
0.9806576196
0.9810607576
1.0123382463
1.0029635324
0.9990059792
1.0030568193
1.0004321419
1.0089510716
1.0148088823
1.0130480093
1.0180180755
1.0252754465
1.0177787951
0.9905400221
0.9895370018
1.0099790923
1.0036477651
0.9912793670
1.0022169927
1.0133741694
0.9814097974
1.0031642128
1.0084449200
1.0025856185
0.9953475300
1.0015634403
1.0146992974
1.0073987917
0.9916725726
0.9875005169
0.9886408968
0.9835632207
0.9881502988
1.0147015757
1.0213114120
1.0080055565
0.9995968906
1.0038170919
1.0065702390
0.9933397347
1.0069866441
1.0046593404
0.9893378528
1.0236652881
1.0253596925
1.0425467084
1.0127934602
0.9983724723
1.0061224924
1.0094436696
1.0059738716
0.9991667824
0.9936254051
1.0004158282
1.0217103267
1.0144659800
0.9868944716
0.9598544608
0.9766570816
0.9853673482
1.0105778966
0.9996428703
1.0157377787
1.0075698620
1.0068690933
1.0085502003
1.0093018469
1.0128777961
1.0036919507
0.9910061994
0.9958501281
1.0037605264
0.9996267513
0.9897306076
0.9825747490
1.0013384769
1.0121293940
1.0032594327
1.0006367234
1.0016944000
0.9842362281
1.0012284340
1.0135787648
0.9894330802
0.9853478844
0.9852513474
0.9855116174
