#flux
0.9744913613
0.9711535419
0.9685171758
0.9673102606
0.9664680427
0.9667136013
0.9683435563
0.9700869006
0.9719613354
0.9738060367
0.9727837954
0.9706203846
0.9680657090
0.9673170059
0.9668690065
0.9660326927
0.9689977166
0.9711757174
0.9709073427
0.9687098788
0.9690051212
0.9707904005
0.9691465478
0.9655868363
0.9628577125
0.9581559418
0.9544964336
0.9533586712
0.9517905890
0.9539305473
0.9561823245
0.9558257719
0.9572546084
0.9609170799
0.9637907391
0.9651208750
0.9636398273
0.9626518025
0.9618342822
0.9626228332
0.9607971456
0.9590101844
0.9614300420
0.9676619816
0.9718992591
0.9689836251
0.9657403685
0.9636160171
0.9573699605
0.9549152809
0.9571352960
0.9599834646
0.9598663333
0.9575751024
0.9560781808
0.9550448331
0.9565196467
0.9576000910
0.9579135618
0.9562136453
0.9542015535
0.9531159119
0.9527701942
0.9528974314
0.9539520587
0.9553128037
0.9529728243
0.9438605549
0.9313374894
0.9212991172
0.9163057666
0.9174868992
0.9232903990
0.9321458626
0.9422026266
0.9460546714
0.9482005479
0.9470854710
0.9455148630
0.9456962338
0.9438930449
0.9397855239
0.9368937194
0.9360674998
0.9339071928
0.9310475591
0.9257835464
0.9138083861
0.8939384869
0.8685784464
0.8477121674
0.8369539902
0.8402417947
0.8591288152
0.8868071562
0.9114745503
0.9227273630
0.9242781040
0.9125894736
0.9012168358
0.8925575740
0.8884106014
0.8927229526
0.9044195931
0.9166851023
0.9270019385
0.9334036601
0.9345170908
0.9334046290
0.9315667328
0.9266551904
0.9139246463
0.9020569666
0.8998568899
0.9014612304
0.9049601536
0.9127965702
0.9148678872
0.9155540205
0.9208684728
0.9256307567
0.9266352211
0.9257895214
0.9245315748
0.9220202129
0.9205156915
0.9210608288
0.9191466883
0.9155565738
0.9152760721
0.9139014816
0.9140866696
0.9121536455
0.9077656483
0.9050947157
0.9005643434
0.9021130125
0.9047834179
0.9072722066
0.9028755907
0.9012362039
0.9013355864
0.9011745832
0.9005991215
0.8988780680
0.8977260226
0.8973879448
0.8976043254
0.8950497820
0.8888107683
0.8917884863
0.8937374974
0.8892222891
0.8868536019
0.8886268375
0.8848214195
0.8750251080
0.8597246778
0.8446412178
0.8342099909
0.8306939069
0.8343999529
0.8448932454
0.8565743334
0.8625649062
0.8623412165
0.8601151664
0.8560645308
0.8511710961
0.8487117092
0.8438323206
0.8405059275
0.8333907034
0.8245691119
0.8105438398
0.7948139856
0.7887935301
0.7879119040
0.7945108307
0.8035453563
0.8076205874
0.8098749803
0.8096105812
0.8058834972
0.8012889045
0.7974204538
0.7936023269
0.7905310303
0.7874103634
0.7803087203
0.7713647480
0.7659582405
0.7620498110
0.7528548099
0.7407028907
0.7302646785
0.7217806404
0.7100717145
0.6940367295
0.6790561060
0.6535698289
0.6238761426
0.5877513833
0.5445206596
0.4941718737
0.4404683785
0.3896744230
0.3453465557
0.3087174291
0.2800620703
0.2589082158
0.2446837963
0.2343639933
0.2279563222
0.2300238570
0.2332659136
0.2405211647
0.2541666436
0.2743385159
0.3029907269
0.3406340291
0.3828704485
0.4315849139
0.4830902256
0.5327103865
0.5799678761
0.6218733661
0.6541819091
0.6773464094
0.6942195106
0.7080209846
0.7192587071
0.7263247739
0.7344621668
0.7417932466
0.7458374096
0.7588015799
0.7721078500
0.7809667168
0.7893190246
0.7956943663
0.7979421957
0.7999463061
0.8038480350
0.8102616881
0.8147328531
0.8194099764
0.8261560264
0.8301275785
0.8326492950
0.8341949244
0.8370394302
0.8405498435
0.8427248708
0.8450513960
0.8472623375
0.8498704484
0.8455956874
0.8475388049
0.8512701365
0.8538071190
0.8575044581
0.8622857189
0.8679965719
0.8732691318
0.8738516015
0.8721315140
0.8742476855
0.8796631793
0.8837564331
0.8844501745
0.8867247481
0.8889923183
0.8913971687
0.8921159318
0.8916633216
0.8921296729
0.8932716102
0.8977989384
0.9009536422
0.9028747470
0.9016078331
0.9023605220
0.9056831765
0.9095710863
0.9100925720
0.9080320744
0.9089811806
0.9115330818
0.9107621668
0.9106607397
0.9120818007
0.9118678318
0.9111929372
0.9150009158
0.9192629008
0.9196036202
0.9186385328
0.9194455385
0.9199195733
0.9191550673
0.9214217167
0.9222049687
0.9247739042
0.9272642556
0.9279351607
0.9268855274
0.9247983451
0.9241465973
0.9242251461
0.9233641831
0.9224081232
0.9217660965
0.9214351023
0.9260162684
0.9210921539
0.9000147226
0.8678399436
0.8203047840
0.7758382337
0.7502978381
0.7541807676
0.7871411028
0.8359125628
0.8809476191
0.9092493978
0.9232288332
0.9306716838
0.9343088711
0.9347562068
0.9335187250
0.9355478371
0.9352720823
0.9345126649
0.9354155952
0.9377461633
0.9392161760
0.9378186893
0.9397373547
0.9452146571
0.9428640699
0.9418366260
0.9418981829
0.9390681953
0.9342872176
0.9314349689
0.9307588678
0.9309148621
0.9338337100
0.9390457023
0.9401922606
0.9369051649
0.9365216017
0.9386937656
0.9394177454
0.9410389200
0.9469338495
0.9484794507
0.9468564067
0.9456293823
0.9481884656
0.9536448009
0.9545576461
0.9504530039
0.9463898632
0.9419984411
0.9377586331
0.9407254174
0.9491765513
0.9534203308
0.9569766642
0.9598189409
0.9611561685
0.9576036303
0.9522863106
0.9541315121
0.9416163848
0.9234342175
0.8943663952
0.8787705331
0.8738783083
0.8848312591
0.9064453117
0.9283959910
0.9459579004
0.9571946877
0.9609123053
0.9605630632
0.9610904550
0.9619953851
0.9617591623
0.9631480790
0.9657931071
0.9622331303
0.9631345866
0.9631636637
0.9631238436
0.9624166876
0.9623463722
0.9588157636
0.9470235743
0.9306681138
0.9081902829
0.8912314727
0.8867066717
0.8929525628
0.9130550476
0.9382614923
0.9514920650
0.9562382759
0.9569174449
0.9497386145
0.9365552454
0.9233559273
0.9011472688
0.8556273819
0.8163432615
0.8053902629
0.8178164014
0.8547015610
0.8998119484
0.9323504893
0.9512725620
0.9611666895
0.9657155123
0.9678135993
0.9697755416
0.9727892478
0.9739791345
0.9707183528
0.9683650489
0.9686084406
0.9692540823
0.9710538040
0.9715104171
0.9728435294
0.9717746893
0.9678930413
0.9641155034
0.9632213721
0.9654217056
0.9676863888
0.9688200525
0.9726356800
0.9740404727
0.9721590750
0.9718182024
0.9734803488
0.9745446519
0.9747842511
0.9764594182
0.9776755648
0.9771981124
0.9752011665
0.9760133928
0.9809604059
0.9785135104
0.9773434381
0.9737582281
0.9779596284
0.9802854786
0.9800796198
0.9801116811
0.9810067021
0.9815685874
0.9815860776
0.9818981801
0.9818769635
0.9799329107
0.9773923501
0.9774915213
0.9788279809
0.9783437500
0.9794736592
0.9850993719
0.9857459064
0.9806344321
0.9778640365
0.9794879751
0.9777191008
0.9771138014
0.9788511251
0.9775312602
0.9757005786
0.9772166722
0.9773275428
0.9772059612
0.9782828712
0.9779593999
0.9788412494
0.9766902829
0.9761683869
0.9764238337
0.9781022256
0.9794451244
0.9793279531
0.9794259043
0.9789223143
0.9763302044
0.9742363296
0.9714894875
0.9647426836
0.9578375765
0.9565492668
0.9587748368
0.9591267424
0.9634118754
0.9728006553
0.9763646104
0.9746866070
0.9744321351
0.9737940369
0.9709963537
0.9708892530
0.9717969163
0.9702547283
0.9688947568
0.9564251605
0.9402904109
0.9298009914
0.9258154606
0.9308470291
0.9418789711
0.9547544744
0.9659498165
0.9723346079
0.9745616120
0.9764729639
0.9785717954
0.9783754789
0.9771992833
0.9772326296
0.9788194820
0.9791891218
0.9760440746
0.9783357874
0.9772333106
0.9745700255
0.9752259370
0.9765577453
0.9802068376
0.9838037337
0.9818526492
0.9769951838
0.9752997179
0.9758242029
0.9766953538
0.9776016188
0.9759695973
0.9744257846
0.9785950568
0.9799540666
0.9772064738
0.9748638344
0.9747453844
0.9734854087
0.9707319607
0.9693702996
0.9625910542
0.9504476208
0.9446287415
0.9391912043
0.9407747314
0.9491603617
0.9595955722
0.9697935082
0.9771921094
0.9813713249
0.9840646703
0.9839839435
0.9814451047
0.9792787022
0.9782920419
0.9773623943
0.9761048440
0.9748054834
0.9744595885
0.9758526358
0.9768234667
0.9798833765
0.9819950165
0.9853874313
0.9889589062
0.9904306947
0.9886128057
0.9880605878
0.9877710912
0.9851436095
0.9836844193
0.9832132412
0.9825635333
0.9816448687
0.9812654291
0.9833975440
0.9817063985
0.9820844097
0.9823248084
0.9869861533
0.9859880990
0.9882337290
0.9870133166
0.9743638190
0.9471510367
0.9120266714
0.8800134755
0.8604844753
0.8611161950
0.8838936074
0.9180704102
0.9461352343
0.9610035733
0.9694135814
0.9759833023
0.9771061526
0.9826639048
0.9840726957
0.9885280703
0.9872712343
0.9846275569
0.9838511862
0.9868346964
0.9869715595
0.9847787598
0.9832325814
0.9793191667
0.9700861944
0.9598777007
0.9554641398
0.9580753913
0.9644180982
0.9713151052
0.9773999737
0.9861968673
0.9899363745
0.9878299807
0.9862113596
0.9849477301
0.9905279754
0.9914944160
0.9877330627
0.9853654966
0.9849401337
0.9864880236
0.9883130805
0.9882203189
0.9897796496
0.9926730348
0.9932127629
0.9916400849
0.9888654614
0.9870913322
0.9860443019
0.9886932003
0.9885599390
0.9852788125
0.9893915768
0.9918690796
0.9882183036
0.9885063123
0.9912212321
0.9931915116
0.9956035053
0.9967581590
0.9952503609
0.9931763016
0.9926444290
0.9931112663
0.9927861236
0.9933846337
0.9961318599
0.9971354230
1.0009025007
0.9991188160
0.9965559780
0.9953895262
1.0011134741
0.9958720740
0.9941461429
0.9952453424
0.9938422432
0.9936584055
0.9941772294
0.9948692912
0.9942742364
0.9906752397
0.9868084722
0.9806571459
0.9709775057
0.9645382314
0.9646869245
0.9705129009
0.9779265420
0.9831391660
0.9863936784
0.9899290038
0.9910094174
0.9909502527
0.9910345482
0.9898179807
0.9892539699
0.9910087803
0.9921831178
0.9903463081
0.9858807799
0.9794046087
0.9682726300
0.9522967478
0.9365920838
0.9256759703
0.9196633333
0.9155138755
0.9041484463
0.8626223163
0.7916393221
0.7209652175
0.6823020477
0.6930146103
0.7530239829
0.8352931427
0.9039104736
0.9445827024
0.9629487798
0.9708220267
0.9766119675
0.9784992924
0.9758587661
0.9679757110
0.9489786899
0.9081605290
0.8438157106
0.7825266001
0.7508196243
0.7611097389
0.8125826452
0.8812440980
0.9337604072
0.9630985978
0.9731132549
0.9771881548
0.9802612659
0.9841586840
0.9889873868
0.9910341479
0.9914444283
0.9918755614
0.9921589981
0.9907746625
0.9882516437
0.9870727999
0.9874578179
0.9889062578
0.9900135083
0.9892896735
0.9899019762
0.9867250196
0.9874758497
0.9909347784
0.9930980426
0.9962516487
0.9953264041
0.9927644232
0.9903590699
0.9872232392
0.9832900111
0.9789631682
0.9771463882
0.9803354679
0.9857324185
0.9881824015
0.9884665591
0.9907138978
0.9906671818
0.9905797614
0.9920661752
0.9919933070
0.9941481852
0.9959628153
0.9956372886
0.9995762819
0.9984489764
0.9962077693
0.9947392262
0.9932008910
0.9902569288
0.9876282540
0.9876932549
0.9884369537
0.9865328016
0.9797319247
0.9617578410
0.9290765223
0.8956210377
0.8748131599
0.8701381756
0.8850654018
0.9220558383
0.9594465438
0.9784925449
0.9888874782
0.9918413617
0.9941962759
0.9908390194
0.9875287313
0.9867312260
0.9865598827
0.9841878914
0.9767193881
0.9614061058
0.9403686113
0.9240041988
0.9212142472
0.9311996327
0.9495193432
0.9697843140
0.9826965502
0.9843265601
0.9755858129
0.9706922568
0.9676666552
0.9634422276
0.9628068057
0.9733879556
0.9852637555
0.9942019484
1.0000553553
1.0035262108
1.0028157879
0.9991088694
0.9975042455
0.9972392060
0.9965410358
0.9965026997
0.9976196793
0.9982394498
0.9992720995
0.9988039861
0.9957286748
0.9960640587
0.9968104164
0.9946918008
0.9962150499
0.9978767688
0.9990372498
0.9993526608
0.9951379242
0.9935680636
0.9961221692
0.9969042441
0.9966626958
0.9960566654
0.9959100322
0.9960677393
0.9963370456
0.9931103600
0.9942098661
0.9948319824
0.9958626539
0.9959845176
0.9953404061
0.9933990580
0.9941182396
0.9974868954
0.9992761005
0.9981067210
0.9957400897
0.9935197461
0.9910800996
0.9890150710
0.9889855278
0.9903412604
0.9905469731
0.9901905491
0.9960499557
0.9951574148
0.9944108295
0.9968368301
0.9953403477
0.9980411715
0.9978606426
0.9955961509
0.9977172962
0.9956037115
0.9970729522
1.0020927908
1.0011270097
0.9962021683
0.9932684380
0.9915400311
0.9894582507
0.9891493160
0.9937354999
0.9970200361
0.9934712823
0.9938296815
0.9997202404
0.9998411733
1.0008475291
1.0016763522
1.0001922040
0.9999270052
1.0005010004
0.9995637257
0.9984928012
0.9963993180
0.9941998799
0.9892820277
0.9737094489
0.9479832620
0.9204115988
0.8984951779
0.8949606322
0.9112880632
0.9366424120
0.9664224449
0.9811924689
0.9880008833
0.9931171796
0.9955128148
0.9949354112
0.9946166712
0.9969207691
0.9971581459
0.9947584647
0.9883493762
0.9807447811
0.9783797380
0.9791403641
0.9788977735
0.9805954076
0.9825855383
0.9789195434
0.9742203630
0.9739156247
0.9786634935
0.9831376017
0.9888956802
0.9901325119
0.9931211550
0.9942186869
0.9950881187
0.9983362498
0.9994889839
0.9970344894
0.9946201175
0.9939978896
0.9919486240
0.9860919928
0.9796656210
0.9759733880
0.9739100199
0.9733188626
0.9752082476
0.9806104905
0.9832321574
0.9875882797
0.9879602274
0.9856858713
0.9860554055
0.9875902208
0.9902199114
0.9952735160
0.9988449836
0.9961204293
0.9869956806
0.9745705937
0.9614159269
0.9483308682
0.9423549348
0.9497702663
0.9636575729
0.9783515895
0.9908387704
0.9961640558
0.9970218876
0.9988484224
0.9982075839
0.9956353343
0.9935609056
0.9928543604
0.9875784700
0.9802276479
0.9592840902
0.9183637731
0.8644020332
0.8208902219
0.8045266280
0.8197933892
0.8632753228
0.9165696160
0.9546958830
0.9693802251
0.9671449153
0.9581706157
0.9541976045
0.9557268714
0.9679085379
0.9778987783
0.9804386195
0.9863690716
0.9927653753
0.9950764854
0.9957515314
0.9971629884
0.9982742773
0.9983871391
0.9979488412
0.9979379963
0.9993202398
0.9986562911
0.9945510931
0.9958937554
0.9978867780
0.9934856832
0.9949676613
0.9918552874
0.9901489017
0.9963128461
1.0017136521
1.0010333502
0.9998442538
0.9968372636
0.9963561583
0.9940013642
0.9929932462
0.9950495228
0.9962063859
0.9950249528
0.9945856214
0.9961328633
0.9973240733
0.9973884355
0.9962223831
0.9919952027
0.9939632947
0.9896114253
0.9844064493
0.9820311514
0.9853879138
0.9880297141
0.9911896865
0.9902735132
0.9910589667
0.9947783987
0.9991709924
1.0016546506
1.0020885408
1.0014956121
1.0000681662
0.9992204367
1.0002685973
1.0006960793
1.0003412716
0.9990624030
0.9954069416
0.9903725551
0.9796149293
0.9699400489
0.9686224644
0.9701632582
0.9743465569
0.9752151053
0.9740173724
0.9734561534
0.9703062304
0.9701901433
0.9759263801
0.9833885896
0.9912728655
0.9982322676
1.0008363270
1.0017122414
1.0018707827
0.9996961145
0.9990533075
0.9988101429
0.9973173117
0.9980434991
1.0001230009
1.0006343979
1.0033418488
1.0003794680
0.9992792541
0.9988642195
0.9993063851
1.0010475299
1.0027567169
1.0020207424
1.0002994992
0.9997301825
0.9984622783
0.9985865037
0.9998079840
1.0000357283
0.9967209334
0.9965299294
1.0014081480
0.9984816949
0.9956596201
0.9954866576
0.9965347708
0.9977056088
0.9992641460
1.0000072380
1.0000663176
0.9969336239
0.9949972857
0.9981962439
1.0004894917
0.9987729510
0.9983519770
0.9988387566
0.9978183279
0.9967307680
0.9946199659
0.9905445417
0.9866884163
0.9879542898
0.9912269319
0.9920509484
0.9917507141
0.9900334890
0.9917434431
0.9954127505
0.9948206930
0.9923602729
0.9924960347
0.9917839364
0.9871252452
0.9836493941
0.9851650174
0.9883692680
0.9924858968
0.9967151420
0.9983937622
0.9979948669
0.9948164159
0.9931361153
0.9945347814
0.9956469204
0.9929224130
0.9924420077
0.9962728973
0.9985378394
1.0006158327
1.0015708710
1.0013308638
1.0014808706
1.0025948049
1.0041416184
1.0038646462
1.0014644258
0.9997644472
1.0017426089
1.0018578479
0.9974241283
1.0012176944
0.9951286191
0.9923632384
0.9922167599
0.9931709321
0.9925449059
0.9921031888
0.9958437791
1.0010530166
1.0021396922
1.0016781338
1.0022085562
1.0016783322
1.0011088959
1.0032785565
1.0064539527
1.0068336224
1.0061671264
1.0039855954
1.0042845976
1.0006592636
1.0004628851
1.0021724058
1.0028213829
1.0018144318
0.9999869294
0.9998088305
0.9992747567
0.9956144918
0.9929569338
0.9932427994
0.9941889222
0.9953002504
0.9962947471
0.9966295376
0.9985753271
1.0001337532
1.0007759761
1.0024626487
1.0022681941
1.0010897887
1.0030142942
1.0007207062
0.9992383500
0.9998010970
0.9977112988
0.9999878399
1.0024172942
1.0011641205
0.9989277124
0.9979628157
0.9974493145
0.9952221762
0.9940266050
0.9961719570
0.9953087251
0.9981303386
0.9982692818
0.9987050418
1.0022928483
1.0011890966
1.0007685801
1.0023124129
1.0034087799
1.0011640197
1.0009636569
0.9971062018
0.9976664603
0.9992420065
1.0006650888
1.0032053883
1.0026272880
0.9985546966
0.9964864418
0.9951472251
0.9912216035
0.9903582749
0.9909403230
0.9938929161
0.9963780081
0.9967022708
0.9960052508
0.9985559003
0.9924742497
0.9944379846
0.9958792524
0.9987292562
1.0018947164
0.9984929136
0.9938875223
0.9915315587
0.9867637220
0.9783958433
0.9681118684
0.9580881592
0.9562779626
0.9638692164
0.9742436675
0.9860876754
0.9939670161
1.0002662110
1.0033551996
1.0029018597
1.0022363862
1.0043204281
1.0051174565
1.0066343112
1.0043137787
1.0012443656
1.0005741561
0.9996332821
0.9991807083
0.9995730512
0.9985377123
0.9973140158
0.9953836832
0.9963038616
0.9972742814
0.9979847984
0.9991131498
1.0005977563
1.0025512287
0.9988604294
1.0026254578
1.0057849223
1.0035293736
1.0048000494
1.0044774593
1.0027955437
1.0021915316
1.0014625294
0.9995461110
0.9951738591
0.9868010362
0.9738508188
0.9542472956
0.9334450520
0.9254662349
0.9304862644
0.9418290694
0.9644018646
0.9843102088
0.9979235389
0.9998629140
0.9980136248
0.9986431790
1.0017132681
1.0026689894
1.0017082928
1.0011058685
1.0007430966
1.0005989376
1.0015291003
1.0026539489
1.0032136058
1.0041381661
1.0030894350
0.9994519465
0.9997435835
0.9980739892
0.9927351703
0.9907831784
0.9920825626
0.9967451544
1.0014582043
1.0010024721
1.0021000610
1.0051151133
1.0042110516
1.0025151416
1.0024548671
0.9997665410
0.9980807463
1.0007888644
0.9988602073
0.9933009870
0.9882407820
0.9820802028
0.9777727029
0.9825697108
0.9880280477
0.9947133152
1.0017868361
0.9996385743
0.9990936722
0.9990654098
0.9988799765
1.0004493688
1.0008331068
1.0022984616
1.0027774788
1.0003161020
0.9973120673
0.9952153132
0.9948819285
0.9954744986
0.9965258816
0.9940605606
0.9941183657
0.9953019162
0.9959753910
0.9958913163
0.9939011771
0.9909363140
0.9942712544
0.9989053055
0.9921570847
0.9890735711
0.9888978205
0.9856671174
0.9832534138
0.9855524116
0.9884394196
0.9883657860
0.9884281296
0.9891076374
0.9868719510
0.9819916200
0.9755463868
0.9734654800
0.9791719851
0.9859536916
0.9881084324
0.9906195298
0.9944370467
0.9955231301
0.9963385874
0.9959862248
0.9902123709
0.9855658359
0.9843112908
0.9797948532
0.9646285820
0.9409160982
0.9211987099
0.9104934314
0.9054023284
0.8951609524
0.8719733381
0.8345383487
0.8047323569
0.8066368627
0.8314066243
0.8685322098
0.8924307993
0.8980041196
0.8928676019
0.8916211171
0.9067202199
0.9306713092
0.9521125862
0.9679177516
0.9796313697
0.9871461774
0.9887251613
0.9880425755
0.9880146832
0.9895617420
0.9897314495
0.9888980049
0.9763116710
0.9579515073
0.9393772303
0.9270903303
0.9295054472
0.9420665862
0.9627243922
0.9801163887
0.9879612330
0.9875701647
0.9831009829
0.9770496198
0.9733032292
0.9743657175
0.9772665456
0.9831326737
0.9916440596
0.9961835878
0.9971911870
0.9987828001
0.9992735139
0.9959062843
0.9943184163
0.9940827914
0.9968555722
0.9982173420
1.0008324093
1.0022288362
1.0042912406
1.0045829899
1.0039993021
1.0037602707
1.0023264662
1.0027557103
1.0047417559
1.0018378607
1.0017824276
1.0000192989
1.0011714417
1.0066480909
1.0055260659
0.9994587145
1.0002900613
1.0027796275
1.0031773761
1.0027929499
1.0037295985
1.0027593937
1.0004803142
0.9992500575
0.9974924783
0.9966853155
0.9987418201
0.9992516378
0.9979737746
1.0003903646
1.0013504057
1.0004012421
1.0016348751
1.0027943312
1.0009159571
1.0055010887
1.0050494447
1.0003938525
1.0007147036
1.0011408299
1.0045594787
1.0030393582
1.0013966118
1.0031272505
1.0043063246
1.0051515829
1.0040577738
0.9993246524
0.9963257808
0.9923817225
0.9867043447
0.9749045096
0.9543100292
0.9381005923
0.9243691903
0.9190471059
0.9301879311
0.9488159406
0.9645870215
0.9744009628
0.9861293810
0.9964935586
1.0002493314
1.0008484650
0.9996220483
0.9988528513
1.0002460479
0.9999434460
0.9992631992
1.0024829484
1.0042134688
1.0043575658
1.0054370828
1.0027753080
1.0047758707
1.0070017456
1.0108136500
1.0101741878
1.0087308726
1.0060800991
1.0080780359
1.0052479251
1.0035817439
1.0061969529
1.0055774645
1.0031398325
1.0040141010
1.0060964445
1.0073833434
1.0045881136
0.9998761213
1.0034080868
1.0044866499
1.0034541566
1.0019116298
0.9975698870
0.9944763968
0.9976563699
0.9993116403
1.0012360459
0.9994691973
0.9977933376
0.9974943078
0.9949717703
0.9951971459
0.9984113731
0.9986273995
0.9983269882
0.9986343981
0.9965929090
1.0010627429
1.0015125292
0.9991708522
0.9898082961
0.9862756960
0.9641875583
0.9090771958
0.8369395421
0.7734535231
0.7422683125
0.7546449916
0.8098907643
0.8819237003
0.9393458362
0.9717997450
0.9868538063
0.9943859030
0.9974259923
0.9963714147
0.9952068122
0.9919385469
0.9950734319
0.9947204118
0.9982166163
0.9968552260
0.9994700273
1.0052026423
1.0042579096
0.9995115733
0.9984082080
0.9975236107
0.9972319859
0.9943960157
0.9907628168
0.9878505236
0.9867074248
0.9890927174
0.9922963752
0.9927060412
0.9929043386
0.9967532014
1.0046220650
1.0070682637
1.0045182220
1.0079334483
1.0020803873
1.0035505046
1.0035985716
1.0020195101
1.0006631759
1.0020742118
1.0049206780
1.0030545160
1.0028023217
1.0056208286
1.0066719921
1.0051644335
1.0026035893
1.0009705201
1.0000665005
0.9965994191
0.9921210793
0.9870945373
0.9807827816
0.9752479977
0.9760423782
0.9810782822
0.9906494630
0.9992253646
1.0036382358
1.0045421500
1.0038399511
1.0037223463
1.0048705801
1.0066277573
1.0060144405
1.0028577736
1.0005580293
0.9987189374
0.9976576824
1.0001973706
0.9948031407
0.9873246513
0.9817478768
0.9804909007
0.9886477132
0.9906714828
0.9966978884
1.0013285935
1.0038853343
1.0032580310
1.0076843122
1.0091408921
1.0076734906
1.0042316375
1.0016396818
1.0022044302
1.0036692232
1.0064548960
1.0070623477
1.0063693648
1.0063869627
1.0051307154
1.0033831685
1.0048877790
1.0038953794
1.0047224307
1.0062736702
1.0084170693
1.0111033020
1.0094559349
1.0057617326
1.0066294667
1.0060843211
1.0063207213
1.0085212892
1.0068718093
1.0043604376
1.0048223289
1.0045519175
1.0055367808
1.0066564983
1.0071233053
1.0041105657
1.0005620285
1.0061866391
1.0059033469
1.0074050852
1.0082307409
1.0079797821
1.0078999219
1.0028662652
0.9994704766
0.9999580086
0.9989365718
1.0003617227
1.0043022243
1.0034950212
1.0023260402
1.0030654695
1.0043486944
1.0066106514
1.0074248598
1.0077650138
1.0081101111
1.0042703897
1.0001739686
1.0054307755
1.0058381590
1.0044595569
1.0019300595
0.9980300527
0.9965483511
0.9974913360
0.9974577283
0.9972127997
1.0005245613
1.0042064777
1.0045291428
1.0070593701
1.0062717285
1.0045259104
1.0083795375
1.0046689361
1.0000757130
1.0044753806
1.0012704681
1.0042127215
1.0034776090
1.0050316487
1.0031405705
1.0020939468
1.0024378755
1.0031124915
1.0017919824
0.9995307811
0.9954265574
0.9866851152
0.9786318021
0.9755625132
0.9774169615
0.9820504423
0.9871650524
0.9943081137
0.9982296192
1.0025740223
1.0011904145
1.0030145004
0.9996801589
1.0003674921
1.0036754335
1.0035368636
0.9989741001
0.9982843803
0.9999240644
0.9989625581
0.9990515952
1.0022419698
1.0042365314
1.0028987085
0.9993158745
0.9992257026
1.0046185297
1.0021349286
1.0007487355
1.0003763650
0.9991427258
0.9984416376
1.0046670646
1.0154948166
1.0142979843
1.0089954229
1.0057907204
1.0040850827
1.0059046135
1.0048001938
1.0025897995
1.0056529512
1.0050320706
1.0041048233
1.0011466007
1.0015484817
0.9997226104
1.0003902662
0.9993804284
1.0025531803
1.0049077718
1.0023352110
1.0040532848
1.0035561070
1.0027171763
1.0007251188
1.0008868174
1.0040860001
1.0046304000
1.0028499237
1.0038858947
1.0052192155
1.0025382337
0.9997217348
1.0001081017
1.0011858438
0.9982853084
0.9970864314
0.9996607905
1.0016864558
1.0011719833
1.0025319727
1.0040706861
1.0046555278
1.0041789765
1.0042161000
1.0047113164
1.0034819449
1.0023942562
1.0028003568
1.0031608981
1.0033864776
1.0039395298
1.0037022845
1.0020594948
1.0027402632
1.0032632499
1.0030966620
1.0072222911
1.0043618856
1.0012024596
1.0028075919
1.0041142377
1.0000102836
0.9981733296
1.0007220117
1.0015815098
1.0016205782
1.0011610356
1.0000598409
0.9995177780
0.9978117878
0.9950797879
0.9945568525
0.9936444792
0.9921825722
0.9952785535
1.0005544597
1.0061018919
1.0003849765
1.0009908984
0.9985228265
0.9972181471
0.9978339432
1.0033854072
1.0053220388
1.0039559187
1.0033876475
1.0037325833
1.0021998267
0.9957805432
0.9862033024
0.9770210737
0.9673484970
0.9634968145
0.9655713901
0.9702520641
0.9776304365
0.9782614486
0.9801365211
0.9879779027
0.9971123824
0.9992783225
1.0020415778
1.0017885737
1.0013588059
1.0013817398
1.0015156981
1.0023159303
1.0042784657
1.0032436678
0.9998219648
1.0013641647
1.0022107011
1.0003611745
0.9988708106
0.9979316982
0.9967427032
0.9974566219
0.9965005800
0.9953873056
0.9974193813
0.9935774952
0.9904571234
0.9864769697
0.9834693904
0.9741595612
0.9514870944
0.9196148782
0.8847830623
0.8434889221
0.7955161988
0.7595290325
0.7521907591
0.7709114285
0.8220263194
0.8926857666
0.9486270167
0.9777509650
0.9893126227
0.9943833848
0.9942123236
0.9969232873
0.9950777605
0.9952986407
0.9994574812
1.0003677166
0.9975255892
0.9960416736
0.9989108300
1.0018466450
1.0006743538
0.9988087985
0.9971417692
0.9955262631
0.9961083325
0.9983945120
0.9975297359
0.9965910761
0.9937685141
0.9884561143
0.9785818295
0.9766012507
0.9789566627
0.9802955271
0.9798746973
0.9839175041
0.9885425025
0.9885755324
0.9890918526
0.9927752564
0.9957936477
0.9966861936
0.9941929822
0.9932418167
0.9949763756
0.9947366582
0.9965340200
0.9991793703
0.9987966439
0.9991591371
0.9988196436
0.9899107366
0.9863608853
0.9857684579
0.9845276679
0.9867344065
0.9896610806
0.9918435250
0.9934035595
0.9951405047
0.9973105401
0.9963751018
0.9945757880
0.9948331180
0.9948045480
0.9932395393
0.9899979587
0.9851871671
0.9789776227
0.9789708484
0.9802798213
0.9761408666
0.9714969924
0.9708114144
0.9735375712
0.9768152446
0.9846668631
0.9939771175
0.9974714283
0.9969224625
0.9959709845
0.9926014236
0.9881486960
0.9861334173
0.9852920941
0.9837803099
0.9840607018
0.9887208770
0.9885931017
0.9906277822
0.9891835234
0.9909039064
0.9913311103
0.9915439502
0.9914009032
0.9933110403
0.9916304445
0.9901927754
0.9892143373
0.9864773813
0.9860501079
0.9859728489
0.9878055439
0.9938946439
1.0010353452
1.0017570090
0.9991632190
1.0049361587
1.0002040541
1.0013834157
1.0010996618
1.0034038709
1.0051760000
1.0028867907
1.0033142336
1.0004900135
0.9969987567
0.9983950627
0.9987449429
0.9962647857
0.9973632336
1.0013584125
1.0047293880
1.0031423670
0.9997009270
0.9999844642
1.0021808553
1.0024289197
0.9954341797
0.9922924914
0.9978299062
0.9986187271
0.9970521555
0.9988101671
0.9999105919
0.9990403480
0.9998486760
0.9981555481
0.9936824084
0.9907752535
0.9889955099
0.9871961530
0.9854490141
0.9885680390
0.9882020043
0.9895586407
0.9972149905
0.9939388831
0.9918376643
0.9910991032
0.9954523104
0.9940394061
0.9945418764
0.9930817127
0.9914009521
0.9912103362
0.9912970349
0.9907176314
0.9914681818
0.9962687377
1.0005983384
0.9996859159
1.0003377701
1.0015336724
1.0041035270
0.9980588777
0.9948092246
0.9979397541
0.9976684682
1.0013255275
0.9978659529
0.9967576137
0.9980722675
1.0003891512
0.9982391438
0.9969474949
0.9959342781
0.9971997645
0.9991142597
0.9992920735
0.9995455695
0.9980918817
0.9977960187
0.9973198299
0.9950172577
0.9985806157
1.0000150067
1.0007641108
1.0014397128
1.0005760301
0.9958527280
0.9954271251
0.9984014694
1.0016517272
1.0011903053
0.9996068581
