#flux
1.0019034183
1.0045065110
0.9866928924
0.9818759259
0.9912010066
0.9930012364
0.9819666130
0.9707716576
0.9664163375
0.9749186442
0.9926005679
0.9939464880
0.9894514947
1.0107087471
1.0298832419
1.0076140371
0.9699844333
0.9616346579
0.9757275364
0.9897546413
0.9785443272
0.9647747994
0.9699504462
0.9730368995
0.9611147889
0.9519133319
0.9398146197
0.9397810219
0.9415816550
0.9384081186
0.9511245355
0.9574829064
0.9670113192
0.9829876903
0.9910692554
0.9884481531
0.9936023379
1.0117236248
1.0110238227
0.9771727948
0.9266184047
0.9169863464
0.9201678030
0.9171335842
0.9377687678
0.9565285567
0.9727010570
0.9577532604
0.9199615393
0.8886296263
0.8566109249
0.8358658044
0.8301010086
0.8537569379
0.9033088528
0.9234518896
0.9427232526
0.9458612866
0.9614140818
0.9810531448
0.9886349810
0.9885060449
0.9950131316
0.9970198197
0.9759507314
0.9774579085
0.9524828399
0.9100166572
0.8939312246
0.8897170119
0.8818698039
0.8729880746
0.8622597371
0.8798823443
0.9412364317
0.9552464619
0.9469782940
0.9543160210
0.9258388293
0.9478115839
0.9689535570
0.9608668643
0.9545390266
0.9679329397
0.9702073037
0.9680613168
0.9478658865
0.9123006309
0.8873158161
0.8807147874
0.8738901308
0.8489330001
0.8170800967
0.8133607558
0.8482153824
0.8823293564
0.9173804969
0.8769844771
0.8817935241
0.8747569142
0.8580076920
0.8336306433
0.8346120604
0.8777781289
0.8938807496
0.9023195740
0.9264747643
0.9581551497
0.9596610230
0.9326175966
0.9332438756
0.9678527766
0.9708532657
0.9293740082
0.8995507347
0.8751870635
0.8955119243
0.8960779935
0.9192200586
0.9361771887
0.9381621578
0.9463645373
0.9429069134
0.9227564527
0.9260645893
0.9286508017
0.9330922429
0.9443202159
0.9700892359
0.9816053911
0.9616547615
0.9523083228
0.9684526477
0.9787758338
0.9620324432
0.9396695018
0.9356562972
0.9515173909
0.9445043159
0.9392986599
0.9193110320
0.9052670247
0.9303407123
0.9526645184
0.9253599565
0.9125470316
0.9104840719
0.9101483093
0.9036460688
0.8999351403
0.9137755922
0.9289552529
0.9251630016
0.9075310044
0.8938621697
0.8866912809
0.8776912171
0.8959970637
0.8584509470
0.9091959687
0.8863887060
0.8614606391
0.8730248857
0.8955267331
0.9044515819
0.8989256497
0.8939673708
0.8889802689
0.8987393826
0.8917314784
0.8548022164
0.8394755867
0.8553054302
0.8615528814
0.8416809719
0.8104914865
0.7911694855
0.8023175898
0.8154170611
0.8215960071
0.8598068691
0.8667088195
0.8690368239
0.8547459238
0.8558555487
0.8726077728
0.8716752851
0.8699377288
0.8456054651
0.8098953869
0.8044751322
0.8348021278
0.8624684546
0.8509095095
0.8443348578
0.8396204193
0.8087963547
0.7761402490
0.7699290574
0.7462432873
0.6968718277
0.6106335345
0.5868465404
0.5534162702
0.4595466106
0.3713213077
0.3267624867
0.3050601076
0.2894463425
0.2628488364
0.2151571620
0.1748393166
0.1735031905
0.1898213729
0.1893616504
0.1859101735
0.1916089372
0.2072972521
0.2229980825
0.2293350545
0.2636211948
0.3691338072
0.4412415294
0.4821851180
0.5186635508
0.5670172512
0.6294504557
0.7014466369
0.7531882758
0.7681012060
0.7803643529
0.8109066552
0.8257226020
0.8093266288
0.7954216771
0.7989714975
0.8188009519
0.8453081128
0.8491344723
0.8539634668
0.8692191116
0.8789704421
0.8920996097
0.8895540347
0.8836109508
0.8799421475
0.8944092945
0.8998490382
0.8924790893
0.8837407501
0.8731274061
0.8689804162
0.8813283313
0.8868995037
0.8823531148
0.9038473458
0.8804079627
0.9000179318
0.8826162527
0.8839486707
0.8913746897
0.8957791584
0.9137687529
0.9442898607
0.9543667109
0.9273795041
0.9215486091
0.9417542042
0.9593693414
0.9545446879
0.9560159831
0.9802577716
0.9902248624
0.9750307188
0.9700432257
0.9644055940
0.9290410263
0.9163808808
0.9330464425
0.9261995809
0.8973412668
0.8999267162
0.9518039539
0.9539964732
0.9501163835
0.9531039852
0.9447617053
0.9351739753
0.9300998203
0.9429419372
0.9548275719
0.9491121279
0.9461619341
0.9490594591
0.9403303449
0.9331805933
0.9348036624
0.9530597621
0.9749156425
0.9766893640
0.9748251993
0.9765541903
0.9264597000
0.9017122196
0.9148454672
0.9388853468
0.9666142856
0.9637845522
0.9722408520
1.0027772508
0.9941737894
0.9492062539
0.9444703685
0.9725984021
0.9741429618
0.9599643970
0.9031213853
0.8887775474
0.8806581928
0.8297271931
0.7451887922
0.7244436507
0.7880154042
0.8651357549
0.9157391661
0.9239178757
0.9669507476
0.9595241260
0.9303584388
0.9337729073
0.9278451952
0.9236747395
0.9452720513
0.9551595595
0.9571737409
0.9714818018
0.9839600062
1.0026288726
1.0072293208
1.0061188730
0.9635259240
0.9367975312
0.9116358084
0.9288674156
0.9590515911
0.9752883758
0.9745777215
0.9598720732
0.9504187630
0.9652533338
0.9617892452
0.9453188830
0.9343219691
0.9270463804
0.9504229297
0.9818953368
0.9773750248
0.9906317461
1.0097089523
0.9862787238
0.9770482689
1.0206333183
0.9865714815
0.9869663688
0.9751553777
0.9881171215
0.9806136424
0.9613811806
0.9659073107
0.9613269542
0.9422825640
0.9433605449
0.9709308986
0.9997421646
1.0028781064
0.9822587868
0.9801171613
0.9793168277
0.9145217885
0.8580367096
0.8297387100
0.8260576310
0.8476166671
0.8645660718
0.9106855327
0.9730961296
0.9747723836
0.9601277412
1.0025494238
1.0124853014
1.0020774231
1.0114956949
1.0179942610
1.0032675570
0.9725668677
0.9523309232
0.9749987792
1.0012076014
0.9894396159
0.9667769539
0.9608680797
0.9499657886
0.8942765103
0.8467100459
0.8366866805
0.8450876849
0.9169339408
0.9601666188
0.9698256940
0.9738242415
0.9519645252
0.9163491903
0.9238448626
0.9424108010
0.8981335384
0.8302769270
0.7956100981
0.7711072370
0.7726506902
0.8195270990
0.8890098844
0.9161649146
0.9182713165
0.9678076331
0.9980852842
0.9695992002
0.9783665803
1.0041492313
0.9771522059
0.9861694608
1.0031256725
0.9982634716
0.9879141625
0.9715012425
0.9560869065
0.9607070263
0.9790479648
0.9902442522
0.9779859494
0.9758251234
1.0043733088
0.9625344034
0.9508807538
0.9709514759
0.9507828385
0.9382324572
0.9097381836
0.9311908877
0.9581796103
0.9687470937
0.9857341004
0.9948989751
0.9856141518
0.9943486675
1.0148195634
1.0055915641
0.9873860009
0.9841790515
1.0077793345
1.0001450144
1.0093656261
0.9854735100
0.9940257047
1.0082619166
0.9876663567
0.9813944027
1.0037515207
1.0183234567
1.0315601481
1.0271679372
0.9850208661
0.9920580536
1.0312633853
1.0218726191
0.9952242505
1.0004426695
1.0019346830
0.9909116971
1.0098234617
1.0207837032
0.9918998994
0.9707044461
0.9883404373
1.0071778461
0.9844426603
0.9715830368
0.9692323256
0.9553691372
0.9669433589
0.9889436350
0.9865311813
0.9779779118
0.9853354058
1.0019962189
1.0113350369
1.0068853634
1.0005669425
0.9978354357
0.9790827124
0.9607711512
0.9688640547
0.9652432134
0.9554293565
0.9557078103
0.9822166797
0.9516138645
0.9337524053
0.9679094491
1.0072799073
1.0326492644
1.0499338805
1.0398449544
1.0131622562
1.0038831644
0.9980136076
0.9809608019
0.9592364034
0.9174762085
0.9001407277
0.8988390048
0.8764274171
0.9047566905
0.9440439021
0.9246441596
0.9297585648
0.9784425713
1.0018166349
1.0222394376
1.0081877486
0.9879525145
1.0109807551
1.0312806945
1.0216818612
1.0138098075
1.0139724054
0.9979507499
0.9809784838
0.9881957008
0.9918405260
0.9980907375
0.9995080263
0.9753581643
0.9822133396
1.0137821848
1.0057040019
0.9900452464
1.0050050135
1.0012117537
1.0105215315
1.0120354441
0.9880564385
1.0144370917
1.0430887892
1.0260940425
1.0060380253
0.9986887338
0.9782035606
0.9518242799
0.9355560231
0.9292560682
0.9587258896
0.9748036867
0.9484902265
0.9482495528
0.9494637029
1.0113022448
0.9976182270
1.0214239561
1.0438688726
1.0166066473
0.9841488727
0.9995442642
1.0280211674
1.0087193816
0.9725719241
0.9646945459
0.9635093414
0.9697101429
0.9941171044
0.9852713046
0.9921012597
0.9755925461
0.9752855837
0.9881865899
1.0037030800
0.9914957247
1.0015719252
1.0154610555
1.0039853955
1.0005173843
1.0074205492
1.0029432518
0.9915906246
0.9908214035
0.9916977562
0.9845196862
0.9992718267
1.0399101498
1.0475973777
1.0249389319
1.0071440363
0.9959268870
0.9481901461
0.8712327502
0.8462518199
0.8538217283
0.8514023465
0.8915370669
0.9462217366
0.9734966358
0.9709879811
0.9859355148
0.9820262613
0.9859708702
0.9913171848
0.9797921419
0.9771083292
0.9741513941
0.9636178861
0.9684685298
0.9792492704
0.9840269460
0.9948555570
1.0011195684
0.9961395583
1.0084860219
0.9923794263
0.9712959791
0.9800169520
1.0026766299
1.0134556831
1.0015377929
1.0049325967
1.0108556346
1.0086767476
0.9957485451
0.9788595727
0.9892350482
1.0158538581
1.0217361268
1.0277429024
1.0377893589
1.0149001821
1.0131866356
1.0028786955
0.9764035412
0.9771034318
0.9848624708
0.9880097944
0.9821756641
1.0172332677
1.0245852785
1.0077190436
1.0074552565
1.0099124050
1.0031657173
0.9989883262
0.9911045549
0.9710763403
0.9572782178
0.9787219470
1.0271715226
1.0387038610
1.0077739524
0.9447590383
0.9773070231
1.0352964624
1.0111865968
0.9717750834
0.9774096205
0.9949357890
0.9934369809
0.9815577115
0.9923903714
1.0128781069
1.0013805924
0.9645314624
0.9536620192
0.9842773168
1.0129724174
1.0111520316
0.9951755814
0.9681937235
0.9984192715
1.0075602244
1.0168616446
0.9891294803
0.9516599761
0.9522070152
0.9456209350
0.9629378448
0.9797155806
0.9881757045
0.9877335487
0.9816168696
0.9838879985
0.9888127809
0.9829106316
0.9855778137
1.0012153433
0.9924354803
0.9899291113
1.0081274701
1.0132549795
1.0238704460
0.9943338024
0.9373776787
0.9115306199
0.8961979894
0.8772943174
0.9007023028
0.9107145106
0.8646607491
0.7792414032
0.6973365580
0.6556684898
0.6676669380
0.7248275262
0.8081321473
0.8917745064
0.9508198433
0.9740964826
0.9638717088
0.9978504892
0.9906092515
0.9959465251
0.9814343898
0.9994020708
0.9412162856
0.8570932739
0.7786510007
0.7108298633
0.7262520068
0.7848145316
0.8497853308
0.9124873606
0.9615213817
0.9893231214
0.9909114722
0.9858300440
1.0076050091
1.0177561450
1.0027529203
0.9777595834
0.9775821545
1.0269073110
1.0311030557
0.9989049812
0.9791658932
1.0006022908
1.0132960569
1.0096489237
1.0073587907
1.0209863947
0.9942855201
0.9670834312
0.9840511106
1.0008334308
1.0039980614
1.0222184799
1.0268678646
0.9991441340
0.9904791297
0.9974786760
0.9724608866
0.9969356256
0.9785190155
0.9593670977
0.9554875865
0.9697911236
0.9985546547
0.9859090376
0.9770864439
1.0064436866
1.0181277233
1.0001084645
0.9762425588
0.9699196458
0.9966944593
1.0329316864
1.0391968434
1.0164111460
1.0082575549
1.0130262999
0.9858249677
0.9751055107
1.0090419790
1.0181351091
0.9946087712
0.9739236187
0.9710375733
0.9523418759
0.9185555993
0.8999652210
0.9032516946
0.9183821762
0.9515039576
0.9921669822
1.0044583444
0.9808079122
0.9658227327
0.9948698633
1.0177817338
1.0229180233
1.0335935966
1.0056754336
0.9671923535
0.9872771894
0.9676613983
0.9131469361
0.9072588202
0.9188320369
0.9260304252
0.9268689745
0.9444946047
0.9522175695
0.9426664775
0.9342714751
0.9106579602
0.8896845767
0.9196886728
0.9493850599
0.9581846780
0.9665987815
0.9854913531
0.9830177411
1.0089961080
1.0245107186
0.9977604963
1.0004793348
1.0172860049
1.0077971839
0.9968407994
0.9988873124
1.0013910070
0.9813264131
0.9787845592
1.0183020834
1.0396604240
1.0184622621
1.0177231339
1.0388985457
1.0191505062
0.9863836839
0.9830729045
0.9841965692
1.0228215570
1.0198192682
0.9876352411
1.0014723687
1.0056990989
1.0033400585
1.0030987833
1.0284371836
1.0332056892
1.0170706497
1.0113154266
1.0117148169
1.0082164127
1.0036401760
1.0000518261
1.0047101605
1.0048582639
0.9941212075
0.9916979929
1.0123703537
1.0345330211
0.9566334954
0.9613300798
1.0046516374
1.0131648998
1.0490924202
1.0490780244
1.0319885557
1.0182214703
1.0138848752
0.9974672141
0.9639531767
0.9745262839
1.0278116551
1.0483090335
1.0534377971
1.0639800346
1.0445589375
1.0243146432
1.0026319058
0.9775005388
0.9971833406
0.9937755710
0.9483991036
0.9393298467
0.9528738010
0.9689473465
0.9768250810
0.9501151410
0.9431213586
0.9452960657
0.9585817584
0.9834627998
0.9847967239
0.9749638002
0.9778096937
0.9809724171
1.0291515273
1.0596448572
1.0354054195
0.9996661078
0.9535779394
0.9332204759
0.8835387457
0.8510021204
0.8770260874
0.9198744322
0.9638701994
1.0021363296
1.0103245231
1.0107641522
1.0344928252
1.0581854574
1.0543460178
1.0341653491
1.0153182589
1.0128837190
1.0212941101
1.0015966476
0.9894445549
0.9489031018
0.9771370675
0.9589354074
0.9551196315
0.9563214393
0.9458813122
0.9731851167
1.0034539422
0.9993109766
0.9949674465
0.9985809616
0.9945932516
0.9983399804
1.0071508917
1.0027380424
0.9974420863
0.9919838176
0.9815088199
0.9704216816
0.9593612800
0.9577312045
0.9684687722
0.9643613107
0.9553125180
0.9885429601
1.0040661550
0.9667716890
0.9525835501
0.9704630534
0.9812788385
0.9897244032
1.0028909566
1.0218504239
1.0266346002
1.0166325898
1.0130864819
0.9984912082
0.9815857904
0.9689769342
0.9471191333
0.9460168535
0.9112435425
0.9085491357
0.9275417816
0.9645402298
0.9953679030
0.9954352923
1.0071960369
0.9898740093
0.9700994896
0.9817630895
0.9934615712
0.9999047285
1.0216479889
1.0282049949
0.9952160365
0.9442159264
0.8620437567
0.7748071725
0.7370697996
0.7447221872
0.7964382022
0.8724116104
0.9333222315
0.9544852029
0.9469793787
0.9527036994
0.9516262061
0.9339976032
0.9413023627
0.9688194444
0.9888776419
0.9965936423
1.0011427068
0.9999611734
1.0012698353
1.0132585953
1.0101245165
1.0089049178
1.0112903808
1.0198921442
1.0267275809
1.0162253952
1.0078100364
1.0184498698
1.0042684345
0.9901564259
1.0142238473
1.0219595388
1.0058748772
1.0088735145
1.0286512479
1.0338925154
1.0202083381
1.0018771007
1.0052723273
1.0272810081
1.0252719938
1.0307206200
1.0298238092
1.0245849898
0.9904959735
0.9950538385
0.9757728763
0.9740772527
1.0047176364
1.0100212749
1.0029341759
0.9775743153
0.9695741039
0.9735567379
0.9735664145
0.9807702772
0.9884486004
0.9853947824
0.9845897178
0.9858947773
0.9807526513
0.9922234167
1.0087301782
1.0014751106
1.0090117673
1.0119417234
1.0335295884
1.0147481253
1.0150328477
1.0197397885
1.0035074383
0.9674209113
0.9706487892
0.9824230967
0.9836232880
0.9755388315
0.9773102852
0.9750351090
0.9495942307
0.9372982040
0.9470232162
0.9370839100
0.9426019839
0.9556164654
0.9472033161
1.0266513615
1.0097467840
1.0167198970
1.0126067205
1.0339841209
1.0146102405
0.9991751267
1.0070649290
0.9904789534
0.9894325581
0.9936466558
1.0023859648
1.0060259014
0.9888340326
0.9814346818
1.0022138448
1.0346733752
1.0451425605
0.9952608247
0.9902574311
0.9927650974
0.9695860666
0.9816026744
1.0056186950
0.9981689947
1.0072904094
1.0003879794
0.9970863252
1.0103761159
1.0293611958
1.0388713306
1.0287269296
1.0160987727
1.0194432261
1.0331846774
1.0355547774
1.0118505028
1.0006488419
1.0169374914
1.0161017898
0.9804712950
0.9619524777
0.9754997073
0.9713691074
0.9730535739
0.9738751933
0.9783512379
0.9844562684
1.0016006516
1.0032672169
0.9974846981
0.9991027837
0.9885383817
0.9767878217
0.9913696528
1.0059426119
1.0000830515
1.0058982088
1.0224069384
0.9814328258
0.9563427420
1.0048842975
0.9969149464
1.0091069929
1.0061058140
0.9929407846
0.9993767922
0.9927391822
0.9776181228
0.9749933018
0.9855557679
0.9985931605
0.9982720224
1.0110977748
1.0267892636
1.0054081691
0.9967108575
1.0104702047
1.0002211289
0.9834911593
0.9815288023
1.0036026871
1.0192116586
0.9944175875
1.0196078748
1.0258982218
1.0050143148
0.9901983000
1.0089871951
1.0098711912
0.9753268446
0.9768511571
1.0117510050
1.0233207120
1.0223201926
1.0297772411
1.0252899351
1.0195553826
1.0075570766
0.9804867035
1.0088377666
0.9987688849
1.0048647769
0.9914329012
0.9927498618
0.9885556552
1.0445232775
1.0614333429
1.0299016850
1.0080857166
0.9838983392
0.9753968838
0.9760253983
0.9950534057
1.0156359492
1.0045286256
0.9896547082
0.9796121722
0.9863044014
0.9865577893
0.9871244498
0.9677575589
0.9821435529
1.0162498248
1.0470288620
1.0264612331
1.0379262057
1.0407976119
1.0473959426
1.0122412746
0.9960441527
0.9975844556
1.0062450734
1.0171763614
1.0108174082
0.9966747295
0.9957108378
0.9942568483
0.9939718773
1.0109825912
1.0143039660
0.9966422447
0.9780007099
0.9754763494
1.0061435281
1.0146590054
1.0008056812
1.0084979704
1.0038669681
1.0090508150
1.0172057876
1.0102283386
0.9882480517
0.9840169249
0.9873530856
0.9957218842
1.0331738278
1.0479226363
1.0132952720
0.9706036640
0.9692980154
1.0078850606
1.0102889981
1.0018573770
1.0111226694
0.9866340684
0.9631374006
0.9810380013
0.9922631901
0.9774825955
0.9578517368
0.9474794360
0.9451999414
0.9645989426
1.0003597790
1.0211711936
1.0208963208
1.0113137308
0.9974062781
0.9984096506
0.9653715960
0.9288618231
0.9321870250
0.9133674706
0.9361041022
0.9579657859
0.9712595944
0.9974533216
1.0146759306
1.0281856862
1.0047346731
0.9959679910
0.9958402281
1.0002379732
0.9997611839
0.9899946501
0.9940652716
1.0036871816
1.0044641801
1.0043200061
0.9880745733
0.9887202000
0.9922542689
0.9705315134
0.9763849139
1.0170178156
0.9936966003
1.0037295362
1.0036348276
0.9922906526
1.0139220191
1.0034700027
0.9757737694
0.9802927746
0.9996163152
1.0067752334
1.0192222824
1.0312727647
1.0085166510
0.9902393162
0.9880941161
0.9458291722
0.9043814157
0.9081710089
0.8775741714
0.8739250672
0.8998932207
0.9204036053
0.9629546801
0.9714623027
0.9824024972
0.9870035709
0.9960697721
1.0147445307
1.0249550693
0.9974128121
0.9660491184
0.9794204646
0.9890493649
0.9826711844
0.9893963697
0.9869065213
1.0111761909
1.0158580747
1.0259340150
1.0037938195
0.9857552008
0.9724153740
0.9782205296
0.9793445272
0.9986904962
0.9980749117
0.9723759102
0.9635767403
0.9701982662
0.9811067592
0.9800269738
0.9634556072
0.9756843818
0.9995708763
0.9992107613
0.9944156202
0.9721192428
0.9474037064
0.9572105231
0.9606164374
0.9367996175
0.9225208003
0.9531471388
0.9832440297
0.9984304814
1.0261759974
1.0407413546
1.0325410971
1.0200879716
1.0093221622
0.9961811040
0.9908636724
1.0015619599
0.9997317301
0.9636345306
0.9500518050
0.9605727875
1.0034915127
1.0078276602
1.0182745487
0.9950626894
0.9801206576
0.9613893370
0.9701005018
0.9815418240
0.9748227404
0.9901888302
0.9908012366
0.9725900786
0.9586689322
0.9559100840
0.9727116672
0.9841598057
0.9642558615
0.9747387877
1.0065222673
0.9724888005
0.9668465695
0.9390370829
0.9322051557
0.9382414035
0.9506288693
0.9607080998
0.9832434633
1.0049726455
1.0174028009
1.0088795987
0.9884782799
0.9906200412
1.0026234576
1.0082949446
1.0085963784
0.9958265991
0.9771549717
0.9376309572
0.8831312529
0.8746491252
0.8800032654
0.8795807343
0.8335140519
0.7804240983
0.7662058900
0.7967698515
0.8184533113
0.8410860932
0.8767240194
0.8472301336
0.8232650744
0.8543120892
0.9038140111
0.9351379654
0.9485973504
0.9586449821
0.9632451639
0.9670630789
1.0028247264
1.0188728476
0.9915032780
0.9851084855
0.9947162757
1.0085541032
0.9701194762
0.9477684651
0.9134216410
0.8726822656
0.8808544336
0.9220287728
0.9567029017
0.9659748292
0.9665489257
0.9874486893
0.9903309034
0.9649485891
0.9615704443
0.9525667847
0.9851371957
0.9872547137
0.9723831588
0.9635229336
0.9599230178
0.9595487464
0.9859070177
0.9748556762
0.9745407797
0.9916627441
1.0100721038
0.9972100358
0.9774700095
0.9767626477
0.9817637899
0.9863399131
0.9925470038
0.9961983909
1.0030057633
1.0148180813
1.0247395992
1.0312746305
1.0234453798
0.9971292655
0.9952440014
0.9485962411
0.9657294751
0.9949429034
1.0103123588
1.0154505031
1.0115532567
1.0208638895
1.0032736956
0.9977211945
0.9864641889
0.9632378841
0.9538523620
0.9581850773
0.9617902603
0.9648497441
0.9979237770
0.9985443952
0.9958327756
1.0129920321
1.0105036507
1.0150847359
1.0334836171
1.0279734098
0.9940855500
0.9726479498
0.9548373461
0.9519000172
0.9831565456
0.9998961745
0.9884502096
0.9787318069
0.9746132619
0.9606267626
0.9480547033
0.9653115271
1.0052257469
1.0293361377
1.0619224632
1.0531888662
1.0036563343
0.9267186246
0.8556242443
0.8485002963
0.8628053501
0.8875835458
0.9204015552
0.9598826410
0.9898930290
0.9986390185
0.9886093877
0.9821479698
0.9878034529
0.9837942428
0.9791585007
1.0029258897
1.0198338107
1.0147642976
1.0056562196
0.9979025847
1.0047905686
0.9986901510
0.9794349323
0.9624308933
0.9603897657
1.0062085650
1.0152886986
0.9987051609
1.0131587018
1.0094786239
1.0221336072
1.0328393026
1.0271666732
1.0130702922
0.9971122413
1.0030812441
0.9952420747
0.9717940166
0.9551861144
0.9652393325
1.0005517829
0.9932790165
0.9969883531
1.0026786894
1.0213810244
1.0255528342
1.0217570678
1.0116048946
0.9783929783
0.9677647295
0.9895231967
1.0253202100
1.0454439160
1.0371814658
1.0225631359
1.0010934226
0.9704213193
0.9845173890
0.9907018342
1.0100555973
0.9776415619
1.0040340979
0.9848692171
0.9736352859
0.8835431353
0.7961870238
0.7222086441
0.6438220253
0.6545321373
0.7455975252
0.8383227990
0.9163530188
0.9707004242
0.9911361924
0.9911145751
0.9809891245
0.9768837527
0.9982311386
1.0170054766
1.0007628668
0.9812197701
0.9886614730
0.9896882840
1.0256016266
1.0218656075
0.9984093073
1.0055024278
0.9971340686
0.9905798177
1.0025714240
0.9923757553
0.9716403132
0.9488715744
0.9349193148
0.9421253742
0.9577073140
0.9814413895
1.0101329164
1.0178421133
0.9966047564
0.9830187696
0.9614419760
0.9506714052
0.9782841218
0.9872762909
1.0164773729
0.9703343069
0.9567000974
1.0005757009
0.9968415648
0.9872897648
0.9886907676
0.9698237082
0.9753408964
1.0165717667
1.0222310600
1.0016610283
1.0092574483
0.9976885252
0.9589425136
0.9678937425
0.9572836707
0.9498870657
0.9680722032
0.9419845481
0.9489031537
0.9781470569
0.9895685155
1.0215956252
1.0137042088
0.9983982406
0.9906775082
0.9840047202
0.9994549409
1.0158440979
0.9962577562
0.9885542027
1.0241552131
1.0252896757
0.9867672937
0.9539552225
0.9473699770
0.9595227713
0.9746219181
1.0125479117
1.0241852745
1.0174399403
1.0155110683
0.9954281896
1.0040989770
1.0225667989
1.0054999175
1.0054285395
1.0260139000
1.0337445263
1.0144248642
0.9918829301
1.0198500316
1.0291238498
1.0009876037
1.0259564147
1.0412107983
1.0183148811
1.0021732773
0.9747190964
0.9591342980
0.9863768655
0.9932149037
0.9826773318
0.9838342650
1.0030561239
1.0386770949
1.0425913000
1.0317027203
1.0327120523
1.0253314320
1.0160662584
1.0226050716
1.0161477013
0.9872652131
0.9876416020
0.9813768285
0.9816613005
0.9986122952
1.0482228782
1.0667554676
1.0253674625
1.0025703270
1.0011381129
1.0157612434
1.0309013421
1.0065950740
1.0006535863
0.9993847343
1.0043699067
1.0134723993
1.0034343556
1.0003455337
0.9880768124
1.0176470602
1.0397186225
1.0234764180
1.0048763005
1.0259865858
1.0200906263
0.9954102212
1.0118427350
1.0140743685
1.0171451896
1.0128885187
1.0011791391
0.9994770457
0.9954521751
1.0272513423
1.0448870915
1.0138158725
1.0014573793
1.0156818132
1.0162718783
0.9981163382
0.9977918693
0.9951116844
0.9850557247
0.9644192360
0.9620234605
1.0162203089
1.0354204964
1.0395979010
1.0299423544
1.0302636131
1.0254290195
0.9973218473
0.9738050694
0.9664613500
0.9698220573
0.9790606187
0.9714499008
0.9381174829
0.9231807874
0.9474486684
0.9569423154
0.9399754897
1.0090944785
1.0104657585
0.9600389939
0.9600987749
0.9818161929
1.0137696287
1.0190196522
1.0076116814
0.9911244769
0.9817678165
0.9849567398
1.0053310379
1.0200359110
1.0109251104
0.9979857770
1.0033199933
1.0119941795
1.0120714710
1.0346639139
1.0287190644
1.0343103802
0.9970226934
1.0047811317
1.0351188838
1.0278296551
1.0436721323
0.9965487261
0.9680911434
0.9935906657
1.0314252992
1.0462584235
1.0256975349
0.9915756790
0.9728122092
0.9722737099
0.9849336463
0.9969800065
0.9972559901
1.0227024666
1.0035826549
0.9922884543
1.0048961165
1.0062309639
0.9949141558
0.9938480447
1.0006396091
0.9966613389
0.9869143384
0.9417922562
0.9430005677
0.9662996130
0.9763974596
0.9797991614
0.9669193601
0.9645425966
0.9724030671
0.9503690698
0.9575808603
0.9893334374
1.0105383843
1.0010247342
1.0185936661
0.9944695409
0.9790355510
0.9931670415
0.9936522021
0.9698287245
0.9944558468
1.0182324517
1.0128032230
0.9798103955
0.9872676902
1.0076980726
1.0030664744
0.9840588127
0.9733634433
0.9854295479
1.0045712196
1.0149649886
0.9922227318
0.9928193390
1.0274449313
0.9893174264
1.0101486328
1.0082505819
0.9755508827
0.9759625284
0.9729245649
0.9670877083
0.9771574066
0.9923900327
0.9824279597
0.9699687649
0.9771656775
0.9985457213
1.0021107452
0.9780581352
0.9637198500
0.9611540018
0.9897477803
1.0256813125
1.0196024338
1.0313499168
1.0160196223
1.0206379728
0.9957698635
0.9955769050
0.9986614064
0.9896998800
1.0110669958
0.9747633756
0.9714009320
1.0077709355
0.9998820291
0.9528411594
0.9202900591
0.9246168337
0.9432120251
0.9303568612
0.9307845758
0.9141015239
0.9293333667
0.9532761274
0.9954341727
1.0042545866
1.0178635801
1.0298755633
1.0024158224
1.0092195740
1.0131542293
1.0077739479
1.0016171284
1.0274222674
1.0254264331
1.0063564015
1.0129350935
1.0040899208
0.9849559568
0.9959356310
1.0111285939
1.0418837257
1.0383146359
1.0213086026
1.0146876047
0.9961049524
0.9854466051
0.9778533604
0.9975480687
0.9583919043
0.9111782951
0.8548411463
0.8424327296
0.8182903988
0.7666554494
0.7371615925
0.7291680211
0.7331505400
0.7807664008
0.8579888114
0.9234137696
0.9959956525
1.0194142472
0.9794285900
0.9592176894
0.9958015261
1.0023975187
0.9778087228
0.9910167431
1.0056711807
1.0100394509
0.9951577520
0.9927696141
0.9896905774
0.9751493710
0.9696659067
0.9767091164
0.9950154436
1.0036038901
0.9781727095
0.9724686503
0.9492022911
0.9236116249
0.9360203621
0.9326270607
0.9453226906
0.9702461757
0.9615406652
0.9726573426
0.9760460808
0.9620003956
0.9691364698
0.9872878537
0.9735717223
0.9517456322
0.9429692721
0.9513344648
0.9860703441
1.0067097407
0.9833259633
0.9814727296
0.9834839529
0.9653862179
0.9641650274
1.0023014904
0.9915185579
0.9861060630
0.9799675834
0.9830786440
0.9771135109
0.9944912626
0.9991291944
1.0018042960
0.9830859260
0.9633638319
0.9637370639
0.9881113876
1.0046278323
0.9947998816
0.9722817321
0.9361838339
0.9463587615
0.9472594760
0.9532717770
0.9535482622
0.9538028660
0.9483232707
0.9535479234
0.9473642479
0.9287029708
0.9544883546
0.9623924246
0.9698919662
0.9751554949
0.9908721354
0.9884906154
0.9677561655
0.9668780581
0.9751893075
0.9689789213
0.9680312809
0.9783991918
1.0061026263
0.9882289616
0.9859517433
0.9680374898
0.9641303135
0.9632792861
0.9710285352
0.9612512974
0.9740187931
0.9502006083
0.9476228505
0.9478043178
0.9462026923
0.9623148565
0.9759234894
0.9743675360
0.9938696998
1.0228154556
1.0127864379
1.0050347206
0.9884586083
0.9836053042
0.9988826911
0.9942256202
0.9981222396
0.9872478121
0.9595268972
0.9455685776
0.9937869875
1.0077518323
0.9774463510
0.9805531327
0.9886417411
0.9851384345
0.9754256630
0.9792806413
0.9836001621
0.9764229746
0.9860557063
0.9824790522
0.9879350727
0.9795018368
0.9575663584
0.9666051347
0.9813744930
0.9851055664
0.9935001762
1.0024379305
1.0050283260
0.9985223460
1.0007245037
0.9813381044
0.9841844827
0.9916771375
0.9897555030
0.9935006183
0.9887366435
0.9782360403
0.9879261186
0.9967446089
1.0017992793
0.9867926791
0.9582491622
1.0035515189
1.0075866365
0.9881686546
0.9413706427
0.9761654847
0.9808000759
0.9825340870
0.9979908114
0.9931833033
0.9833873685
0.9943156244
1.0129431204
1.0098286960
0.9822280892
0.9689178392
0.9836438306
0.9807946224
0.9743097447
1.0094145173
1.0178912860
0.9621779758
0.9613696888
0.9698711926
1.0240389899
1.0459549999
1.0139827732
0.9745886488
0.9908960624
0.9954672485
0.9785635815
0.9789457053
0.9667019838
0.9686053413
1.0141069413
1.0370762174
1.0199362935
1.0054509458
0.9676474810
0.9710616331
0.9826575751
1.0142219817
0.9844302162
0.9380218017
0.9456524848
0.9674704970
