#flux
1.0110961021
1.0001224733
0.9982669714
0.9862498256
0.9737697597
0.9850375401
1.0001806637
1.0066284257
1.0061106838
0.9919772035
0.9798233308
0.9839939771
0.9807042729
0.9889276015
0.9813680811
0.9766736520
0.9856600140
0.9735674442
0.9595868706
0.9760306224
0.9902770538
0.9853394164
0.9689341421
0.9698808589
0.9841998022
0.9989145228
1.0058397657
1.0021425125
0.9940111918
0.9885032500
0.9788419165
0.9699987808
0.9828680977
0.9726143553
0.9648686040
0.9925691225
0.9937548450
0.9683025247
0.9624204439
0.9575126746
0.9801204951
1.0002547908
0.9855910641
0.9687271910
0.9621377673
0.9791314206
1.0053275689
1.0042620964
0.9782000695
0.9668762490
0.9740793191
0.9746211944
0.9752799776
0.9565950064
0.9522311374
0.9586125888
0.9555067774
0.9553774766
0.9814267001
0.9913711219
0.9796186135
0.9600187769
0.9655746118
0.9616013817
0.9511901371
0.9417286590
0.9384867710
0.9528725631
0.9727519945
0.9820893429
0.9845722489
0.9767929209
0.9697047448
0.9855443770
0.9817417521
0.9637973657
0.9537414999
0.9433631582
0.9348515148
0.9610119114
0.9529987625
0.9550393611
0.9478763087
0.9401362883
0.9412099240
0.9401094105
0.9291639740
0.9227819285
0.9306358221
0.9359476819
0.9300269108
0.9268537637
0.9223643134
0.9151527622
0.9130768930
0.9161643683
0.9181212795
0.9218304709
0.9305203096
0.9202522300
0.9152782580
0.9121729396
0.9200964123
0.9431247799
0.9584253617
0.9462087768
0.9173786427
0.9015477660
0.9080444796
0.9196722131
0.9350617394
0.9581949714
0.9583748979
0.9499276816
0.9574230728
0.9612500260
0.9470002133
0.9492864000
0.9879138981
0.9779690514
0.9486497801
0.9365173968
0.9610877512
0.9629373883
0.9580664324
0.9617145246
0.9599874754
0.9532879936
0.9507483984
0.9518325185
0.9507757875
0.9444863938
0.9546514528
0.9999468276
1.0039964912
0.9967957047
0.9770741905
0.9425254190
0.9495951159
0.9390381543
0.9341466766
0.9335372249
0.9287117569
0.9409005230
0.9527395298
0.9496579464
0.9413678112
0.9460230461
0.9640400950
0.9684293537
0.9548509715
0.9494492216
0.9474164537
0.9501659508
0.9335465618
0.9311871796
0.9280835406
0.9210333998
0.9215077886
0.9100883227
0.9238083617
0.9366490272
0.9327957832
0.9260945526
0.9142047261
0.9143237122
0.9346829198
0.9397425962
0.9085311857
0.8877741556
0.9016480258
0.9111036835
0.9132725472
0.9056674937
0.9091577366
0.9183293979
0.9171028228
0.9058524991
0.9057596002
0.9184482516
0.9252703369
0.9393671774
0.9454962635
0.9524132305
0.9304574639
0.9109592196
0.9017432827
0.8996370339
0.9042060645
0.9069611388
0.9109640267
0.9210511073
0.9171096632
0.8960779776
0.8898489461
0.8966523731
0.9050188504
0.8929427584
0.8717038392
0.8723848567
0.8763092850
0.8643688087
0.8691070254
0.8446142041
0.8282002129
0.8315965284
0.8527989715
0.8684068836
0.8595832831
0.8426025160
0.8387101383
0.8431343078
0.8448521511
0.8473433175
0.8465355180
0.8417996906
0.8250481019
0.8361275091
0.8374618345
0.8334193608
0.8322241814
0.8203425032
0.8186735788
0.8478712771
0.8511208216
0.8456331419
0.8323318691
0.8334518407
0.8400146343
0.8448123697
0.8674358563
0.8814706742
0.8729525697
0.8756148982
0.8977933885
0.9005097084
0.9089930396
0.8988435268
0.8869880991
0.9038950739
0.9120239500
0.9095465497
0.9231900354
0.9320486243
0.9157877110
0.9034804728
0.9150585515
0.9322690708
0.9409952842
0.9444343130
0.9356902381
0.9131719101
0.9083252489
0.9330466893
0.9491598440
0.9503905639
0.9489393222
0.9350086717
0.9487108043
0.9602778722
0.9468579143
0.9607685905
0.9729455629
0.9626747167
0.9719196685
0.9842837392
0.9729226397
0.9680219021
0.9877279958
0.9899155139
0.9752356541
0.9827566648
0.9922327294
1.0112030729
1.0024905857
0.9972142760
0.9981736469
1.0133955691
1.0165341189
1.0053142178
1.0208967797
0.9940911713
0.9672133096
0.9769081947
0.9779253017
0.9716728090
0.9847223740
1.0022153430
0.9982704976
0.9779120671
0.9651817695
0.9710327654
0.9783274227
0.9711866075
0.9716461424
0.9752033300
0.9751523673
0.9528192694
0.9641016318
0.9572901511
0.9601353239
0.9806398494
0.9820374303
0.9616819207
0.9440028054
0.9391991151
0.9415542744
0.9432914102
0.9367067903
0.9146540014
0.8985788193
0.9053899079
0.9095274463
0.9170394298
0.9163564550
0.9022694738
0.9295391823
0.9222219621
0.9544290971
0.9238822062
0.9081492754
0.8908612288
0.8923516278
0.9020018703
0.9145757433
0.9352108136
0.9486740771
0.9384123854
0.9264618762
0.9150960375
0.9112323129
0.9273775188
0.9230969767
0.9130340856
0.9074493252
0.9504279619
1.0021429023
0.9901419408
0.9422315971
0.9430349242
0.9672179077
0.9720484344
0.9612527564
0.9808160272
0.9682505212
0.9603082807
0.9619005157
0.9572834209
0.9543137426
0.9697272501
0.9949756629
0.9983464024
0.9846989321
0.9994160331
1.0252174788
1.0173335854
0.9998680644
0.9894494516
0.9634320839
0.9291588651
0.9325485127
0.9456786211
0.9472826413
0.9631959294
0.9870809065
0.9724800189
0.9521526249
0.9447318555
0.9612572538
0.9709564641
0.9539220106
0.9403623447
0.9403879845
0.9754321510
0.9870437664
0.9585924407
0.9377364204
0.9374097054
0.9491163652
0.9431356663
0.9257367387
0.9417172889
0.9605646448
0.9575736203
0.9463099491
0.9406663492
0.9353302772
0.9340123462
0.9403247627
0.9433090842
0.9421703206
0.9391642779
0.9290543290
0.9278018560
0.9244211953
0.9271723489
0.9399272032
0.9528878972
0.9632048253
0.9652942119
0.9446309627
0.9219596568
0.9282406443
0.9430241066
0.9343732208
0.9313081859
0.9383789443
0.9457901393
0.9336551612
0.9076277311
0.8956429327
0.9030100976
0.9196974739
0.9364020173
0.9392088608
0.9295520473
0.9182462569
0.9016433744
0.9167791632
0.9368002737
0.9485148351
0.9557421668
0.9377256581
0.9352922162
0.9372843852
0.9489210322
0.9548736411
0.9495450014
0.9587797080
0.9785298444
0.9751942885
0.9672635978
0.9743838478
0.9593010550
0.9752421590
0.9840816262
0.9995857942
0.9966292237
0.9822992875
0.9839858358
1.0013996300
1.0076627123
1.0065765894
1.0182649500
1.0139209459
0.9969637745
0.9903862214
0.9751572641
0.9832090645
1.0115226550
1.0108184131
0.9914098699
0.9819654574
0.9764460686
0.9671408163
0.9590201752
0.9676949141
1.0031492191
1.0293369227
1.0042592822
0.9787662038
0.9696670109
1.0030574294
1.0106081930
1.0105024271
1.0125740553
1.0170025473
1.0133686213
1.0039296106
1.0060590037
1.0138954645
1.0059566765
0.9997862104
1.0176477112
1.0235033813
1.0309446790
1.0039238132
0.9689588712
0.9911239087
0.9816964753
0.9928356928
1.0134648405
1.0140074303
1.0079277509
1.0032916070
0.9941738976
1.0000093086
1.0153797543
1.0094797165
1.0035233712
1.0131481281
1.0130463505
1.0029738787
0.9888010141
0.9807011670
0.9854644619
1.0051288953
0.9996147726
0.9783194534
0.9816356553
0.9733879482
0.9933266531
0.9999578994
1.0031902544
0.9933281347
0.9815639379
0.9758540091
0.9700817665
0.9715559025
0.9802526346
0.9823085470
0.9694171720
0.9519955199
0.9605773393
0.9921061455
0.9923609924
0.9681407883
0.9685590223
0.9749383942
0.9649015116
0.9697354759
0.9902537786
0.9775364561
0.9737507460
0.9843726988
0.9899728063
0.9871666800
0.9862487160
0.9870952920
0.9800501069
0.9698647156
0.9616386517
0.9585667599
0.9778438071
0.9961092131
0.9923750263
0.9858613722
0.9712387653
0.9709084152
0.9903113823
0.9974458959
1.0073334859
1.0117298802
1.0027251857
0.9958049956
0.9865153492
0.9818707151
0.9914713652
0.9999006732
0.9958588108
0.9889307475
0.9913515667
0.9940071612
0.9849897449
0.9878126510
0.9814379751
0.9899510740
1.0015317286
1.0086926282
1.0096951218
0.9839687721
0.9799349000
1.0033490216
1.0003641568
0.9824486496
0.9944050295
1.0167109484
1.0010198761
0.9799114918
0.9681371237
0.9683687496
0.9873437901
0.9881172047
0.9735494044
0.9871118023
1.0128633558
1.0121052722
1.0109203917
1.0030076087
1.0050861965
1.0078791235
1.0103943565
1.0117903313
1.0132630271
1.0159932804
1.0187722068
0.9939853491
0.9794448176
0.9818878517
0.9889548285
1.0058783871
1.0147250438
0.9929480478
0.9626374261
0.9498389855
0.9598298773
0.9766628883
0.9664707668
0.9262423705
0.9613158001
0.9749955919
0.9828701238
0.9667030698
0.9487007976
0.9673973860
0.9861390841
0.9887383375
0.9883784917
0.9813714476
0.9771398995
0.9917782439
0.9964465213
0.9787094261
0.9819697917
0.9863835147
0.9747975527
0.9681447894
0.9699018875
0.9657275449
0.9622197496
0.9815642856
0.9941651692
0.9919790055
1.0003012763
1.0091606880
1.0121781807
1.0132432945
0.9921861639
0.9785135499
0.9874814383
1.0028248176
1.0172872829
1.0244027247
1.0145535973
0.9945545002
1.0003733447
1.0060944683
1.0142431403
1.0007811515
0.9985698508
1.0018008283
1.0118835266
1.0335732653
1.0360256258
1.0202091403
1.0118073845
1.0061856960
1.0173745955
1.0117251647
0.9980703222
0.9937406581
0.9950849523
0.9994691122
0.9961506198
1.0144273542
1.0099645274
1.0064502832
1.0039103797
1.0053712018
1.0157172292
1.0245734470
1.0192169250
1.0086273961
1.0113678115
1.0066221831
1.0065757806
1.0212968637
1.0298210669
1.0102255890
0.9954986418
1.0075488611
1.0186280705
1.0207899336
1.0227644105
1.0094416874
1.0081791058
1.0073768606
1.0143874631
1.0126539637
1.0040168216
1.0028219139
0.9762256595
0.9690235829
0.9759556788
0.9860275798
0.9928620983
1.0091639233
1.0164094576
1.0290030284
1.0348837425
1.0193982224
1.0005227561
0.9921295579
0.9888564588
0.9750578370
0.9727700329
0.9762685513
0.9640550326
0.9470162282
0.9428299267
0.9393833862
0.9286403767
0.9369338386
0.9512357880
0.9390733127
0.9387870318
0.9279171488
0.9106994518
0.8961568435
0.8982240731
0.9121688809
0.9112929488
0.8896327616
0.8719755496
0.8778687651
0.8827608888
0.8730616291
0.8481304664
0.8405707407
0.8439586463
0.8327105774
0.8591202645
0.8412118711
0.8322807719
0.8528210249
0.8652524592
0.8651812501
0.8671303039
0.8759030497
0.8712176855
0.8715843106
0.8867636979
0.9025888855
0.9347664412
0.9509439751
0.9358581675
0.9452891073
0.9502948660
0.9377605570
0.9368034007
0.9328327855
0.9388180724
0.9397810659
0.9502367247
0.9605331592
0.9587425489
0.9561054565
0.9608182165
0.9872449166
0.9910292436
0.9547829338
0.9451490656
0.9750361569
0.9938746769
1.0165701209
1.0201352369
1.0002708902
1.0159422060
1.0281028264
1.0069031271
0.9972637446
1.0041231403
0.9995109675
0.9846355590
0.9985034570
1.0040842171
0.9989810952
0.9883241519
0.9846710855
0.9995811647
0.9943060157
0.9805895258
0.9947005452
0.9997764440
1.0088570472
1.0215916977
1.0081859894
0.9967316328
0.9982256577
1.0055139618
0.9953543185
0.9832664829
0.9785435427
0.9759907027
0.9811234284
0.9892978020
0.9920032357
0.9772219670
0.9640442252
0.9668330508
0.9758894447
0.9843983385
0.9844473653
0.9816731860
0.9945290426
0.9783241717
0.9675484469
0.9511977733
0.9532195579
0.9666724267
0.9649208910
0.9641339379
0.9666407306
0.9531617983
0.9520179585
0.9662230276
0.9713094232
0.9664366586
0.9582141319
0.9592227456
0.9803836867
1.0061329789
1.0142471931
1.0011362963
0.9751582166
0.9683781265
0.9741194549
0.9537287396
0.9828228699
0.9975694888
0.9924061360
0.9755435268
0.9811972188
0.9737375949
0.9695659654
0.9686042881
0.9871931382
1.0032737455
1.0067210967
1.0165651240
1.0249337386
1.0161751525
1.0063468019
1.0074038144
1.0136013942
1.0226730713
1.0090323147
1.0160335698
1.0164707618
1.0233673623
1.0085960520
1.0136645009
1.0266628184
1.0293857775
1.0021488857
0.9776267854
0.9840094472
1.0052218497
1.0190827479
1.0059147689
1.0008573230
1.0136545143
1.0216590303
1.0258669049
1.0059421673
0.9938035217
1.0060022850
0.9979550205
0.9808643783
0.9862788827
1.0031292109
1.0225763604
1.0185098073
0.9972721886
1.0280049247
1.0217973136
1.0183000548
1.0063465981
1.0018382144
1.0160783051
1.0357540565
1.0370506213
1.0247527979
1.0226115081
1.0152634768
0.9989592714
0.9812926190
0.9899525695
0.9938037552
0.9776997818
0.9832382554
1.0044056002
1.0172024237
1.0090596922
1.0011460883
1.0080439998
1.0073679777
1.0107895616
1.0266945745
1.0207772364
1.0150794733
1.0272599426
1.0236283533
1.0063198653
0.9955434196
0.9925830005
1.0070110309
0.9905957344
0.9732910465
0.9679042171
0.9796928208
0.9804983982
1.0099620942
1.0077995189
0.9862784186
0.9836644047
0.9835852018
0.9885547441
1.0072542649
1.0082218843
0.9962989169
0.9987361431
1.0055613162
1.0022403682
0.9910257985
0.9725803007
0.9683767067
0.9843701139
0.9763846596
0.9622557275
0.9854728529
0.9901435333
0.9783223012
0.9590325616
0.9740026104
1.0175042130
1.0227599657
1.0027440564
0.9931417619
0.9953120630
0.9940493968
0.9886433442
0.9875407275
0.9967018365
1.0122189045
1.0106845167
0.9966863284
1.0067587707
1.0286068728
1.0360418697
1.0313256737
1.0074770510
1.0204773820
1.0007951605
0.9981318322
1.0121293025
1.0183037984
1.0155953962
1.0110038629
1.0016657581
0.9878214829
0.9786500506
0.9730737087
0.9683562496
0.9742906454
0.9883091093
1.0093693758
1.0168126010
0.9971660479
0.9837874194
1.0022447801
1.0007796169
0.9801103514
0.9919040023
1.0153239989
1.0150141044
1.0058275296
0.9931610699
0.9776654497
0.9682696259
0.9644278465
0.9544472646
0.9417582745
0.9422456942
0.9548384882
0.9623512491
0.9493292988
0.9304562483
0.9348297891
0.9344309686
0.9432947051
0.9353354015
0.9517196482
0.9620237561
0.9543684482
0.9379843239
0.9362844717
0.9449383927
0.9467697362
0.9441811208
0.9419865057
0.9490593732
0.9646201599
0.9710027164
0.9628448014
0.9527994012
0.9615849161
0.9567700922
0.9359618643
0.9451730804
0.9533089446
0.9847303164
1.0136253062
0.9899382873
0.9824829391
1.0094475527
1.0212976975
1.0231324941
1.0011287106
0.9937304370
0.9978280573
1.0160731065
1.0339973076
1.0193317545
1.0172362550
1.0232935334
1.0086589318
1.0055909222
0.9906825103
1.0027833388
1.0035588000
1.0188173691
1.0189319556
1.0125092366
1.0065265327
0.9972083106
1.0140518157
1.0327119453
1.0262646533
1.0159631012
1.0148237787
1.0108929037
1.0111805161
1.0225808575
1.0253457443
1.0249069981
1.0320560080
1.0135206217
0.9937662690
0.9956967847
0.9973135650
0.9966802707
1.0163444934
1.0165624719
0.9988957809
1.0097776450
1.0093964962
0.9929920652
1.0108126109
1.0259584945
1.0198050072
1.0114126107
1.0066859471
1.0071564452
1.0086987276
1.0120870950
1.0244160840
1.0104842870
1.0011715908
1.0175340711
1.0138853393
0.9852766884
0.9861551655
1.0050606245
1.0171496291
1.0100685491
0.9893538518
0.9799244730
0.9818505929
0.9904114504
0.9953666368
0.9902643146
1.0004534292
1.0100308253
0.9895938115
0.9989266323
0.9990223192
0.9840628057
0.9849858147
1.0088569171
1.0205576272
1.0293970649
1.0394240932
1.0432959840
1.0185019410
1.0220673144
1.0322912843
1.0390377268
1.0345825029
1.0285409277
1.0250247961
1.0051568331
0.9849552545
0.9939472368
1.0080532829
1.0085487246
1.0109172867
1.0207386006
1.0356432412
1.0461384843
1.0264768990
1.0110164116
1.0252519305
1.0356034269
1.0232617187
1.0160321982
1.0063416197
1.0003926732
0.9928977038
1.0026005168
1.0059999389
0.9949477394
1.0029984519
1.0089965543
0.9909215865
1.0034220870
1.0175698720
1.0204628001
1.0201854924
1.0138871082
1.0076528487
0.9933824492
1.0089013814
1.0055575233
0.9733352134
0.9865288843
0.9911551325
1.0167344166
1.0150470237
1.0092249496
1.0228690353
1.0331089015
1.0215655982
1.0032160371
1.0083040420
1.0216761392
1.0065667066
1.0190090481
1.0235834075
1.0231711329
1.0095630753
1.0015535663
1.0080515174
0.9906697572
1.0145797243
1.0141371919
1.0079763763
1.0189451792
1.0224991118
1.0142672454
0.9993304859
1.0040362740
1.0126488546
1.0055733989
1.0110737902
1.0189375209
1.0313254489
1.0294538263
1.0109565051
0.9868401322
0.9779626240
1.0112869738
1.0197758644
1.0123470755
1.0285348771
1.0417510754
1.0347597274
1.0117171562
1.0072587181
1.0151450733
1.0201662262
1.0164115161
1.0092734469
1.0067724319
1.0104864495
1.0172857206
1.0137184529
1.0201667591
1.0298855927
1.0209172601
1.0299086039
1.0323918578
1.0272449922
1.0299922518
1.0380295557
1.0185443874
1.0204072687
1.0326599595
1.0262166158
0.9997989030
0.9880901463
1.0002530493
1.0230681591
1.0440745987
1.0419212710
1.0173993132
1.0031703840
0.9979803130
1.0021267642
1.0247907663
1.0229522745
1.0246646734
1.0350254895
1.0289016352
1.0122617452
1.0196234918
1.0268921250
1.0224572592
1.0254600289
1.0190187039
1.0020896752
0.9926419954
1.0053574233
1.0259344640
1.0233388143
1.0072782925
0.9991554018
0.9875165632
0.9925353715
1.0223222870
1.0542200730
1.0516746106
1.0417472988
1.0332559405
1.0407771962
1.0395835372
1.0152503612
1.0172897551
1.0294845740
1.0259556799
1.0316032907
1.0338713962
1.0145216269
1.0113501635
1.0342827958
1.0393549969
1.0271571484
1.0137200901
1.0116010513
1.0219544566
1.0136830627
0.9829106713
0.9763400077
0.9878530427
0.9982468884
1.0060661420
0.9892245509
0.9856430982
1.0037108929
1.0028783371
0.9842300062
0.9813302742
0.9905081898
0.9963528977
1.0040025508
1.0087759225
1.0063361088
1.0000442050
1.0044811802
0.9837864320
0.9829531338
1.0028184260
1.0107420650
1.0141213780
1.0245285198
1.0253107523
1.0209097150
1.0234811193
1.0210824808
1.0185533254
1.0092336118
1.0081368231
1.0214863070
1.0277349598
1.0241594505
1.0234921807
1.0193315871
1.0010606127
0.9921838835
0.9831375748
0.9741328906
0.9899073701
0.9868731060
0.9870981709
1.0191695091
1.0045316781
0.9938417819
0.9857479225
0.9884428360
1.0112836142
1.0155690915
1.0084219631
1.0005304221
0.9913382331
0.9944005332
0.9921014067
0.9958738647
1.0379272747
1.0261530155
1.0039107060
0.9826928430
0.9791357796
0.9665239171
0.9934275560
1.0156442990
1.0126231968
1.0198109722
1.0146555174
1.0269182124
1.0331867137
1.0131570374
1.0071176043
1.0215220939
1.0174425111
1.0059272031
1.0139349374
1.0122796454
1.0107082103
1.0238492199
0.9973117387
1.0249659351
1.0242715749
0.9961717417
1.0240982980
1.0077008844
1.0106480225
1.0170069848
0.9995711284
1.0087095803
1.0211575416
1.0124900746
1.0048438443
1.0130567065
1.0116158696
0.9987143963
0.9983751041
0.9928952131
1.0016395424
0.9949393312
0.9908836534
1.0189302733
0.9991561362
0.9787153886
0.9815595768
1.0050596596
0.9896054044
0.9893150533
1.0159037638
1.0449126859
1.0569221974
1.0364375256
1.0229504993
1.0144487679
0.9990509028
0.9966372906
0.9984520782
1.0090783556
1.0081829050
1.0059018356
1.0093333347
1.0011226643
1.0220287559
1.0332739665
1.0285294671
0.9933270986
0.9943051062
1.0194910491
1.0169933762
1.0123849239
1.0272523511
1.0323891646
1.0111668699
1.0027157909
1.0172342875
1.0248839299
1.0201507847
0.9986985661
0.9847037015
0.9996600258
0.9946993360
0.9793041502
0.9375349742
0.9315274243
0.9340432298
0.9426020300
0.9645775278
0.9609466819
0.9634075248
0.9526009561
0.9625909579
0.9597087526
0.9478628652
0.9416020285
0.9290625027
0.9166936744
0.9179364361
0.9317562195
0.9318412268
0.9203869700
0.9302673402
0.9353441700
0.9373904994
0.9533287729
0.9525658256
0.9487335051
0.9470579992
0.9266290607
0.9088946033
0.9186483471
0.9444096189
0.9448267779
0.9407564019
0.9513205190
0.9559107611
0.9570495257
0.9729983676
0.9893450430
0.9893665938
0.9841564724
0.9720614794
0.9817287473
0.9996353867
0.9852710874
0.9925829128
0.9911129235
0.9976835324
1.0017829740
1.0098904721
1.0111416440
1.0007334467
1.0036586032
1.0095670776
1.0008241353
0.9992209732
1.0165982754
1.0351560217
1.0398449975
1.0171984656
1.0230814534
1.0164450354
1.0077285118
1.0162534796
1.0028901331
0.9973595370
1.0261785642
1.0256782356
1.0207347609
1.0127881149
1.0164554869
1.0158945875
1.0059839760
1.0086702449
1.0288421796
1.0343815978
1.0251301851
1.0303061688
1.0257791172
1.0042975527
1.0070497611
1.0267479550
1.0297476269
1.0144657237
1.0343962927
1.0432061821
1.0303198673
1.0225137346
1.0220866530
1.0305013693
1.0305751823
1.0232224912
0.9966480974
0.9812167200
0.9976910511
1.0113831251
1.0087298739
1.0176493755
1.0304369019
1.0239469595
1.0154301419
1.0247320932
1.0316592465
1.0317096512
1.0293846847
0.9911989612
1.0051736278
0.9895362851
0.9922667420
1.0049530134
1.0067001862
1.0100519149
1.0146643985
1.0222882510
1.0176852671
1.0055715452
1.0066352198
1.0154342685
1.0251273804
1.0211557732
1.0019890318
1.0017770756
1.0062657675
1.0143096200
1.0542057978
1.0141117536
0.9999028656
1.0090850917
0.9902181737
0.9954608295
0.9952558894
1.0013138331
1.0093218672
1.0166466972
1.0115803405
1.0081529283
1.0181407097
1.0107888278
1.0008462126
1.0275836373
1.0369418324
1.0276503920
1.0393474345
1.0323172150
1.0297211295
1.0222864856
1.0031651784
1.0103314767
1.0051824262
1.0094448364
1.0189862752
1.0150827167
1.0085623242
1.0182526355
1.0428855968
1.0378201307
1.0147956719
1.0260297456
1.0425885130
1.0536510219
1.0400284764
1.0213426068
1.0140395807
1.0044131033
0.9951256036
0.9921758023
1.0090565962
1.0122534280
0.9980128979
0.9756976356
0.9683847446
0.9638926113
0.9607215356
0.9707202664
0.9739665940
0.9700782034
0.9720672159
0.9805174166
1.0085367937
1.0191029902
0.9768464240
0.9719773825
0.9812108381
0.9649949066
0.9495253247
0.9342648385
0.9670442275
0.9655328813
0.9507887391
0.9355380329
0.9652690034
0.9677804608
0.9617217745
0.9643250360
0.9703536169
0.9747004587
0.9981974539
1.0196565888
0.9954686646
1.0071266268
1.0167809776
1.0278173967
1.0126013915
0.9994923539
1.0198029672
1.0394474268
1.0399044945
1.0481428033
1.0473153862
1.0380063830
1.0498196334
1.0451129195
1.0312964875
1.0198483819
1.0137805494
1.0170799737
1.0265727640
1.0369033940
1.0399505024
1.0277811302
1.0250208740
1.0397961173
1.0207291244
0.9933267847
1.0224515532
1.0095137135
1.0183789119
1.0212067294
1.0354510698
1.0422625740
1.0348332044
1.0165263158
1.0145885900
1.0288365384
1.0306951845
1.0203173036
1.0127136869
1.0229014668
1.0475379889
1.0315476700
0.9984641925
0.9998253071
1.0240326989
1.0174095303
1.0272358374
1.0416281857
1.0353160029
1.0152218765
1.0069107192
0.9895954813
1.0118220681
1.0051549528
0.9980138792
1.0145259952
1.0426356924
1.0494561293
1.0277569834
1.0218946546
1.0305410060
1.0152917786
1.0335403902
1.0253871549
1.0130113138
1.0314111167
1.0319488008
0.9926257228
1.0095624897
1.0460676721
1.0423422806
1.0436505546
1.0423707681
1.0271820977
1.0313556883
1.0313398224
1.0200814351
1.0275323374
1.0413953643
1.0301041010
1.0217964830
1.0375799548
1.0188008361
1.0037592891
1.0237076389
1.0333891512
1.0358768115
1.0232944669
1.0175483663
1.0270986438
1.0247263178
1.0327296161
1.0325185792
1.0182562836
1.0208073750
1.0232236632
1.0159990766
1.0184282751
1.0340610036
1.0310588992
1.0129897467
1.0337313821
1.0476678563
1.0405535779
1.0366966708
1.0240714244
1.0129745556
0.9916358485
1.0058599983
1.0107473319
0.9905006284
0.9837104240
0.9799343467
0.9891567094
1.0020254077
1.0054074299
1.0002480227
1.0083032951
1.0265904900
1.0406389889
1.0455086534
1.0254481669
1.0258961130
1.0437016862
1.0358476644
1.0207497623
1.0431157390
1.0275996897
1.0303905368
1.0532402841
1.0516098773
1.0307690116
1.0032863858
1.0023661559
1.0220185445
1.0164799585
0.9992309187
1.0033027009
1.0179543986
1.0144629895
1.0055103442
1.0251946204
1.0389523569
1.0388858279
1.0209724023
0.9962859276
1.0022926159
1.0190540677
1.0446937662
1.0310892922
1.0035988372
1.0032321723
1.0009513870
1.0036267295
1.0213892527
1.0387901896
1.0311533432
1.0248410182
1.0310907790
1.0304033864
1.0289095450
1.0177846314
1.0015006312
1.0208674220
1.0439462915
1.0293535845
1.0003951999
1.0015510743
1.0282481867
1.0279821254
1.0096667128
1.0033624809
1.0024818340
1.0139809279
1.0012054996
1.0015668791
1.0165985409
1.0257475568
1.0362067068
1.0370649922
1.0242540944
1.0309020963
1.0332548161
1.0048288065
0.9981946557
1.0261598153
1.0127992632
1.0052489345
1.0276327961
1.0233783917
1.0274588765
1.0215248838
1.0125489017
1.0242136941
1.0163677438
1.0079008956
1.0205239160
1.0317690847
1.0269196483
1.0285964799
1.0393999767
1.0343009210
1.0346400074
1.0300636624
1.0297723841
1.0212309152
1.0084065430
0.9996491595
1.0225289601
1.0226274264
0.9989720886
1.0032991002
1.0102597879
1.0079923702
1.0098041299
1.0123820392
1.0124547782
1.0244908749
1.0346017453
1.0294972119
1.0385214704
1.0574793092
1.0510439547
1.0488791026
1.0381465804
1.0407744437
1.0080632265
1.0066124467
1.0253503276
1.0324673088
1.0328898923
1.0503841212
1.0389473602
1.0348306520
1.0212988509
0.9966055939
1.0008760382
1.0227917565
1.0246205187
1.0281083097
1.0396592651
1.0209085719
1.0087964029
1.0013876541
1.0347474674
1.0458348592
1.0306781479
1.0267260150
1.0188485436
1.0364573276
1.0375160242
1.0434535187
1.0301890670
1.0139348542
1.0236631775
1.0115849582
1.0001754279
1.0143383647
1.0137168585
1.0086912917
1.0315318087
1.0385790046
1.0235285554
0.9952793574
0.9980964331
1.0024190497
0.9994065445
0.9976277092
1.0074590480
1.0226518127
0.9930516536
0.9786525898
0.9723560209
0.9923070888
1.0182870349
1.0180485246
1.0105754661
1.0141833350
1.0170690690
1.0055636962
0.9916668386
1.0048621065
1.0341955170
1.0302561641
1.0105169589
1.0226575290
1.0205040820
1.0334412082
1.0048067777
1.0180410408
1.0217885939
1.0312018420
1.0123699798
0.9936060488
1.0129311555
1.0049193054
0.9808481091
0.9641570081
0.9637015418
0.9695255586
0.9641429084
0.9699250274
0.9830309498
1.0011008376
0.9693397006
0.9307259984
0.9271810160
0.9140298768
0.9046243968
0.9148854193
0.9296622543
0.9431674611
0.9341692798
0.9367472771
0.9550062146
0.9508563207
0.9262388072
0.9306690776
0.9532288312
0.9580658035
0.9535445049
0.9425699350
0.9379614311
0.9577306653
0.9488825502
0.9555211071
0.9608234871
0.9207114622
0.9459044598
0.9782503921
0.9850465177
0.9977171944
1.0095545455
1.0040538167
1.0056506606
1.0157569770
1.0330929044
1.0338105647
1.0130046897
1.0015356045
1.0106323184
1.0196084797
1.0134529058
1.0101131524
1.0375190772
1.0341852927
1.0338172056
1.0279817249
1.0029399556
0.9741405397
1.0015036172
1.0417183558
1.0446031130
1.0244946870
1.0039473747
0.9956241399
1.0017135660
1.0154699836
1.0280366064
1.0230732941
1.0096334401
1.0056377708
0.9911445322
1.0000896466
1.0039865647
1.0022233095
1.0055993637
1.0214066794
1.0023082317
1.0183260590
1.0246586225
1.0236060067
0.9996122974
0.9790926502
0.9840790341
0.9932776385
0.9981828919
0.9924980577
0.9927535314
1.0011496559
0.9910501097
0.9861412566
1.0049496177
0.9917204389
1.0181166546
1.0120500892
0.9912339249
0.9849537935
0.9791388531
1.0079291839
1.0243788809
1.0134928707
0.9954331171
0.9696908899
0.9732925599
0.9918661366
0.9917371939
0.9935165879
1.0040292400
1.0204716928
1.0351756267
1.0172646217
0.9901499050
0.9923784225
1.0278299499
1.0144721908
0.9927522981
1.0076812665
1.0117068850
1.0159230331
1.0501988490
1.0328400807
1.0024217585
1.0148549232
0.9905829993
0.9810955889
1.0078764170
1.0225119950
1.0173116919
1.0209127104
1.0176898966
0.9947540106
0.9902307877
0.9833987808
0.9839561905
1.0114744752
1.0376870925
1.0183970121
1.0036271159
1.0067712694
1.0181854277
1.0330300842
1.0313094429
1.0093215465
1.0024996254
1.0153379045
1.0317022278
1.0261352816
1.0161097889
1.0234156711
1.0361472892
1.0339312228
1.0146043564
1.0234710308
1.0300197628
1.0235072938
1.0207515868
1.0216308389
1.0700050949
1.0434210887
1.0180727143
1.0124383128
1.0177159450
1.0224601577
1.0254395827
1.0326483190
1.0303446754
1.0307964848
1.0358405172
1.0326225054
1.0299250284
1.0323149047
1.0280412665
1.0210490907
1.0027469274
0.9930682895
1.0282727375
1.0271955853
1.0239175111
1.0350048198
1.0000377130
0.9959263765
1.0130433968
1.0210278295
1.0036002940
0.9981314647
1.0045116128
1.0118521055
1.0354418675
1.0464221233
1.0249533429
1.0101724660
1.0083989987
1.0219185248
1.0179598561
1.0020753173
1.0057389425
1.0289380886
1.0084415671
1.0081506871
1.0043808612
1.0025943397
0.9938330871
1.0175137490
1.0296824082
1.0207831933
1.0136252322
0.9968400866
1.0121757589
1.0318612660
1.0116003194
1.0191897155
1.0427707363
1.0269090235
1.0169477114
1.0233503922
1.0222961528
1.0011799710
