#flux
0.9707560770
0.9807461449
0.9880932855
0.9853689885
0.9562076388
0.9564770874
0.9641315696
0.9807336042
0.9808566425
0.9710220852
0.9634592625
0.9562096063
0.9588341892
0.9590087381
0.9652319393
0.9695159411
0.9630786054
0.9700405744
0.9882055786
0.9769733805
0.9504356080
0.9451347472
0.9226107191
0.8962259296
0.8794649567
0.8372029952
0.7821644279
0.7483932027
0.7604355101
0.7991636841
0.8410209095
0.9019362618
0.9280550983
0.9581809934
0.9893526236
0.9926707840
0.9813491096
0.9762322659
0.9767470991
0.9835196137
0.9977016781
1.0039544619
0.9863085828
0.9532557145
0.9399556183
0.9560665158
0.9737810333
0.9741914745
0.9587501136
0.9395360021
0.9386136584
0.9569844831
0.9461431303
0.9421959675
0.9579205651
0.9785752847
0.9902750096
0.9916413093
0.9872416540
0.9778625629
0.9663212100
0.9564853593
0.9479725997
0.9551450385
0.9508038589
0.9372460554
0.9090960816
0.8553577173
0.7923804550
0.7397726265
0.7017306515
0.7150232209
0.7552859081
0.8093105233
0.8656489681
0.9176709536
0.9450848296
0.9490353530
0.9542816413
0.9578547146
0.9436298029
0.9312927111
0.9379940070
0.9501687423
0.9706965833
0.9811460316
0.9692796970
0.9431994213
0.9191517271
0.9132978382
0.9197116870
0.8993172383
0.8846366381
0.8932869822
0.8932587456
0.8977017633
0.8898196190
0.8527583178
0.7993279755
0.7384954491
0.6913754334
0.6760452260
0.6896175042
0.7659049121
0.8490533007
0.9095756472
0.9477467592
0.9786562719
0.9963988913
0.9815544349
0.9577701066
0.9529426268
0.9527616390
0.9423419252
0.9461776663
0.9484973160
0.9480337113
0.9548126178
0.9575730877
0.9470406149
0.9485097451
0.9716484108
0.9785086315
0.9717778014
0.9966466977
1.0096669116
0.9954359353
0.9780854723
0.9669784057
0.9575175394
0.9490471128
0.9364634870
0.9265730734
0.9134081079
0.9142607704
0.9182292657
0.9245477066
0.9340468566
0.9440728783
0.9555673273
0.9671737762
0.9693297063
0.9620488301
0.9624362794
0.9781027022
1.0003719388
1.0072377762
1.0085020269
0.9964265486
0.9745027080
0.9703947098
0.9831647412
0.9830750423
0.9629837854
0.9613933930
0.9582915222
0.9391168996
0.8998781127
0.8670390393
0.8560880034
0.8611678573
0.8844639395
0.9159234413
0.9332433926
0.9416386434
0.9408985117
0.9544052472
0.9781846344
0.9736065590
0.9544030837
0.9465229768
0.9474617805
0.9468631717
0.9398823021
0.9271680038
0.9111291485
0.9054585217
0.9128011517
0.9210473281
0.9194379831
0.9049265701
0.8981636868
0.9227572332
0.9518869337
0.9536795434
0.9603237492
0.9668379103
0.9686070483
0.9804143244
0.9618123258
0.9504040097
0.9451606052
0.9223096894
0.9078826519
0.9179731616
0.9214617415
0.9207915003
0.9035807681
0.8561195282
0.7930001163
0.7282664318
0.6631579262
0.6007876948
0.5462660889
0.4932664671
0.4276262703
0.3553221603
0.3031822652
0.2630506743
0.2340199063
0.2171583282
0.2064056151
0.2133676003
0.2208175350
0.2129962533
0.2014946238
0.2017255348
0.2108933165
0.2167389527
0.2327363704
0.2666681524
0.2978843108
0.3192672782
0.3550552853
0.4172206752
0.4894526536
0.5654956867
0.6522511946
0.7340930318
0.7957660088
0.8372159404
0.8713535694
0.8903843008
0.9153991920
0.9154222403
0.9029308647
0.9051051859
0.9195734158
0.9294185541
0.9314456766
0.9397645459
0.9597265841
0.9712768097
0.9721165246
0.9698816870
0.9589649228
0.9515472936
0.9510124620
0.9609412087
0.9780471801
0.9854728264
0.9877088514
0.9560190387
0.9344218843
0.9225280113
0.9262287690
0.9265623568
0.9224860685
0.9130720958
0.9047189838
0.9079273614
0.9171625871
0.9220157096
0.9199912041
0.9164619739
0.9217491683
0.9388103809
0.9563696941
0.9655455402
0.9625968347
0.9707699516
0.9827341587
0.9761581896
0.9678684575
0.9523106789
0.9479802111
0.9630136646
0.9583798593
0.9629541236
0.9730205712
0.9703868359
0.9637528459
0.9684456736
0.9791276771
0.9802739057
0.9689198931
0.9571850602
0.9618394887
0.9850434919
0.9957678427
0.9850583215
0.9529263533
0.9482693970
0.9614412862
0.9753300563
0.9984227946
1.0168579531
1.0121925214
0.9972277287
0.9832744896
0.9903113371
0.9934918666
0.9844137654
0.9832225237
0.9907066557
0.9946948442
0.9949306831
0.9941797226
0.9956684767
0.9931440146
0.9683247350
0.9600456692
0.9727276840
0.9623866751
0.9286388538
0.9129838240
0.9049838468
0.8810271696
0.8292164438
0.7738165477
0.7482662685
0.7507004692
0.7796440763
0.8300587521
0.8838768313
0.9207596062
0.9369417882
0.9511169718
0.9755689333
0.9908684409
0.9823326815
0.9619518522
0.9491500239
0.9465735940
0.9465985632
0.9540747178
0.9588803399
0.9788381016
0.9758005936
0.9620286442
0.9478361621
0.9355778400
0.9369362971
0.9429252306
0.9419181673
0.9505998071
0.9670034717
0.9655141299
0.9576359548
0.9586841493
0.9406343404
0.9167350456
0.9340223477
0.9542737326
0.9589334184
0.9648014118
0.9816029021
0.9882452882
0.9863398170
1.0107014642
1.0136324510
1.0063566575
1.0097441637
1.0041149955
0.9965614474
1.0007341945
1.0179299883
1.0342601723
1.0241437057
0.9941113677
0.9769393039
0.9692997708
0.9533523051
0.9688195649
0.9537621110
0.8997298330
0.8341949075
0.7541043538
0.6482603120
0.5955664117
0.5826846346
0.5962683723
0.6487066497
0.7325162907
0.8307956730
0.9117578443
0.9644243728
0.9799233853
0.9713377472
0.9801579111
0.9898618605
0.9852260359
0.9822347131
0.9816862672
0.9714164788
0.9719715379
0.9945167330
1.0017998022
0.9856646499
0.9453484573
0.9067509959
0.8275775757
0.7423980349
0.6899461867
0.6805142688
0.7128718744
0.7750371314
0.8424880807
0.8926969057
0.9217546129
0.9408600123
0.9524133704
0.9421227492
0.9021339674
0.8264806755
0.7625757664
0.7226972815
0.6766598727
0.6939130418
0.7245181514
0.7572412800
0.8100596049
0.8750962579
0.9325752948
0.9702917250
0.9871183009
0.9866348875
0.9840265091
0.9838546647
0.9859412369
0.9931528442
0.9880682098
0.9756544054
0.9770002041
0.9674618335
0.9555721845
0.9566695823
0.9351618773
0.8954720056
0.8910243773
0.9178840669
0.9394337172
0.9604654099
0.9624916093
0.9557995542
0.9545907114
0.9555567141
0.9574283332
0.9636415049
0.9711298200
0.9741759097
0.9735771791
0.9775911536
0.9928992385
1.0060156381
0.9915390497
0.9653112661
0.9482039153
0.9661802845
0.9766130026
0.9843515868
0.9776666840
0.9710073562
0.9926676283
1.0119099681
1.0007272463
0.9928601110
0.9885270548
0.9933831457
1.0017758394
0.9984598239
1.0004204098
1.0068200954
1.0131662834
1.0083422874
0.9813039813
0.9718822305
0.9826275233
0.9919169576
0.9992110504
0.9985986746
0.9806310133
0.9471484368
0.9292311202
0.9384057958
0.9485195299
0.9624453875
0.9755808418
0.9910114233
1.0018710068
0.9951316661
0.9790624246
0.9709883367
0.9838004001
1.0033335491
0.9976645251
0.9784489072
0.9749118172
0.9646121673
0.9626433959
0.9647529432
0.9653679687
0.9556555199
0.9438560173
0.9362364495
0.9425135414
0.9678948695
1.0012896458
1.0177516392
1.0040164455
0.9841358386
0.9876286457
0.9889703045
0.9576888813
0.9332774865
0.9047497819
0.8515671504
0.8156412796
0.7966253987
0.7510768608
0.7430978161
0.7742471532
0.8139850551
0.8551990071
0.8949379343
0.9276803083
0.9533959465
0.9739145437
0.9752654773
0.9721713538
0.9799505966
0.9805012742
0.9749901221
0.9807838493
0.9780021187
0.9738051269
0.9798974454
0.9766419662
0.9632790391
0.9719625390
0.9959446247
0.9959854107
0.9880147928
0.9800585090
0.9868023825
0.9947564218
0.9901063498
0.9795462806
0.9698676877
0.9624784868
0.9616151518
0.9593777992
0.9541394574
0.9600178337
0.9737223019
0.9834048895
0.9805078753
0.9704293058
0.9765339703
0.9589536893
0.9345809276
0.9389509732
0.9570478460
0.9542505769
0.9662617880
0.9801011611
0.9843390281
0.9851528262
0.9925441233
0.9896942604
0.9778363377
0.9775451515
0.9834472963
0.9816735218
0.9765139478
0.9657530195
0.9572663076
0.9711484757
0.9869348244
0.9971362863
0.9812179315
0.9802009044
0.9830887173
1.0037955710
1.0002404327
0.9999455342
1.0042462060
0.9893274815
0.9654919518
0.9589157665
0.9720181856
0.9814411080
0.9813827531
0.9761864557
0.9684350342
0.9698976548
0.9733027622
0.9733691842
0.9678935589
0.9670547370
0.9569286748
0.9330130648
0.8697288461
0.7907317916
0.7535306677
0.7553171532
0.7622605482
0.7889498479
0.8465550042
0.9000456939
0.9413624752
0.9730988346
0.9896471249
0.9918358022
0.9856442369
0.9832434599
0.9937158432
0.9910468432
0.9695320769
0.9694314418
0.9934442871
1.0173880630
1.0151259122
0.9977632284
0.9864319036
0.9706373015
0.9761647135
0.9887665665
0.9990480358
0.9891012532
0.9817751790
0.9813513732
0.9861660143
0.9963618037
0.9921591466
0.9718208944
0.9646026800
0.9659862335
0.9588836802
0.9565410174
0.9732712484
0.9853552211
0.9665242202
0.9554424622
0.9883671040
1.0091451789
1.0051212566
0.9979735883
0.9828295355
0.9688077263
0.9832543113
0.9861360904
0.9702806764
0.9536602446
0.9374648470
0.9340035885
0.9595996480
0.9940305107
0.9989905677
0.9757638694
0.9597978160
0.9585464687
0.9634377377
0.9828479636
0.9649000491
0.9608709770
0.9639382982
0.9832933772
1.0033298600
1.0123089087
1.0007136785
1.0079789479
1.0277702394
1.0330612493
1.0279214540
1.0187809301
1.0019102566
0.9902298540
0.9950403676
0.9950421575
0.9760905431
0.9613020854
0.9572214806
0.9641085516
0.9721499398
0.9521663572
0.9492631897
0.9364358099
0.9211156699
0.9256209569
0.9485848136
0.9638250003
0.9734803805
0.9788197609
0.9693834191
0.9493295812
0.9418870533
0.9515026240
0.9539543529
0.9504549076
0.9578470365
0.9575243082
0.9608009130
0.9662276411
0.9736496866
0.9694034776
0.9422970799
0.9340068159
0.9188813074
0.8912183594
0.8696098539
0.8267651787
0.7668809944
0.6982909820
0.6421045353
0.6128195672
0.6131616041
0.6541700782
0.7301333461
0.8057913679
0.8660478757
0.9185737202
0.9447065818
0.9457853055
0.9572168417
0.9369449230
0.9204209084
0.8893308640
0.8266210373
0.7530929769
0.6833394625
0.6371921128
0.6400265971
0.6880321291
0.7596729632
0.8433879091
0.9162150642
0.9527439692
0.9620391885
0.9673457821
0.9750296334
0.9828102813
0.9809333512
0.9710028229
0.9746369553
0.9672807437
0.9951580117
1.0012418946
0.9934589179
0.9917485889
0.9879456152
0.9632368302
0.9449910172
0.9430521825
0.9534664377
0.9564501890
0.9576012045
0.9755618527
0.9941320551
0.9950905132
0.9952535774
0.9975546145
0.9782892331
0.9451500652
0.9242835271
0.9248698765
0.9499958062
0.9555148803
0.9595236016
0.9623918680
0.9787534005
0.9526710028
0.9428740516
0.9625614398
0.9712403589
0.9833322166
0.9971661996
0.9972195065
0.9944151022
0.9929024709
0.9816338351
0.9617118048
0.9577428226
0.9644069666
0.9771193166
0.9891860892
0.9915022748
0.9810136741
0.9529773917
0.9243146919
0.8983189568
0.8926489815
0.8812010454
0.8796517839
0.8972733183
0.9143070802
0.9351043346
0.9552625192
0.9717232378
0.9908218366
1.0032889009
1.0035458794
0.9867627307
0.9800727797
0.9856073124
0.9884611726
0.9815421782
0.9442724964
0.9044883811
0.9010111796
0.9011940339
0.8918051461
0.9021214181
0.9166441610
0.9094450385
0.8768763582
0.8119116334
0.7436521406
0.7169775381
0.7358665785
0.7737436524
0.8110419491
0.8569839734
0.9273880203
0.9557743393
0.9669967475
0.9526130099
0.9800836623
0.9801967847
0.9714138416
0.9670358242
0.9732997898
0.9672616777
0.9761936271
0.9801017991
0.9666891510
0.9666372207
0.9790613504
0.9838345743
0.9826247934
0.9774868833
0.9674747067
0.9633617353
0.9630002338
0.9709101801
0.9788503947
0.9957777094
0.9979106526
0.9903298993
0.9970933174
0.9983552929
0.9848817415
0.9725764416
0.9751495774
0.9797220764
0.9613800901
0.9613402330
0.9737882742
0.9815442410
0.9819808055
0.9756269886
0.9786101354
0.9935871664
0.9938834244
0.9844477392
0.9867054047
0.9855688402
0.9839393039
0.9902237387
0.9734253681
0.9651262712
0.9740556717
0.9776466232
0.9652027741
0.9675761767
0.9866638685
0.9925837983
1.0000402628
1.0111764255
1.0166681162
1.0101273066
0.9897592659
0.9757330973
0.9802756883
0.9805300184
0.9783512749
0.9732327066
0.9721390729
0.9606979279
0.9600544958
0.9542244774
0.9614151397
0.9773848087
0.9836992536
0.9892379651
1.0020527715
1.0101491908
1.0061951420
1.0057137128
1.0091391719
0.9978128508
0.9804914989
0.9778206694
0.9853863340
0.9878272425
0.9574939218
0.9114083468
0.8604831562
0.7949298221
0.7562432097
0.7726477798
0.7939911168
0.8311405132
0.8820057651
0.9320955602
0.9560153278
0.9726432674
0.9954514513
1.0125897570
1.0146478470
0.9989689790
0.9791030458
0.9679705228
0.9598469108
0.9567049911
0.9597075747
0.9429568977
0.9210588989
0.9153003770
0.8887195613
0.8637770501
0.8636288569
0.8424679772
0.8351149245
0.8521623451
0.8898525769
0.9290261343
0.9547836638
0.9596808058
0.9680773539
0.9876160718
0.9931232100
0.9852098337
0.9807928462
0.9716533099
0.9522579965
0.9285998713
0.9246932960
0.9081543165
0.9114859321
0.9249418845
0.9347793333
0.9410730651
0.9581007288
0.9664726448
0.9768031434
0.9735855714
0.9697936213
0.9592323408
0.9486988868
0.9552832960
0.9672698049
0.9510098871
0.9084863602
0.8683860558
0.8307737058
0.7932604440
0.7752110798
0.7870542684
0.8289824720
0.8832442635
0.9353537111
0.9721602140
0.9807849376
0.9793785701
0.9772171816
0.9897175354
0.9879470733
0.9698679045
0.9500510160
0.9297697754
0.8967832148
0.8386236077
0.7615858155
0.6922875510
0.6632835771
0.6843392595
0.7304233398
0.8019300032
0.8491739320
0.8600427180
0.8562754587
0.8181102425
0.7652279219
0.7533966441
0.7802120091
0.8330498865
0.8821680331
0.9196621551
0.9443310862
0.9696854912
0.9791249665
0.9821797521
0.9921409909
0.9922125811
0.9733268096
0.9604703195
0.9820433476
1.0010624166
0.9854605640
0.9725140929
0.9632365963
0.9568391182
0.9745436552
0.9749748476
0.9658882884
0.9653061758
0.9603680649
0.9606974858
0.9598281794
0.9741651734
0.9943069701
1.0095676214
1.0201946497
1.0110307883
0.9899765914
0.9814015088
0.9743722405
0.9754676659
0.9695229577
0.9711196791
0.9662805702
0.9881925179
0.9855121820
0.9562561779
0.9432500621
0.9489787919
0.9784957463
0.9863612195
0.9757576985
0.9816684762
1.0083130289
1.0041749807
0.9856335877
0.9938689677
1.0032338753
0.9962874155
0.9926653117
0.9779537576
0.9695043853
0.9886832925
1.0056634636
0.9963481780
0.9922743336
0.9735389040
0.9486746637
0.9369326959
0.9288443240
0.9161388046
0.8904791810
0.8612912532
0.8156852429
0.7694592816
0.7570631308
0.7780991642
0.8114125933
0.8521291452
0.9019249814
0.9476335928
0.9706576431
0.9744988113
0.9819632148
0.9919816371
0.9845549353
0.9652798948
0.9514774218
0.9562085633
0.9750877292
0.9708040923
0.9515132537
0.9599501395
0.9824451118
0.9966988967
0.9889398659
0.9814760054
0.9968520929
1.0120587738
1.0077434578
1.0042006222
1.0046786788
0.9989167153
1.0047105618
1.0108303272
1.0020418445
0.9830984674
0.9905910375
0.9957156137
0.9875309310
0.9934296308
1.0070217434
1.0121262679
0.9979577788
0.9872916290
0.9972496121
1.0039972865
1.0025684812
0.9964414307
0.9810203101
0.9677751444
0.9683817960
0.9813879580
0.9934057578
0.9907062216
0.9696051198
0.9809620998
0.9694246907
0.9655936762
0.9646395001
0.9621917236
0.9621383953
0.9783400689
0.9812737874
0.9757291935
0.9709771078
0.9658281135
0.9602707811
0.9586206938
0.9527017838
0.9517184403
0.9816589042
1.0065468630
0.9828234576
0.9699531810
0.9862079977
0.9758627543
0.9810335569
0.9791141242
0.9725413216
0.9776936184
0.9831361530
0.9863158900
0.9823652244
0.9751599811
0.9817266108
0.9909007011
0.9897568203
0.9866834172
0.9828928602
0.9763793942
0.9771526749
0.9807374379
0.9764163242
0.9747280363
0.9644214084
0.9792473752
1.0070286124
0.9967631271
0.9918036558
0.9885806073
0.9938167609
1.0043294136
1.0034517117
1.0011246842
0.9973608681
0.9800049356
0.9714972163
0.9846626943
0.9932866525
0.9927832810
0.9994422545
1.0043082391
1.0050246475
1.0126073342
1.0146112611
0.9926884945
0.9735658539
0.9663691699
0.9788837167
0.9998268429
1.0135971351
1.0007491075
0.9968238204
1.0030954322
0.9927646676
0.9779271810
0.9657944935
0.9635897538
0.9728641661
0.9882343435
0.9969577432
0.9876040777
0.9792564105
0.9964229311
1.0075830524
0.9955238075
0.9926731954
0.9908330781
0.9800641248
0.9779879508
0.9687726775
0.9541549274
0.9667764021
0.9741953719
0.9668110583
0.9709379756
0.9867696795
0.9809802681
0.9574840325
0.9564566664
0.9719212913
0.9820823053
0.9986532787
1.0087785488
0.9976622165
0.9902127119
1.0009461210
1.0110538021
1.0048491599
0.9749408717
0.9407146267
0.9549291069
0.9726141984
0.9787511063
0.9870801608
0.9761313596
0.9562806096
0.9452253460
0.9322537416
0.9184439151
0.9156218015
0.9249736701
0.9378602588
0.9427175344
0.9461949539
0.9666948299
0.9801255692
0.9626138651
0.9443623462
0.9450732145
0.9497660546
0.9372821969
0.9322357550
0.9327263129
0.9236257063
0.8906694785
0.8380538458
0.7809889078
0.7246443272
0.6786504429
0.6538577956
0.6651378640
0.7132581426
0.7692313120
0.8140512220
0.8607257027
0.9198718612
0.9727363006
0.9891753566
1.0047107637
0.9976585150
1.0108987927
1.0160695128
1.0197142593
1.0157472955
1.0077211652
0.9959728451
0.9910368082
0.9704244889
0.9678422430
0.9893814415
1.0054364997
1.0113857099
1.0114595593
1.0020902164
0.9954690478
0.9976968900
0.9848004720
0.9982554457
1.0031738331
1.0014425974
1.0133079828
1.0243055827
1.0277452172
1.0002198297
1.0038013676
1.0023801432
1.0060960378
0.9834715089
0.9534399407
0.9361554455
0.9174708376
0.9008985386
0.9020782137
0.9094196844
0.9175830122
0.9395684100
0.9548513801
0.9737110098
0.9818063798
0.9708587596
0.9727697975
0.9915452463
1.0104880248
0.9987326276
0.9807874843
0.9725356979
0.9700036081
0.9785604466
1.0008434140
1.0029163163
0.9856494943
0.9758199366
0.9822538213
0.9914441415
0.9835216737
0.9679186720
0.9740316380
0.9827474217
0.9651596460
0.9759800584
0.9976414214
0.9769071503
0.9795024115
0.9761274249
1.0021748290
1.0093275469
1.0064536622
0.9838779036
0.9625281530
0.9502160009
0.9282165734
0.8836508374
0.8310313670
0.8092002556
0.8289797260
0.8555025639
0.8797682253
0.9104797696
0.9466036323
0.9572605800
0.9644617245
0.9823199159
0.9834919980
0.9740233926
1.0062046460
1.0203463577
0.9882363308
0.9704462700
0.9650595875
0.9591534147
0.9453544459
0.9460310289
0.9645624516
0.9780913737
0.9786447026
0.9719178153
0.9559412920
0.9430423196
0.9841460105
0.9885343778
0.9669901985
0.9508488379
0.9473394290
0.9429798377
0.9544979386
0.9713394563
0.9764971419
0.9493262028
0.9490079789
0.9450964624
0.9348788887
0.9058152319
0.8696397962
0.8511095291
0.8442643761
0.8587780732
0.9021324645
0.9313693679
0.9697508146
0.9995890126
0.9899460794
0.9993372107
1.0081320558
1.0111116803
0.9981286993
0.9726100984
0.9555158275
0.9513403213
0.9319032800
0.8882841090
0.8578395864
0.8516937481
0.8477490733
0.8288694543
0.8072486466
0.7944704750
0.7868116427
0.7905735799
0.8066117725
0.8356752354
0.8617864905
0.8686953794
0.8699338004
0.8872818458
0.9147241195
0.9441608490
0.9737315350
0.9938671034
0.9874357535
0.9878196230
0.9691119983
0.9694462847
0.9825919602
0.9748238170
0.9695794910
0.9730032222
0.9498645325
0.9196049087
0.9124415551
0.8991294722
0.9013253261
0.9454060019
0.9783708021
0.9774231893
0.9654903299
0.9777866231
0.9657374420
0.9500642085
0.9716908511
0.9796150121
0.9888820176
0.9923429781
0.9916426473
0.9879308572
1.0013049915
1.0140821740
0.9925979539
0.9604317868
0.9442071107
0.9480844505
0.9694688508
0.9913157429
0.9854590344
0.9755213930
0.9873907765
0.9732193987
0.9768798021
0.9845618985
0.9914918736
0.9875116165
0.9902679586
0.9896768999
0.9839342916
0.9808935862
0.9797818617
0.9837266671
0.9870799234
0.9897744916
0.9987301223
0.9946028291
0.9892374161
0.9781726762
0.9771450992
0.9702781143
0.9659931171
0.9705116008
0.9818936134
0.9688585360
0.9700816576
0.9803373911
0.9936044629
1.0029865680
0.9962999170
0.9895875955
0.9884517316
0.9960600182
1.0110158379
1.0173588875
1.0172321061
1.0236099076
1.0171897469
1.0063533716
1.0281822885
1.0267988813
0.9984802589
0.9801788810
0.9905734324
1.0026107842
1.0090888899
1.0011072462
0.9687390192
0.9451213516
0.9281719308
0.9012548238
0.8777882502
0.8584261239
0.8408963788
0.8434076432
0.8685707952
0.9012544968
0.9395420602
0.9660954698
0.9733397328
0.9741806100
0.9765880623
0.9687870492
0.9702653446
0.9759653423
0.9714409315
0.9791978085
0.9996823712
1.0168546845
1.0179728769
1.0145775608
1.0125972707
1.0173759922
1.0204946046
1.0093093737
0.9980315285
1.0045289935
1.0133852777
1.0081667982
0.9986421562
0.9984882446
1.0037166256
0.9855101103
0.9846829412
0.9732631792
0.9892867354
0.9992947495
0.9965783668
0.9920497666
0.9797107986
0.9743101121
0.9905301501
1.0062582049
1.0086149000
1.0048620163
0.9968119545
0.9794642321
0.9562371204
0.9460335004
0.9626585543
0.9778072776
0.9730013000
0.9845632367
0.9809786441
0.9762597646
0.9796923166
0.9704077040
0.9608197617
0.9839886059
0.9961433576
0.9769896213
0.9534305940
0.9289322763
0.8794740114
0.7934519224
0.6951086027
0.6194434472
0.5877078976
0.6079989057
0.6690637225
0.7484607861
0.8255740908
0.8978396608
0.9498907905
0.9640633913
0.9550806837
0.9378361686
0.9597490425
0.9683666385
0.9799286873
0.9808570551
0.9781896478
0.9820831164
0.9851813071
0.9813920830
0.9783662658
0.9804978902
0.9856787655
0.9818543878
0.9628411872
0.9548062511
0.9330817575
0.9119384523
0.9159262064
0.9221643390
0.9362122381
0.9427724369
0.9451801825
0.9606133250
0.9702177218
0.9798496096
0.9890360274
0.9914473836
0.9924872836
0.9997492799
1.0026681322
0.9947968902
0.9852141882
0.9804130924
0.9833509951
0.9904988837
0.9859382941
0.9929243509
1.0089436335
0.9988265215
0.9849911669
0.9854183012
0.9685713372
0.9500476685
0.9168934292
0.8927955174
0.8783255440
0.8809239470
0.8779272462
0.8904710524
0.9202735185
0.9536628900
0.9666881153
0.9688568911
0.9813363524
0.9717711484
0.9609498481
0.9656759403
0.9696299811
0.9685847299
0.9664908559
0.9626445246
0.9524525573
0.9331049986
0.8917132100
0.8407466160
0.8011293714
0.7867449111
0.8015004419
0.8360754849
0.8782922676
0.9223479573
0.9547064439
0.9614840731
0.9629476974
0.9826344888
0.9992057446
0.9971513453
0.9685324582
0.9757715671
0.9985575856
1.0093664355
1.0071204601
1.0065740542
1.0081984794
1.0001994218
0.9919421374
0.9604315882
0.9548774921
0.9630617171
0.9670829242
0.9692760150
0.9821805378
1.0097644349
1.0331909278
1.0300712626
1.0050621016
0.9851749213
0.9867699910
0.9920003255
0.9959366033
0.9982428762
0.9928139927
0.9847816975
0.9524896109
0.9411991888
0.9569832230
0.9783762842
0.9860093712
0.9815695512
0.9895595573
0.9953273790
0.9889644593
1.0021386282
1.0203601673
1.0036390224
0.9754463688
0.9619587990
0.9623038899
0.9657581224
0.9742984596
0.9848178366
0.9868465502
1.0030812690
0.9928647548
0.9923087536
0.9907126910
0.9934561161
1.0050968281
1.0037176697
0.9942907815
0.9828723352
0.9803127629
0.9846700350
0.9873892370
0.9791087452
0.9706178792
0.9839503182
0.9967986302
1.0066379977
1.0017097352
0.9953675668
0.9865176636
0.9716617819
0.9757091911
0.9807381585
1.0030901425
0.9948052689
0.9939958309
1.0041681483
1.0060852716
1.0099341502
1.0102464600
0.9923933071
0.9658992673
0.9599618596
0.9802704698
0.9962998477
0.9906486523
0.9765747012
0.9528768235
0.9245435531
0.9192264700
0.9395626404
0.9560956335
0.9544716315
0.9629384566
0.9632424118
0.9580474550
0.9436882569
0.9441954442
0.9684596435
1.0038202569
1.0116861582
0.9969933615
0.9924261877
0.9993383093
1.0009903816
0.9926130734
0.9815659544
0.9840360797
0.9950710002
0.9970795508
0.9997524795
0.9835305656
0.9942923967
1.0076533594
1.0037465123
0.9970356537
0.9863556933
0.9853706009
0.9899729915
0.9918604738
0.9951923279
0.9912307837
0.9929866252
1.0035593718
1.0113726493
1.0126060005
0.9921310327
0.9730329498
0.9752672644
0.9867486578
0.9979398302
0.9848877209
0.9719367396
0.9633806957
0.9681065028
0.9687959560
0.9647126220
0.9700563184
0.9627877324
0.9467368670
0.9342348967
0.9292633223
0.9336647052
0.9503706008
0.9612269004
0.9658719020
0.9918754362
1.0111358302
1.0074203624
1.0218051949
1.0113556985
0.9749113366
0.9729117022
0.9757004015
0.9843804957
1.0002131571
1.0086060436
1.0115090059
1.0090241008
1.0074239681
1.0058750097
1.0062498100
1.0045656677
0.9971302970
0.9873733516
0.9838009645
0.9937480291
1.0036167944
0.9967060520
1.0057544891
1.0095812073
1.0136195091
1.0066050449
0.9854012889
0.9768577592
0.9893070651
1.0087620059
1.0054347449
1.0038345099
0.9908918843
0.9836026615
0.9847127546
0.9954195546
0.9976688375
0.9899126971
0.9818228962
0.9744663182
0.9733888751
0.9751635048
0.9796609599
0.9783190815
0.9902473252
0.9864459609
1.0093745187
1.0007783207
0.9742943671
0.9677875566
0.9727077420
0.9844482127
0.9981302976
1.0000630295
0.9927599624
0.9857548013
0.9877044276
0.9880742458
0.9798936508
0.9595690388
0.9383720558
0.9452747337
0.9530685021
0.9419621553
0.9393946860
0.9272110379
0.9318888746
0.9591407782
0.9891229497
0.9902570931
1.0002309127
0.9915441983
0.9811687664
0.9954737637
1.0060408691
1.0104972378
0.9958967742
0.9833850084
0.9785696545
0.9734661113
0.9789760219
0.9874064847
0.9760870219
0.9471944633
0.9550180749
0.9727628409
0.9817903201
0.9680295787
0.9839049189
0.9665941348
0.9587759217
0.9739891056
0.9844643667
0.9726407290
0.9592650670
0.9298376413
0.9043340186
0.8821418969
0.8387078463
0.7679579772
0.6898406805
0.6336887020
0.6142914205
0.6280626611
0.6832870708
0.7770168541
0.8580495884
0.9177199985
0.9542442378
0.9801882042
0.9754940836
0.9849812158
1.0037591632
0.9961037270
0.9984333116
1.0002516067
0.9873618370
0.9836912490
0.9870936165
0.9848039537
0.9803811450
0.9849771846
0.9943463228
0.9851838201
0.9720808435
0.9773005295
0.9888259089
0.9940488863
0.9981165131
0.9826252440
0.9804184777
0.9707506811
0.9515994441
0.9318817015
0.9297092140
0.9184682621
0.9168163240
0.9385921491
0.9564163363
0.9568702289
0.9463928036
0.9425045052
0.9510063785
0.9600408401
0.9851130898
1.0116867025
1.0059084617
0.9831510891
0.9934022529
1.0017378447
0.9704697822
0.9278394194
0.9260195947
0.9437920287
0.9302402617
0.9351399501
0.9503809655
0.9577676957
0.9654468909
0.9787176202
0.9855091727
0.9853033619
0.9851731176
0.9744631956
0.9543153966
0.9451536555
0.9238074426
0.8884739825
0.8582717725
0.8513152341
0.8833519108
0.9021545899
0.9227224553
0.9105160537
0.9068501110
0.9227179314
0.9371657130
0.9423491761
0.9679283582
0.9886364366
0.9715950071
0.9541405875
0.9574025305
0.9542996840
0.9436409197
0.9323862388
0.9319076614
0.9393259021
0.9606944622
0.9867684070
0.9930109291
0.9995644955
0.9950814315
0.9810180937
0.9794906298
0.9831469895
0.9883221371
0.9849987574
0.9769521801
0.9639894028
0.9678062546
0.9784521489
0.9825858525
0.9826082798
0.9785634929
0.9841397608
0.9940886743
1.0101473517
1.0079025801
1.0039617880
1.0132622268
1.0082391080
0.9997497291
1.0025170586
1.0019920869
1.0035260172
1.0096879252
0.9959089536
0.9891075396
0.9885079184
0.9995344072
1.0111036280
1.0045354066
0.9880066265
0.9742840514
0.9738510394
0.9968579230
1.0102175279
1.0142568003
0.9828125028
0.9462682876
0.9546918766
0.9718383576
0.9691895510
0.9844155573
1.0026590432
1.0021878738
1.0071291671
1.0180973123
1.0026813819
0.9900214742
0.9969335534
1.0124174393
1.0151622726
1.0043537713
0.9980563564
0.9925991116
0.9935702936
1.0122309447
1.0236973953
1.0059906999
0.9976750786
0.9867150010
0.9783420156
0.9820115878
0.9846426804
0.9842432322
0.9764612838
0.9922563764
1.0026562565
1.0081809235
1.0160561881
1.0185741675
1.0184180869
1.0160415902
1.0059834229
1.0022170297
1.0104825671
0.9993331378
0.9644140510
0.9696968911
0.9906578108
0.9773491041
0.9573334714
0.9659120760
0.9754786338
0.9768466333
0.9932881691
1.0050582447
0.9991320963
1.0069895521
1.0164762741
1.0031719889
0.9778616251
0.9594542841
0.9694606784
1.0077459167
1.0194304876
0.9893119314
0.9762712612
0.9677284575
0.9675133626
0.9682951145
0.9807328723
0.9894535731
0.9847858851
