#flux
0.9711205764
0.9774445683
0.9759582881
0.9616264238
0.9515737390
0.9674871364
0.9782620870
0.9809332214
0.9851754784
0.9817741992
0.9797977033
0.9893984883
0.9927903583
0.9940521826
1.0002909370
0.9904968824
0.9914665324
0.9828201313
0.9723787052
0.9808621147
0.9836306686
0.9658822418
0.9568174748
0.9775436304
0.9620572284
0.9505308626
0.9457128374
0.9349225225
0.9367103760
0.9498652670
0.9599625738
0.9738192237
0.9883987827
0.9903883924
0.9799580205
0.9666767807
0.9559617213
0.9666429796
0.9886535837
0.9754854197
0.9552859771
0.9623439514
0.9595274428
0.9737857208
0.9940028403
1.0035228282
0.9989625106
0.9844018005
0.9694784246
0.9659619721
0.9739846399
0.9752442756
0.9637854897
0.9630794629
0.9716759412
0.9788532505
0.9770421094
0.9790034986
0.9876871269
0.9671843248
0.9830240783
1.0074765198
1.0063002679
0.9687101953
0.9447403962
0.9464697262
0.9443920014
0.9306771990
0.9244848331
0.9214003996
0.9093747970
0.9040462757
0.9179858995
0.9384951359
0.9550765475
0.9631084591
0.9645694975
0.9620052542
0.9547449108
0.9598405434
0.9770262816
0.9735212645
0.9710242359
0.9704062106
0.9595160949
0.9451242681
0.9329878128
0.9097110512
0.8800667486
0.8613213821
0.8542830494
0.8580069536
0.8767051472
0.8997171621
0.9180546549
0.9335088593
0.9523959751
0.9616492114
0.9301713830
0.8928611907
0.8775627940
0.8775446102
0.8911316773
0.9076748025
0.9131500010
0.9177802787
0.9290646089
0.9288344412
0.9262066648
0.9227457010
0.9234659573
0.9265519640
0.9224006333
0.9250351799
0.9273146031
0.9155397738
0.9022952418
0.9094084826
0.9236590983
0.9246611150
0.9339205481
0.9301400166
0.9273080219
0.9391030821
0.9520672030
0.9565183902
0.9538940861
0.9476759582
0.9507482798
0.9464705097
0.9260575081
0.9142200341
0.9213842443
0.9266453838
0.9210649050
0.9196702575
0.9221667141
0.9207562878
0.9350341174
0.9350065992
0.9018156049
0.9031868923
0.9037553322
0.9175818371
0.9208650815
0.9072701013
0.8978275433
0.8972346424
0.9029885873
0.9036487030
0.9022304557
0.9105432240
0.9203086607
0.9143872103
0.9028175464
0.9087316014
0.9121479281
0.8913612019
0.8767765824
0.8730170659
0.8808779286
0.8626893848
0.8564224450
0.8735282763
0.8839980792
0.8802004012
0.8745773894
0.8724233621
0.8704190279
0.8685519803
0.8650021164
0.8591482085
0.8519277538
0.8411449047
0.8315422530
0.8341235014
0.8428243636
0.8509691628
0.8519462009
0.8357080075
0.8346856722
0.8425942210
0.8529285432
0.8613283474
0.8539001047
0.8529316179
0.8497320903
0.8358797516
0.8205304725
0.8067559891
0.8092095911
0.8061334689
0.8064517355
0.8265214139
0.8143298825
0.7759267596
0.7758446148
0.7969599825
0.7910304495
0.7567009154
0.7180952527
0.6956103280
0.6456210647
0.5808151856
0.5141795528
0.4514230283
0.3929240424
0.3379515334
0.2934048267
0.2612294796
0.2351581492
0.2196617316
0.2073444542
0.1894575080
0.1911356984
0.2140486319
0.2176989975
0.2409966838
0.2880911040
0.3228373659
0.3515391476
0.4072118645
0.4673742910
0.5280732455
0.5798845941
0.6318417746
0.6701386916
0.6964939362
0.7291044940
0.7602183320
0.7770416250
0.7836482227
0.7854160755
0.7944149481
0.8159307282
0.8297071511
0.8305850722
0.8314608309
0.8307093430
0.8184714754
0.8269401280
0.8472049118
0.8528720745
0.8576379855
0.8504353993
0.8617834256
0.8570229064
0.8560239987
0.8477277374
0.8476730357
0.8593843760
0.8738175854
0.8808889921
0.8750159496
0.8685228503
0.8713987904
0.8677731153
0.8610409642
0.8747831142
0.8804545061
0.8683217674
0.8621929782
0.8723708202
0.8701830795
0.8639007315
0.8785311141
0.8863466151
0.8879866503
0.8874746982
0.8745330458
0.8635390103
0.8674105117
0.8919404847
0.9235877966
0.9329576167
0.9157209971
0.9046213771
0.9204050494
0.9284632886
0.9015969052
0.9064821624
0.9165008401
0.9118999089
0.9115151475
0.9064559873
0.9239852272
0.9406679383
0.9228386996
0.9050644688
0.9152165908
0.9299624752
0.9330260732
0.9337191240
0.9299010606
0.9326692838
0.9467320352
0.9462204221
0.9413706227
0.9390620595
0.9331749402
0.9322497243
0.9340056419
0.9498764611
0.9595109767
0.9500040229
0.9580751739
0.9640496204
0.9518610668
0.9291341779
0.9071684177
0.9008053656
0.9124192554
0.9212830197
0.9319649289
0.9425724897
0.9296851847
0.9040575931
0.8756998021
0.8149925430
0.7562560196
0.7318404276
0.7493285041
0.7989270994
0.8614833209
0.9201406157
0.9447159996
0.9396149835
0.9493600265
0.9482542712
0.9437196945
0.9463574417
0.9528632446
0.9552598804
0.9491942986
0.9450001707
0.9564848272
0.9713683000
0.9779253524
0.9855081549
0.9639094419
0.9455919902
0.9321343047
0.9381312774
0.9458487380
0.9529630506
0.9455299602
0.9322532727
0.9366930353
0.9491840786
0.9692944661
0.9588378956
0.9324500127
0.9272319909
0.9397768128
0.9569241285
0.9714816784
0.9746003253
0.9686585690
0.9640125290
0.9709121657
0.9802421971
0.9650195717
0.9472798952
0.9374233841
0.9482094387
0.9396462731
0.9458944239
0.9602423208
0.9839128489
1.0020481378
0.9975759911
0.9827439410
0.9714239457
0.9521700881
0.9385711352
0.9444309676
0.9355436426
0.9032394477
0.8829135507
0.8581362878
0.8448516723
0.8517105630
0.8875260893
0.9497553945
0.9917268482
0.9883324303
0.9916829128
0.9799876344
0.9725482579
0.9770795392
0.9551996397
0.9444892719
0.9520715382
0.9717586387
0.9842837078
0.9801452213
0.9771080892
0.9766482641
0.9632883311
0.9504896562
0.9450443597
0.9358509174
0.8994851564
0.8669959309
0.8765261126
0.8991713222
0.9142630548
0.9346027019
0.9567101044
0.9628651506
0.9571588716
0.9608062060
0.9695982261
0.9545686591
0.8955194320
0.8334700220
0.8012859295
0.7868649487
0.7957776440
0.8392154841
0.8992525161
0.9422432248
0.9562141750
0.9690628452
0.9943269781
0.9824006923
0.9621815836
0.9448347445
0.9667276506
0.9747367704
0.9642612278
0.9719885502
0.9814005347
0.9827670137
0.9830903733
0.9849187538
0.9863311831
0.9817169122
0.9759664051
0.9784676965
0.9721236947
0.9667861391
0.9731854292
0.9847170829
0.9738225630
0.9682235009
0.9666164379
0.9639077695
0.9752486323
0.9888091424
0.9882813470
0.9898562180
0.9824862224
0.9716171058
0.9695668929
0.9706477982
0.9746505331
0.9800421339
0.9823434607
0.9839326744
0.9774102405
0.9798996392
0.9924661270
0.9943777062
0.9914066132
0.9917588014
0.9866578645
0.9864152175
0.9832268267
0.9807023704
0.9808857426
0.9900779728
0.9981153562
0.9892253673
0.9855483037
0.9870211174
0.9748046987
0.9625641194
0.9630232425
0.9658990217
0.9735305032
0.9767988971
0.9796317312
0.9897388132
1.0130652439
1.0224562722
0.9971874572
0.9903681224
0.9922556842
0.9975522090
1.0020045362
0.9984710457
0.9976049742
0.9912635812
0.9803487720
0.9782976819
0.9810794715
0.9849701669
0.9932538859
0.9967149715
0.9911931753
0.9873516824
0.9826761974
0.9809995686
0.9810739771
0.9792701489
0.9754984852
0.9719930299
0.9963964348
1.0222374127
1.0142534080
1.0176423841
1.0152801804
0.9880455667
0.9692406763
0.9773848817
0.9913173358
0.9801491709
0.9452208858
0.9172916567
0.9098354485
0.9092043408
0.9069172308
0.9120609936
0.9537053165
0.9888809167
0.9759244638
0.9663646791
0.9710727090
0.9753534833
0.9893973605
1.0012781977
1.0004423572
0.9830806892
0.9697855228
0.9774673287
0.9870217568
0.9886959894
0.9862571779
0.9803774264
0.9707940855
0.9604342723
0.9695517414
0.9845824554
0.9994287889
0.9926618961
0.9860928685
0.9798811288
0.9762466785
0.9885316563
0.9966460649
0.9844499275
0.9794708148
0.9867435491
0.9894190028
0.9991595400
0.9928015196
0.9703132318
0.9521751301
0.9470911469
0.9524086494
0.9558799179
0.9624135503
0.9643151365
0.9622177265
0.9762048041
0.9965587068
1.0032181165
1.0129819962
0.9899788552
0.9741219803
0.9672295336
0.9507794596
0.9685389325
0.9880361590
0.9818846969
0.9746127926
0.9857203568
0.9992791336
0.9999727361
0.9964723060
0.9984756061
1.0003941215
0.9970300092
0.9914376589
0.9800651977
0.9620380267
0.9698644609
0.9897232322
1.0018862920
1.0018442504
0.9951024627
0.9883399779
0.9805312835
0.9828426353
0.9969887780
1.0061688375
1.0017714309
0.9979560934
1.0051491162
1.0054536536
0.9785145107
0.9379018925
0.9080352510
0.8834134685
0.8585379598
0.8854667971
0.9231365444
0.9553034853
0.9705794819
1.0024456891
1.0029108402
0.9913127606
0.9886363116
0.9851255374
0.9952638676
1.0021795196
0.9990084962
0.9947840489
0.9862360526
0.9790281358
0.9864965745
0.9955770689
0.9959595275
0.9976070723
0.9919392967
0.9809429591
0.9752613323
0.9705282852
0.9714773227
0.9797940175
1.0030437933
1.0305303482
1.0217682063
1.0008170863
0.9979460362
1.0022044701
1.0005937345
0.9999202316
0.9996834513
0.9957607305
0.9910752744
0.9898379952
0.9941247296
0.9922136666
0.9936602028
0.9958425277
0.9941328968
0.9918429923
0.9873018547
0.9842669317
0.9861483728
0.9950586118
0.9889518577
0.9897996308
0.9986760286
0.9994210872
1.0029640148
1.0025984645
1.0017412268
1.0080494957
1.0067257523
0.9929484020
0.9861186589
0.9918678146
0.9919932173
0.9941465329
1.0105997453
1.0132252328
1.0049536659
0.9968453726
0.9938791328
1.0036893526
1.0009399979
0.9893183236
1.0008024210
1.0081784452
1.0005903494
0.9919766377
0.9872283969
0.9898663169
0.9934235862
0.9906153530
0.9963397739
1.0056365756
0.9948000957
0.9761007355
0.9650830154
0.9529588041
0.9453552774
0.9546854682
0.9833102446
1.0104074815
1.0258085494
1.0306232970
1.0004622923
0.9904801440
1.0071900386
1.0080852575
1.0071246991
1.0238099100
1.0353916777
1.0264591941
1.0119636101
1.0069997109
1.0005933720
0.9696575371
0.9317068008
0.9055663153
0.8874303921
0.8903154528
0.8988316332
0.8607412093
0.7673095019
0.6859930770
0.6600707481
0.6771687936
0.7258242437
0.7972346144
0.8843839531
0.9538884729
0.9829344060
0.9926937482
0.9972406961
0.9845486287
0.9678743983
0.9605829031
0.9355505192
0.8972823406
0.8310203798
0.7685818452
0.7518366372
0.7614227789
0.7906025067
0.8567673112
0.9161205237
0.9492009257
0.9644153320
0.9656793323
0.9588271677
0.9621985546
0.9801042959
0.9920481633
0.9849630239
0.9739511072
0.9756946371
0.9787764985
0.9730792425
0.9947612111
1.0303950839
1.0087971093
1.0147831419
0.9946537076
0.9755074763
0.9908508242
1.0052242231
0.9954812179
0.9946504937
0.9988291595
0.9993884798
1.0007969174
0.9995000403
0.9900303320
0.9846678910
0.9934027347
1.0012884682
1.0024548677
1.0123627430
1.0226777561
1.0284567562
0.9905236291
0.9483925763
0.9595482738
0.9795797713
0.9895077230
0.9932420745
0.9956169043
0.9959590097
1.0025065439
1.0154120013
1.0273732883
1.0157245762
0.9863291669
0.9770220099
0.9902446201
0.9900744023
0.9718866203
0.9703055716
0.9911626026
0.9842620134
0.9325568464
0.8941500768
0.8486769233
0.8496120608
0.8952300113
0.9261669218
0.9649624417
0.9892198560
1.0027350279
1.0069936151
1.0076672381
1.0078947254
1.0104712711
1.0124069663
1.0097550588
1.0039366298
0.9866247336
0.9610167221
0.9421334378
0.9409371760
0.9433906620
0.9283210388
0.9356136731
0.9725144890
0.9754223402
0.9752887672
0.9715315802
0.9673013627
0.9607111858
0.9576688904
0.9686532783
0.9787880066
0.9766359916
0.9788115770
0.9881378793
0.9888415247
0.9922934692
1.0053270878
1.0078653485
1.0108923885
1.0039963043
0.9856811806
0.9806242315
0.9910260309
0.9851856074
0.9804950634
0.9929883500
0.9888991948
0.9971654007
1.0044808565
1.0103359199
1.0188137938
1.0261704374
1.0234969121
1.0177084205
1.0159698891
1.0040572969
0.9953774416
1.0067490637
1.0015742236
1.0059949992
1.0001787889
1.0087380601
1.0234234938
1.0303419676
1.0257746978
1.0267995359
1.0226537318
1.0052150980
0.9863779894
0.9769712081
0.9843221755
1.0012947153
1.0075631472
0.9990204877
0.9975313982
1.0130017754
1.0268586124
1.0292702438
1.0137739264
0.9900447341
0.9974468410
1.0033615374
0.9971078724
0.9956357394
0.9809922287
0.9872393868
1.0035514130
1.0130885890
1.0109081748
1.0083240974
0.9979150314
0.9843924923
0.9836124355
0.9946878464
1.0052633992
1.0075505953
0.9984245354
0.9848066243
0.9830529337
0.9927360185
0.9913675547
0.9830180977
0.9934884716
0.9934684948
0.9975913408
1.0174828785
1.0110870395
0.9993753674
1.0023924746
1.0062613831
1.0085646032
0.9962558447
0.9842719786
0.9843135788
0.9838260488
0.9753805630
0.9540904742
0.9201487000
0.8901459440
0.8912514668
0.9088261586
0.9323416860
0.9635598042
0.9875036989
0.9980414317
0.9952315913
0.9957100098
1.0110611091
1.0162454384
1.0132863200
1.0177229602
1.0055728334
0.9857018213
0.9773978798
0.9780111345
0.9778347985
0.9746238563
0.9779794169
0.9778023323
0.9779439728
0.9809901347
0.9887269462
0.9844140206
0.9768746490
0.9751000866
0.9800908950
0.9893316027
0.9983614253
0.9973980169
1.0020605320
1.0038712075
0.9980002940
0.9859405764
0.9773883440
0.9862972037
1.0088518344
1.0234569161
1.0220329102
1.0123709563
0.9895342793
0.9697541524
0.9824291369
0.9954517626
1.0038680328
1.0073668739
0.9949145658
0.9804064698
0.9710756776
0.9760899072
0.9697637948
0.9825131539
1.0072972108
1.0045524072
0.9741846761
0.9420634958
0.9194004148
0.9128717220
0.9216768406
0.9394985158
0.9838303372
0.9896797236
0.9982412132
1.0058182608
1.0081547037
1.0150574839
1.0061782110
0.9960845019
0.9836320268
0.9713670970
0.9707531024
0.9586190321
0.9195006350
0.8659952728
0.8239220869
0.8125241452
0.8296888350
0.8609315915
0.9020031570
0.9505946778
0.9804969643
0.9667750626
0.9373981299
0.9289428012
0.9453138759
0.9554417080
0.9598545668
0.9766240293
0.9993067845
0.9934522257
0.9846963769
0.9959257054
1.0249378577
1.0078214507
0.9744316157
0.9818632322
1.0005288785
0.9922845122
0.9773172461
0.9823118234
1.0048997935
1.0068656243
1.0066591254
0.9927983755
0.9894576146
1.0143212221
1.0340243118
1.0175361630
1.0135593653
1.0031726463
0.9884072638
1.0000128418
1.0056005250
1.0000722514
1.0055595909
1.0104989813
0.9987033636
0.9814206223
0.9789426592
0.9997351226
1.0236577948
1.0215346503
1.0079021922
0.9997654473
1.0043475749
1.0179549298
1.0031929063
1.0123816250
1.0054953176
1.0095701310
0.9955353864
0.9999661643
1.0208268556
1.0306369181
1.0267052224
1.0188569443
1.0112128729
1.0000722673
0.9966747127
1.0148445377
1.0295876969
1.0221735524
1.0147181852
1.0178804890
1.0111293890
1.0069140729
1.0047575043
0.9879881976
0.9704279217
0.9832088423
0.9710010802
0.9717856384
0.9715904322
0.9664141305
0.9667995099
0.9661500388
0.9708132851
0.9895088684
1.0113324304
1.0184559293
1.0048703309
0.9918251183
1.0012777982
1.0197305255
1.0018943778
0.9882913174
0.9808214134
0.9783260736
0.9976736549
1.0090510356
1.0086621401
1.0043891876
1.0017293209
0.9977342623
0.9966746150
1.0002369661
1.0027345071
1.0068926676
1.0073033311
1.0060910007
1.0147499037
1.0096214830
0.9968428249
1.0030369049
1.0270225801
1.0203036451
1.0077128627
0.9836733943
0.9746058137
0.9760585530
0.9884732572
0.9949235285
1.0002142258
1.0107729174
1.0118985952
0.9970957996
0.9956753555
1.0053527552
1.0001742054
1.0022511871
1.0211375442
1.0152414760
1.0059175857
0.9991434166
0.9977486582
0.9741121664
0.9792306601
1.0073533253
0.9947573199
0.9816883588
0.9878100764
0.9943995613
0.9836153090
0.9589610008
0.9526769908
0.9706802165
0.9886994842
0.9888419507
0.9809428516
0.9835864217
0.9949141461
0.9959298688
0.9862182555
0.9920164527
0.9995661262
0.9871373016
0.9912489237
0.9965549808
0.9963131676
0.9934084844
0.9977151627
0.9989472372
0.9995423904
1.0064354687
1.0060703426
1.0069433807
1.0153876821
1.0234350412
1.0222363569
1.0127358222
1.0044732565
1.0011086513
0.9973535594
1.0001336270
1.0109050555
1.0042294445
0.9978218662
1.0094788100
1.0106699804
1.0020760357
1.0030870536
1.0142902199
1.0079957610
1.0004013961
1.0029751926
1.0062149170
1.0199920575
1.0322032456
1.0218718726
1.0001700648
0.9887812026
0.9880601798
0.9896774242
0.9895047466
0.9851359702
0.9764513181
0.9775189963
0.9997676399
1.0254216552
1.0167508589
1.0152554641
1.0196051183
1.0225402369
1.0366924966
1.0337689400
1.0220940625
1.0182504980
1.0231290918
1.0237502164
1.0127643100
1.0026682142
0.9989785398
0.9966704858
1.0061250416
1.0096505226
1.0058035128
1.0017913691
1.0071258804
1.0195985797
1.0420363013
1.0446953898
1.0367249335
1.0070372464
0.9994331088
1.0031571983
0.9981411741
0.9907767012
0.9949602882
1.0100185446
1.0158406062
1.0148931218
1.0190409603
1.0208755689
1.0207470330
1.0041468799
0.9771128668
0.9569566964
0.9639216183
0.9756898021
0.9921845162
0.9938986157
0.9912484302
1.0189501912
1.0319581069
1.0144441000
1.0032035618
1.0035058022
1.0006380307
0.9988157059
1.0092822111
1.0136463441
0.9972526114
0.9825770658
0.9843629036
0.9922939990
1.0014687568
1.0140277034
1.0149003961
1.0088673872
1.0020631636
0.9931390759
0.9935883203
1.0049429772
0.9931060364
0.9900173272
0.9936067071
0.9956976200
0.9712583252
0.9533017399
0.9384748245
0.9217306395
0.9233446926
0.9451840661
0.9796432973
1.0044781513
1.0111602556
1.0140975257
1.0124928799
1.0122554920
1.0102939626
1.0088645653
1.0248160994
1.0158607939
1.0020494964
1.0091312980
1.0213245082
1.0146856700
1.0051197153
1.0030730591
1.0029502212
0.9956621267
0.9854782439
0.9904779810
1.0068444937
1.0127766618
1.0146481532
1.0016593640
1.0036854906
1.0172991878
1.0156511439
1.0031427707
0.9999373705
0.9978963174
1.0176334787
1.0391640272
1.0236518767
1.0043544327
0.9967643625
0.9872235669
0.9744200667
0.9583348630
0.9381302634
0.9224592180
0.9261218394
0.9498643087
0.9735481406
1.0043466600
1.0305493208
1.0336632530
1.0170087822
1.0066760648
0.9948454972
0.9991295441
1.0116131431
1.0253771459
1.0287237510
1.0188433633
1.0148892008
1.0320264663
1.0395543006
1.0189001851
0.9968772070
0.9869793628
0.9802033032
0.9816056434
0.9841218839
0.9758670147
0.9778486331
1.0043106710
1.0222872072
1.0258726439
1.0314389780
1.0267803658
1.0143649309
1.0128779931
1.0074688171
1.0057658407
0.9865451620
0.9826285213
0.9995290554
1.0180503810
1.0165938103
0.9952889692
0.9793950570
0.9771931296
0.9766442777
0.9875977859
1.0089446621
0.9992340375
0.9814688383
0.9770736603
0.9869148050
0.9948251865
1.0037189064
1.0003995822
0.9864016729
0.9936459392
0.9960314652
0.9988134710
1.0055266042
1.0033108040
0.9934410108
0.9869842145
0.9916239586
1.0095743793
1.0185077568
0.9963269905
0.9819617986
0.9750553773
0.9681474095
0.9745909250
0.9843884958
0.9580468546
0.9653685152
1.0034169819
0.9902441821
1.0009665499
1.0029635701
0.9937064314
0.9817560262
0.9728897382
0.9745936169
0.9746461846
0.9650280262
0.9582453307
0.9610875197
0.9784221558
1.0046179630
1.0053829964
0.9916770660
0.9951641607
0.9902097470
0.9840358226
0.9982163944
0.9960289676
0.9865057033
0.9812365042
0.9573136523
0.9447263024
0.9424785936
0.9299231651
0.9158311087
0.9007148986
0.8619228859
0.8108088504
0.7809934472
0.7715150659
0.7855597010
0.8257055420
0.8630597411
0.8956960361
0.8970797741
0.8901159617
0.8969546621
0.9249026983
0.9408747091
0.9564090975
0.9810779927
0.9979318629
1.0016829744
1.0014526549
0.9953661440
0.9976869836
1.0017940615
0.9914669809
0.9818998183
0.9791912920
0.9692502224
0.9491263278
0.9224911184
0.9152220095
0.9559326255
0.9540417533
0.9732014954
0.9669149667
0.9772507100
0.9818798812
0.9783032667
0.9694490387
0.9641263666
0.9699436574
0.9706637683
0.9829295242
1.0134593513
1.0281677516
1.0186194722
1.0108622468
1.0045595374
0.9920067555
0.9900839238
0.9936560961
0.9949574094
0.9973561195
1.0037840115
1.0063228258
1.0048090115
0.9979886869
0.9883609896
0.9973530332
1.0142175260
1.0046532240
0.9946367996
0.9973235104
1.0000982688
1.0043348865
1.0117118494
1.0101644688
1.0015440613
1.0029992739
1.0095286130
1.0006331970
0.9908242401
0.9724640964
0.9747249190
0.9747242420
0.9829197236
0.9814200288
1.0060607951
1.0056259759
1.0002275655
1.0054892954
1.0125424183
1.0126973139
1.0105101132
1.0024899648
0.9977959074
1.0096374434
1.0150879365
1.0047030867
1.0007143151
1.0038380974
1.0113988078
1.0022344112
0.9937485724
0.9946559053
0.9929786156
1.0043719310
1.0069323871
1.0053520686
1.0010152034
0.9888550283
0.9737840231
0.9545595238
0.9390844319
0.9257543118
0.9081447856
0.9067944992
0.9268257273
0.9332393650
0.9390468207
0.9642700110
0.9873690951
0.9800062542
0.9914230432
0.9912860277
1.0017679416
1.0089442367
0.9995540240
1.0151305183
1.0075334220
1.0164806412
1.0272962080
1.0128684757
1.0018695100
1.0066945521
1.0165988942
1.0253860003
1.0232698615
1.0194963136
1.0278084828
1.0195930951
1.0166441765
1.0160032015
1.0364702340
1.0456166983
1.0090956450
0.9788593843
0.9732365843
0.9781689117
0.9821837473
0.9876555497
1.0006179065
0.9948803875
0.9990102639
1.0032440907
0.9980604295
0.9956722253
0.9914536440
0.9909438575
0.9949264764
1.0022087201
1.0084551412
1.0114621448
0.9995874943
0.9984178767
0.9948704016
0.9843043108
0.9840487660
0.9922328156
0.9993643343
0.9994197862
0.9981727186
1.0006558749
0.9980159990
0.9933064444
0.9943825968
0.9765905259
0.9180273847
0.8348797793
0.7532681357
0.7111189625
0.7177442304
0.7742295627
0.8387572665
0.9239711300
0.9478286562
0.9664264179
1.0105956956
1.0200601467
1.0125131573
1.0112798765
1.0087406973
0.9983791405
0.9943745556
0.9994426607
1.0122645774
1.0246474103
1.0297406696
1.0262288005
1.0142008045
1.0132736496
1.0130680468
0.9950826286
0.9962383161
0.9909944621
0.9703671776
0.9613719543
0.9997333285
1.0077906347
0.9962567716
0.9922559330
0.9957042480
1.0019552128
1.0077727031
1.0048210429
1.0050906551
1.0141876443
1.0093319817
0.9952619560
0.9988449164
1.0023395691
1.0011219879
0.9959455435
1.0092443675
1.0166828165
1.0099664763
0.9788540461
0.9646038026
0.9785022642
0.9894579293
1.0073014210
0.9991535197
0.9922582236
0.9915441313
0.9769462322
0.9743421338
0.9755202229
0.9669444246
0.9773800321
1.0000996463
1.0000862830
0.9920462850
0.9987345678
0.9941278300
0.9685011066
0.9798869749
1.0064042580
1.0088750830
1.0028246663
0.9967926241
1.0022888496
0.9983794261
0.9778607506
0.9666117338
0.9502929312
0.9472729709
0.9660038878
0.9739231101
0.9801122489
0.9945198177
0.9844977850
0.9814754866
0.9787447611
0.9823821600
1.0039518178
1.0136625171
1.0165157492
1.0157135966
1.0229744615
1.0257726684
1.0113530343
0.9946742657
0.9957528699
0.9995474906
1.0008164072
1.0110864665
1.0255903512
1.0206029874
1.0214089821
1.0362379179
1.0196721635
0.9998569938
0.9974703066
1.0162754786
1.0136637796
1.0006363150
1.0063044204
1.0154429410
1.0193480617
1.0102421092
1.0141976219
1.0123573293
0.9964240790
0.9990792379
1.0028819369
1.0131277641
1.0131990217
1.0027799812
1.0149063200
1.0396956635
1.0389970283
1.0263039307
1.0228140771
1.0130700728
1.0101288033
1.0092815998
0.9912026336
0.9870876537
1.0057108328
1.0060645910
1.0009369936
0.9990307404
0.9983416666
0.9862686480
0.9755786494
0.9917556729
1.0039936746
1.0045705178
1.0085185885
1.0144745896
1.0156325089
1.0097472331
1.0095914940
1.0107201605
0.9938065244
0.9932613113
1.0039014163
0.9980177916
0.9939834086
0.9903877879
0.9747614119
0.9788758283
0.9842951149
0.9769334629
0.9818574080
0.9818600376
0.9687326027
0.9723224580
0.9897262961
0.9867542477
0.9711713229
0.9712540050
0.9818262657
1.0022085798
1.0127533961
1.0057346254
0.9852220853
0.9728513566
0.9898533897
0.9736530488
0.9589899886
0.9569927474
0.9806478121
0.9933371346
1.0017274441
1.0084743837
1.0091435507
1.0282756181
1.0396698125
1.0212185017
1.0004924738
0.9882910245
0.9850685888
0.9987446856
1.0150656683
1.0143426376
1.0124618287
1.0047909743
1.0009872562
1.0083839050
1.0182241179
1.0260952181
1.0173397028
1.0102103023
0.9899520336
0.9886625812
1.0060519034
1.0042764472
0.9811039196
0.9752289402
0.9954805217
1.0071174152
0.9993882664
0.9945085403
0.9881661907
0.9848995937
0.9977555080
0.9991756569
0.9945762613
0.9909272824
0.9901694829
0.9879682988
0.9935375262
1.0130619311
1.0123417256
0.9862549447
0.9716480609
0.9745686485
0.9880224064
0.9892370785
0.9815382255
0.9782195045
0.9756267417
0.9919285501
1.0055343785
1.0169754164
1.0106247845
0.9952676187
0.9863482532
0.9986067480
1.0268155547
1.0242913602
0.9995613508
1.0029709680
1.0026142894
0.9958336273
0.9908026595
0.9860600115
0.9768317464
0.9631460630
0.9623555447
0.9798576039
0.9913724500
0.9944430019
1.0069661081
1.0070905363
1.0100521020
1.0182676185
1.0038635295
0.9712435047
0.9587515167
0.9925279033
0.9935745505
0.9854904843
0.9918583414
0.9932990086
0.9932076530
0.9934852052
0.9973664456
1.0005577331
0.9875434768
0.9778033690
0.9924261157
1.0002882971
0.9975412624
1.0083573942
1.0052164327
0.9980644219
0.9807294329
0.9827316239
0.9977370509
1.0034324190
0.9802612229
0.9824653314
0.9951645287
1.0022407134
0.9971589683
0.9921358453
0.9961542905
1.0021756781
1.0169761929
1.0126700191
0.9840626498
0.9835928480
1.0017067557
1.0211574180
1.0231407197
1.0132460775
0.9963229430
0.9862429828
0.9705424805
0.9503114962
0.9685559452
0.9641680445
0.9610789093
0.9744367156
0.9799214977
1.0043227745
1.0168049926
0.9972619954
0.9829411767
0.9934179433
1.0025651459
1.0016800122
1.0075226619
1.0114932724
1.0111730936
1.0093728230
0.9995512508
1.0035221987
1.0276128611
1.0149781000
0.9906201301
0.9926825623
1.0018685358
0.9961083923
0.9886838815
0.9990792940
1.0096518894
1.0115037415
1.0195284761
1.0168478631
0.9903625889
0.9689494586
0.9594212590
0.9336862809
0.8872622956
0.8305753342
0.7558597495
0.7290005891
0.7408854619
0.7525646679
0.7846211295
0.8604499285
0.9225350818
0.9682030922
0.9996191178
1.0216822714
1.0242277576
1.0149021347
1.0015972581
0.9933302545
0.9905594668
0.9907979986
0.9968627749
0.9974092951
0.9863924335
0.9716325174
0.9703842576
0.9858498553
1.0199739424
1.0168704165
0.9969786064
0.9905030084
0.9853978387
0.9928945441
0.9875702829
0.9778628491
0.9721327129
0.9675730203
0.9750153093
0.9819347319
0.9709640592
0.9670467336
0.9798647265
0.9785445886
0.9726841861
0.9699528133
0.9848974254
0.9988435058
0.9843416546
0.9665653695
0.9949953087
0.9911477775
0.9845893422
0.9862164819
0.9816158628
0.9853115956
0.9861017851
0.9719615436
0.9682767980
0.9819263188
0.9957530419
0.9972144481
0.9849057671
0.9678951426
0.9664795340
0.9899613145
0.9870786032
0.9815400629
0.9831587930
0.9865628556
1.0005524447
1.0031549002
1.0098537545
0.9920604889
0.9652283618
0.9602845471
0.9734385865
0.9865119119
0.9761626237
0.9738050287
0.9752909689
0.9773855869
0.9954819175
0.9990355975
0.9795499213
0.9725444981
0.9831646140
0.9963174529
0.9694735211
0.9742130250
0.9885958182
0.9845167228
0.9629352791
0.9697533663
0.9955887182
1.0116646711
0.9907921398
0.9825666152
0.9862144225
0.9843471577
0.9744854653
0.9735891703
0.9833946055
0.9802895992
0.9743750672
0.9882172322
0.9910949482
1.0041728286
1.0025183448
1.0004472386
1.0044662883
1.0040186501
0.9890180175
0.9935949413
0.9993735132
0.9849119372
0.9919175579
0.9893858263
0.9887873889
0.9937842053
0.9930983805
0.9802442274
0.9760449178
0.9944290924
1.0088578800
1.0141228557
1.0245708355
1.0141973868
1.0083396012
0.9983908318
1.0005894713
0.9856151904
0.9889095587
0.9919407991
0.9998955976
1.0153338180
0.9988266193
0.9807457037
0.9791874426
0.9868461885
0.9901845547
0.9960862155
1.0021458248
0.9919204047
0.9813328893
0.9957361701
1.0124609973
1.0085046309
0.9960951811
0.9912126236
1.0013991535
0.9868289200
0.9844715850
0.9905200099
0.9856773226
0.9572569563
0.9511837524
0.9780987137
0.9974622803
0.9932974400
0.9792958910
0.9747619638
0.9888152909
0.9978073046
0.9905747854
0.9927054077
0.9920510041
0.9778345593
0.9681531686
0.9949333281
1.0196958991
1.0133321874
0.9833972968
0.9779694083
0.9857138738
1.0155335104
1.0241665331
0.9951241770
0.9817985907
0.9830344049
0.9775408128
0.9761310053
0.9855561618
0.9964961604
0.9982325943
0.9893298716
0.9819479790
0.9774318622
0.9903989862
1.0041062958
1.0073336782
0.9936413749
1.0065623129
0.9873412244
0.9625160744
0.9626605456
0.9799880587
0.9790405335
0.9859703232
0.9830162030
0.9867907910
0.9995430541
