#flux
1.0515365963
1.0474461956
1.0218279595
1.0176188958
1.0223703376
1.0058295649
0.9709011287
0.9506620647
0.9558084304
0.9575788084
0.9666523962
0.9677307577
0.9809069494
1.0019284734
1.0078488725
0.9850202156
0.9535734770
0.9667654914
0.9799964625
0.9877465201
0.9800526075
0.9836792250
0.9852961693
0.9719952506
0.9649093241
0.9690508841
0.9775322701
0.9927859776
0.9935499661
0.9788850149
0.9862961567
1.0093885167
0.9948306186
0.9758537851
0.9962146196
1.0094651738
1.0218576782
1.0102448794
1.0107242999
0.9961120483
0.9969693938
0.9896073366
0.9739228218
0.9729896853
0.9764787177
0.9765712979
0.9725467187
0.9714108817
0.9960927244
1.0060029683
1.0147229665
0.9958429063
0.9653858345
0.9444595827
0.9544858359
1.0379110150
1.0980782317
1.0573937005
1.0426141478
1.0356043949
1.0174818624
1.0117865475
1.0059993075
0.9834255956
0.9763460874
0.9892150798
0.9907651171
0.9903105496
0.9949909904
0.9820538592
0.9807226862
0.9633288440
0.9765467760
1.0074840121
0.9746702898
0.9506052858
0.9942036705
0.9923454734
0.9750279317
0.9407344224
0.9342508055
0.9550368065
0.9570906248
0.9363399222
0.9458921744
0.9835853436
0.9874656046
0.9660839853
0.9591110693
0.9234081953
0.8817023015
0.8625223573
0.8802521435
0.9081341816
0.9177789364
0.9428171029
0.9767114730
0.9751828645
0.9699683480
0.9537681612
0.9433452709
0.9449221017
0.9375615405
0.9181941967
0.9129166795
0.9294222490
0.9525119661
0.9678598245
0.9584770148
0.9352556139
0.9405412405
0.9244806006
0.9224084975
0.9227916975
0.9023052476
0.9139438085
0.9516985367
0.9445313109
0.9563737250
0.9749807984
0.9621672045
0.9493516538
0.9463595762
0.9486303432
0.9510167317
0.9412251496
0.9289288067
0.9264001370
0.9338917762
0.9639772299
0.9730645277
0.9404684851
0.9067532104
0.9107488210
0.9344645165
0.9403737050
0.9394072254
0.9686531751
0.9684327115
0.9043712619
0.9071391999
0.9397355587
0.9629698399
0.9545569528
0.9237849713
0.9087867456
0.9179722616
0.9212176405
0.9187968453
0.9316110305
0.9279523427
0.9203717854
0.9225913131
0.9145386208
0.8849916511
0.8696473015
0.8744055285
0.8673678071
0.8763028057
0.8831491400
0.8831028768
0.8642970502
0.8692348074
0.8794848357
0.8890267410
0.8996191387
0.8950062070
0.8796994380
0.8696785837
0.8669243359
0.8693062886
0.8434332301
0.8444598652
0.8509065915
0.8480322732
0.8523213610
0.8419244483
0.8164306304
0.8132586665
0.8370593854
0.8398983001
0.8371324881
0.8192350317
0.7966698256
0.7897001446
0.7841662339
0.7730404708
0.7706248110
0.7724665262
0.7695469997
0.7763768968
0.7945156740
0.7836547228
0.7501077214
0.7411925405
0.7314336585
0.7276078520
0.7105971685
0.6913993805
0.6675316031
0.6257305935
0.5861390766
0.5500169275
0.4981781956
0.4457053604
0.4011208282
0.3529407505
0.2999661782
0.2553527820
0.2299145288
0.2186057394
0.2054767997
0.1878712587
0.1821512033
0.1745299091
0.1763413273
0.1908599109
0.2060223314
0.2296024556
0.2590549379
0.2907252222
0.3421548193
0.4107295891
0.4641837661
0.5205522211
0.5916000564
0.6520862254
0.6753437816
0.6877237224
0.7286962274
0.7581335574
0.7517986321
0.7454159072
0.7441646540
0.7387843786
0.7630752018
0.7570941420
0.7884294468
0.8232891080
0.8158282071
0.7968119907
0.7971173531
0.7972674825
0.7959997903
0.8062073153
0.8231357182
0.8419117894
0.8571829210
0.8549877415
0.8444886942
0.8460967522
0.8465983116
0.8633060855
0.8694689618
0.8610547888
0.8458767051
0.8413733043
0.8512287544
0.8500829097
0.8618629438
0.8678290473
0.8924205006
0.8987909105
0.8829034160
0.8899014630
0.8920696704
0.8783314616
0.8812830388
0.8905453249
0.8869696860
0.8881889814
0.8844868040
0.8802407875
0.9084905650
0.9205352791
0.8919501928
0.8761553731
0.8795380061
0.8995002487
0.9131211284
0.9102810057
0.9189458133
0.9293948328
0.9076915516
0.9122292896
0.9285524032
0.9269887274
0.9352819798
0.9546209675
0.9618954132
0.9604968235
0.9366929944
0.9179971705
0.9450622957
0.9595598638
0.9586107805
0.9608565576
0.9680555390
0.9750795751
0.9833642213
0.9676044507
0.9513839978
0.9368960775
0.9339313454
0.9508417100
0.9573489163
0.9462570631
0.9468168964
0.9523736746
0.9454895668
0.9478282164
0.9559883913
0.9589190996
0.9598054632
0.9571996558
0.9332940135
0.9087057727
0.9013568096
0.8501946738
0.7960534769
0.7672630195
0.7737037825
0.8008677893
0.8491754956
0.9095515914
0.9442837309
0.9480839930
0.9488736689
0.9617514537
0.9760288495
0.9732243845
0.9618532670
0.9706146922
0.9658144611
0.9645220925
0.9801555552
1.0062662439
0.9999701316
0.9566134679
0.9423554209
0.9482324905
0.9486298293
0.9643511720
0.9839071288
0.9929429796
0.9910646147
0.9852958323
0.9671809061
0.9531480986
0.9494495851
0.9447017321
0.9654306456
0.9761977473
0.9809357656
1.0002132281
0.9987326744
0.9761405357
0.9974368484
1.0091110353
1.0244848721
1.0039429515
0.9814906166
1.0083718585
1.0364240287
1.0221162714
0.9805573773
0.9568821723
0.9696004702
0.9877521863
0.9841985518
0.9708374533
0.9755699864
1.0080120860
1.0085295036
1.0087795425
1.0007282921
1.0272633438
1.0034731463
0.9650514831
0.9564227585
0.9471733388
0.9408189167
0.9563043705
0.9772171175
0.9912983232
0.9977185340
0.9925656472
0.9885800292
0.9991821807
1.0088851292
0.9968391592
0.9732305770
0.9597409350
0.9507679405
0.9415929760
0.9540524377
0.9798795687
1.0153078116
1.0121756106
0.9929844425
0.9982799909
0.9669279146
0.9216065037
0.9253182865
0.9390710263
0.9429927570
0.9552503055
0.9703023626
0.9795619261
0.9838606317
0.9877968769
1.0001423188
1.0037457899
0.9813436982
0.9349072948
0.8830297720
0.8389548867
0.8244724180
0.8546143698
0.8923836532
0.9219729686
0.9637652402
1.0068637255
1.0191015113
1.0227026595
1.0218945833
1.0032890310
1.0131489120
1.0095604211
0.9832439988
0.9901489064
0.9845118144
0.9674704784
0.9884731828
1.0380893245
1.0455023634
1.0059095659
1.0019543470
0.9601312820
0.9507490882
0.9641569204
0.9969736625
0.9925878282
0.9774938298
0.9835832392
0.9926617335
1.0059700528
1.0039359798
0.9794367466
0.9819716888
1.0081061071
1.0077812649
1.0052758991
0.9942449374
0.9889360691
1.0144447551
0.9841895843
0.9996947325
0.9769946366
0.9574927684
0.9853423953
0.9884727277
0.9661217612
0.9681669871
0.9794367525
0.9976608100
1.0102221083
1.0176123161
1.0113822649
0.9917511969
0.9837825018
0.9883626350
0.9836941956
0.9796011628
0.9873709256
0.9944352936
0.9976026981
1.0015126608
0.9926656252
0.9658949454
0.9763227339
1.0291757573
0.9884066474
0.9800172758
0.9896906812
1.0018832385
0.9781442092
0.9670168468
0.9785031574
0.9925286624
1.0101201447
1.0167713015
1.0161893300
1.0237136466
1.0308467230
1.0463680036
1.0472240200
1.0435259338
1.0091997219
1.0195057059
0.9986613429
1.0102916607
1.0247873198
0.9981616004
0.9920275770
1.0068568453
0.9926257328
0.9703644481
0.9906206718
1.0210558923
1.0166325946
1.0052474599
1.0043631395
0.9946240652
0.9947520796
0.9834924079
0.9633974710
0.9748334835
0.9885664971
1.0132028771
0.9675193579
0.9339094520
0.9592033901
0.9776211276
0.9795826559
0.9847170341
0.9835922454
0.9858924861
1.0013817574
1.0082119095
1.0083295506
1.0209471289
1.0198978736
0.9926117469
0.9835586555
0.9975145065
1.0132571712
1.0127991354
1.0165222171
1.0241225811
1.0156242209
1.0207222446
1.0017322542
1.0128166377
1.0019578550
0.9985974235
1.0022114680
0.9980008039
1.0030104484
1.0317155526
1.0473780910
1.0231752400
0.9964750002
0.9992726209
1.0195979917
1.0231326345
1.0099866172
1.0219396752
1.0309832751
0.9933323114
0.9698273104
0.9756411114
0.9835346649
0.9887110510
1.0074683915
1.0100095210
1.0288635888
1.0278784102
1.0067223537
1.0095723342
1.0287298781
1.0280339797
1.0137833860
1.0109432142
1.0138939598
0.9955159725
0.9524648584
0.9594286317
0.9862291961
0.9652774189
1.0066438296
1.0194529413
0.9972385629
0.9968069612
1.0036471010
0.9768812465
0.9788392896
1.0076585740
1.0098268566
1.0122114761
1.0344876564
1.0412143421
1.0286099672
1.0142730158
1.0047225469
1.0149984340
1.0171608486
0.9981795950
0.9561814302
0.9871349783
1.0401939408
1.0174686311
0.9617640379
0.9342017971
0.9269612979
0.9160098170
0.9065259592
0.9163787484
0.9464764510
0.9738260269
0.9905501039
0.9875344227
0.9687382687
0.9801854494
1.0127549764
1.0069141754
0.9872547668
0.9735366057
0.9728407252
0.9765276966
0.9992635142
1.0047091331
0.9859586705
0.9812445453
0.9810008238
0.9620972325
0.9568458844
0.9636799280
0.9651029994
0.9719309442
0.9984515043
1.0213118437
1.0182902314
1.0036229077
0.9830571036
0.9681132846
0.9955001780
1.0051330485
1.0160007901
0.9915342863
0.9922089617
1.0024677689
0.9709266678
0.9860909040
1.0339734476
1.0424951043
1.0299261391
1.0257898600
1.0106049473
0.9918907560
0.9717263577
0.9638857266
0.9935420084
1.0194291239
1.0108760398
1.0246513418
1.0309440850
1.0236737036
1.0106031091
1.0108525599
1.0166838423
1.0161261733
1.0209696536
1.0168069799
1.0089988169
1.0062692670
1.0070110240
1.0034652583
1.0190156373
1.0206478746
0.9941555502
0.9709104696
0.9662374532
0.9813511387
1.0130042079
1.0325666652
1.0128601116
0.9882371775
1.0193336554
1.0333980741
1.0091528600
1.0161005278
0.9990230955
0.9809934291
1.0065448369
1.0318372854
1.0289499794
1.0064594033
0.9953182390
0.9911237228
0.9870904671
1.0065455584
1.0199524820
1.0017417713
1.0112698152
1.0284969745
1.0155740225
0.9932756738
1.0121862847
1.0201412277
1.0087149951
1.0127636874
0.9971347040
1.0013186681
1.0117979049
1.0160973368
0.9985922799
0.9507351148
0.9315532945
0.9425178446
0.9342372815
0.9126433359
0.8696530786
0.7888718876
0.7336603880
0.7266798491
0.7459040469
0.7872896387
0.8642766226
0.9527520409
0.9903155071
0.9845857668
1.0119323110
1.0416186617
1.0181840711
0.9924193431
0.9692105543
0.9560172308
0.9231547420
0.8534462777
0.7829028754
0.7491512322
0.7621122057
0.8189885531
0.9021529335
0.9750942868
1.0096246083
1.0236932564
1.0204782601
1.0119000915
1.0190677005
1.0191480802
1.0098991515
1.0157002117
1.0152653836
1.0074715270
1.0186065084
1.0121118988
0.9902588635
0.9793521691
0.9817564600
0.9911355754
1.0006226999
1.0096894217
1.0061963470
0.9852061156
1.0067034211
1.0145516676
0.9962829030
0.9696121180
0.9959829020
1.0251506103
1.0211883844
1.0340820999
1.0306386008
1.0144730958
1.0061203412
1.0100805650
1.0324396965
1.0376568543
1.0218512186
1.0055891081
1.0052107354
1.0067896344
1.0067199151
1.0290905846
1.0192465988
0.9831152669
0.9857510419
0.9972967192
1.0156973128
1.0293722466
1.0473553919
1.0269119691
0.9955469763
1.0026806910
1.0302906982
1.0324650262
1.0052539070
0.9808869533
0.9624429866
0.9344019323
0.8996136376
0.8721795837
0.8848802242
0.9513774556
0.9896516170
0.9718743891
0.9940102275
1.0189523613
1.0080201548
1.0323784626
1.0242685119
1.0238191950
0.9749672364
0.9701389840
0.9865377764
0.9724084133
0.9599531195
0.9710681429
0.9713163762
0.9588980132
0.9633647455
0.9880186289
1.0096580693
1.0118408175
1.0027643344
0.9963071695
1.0026059461
1.0153205237
1.0100113181
1.0331659584
1.0239800364
1.0362852707
1.0144007717
1.0028900092
1.0137638295
1.0087414658
1.0150686822
1.0124199593
1.0041092061
0.9910709936
0.9723724171
0.9642597082
0.9779773018
0.9988962426
1.0041910995
1.0063504552
1.0074725100
1.0061723710
0.9881275305
0.9739715455
0.9956992379
1.0195718509
1.0206040756
1.0191936284
1.0056413995
0.9715962683
0.9675392168
0.9858470888
1.0014472176
1.0173555475
1.0128968552
0.9949427547
1.0026582953
1.0194272155
1.0173484835
1.0058073167
0.9789220543
0.9919063671
0.9849240568
0.9968778536
1.0071804678
1.0075142508
1.0128700369
1.0168042069
1.0106122589
1.0109699110
0.9883635643
0.9760813356
0.9878164713
1.0035101479
1.0204513369
1.0297294422
1.0225239673
1.0218640633
1.0307534524
1.0210116744
1.0056429328
1.0020564200
1.0182693325
0.9866248920
1.0098602702
1.0068847371
1.0297699522
1.0179304987
1.0217718006
1.0037171469
0.9968847197
1.0002491337
0.9899743372
0.9904333314
1.0042909129
0.9959889065
0.9727672508
0.9707438165
0.9770444951
0.9769288391
1.0044063175
1.0208069549
0.9899248356
0.9843151884
1.0121668867
1.0281783930
1.0257534368
1.0142569597
0.9770147158
0.9505095682
0.9579110389
0.9215114290
0.8995473407
0.9422096867
0.9826262422
0.9899309424
0.9978850365
1.0096464410
1.0070222574
0.9901492618
0.9831815519
0.9724862692
0.9675030930
0.9883998959
0.9845182233
1.0012590832
1.0325849416
0.9990708178
0.9921717554
0.9882777536
0.9651630886
0.9585627415
0.9714974712
0.9814765834
0.9847087102
0.9932972051
1.0055813988
1.0092039279
1.0032037285
0.9993503740
1.0109969150
1.0197370215
0.9980843886
0.9861016354
1.0057149849
1.0010964232
0.9743306206
0.9605386455
0.9667235990
0.9772150297
0.9835001435
0.9788985571
0.9889195178
0.9932524051
1.0025958760
1.0269126930
1.0261410464
1.0102837083
1.0168287827
1.0106371699
1.0072989453
1.0099625372
1.0336178861
0.9985748623
0.9984857847
1.0089048696
0.9974933118
0.9921786388
0.9925004773
0.9987963602
0.9925158081
0.9996488866
1.0232853687
1.0446777740
1.0330826169
1.0287299509
1.0425358241
1.0290320303
1.0063953313
1.0117896815
1.0182142801
0.9954732315
0.9847334747
0.9904734630
0.9502383665
0.8900360146
0.8754992515
0.8804173219
0.8727995562
0.8838793578
0.9321858422
0.9709461160
0.9867280402
0.9851498157
0.9814432527
0.9838625462
0.9845324457
0.9831824587
0.9897652563
1.0003969318
1.0035725994
1.0047211012
1.0407412633
1.0232748065
0.9961303538
0.9993586599
0.9969810674
0.9850950288
0.9879413204
0.9946063636
1.0161359301
1.0469011019
1.0258800916
0.9945326508
0.9849306177
0.9979721009
1.0088886684
0.9992740809
0.9962792621
1.0085490612
1.0060441469
1.0087034739
1.0080460437
1.0520052666
1.0640624499
1.0405907941
1.0305115383
1.0311007824
1.0011215163
1.0103883190
1.0187496131
0.9879590581
0.9771159225
0.9883276252
0.9981191501
1.0055806886
1.0009609178
0.9901026222
0.9971413052
1.0073369769
1.0004074222
0.9972145009
0.9939195233
0.9751653711
0.9628320787
0.9756199752
0.9722480304
1.0095578590
0.9956759061
0.9571569912
0.9474789953
0.9471186161
0.9604451413
0.9933270910
1.0111028406
1.0008607651
0.9692519213
0.9460175912
0.9517180254
0.9618201220
0.9634961541
0.9740014687
1.0138413413
0.9966547716
0.9703411940
0.9696153668
0.9683567507
0.9933034079
1.0003998044
1.0237378377
1.0336948757
1.0274099396
0.9945950231
1.0007079945
1.0142682460
1.0084111980
0.9994972113
1.0001450406
1.0105288421
1.0142112256
0.9982552178
0.9833627006
0.9782670845
1.0010458390
0.9881513783
0.9980589043
0.9875079542
0.9863490917
0.9831122846
1.0093187208
0.9835106983
0.9893487664
1.0024774842
1.0031338501
0.9912201399
0.9785773966
0.9775089448
0.9909124789
1.0206111437
1.0391907170
1.0156715356
0.9974881873
0.9932247844
0.9825810203
0.9773981642
0.9839347577
1.0003374058
1.0071221818
0.9932865518
0.9731654383
0.9712876306
0.9830731835
1.0063771073
1.0197207442
1.0028873105
0.9837544272
0.9870473641
0.9952545568
1.0010271798
1.0169538949
1.0245653935
1.0112064078
1.0054491074
0.9866631461
0.9950986101
1.0089732394
1.0258438601
1.0366499132
0.9966031364
0.9916506254
0.9934081998
0.9923830844
0.9921566674
0.9951365189
0.9985692276
0.9946905473
1.0002417753
1.0212349770
1.0359896121
1.0390658414
1.0389924233
1.0300027142
1.0273021014
1.0360291412
1.0225218244
1.0413035591
1.0421570153
1.0002786215
1.0087737902
0.9816526631
0.9860687560
1.0156162432
1.0288510828
1.0328481223
1.0220113018
1.0156364469
1.0168189154
1.0188766613
1.0121093578
0.9921622171
0.9848476712
1.0016030376
1.0060664337
0.9998574659
1.0135942479
0.9848271242
0.9910501608
1.0065039528
1.0420952493
1.0079813071
1.0102871614
1.0137429868
1.0093432499
0.9934149426
0.9985264246
1.0149651567
1.0286134165
1.0324298279
1.0247640991
1.0102983322
0.9981315510
1.0065949010
1.0250073538
1.0098235274
1.0016953088
0.9916142736
0.9929742839
1.0142149342
1.0376138624
1.0412242139
1.0176970696
1.0067849436
1.0064873149
0.9832810864
0.9864261654
0.9853289851
0.9929787142
1.0189938811
1.0312826048
1.0286643295
1.0229450309
1.0030927020
0.9893971239
1.0031069935
1.0131249612
0.9964467690
0.9961117914
1.0250021938
1.0291058267
1.0328259502
1.0020720085
1.0043150799
1.0096325546
1.0244189867
1.0153092992
1.0075351758
1.0035524220
0.9906814514
0.9859636264
1.0069156099
1.0347747760
1.0310364563
0.9962906786
0.9849402899
0.9913785046
1.0069816616
1.0249405846
0.9953618005
1.0022352405
1.0137346193
1.0318973607
0.9996449158
0.9838788017
0.9945836293
0.9890868374
1.0131513719
1.0231006420
1.0171766550
1.0222275560
1.0180572459
0.9954390018
0.9717189583
0.9666008826
0.9927782687
1.0014667895
1.0087104355
1.0018608828
0.9813423521
0.9524321140
0.9826497960
1.0006779167
0.9603277040
0.9953797108
1.0104950771
1.0074867954
1.0103208766
1.0040044651
0.9837386475
0.9764919307
0.9943440841
1.0058760712
1.0005817818
1.0110436174
1.0201665157
1.0204463072
1.0196959693
1.0030957737
1.0085729286
1.0061372594
1.0364244998
1.0321015508
0.9948701669
0.9915172307
0.9939502338
0.9905498426
0.9948669921
1.0073859170
1.0193157291
1.0088221330
0.9945926714
1.0016980716
1.0051943627
1.0008245136
1.0118519640
1.0300711842
1.0284952947
1.0051344284
0.9810997370
1.0058135645
1.0432218501
1.0357016916
1.0198118988
0.9849643312
0.9608592966
0.9493010991
0.9339164464
0.9394549740
0.9651712603
0.9863085264
0.9798084056
0.9673154221
0.9799588869
0.9866372822
0.9789488566
0.9934966408
1.0191393207
1.0233266663
0.9966593205
0.9440743027
0.9664816171
0.9555537228
0.9692779222
1.0068311342
1.0010284722
0.9860669097
0.9976145369
0.9950228583
0.9924137716
0.9923404463
0.9831476313
0.9801692676
0.9927989671
1.0095179600
1.0114340724
0.9968262371
0.9945088755
0.9912891129
0.9713807857
1.0067732462
1.0130359339
1.0058295019
1.0173095753
1.0058415688
1.0125797006
1.0131466993
0.9975150612
0.9974875373
0.9916337520
0.9905132030
1.0060908935
1.0116482026
1.0000199346
0.9864835086
0.9907735659
1.0248274515
0.9995742681
0.9893658735
0.9875342230
0.9976872959
0.9740567930
0.9771622419
0.9787303363
0.9890401046
1.0110164651
1.0050253286
1.0049760341
1.0032488452
1.0176542470
1.0333029892
1.0132817230
0.9767035218
0.9661177279
0.9804330483
0.9936083416
0.9905079167
0.9856778687
0.9875165142
0.9915942952
0.9907357146
0.9867469526
1.0077296745
1.0197372504
0.9958388194
0.9932694048
0.9741272348
0.9672071233
0.9888939296
0.9891028977
0.9859171595
1.0020619068
1.0150911807
1.0090655211
0.9935792953
0.9917179911
1.0029061884
0.9958570436
0.9901826080
0.9880379999
0.9988619269
0.9695826412
0.9507606660
0.9418300485
0.9193496316
0.8938657507
0.8758176052
0.8607748640
0.8523051271
0.8379663038
0.8412774400
0.8639360636
0.8903027199
0.9069193961
0.9038335495
0.8974833563
0.9058838730
0.9446730285
0.9772237517
0.9776636015
0.9780807385
0.9968392723
0.9891698319
0.9805444545
0.9770437411
0.9839224191
0.9728192150
0.9501634119
0.9611299783
0.9896251359
0.9753594078
0.9404970806
0.9272556658
0.9219648244
0.9157607949
0.9292399419
0.9625746815
0.9853621424
0.9719004859
0.9941451458
0.9796158180
0.9749569681
1.0100561066
1.0169542535
1.0197390368
1.0092303665
0.9957082044
0.9916144182
0.9746662952
0.9679577180
0.9938406473
1.0061881711
0.9951478211
0.9901679759
0.9951772610
1.0036000897
1.0008389670
0.9937230893
1.0026893350
1.0139027514
0.9767398795
0.9652760817
0.9884745974
0.9761991451
0.9838776964
1.0094537353
1.0166871930
1.0272519948
1.0273594834
1.0054099111
0.9806486486
0.9910972791
1.0115335079
1.0086977165
1.0012486723
0.9876068415
0.9572185870
0.9588469061
0.9873936296
0.9944499302
0.9512299985
0.9654868036
0.9825292064
0.9739335442
0.9815773799
0.9894478969
0.9709385556
0.9763481858
1.0014152849
1.0118888824
1.0097396668
0.9895542986
0.9728737570
0.9840759080
1.0026483145
1.0011768099
0.9815798386
0.9697233089
0.9873229384
1.0043703521
1.0293197823
0.9979258334
0.9786349485
0.9893353206
0.9723745430
0.9486529536
0.9557543522
0.9582012613
0.9726791076
0.9678027931
0.9367185375
0.9326274615
0.9516563970
0.9577730772
0.9628826890
0.9814439497
0.9995311803
1.0071387115
0.9874789459
0.9872332874
0.9741665532
0.9962953990
0.9707654358
0.9652406101
0.9704233120
0.9864167248
0.9605734115
0.9727713049
0.9952755132
0.9911948106
0.9872753240
0.9941724390
1.0113893520
1.0184668536
0.9998632337
0.9862829666
0.9986381704
1.0082704882
0.9963110851
0.9689896829
0.9976634434
0.9835952239
0.9598390291
0.9660976460
0.9813929801
1.0025985348
0.9886275141
1.0027416296
0.9986176788
0.9857904458
0.9980146849
1.0128728650
1.0206306067
1.0127325969
0.9924521319
0.9928193543
1.0089157154
1.0150866184
1.0298820059
1.0206787787
1.0011120153
0.9745584997
0.9762055640
1.0013530188
0.9761960181
0.9500491032
0.9521832742
0.9937602591
1.0256326985
0.9910306101
0.9626273865
0.9256534147
0.8508194878
0.7694108855
0.7371618376
0.7642720108
0.8125918915
0.8724913485
0.9395811422
0.9797750763
0.9874797893
0.9977779192
0.9908488783
1.0275122329
1.0062770870
0.9845761993
1.0070484774
1.0266684362
1.0156889374
0.9762340527
0.9730541449
0.9887250872
0.9964972417
0.9949864433
1.0065081914
1.0103285317
0.9779783701
0.9659516736
0.9769512556
0.9933504922
0.9969758405
1.0124713066
0.9952166401
0.9687977353
0.9915751617
0.9804927249
0.9727265717
0.9541539742
0.9529817406
0.9957989798
1.0249273810
0.9999114079
0.9728120523
0.9865297521
1.0023682157
0.9954743743
0.9832665809
0.9713172555
0.9816240962
0.9878235892
0.9856376160
1.0024721630
1.0071857662
0.9739908989
0.9908968950
0.9783624550
0.9707155702
0.9850589457
0.9781478644
0.9735162052
0.9593749623
0.9630489788
0.9789561866
0.9902957008
0.9920654935
0.9947710907
0.9990734117
0.9937653366
1.0038633842
1.0112152805
0.9890298288
0.9971419604
0.9859206914
0.9914044150
1.0215554526
1.0060553663
0.9834034258
0.9831401549
0.9977028371
0.9926100950
0.9798024202
0.9790246345
0.9722491069
0.9825431666
1.0103132944
1.0116660434
0.9973346030
0.9988631512
0.9873682619
0.9659502848
0.9598347705
0.9760820458
0.9782065587
0.9900571882
0.9835025587
0.9743874301
0.9595595837
0.9678391301
0.9863867337
0.9979249492
0.9931123395
0.9999937149
1.0014491074
0.9921305693
0.9914926746
0.9916293226
0.9791461120
0.9708638464
0.9803840673
0.9980115172
0.9946961945
0.9639806624
0.9511773688
0.9767336029
0.9964754118
0.9812280323
0.9814945525
1.0116675428
1.0033291540
0.9851202442
0.9979034753
1.0110218142
1.0043313336
0.9744266302
0.9676873673
0.9793655818
0.9821969041
0.9908648317
0.9880675912
0.9959203211
1.0077889209
0.9852769303
0.9912549591
0.9809274646
0.9730459234
0.9960949027
1.0071607284
0.9851926767
0.9751013382
0.9779239334
0.9741911634
1.0002206132
1.0067539661
1.0092875120
1.0119553623
1.0036387801
1.0058445228
1.0236885944
1.0297878293
1.0005593139
0.9824645030
0.9911980500
0.9844308180
0.9802425815
1.0011241600
1.0070446025
0.9985070462
0.9905810365
0.9685494061
0.9768415644
0.9916417959
0.9917894324
0.9733555540
0.9490814940
0.9496833442
0.9760034494
0.9817771893
0.9693379599
0.9773822776
0.9707092930
0.9645993097
0.9680560699
0.9759847719
0.9670364491
0.9574127569
0.9539784170
0.9767671522
0.9669060148
0.9820979090
1.0051375399
1.0135688079
0.9903549913
0.9721466208
0.9804225046
0.9864069106
0.9905043336
1.0026882309
0.9966199733
0.9879443194
1.0035334630
0.9732622356
0.9626569226
1.0106712317
0.9994136930
1.0023554344
0.9944422005
0.9924517189
0.9969741357
0.9815794719
0.9936380003
1.0114243076
1.0061873539
1.0051520998
0.9866647495
0.9519276372
0.9501884000
0.9861883940
1.0111352816
1.0047733533
0.9978111910
1.0025628748
0.9726273891
0.9835334903
0.9878937299
1.0041667761
0.9979820734
0.9888478312
0.9746087209
0.9763068902
0.9982185519
0.9902776467
0.9822171963
0.9916573663
0.9929929691
0.9940758539
1.0075694475
1.0025958320
0.9853471931
0.9865559686
0.9778775376
0.9763434049
0.9960316295
0.9861559108
0.9927031263
0.9821015050
0.9433381903
0.9687354035
1.0291297329
0.9998386460
1.0049043941
0.9846042840
0.9628189233
0.9783718711
1.0126990417
1.0155475313
0.9826167332
0.9622286193
0.9727785738
0.9924761286
1.0101340680
1.0127558573
1.0114374741
1.0182073361
1.0515673911
1.0161361096
1.0117999933
0.9981665999
0.9979796877
1.0207320543
1.0104544459
1.0014221389
0.9973760840
0.9926214786
1.0066919325
1.0065205060
1.0027359145
0.9963467517
0.9875859384
0.9910931071
0.9771006227
0.9691361807
0.9983343091
1.0182585216
1.0128461479
0.9666152824
0.9679610885
0.9904484740
1.0306681085
1.0486818707
1.0044720647
0.9816416055
0.9723191296
0.9623219157
0.9809576474
0.9990045252
0.9932273429
1.0002895655
1.0124074764
1.0023253252
0.9857143243
0.9619275697
0.9741427860
0.9707143664
0.9513505631
0.9466462349
0.9712086887
0.9712081353
0.9686422818
0.9579547634
0.9796654753
0.9939220836
1.0048200526
1.0158448993
1.0243769268
1.0120525060
1.0096855690
1.0137082555
1.0058192714
1.0098667993
1.0103764002
0.9808812956
0.9774445623
0.9826014826
1.0060819112
0.9718860712
1.0008817864
1.0447330238
1.0061742286
0.9819202768
0.9939115548
0.9895539897
0.9976198740
0.9954506729
0.9912823264
0.9798864584
0.9854334155
0.9969577939
0.9838373090
0.9390102328
0.8932654001
0.8749966492
0.8247271797
0.7854086637
0.7614202979
0.7419344766
0.7605070413
0.8307930911
0.8794272895
0.9024865933
0.9363567708
0.9792305321
0.9590406462
0.9503976888
0.9771872884
0.9953732639
0.9855152820
0.9921068760
0.9930446946
0.9672900741
0.9589228481
0.9675293073
0.9883832727
0.9743365004
0.9691844007
1.0040790943
0.9858738030
0.9635081826
0.9774592216
1.0026875835
1.0240220495
0.9861549577
0.9731198121
0.9685663803
0.9653081683
0.9702525173
0.9787730477
0.9693762468
0.9523758351
0.9546149854
0.9780871586
0.9960039466
0.9799888828
0.9774120872
0.9933362236
0.9837063349
0.9901491994
0.9983842720
0.9678206261
0.9865366955
1.0114893095
0.9950417372
0.9811763617
0.9874415120
1.0024910413
0.9942805919
0.9772523090
0.9844540282
0.9982045228
0.9871357528
0.9683830853
0.9764263582
1.0049623690
1.0099566116
0.9785593303
0.9777580354
0.9841105230
1.0182151343
1.0409657614
0.9995257924
0.9673845623
0.9737031522
0.9867056702
0.9878161874
0.9933788271
0.9846980790
0.9905316846
0.9970716773
1.0001636397
0.9998905800
0.9790459775
0.9631675989
0.9772436908
0.9919774006
0.9769827990
0.9990039465
1.0331376150
1.0413295678
1.0001939167
0.9650596084
0.9794226012
0.9887476125
0.9887658749
0.9617483099
0.9461869041
0.9515169040
0.9886196760
1.0216107533
1.0401841068
1.0353124866
1.0081083611
0.9912013873
0.9851926849
0.9940247140
0.9752171095
0.9909877540
1.0201201057
0.9787736417
0.9507831620
0.9893888481
0.9805666676
0.9525535152
0.9666096799
0.9967443698
1.0268457421
1.0052754126
0.9881713825
0.9815972119
0.9675119724
0.9489069222
0.9718164114
1.0108767136
0.9800254392
0.9845443275
1.0017874404
0.9800913291
0.9835578733
0.9782926062
0.9471022038
1.0012963046
1.0280462861
0.9728607300
0.9757652817
0.9768922424
0.9484791123
0.9430973302
0.9663235688
0.9958430173
0.9934478061
0.9557860215
0.9402874678
0.9759511860
1.0013050249
0.9837693403
0.9844805049
0.9413740582
0.9554055339
0.9516002199
0.9405574828
0.9700842411
1.0126911556
1.0127915919
0.9862113728
0.9727048488
0.9894578396
0.9982587570
0.9925124553
1.0000475392
0.9800384157
0.9662396028
0.9728786490
0.9720990994
0.9991415392
1.0094555508
1.0040649401
0.9956066005
0.9894440952
0.9759026562
0.9878173482
1.0176005465
1.0162152424
1.0305331172
1.0090623291
0.9648510469
0.9813046151
1.0305575432
1.0291175138
1.0139322728
1.0117456211
1.0025807911
0.9898784286
0.9799658363
0.9742590083
0.9769888825
0.9652423964
0.9948273551
0.9913091439
1.0131997176
0.9842988578
1.0162624036
1.0139573791
1.0012344616
1.0050906055
1.0105088193
0.9998830576
0.9990484243
0.9859230442
0.9671514625
0.9872393234
