#flux
0.9870603338
0.9687941352
0.9478157645
0.9241065442
0.9126616826
0.9179604464
0.9287279833
0.9454840437
0.9670231988
0.9758584215
0.9879333636
0.9941957745
0.9887245406
0.9761337703
0.9622240559
0.9531450327
0.9561543482
0.9729161762
0.9921590913
0.9969565969
0.9815862037
0.9540868952
0.9245505477
0.8991603798
0.8692791011
0.8291889775
0.7914890597
0.7772359189
0.7849258277
0.8093277521
0.8599092258
0.9183233769
0.9616159403
0.9851116046
0.9980191177
1.0040768236
1.0002617815
0.9916719228
0.9848628026
0.9734479699
0.9568161863
0.9525415241
0.9576251842
0.9508223167
0.9340732514
0.9245113879
0.9325012670
0.9521752676
0.9622944934
0.9662348498
0.9679825293
0.9631110759
0.9600725071
0.9632329681
0.9671085529
0.9671948633
0.9665239499
0.9666500426
0.9631436662
0.9593330157
0.9621318911
0.9633934004
0.9596111470
0.9528443250
0.9489227831
0.9455344293
0.9260700770
0.8756161441
0.7986550778
0.7241424767
0.6877988225
0.6924478064
0.7341281001
0.8022498453
0.8741561923
0.9261065252
0.9496456928
0.9486221141
0.9338813168
0.9166880127
0.9044599941
0.9021189812
0.9038168002
0.9063142529
0.9106413325
0.9134698458
0.9095673389
0.9032351109
0.8880963801
0.8656658031
0.8465087031
0.8344872728
0.8437522417
0.8636783347
0.8784836581
0.8867526838
0.8782632900
0.8427821319
0.7851131873
0.7234274593
0.6787428541
0.6670572433
0.7027600018
0.7735387609
0.8561118989
0.9284020839
0.9702629019
0.9874539352
0.9939892753
0.9493617987
0.9163901111
0.9075282904
0.8985408702
0.8835636098
0.8823155832
0.9075706077
0.9442273891
0.9741638367
0.9876053459
0.9829347962
0.9715602777
0.9651394626
0.9640309825
0.9663401913
0.9688635403
0.9707891227
0.9729509146
0.9696137394
0.9636943166
0.9560843249
0.9429446799
0.9161090841
0.8815391180
0.8472608787
0.8230480686
0.8163415499
0.8264571959
0.8517954116
0.8877599208
0.9191844239
0.9366981506
0.9462599404
0.9502998948
0.9573062885
0.9600363624
0.9544686913
0.9530846548
0.9593560957
0.9570288508
0.9534481614
0.9585031331
0.9677928077
0.9783783039
0.9832269436
0.9799767728
0.9698683517
0.9443600257
0.8976735685
0.8563043276
0.8372863614
0.8316293345
0.8485332124
0.8825550876
0.9100375588
0.9347138423
0.9519579608
0.9555793743
0.9466968291
0.9260257699
0.9135484974
0.8996514765
0.8924338367
0.8875692738
0.8799534137
0.8768582210
0.8702769631
0.8560122418
0.8493805510
0.8614537914
0.8867311876
0.9147770252
0.9379696006
0.9547036457
0.9647316505
0.9664815085
0.9706417306
0.9679125113
0.9579461003
0.9526285830
0.9505707836
0.9547525004
0.9563964025
0.9507320222
0.9503891728
0.9451901066
0.9354458189
0.9221825283
0.9029503831
0.8771900481
0.8453557215
0.8100895658
0.7715020196
0.7196826649
0.6521541386
0.5786405032
0.5049528901
0.4327835046
0.3663749726
0.3140895468
0.2747967848
0.2436619580
0.2224525213
0.2116781036
0.2083689612
0.2082238896
0.2112524108
0.2219507140
0.2396477611
0.2621018685
0.2894627556
0.3213650947
0.3585774621
0.4045488155
0.4615620958
0.5314978664
0.6167597650
0.7057842989
0.7779676434
0.8213771660
0.8517960168
0.8672737656
0.8580141981
0.8369463268
0.8255561738
0.8212504937
0.8290209679
0.8483275335
0.8754757990
0.8989725246
0.9181698002
0.9393320047
0.9544865164
0.9622599050
0.9639649992
0.9605962146
0.9662167432
0.9737146603
0.9662665364
0.9690614302
0.9782115030
0.9798277939
0.9823623368
0.9749339327
0.9578703667
0.9364416958
0.9048245086
0.8683153319
0.8332625890
0.8130390476
0.8184139706
0.8452228880
0.8796684078
0.9014563970
0.9038288379
0.9015508361
0.9102936336
0.9272849888
0.9420942016
0.9591997668
0.9745686399
0.9837910138
0.9863768812
0.9984222311
1.0013893987
0.9980840730
0.9931533555
0.9863265494
0.9789041834
0.9741285587
0.9752980996
0.9729866334
0.9630937191
0.9643803136
0.9703004574
0.9721940887
0.9767073253
0.9812350169
0.9742521186
0.9638656090
0.9613810504
0.9619959075
0.9675916593
0.9719396293
0.9790493055
0.9950742876
1.0058759904
1.0086015563
1.0037825804
1.0013081642
1.0089514654
1.0152085131
1.0090401663
1.0004370442
1.0024538302
1.0062010168
0.9970510445
1.0010845602
1.0013553126
0.9930216686
0.9875447651
0.9828513133
0.9760820047
0.9673419247
0.9544057887
0.9328063694
0.9019925546
0.8664569011
0.8165095256
0.7531081695
0.6977721032
0.6734139057
0.6873851825
0.7347013077
0.8094294651
0.8839503270
0.9324045538
0.9599730596
0.9686044551
0.9521927315
0.9394076829
0.9253014979
0.9109794777
0.9015985887
0.8989931943
0.9043674875
0.9095059714
0.9175133887
0.9337962715
0.9464097459
0.9502414685
0.9486177262
0.9409299880
0.9291304458
0.9083484205
0.8820464054
0.8639088894
0.8545177185
0.8579933830
0.8701098843
0.8787769009
0.8802515337
0.8788941380
0.8833221302
0.8994287264
0.9304910661
0.9535952190
0.9723929160
0.9913410160
0.9990611732
0.9968382553
0.9996083729
1.0064131721
1.0023146950
0.9898819883
0.9895327587
0.9981736860
0.9929125995
0.9816516790
0.9645495452
0.9494105732
0.9443380225
0.9509126991
0.9616248039
0.9673512289
0.9599208707
0.9300837809
0.8686455403
0.7733641554
0.6600457687
0.5648400725
0.5208123765
0.5451121296
0.6345289867
0.7525587011
0.8619667249
0.9495152356
0.9936258268
1.0028384150
1.0113618378
1.0140595973
1.0048984475
0.9980050970
0.9954387751
0.9841174185
0.9749867635
0.9714974251
0.9656094234
0.9605135553
0.9568791574
0.9435019548
0.9050830070
0.8339841242
0.7459216701
0.6789905026
0.6632257839
0.7055813694
0.7870450761
0.8765031054
0.9359129190
0.9623415915
0.9662589205
0.9619355164
0.9385545452
0.8890203002
0.8180795821
0.7335797125
0.6590688373
0.6137162822
0.6140076022
0.6648441697
0.7431527411
0.8160065684
0.8721967473
0.9173502940
0.9516941397
0.9735850096
0.9870732286
0.9993490933
1.0043982785
0.9897942150
0.9786879737
0.9767460322
0.9614702991
0.9576125962
0.9492762297
0.9356687687
0.9251027319
0.9131968774
0.9098737213
0.9174371034
0.9249536432
0.9356097277
0.9511983051
0.9555386051
0.9532933195
0.9566164450
0.9439833905
0.9338989744
0.9307251316
0.9259501463
0.9512846269
0.9777925400
0.9914060808
0.9951936161
0.9946367887
0.9946113648
0.9927578965
0.9868879795
0.9809731992
0.9785409940
0.9795580695
0.9810704531
0.9814424107
0.9886206928
1.0048610912
1.0071686100
1.0070994781
1.0141999812
1.0175735562
1.0171490475
1.0194176015
1.0161617086
1.0129382901
1.0118288350
1.0079160266
0.9990757219
0.9942733821
0.9885405251
0.9840870362
0.9752561265
0.9572926115
0.9402837256
0.9329374076
0.9386896719
0.9578506282
0.9743628046
0.9732900740
0.9800717848
0.9726883437
0.9699383413
0.9675321393
0.9767606457
0.9892782106
0.9994510778
1.0022669573
1.0013344223
1.0018449137
0.9958727555
0.9794931202
0.9636529590
0.9484588398
0.9299471588
0.9144024861
0.9078907523
0.9151991032
0.9238134015
0.9460867730
0.9692310877
0.9896621769
0.9984007590
0.9880935029
0.9701762032
0.9415521154
0.9042647025
0.8747032088
0.8447282210
0.8127593711
0.7738701648
0.7273184550
0.6961145479
0.6987557230
0.7327460682
0.7894353770
0.8549784227
0.9089784205
0.9381976427
0.9495270640
0.9564860240
0.9592602155
0.9578654800
0.9681431761
0.9782515697
0.9703875288
0.9533661419
0.9280704194
0.9169617495
0.9195383440
0.9340201586
0.9596221171
0.9813567249
0.9890491124
0.9858343047
0.9729908441
0.9509959768
0.9289470885
0.9169863327
0.9131368356
0.9054272560
0.9029322940
0.9205937632
0.9341601271
0.9403294511
0.9491941327
0.9501885420
0.9518900482
0.9526979903
0.9583309295
0.9647319801
0.9614864696
0.9496119108
0.9349398340
0.9221072088
0.9177269286
0.9246335845
0.9369141174
0.9486141798
0.9638509465
0.9866162120
0.9913587595
0.9916926058
0.9824915144
0.9741810814
0.9593808731
0.9400718059
0.9308104340
0.9318037490
0.9323616389
0.9318113056
0.9381450571
0.9519776508
0.9711187080
0.9894064485
1.0030441324
1.0132317194
1.0122604040
1.0008735959
0.9879033655
0.9760047008
0.9656287692
0.9567435661
0.9426375020
0.9260322167
0.9140761366
0.9077383356
0.9201570054
0.9497958052
0.9696276886
0.9871595654
0.9962537348
0.9911649906
0.9777473310
0.9462161822
0.8804075620
0.7919419298
0.7168224124
0.6882230956
0.7103947214
0.7734129354
0.8566208068
0.9228736901
0.9570837759
0.9783164677
0.9825687672
0.9820334831
0.9867104768
0.9857795965
0.9761276323
0.9618081077
0.9584949985
0.9635575204
0.9692523352
0.9769408876
0.9829785869
0.9833624701
0.9851205811
0.9880360299
0.9884286746
0.9902309433
0.9888174358
0.9872167913
0.9779550180
0.9741489574
0.9804548582
0.9823094923
0.9806419155
0.9892388722
0.9976562094
0.9952868745
0.9975316441
1.0021172182
0.9971339318
0.9844824773
0.9714354003
0.9639595210
0.9678704529
0.9771013813
0.9764165907
0.9719506929
0.9773604934
0.9599508646
0.9359782329
0.9239919086
0.9119022629
0.9127293191
0.9115703631
0.9118739624
0.9215911140
0.9407931916
0.9612357304
0.9791805869
0.9916612732
0.9957276361
0.9938152821
0.9861820912
0.9694044509
0.9515572064
0.9431066474
0.9453677170
0.9543250240
0.9639187658
0.9799787092
0.9909077885
0.9994454676
0.9947147703
0.9882811661
0.9914330764
0.9914034601
0.9893550633
0.9904424786
0.9934639487
0.9909454341
0.9792876800
0.9732396148
0.9844881934
0.9932214126
0.9785453341
0.9486539213
0.9186658867
0.8906803978
0.8815008763
0.8907544803
0.9085177091
0.9227189461
0.9355334042
0.9450339807
0.9540956773
0.9666210028
0.9729264649
0.9739344072
0.9727077410
0.9657869221
0.9599011165
0.9635315195
0.9695613595
0.9637142382
0.9378679006
0.8981176843
0.8515771570
0.8175679602
0.8020584132
0.7938862917
0.7774233331
0.7134970032
0.6269620672
0.5434448498
0.5001481492
0.5174391437
0.5945871158
0.7013046356
0.7967551690
0.8647581294
0.9106637486
0.9374644482
0.9449092124
0.9384814119
0.9275634024
0.9175165403
0.8835203336
0.8001794759
0.7001877533
0.6098613991
0.5570323446
0.5652262419
0.6386961800
0.7421588187
0.8355099636
0.9060719417
0.9476008374
0.9649422937
0.9712064942
0.9742701911
0.9720371910
0.9638982457
0.9602250120
0.9673415830
0.9760534021
0.9804427955
0.9731475640
0.9563685349
0.9454596207
0.9343232461
0.9338496774
0.9196264172
0.9040879358
0.8926125250
0.8944166210
0.9151556789
0.9412918233
0.9621395974
0.9780104200
0.9794648806
0.9608236464
0.9319313188
0.9029666413
0.8806089220
0.8723268567
0.8767819663
0.8946174866
0.9213866285
0.9433598260
0.9400988483
0.9291189602
0.9346516864
0.9527848698
0.9659814963
0.9717999175
0.9773614895
0.9780396043
0.9848405272
0.9956640066
0.9963791914
0.9879429921
0.9785857359
0.9685085145
0.9570017530
0.9463015774
0.9392416720
0.9407906307
0.9444692316
0.9301072441
0.8906976445
0.8281559952
0.7879576351
0.7749778869
0.8040746042
0.8698255231
0.9247210607
0.9602182336
0.9850911919
0.9931918527
0.9885920434
0.9797892879
0.9737052351
0.9725672804
0.9712566221
0.9666583379
0.9515676210
0.9161889807
0.8742225193
0.8445126482
0.8348133877
0.8490346275
0.8793548268
0.9205852972
0.9348683302
0.8968595824
0.8281472605
0.7599142442
0.7132677432
0.7151657294
0.7701719896
0.8508369689
0.9268274366
0.9785561499
1.0029316640
1.0108256689
1.0050116388
0.9981368615
0.9934252861
0.9754699096
0.9658964063
0.9784002894
0.9863185043
0.9909255822
1.0009839475
1.0032209917
0.9896846708
0.9668755739
0.9514636197
0.9498589302
0.9549827739
0.9722961381
0.9943049882
1.0047026717
1.0001570816
0.9849819779
0.9757903576
0.9723176577
0.9744330918
0.9827057944
0.9867732300
0.9871903376
0.9954166836
0.9977253303
0.9990842761
0.9845211970
0.9708561012
0.9620548071
0.9639701982
0.9735818812
0.9823787934
0.9904017012
0.9971618579
0.9996091133
0.9981749063
0.9929298506
0.9885375528
0.9933510936
0.9943248724
0.9867006257
0.9667293332
0.9495879473
0.9312913122
0.9301512189
0.9394987472
0.9512955071
0.9646701867
0.9802849542
0.9906937312
0.9949894149
0.9997940054
1.0044877445
1.0026126730
0.9925352424
0.9776569324
0.9560913138
0.9218741740
0.8848100222
0.8641079415
0.8702705455
0.8934235502
0.9256194843
0.9574563577
0.9743154657
0.9885137187
0.9934202537
0.9923435444
0.9950337085
1.0059763693
1.0089836349
1.0060478550
1.0083778772
1.0081688192
0.9944065625
0.9702234664
0.9459529237
0.9170638405
0.8592909825
0.8064100119
0.7666808248
0.7560635217
0.7817543027
0.8460983887
0.9101876916
0.9574984883
0.9771635394
0.9953218212
1.0088797776
1.0079638703
1.0009603649
0.9953620095
0.9877995951
0.9719359122
0.9485173278
0.9250043120
0.9064870644
0.8931365416
0.8857570000
0.8817188906
0.8698095243
0.8346365777
0.7824840557
0.7543159330
0.7630799513
0.7982269253
0.8535265283
0.9103877051
0.9569922484
0.9836151949
0.9937285282
0.9950029258
0.9898579445
0.9777105991
0.9628134273
0.9464836980
0.9260466459
0.9074809732
0.8946999828
0.8869531058
0.8897922262
0.8966683009
0.9149647027
0.9372063185
0.9404119574
0.9303047645
0.9215116024
0.9239003790
0.9373491940
0.9523421712
0.9650112941
0.9729967791
0.9651052678
0.9392375503
0.9071463182
0.8676031432
0.8143768093
0.7673127338
0.7519963773
0.7798312174
0.8356037737
0.8993141907
0.9503434777
0.9830866002
0.9973753996
1.0056234027
1.0029005753
0.9990862390
0.9971532119
0.9897332233
0.9764590065
0.9457215860
0.8875077796
0.8084683606
0.7174997237
0.6397169647
0.6068726581
0.6247878876
0.6936590646
0.7814258213
0.8388304685
0.8506026368
0.8179617743
0.7563523017
0.7007651405
0.6703858773
0.6849794114
0.7437130057
0.8125712685
0.8710849979
0.9215666965
0.9568096660
0.9724383982
0.9853195922
1.0009353769
1.0079949024
1.0090365370
1.0104287802
1.0045881200
0.9959420492
0.9858487734
0.9603865809
0.9357597267
0.9189564563
0.9301068502
0.9397324498
0.9543090468
0.9826478243
1.0022833303
1.0088933715
0.9996265785
0.9896327395
0.9850254624
0.9890008759
0.9959965226
0.9972932453
0.9935130066
0.9894894887
0.9935104791
1.0004189261
0.9899920190
0.9766375652
0.9563722670
0.9458881452
0.9372604449
0.9290018775
0.9223961907
0.9267503539
0.9435612520
0.9545493850
0.9778217176
1.0037908115
1.0094984747
1.0034503022
1.0021210517
1.0045543199
1.0067172404
1.0100670079
1.0131007602
1.0119743849
1.0090915884
1.0085777358
1.0053912647
0.9988528474
0.9868743358
0.9571908098
0.9200005151
0.8858010897
0.8662092309
0.8547070232
0.8445771750
0.8139302203
0.7689188806
0.7275177931
0.7062160271
0.7173513385
0.7578486637
0.8162973470
0.8799764149
0.9259468169
0.9528925623
0.9611635041
0.9610435880
0.9673881285
0.9722439848
0.9647419256
0.9499234927
0.9476302722
0.9506116774
0.9528146621
0.9649114037
0.9728853882
0.9680041138
0.9661973156
0.9696370996
0.9730782416
0.9803801288
0.9896014737
0.9970973160
1.0039746281
1.0113249874
1.0110979049
1.0058719398
1.0050680632
1.0100912911
1.0027133709
1.0042227132
1.0056586395
1.0091207723
1.0111634131
1.0033079848
0.9955386947
0.9966554098
1.0018875734
1.0036464105
1.0027400161
1.0052953282
1.0115448510
1.0141097230
1.0090550984
1.0026618958
1.0070861013
0.9834257335
0.9293611654
0.8876213604
0.8743028632
0.8831508610
0.8915995422
0.9043161815
0.9206903650
0.9378236973
0.9562012326
0.9668193357
0.9722327637
0.9754997012
0.9677494164
0.9448561809
0.9196486941
0.9063800624
0.9050918767
0.9139732564
0.9304282051
0.9501577550
0.9738095709
0.9806784680
0.9884440308
0.9814566807
0.9668074237
0.9527363649
0.9333122066
0.9202206364
0.9297907351
0.9517862327
0.9710748084
0.9854635123
0.9963382904
1.0042372845
1.0081152741
1.0031454114
0.9894024786
0.9724603856
0.9622034757
0.9531827630
0.9520648210
0.9553774686
0.9659436020
0.9778709885
0.9858240027
0.9838754408
0.9694150038
0.9536353864
0.9528274126
0.9518765427
0.9528662325
0.9615569954
0.9749620273
0.9875541854
1.0001838622
1.0100736775
1.0030993077
1.0045532233
1.0043610926
1.0010070203
1.0005659319
1.0020701503
1.0046452442
1.0130007672
1.0038476413
1.0020276879
0.9959574158
0.9908457803
0.9878382003
0.9826388463
0.9754844457
0.9697867856
0.9705829793
0.9733411752
0.9730215406
0.9747445267
0.9778598129
0.9877429935
0.9984729447
1.0107963586
1.0092808131
1.0087493074
1.0093754428
1.0003207614
0.9915050984
0.9908437071
0.9874663552
0.9787576557
0.9626836115
0.9504928877
0.9469667498
0.9475630690
0.9532870685
0.9649101038
0.9755521970
0.9807381782
0.9800592219
0.9766835519
0.9844765292
0.9847901809
0.9785939420
0.9701428765
0.9632639100
0.9584889518
0.9608165542
0.9701590222
0.9707031081
0.9657365254
0.9641187834
0.9645840843
0.9632092357
0.9619388953
0.9602801050
0.9521528532
0.9375870732
0.9234075869
0.9121723786
0.9064925550
0.9086842928
0.9128227571
0.9223964212
0.9424672971
0.9611527803
0.9597729734
0.9398310613
0.9176340730
0.8923315634
0.8829610258
0.8932488309
0.9119843361
0.9281612459
0.9276350006
0.8949672712
0.8344096051
0.7623813679
0.6880071653
0.6256607966
0.5961613172
0.6099096120
0.6655023665
0.7610393248
0.8650847163
0.9304366002
0.9637400100
0.9973512039
1.0040109519
0.9961592882
0.9986659594
1.0002815557
1.0024179485
1.0028947087
1.0027226225
0.9958139840
0.9867699819
0.9785805878
0.9621970323
0.9462642217
0.9311823941
0.9241110919
0.9375197586
0.9574567131
0.9817709365
0.9935011295
0.9944722130
1.0019581255
0.9999112406
0.9970255137
1.0053282823
1.0056646166
1.0091963354
1.0122233825
1.0092494205
1.0157827607
1.0553148588
1.0910228028
1.0550256585
0.9792683118
0.9340037897
0.8850390871
0.8360860635
0.8083458817
0.8049290253
0.8360678957
0.8914254597
0.9467586873
0.9814736697
0.9946426825
0.9947448806
0.9856410082
0.9769763970
0.9705388120
0.9679591996
0.9640802534
0.9607025021
0.9664512772
0.9763857931
0.9829720082
0.9905759161
0.9958765021
0.9903538353
0.9742982968
0.9566228462
0.9496307822
0.9336195660
0.9183227073
0.9303002539
0.9510402804
0.9673543308
0.9786674003
0.9856846086
0.9921956809
0.9988873303
1.0032178682
0.9993391213
0.9854943627
0.9703761726
0.9557474075
0.9292040519
0.8901795907
0.8306660084
0.7644540967
0.7236395770
0.7337350466
0.7858968440
0.8638644097
0.9274829475
0.9695931682
0.9929029915
1.0062000958
1.0102931477
1.0012853044
0.9927087897
0.9931322198
0.9936637477
0.9915743036
0.9865991409
0.9710021772
0.9520526081
0.9364658468
0.9244042157
0.9045539164
0.9036749781
0.9061702304
0.9147857731
0.9283967993
0.9240215293
0.9234086011
0.9205920556
0.9063367833
0.8885137364
0.8749108646
0.8620525222
0.8578028860
0.8643912729
0.8767813080
0.8922067973
0.9059936068
0.9174863486
0.9161691812
0.8898982643
0.8400453477
0.7966351752
0.7853079273
0.8061816821
0.8572172307
0.9209237112
0.9696207051
0.9950401096
1.0014646551
0.9982087616
0.9933774920
0.9896405689
0.9805991465
0.9597830796
0.9251175150
0.8766595320
0.8233990381
0.7850690055
0.7748212907
0.7906893145
0.8071725559
0.7976959853
0.7543691559
0.7139224572
0.7040972457
0.7267063056
0.7664407130
0.7898490288
0.7840610147
0.7620727247
0.7467877232
0.7585674170
0.7988213823
0.8535122966
0.9017664780
0.9372129390
0.9634061358
0.9728553156
0.9765077638
0.9801280034
0.9783406064
0.9702529567
0.9578724617
0.9271559648
0.8776036548
0.8331939327
0.8155468706
0.8291761865
0.8643908174
0.9035892993
0.9338992286
0.9558176677
0.9626650804
0.9579103021
0.9506175454
0.9393023604
0.9279136813
0.9318118844
0.9556901326
0.9831640656
0.9890658892
0.9900081437
0.9856787878
0.9742961596
0.9543591661
0.9400536865
0.9346550753
0.9363855010
0.9470266385
0.9568660424
0.9761234987
0.9912820725
0.9863245593
0.9753014272
0.9741975682
0.9775497244
0.9775096660
0.9795347666
0.9895840523
0.9932368525
0.9847416375
0.9784118969
0.9866053431
1.0001607115
0.9893086367
0.9810632792
0.9861645429
0.9890470172
0.9811496435
0.9660856405
0.9581546199
0.9502542028
0.9420954574
0.9375499517
0.9418369696
0.9516766471
0.9569583599
0.9610307513
0.9658451729
0.9677853577
0.9611540849
0.9646417764
0.9710161588
0.9693123227
0.9588040332
0.9677553250
0.9776194806
0.9868508824
0.9938170181
0.9939293720
0.9949026423
0.9981390923
0.9954307517
0.9928954229
0.9966050010
0.9921767300
0.9722533757
0.9518442813
0.9326824218
0.9006327865
0.8554534085
0.8247178079
0.7841070491
0.7367572520
0.7190309763
0.7320778253
0.7480636797
0.7829719560
0.8361551906
0.8869643275
0.9265683285
0.9631126950
0.9821477811
0.9768764334
0.9640090753
0.9547975952
0.9503901723
0.9545387204
0.9635584041
0.9705328309
0.9781529479
0.9819604090
0.9877002239
0.9944813972
0.9940985535
0.9952741609
0.9872756878
0.9878474813
0.9740967421
0.9620382952
0.9628338003
0.9708855460
0.9771184141
0.9893534978
0.9947364044
0.9719522179
0.9510526783
0.9724013397
1.0025972799
1.0003072727
1.0001090402
0.9856157142
0.9710307701
0.9692092611
0.9676383443
0.9705331161
0.9727223083
0.9722007341
0.9512846888
0.9309879451
0.9179815116
0.9135501559
0.9295698070
0.9572570534
0.9718303804
0.9685944577
0.9639862298
0.9664297439
0.9694539903
0.9692227322
0.9653806758
0.9552413772
0.9488093622
0.9380181426
0.8928936602
0.7993698125
0.6794250814
0.5711623384
0.5100645163
0.5317818451
0.6210354854
0.7405002006
0.8486718152
0.9201091700
0.9568912428
0.9747547552
0.9825762964
0.9789739829
0.9683388064
0.9635439352
0.9580648522
0.9630494793
0.9755143980
0.9945054709
1.0089066764
0.9988886367
0.9965870318
0.9915782332
0.9833041652
0.9696093329
0.9559174170
0.9362135802
0.9162202132
0.9090357018
0.9093540032
0.9119958676
0.9164793960
0.9192557155
0.9274506747
0.9405779369
0.9539387674
0.9694399808
0.9869728766
0.9967546029
0.9905137936
0.9896888759
0.9691788675
0.9579681089
0.9614706855
0.9631659936
0.9694775342
0.9811328246
0.9886732827
0.9928588705
0.9970588346
0.9974219121
0.9892912157
0.9762819873
0.9628454935
0.9400802644
0.9030054387
0.8534491837
0.8080495268
0.7862493335
0.8010712258
0.8429215725
0.8986785517
0.9391819558
0.9630464165
0.9740247123
0.9798971577
0.9811415318
0.9819130547
0.9864135242
0.9889872349
0.9803651828
0.9577901049
0.9258939512
0.8943585246
0.8659086778
0.8241053405
0.7724662210
0.7276649998
0.7208831630
0.7620446418
0.8296764013
0.9006106825
0.9507160250
0.9809770553
0.9923892955
0.9903569274
0.9894213738
0.9960402338
1.0000411395
0.9992884510
0.9988187664
0.9990024487
0.9994646088
0.9994683616
0.9961720712
0.9888341064
0.9715548034
0.9488431574
0.9503606521
0.9476609850
0.9419934875
0.9427966887
0.9559818370
0.9722695820
0.9886257834
1.0034875823
1.0049353407
0.9977220483
0.9976214704
1.0001526342
0.9939381404
0.9792147705
0.9605832718
0.9468881519
0.9442061577
0.9378825215
0.9352020825
0.9412129969
0.9530331224
0.9687363019
0.9896702892
1.0011768494
0.9983437426
0.9921992923
0.9811291660
0.9623278810
0.9496974079
0.9398275414
0.9375259507
0.9465984752
0.9573492448
0.9678327549
0.9724936203
0.9649360522
0.9638632584
0.9607143132
0.9703009972
0.9800766998
0.9721705914
0.9736644918
0.9786193904
0.9784625183
0.9708444707
0.9592105807
0.9470800585
0.9380620593
0.9317708014
0.9340755804
0.9437212928
0.9550925624
0.9727887042
0.9890118104
0.9918902521
0.9919736070
0.9914122992
0.9825174211
0.9767519094
0.9769522236
0.9742476303
0.9688987046
0.9615434605
0.9568895088
0.9526897207
0.9462866430
0.9445451963
0.9571642449
0.9637883999
0.9608568244
0.9622102692
0.9617914366
0.9476143794
0.9228886063
0.8965132146
0.8773025357
0.8774360038
0.9000550266
0.9312791186
0.9593365922
0.9720167204
0.9639698237
0.9575424131
0.9627504596
0.9637017800
0.9460458591
0.9460939756
0.9526646043
0.9630671763
0.9745649264
0.9823008361
0.9792758343
0.9660696099
0.9555463916
0.9545334602
0.9561185161
0.9583281842
0.9658430925
0.9767783582
0.9852379417
0.9940830542
0.9963776919
0.9964910745
0.9921230830
0.9995946663
1.0058916815
1.0003467533
0.9991598289
1.0032830128
0.9999569230
0.9959989295
0.9946716653
0.9895071106
0.9812413706
0.9653278840
0.9398936913
0.9244036576
0.9195466847
0.9158465035
0.9102621812
0.9134022668
0.9107944228
0.9178559540
0.9247978563
0.9220469767
0.9126430869
0.8968307573
0.8877119408
0.8946488848
0.9171672984
0.9437516216
0.9667469684
0.9783956418
0.9750799454
0.9649521081
0.9545236773
0.9472476492
0.9498323403
0.9472446376
0.9512548742
0.9637232641
0.9874654328
1.0041734273
1.0098794964
1.0102392268
1.0127661143
1.0107881570
1.0077519324
0.9928287854
0.9716506160
0.9490659262
0.9387199223
0.9429296576
0.9468318642
0.9499860916
0.9591197051
0.9655642437
0.9689297656
0.9686829095
0.9665929967
0.9680532757
0.9696103348
0.9756496897
0.9735931216
0.9673626880
0.9635772392
0.9638288361
0.9594430356
0.9529683918
0.9514786172
0.9494853582
0.9473204404
0.9429913570
0.9298193137
0.9149551103
0.9082663828
0.9097604379
0.9229273710
0.9365398701
0.9505935709
0.9615992389
0.9524982408
0.9553318515
0.9640403696
0.9721948377
0.9711473554
0.9635241993
0.9653681136
0.9664012404
0.9570561725
0.9464803217
0.9405519240
0.9280984557
0.9002004385
0.8659407566
0.8415765183
0.8324647306
0.8335900181
0.8431652877
0.8593602607
0.8888066024
0.9187401527
0.9402971435
0.9651411294
0.9698581172
0.9772112665
0.9830288414
0.9840029647
0.9764374329
0.9726667714
0.9708599038
0.9749326653
0.9892648010
1.0011892543
0.9984113875
0.9858706022
0.9698034273
0.9512842712
0.9380264043
0.9293487567
0.9366894659
0.9464995818
0.9589524503
0.9759351424
0.9776530238
0.9606757873
0.9503599212
0.9453201141
0.9235145179
0.8833328151
0.8236233962
0.7532044003
0.6742348519
0.5972740458
0.5438419673
0.5334008978
0.5746312216
0.6571266469
0.7610016357
0.8526008414
0.9219999399
0.9615709722
0.9830284832
0.9870534570
0.9825517633
0.9826688352
0.9693570851
0.9418734778
0.9203832144
0.9176883343
0.9169189581
0.9235396409
0.9455493296
0.9733408418
0.9889889322
0.9873336373
0.9807030131
0.9776929832
0.9761345294
0.9745522810
0.9742200915
0.9575618321
0.9415079571
0.9177303439
0.8901456862
0.8684615221
0.8484140255
0.8268181273
0.8230860869
0.8460817617
0.8769978684
0.9038440368
0.9260973735
0.9393804652
0.9392258925
0.9322906309
0.9277931271
0.9280413883
0.9357151867
0.9464241062
0.9522509088
0.9607271575
0.9607800453
0.9434014702
0.9148310917
0.8786141749
0.8547574532
0.8542256684
0.8647732935
0.8820990928
0.9057058837
0.9368862137
0.9681833957
0.9830876919
0.9744420496
0.9531488000
0.9312232435
0.9082316304
0.8801337226
0.8472784506
0.8225103153
0.8197981212
0.8312925647
0.8473227295
0.8570756972
0.8631012448
0.8602644059
0.8582167488
0.8677969951
0.8967521194
0.9348110548
0.9622772045
0.9725358237
0.9661588456
0.9505411225
0.9292691578
0.9031227932
0.8832903234
0.8733817741
0.8757045801
0.8965793344
0.9171106587
0.9230785981
0.9320509450
0.9311147103
0.9180137052
0.9244748720
0.9217936627
0.9205942646
0.9237146827
0.9175910965
0.9032654831
0.8864409614
0.8792699254
0.8941811172
0.9220773783
0.9465807512
0.9653794451
0.9747238624
0.9765771198
0.9765381507
0.9839236832
0.9980289867
1.0036396215
0.9987859381
1.0053871705
1.0025890718
0.9836618478
0.9706082700
0.9482503322
0.9402382049
0.9467315582
0.9549940905
0.9625333976
0.9734795026
0.9872338945
1.0001622913
1.0068095682
1.0012773545
0.9953127129
0.9929054524
0.9895973906
0.9857535503
0.9729479445
0.9659940591
0.9741947899
0.9662110841
0.9683513123
0.9760068479
0.9794371548
0.9706708277
0.9563987697
0.9424787588
0.9319437575
0.9339591206
0.9511934361
0.9692700810
0.9768839026
0.9826605525
0.9905165580
0.9792260622
0.9662086468
0.9620967338
0.9502048637
0.9420853536
0.9399510367
0.9257794552
0.9225194797
0.9223164583
0.9296095960
0.9420626372
0.9522011111
0.9635911434
0.9764020296
0.9834446211
0.9882840374
0.9944894758
0.9935426909
0.9861416321
0.9770217616
0.9639683697
0.9520962574
0.9454688220
0.9396485951
0.9453112765
0.9568437369
0.9611857052
0.9728505149
0.9774369680
0.9787544786
0.9816714787
0.9838005724
0.9680656251
0.9499383549
0.9401749167
0.9387310038
0.9456635129
0.9507919402
0.9517591994
0.9545830550
0.9682600116
0.9751532597
0.9777903709
0.9848739826
0.9753185819
0.9665540848
0.9594707842
0.9612887253
0.9684603175
