#flux
0.9674773156
0.9635184874
0.9641840934
0.9698370575
0.9695021765
0.9636571918
0.9625176714
0.9665280663
0.9705897357
0.9740397254
0.9790522817
0.9805876296
0.9765070995
0.9737321859
0.9742632108
0.9728205883
0.9690538526
0.9666473333
0.9669447779
0.9703613501
0.9686974633
0.9680240417
0.9693906210
0.9643179425
0.9594423153
0.9585140390
0.9566395828
0.9537599914
0.9489710442
0.9453360879
0.9479782351
0.9537823195
0.9564862315
0.9541354946
0.9510028698
0.9516733551
0.9510988182
0.9443744756
0.9390685613
0.9360889240
0.9378062768
0.9452098579
0.9602698469
0.9849934273
1.0008373439
0.9943879060
0.9694389824
0.9444136343
0.9307231138
0.9301705078
0.9351605186
0.9377460371
0.9413237974
0.9454224360
0.9464916680
0.9480149184
0.9517684302
0.9524512829
0.9488665939
0.9426711830
0.9351588298
0.9362217294
0.9460518312
0.9514069745
0.9486712217
0.9409850007
0.9317168343
0.9209286391
0.9137920325
0.9096560630
0.9060132697
0.9071457790
0.9144365850
0.9225445763
0.9281488765
0.9318294834
0.9321836652
0.9285123068
0.9261460169
0.9286506694
0.9315485464
0.9298073356
0.9262620819
0.9263971787
0.9294052963
0.9219515916
0.9126467681
0.9062114891
0.8909355639
0.8673062157
0.8526989876
0.8500942069
0.8540193018
0.8629532591
0.8764242043
0.8920196732
0.9043782274
0.9079566964
0.9048250463
0.9019119759
0.8985823781
0.8924921881
0.8891507860
0.8949941532
0.9063848520
0.9200749988
0.9260074866
0.9244939771
0.9216810663
0.9219046017
0.9230693785
0.9179983962
0.9050100442
0.8956494705
0.8945432426
0.8950892807
0.8959930402
0.9032672447
0.9176552510
0.9298561230
0.9288957628
0.9207061410
0.9129520508
0.9040008673
0.9047835059
0.9096662066
0.9097836387
0.9077505349
0.9056704809
0.9012088103
0.8961849443
0.8935625548
0.8913672497
0.8852352522
0.8782275671
0.8772205292
0.8807697212
0.8862010541
0.8930567727
0.8933727355
0.8865698605
0.8841989448
0.8892399944
0.8926006925
0.8908920809
0.8867365453
0.8820554351
0.8821147731
0.8846341277
0.8821626451
0.8768585162
0.8740715132
0.8762295226
0.8795626109
0.8756259088
0.8658923229
0.8589082006
0.8555757569
0.8499427456
0.8408332927
0.8323663567
0.8261431568
0.8278237683
0.8398543943
0.8422370352
0.8347898675
0.8368677840
0.8328732771
0.8349282852
0.8341674316
0.8271719804
0.8196290447
0.8140122102
0.8041856340
0.7894638453
0.7779404884
0.7752492467
0.7787787154
0.7829982074
0.7825564702
0.7769494913
0.7774398188
0.7814703754
0.7807958483
0.7782676141
0.7776022033
0.7710056106
0.7623966892
0.7577337117
0.7497899550
0.7455354924
0.7396715895
0.7276962260
0.7143333941
0.7033590485
0.6922704595
0.6801134673
0.6669735528
0.6516582732
0.6334598602
0.6084708402
0.5748014209
0.5415122108
0.5051517674
0.4610980347
0.4170125958
0.3730538693
0.3302101553
0.2957543913
0.2689564239
0.2489429259
0.2354645173
0.2287420152
0.2231072204
0.2207006998
0.2257081705
0.2360898325
0.2497957467
0.2689798211
0.2966144724
0.3324126032
0.3718591031
0.4147787731
0.4585547483
0.5014330612
0.5429868408
0.5831760475
0.6191782379
0.6490477880
0.6645972093
0.6716606414
0.6840917357
0.6925305079
0.7001935020
0.7111966362
0.7275978021
0.7489296040
0.7640226770
0.7652977148
0.7624481804
0.7631274048
0.7646186545
0.7717370819
0.7821506032
0.7933186422
0.7959908218
0.7972065114
0.7977243971
0.8011008216
0.8075909030
0.8138778475
0.8213688667
0.8309708737
0.8390368594
0.8409488904
0.8392506290
0.8383848484
0.8391847471
0.8395594469
0.8393703155
0.8425182508
0.8487994882
0.8516611731
0.8547751424
0.8621982940
0.8675225546
0.8699204746
0.8687615982
0.8690869786
0.8708957864
0.8756639906
0.8825428610
0.8826537039
0.8811232844
0.8839126865
0.8798263273
0.8721831422
0.8741259884
0.8840112111
0.8915861305
0.8933148572
0.8923653586
0.8925048377
0.8903692520
0.8889540207
0.8952112377
0.9002405776
0.9035488217
0.9035416054
0.9039381611
0.9056358896
0.9089391974
0.9122634919
0.9138366021
0.9106624506
0.9091658202
0.9123156655
0.9136840675
0.9129009357
0.9141662434
0.9151216698
0.9159936035
0.9213559772
0.9253580077
0.9224866440
0.9176814005
0.9190791842
0.9174159560
0.9134650344
0.9144061856
0.9119268140
0.9066419174
0.9001099138
0.8972572503
0.8932139040
0.8865273738
0.8734098121
0.8512505741
0.8229378625
0.7933049216
0.7704036203
0.7666383597
0.7859121225
0.8170116511
0.8537150271
0.8911136227
0.9068955741
0.9170585170
0.9231408065
0.9292682320
0.9353959267
0.9320556673
0.9239480113
0.9224081400
0.9266867150
0.9335044357
0.9350907536
0.9312296126
0.9280961899
0.9295682479
0.9324404304
0.9295424601
0.9230748375
0.9229068583
0.9280971206
0.9284515536
0.9239103619
0.9219456622
0.9181045587
0.9171999839
0.9175663081
0.9254303276
0.9310684710
0.9304495010
0.9339647145
0.9403346187
0.9455136957
0.9493044659
0.9468214923
0.9408686208
0.9401674740
0.9404306375
0.9357686264
0.9305636030
0.9263702707
0.9273511477
0.9361714815
0.9464487361
0.9500351894
0.9518515601
0.9516166238
0.9437625187
0.9362139936
0.9313156481
0.9298015260
0.9275089236
0.9214751313
0.9099531514
0.8953293019
0.8865634460
0.8889722388
0.8972039794
0.9065148078
0.9192907174
0.9328950029
0.9393611129
0.9398815840
0.9471350955
0.9597739340
0.9604013915
0.9551376272
0.9525517333
0.9509120840
0.9504468185
0.9486409068
0.9461465978
0.9494366957
0.9554021443
0.9553382884
0.9485497197
0.9368270473
0.9225384417
0.9115910997
0.9026427686
0.8972962697
0.9032741444
0.9071727882
0.9102893592
0.9261030873
0.9314848639
0.9275574919
0.9297311069
0.9312472129
0.9294280772
0.9169256596
0.8904431623
0.8587131935
0.8362153026
0.8317305829
0.8488098153
0.8812855336
0.9125412929
0.9327185499
0.9469620410
0.9602747137
0.9695461163
0.9723745449
0.9701308041
0.9686104872
0.9710776289
0.9715219535
0.9698518468
0.9698485604
0.9700287179
0.9708693735
0.9711055224
0.9679503232
0.9654362292
0.9642070406
0.9620465987
0.9636436093
0.9690032822
0.9719747130
0.9732763621
0.9696755248
0.9681449039
0.9684259836
0.9662197594
0.9656328205
0.9674663859
0.9698388090
0.9741970868
0.9819446473
0.9868412430
0.9819121122
0.9774357177
0.9770454331
0.9768537491
0.9762018137
0.9772613101
0.9813489232
0.9832179461
0.9788878762
0.9764083067
0.9788298290
0.9792236283
0.9791285851
0.9792444896
0.9823905022
0.9848454209
0.9859830390
0.9820689277
0.9798317234
0.9773119221
0.9838933632
0.9933676255
0.9900524628
0.9794540030
0.9756373227
0.9829734613
0.9903822557
0.9877183370
0.9811488243
0.9788464609
0.9768853018
0.9736308492
0.9716927832
0.9748161068
0.9832417383
0.9873890238
0.9825345017
0.9749447237
0.9690040302
0.9710789914
0.9786016204
0.9864761352
0.9878242310
0.9851413870
0.9832586354
0.9809793712
0.9733467022
0.9637363167
0.9594538266
0.9567942749
0.9511605303
0.9508747697
0.9575474938
0.9612764047
0.9617624050
0.9614823829
0.9608959053
0.9571112586
0.9592026411
0.9661061910
0.9679900942
0.9611833361
0.9571603802
0.9473178553
0.9348258365
0.9317459937
0.9326174887
0.9326495310
0.9384256045
0.9486891459
0.9573550563
0.9634156170
0.9654972190
0.9703208177
0.9746190207
0.9722664140
0.9750239132
0.9863252844
0.9882920999
0.9809965577
0.9771384723
0.9790394260
0.9765816543
0.9697414584
0.9694464294
0.9739830801
0.9761849455
0.9736865351
0.9701068234
0.9710518871
0.9758643951
0.9796311853
0.9805904153
0.9825562450
0.9863038172
0.9823759078
0.9787210658
0.9791801286
0.9693375600
0.9598409268
0.9572822088
0.9607236918
0.9583917644
0.9529598748
0.9500170866
0.9498713017
0.9471016124
0.9437631122
0.9442886794
0.9473667610
0.9542444671
0.9651872371
0.9751467968
0.9838461247
0.9830138847
0.9764257276
0.9731825366
0.9761160214
0.9798125900
0.9789571807
0.9756276001
0.9737919732
0.9720918323
0.9701869622
0.9680121419
0.9675908594
0.9734804953
0.9801171814
0.9814490412
0.9828401401
0.9842508284
0.9780418823
0.9712502873
0.9679200365
0.9660717130
0.9719537222
0.9734212947
0.9699357395
0.9689680116
0.9688232124
0.9696160613
0.9713302732
0.9685542407
0.9601813589
0.9579018827
0.9630255326
0.9614364116
0.9492257747
0.9313744602
0.9095089333
0.8874206000
0.8712238873
0.8631176730
0.8681586745
0.8950680831
0.9234596185
0.9373100933
0.9433363330
0.9476153323
0.9528926592
0.9555196008
0.9596197967
0.9652389055
0.9676711087
0.9692278654
0.9730598813
0.9748986584
0.9754196360
0.9761999443
0.9735651367
0.9701072450
0.9700687942
0.9662539313
0.9618354800
0.9644494005
0.9745759170
0.9800527476
0.9827100347
0.9884370802
0.9879609762
0.9856099840
0.9858242710
0.9840816988
0.9831850551
0.9853061633
0.9856354723
0.9815379143
0.9783831024
0.9801649657
0.9822054187
0.9822673069
0.9850802482
0.9878729258
0.9850606266
0.9830144602
0.9896913866
0.9921920295
0.9836538011
0.9873646667
0.9974240693
0.9951028080
0.9860194626
0.9845579423
0.9915727770
0.9947307609
0.9902962443
0.9843650260
0.9839265259
0.9901828184
0.9970277957
0.9963057278
0.9902331217
0.9903547556
0.9951457533
0.9952686124
0.9960850118
1.0015333984
1.0033504209
0.9994241619
0.9964693896
0.9936478026
0.9921505787
0.9944103082
0.9970777825
0.9947569499
0.9940851616
0.9969938601
0.9964392996
0.9954391549
0.9965863694
0.9928627374
0.9812104348
0.9676460988
0.9603343890
0.9567627001
0.9564915885
0.9643294019
0.9720255829
0.9797300457
0.9843142794
0.9832151600
0.9802868813
0.9854582710
0.9914873371
0.9928812866
0.9923326043
0.9883292118
0.9836569240
0.9770269549
0.9664861575
0.9565600539
0.9465308891
0.9335254335
0.9271140283
0.9249277480
0.9149603534
0.9028622585
0.8889974485
0.8532150618
0.8061896082
0.7651656992
0.7384606335
0.7385278314
0.7688447961
0.8177150236
0.8661661954
0.9036876535
0.9251900232
0.9391038313
0.9542467394
0.9644876470
0.9625595460
0.9515903963
0.9307459764
0.8932598344
0.8474205088
0.8131248733
0.7947816657
0.7929701894
0.8224911192
0.8684524425
0.9060249026
0.9261581154
0.9395611184
0.9548998927
0.9684201927
0.9772330288
0.9817245782
0.9820270671
0.9791995496
0.9782164452
0.9801854987
0.9826613419
0.9880977900
0.9934316871
0.9963498315
0.9980890237
0.9937554588
0.9936141434
0.9936767337
0.9877971866
0.9892010230
0.9891244690
0.9862175661
0.9891509722
0.9936421259
0.9934121416
0.9884655528
0.9853964943
0.9854932588
0.9841736674
0.9816580796
0.9827387542
0.9871406990
0.9900943339
0.9909337219
0.9903305951
0.9868830970
0.9796480639
0.9802838751
0.9859699417
0.9889171895
0.9898437933
0.9877080615
0.9864344924
0.9877490362
0.9886094856
0.9820125165
0.9728585873
0.9694162337
0.9758406691
0.9840550856
0.9833570256
0.9777213301
0.9684005269
0.9508867192
0.9353733419
0.9207663890
0.9011816511
0.8975156779
0.9098831772
0.9259537242
0.9449477578
0.9640573491
0.9783670988
0.9840728123
0.9874474784
0.9887022881
0.9867098810
0.9856842274
0.9868788630
0.9833393873
0.9725860576
0.9598488822
0.9461124774
0.9343357510
0.9285468151
0.9331545206
0.9412755256
0.9492077241
0.9608774405
0.9693783591
0.9672756067
0.9607034035
0.9536637621
0.9552040485
0.9656881405
0.9717410261
0.9751401402
0.9790640382
0.9818022924
0.9835989349
0.9844022166
0.9842405034
0.9850831160
0.9861326355
0.9915708109
0.9960591989
0.9950370424
0.9926649705
0.9958160096
0.9983237374
0.9949279312
0.9904341125
0.9887581064
0.9886361893
0.9906307237
0.9935202664
0.9950962104
0.9989742360
1.0051351089
1.0033522214
0.9946068514
0.9915002760
0.9948361085
0.9998096326
0.9977827974
0.9947652233
1.0036868144
1.0091666124
1.0087748710
1.0038896154
0.9952454605
0.9936702953
0.9930445117
0.9919581002
0.9902231123
0.9909387347
0.9952218991
0.9943888304
0.9882000262
0.9805324840
0.9743401963
0.9740939649
0.9774012242
0.9784247312
0.9800059031
0.9862038900
0.9903284146
0.9871590783
0.9854696394
0.9852139448
0.9886522654
0.9919016402
0.9958868186
1.0020141947
1.0030894406
1.0024567377
0.9993815896
0.9994973569
1.0002879878
0.9957054412
0.9891425081
0.9859970338
0.9864499236
0.9894185825
0.9917223414
0.9903553889
0.9897594626
0.9884338502
0.9912267407
0.9978765374
0.9994876350
0.9943733561
0.9917796244
0.9935680556
0.9927768474
0.9883607612
0.9882390466
0.9910485597
0.9912463952
0.9868897351
0.9741863790
0.9540851400
0.9348443542
0.9180246985
0.9081688378
0.9186352383
0.9385888056
0.9620554236
0.9764152688
0.9817343382
0.9878493661
0.9956806138
0.9956148949
0.9936365276
0.9904328620
0.9873263440
0.9876558337
0.9822687776
0.9750073004
0.9734816124
0.9755022595
0.9774749051
0.9767038213
0.9728068554
0.9727988314
0.9741115610
0.9765378690
0.9840640854
0.9866150017
0.9870656122
0.9879386018
0.9869751338
0.9916120494
0.9895609586
0.9871989651
0.9886925277
0.9887533230
0.9858729264
0.9850583598
0.9845335655
0.9806556562
0.9743400168
0.9696892922
0.9686857170
0.9677453580
0.9700975897
0.9759928203
0.9858158025
0.9940877009
0.9908742587
0.9841619888
0.9823683219
0.9893077322
0.9982389740
0.9958791517
0.9865962830
0.9811953321
0.9830188298
0.9844301043
0.9793560904
0.9699154453
0.9608855980
0.9569420215
0.9631481619
0.9793913183
0.9941610072
0.9915811361
0.9835342025
0.9875844454
0.9853306764
0.9777695541
0.9841494939
0.9861027274
0.9800839924
0.9679159273
0.9540677798
0.9269243017
0.8887517223
0.8557835750
0.8390213816
0.8432617871
0.8657584252
0.8952429310
0.9222986758
0.9430199510
0.9536465727
0.9556363216
0.9517257972
0.9539979618
0.9703842623
0.9812284519
0.9868975174
0.9882298776
0.9882731094
0.9970211588
1.0040442310
1.0021777254
0.9970691775
0.9919550641
0.9914057375
0.9943086337
0.9957580362
0.9963112032
0.9971599101
0.9953388600
0.9916934486
0.9901205648
0.9913808213
0.9963978764
0.9978510870
1.0040802368
1.0056315324
1.0022039008
1.0061636391
1.0046378930
0.9995893378
0.9985535659
0.9976223296
0.9954647916
0.9940573693
0.9907791551
0.9871657352
0.9896021043
0.9955454156
0.9973777499
0.9945056805
0.9860432352
0.9798215475
0.9857305749
0.9875001910
0.9814954783
0.9755668873
0.9751163519
0.9764548287
0.9847842754
0.9875316647
0.9858007856
0.9890499284
0.9946028742
0.9986976057
0.9992924553
0.9956225878
0.9930222849
0.9947163259
0.9969982215
0.9983966204
0.9962050897
0.9924672244
0.9906620638
0.9916012034
0.9917941965
0.9807737802
0.9759097090
0.9792159543
0.9765797110
0.9743156356
0.9693032925
0.9649041302
0.9669873448
0.9753545924
0.9841105412
0.9924055114
0.9990412127
1.0006918014
0.9991822771
0.9969883540
0.9936627792
0.9913581052
0.9965589813
1.0021348807
1.0069609599
1.0050981456
1.0027716620
1.0041315200
0.9987542678
0.9954376438
0.9939917766
0.9954156539
1.0015237828
1.0011854764
0.9977343710
0.9963118187
0.9952192905
0.9894695974
0.9804393579
0.9814585395
0.9919350813
0.9950372671
0.9982163350
1.0055301634
1.0045720366
1.0013764090
0.9971424059
0.9981621548
0.9938229022
0.9932169769
1.0018565339
1.0067469526
1.0018297206
0.9939279725
0.9947999889
1.0007375613
1.0048270747
1.0077424841
1.0080359857
1.0029669832
0.9979020096
0.9989975768
1.0001716058
0.9980919997
0.9993310626
0.9990654819
0.9934797801
0.9895232934
0.9888707197
0.9931099162
0.9940718706
0.9888854610
0.9837870943
0.9845320005
0.9919408335
0.9972013969
0.9943967237
0.9886748258
0.9884346448
0.9935590730
0.9954282615
0.9921205035
0.9892991074
0.9894375652
0.9976969080
1.0044295224
1.0080274156
1.0045416442
1.0007763902
1.0004642495
0.9969748176
1.0006565021
1.0046299872
1.0060610502
1.0080131449
1.0095762678
1.0105894212
1.0103726628
1.0067729991
1.0036373234
1.0057573635
1.0072848478
1.0031018975
0.9987848233
0.9989124828
0.9946622424
0.9975495061
0.9985029270
1.0009457428
1.0033158042
1.0046368342
1.0069743417
1.0047319877
1.0070375710
1.0131996385
1.0176095394
1.0153123303
1.0094599484
1.0064776644
1.0061291958
1.0052864733
1.0039933895
1.0063491461
1.0090394872
1.0086040998
1.0006425734
1.0017449603
1.0087813603
1.0086150577
1.0086416731
1.0047066824
1.0040443115
1.0036504971
1.0017242948
0.9980868818
0.9935959117
0.9963650855
1.0038946062
1.0043047285
0.9996473161
1.0003157043
1.0032812288
1.0016530550
1.0005602222
1.0000916880
0.9997595225
1.0025804752
0.9989347331
1.0018361733
1.0052953688
1.0096438951
1.0093850603
1.0057644966
0.9996462726
1.0013933734
1.0017727647
0.9997506020
0.9994563322
1.0004035130
0.9995766911
0.9973943767
0.9989869358
0.9978806028
0.9972820290
1.0038980143
0.9991663989
0.9944472619
0.9892826756
0.9936904816
0.9953618309
0.9956083303
0.9967694968
0.9985407591
1.0018798633
1.0005284643
1.0017502865
1.0032110022
0.9939096819
0.9776857516
0.9682386022
0.9748380297
0.9905997624
0.9935662680
0.9951712925
0.9998291072
1.0020382694
0.9978254318
0.9993372214
0.9984551945
0.9966194505
1.0005911466
0.9986973239
0.9961837112
0.9947144282
0.9867569258
0.9760846299
0.9725710897
0.9716136713
0.9690210210
0.9726721271
0.9852683312
0.9984108298
1.0074764997
1.0131105119
1.0122830887
1.0086937636
1.0135652062
1.0116982454
1.0029205772
1.0012115316
1.0051413840
1.0036947440
1.0026121919
1.0060844596
1.0066982900
1.0019797085
0.9958763958
0.9925140074
0.9914722362
0.9930190925
0.9968399586
0.9990936077
1.0008333085
1.0047668400
1.0094757769
1.0105510286
1.0107138846
1.0131737158
1.0072480492
0.9998120944
1.0027246513
0.9995684804
0.9976367393
1.0017615954
1.0007058179
0.9930713791
0.9840569158
0.9781626899
0.9680935272
0.9495194922
0.9355812756
0.9374301447
0.9487967055
0.9620489189
0.9769878156
0.9910269358
0.9917463824
0.9912009900
0.9909713258
0.9922888339
0.9931891197
0.9931934641
0.9973209299
0.9991881494
1.0005729719
1.0077472848
1.0104173658
1.0078484327
1.0088060129
1.0112950505
1.0083994246
1.0009622134
0.9943614891
0.9934164354
0.9954744168
0.9985018877
1.0046499258
1.0082106794
1.0073033612
1.0062477352
1.0075061278
1.0091519973
1.0048728378
1.0013946310
0.9971393238
0.9960883546
0.9972588140
0.9967927201
0.9955957622
0.9912884737
0.9848047985
0.9841781315
0.9893656973
0.9949002699
0.9996490360
1.0007988546
1.0018899991
1.0036979162
1.0074951647
1.0048071713
0.9995031222
1.0014036355
1.0015120050
0.9999229092
1.0021883423
1.0083661228
1.0078668533
1.0035940768
0.9991837257
0.9948676831
0.9927576316
0.9944513989
0.9976508755
0.9993530061
0.9998161345
0.9944781868
0.9942579991
0.9861597126
0.9846917649
0.9881102225
0.9941819877
0.9961606846
0.9948913921
0.9943663957
0.9901229451
0.9878096518
0.9886663564
0.9883809162
0.9857814416
0.9846863303
0.9842590481
0.9828406080
0.9833799385
0.9836778459
0.9830248164
0.9908476130
0.9977904730
0.9952525943
0.9933955581
0.9900930803
0.9922261113
0.9906262908
0.9859910385
0.9837744516
0.9752008365
0.9626091673
0.9488542898
0.9347967339
0.9195886559
0.9052105595
0.8911443114
0.8741564054
0.8549905809
0.8389350669
0.8345399949
0.8464325452
0.8670485460
0.8867605390
0.8961920276
0.9033964935
0.9072954468
0.9180442619
0.9300388830
0.9482936636
0.9656940120
0.9790735435
0.9892244257
0.9907432887
0.9901654546
0.9936927651
0.9907202880
0.9843443196
0.9845860973
0.9793509394
0.9654120284
0.9512727537
0.9471709488
0.9412125853
0.9396034251
0.9550904490
0.9691493044
0.9909758240
0.9976343155
0.9872944913
0.9806861587
0.9838895053
0.9821893101
0.9771398629
0.9799694445
0.9859023005
0.9924128302
1.0005584887
1.0073996028
1.0115693937
1.0087367973
0.9999875963
0.9960935227
0.9980036515
1.0013986984
1.0029262049
1.0040015257
1.0018675998
1.0049255277
1.0130388526
1.0087773655
1.0032825132
1.0049396801
1.0111694403
1.0145098287
1.0119234390
1.0093634996
1.0093140409
1.0108860135
1.0125970378
1.0079180904
0.9993457083
0.9965114919
1.0073360348
1.0069140405
1.0089373569
1.0138339266
1.0062655676
0.9996426173
0.9980695674
1.0030285883
1.0065589358
1.0040728058
1.0033424538
1.0070723987
1.0096256016
1.0087075396
1.0087420600
1.0105810535
1.0091137031
1.0066806436
1.0099616168
1.0102609660
1.0085231016
1.0075281912
1.0064220676
1.0115710248
1.0118742624
1.0083573930
1.0069059687
1.0064995563
1.0007825576
0.9929665860
0.9930897118
0.9950718483
0.9870372524
0.9723192212
0.9610124004
0.9550839532
0.9494167642
0.9444260625
0.9489327048
0.9608092712
0.9718092858
0.9834509333
0.9923830486
1.0077757586
1.0122878880
1.0079976809
1.0067583411
1.0083682746
1.0096433443
1.0092297704
1.0077186079
1.0071678333
1.0065724568
1.0060608261
1.0054963909
1.0067747230
1.0109668084
1.0127255104
1.0085400717
1.0031003388
1.0040101619
1.0097298176
1.0113976348
1.0121555262
1.0053099182
1.0084664198
1.0180891809
1.0205298250
1.0138838509
1.0109690908
1.0121310579
1.0129151500
1.0079766479
1.0017507661
0.9999415921
0.9994340647
0.9980808564
0.9962569098
0.9931039253
0.9952211312
0.9993692499
1.0011201894
0.9976454352
0.9997937256
1.0039271135
0.9941085563
0.9911504667
0.9915066394
0.9899615854
0.9892649702
0.9898302607
0.9950809507
0.9988773414
0.9975042045
0.9915690209
0.9854333075
0.9758822955
0.9520434105
0.9124305570
0.8661152878
0.8270678430
0.7977210853
0.7976499765
0.8266180231
0.8676865329
0.9111050675
0.9501362783
0.9740292289
0.9905582113
1.0027374271
1.0053939749
1.0044778009
1.0086112656
1.0069262816
1.0014073582
1.0009927307
1.0019752975
1.0041731030
1.0112363333
1.0142204191
1.0141857906
1.0171755416
1.0125289007
1.0012478070
0.9992829050
1.0027224249
1.0076209454
1.0064263613
0.9981647968
0.9991012636
1.0047905464
1.0102541087
1.0135817405
1.0093671507
1.0046711826
1.0043085861
1.0066857767
1.0086381527
1.0070815701
1.0071496097
1.0113206202
1.0125852548
1.0065489456
1.0079541348
1.0121025975
1.0093058842
1.0042524076
1.0080068585
1.0077342166
1.0019514336
0.9952014043
0.9952897386
0.9970036232
0.9981961960
1.0008790431
0.9997945376
0.9938427926
0.9904738620
0.9930236546
0.9981161630
1.0007496501
1.0019941457
1.0073006381
1.0078592871
1.0117957705
1.0080154184
1.0105715314
1.0136175866
1.0111723598
1.0068653168
1.0062772120
1.0072908755
1.0027160730
0.9984826247
1.0015221077
1.0036382081
0.9975802690
0.9922095823
0.9962890363
1.0042207213
1.0099440960
1.0148601639
1.0168045844
1.0135989832
1.0085387615
1.0007551929
0.9964649191
0.9992245390
1.0055606465
1.0054841615
1.0075319797
1.0090122983
1.0075083554
1.0107616360
1.0163934005
1.0195244902
1.0192286158
1.0142721944
1.0057986363
1.0006418572
1.0040560083
1.0123460437
1.0167004323
1.0137236860
1.0087377087
1.0091817218
1.0172570873
1.0165739594
1.0061277806
1.0105140805
1.0149292254
1.0197910747
1.0220069077
1.0168024466
1.0117405504
1.0120111600
1.0139814289
1.0135628997
1.0103280892
1.0075731350
1.0095189930
1.0138046420
1.0149729395
1.0111509180
1.0090044233
1.0136323903
1.0121225074
1.0085429893
1.0063811801
1.0104822296
1.0094446037
1.0099277507
1.0135772400
1.0163871997
1.0158486803
1.0136701779
1.0103822914
1.0074708655
1.0053435182
1.0028457980
1.0032840593
1.0085084853
1.0135521839
1.0090781684
1.0060344496
1.0114044992
1.0156492309
1.0141726185
1.0118248726
1.0129055631
1.0113670793
1.0062364718
1.0063449767
1.0117866365
1.0157052247
1.0139003906
1.0101029492
1.0113039860
1.0136067107
1.0104555362
1.0103356091
1.0162212504
1.0126885361
1.0067770562
1.0088039511
1.0101812852
1.0052559311
1.0047769381
0.9997390998
0.9963412136
0.9911710139
0.9910177174
0.9916551162
0.9885657097
0.9894953781
0.9950903322
0.9997571980
1.0055059249
1.0107000565
1.0106018587
1.0082659547
1.0065316668
1.0105805445
1.0163885788
1.0168144450
1.0181412677
1.0178900332
1.0184275637
1.0117600744
1.0087831030
1.0073246843
1.0094426616
1.0118424039
1.0129120946
1.0127278622
1.0104173309
1.0076794498
1.0032291080
1.0009418659
1.0036481484
1.0062343826
1.0079219919
1.0054395705
1.0000297817
1.0013385519
1.0037476892
1.0041491291
1.0055306807
1.0039433687
0.9978679935
0.9981442248
1.0002403426
0.9978532236
1.0022577368
1.0068879698
1.0047411052
1.0043194508
1.0052735435
1.0059497143
1.0074449124
1.0044548850
0.9999564872
1.0020928418
1.0031878935
1.0039995885
1.0086087445
1.0133862501
1.0149124936
1.0071834310
1.0071879159
1.0071073745
1.0031447181
1.0017828881
1.0047540183
1.0077840435
1.0083400666
1.0087914162
1.0104976777
1.0100051997
1.0051762410
0.9994263625
0.9971020868
0.9996669342
1.0063259484
1.0131800034
1.0096903003
1.0080023034
1.0061177654
1.0094931304
1.0072007378
1.0084158688
1.0113063270
1.0114873451
1.0080359386
1.0059119914
1.0070380464
1.0089535745
1.0129738579
1.0152298709
1.0128553154
1.0121154575
1.0144911973
1.0120302538
1.0070232640
1.0140480034
1.0124105342
1.0080305853
1.0024707254
0.9963733794
0.9988669364
1.0002770360
0.9998717523
1.0011458864
1.0015962788
1.0016886142
1.0035402459
1.0062537511
1.0094617961
1.0074972323
1.0065897432
1.0088802891
1.0033378768
0.9973024145
0.9986573991
1.0065470356
1.0118063298
1.0040770460
1.0003660012
0.9955195799
0.9887997227
0.9881876353
0.9775819051
0.9704484572
0.9635934157
0.9656899005
0.9724013223
0.9807439252
0.9884703297
0.9949999184
1.0024136020
1.0060517163
1.0026733989
1.0000827716
1.0010261581
1.0064608535
1.0101602396
1.0078379056
1.0060106697
1.0061255647
1.0020800405
1.0025873991
1.0049990092
1.0059006322
1.0060737433
1.0067917593
1.0012904482
1.0007670740
1.0058440011
1.0061780632
0.9988209173
0.9922723027
0.9901602324
0.9839640750
0.9736312506
0.9684045848
0.9579247960
0.9315514463
0.8939272258
0.8601244171
0.8258196556
0.7992565194
0.7960605872
0.8097456729
0.8386973071
0.8801583331
0.9272120118
0.9653755562
0.9855106066
0.9931058819
0.9979631561
1.0015553199
1.0041208972
1.0071133384
1.0070913746
1.0059236453
1.0032222063
1.0081459116
1.0118991497
1.0064807965
1.0046262622
1.0010384206
1.0015068979
1.0071376923
1.0047364566
0.9998400404
0.9986604858
0.9983377702
0.9952743792
0.9906918955
0.9843418425
0.9773281390
0.9774280030
0.9848792352
0.9857622487
0.9802316378
0.9845534184
0.9877596939
0.9943004877
0.9991560087
1.0002241206
1.0017271983
1.0087725079
1.0101656435
1.0062211489
1.0027601024
1.0018116431
1.0014003553
1.0027388341
1.0055456475
1.0067309996
1.0046240735
1.0025201501
1.0006989171
0.9949780997
0.9905126317
0.9926185772
0.9992450204
1.0043352251
0.9983799273
0.9972212127
1.0017372850
1.0005829248
0.9998785256
0.9958147075
0.9933997948
0.9922607606
0.9887799650
0.9861381896
0.9892098845
0.9883559524
0.9811257434
0.9780000938
0.9804866362
0.9836708712
0.9896412421
0.9986232928
1.0072944672
1.0058897948
1.0061022117
1.0084466896
1.0078240830
0.9993128455
0.9962821996
0.9953773643
0.9916818641
0.9915853365
0.9927544948
0.9980987489
1.0029372040
0.9992205939
0.9906825242
0.9906445879
0.9989770665
1.0040019183
1.0038785001
0.9995989058
0.9991720744
0.9960247682
0.9939084989
0.9886338508
0.9918898011
0.9972249552
0.9971019986
1.0001675223
1.0061267778
1.0096900942
1.0106196364
1.0098291958
1.0114787709
1.0104556836
1.0124063035
1.0169603481
1.0133398644
1.0039442776
0.9986312534
1.0005285646
1.0008697705
1.0027251337
1.0061236688
1.0081556768
1.0124750460
1.0046166922
0.9915469399
0.9968061602
1.0028090976
1.0050122310
1.0047035068
1.0014215768
0.9984653781
1.0005150126
1.0040799833
1.0040057845
1.0008188501
0.9991491694
1.0001981381
0.9992929335
0.9981128677
0.9923349267
0.9893901112
0.9921491492
0.9863627388
0.9891118683
0.9918859439
0.9947471328
0.9974936087
0.9959558655
0.9956091450
0.9977157686
1.0023797286
1.0070437212
1.0085764998
1.0081164210
1.0070421528
1.0045210756
1.0022902628
1.0023917101
1.0014982095
0.9990022572
1.0022477952
0.9984593689
0.9975939965
1.0040566438
1.0073510889
1.0077833625
1.0062656693
1.0028140634
1.0050889432
1.0073455431
1.0082457227
1.0054311073
1.0028337953
1.0038502975
1.0093338192
1.0111732628
1.0022487472
0.9977079035
1.0041617550
1.0071574076
1.0033195555
0.9960535429
0.9978735254
1.0043180540
1.0055270893
1.0027311573
1.0014355240
1.0063781706
1.0097675394
1.0130583664
1.0129911301
1.0079575528
1.0057497327
1.0043963514
1.0020469250
1.0010582373
1.0026829569
