#flux
1.0173159965
1.0107480258
0.9921433832
0.9865979315
0.9872691993
0.9757917073
0.9546301177
0.9528312523
0.9787220693
0.9860785680
0.9760891603
0.9718554812
0.9646059905
0.9578350580
0.9634818869
0.9772239259
0.9933965993
1.0048960287
0.9763331911
0.9664006131
0.9601666321
0.9610261591
0.9702118806
0.9744981510
0.9690475740
0.9635287164
0.9639464842
0.9534995462
0.9285105152
0.9231376443
0.9213120701
0.9378681610
0.9636640384
0.9896961619
1.0104933527
1.0131340900
1.0130848138
1.0229895754
1.0201756824
1.0065334427
0.9990486399
1.0080504514
1.0219692231
1.0223158184
1.0079079868
0.9934362516
0.9866964186
0.9937578568
1.0075885574
0.9896615169
0.9569735722
0.9614657116
0.9937154993
1.0007094716
0.9776033635
0.9688442674
0.9755875726
1.0048836013
1.0017429353
0.9983286749
0.9913389058
0.9927082423
0.9910846906
0.9844050184
0.9960700881
1.0206367885
1.0202093181
0.9954836473
0.9671545556
0.9219152698
0.8898153667
0.8955343323
0.9235077982
0.9442772487
0.9588674547
0.9779578753
0.9766482402
0.9698127136
0.9851138887
0.9873839935
0.9603992533
0.9480668126
0.9565541747
0.9755506864
1.0029698912
1.0218809995
1.0141291820
0.9992399312
0.9890747078
0.9522144613
0.9030688085
0.8825894136
0.8952850302
0.9200411599
0.9386956539
0.9613947614
0.9987508558
0.9994477678
0.9480051576
0.9124262524
0.8963674876
0.8776825707
0.8837441005
0.8986120855
0.9136077025
0.9465410524
0.9780366844
0.9866567304
0.9874891288
0.9922913449
1.0089759790
1.0121539061
1.0057356549
1.0033702789
0.9927975761
0.9939910165
1.0145433188
1.0010041545
0.9790647028
0.9951704189
1.0024216127
0.9886203843
0.9776075908
0.9784382525
0.9911354360
1.0015052072
0.9933561537
0.9782546909
0.9748166025
0.9721402012
0.9555634717
0.9373322111
0.9419379920
0.9709296662
0.9883316945
0.9775142306
0.9569040190
0.9452030049
0.9543998367
0.9915187362
1.0073531280
0.9911199128
0.9931619543
1.0121376206
1.0197183764
1.0207663900
1.0244458691
1.0206213751
1.0092507172
1.0062729044
1.0120595610
1.0067087547
0.9844674919
0.9849030127
0.9829912804
0.9619818245
0.9280793208
0.8823143087
0.8599469691
0.8610573593
0.8406386194
0.8387906530
0.8515237198
0.8983763068
0.9283764374
0.9296179965
0.9283471196
0.9301877681
0.9271155572
0.9175447088
0.9172348860
0.9411547013
0.9657430201
0.9581028775
0.9639339670
0.9625276034
0.9594670797
0.9126592751
0.9122365751
0.9387658629
0.9484057519
0.9400245627
0.9203770426
0.9372336800
0.9487313261
0.9265096092
0.9238019205
0.9305500947
0.9210075055
0.9241613615
0.9172354300
0.8870137982
0.8657644774
0.8778142240
0.9066585033
0.9083538283
0.8929268161
0.8615530899
0.8554365603
0.8274262692
0.7818783438
0.7184401944
0.6390819419
0.5738654650
0.5235697840
0.4434475248
0.3665327703
0.3177631785
0.2798219159
0.2496070319
0.2172240474
0.1918284248
0.1936932249
0.2017990020
0.2110679749
0.2162134576
0.2001999719
0.2258447276
0.2328053540
0.2293234087
0.2487364863
0.2888128008
0.3483227269
0.4146910005
0.4925279197
0.5771869053
0.6469945564
0.7012755570
0.7543073004
0.7988924747
0.8307476633
0.8634675393
0.8815852511
0.8945879470
0.9005295755
0.9224673847
0.9445373961
0.9512343211
0.9607654003
0.9660785852
0.9550886660
0.9605564118
0.9474062134
0.9216330772
0.9389893977
0.9629845089
0.9691736208
0.9672793869
0.9592410801
0.9506793223
0.9489288319
0.9441893604
0.9350196663
0.9399166892
0.9328111917
0.9219901526
0.9536118055
0.9799263769
0.9671465071
0.9534728889
0.9666663360
0.9766311821
0.9684466344
0.9775238489
0.9890665263
0.9940176005
0.9910263571
0.9849137284
0.9827595675
0.9798054528
0.9792531299
0.9920686855
0.9999178227
0.9995798487
0.9980996635
0.9938651455
1.0039999794
0.9781594660
0.9959489702
0.9591322285
1.0026934038
1.0244487182
1.0161632437
0.9915082862
0.9697235923
0.9701161585
0.9868202771
0.9957985007
0.9813370315
0.9700142766
0.9810973889
0.9836212877
0.9706638271
0.9623440375
0.9737383431
0.9703723658
0.9565878360
0.9494034542
0.9535971082
0.9671855491
0.9738533836
0.9907204537
1.0203665922
1.0185860562
1.0205750036
1.0364329596
1.0512371666
1.0407684761
1.0161540054
1.0030550617
0.9906101344
0.9728618511
0.9892835440
1.0338473576
1.0205639699
0.9887472694
0.9828747060
0.9582886143
0.9091472266
0.8501759842
0.8073084604
0.8035167296
0.8332322433
0.8846778807
0.9443621084
0.9835957962
1.0022031427
1.0102022384
1.0015057732
0.9930805621
1.0045442543
1.0029587976
0.9782192796
0.9829291698
0.9812849087
0.9635342066
0.9781860612
1.0036997893
0.9880432339
0.9834703365
1.0059550987
0.9827276167
0.9629749567
0.9705565227
0.9843013176
0.9830142738
0.9953080181
1.0138850322
0.9988869327
0.9612813469
0.9470996489
0.9591960702
0.9721681243
0.9862632290
0.9927333867
0.9839948166
1.0097458697
1.0214685908
1.0219001517
1.0109082098
0.9758176706
0.9410339800
0.9469417913
0.9767895917
0.9801813926
0.9768546580
0.9819174055
0.9960048749
0.9996966124
0.9946783439
0.9925750474
0.9823616784
0.9663742193
0.9705729654
0.9920411697
0.9880192186
0.9462727655
0.8906811230
0.8213088726
0.7954530001
0.7851744975
0.8158445803
0.8771844474
0.9311687795
0.9639027334
0.9776056705
1.0015421878
1.0393251717
1.0607407096
1.0552065967
1.0427362215
1.0308897649
1.0180761292
1.0158645276
1.0138537332
1.0074420130
1.0031716687
1.0184477264
1.0184908299
1.0341885100
1.0060396463
0.9327863966
0.8793537353
0.8418623592
0.7982879485
0.7991382387
0.8392153391
0.8865141660
0.9331356711
0.9702415762
0.9814698085
0.9787660508
0.9823475665
0.9663357730
0.9049979064
0.8353903911
0.7677423811
0.7364946787
0.7850477046
0.8210582695
0.8566072280
0.9099780836
0.9546622462
0.9541750006
0.9595802080
0.9831449727
0.9877407457
0.9936674983
1.0052918222
0.9985991147
0.9862316768
0.9980904889
1.0183661008
1.0168691731
1.0069603537
1.0004778546
0.9983215135
1.0313890658
1.0092975019
1.0112937909
1.0025231822
0.9857979985
0.9766895663
0.9674474004
0.9651737638
0.9714929592
0.9805998765
0.9927128853
0.9929237172
0.9825704426
0.9781469483
0.9863262391
0.9925481185
0.9846751464
0.9790244843
0.9835669730
0.9987119681
0.9770292953
0.9559697069
0.9448911120
0.9420274624
0.9594773949
0.9565285626
0.9706536622
1.0078664010
1.0082661123
1.0113486775
1.0129626089
1.0137383301
1.0108327025
1.0138150487
1.0113773540
0.9939584138
0.9848914983
0.9762068444
0.9765123555
1.0100990615
1.0311025530
1.0083500812
0.9942787634
0.9988468142
0.9983983919
1.0083695795
1.0331581058
1.0384666095
1.0041713227
1.0076512291
1.0213005669
1.0223135853
1.0322215614
1.0357328925
1.0108498833
0.9899022137
0.9951094924
1.0074147112
1.0265339415
1.0177867420
0.9990688358
0.9888496745
1.0036849915
0.9968853752
1.0101801741
1.0015967408
0.9813836482
0.9714833440
0.9617173334
0.9500634975
0.9514338480
0.9673600432
0.9791835140
0.9700774930
0.9597184058
0.9702662910
0.9810932231
0.9636735962
0.9324200745
0.9295462662
0.9406569686
0.9168730328
0.8803379456
0.8710981135
0.8650562565
0.8654577998
0.9097760886
0.9611258161
0.9777479560
0.9898049948
0.9941293098
0.9829640671
0.9808057960
0.9849984306
1.0095685974
1.0389480762
1.0295856787
1.0095901890
1.0066383166
0.9986578227
0.9838203974
0.9791248459
0.9899547023
1.0075810053
1.0057190325
0.9981293244
1.0001710718
1.0053340653
0.9961118628
0.9855541503
0.9762264653
0.9677130749
0.9773468439
0.9993902431
1.0151000938
1.0284328874
1.0445797449
1.0478084483
1.0329244667
1.0144548188
0.9968944991
0.9856672991
0.9973121186
0.9942525355
0.9497425375
0.9310436856
0.9619006049
1.0042728156
0.9789808525
0.9820331244
0.9890713140
0.9936740243
0.9922615545
0.9835520650
0.9734408374
0.9702033246
0.9807443754
0.9976684015
1.0127273313
1.0319929198
1.0312854290
1.0258752242
1.0049107907
1.0090973751
1.0120703393
0.9922616387
0.9743886619
0.9608408619
0.9844410243
0.9988429944
0.9985138082
0.9908359000
0.9807521357
0.9759527887
0.9741680885
0.9752036633
0.9786360591
0.9857143482
0.9985316354
0.9977362909
0.9870527550
0.9804425197
0.9837039482
0.9643388517
0.9751483041
0.9536980644
0.8976449058
0.8558147166
0.8454851044
0.8617337374
0.8813912435
0.9187286767
0.9764033661
1.0161195237
1.0245469370
1.0040047241
0.9788363827
0.9776306807
0.9791185505
0.9672530861
0.9758073650
1.0052326544
0.9915033018
1.0017185643
1.0058558241
0.9882325225
0.9579853614
0.9558425728
0.9844921667
0.9914316180
0.9741086684
0.9749956000
0.9808958478
0.9795452492
0.9870876009
0.9986792263
0.9759432674
0.9507719406
0.9769417660
0.9916279216
0.9756785209
0.9803640562
0.9919455678
0.9982270385
1.0058905840
1.0255776342
1.0233048715
1.0018835587
0.9822168676
0.9649345846
0.9490319315
0.9540861340
0.9848971663
0.9895896429
0.9822667396
0.9868234261
0.9996721283
1.0116886868
1.0110817660
1.0005226182
0.9971298776
1.0132843482
1.0003773118
0.9781376222
0.9674370217
0.9670777722
0.9792591101
0.9895557150
0.9862127370
0.9886586375
1.0019191812
1.0028844547
1.0033858106
1.0166826123
1.0200513852
1.0127764776
1.0052608319
0.9975309759
0.9890235975
0.9785698982
0.9747837081
0.9856348950
1.0122293138
1.0191075447
0.9941229814
0.9871529171
0.9957975012
0.9926167134
0.9753124373
0.9588076754
0.9600195993
0.9676457599
0.9669252280
0.9780653094
1.0009473156
1.0044847852
0.9884654492
0.9724601274
0.9743511365
0.9934181370
0.9924412810
0.9853843030
0.9908624519
0.9883231358
0.9668808943
0.9807772457
1.0006936213
0.9801449620
0.9701331998
0.9840996885
0.9724445016
0.9464478385
0.9469720306
0.9559828493
0.9400200121
0.8828664370
0.8015378277
0.7174138096
0.6520149086
0.6326369525
0.6803400605
0.7889574677
0.8511070676
0.9083072461
0.9391218334
0.9137569084
0.9139277712
0.9416733626
0.9707799245
0.9768534662
0.9351215162
0.8882409646
0.8312257784
0.7626127396
0.7228844062
0.7199589947
0.7498188485
0.8071196803
0.8721869766
0.9273665796
0.9687187021
0.9982474951
1.0041221853
0.9908951761
0.9941977081
1.0303497017
1.0279004155
1.0047985325
1.0101872585
1.0108973158
1.0106450412
1.0002362566
0.9812626299
0.9746358354
0.9718019517
0.9730409870
0.9843996750
0.9881031864
0.9761761439
0.9718895098
0.9841159538
0.9925007337
0.9892474161
0.9921154601
0.9971059895
0.9628434072
0.9569770989
0.9901353670
0.9831904762
0.9775144402
1.0036166642
1.0154394271
0.9993136503
0.9715423510
0.9675787650
1.0005879976
1.0294671035
1.0203236763
1.0053097216
1.0095019132
1.0009393025
0.9778970473
0.9773347787
0.9984681782
1.0124026363
1.0046925017
0.9956133987
0.9841328403
0.9814795160
1.0096430748
1.0026200412
0.9947172622
0.9688978918
0.9411136729
0.9006744093
0.8724883259
0.8814114899
0.9230646793
0.9774944306
1.0079113276
0.9986256262
0.9911007177
1.0036664244
1.0087203941
1.0099027940
0.9853484224
0.9748289800
0.9804593265
0.9839796373
0.9935488883
0.9873910729
0.9821490767
0.9734929737
0.9606585732
0.9537262389
0.9488171502
0.9618019796
0.9771851177
0.9826562465
0.9750852110
0.9463258337
0.9244845440
0.9269242882
0.9370681126
0.9419138250
0.9563597952
0.9649478027
0.9816171127
1.0181158809
1.0050704344
0.9931085593
0.9906360369
1.0141540338
1.0183634635
1.0128301793
1.0178848008
1.0179985685
1.0101237098
0.9986752184
0.9890353571
0.9941104176
1.0014967027
0.9920956528
0.9940084640
1.0029011343
0.9959067984
0.9649357612
0.9790880286
1.0144488416
1.0420923629
1.0027492459
0.9878370896
0.9849757276
0.9655100507
0.9559159300
0.9688914083
0.9967836552
1.0049879323
1.0043612947
1.0051110720
0.9835244018
0.9654682208
0.9880885583
1.0147202015
1.0196617042
1.0119579981
0.9979029529
0.9913869874
0.9805645435
0.9722988716
0.9875454297
0.9987577823
0.9990024516
0.9874444542
0.9893130157
0.9888541487
0.9725484593
0.9697286644
0.9801093630
0.9948915510
1.0111673635
1.0209089057
1.0327384756
1.0236281576
1.0050183473
1.0321992550
1.0195735785
0.9931406606
1.0033665199
0.9907445797
0.9711765980
0.9478790299
0.9716098686
0.9871324111
0.9955380903
1.0050107867
1.0283037601
1.0324226567
1.0160025649
1.0029259133
0.9903023539
0.9830520499
0.9966256705
1.0104508365
1.0091802868
1.0019967126
1.0066843508
1.0236964337
1.0277670238
0.9934041104
0.9634829554
0.8934293283
0.8125200510
0.7977119206
0.8212354784
0.8590743161
0.9063518030
0.9587300054
0.9964328535
1.0009889846
0.9923074263
0.9965913618
1.0069947108
1.0129540887
0.9987684191
0.9878553042
1.0119898913
0.9958022671
0.9997339144
1.0165129241
1.0051336128
1.0017811296
0.9880018487
0.9411085546
0.9414076074
0.9592910027
0.9627817084
0.9729055929
0.9815944855
0.9835815036
0.9986873609
1.0141936984
1.0011133876
0.9815959765
0.9898877723
1.0041043063
0.9954782986
0.9957075633
0.9798962956
0.9552679768
0.9625108890
0.9609042889
0.9636400925
0.9689844363
0.9728040296
0.9946465651
1.0120480072
1.0005651756
0.9876972666
0.9835650603
0.9875527365
0.9965316880
0.9969326767
1.0030504158
1.0090273918
0.9838338236
0.9654227398
0.9803640812
0.9559884495
0.9334053376
0.8962857568
0.9031971540
0.9183567169
0.9436604178
0.9668252574
0.9801351640
1.0090576785
1.0308396153
1.0154419671
0.9854520985
0.9846693517
1.0118090947
1.0238032941
1.0065355493
0.9827202958
0.9390723042
0.8755526294
0.8014247207
0.7327675960
0.7219770050
0.7821731912
0.8770815669
0.9212713253
0.9426768332
0.9631008707
0.9602078588
0.9437694820
0.9255501981
0.9260590083
0.9407498985
0.9526611988
0.9672787814
0.9777061207
0.9731382865
0.9812292162
0.9893803079
0.9993681147
0.9896763182
0.9733100281
1.0040260847
0.9879230998
0.9376777541
0.9681369783
0.9832832536
0.9742177826
0.9428627337
0.9106481841
0.8869261812
0.8922032380
0.9129950202
0.9304865821
0.9475013768
0.9564514185
0.9461030442
0.9398873692
0.9576422692
0.9614835286
0.9531099999
0.9614247720
0.9722481381
1.0068186298
1.0436812000
1.0276898493
0.9841031654
0.9633738883
0.9628718353
0.9586861993
0.9597515825
0.9798467886
1.0041551317
1.0065777845
0.9834532398
0.9641150723
0.9733391749
0.9896981157
0.9866285080
0.9872259736
0.9995102796
1.0189007678
1.0323222669
1.0265149615
1.0289097055
1.0182702413
1.0086927367
1.0095445541
0.9906077850
0.9783155035
0.9885377278
0.9757439986
0.9584915207
0.9706187638
0.9869499836
0.9881769054
0.9840339897
0.9630179660
0.9306026630
0.9215658911
0.9191906882
0.9333508543
0.9433158954
0.9406383152
0.9721597749
0.9881219083
0.9968946796
0.9968172886
1.0078094586
1.0009015728
1.0065331300
1.0062570447
0.9987870163
0.9977670678
1.0004396917
0.9899607539
0.9817647063
0.9931328836
0.9971035688
1.0241014976
1.0302222387
1.0143527668
0.9895050080
0.9820461410
0.9810798912
1.0016921109
0.9711430157
0.9664835038
0.9762609375
0.9938393559
1.0185050139
1.0148097546
1.0021469498
1.0093966254
1.0179081729
1.0042555045
0.9926189626
1.0002218306
0.9947580401
0.9881518563
1.0128547267
1.0406611964
1.0388531886
1.0033547665
0.9955851805
0.9946037470
0.9598613034
0.9705240681
0.9783620782
0.9800641460
0.9988898761
1.0078829065
1.0023695076
0.9984203041
1.0025837376
1.0020999513
0.9980369198
1.0102468844
1.0210192162
1.0055708590
1.0060766205
0.9962271352
1.0066902877
1.0107009903
0.9827967984
0.9794871761
0.9684273279
0.9779282128
1.0055913528
1.0084756903
0.9999721033
0.9883238697
0.9840472727
0.9811437162
0.9825461763
0.9939766934
1.0003110684
0.9966532473
0.9983912896
0.9964866885
0.9812619333
0.9666138397
0.9613075011
0.9584091198
0.9488352046
0.9739638617
1.0083627652
1.0295733814
1.0168252779
0.9932122410
0.9646359567
0.9477626975
0.9534542207
0.9711802984
0.9936013415
1.0057456953
1.0009465502
0.9953265811
0.9945879481
0.9901744534
0.9804721789
0.9721333444
1.0042402631
0.9933024447
0.9921268387
1.0155982857
1.0145933514
1.0042076981
1.0022444563
1.0106071945
1.0071040978
0.9915595234
0.9925874894
0.9896094059
0.9887132442
0.9965034478
0.9996698953
1.0060263220
1.0191688786
1.0150031880
0.9970437919
0.9869736028
0.9858411998
0.9971713169
0.9983035852
0.9914648131
0.9935729115
0.9644975249
0.9543645901
1.0133079871
1.0533823644
1.0436726019
1.0046237844
0.9809102252
0.9816889461
0.9854271854
0.9850558032
1.0004958331
1.0253076738
1.0276521846
1.0213055580
0.9995217548
0.9825381708
0.9851630056
1.0082945911
1.0123287681
1.0013703567
1.0099154522
1.0404719137
1.0415004404
1.0120616744
0.9858707259
0.9684237314
0.9830256618
0.9870542055
0.9803560037
0.9909644446
0.9909046668
0.9742115433
0.9785747028
0.9811830860
0.9699259716
0.9718905282
0.9634131661
0.9719684263
0.9944270120
1.0048338472
0.9929721769
1.0176557853
0.9974727347
0.9717008220
0.9651308405
0.9457285914
0.9337306803
0.9507661295
0.9781232303
1.0061179986
1.0206741750
1.0118102907
1.0056347652
1.0082829636
1.0033561331
0.9731238886
0.9346864708
0.8983718397
0.8890281522
0.8969566022
0.8954093280
0.8915410876
0.8976020847
0.9400847756
0.9830309491
0.9773349475
0.9786177355
0.9968240031
0.9964582458
0.9928885900
0.9969092532
0.9865767072
0.9790652076
0.9938927223
0.9946752822
0.9893238157
1.0213217160
1.0187988569
0.9917791894
0.9865971004
1.0074768120
1.0049678211
0.9830291592
0.9871044489
1.0293521963
1.0374060242
0.9931636527
0.9687393035
0.9735703094
0.9825296776
0.9817691110
0.9813233157
0.9873467417
0.9790984101
0.9768689305
0.9853967497
0.9984302493
1.0167669367
0.9998347240
0.9986196078
0.9847838206
0.9582205326
0.9443339601
0.9343384859
0.9322036593
0.9513107765
0.9612388488
0.9534676035
0.9626104795
0.9931871114
1.0106509497
1.0011535017
0.9872412260
0.9892483139
1.0036951120
1.0152295359
1.0099566108
0.9971252918
0.9977986299
0.9920508056
0.9839708052
0.9878425973
0.9730465491
0.9642977392
0.9552142534
0.9671885642
0.9718006138
0.9717882847
0.9847228057
0.9932465243
0.9978142046
1.0021078606
0.9846434333
0.9654194108
0.9766555784
0.9789248704
0.9972847269
1.0067538445
0.9829316501
0.9600006163
0.9353089620
0.9223809044
0.9275195522
0.9459333511
0.9555535217
0.9724269091
0.9930025874
1.0094194776
1.0143461717
1.0062885218
0.9935298011
1.0018133522
1.0103274737
0.9827904936
0.9668773665
0.9723308505
0.9650882928
0.9897900403
1.0163799914
1.0021174673
0.9799470989
0.9791724810
0.9863202012
1.0076624474
1.0211550576
1.0243702619
1.0214968153
1.0188874688
1.0151450953
0.9916633830
0.9597541003
0.9549515760
0.9678257582
0.9679513539
0.9692844794
0.9860743361
1.0089813080
1.0156131481
1.0377572290
1.0239169109
0.9958496481
0.9563815482
0.9640596762
0.9858452764
0.9593755678
0.9653492092
0.9911743607
1.0049520416
1.0165594594
1.0118349536
1.0079584428
1.0160493626
1.0175187006
1.0027191190
0.9731814020
0.9582131422
0.9822877770
0.9893596705
0.9751410796
0.9572469651
0.9759454938
0.9794110310
0.9541816018
0.9189237978
0.8681062799
0.8360924003
0.8358195902
0.8661476592
0.9203671767
0.9617061806
0.9612212741
0.9402045050
0.9344901990
0.9439033488
0.9520822365
0.9646481134
0.9828263224
0.9854502559
0.9977967925
0.9931539970
0.9766377416
0.9836746821
0.9601513068
0.9595201278
0.9586654867
0.9590516697
0.9596338807
0.9833282439
1.0034412258
1.0086515501
0.9913431709
0.9794641028
0.9937228264
1.0152470107
1.0147650543
0.9854262497
0.9801253010
1.0021430188
1.0242515407
1.0046780709
0.9810079137
0.9948524198
0.9975313087
1.0189644764
1.0146094354
1.0315805350
1.0688502313
1.0623147635
1.0224476416
1.0032556548
1.0133733179
1.0119811477
1.0061162626
1.0156879311
1.0049776087
0.9761342035
0.9817338294
0.9891120252
0.9788609381
1.0311598243
1.0704304362
1.0368246792
1.0316389004
1.0331773388
1.0313930158
1.0436298569
1.0132256449
1.0057756906
1.0162387487
1.0239296665
1.0180201058
0.9978476956
0.9813997359
0.9816309751
0.9836157743
0.9712668101
0.9556097111
0.9553024466
0.9717256771
0.9884148499
1.0185206566
1.0257188206
1.0006718094
1.0218922511
1.0106339742
1.0153205160
1.0014421094
0.9782296800
0.9639249454
0.9576009908
0.9870818991
1.0007890823
1.0046753062
1.0407875109
1.0523715010
1.0210774082
1.0211449364
1.0172022586
0.9783037247
0.9675687325
1.0010031187
1.0250342899
1.0137729687
1.0020700195
0.9569369110
0.9349508993
0.9341697324
0.9418673935
0.9423894483
0.9549046257
0.9605090516
0.9604400539
0.9673642971
0.9731579693
0.9771218144
0.9925532645
1.0156333846
1.0287306255
1.0190183427
0.9926449937
0.9975934871
0.9943634850
1.0109738108
1.0038285135
1.0003158415
0.9977332135
1.0051840180
1.0240881971
1.0341163785
1.0336835955
1.0204341371
0.9964738632
0.9869768247
0.9974533811
1.0057874833
1.0038381726
1.0014398057
1.0056912716
1.0051523033
0.9837062495
0.9784479787
0.9864052981
0.9808774095
1.0290715717
1.0200327733
1.0110685194
1.0012411422
1.0293387928
1.0463388338
1.0309852376
0.9924885830
0.9690159527
0.9777228864
0.9900939620
0.9757063381
0.9544357006
0.9732111128
1.0111360061
0.9971567914
0.9876303528
0.9987074541
1.0146582912
1.0141849759
0.9942353461
0.9558039337
0.9572696604
0.9168661530
0.8205249964
0.7205279849
0.6849456175
0.7030762722
0.7473246820
0.8081147280
0.8741887051
0.9311458511
0.9712493783
1.0056560855
1.0350729221
1.0147905230
0.9838342807
0.9789042589
1.0170131386
1.0190393494
0.9805072976
0.9976450876
0.9992147936
0.9929758676
0.9907954979
0.9874945573
0.9983806549
0.9882413628
0.9674332713
0.9364694607
0.9097132394
0.9080501355
0.9202621520
0.9312112643
0.9546543773
0.9957809022
0.9978657262
0.9998789574
0.9764610730
0.9757629648
0.9899616313
0.9977587111
1.0245383719
1.0530597883
1.0293539590
1.0110354489
0.9915107116
0.9960095055
1.0147088830
1.0224710946
1.0247794409
1.0134700293
0.9919407014
0.9835596572
0.9822445961
0.9895173925
0.9961959473
1.0183246472
1.0359022924
1.0005508645
0.9703081901
0.9426500931
0.9560762011
0.9633669632
0.9549368156
0.9635401005
0.9764614748
0.9813948154
1.0121387713
1.0129578721
0.9902600392
0.9899507154
0.9981342858
0.9951221626
0.9984389435
1.0135593823
1.0083678056
0.9890219765
0.9470779847
0.9346528785
0.9333422022
0.9440757984
0.9437624227
0.9438438227
0.9697102680
0.9727639343
0.9544222203
0.9529755255
0.9784550622
0.9943338097
1.0112895426
1.0340152162
1.0448995628
1.0412483007
1.0370072873
1.0448713877
1.0328104409
1.0090779000
1.0068568134
1.0055041365
0.9791769136
0.9866568430
1.0038736531
1.0100165445
1.0019139112
0.9945698110
1.0223820011
1.0233409277
1.0066479112
1.0000268145
0.9977404748
1.0109017053
1.0210647270
1.0052931470
0.9828566582
0.9590425169
0.9562596924
0.9853798740
0.9955992449
0.9962440741
1.0048858559
1.0068244245
1.0069032459
1.0162561146
1.0118488309
1.0077713465
1.0051932088
1.0118359945
1.0024731299
1.0041820038
1.0088993610
0.9931449937
0.9817184025
1.0033927057
1.0410491253
1.0593072442
1.0417274098
1.0117209007
1.0106303250
1.0192733040
0.9937518271
0.9905549620
1.0240721345
1.0371552752
1.0041773841
1.0108634396
1.0272693461
1.0282929861
1.0310816952
1.0271204600
1.0317048325
1.0514277860
1.0615379718
1.0438896113
1.0100038900
1.0000603344
1.0246039493
1.0199030400
1.0249229999
1.0138178181
0.9979484598
0.9937642243
0.9852929222
0.9601789007
0.9693399221
0.9705128089
0.9722518838
0.9946365972
0.9861090136
0.9568024471
0.9643089205
0.9930514923
1.0164655551
1.0132916346
0.9966116341
1.0066333735
1.0087785377
0.9911695154
0.9841329104
1.0091919749
0.9976391443
0.9797176172
0.9600121656
0.9631216767
0.9976675120
1.0090801798
0.9970805587
0.9839863326
1.0009914331
0.9979526800
0.9929271741
0.9952262801
1.0079657110
1.0228219340
1.0128042540
0.9827540172
0.9605790045
0.9661894819
1.0097033374
1.0126773342
1.0003411304
1.0254742469
1.0098606918
1.0141736120
0.9918870188
0.9629676889
0.9663250429
0.9756327330
1.0008990202
1.0059420441
1.0088013466
1.0190762288
1.0311353822
1.0290608827
1.0190474730
1.0226599988
1.0212665419
0.9984441184
0.9814898354
0.9985300702
0.9739527111
0.9820904742
0.9752463765
0.9833641910
0.9957103171
1.0063856689
0.9815826922
0.9785189198
0.9864632617
0.9943177417
0.9821798213
0.9802141646
0.9919726414
0.9950848671
0.9913706107
0.9915714679
0.9909477687
0.9768208933
0.9526810275
0.9552073550
0.9846512523
0.9853641204
0.9929208556
1.0109551425
0.9808119897
0.9884702609
0.9970975872
1.0278209974
1.0367953978
1.0333886872
1.0339053852
1.0104422605
0.9871616722
0.9943100470
1.0052864370
1.0138834940
1.0261169347
1.0086215056
0.9889464062
0.9734127979
0.9766549087
0.9491275503
0.9491388901
0.9839858717
1.0142737294
1.0296795855
1.0038938453
0.9909360773
1.0052403827
1.0146078447
0.9919849368
0.9747908599
0.9818498602
1.0095123794
1.0298295124
1.0197179251
0.9932853835
0.9728463000
0.9731542022
0.9667086998
0.9531815447
0.9960668466
1.0238880983
1.0574811142
1.0145856457
0.9684176594
0.9841353333
0.9944580535
1.0021485119
1.0016335066
0.9991719939
0.9943260578
1.0023206875
0.9985152702
0.9661678350
0.9492814325
0.9692125872
0.9877873438
0.9890389566
0.9790164233
0.9684572407
0.9681261351
0.9813003907
1.0016665981
1.0000539912
0.9958961281
1.0088423493
1.0138554055
0.9944661605
0.9971853759
1.0051606320
0.9972170683
0.9974805157
1.0031823161
1.0057329869
1.0057464922
1.0120144950
1.0224344520
0.9999106756
0.9744412845
0.9831755790
0.9916987878
0.9709269226
0.9153823424
0.9678893347
0.9887804825
0.9836327350
0.9927332887
1.0162407393
1.0111809720
0.9622642685
0.9275503388
0.8939367811
0.8383982632
0.7881298603
0.7439732110
0.7027050534
0.6992621577
0.7422812374
0.8198787006
0.8822945993
0.9333441735
0.9893344165
1.0047274802
0.9975748478
1.0224730437
1.0507705058
1.0398972121
1.0136073122
1.0163298487
1.0027403068
0.9732372060
0.9616515025
0.9672656514
0.9829889663
1.0046998893
1.0213963810
1.0110154638
0.9856528248
1.0051598153
1.0104452090
0.9920250874
0.9920429701
0.9894691431
0.9616029424
0.9583147350
1.0060334599
1.0172233315
1.0026788245
0.9959224244
0.9959393256
1.0005521341
0.9980478529
1.0032161589
1.0093359184
1.0161644109
1.0192233747
1.0081400731
0.9969789757
0.9863186348
0.9964018103
0.9929302512
0.9915519555
1.0229786283
1.0302803644
0.9991067410
0.9788309312
0.9860307798
0.9916576890
0.9986223451
1.0054199912
0.9835202607
0.9860947854
0.9827511765
0.9689663401
0.9729535809
0.9773874011
0.9712392911
0.9774112992
0.9869285026
0.9749552088
0.9558292878
0.9487556519
0.9324898638
0.9577446021
0.9856464846
0.9720183984
0.9696729045
0.9867253507
0.9836705535
0.9458246885
0.9174302830
0.9426847116
0.9799744527
0.9886116970
0.9856833149
0.9885710040
0.9972840167
0.9981650030
0.9818946767
0.9958041362
1.0146158228
1.0031841895
0.9652514006
0.9538042910
0.9969258363
1.0005001329
0.9929926308
1.0126461456
0.9997348818
0.9887987006
0.9849107976
0.9922750289
0.9817836962
0.9760203693
0.9951226370
1.0035302454
0.9889727805
0.9737814965
0.9509178635
0.9403720836
0.9843479843
1.0002615245
1.0091814883
0.9811863417
0.9917139066
1.0046150030
1.0169139544
0.9929858244
0.9968069350
1.0177906883
1.0241954125
0.9967981990
0.9759753671
0.9973678819
1.0241834498
1.0187192484
0.9935027199
0.9909735949
1.0161160916
1.0197804597
1.0310863830
1.0379473176
1.0236113525
1.0241690312
1.0186846066
1.0133620573
1.0093570007
1.0111362516
1.0054278039
1.0141017948
0.9896325185
0.9769560421
0.9890493527
1.0077645657
1.0118752132
1.0077121463
1.0119324265
1.0236132091
1.0316138377
1.0268921960
1.0206293065
1.0302469006
1.0399817205
1.0433145432
1.0290775414
1.0144685648
0.9729963250
0.9610492115
0.9689658967
0.9883521259
0.9862986093
0.9643765393
0.9738198855
0.9984908049
1.0054395154
1.0031613228
1.0022653663
0.9873324624
0.9678368988
0.9764515271
0.9894336349
0.9892270735
0.9847894466
0.9860737246
0.9886753391
0.9815833935
0.9915670126
0.9851849598
0.9883333184
0.9820453801
0.9881572541
1.0007204906
1.0090712166
1.0094304695
1.0079414414
1.0138747244
1.0233100470
1.0269807652
1.0214883083
1.0119051776
1.0152998459
1.0240551114
1.0148598263
1.0214761618
1.0316246157
1.0097806997
1.0229995968
1.0274333505
1.0198204383
