#flux
0.9435148289
0.9510911246
0.9530761642
0.9538720631
0.9669336968
0.9803951446
0.9786255478
0.9765995849
0.9740377287
0.9712249901
0.9712569203
0.9752357555
0.9671956339
0.9473458411
0.9441278024
0.9437701126
0.9581830117
0.9620489754
0.9602354682
0.9596023005
0.9593002911
0.9622842744
0.9667914990
0.9644048068
0.9599651442
0.9609103537
0.9513250124
0.9559564829
0.9714749389
0.9806220795
0.9796050269
0.9781108264
0.9725245953
0.9557257512
0.9521911234
0.9557904351
0.9592993412
0.9630968426
0.9584427848
0.9421414152
0.9370874095
0.9528806103
0.9666901643
0.9797786797
1.0009931637
1.0090354602
1.0385636214
1.0633428877
1.0644319646
1.0516114465
1.0326884830
0.9991407353
0.9635197020
0.9534450175
0.9387506808
0.9303882276
0.9434527859
0.9536925419
0.9508837600
0.9450354329
0.9417853178
0.9389020376
0.9386115681
0.9434476992
0.9439258172
0.9363009783
0.9358502408
0.9350099057
0.9401756365
0.9353543045
0.9254200506
0.9256997613
0.9240995887
0.9154134731
0.9249287372
0.9237849772
0.9173951928
0.9113635854
0.9097553506
0.9148887377
0.9260481439
0.9352208290
0.9324887084
0.9248010108
0.9287834901
0.9370329623
0.9252663626
0.8941425870
0.8657006512
0.8381612252
0.8187472288
0.8156502694
0.8272947106
0.8519258331
0.8811120786
0.9083298493
0.9049321473
0.8968767158
0.8901448319
0.8876585865
0.8869115679
0.8836179899
0.8824075420
0.8876694503
0.9011525960
0.9164840465
0.9159041476
0.9201455990
0.9225159886
0.9070585341
0.9034274458
0.9044982123
0.8927804157
0.8889104410
0.8934149153
0.8993085455
0.8947683004
0.8889869454
0.8906375288
0.8945378504
0.8963030874
0.9014411161
0.9084787413
0.9065171414
0.9022567767
0.9085066138
0.9111670628
0.9098391878
0.9045881776
0.8977846479
0.8867760938
0.8886123910
0.8904689124
0.8815621843
0.8792078129
0.8769802122
0.8735833702
0.8756768239
0.8750555025
0.8719018530
0.8700650070
0.8710937071
0.8787652636
0.8910946574
0.8925000296
0.8758082855
0.8624876077
0.8673283899
0.8669016949
0.8629828428
0.8691971673
0.8611306732
0.8614303914
0.8520362380
0.8344763565
0.8395972879
0.8413541355
0.8245141691
0.8021586342
0.7967716385
0.7948702986
0.7926911121
0.7971073955
0.8031091722
0.8077674469
0.8142612827
0.8171664052
0.8152282768
0.8246969292
0.8222917809
0.8158655525
0.8110643681
0.8193013673
0.8061244469
0.7744370230
0.7468896545
0.7365737049
0.7422364055
0.7498813523
0.7568053805
0.7691773221
0.7807933834
0.7844777071
0.7794829313
0.7706936341
0.7639612289
0.7552187734
0.7451987459
0.7408192295
0.7332381146
0.7143597879
0.7096793621
0.7194127441
0.7165431710
0.7045127545
0.6931708216
0.6872688341
0.6945592583
0.7055340991
0.6989519456
0.6759683684
0.6291621974
0.5684732931
0.5108308214
0.4522281605
0.3978990490
0.3619111256
0.3270962437
0.2838803496
0.2462828353
0.2286429856
0.2247912994
0.2111034242
0.1971225151
0.1992148987
0.2109162031
0.2197024810
0.2347991249
0.2513605384
0.2704903387
0.3049362966
0.3567803764
0.4109316519
0.4562737033
0.5055524661
0.5609676905
0.5968999001
0.6169153107
0.6323503870
0.6524089683
0.6704103443
0.6747662434
0.6770083286
0.6955251796
0.7158604425
0.7331188192
0.7278312396
0.7268217335
0.7400179996
0.7537627269
0.7602963705
0.7652938353
0.7718319050
0.7753180251
0.7745920585
0.7760239180
0.7844433383
0.7966864623
0.8061579240
0.8126635827
0.8130206148
0.8022939072
0.8086473222
0.8100250322
0.7966883347
0.7931465741
0.8105741922
0.8316011386
0.8315055992
0.8321625307
0.8403881096
0.8372209868
0.8346923571
0.8460258534
0.8574865047
0.8612518336
0.8643968383
0.8662298529
0.8542746995
0.8331433503
0.8318934932
0.8490237855
0.8758332796
0.8758391412
0.8749835953
0.8728615045
0.8816876292
0.8859401177
0.8805335210
0.8818381060
0.8858775790
0.8824684663
0.8836435902
0.8837694702
0.8808619199
0.8860769852
0.8884650686
0.8882822243
0.8896250729
0.8779541690
0.8672140042
0.8786049150
0.8963276716
0.9026552636
0.8979358897
0.9031006806
0.8923920787
0.9018812075
0.9225151398
0.9352974597
0.9470486809
0.9526689568
0.9470167021
0.9389721341
0.9287947891
0.9138394939
0.9034876121
0.8976037459
0.8935904967
0.8996173142
0.9069231656
0.9214186942
0.9286906333
0.9158299480
0.9011680038
0.8903813065
0.8731114754
0.8492201658
0.8144239399
0.7784064907
0.7589520724
0.7579023096
0.7809802565
0.8135401342
0.8467636410
0.8836860540
0.9079269006
0.9134065545
0.9136533238
0.9160714936
0.9201718829
0.9286199428
0.9285367200
0.9037546238
0.9167779102
0.9258284326
0.9280613618
0.9269219928
0.9306157671
0.9329082784
0.9319071078
0.9370484740
0.9388767173
0.9234200831
0.9107758531
0.9139774547
0.9149340053
0.9129033317
0.9128629298
0.9149343532
0.9198213364
0.9231049935
0.9276034039
0.9317430954
0.9328903981
0.9417679164
0.9531142732
0.9549669767
0.9467138842
0.9491346683
0.9405813058
0.9374089106
0.9384153404
0.9419143563
0.9539056194
0.9671173962
0.9695375131
0.9561255659
0.9401162748
0.9418496075
0.9379866428
0.9300382786
0.9330642468
0.9439710342
0.9425890534
0.9315083523
0.9227184996
0.9112811566
0.8940180133
0.8760431781
0.8745876621
0.8999689493
0.9226399450
0.9272246435
0.9396103635
0.9573287438
0.9585597251
0.9598081682
0.9628887765
0.9604197820
0.9653335240
0.9626845182
0.9536244362
0.9543605103
0.9522230700
0.9512103287
0.9619291549
0.9570813089
0.9581842108
0.9610515411
0.9705907791
0.9633923074
0.9418450679
0.9203818458
0.9087519731
0.9110141212
0.9197087752
0.9279295358
0.9389506327
0.9493855109
0.9518767448
0.9556305029
0.9404676613
0.9245387714
0.8979030725
0.8627088470
0.8278105575
0.8129843328
0.8226370692
0.8472440838
0.8799145243
0.9166807956
0.9459755811
0.9570311020
0.9598796574
0.9628828800
0.9622055553
0.9606685009
0.9561412203
0.9443844630
0.9457782395
0.9500286336
0.9549670900
0.9699650480
0.9822368788
0.9781549502
0.9706876470
0.9703558273
0.9831613326
0.9954103834
1.0072605834
1.0311350797
1.0413036179
1.0223050137
1.0085033743
1.0123269079
1.0044706358
0.9824292481
0.9685979110
0.9636555648
0.9616264156
0.9690224643
0.9677515037
0.9746404321
0.9807590360
0.9829863872
0.9714616638
0.9690297243
0.9614794694
0.9609477835
0.9656698316
0.9756323402
0.9862995065
0.9878394350
0.9801587555
0.9659453905
0.9536721956
0.9556756700
0.9679541993
0.9795426960
0.9748911636
0.9632776833
0.9639593627
0.9700423945
0.9776242669
0.9872058859
0.9834918008
0.9765640260
0.9748824552
0.9618461442
0.9503498346
0.9575955553
0.9561890990
0.9612831388
0.9691629384
0.9673426931
0.9683802091
0.9718342373
0.9676240166
0.9603248151
0.9641588552
0.9653396335
0.9688760259
0.9792476672
0.9766904957
0.9802211661
0.9826605429
0.9712955070
0.9703148288
0.9768259685
0.9627449376
0.9462451532
0.9423639002
0.9463838280
0.9473780530
0.9484269442
0.9573598198
0.9682745894
0.9719407376
0.9680636831
0.9610708877
0.9588027205
0.9645324797
0.9712485536
0.9866729296
0.9809149001
0.9694181883
0.9500359645
0.9485857498
0.9512848981
0.9423577188
0.9384532496
0.9452901761
0.9514061431
0.9553179644
0.9619561302
0.9691001494
0.9744685634
0.9754966895
0.9673473012
0.9646063915
0.9746167259
0.9817402208
0.9798075465
0.9836176257
0.9710078164
0.9780638190
0.9849906706
0.9798441361
0.9751264331
0.9694086428
0.9597963567
0.9516653245
0.9495773914
0.9559344086
0.9603079494
0.9612778667
0.9660679663
0.9693939196
0.9704006354
0.9721953476
0.9862299735
1.0014303097
1.0067181865
1.0052439042
0.9925463968
0.9710669604
0.9654965059
0.9742519538
0.9664411373
0.9489047372
0.9318268816
0.9323434972
0.9476364867
0.9604918176
0.9693529849
0.9822552074
0.9937512883
0.9973412872
0.9952717277
0.9841759567
0.9845417719
0.9895104054
0.9772624977
0.9667946590
0.9630547239
0.9497052014
0.9448648252
0.9668597173
0.9779194851
0.9703993884
0.9651902999
0.9801305941
0.9872951569
0.9878414988
0.9890593205
0.9870870411
0.9846499672
0.9792865359
0.9718948260
0.9791400715
0.9914716694
0.9890005605
0.9976340488
0.9840637931
0.9574933039
0.9662096015
0.9781496853
0.9747426825
0.9682005885
0.9572320924
0.9507744157
0.9323722440
0.9079290598
0.8909459729
0.8849104220
0.8907705072
0.9066009457
0.9261330598
0.9473897921
0.9668043078
0.9692477370
0.9592398639
0.9690675502
0.9783942723
0.9838491599
0.9829992179
0.9773691095
0.9709221671
0.9866486288
1.0023225186
0.9968753676
0.9857964117
0.9757473929
0.9672974919
0.9590276406
0.9432278977
0.9255512407
0.9241003250
0.9379232166
0.9527082767
0.9622179233
0.9612873631
0.9663023942
0.9647837696
0.9765456151
0.9663779852
0.9715016521
0.9842047775
0.9890887857
0.9874765887
0.9793082103
0.9641325355
0.9603191339
0.9725183276
0.9820227511
0.9854133717
0.9953519640
1.0120721084
1.0150505499
0.9939435497
0.9875159086
0.9917004564
1.0089175202
1.0399720276
1.0013809700
0.9854213846
0.9730945262
0.9781033206
0.9928581031
0.9919153013
0.9820303595
0.9743319217
0.9745510421
0.9834560515
0.9936789920
1.0009217728
1.0017220790
0.9960323097
0.9892957323
0.9836279517
0.9882885748
0.9909545666
0.9988417105
0.9969722053
0.9922744798
0.9896386876
0.9911988528
0.9974852061
1.0115847658
1.0197981754
1.0133318489
1.0028108805
0.9934652803
0.9865645628
0.9849992129
0.9798168886
0.9656943634
0.9491166402
0.9409838441
0.9554158163
0.9784951617
0.9799182788
0.9721397851
0.9781503984
0.9888697659
0.9858808890
0.9875407608
0.9958930711
0.9870328615
0.9797713821
0.9847855124
0.9833978904
0.9762583744
0.9699608646
0.9547590286
0.9351797657
0.9269684252
0.9231579417
0.9117718256
0.9001777880
0.8871182332
0.8635567475
0.8070689736
0.7474729919
0.7117835592
0.7214555904
0.7713286079
0.8301253257
0.8909239150
0.9302342696
0.9545300494
0.9721701119
0.9879734969
0.9979702877
0.9930153567
0.9721704055
0.9394432494
0.8948817706
0.8412024129
0.7936209575
0.7737313604
0.7889841648
0.8200235931
0.8565522200
0.9082230552
0.9309330353
0.9558770690
0.9758269724
1.0033964240
0.9964834024
0.9822826286
0.9783888369
0.9858879922
0.9904824918
0.9823385921
0.9791672962
0.9895906949
0.9952906927
0.9899650654
0.9847332437
0.9794287300
0.9792501831
0.9874239963
0.9894804988
0.9776369588
0.9715567416
0.9633974563
0.9740335531
0.9617847832
0.9653862251
0.9824609293
0.9931879121
0.9984629996
1.0018136754
0.9976341847
0.9866051274
0.9805201913
0.9811054413
0.9753045208
0.9661772846
0.9747446310
0.9922421867
0.9965343528
0.9907716785
0.9776144265
0.9785574776
0.9866891491
0.9924667997
0.9938356169
1.0034466430
0.9972669492
0.9904892913
0.9834483285
0.9837895646
0.9939635232
0.9969764112
0.9859268124
0.9700103649
0.9571582750
0.9411199652
0.9027437407
0.8596441235
0.8636594824
0.8887518485
0.9045691340
0.9322120232
0.9564691640
0.9769425267
1.0026012530
0.9963900576
0.9790927033
0.9688003943
0.9713768988
0.9740603164
0.9722755525
0.9783374619
0.9797125204
0.9597816263
0.9382981698
0.9330325410
0.9336821520
0.9438351567
0.9623665536
0.9763065584
0.9857501022
0.9775346227
0.9741038525
0.9749527229
0.9690713172
0.9689143741
0.9857666186
1.0070427325
1.0097880791
1.0033897560
1.0054752744
1.0067388366
1.0039589665
1.0006971083
0.9956650952
0.9882969947
0.9813563605
0.9878694940
0.9898797458
0.9870379799
0.9941839354
1.0027302153
0.9849636724
0.9693601976
0.9910506465
1.0067524195
1.0115596904
1.0065274475
1.0010831435
1.0024648576
0.9971550715
0.9872955119
0.9810901510
0.9845212698
0.9958050627
0.9982627730
0.9869682915
0.9800215901
0.9818293525
0.9830658145
0.9886664328
0.9977225780
0.9918445819
0.9893552769
0.9932171372
0.9941684508
0.9814309882
0.9749180441
0.9871740543
0.9952124644
0.9997425528
1.0061004628
1.0072459799
0.9991275250
0.9878431534
0.9804246066
0.9800567526
0.9858764449
0.9896652531
0.9919341435
0.9967194884
0.9844915862
0.9703135643
0.9825616827
0.9933114928
0.9941971480
0.9893528203
0.9854665116
0.9952624926
1.0127237513
1.0229265117
1.0227916100
1.0184668782
1.0177908763
1.0224277782
1.0219585948
1.0160031695
1.0160027115
1.0038226195
1.0004516008
0.9991813208
1.0011897126
0.9871330021
0.9913865191
0.9991302380
0.9961554212
0.9910156097
0.9873967739
0.9885321438
0.9848677938
0.9858011890
0.9647190741
0.9214744165
0.8835093135
0.8701595904
0.8813053151
0.9002157002
0.9188028043
0.9357837057
0.9588418612
0.9739477412
0.9739961152
0.9836841798
0.9979011239
1.0071072448
1.0031589339
0.9827764653
0.9749063914
0.9757904826
0.9837550418
0.9825683000
0.9801895616
0.9838688438
0.9843969911
0.9749717659
0.9627152107
0.9662001798
0.9830139060
0.9775858213
0.9744707596
0.9706478999
0.9675138455
0.9759875717
0.9843514199
1.0043629641
1.0137892064
1.0035996146
0.9866419370
0.9730441369
0.9748229017
0.9826073552
0.9824202912
0.9713294909
0.9559716141
0.9501885609
0.9542992070
0.9541678510
0.9595930303
0.9821481509
0.9860348558
0.9852340751
0.9999410828
1.0015232064
1.0052739823
0.9974667498
0.9797102382
0.9633988994
0.9602323310
0.9674788468
0.9643446421
0.9620757969
0.9671134212
0.9721767582
0.9798760462
0.9813773925
0.9768624054
0.9867820608
0.9995285922
0.9980517961
0.9958622625
0.9987085165
0.9922344054
0.9903755610
0.9971138096
0.9835726794
0.9801805724
0.9636195369
0.9358454922
0.8845949964
0.8519771581
0.8436438942
0.8530939181
0.8723093165
0.9029440206
0.9326628776
0.9482772937
0.9575676811
0.9619577988
0.9574761477
0.9492259206
0.9521378824
0.9632376061
0.9749234134
0.9786422586
0.9787472826
0.9843401383
0.9951773153
1.0040445473
1.0005861505
0.9991429417
1.0094173443
1.0124312001
1.0025594848
0.9970432684
1.0047510360
1.0116264279
1.0042102898
0.9900635091
0.9841733369
0.9869795229
0.9809643440
0.9967648318
0.9975978174
0.9907666393
0.9980703532
0.9840298540
0.9788634047
0.9733987113
0.9802740191
0.9917667225
0.9965071495
0.9943011273
0.9903866509
0.9927334269
0.9952990113
0.9959332651
1.0034721783
1.0145273712
1.0155027904
0.9963312568
0.9898004002
0.9923308123
0.9983669038
0.9906720797
0.9929935152
0.9997737639
1.0060980695
1.0036352883
0.9947826736
0.9881814097
0.9876405960
0.9983373386
1.0032018097
0.9899619829
0.9753151553
0.9763846432
0.9860447436
0.9889646653
0.9779036635
0.9565515905
0.9441618728
0.9419591641
0.9543004693
0.9731289730
0.9808398841
0.9756332328
0.9666729448
0.9502727794
0.9481618280
0.9573071342
0.9623129655
0.9688791030
0.9768090022
0.9909157768
1.0060260831
1.0123111604
1.0116550641
1.0057247099
0.9956303882
0.9910303830
0.9922602100
0.9934673170
0.9952612137
0.9970534949
0.9878734273
0.9861888686
0.9903840684
0.9914149160
0.9955317701
0.9915092534
0.9885666771
0.9937068523
1.0010678048
1.0050682416
0.9999263328
0.9933790434
0.9978286154
1.0021581250
0.9926921971
0.9871859525
0.9995576072
1.0014759925
0.9984848368
1.0052660382
1.0071803306
1.0024821685
0.9893647979
0.9937349089
0.9932717671
0.9918735753
0.9836085267
0.9950152151
1.0075525600
1.0075326966
1.0058146306
0.9963500395
0.9765706865
0.9659972013
0.9747494765
0.9936654939
0.9888935118
0.9897023920
0.9924698680
0.9951255588
0.9997246990
0.9998681929
1.0061152235
1.0007012446
1.0060753561
1.0079614568
1.0076575614
1.0018690399
0.9958835025
0.9936406302
0.9914017312
0.9952142114
1.0056510387
1.0058599298
0.9952109035
0.9917988109
0.9941464075
0.9948045728
1.0002019993
1.0018156552
1.0066435831
0.9929830707
0.9946339475
0.9977158640
0.9924247316
0.9871248813
0.9780229661
0.9779841864
0.9801737784
0.9740114322
0.9768842539
0.9840160512
0.9888550396
0.9924175506
0.9857418597
0.9920321064
0.9999960664
0.9938104363
0.9992334685
0.9955535299
0.9880504085
0.9824388800
0.9875510507
0.9967925283
1.0029189469
0.9991160305
1.0028015750
1.0140019899
1.0193503697
1.0161073761
1.0053011533
0.9878085417
0.9770466936
0.9905310881
1.0157509555
1.0199773196
1.0066333086
0.9949594615
0.9937060010
1.0048789145
1.0009170956
1.0131775893
1.0325038987
1.0325542178
1.0179397202
1.0001254635
0.9830034879
0.9706138397
0.9745010458
0.9922122568
1.0029163100
1.0033848942
1.0057594175
1.0105549668
1.0088440067
0.9986848680
0.9925101408
1.0025990765
1.0181548854
1.0147026857
1.0069394807
1.0006124403
0.9904517341
0.9883593855
0.9929760308
0.9872751545
0.9838336351
0.9994592981
1.0156554163
1.0181339308
1.0136250380
1.0090940320
1.0105945137
1.0160845375
1.0131715636
1.0011369798
0.9908397338
0.9983905055
1.0106283146
1.0119300755
1.0073277912
1.0043399482
1.0053691403
1.0023899187
1.0093989594
1.0138269579
1.0128014531
1.0101559750
1.0093939149
1.0031427357
0.9982046342
0.9896972038
0.9843305144
0.9983575812
1.0081546427
0.9987300506
1.0088177770
1.0210612126
1.0139908388
1.0044403945
1.0026670174
0.9902517554
0.9935302617
0.9901748938
0.9976029659
0.9969165775
0.9981749453
0.9942450206
0.9879463426
0.9851402754
0.9751414480
0.9613436340
0.9654722152
0.9793816186
0.9981704647
1.0293706759
1.0288687736
1.0157569689
0.9984861818
0.9961219517
1.0083367621
1.0078593448
1.0183521463
1.0287161916
1.0177679584
0.9972176432
0.9964538827
0.9989823926
0.9949509241
0.9851620231
0.9856732337
0.9901361300
0.9914079896
0.9980656712
1.0085892773
1.0151576976
1.0163003099
1.0041121674
0.9927481650
1.0096328049
1.0196192755
1.0172442358
1.0170194440
1.0133871555
0.9996594171
1.0040755480
1.0066473303
1.0007608035
1.0033127863
0.9999043009
0.9963063357
0.9823898884
0.9548136252
0.9368694578
0.9403403641
0.9559949078
0.9744221411
0.9915190513
1.0009531108
0.9968953091
1.0036288863
1.0088378246
1.0059880776
0.9966624675
0.9981252063
0.9870796138
0.9911500662
1.0124802204
1.0202044864
1.0080341274
0.9967171737
0.9900755641
0.9886673641
0.9967437640
1.0049595017
1.0008033722
0.9974177578
1.0188156653
1.0317123192
1.0121674457
0.9991239328
0.9989081203
0.9897313769
0.9777577312
0.9901445265
1.0143471354
1.0162051401
1.0032284041
1.0027096648
1.0055286050
1.0102164802
1.0112382221
1.0114269192
1.0085641184
0.9988625051
0.9902172241
0.9829287647
0.9832111158
0.9903266974
1.0047758537
1.0082436508
1.0150728142
1.0236733459
1.0108166293
1.0099867394
1.0011271328
0.9936703737
0.9924400446
0.9930868048
0.9945596266
1.0023688459
1.0080204831
0.9961602106
0.9841788163
0.9872261235
0.9968223181
1.0098714377
1.0080638324
0.9994829594
0.9848491427
0.9946082630
0.9988112341
0.9906022390
1.0086924700
1.0111232157
0.9980328232
0.9874039948
0.9836090339
0.9907381925
1.0043929534
1.0046395812
0.9904564204
0.9794632944
0.9726158390
0.9600355727
0.9518016516
0.9635696716
0.9832623390
0.9901934733
0.9950715526
1.0076136170
1.0009482769
0.9910873291
0.9909888312
0.9967292098
0.9765561596
0.9679143932
0.9733641924
0.9774338296
0.9682779546
0.9460359459
0.9226444970
0.9077906553
0.8940940953
0.8788612156
0.8564018447
0.8250864469
0.8244123627
0.8427971068
0.8452808068
0.8821014138
0.8873525850
0.8734108008
0.8839970931
0.9225820877
0.9295717454
0.9498141028
0.9648844771
0.9685303351
0.9666162759
0.9809865001
0.9932435457
0.9910748317
0.9888145373
0.9880426537
0.9828969779
0.9744675836
0.9552275370
0.9385420197
0.9389810702
0.9357115444
0.9374446101
0.9465727777
0.9561333800
0.9836232664
0.9762677774
0.9865359791
0.9898088555
0.9865854499
0.9786833578
0.9749781910
0.9800410480
0.9932066902
0.9989204925
1.0009244020
1.0074308500
1.0042094366
0.9949751078
0.9905420346
1.0069903493
1.0003391674
0.9999345596
0.9992042210
0.9896094447
0.9986534979
1.0093915719
0.9906716151
0.9870834022
1.0044949880
1.0168759282
1.0076903313
0.9950706045
1.0006914265
1.0087113645
0.9992059815
0.9918316643
0.9996224268
0.9981406576
0.9939479457
1.0030343898
1.0063898282
1.0199621631
1.0108074961
1.0022213467
1.0052772235
1.0016459611
1.0077984901
1.0157306027
1.0080496759
1.0025749142
1.0040061185
1.0165414978
1.0134302238
1.0022120614
1.0022754131
1.0037517429
1.0078441451
1.0227400530
1.0276126250
1.0110486190
1.0005899956
0.9947133839
1.0035851736
0.9928531998
1.0030451735
1.0047405951
0.9937866357
0.9978456383
1.0054532002
1.0022724568
0.9970656998
0.9927721612
0.9910074738
0.9797328134
0.9613303507
0.9476329584
0.9355315271
0.9284130129
0.9275851993
0.9248962650
0.9558698757
0.9877703771
0.9985997032
1.0065379800
1.0055749944
1.0038515574
1.0072828542
0.9893999503
0.9881033655
1.0085201625
1.0181643914
1.0138667061
1.0044117982
1.0067129615
1.0187118844
1.0157164257
1.0024535493
1.0068335324
1.0213809011
1.0327208825
1.0343433956
1.0223791305
1.0124022475
1.0138663135
1.0050123798
1.0141044961
1.0053618677
0.9948134995
0.9838698959
0.9777040103
0.9898628366
1.0004403340
0.9989892020
0.9887140262
0.9863827788
0.9931495465
0.9970481031
1.0009457856
0.9970531246
0.9840119665
0.9858289618
0.9864462032
0.9888154838
0.9934710335
0.9893441024
0.9884301266
0.9914927995
0.9996798574
1.0012837039
0.9990293574
1.0005202118
0.9896432422
0.9857927561
0.9961107835
1.0023039181
0.9938586716
0.9742063630
0.9482338723
0.9075921628
0.8425344869
0.7884825804
0.7583376298
0.7781065972
0.8145974539
0.8639023640
0.9133348642
0.9506087723
0.9722626673
0.9970977038
1.0012624159
0.9928663021
0.9949862264
1.0027164592
1.0020974818
0.9965696675
0.9924077970
0.9959999221
1.0055258751
1.0013768025
0.9977182525
1.0152910559
1.0052557975
0.9694214758
0.9383675806
0.9498230790
0.9664728111
0.9852589164
1.0005251473
0.9942518592
0.9951291731
1.0073645856
1.0136201454
1.0178314606
1.0241393075
1.0236112063
1.0171538296
1.0096221225
0.9993794813
0.9924393665
0.9875925891
0.9748156699
0.9696334622
0.9751654071
0.9717009335
0.9858237009
1.0110717810
1.0055622053
0.9988243794
0.9916706097
0.9990437682
1.0132863048
1.0140104291
1.0045023862
0.9968739476
0.9945406527
0.9912233467
0.9836909469
0.9789381536
0.9838422445
0.9951838698
1.0033041146
1.0102643559
1.0141430941
1.0166161493
0.9935056555
1.0055969565
1.0128328651
1.0186392265
1.0119588356
1.0003437782
0.9982175340
0.9969348770
0.9875851879
0.9863787538
0.9925091096
0.9908072789
0.9865126026
0.9857061095
0.9822252761
0.9871260183
0.9979227012
0.9946944698
1.0078822305
1.0140486259
1.0014933966
0.9966336707
0.9988642863
1.0064384863
1.0121564681
1.0038012065
0.9899492363
0.9767536014
0.9792284615
0.9828866397
0.9881399471
0.9977207914
0.9995916801
0.9928354749
0.9945451297
1.0140992382
1.0277276097
1.0261323603
1.0077366308
0.9811488412
0.9958108947
1.0053399831
0.9974236648
0.9787711555
0.9704325247
0.9908837158
1.0080002530
1.0139921642
1.0107817288
1.0025305714
0.9908826236
0.9956885151
1.0070827433
1.0024350380
1.0013417466
1.0087148480
1.0101381488
1.0018821507
1.0104096642
1.0265588726
1.0070071094
0.9865752698
1.0003410403
1.0218572818
1.0257819366
1.0121036101
1.0045074910
1.0049654494
1.0107525147
1.0127771266
1.0049433836
0.9965039586
0.9939935812
0.9912760342
0.9905739700
1.0040121312
1.0235656613
1.0251235066
1.0155626344
1.0160149105
1.0086059435
0.9936312125
0.9884425886
0.9956184021
1.0052760982
1.0176396302
1.0196230899
1.0119693264
1.0063356494
1.0076084782
1.0122321582
1.0160670382
1.0124523318
1.0027143274
0.9991799244
1.0040134969
1.0078647184
1.0037168102
1.0022266824
1.0058426190
1.0021725069
1.0021336741
1.0121699008
1.0142461270
0.9899985457
0.9751207694
0.9767254898
0.9701395779
0.9729606824
0.9731045474
0.9730450722
0.9860220564
1.0042601260
1.0096132705
1.0053684783
1.0087551279
1.0145927628
1.0194272562
1.0175501725
1.0021121717
0.9868219472
0.9944074899
1.0116070982
1.0118999674
1.0160397866
1.0087560599
1.0049122708
1.0029880553
0.9936522633
0.9874398126
0.9871622440
0.9905715518
0.9986683797
1.0074512856
1.0041656828
0.9864855760
0.9817461844
1.0029053293
1.0036349355
1.0066410701
0.9997629329
0.9852920003
0.9763100102
0.9720285526
0.9931683962
1.0073507480
1.0007160509
0.9900757565
0.9834567915
0.9872331174
0.9933247563
0.9921554019
0.9955716333
1.0072704104
1.0141936341
1.0126679523
1.0064319954
1.0082074861
1.0057586046
1.0187454147
1.0157898800
1.0165820570
1.0090527331
0.9941490768
0.9911581007
0.9999864565
1.0000786978
1.0078372663
1.0101071208
1.0097227211
1.0060947259
1.0023143329
1.0021368498
1.0024666035
1.0016977295
0.9998279974
0.9988167505
1.0069653043
1.0131544483
1.0205671272
1.0112166251
1.0203446187
1.0224476710
1.0255043842
1.0153859001
1.0047893459
1.0047522150
1.0078289115
1.0123414551
1.0127301333
1.0225764380
1.0237820511
1.0108961109
1.0019159854
1.0048710612
1.0182828656
1.0252327770
1.0141903363
1.0124724359
1.0091265604
0.9981995144
0.9981365891
1.0190132399
1.0038675580
0.9943098628
1.0010806130
0.9950831981
0.9779342779
0.9793244970
0.9926340074
1.0045730863
1.0123868762
1.0109202265
1.0090843731
1.0101282069
1.0068521415
1.0137513249
1.0262939281
1.0254303100
1.0000099462
0.9934543725
0.9968806661
0.9993974423
0.9983534253
0.9907638081
0.9833749600
0.9832835563
0.9771553078
0.9704458853
0.9637749323
0.9615760385
0.9666231878
0.9744592853
0.9850120786
1.0016889835
1.0118802227
1.0083336453
1.0140616877
1.0179063288
1.0108255774
1.0132603712
1.0138151786
1.0198576589
1.0279455646
1.0114079609
0.9957479480
0.9980571076
0.9939266299
0.9909980859
1.0057884898
1.0135335056
1.0055356856
0.9992307282
0.9963614943
0.9903506963
0.9908908981
0.9935338986
0.9831881421
0.9872667934
0.9756665549
0.9647022345
0.9523714803
0.9158900028
0.8909970218
0.8513314732
0.7999950474
0.7544867332
0.7390169762
0.7603441649
0.8176047168
0.8756726208
0.9293617760
0.9743563789
0.9992088749
0.9996351134
0.9912392348
0.9969488500
1.0064809758
1.0101274340
1.0004402781
0.9851963579
1.0017173337
0.9915426078
0.9844126458
0.9811630724
0.9788619071
0.9920528091
1.0055595845
1.0017462609
0.9923569261
0.9969743343
1.0016643136
0.9950574538
0.9908953435
0.9959423284
0.9939746430
0.9803030124
0.9751064138
0.9821421532
0.9901910064
0.9845627601
0.9858151577
0.9881702053
0.9926104969
1.0016070109
0.9958240430
0.9910382582
0.9870208836
0.9926292782
0.9898066799
0.9883388459
1.0018894680
1.0077702689
0.9986598507
1.0043921356
1.0207557343
1.0203242745
1.0137895764
0.9952474922
0.9865372408
0.9990568849
1.0042694321
1.0030468568
0.9941720324
1.0003117110
1.0115930978
1.0008121545
0.9911307053
0.9984696138
1.0026464869
0.9999308292
0.9932790860
0.9924353102
0.9959346344
0.9866791537
0.9686301380
0.9636590352
0.9765926780
0.9925528717
0.9715864965
0.9828038596
1.0042487880
1.0043583477
0.9943381909
1.0006577580
1.0096638274
1.0121401588
1.0013244804
0.9876471910
0.9909499775
0.9816965437
0.9644911960
0.9578946062
0.9593494908
0.9677920495
0.9786176052
0.9809391470
0.9815943085
0.9833111270
0.9847823322
0.9876588839
0.9820858327
0.9890153614
0.9758648343
0.9747780611
0.9936522819
0.9979646047
0.9954723620
0.9970896302
1.0057919442
1.0008068437
0.9958816297
1.0081235402
1.0117975377
0.9997575713
0.9903446323
0.9910757280
1.0045140013
1.0199470915
1.0338825825
1.0185279788
0.9924090659
1.0012952642
1.0006480078
0.9973374130
1.0056578658
0.9938895355
0.9785819927
0.9782361059
0.9905946822
0.9953576591
0.9965945142
1.0050932355
1.0093886570
0.9978262900
0.9918912331
0.9998173991
1.0005108558
1.0063795017
1.0147039580
1.0108372460
0.9917436063
0.9967861369
1.0120308555
0.9806947889
0.9743794243
0.9673206764
0.9765010309
0.9914931374
0.9987106874
0.9962598982
0.9942692125
0.9849361048
0.9768022049
0.9796899908
0.9939869468
1.0086324422
1.0041608987
0.9953152610
1.0060103558
1.0109895328
1.0046512546
0.9949323138
1.0012525629
1.0092938798
1.0042417434
1.0057396066
1.0120810732
0.9969839197
0.9844712042
0.9934530558
1.0029948755
1.0112173017
1.0005665041
0.9834204713
0.9837877221
0.9935682496
0.9987738364
0.9951310715
0.9987212940
1.0079487326
1.0065842005
1.0122764067
1.0182773091
1.0185022271
1.0116720112
1.0175790767
1.0138441525
1.0216365834
1.0142995448
1.0089529641
1.0023457283
1.0018072796
1.0154800702
1.0222058279
1.0201365560
1.0185841066
1.0134912601
1.0165834740
1.0176150652
1.0119694218
