#flux
1.0057010516
1.0029285487
0.9950705075
0.9954992261
1.0073231584
0.9992821050
0.9849969475
0.9902519626
0.9905895992
0.9773732937
0.9857785054
1.0098982208
1.0067633103
0.9919416987
0.9901564433
1.0090581329
1.0157703433
1.0077297312
1.0042304794
1.0058811911
1.0008690250
0.9955159828
0.9887480004
0.9718234308
0.9621784806
0.9687953976
0.9750000982
0.9614251009
0.9540310649
0.9782554013
0.9885863049
0.9849618102
0.9944343355
0.9993982396
0.9864904549
0.9760725327
0.9842341112
0.9927066256
0.9848733929
0.9824013091
1.0018729441
1.0160846072
1.0117454051
1.0081166425
1.0041476479
0.9927397043
0.9857954050
0.9804300941
0.9726117712
0.9798299980
0.9986869482
0.9762227474
0.9888982381
0.9888299565
0.9818320232
0.9547970841
0.9303699702
0.9078139794
0.8592698652
0.8111532212
0.7963718041
0.8157862070
0.8583074688
0.9060030509
0.9365701025
0.9514388455
0.9667644892
0.9671641669
0.9499615805
0.9432131108
0.9107768924
0.8945115680
0.9122232667
0.9380519370
0.9623801404
0.9717779452
0.9685507646
0.9628322699
0.9604924065
0.9649022386
0.9703478931
0.9640721337
0.9541487551
0.9568006498
0.9647524854
0.9638144304
0.9518874635
0.9333239937
0.9053472546
0.8635263402
0.8310931623
0.8129701540
0.8254441087
0.8682054040
0.9224407067
0.9413670319
0.9416205012
0.9342742678
0.9079959459
0.8891425680
0.8876101828
0.8869584501
0.8956610514
0.9193029468
0.9353018749
0.9411175322
0.9497108345
0.9603692711
0.9646621152
0.9636672297
0.9592357228
0.9318168646
0.9009702691
0.9069576672
0.9196053470
0.9413261988
0.9483190469
0.9482179097
0.9604851138
0.9690654403
0.9626525120
0.9660203874
0.9840058473
0.9909220258
0.9831473605
0.9731058679
0.9613326566
0.9610248323
0.9623032387
0.9515072009
0.9469793723
0.9484181738
0.9417555514
0.9485632338
0.9373189701
0.9333590734
0.9444168765
0.9552564659
0.9532821553
0.9435496985
0.9395768350
0.9432448846
0.9479921076
0.9467002376
0.9380468500
0.9259443114
0.9156562058
0.9209595509
0.9331220625
0.9359567205
0.9282701204
0.9206192732
0.9238017223
0.9403169405
0.9186352379
0.9169037750
0.9149123268
0.8918341660
0.8696146601
0.8559761670
0.8465824497
0.8559566877
0.8796223282
0.8936174158
0.9003448049
0.9052187157
0.8949784044
0.8917419542
0.8969523211
0.8836047059
0.8806543538
0.8906925082
0.8663171848
0.8556154231
0.8249674071
0.8282263524
0.8143915444
0.8085990947
0.8274489912
0.8425197280
0.8451090324
0.8436062491
0.8393270474
0.8424259710
0.8590528812
0.8716521451
0.8649146408
0.8436090890
0.8325501834
0.8254945259
0.8310556053
0.8301243648
0.8170479361
0.8110469727
0.8117360366
0.8058205886
0.7776904619
0.7602707914
0.7490375605
0.7264208109
0.6947890670
0.6661536261
0.6352861472
0.5907693549
0.5359892361
0.4763080637
0.4071440993
0.3316841832
0.2624725674
0.2104100124
0.1751258408
0.1377351871
0.1166714187
0.1203097372
0.1344048533
0.1565877211
0.1878186398
0.2138458162
0.2415248625
0.2805508322
0.3370132219
0.3863080007
0.4356673048
0.4995006246
0.5693803570
0.6316218870
0.6704568976
0.6910290503
0.7169920429
0.7446775062
0.7851413990
0.7994215312
0.8004817980
0.8026182925
0.8010047216
0.8093868955
0.8219533807
0.8280944484
0.8298122977
0.8339963608
0.8432542096
0.8555835636
0.8595363890
0.8606392234
0.8680593523
0.8765807947
0.8797302461
0.8765653151
0.8837269393
0.8964506752
0.8977879474
0.9051333327
0.9057996303
0.8862621400
0.8825759918
0.8998603230
0.8884564490
0.8886122620
0.8899748389
0.8855914540
0.8875110108
0.8969825757
0.9085417292
0.9119737771
0.9055622902
0.9055979480
0.9093174153
0.9065554585
0.9249166492
0.9185706418
0.9043441389
0.9164995690
0.9356636580
0.9262688176
0.9164358121
0.9396712605
0.9423340611
0.9349027828
0.9185831407
0.9284728643
0.9517796172
0.9616588202
0.9573142045
0.9496307913
0.9401319241
0.9305307644
0.9351227188
0.9517047126
0.9506432198
0.9445446206
0.9457586858
0.9416670832
0.9409452023
0.9346895911
0.9447471205
0.9688368999
0.9747249033
0.9623027628
0.9640763469
0.9633957925
0.9417502452
0.9368136159
0.9540842999
0.9653750539
0.9622520781
0.9556169028
0.9537410019
0.9537460502
0.9451300060
0.9397521377
0.9504807234
0.9318912358
0.9147446079
0.9059673179
0.9231364626
0.9316822090
0.9234509788
0.8771105614
0.8092718935
0.7558350140
0.7280207751
0.7284552376
0.7723705523
0.8420246690
0.9083411012
0.9447683103
0.9529327085
0.9629583829
0.9640804880
0.9647208595
0.9653850121
0.9604958053
0.9579686594
0.9587303351
0.9515864773
0.9505016406
0.9569134332
0.9683860317
0.9805800188
0.9761820032
0.9714338859
0.9611909538
0.9551436938
0.9521309898
0.9468973066
0.9502139224
0.9581470095
0.9474825661
0.9311252542
0.9474353897
0.9691655259
0.9689033038
0.9693070770
0.9755873401
0.9783040271
0.9739100790
0.9651736094
0.9646908052
0.9790963243
0.9893891014
0.9779301809
0.9715390380
0.9912116963
1.0138400417
1.0157053045
1.0046487855
0.9952216215
0.9904949158
0.9939068585
1.0029948700
0.9980642929
0.9837400517
0.9829238329
0.9822375849
0.9732242647
0.9742704565
0.9639300805
0.9369903146
0.8872599363
0.8666740336
0.8669425333
0.8697404570
0.8941313891
0.9399935630
0.9765437655
0.9940617088
1.0018978044
0.9944444902
0.9785470000
0.9816903593
0.9909027743
1.0118680078
0.9856861912
0.9752949781
0.9759994150
0.9781682320
0.9926661315
1.0047804938
1.0002018076
0.9961026278
0.9872805433
0.9466091732
0.9067941213
0.8930799611
0.9011379486
0.9147147783
0.9354429791
0.9718789590
0.9984009803
0.9945147723
0.9844918504
0.9893309960
0.9850917488
0.9528447450
0.9140412296
0.8410931299
0.7884760311
0.7733173951
0.8072960777
0.8495641728
0.9087285246
0.9598494069
0.9838446642
1.0038068986
1.0244410069
1.0215975944
1.0052614863
0.9985245534
0.9912941097
0.9895066118
1.0030070546
1.0100254614
1.0032061942
1.0055370471
1.0100778648
1.0057571423
1.0045235131
1.0103796997
1.0048697892
0.9854038320
0.9733680789
0.9755497846
0.9975720307
1.0108522569
1.0153753748
1.0105998171
1.0001436414
1.0018875942
1.0039269676
0.9889941429
0.9588620888
0.9243478681
0.8955004811
0.8867528434
0.9023264488
0.9121286489
0.9059060491
0.9170203582
0.9377480151
0.9728085013
0.9923954587
0.9912182813
0.9969229414
1.0052289644
1.0005810755
0.9947088900
0.9982534874
1.0001635334
0.9971332333
0.9940888981
0.9849467230
0.9907542672
1.0132828909
1.0181731432
1.0124381416
0.9987076457
1.0008632145
1.0110404068
1.0049563279
0.9999890840
1.0007517676
0.9927891059
0.9819148962
0.9879292306
0.9999626912
0.9964159101
0.9976166818
1.0132652242
1.0170629929
1.0121876856
1.0050020437
0.9965147273
1.0010740600
1.0117772078
1.0055960052
0.9963065802
0.9993108335
0.9933653007
0.9817811472
0.9919529334
0.9959311809
0.9798970479
0.9605935713
0.9669006429
0.9724673192
0.9798990228
0.9992910334
1.0161963667
1.0197506534
1.0045627535
0.9964521153
1.0177830845
1.0352748769
1.0184527262
1.0042385682
0.9984567908
0.9852915455
0.9708513086
0.9333715530
0.9073205933
0.9106651051
0.9330220646
0.9441571306
0.9666968904
0.9964327229
1.0093187202
1.0100186543
1.0166309766
1.0255176679
1.0184481826
1.0006395910
0.9994821946
1.0001868493
0.9934141493
0.9856907608
1.0081372274
1.0163125101
1.0180130517
1.0040014693
0.9973610467
1.0088949694
1.0115159949
1.0089945788
1.0067356958
0.9992559615
1.0013187680
0.9971644688
0.9851745796
0.9872853065
0.9897876681
0.9919735893
0.9964194782
0.9943357718
1.0087257275
1.0110852722
0.9934936423
0.9962064595
0.9866369036
0.9714889548
0.9620780774
0.9360005073
0.9229623584
0.9502424066
0.9685558457
0.9834329196
0.9918238923
0.9846380812
0.9969966449
1.0255950268
1.0283926843
1.0181744799
0.9959632803
0.9875236333
0.9881099114
0.9883279712
0.9937583808
0.9930224006
0.9868819312
0.9968013243
0.9991721056
0.9969790706
0.9896288100
0.9987311848
1.0073757471
1.0099765492
1.0193471957
1.0259263501
1.0235519050
1.0187046951
1.0150100127
1.0183459110
1.0170728788
1.0103999163
1.0124041586
1.0097098540
0.9938958230
0.9968762652
0.9927527059
1.0063018479
1.0076445331
1.0186180411
0.9990448464
0.9589773449
0.9205665081
0.8805477576
0.8491108706
0.8522154869
0.8939950009
0.9460718403
0.9780008876
0.9862358931
0.9868643541
0.9911617154
1.0029087225
1.0192139361
1.0134658719
0.9989642883
0.9774198105
1.0002832149
0.9935432952
0.9960425272
1.0082392726
1.0182983108
1.0220539062
1.0066293911
0.9850738507
0.9724556647
0.9714649590
0.9742763343
0.9694032802
0.9701020116
0.9935124974
1.0035035069
0.9947701234
0.9888815357
1.0222805347
1.0199986446
1.0093042452
1.0013084468
1.0087923939
1.0328357679
1.0386567668
1.0248538729
1.0136890683
1.0200432679
1.0269501601
1.0245959274
1.0240481518
1.0220011440
1.0136073655
1.0127735722
1.0120857003
0.9973118553
0.9918050404
1.0029252204
1.0043907135
1.0016386007
1.0146440699
1.0152210843
1.0112586915
0.9935689230
1.0055212349
1.0197527837
1.0143724431
1.0081068810
1.0055440215
0.9985274655
0.9921645076
0.9916434881
0.9986446251
1.0086337962
1.0066813215
1.0061957276
1.0189037986
1.0254538216
1.0141976616
1.0163531317
1.0159998828
1.0142035013
1.0153030070
1.0075485344
0.9941860524
1.0036421284
1.0286246519
1.0369687505
1.0193326675
0.9903620074
0.9629808740
0.9472083192
0.9569880912
0.9838223294
0.9987810398
1.0014535371
0.9963852344
0.9989072761
0.9827269223
0.9769949974
1.0005177255
1.0164717347
1.0394621012
1.0463333044
1.0390423834
1.0155403620
1.0024794499
1.0087648393
0.9954200923
0.9564290292
0.9332623936
0.9321238843
0.9281884199
0.9170792038
0.8965953948
0.8504663639
0.7692531789
0.6894323594
0.6282763315
0.6640682610
0.7302565520
0.8141187597
0.8990952612
0.9523985484
0.9815627902
0.9861223960
0.9941999060
1.0121215920
1.0207184957
1.0073342542
0.9697117053
0.9087670865
0.8353261498
0.7727674468
0.7399671464
0.7443836797
0.7934082876
0.8681680807
0.9274344901
0.9538145110
0.9662246008
0.9838460042
0.9967123594
1.0049162737
1.0061404123
1.0045452769
1.0026394454
1.0032739627
0.9999521427
0.9967574458
0.9946993914
0.9960322493
1.0005763646
0.9972544537
0.9929889912
1.0037672728
1.0007096831
0.9849662733
0.9794620606
0.9843164522
0.9896283317
1.0013722499
1.0158087305
1.0386038671
1.0161817993
1.0057148833
0.9860816572
0.9735864699
0.9749526703
0.9897090964
0.9973545673
1.0000256799
1.0011354000
0.9944898649
0.9941638138
1.0049870294
1.0151551383
1.0142069884
0.9855340610
0.9698954220
0.9576422718
0.9615263374
0.9933125304
0.9979209046
1.0217562740
1.0201603272
1.0119575302
1.0120081337
1.0015610153
1.0045428149
1.0044962316
0.9806050346
0.9498202242
0.9176985332
0.8763960205
0.8443437339
0.8418450618
0.8719220714
0.9259744197
0.9845699938
1.0115844410
1.0077336855
1.0061506670
0.9884748342
0.9899755323
1.0069325846
1.0011413014
0.9840429953
0.9751264737
0.9707626886
0.9582676030
0.9429577222
0.9253169779
0.9050358221
0.9057814645
0.9369666983
0.9745867983
1.0096709841
1.0053806903
0.9839596861
0.9885705432
0.9776831236
0.9487223230
0.9556584563
0.9867266924
1.0040083021
1.0104333156
1.0140605032
1.0105730208
1.0079784816
1.0058967915
1.0042266496
0.9990103720
0.9926767696
0.9896324344
0.9932178014
1.0090116986
1.0012221600
0.9995609725
1.0179803985
1.0122564108
0.9939303840
0.9712321235
1.0027579262
1.0008934767
0.9890958404
1.0017979971
1.0083567457
1.0001282605
0.9979600303
1.0037432052
1.0040588529
0.9985853825
1.0018364678
1.0144416762
1.0132809255
0.9936880278
0.9897366845
1.0078412909
1.0183728345
1.0087276903
1.0280716598
1.0343900923
1.0054630719
1.0085469494
1.0031657022
0.9989106629
0.9999129464
1.0043943901
1.0050733232
1.0094123981
1.0203546837
1.0249374249
1.0228115049
1.0162713145
0.9984643344
0.9817606408
0.9777711624
0.9841383741
0.9940818436
0.9992395951
1.0050267640
1.0104052547
1.0158510344
1.0124615285
1.0048564309
1.0178000020
1.0179698446
1.0058647892
0.9954577506
0.9896105106
0.9899551850
0.9971085283
1.0033479208
1.0100910403
1.0206995778
1.0249835778
1.0282747627
1.0257408681
1.0054066946
0.9855193689
0.9709257420
0.9667290305
0.9676659320
0.9780589179
0.9870116507
0.9822649503
0.9746343407
0.9568830263
0.9410598004
0.9350443208
0.9098238708
0.8669527246
0.8549546436
0.8865455422
0.9256911461
0.9583310467
0.9909375659
1.0119639861
1.0127736554
1.0070751974
1.0208181299
1.0092072197
1.0117706094
1.0184846572
1.0234281357
1.0173141729
1.0073998961
0.9854139637
0.9790980312
0.9769066381
0.9676833412
0.9743363480
0.9846009635
0.9829294911
0.9807097465
0.9740888400
0.9781324870
1.0039718271
1.0114603093
1.0063897307
0.9934723884
0.9886550763
0.9976933803
0.9975449456
0.9914704318
0.9988692826
0.9944659238
0.9876238723
0.9842206118
0.9823591685
0.9801970528
0.9763961847
0.9802248541
0.9902278499
0.9931373405
0.9967324723
1.0050932905
0.9927201546
0.9815557946
1.0018797406
1.0056362148
1.0181226891
1.0178982072
1.0289875969
1.0067248450
1.0051046753
0.9801071191
0.9428915051
0.9324134815
0.9392855624
0.9528333928
0.9796544022
0.9971265565
1.0038242594
1.0157401225
1.0146747493
1.0071508616
1.0164771463
1.0144383355
1.0220674565
1.0152658732
0.9977641565
0.9834769161
0.9822593053
0.9330006181
0.8513863824
0.7874266802
0.7696906625
0.7766157166
0.8230894227
0.8979685119
0.9529092481
0.9740373239
0.9684656944
0.9514845899
0.9490756655
0.9551845146
0.9565248046
0.9728785458
0.9874421404
1.0108506307
1.0095471311
0.9944665261
0.9880892515
0.9935932738
0.9997872964
1.0091767068
1.0093390027
0.9901171615
0.9946577895
1.0006818963
1.0053390149
1.0102184637
1.0051854243
0.9940344027
0.9868237158
0.9907371855
1.0028315710
1.0050814513
1.0208263688
1.0193291016
1.0304294832
1.0268884925
1.0106921585
1.0243439022
1.0201529266
0.9906283044
0.9833379235
1.0100823168
1.0386139925
1.0395994137
1.0201895493
1.0000190250
0.9922719966
0.9943847334
0.9973253848
1.0003845282
1.0055213071
1.0132155716
1.0020856205
0.9980515051
1.0089482511
1.0146139928
1.0292944608
1.0348722056
1.0182975260
1.0166217222
1.0202652563
1.0184215914
1.0190282569
1.0157278619
1.0176949903
1.0229462074
1.0142331814
0.9999832383
0.9994127252
0.9994643252
0.9835768831
0.9650472873
0.9520322165
0.9547576764
0.9767624669
0.9587655071
0.9545886270
0.9502558905
0.9405937222
0.9391922746
0.9699459676
0.9760240166
0.9822994668
0.9958654294
1.0015172341
1.0036310089
1.0021681848
0.9937445375
0.9964931834
1.0112851311
1.0062205866
0.9871768281
0.9759653337
0.9821030069
0.9973584606
0.9905838710
0.9852367756
1.0139719833
1.0126566432
1.0033415247
1.0027722726
1.0097346305
0.9929730636
0.9939230366
1.0017707567
1.0024785808
0.9965003546
0.9871018886
0.9811392164
0.9870077544
0.9988911464
0.9912382111
0.9851239956
1.0022352105
1.0099432030
1.0146649266
1.0147216733
0.9603339383
0.9482899811
0.9787464309
0.9992712767
0.9966017208
0.9920048243
0.9937480222
1.0016701542
1.0054074229
1.0037138057
1.0059656531
1.0096035284
1.0076524546
1.0062165594
1.0036145801
0.9905483431
0.9808589548
0.9773858398
0.9933454090
1.0024336078
1.0013037045
0.9986065247
0.9817066998
0.9862623765
1.0001535529
0.9836696003
0.9714921620
0.9685553261
0.9697111034
0.9808294871
0.9988779838
1.0093572579
1.0062884298
1.0000782824
0.9969986430
0.9892004341
0.9934670161
1.0127406964
1.0184631679
0.9949363531
0.9987651101
0.9996937685
0.9972211447
0.9933281263
1.0011173400
1.0171218621
1.0212571096
1.0114772343
1.0022320741
0.9927651652
0.9835142531
0.9830636190
0.9866080334
0.9843514009
0.9831605426
0.9897629860
0.9933789857
0.9817067839
0.9856187667
0.9974966187
1.0012413764
1.0061993165
0.9987537006
0.9954877297
0.9931341610
0.9935415680
1.0107769366
1.0164517226
1.0053620558
0.9886782135
0.9870158332
0.9978960372
1.0072555071
1.0135864463
1.0094757413
1.0071209689
1.0111274673
1.0121628255
1.0063311273
0.9975418348
0.9983850388
0.9957931852
0.9981436990
1.0012669800
1.0014045179
0.9962160569
0.9927806162
0.9892774816
0.9899885519
0.9948433427
1.0118201826
1.0213004845
1.0097664967
1.0009673758
0.9973941363
0.9976439930
1.0061530229
0.9958928881
1.0032517473
0.9882018356
0.9781173289
0.9713022269
0.9833812272
0.9842934088
0.9899445350
0.9893889906
0.9928858441
1.0037004923
1.0002569036
0.9916339734
0.9989914392
1.0041025381
0.9977315400
0.9944673395
0.9900797175
0.9914731788
0.9917555705
0.9739643724
0.9860906900
1.0034877464
1.0043470703
1.0015876207
0.9789977335
0.9862861208
1.0020081682
0.9962164879
0.9841481597
0.9889374759
0.9880803298
0.9804496190
0.9864499168
1.0014556577
1.0058554196
1.0021144267
1.0040272960
1.0028865166
0.9865336441
0.9771529256
0.9737487908
0.9851112872
1.0016414870
1.0061858529
1.0021348528
0.9817301784
0.9804684398
0.9695639494
0.9485141934
0.9146147192
0.8963377293
0.9094172249
0.9413917246
0.9734389141
0.9947861599
1.0059379665
1.0123633900
1.0154426042
1.0134288093
0.9996139230
0.9929166332
1.0032417399
1.0053915563
1.0054008212
0.9952066236
0.9925043798
0.9853331294
0.9862026716
0.9873663315
0.9873758407
0.9896709589
0.9840082876
0.9786354742
0.9844193620
0.9976942039
1.0083080203
1.0143390974
1.0149860903
0.9973614876
0.9916595749
1.0061516832
1.0089026238
1.0097384285
1.0137577300
1.0188241870
1.0137166456
1.0049587268
0.9916534250
0.9735725935
0.9515447847
0.9205768413
0.8927969934
0.8850035896
0.8931124321
0.9061132740
0.9328982142
0.9725060169
1.0020415277
1.0235689221
1.0250002463
1.0016760843
0.9848932086
0.9896503579
0.9679402820
1.0008320917
1.0001206828
0.9880729361
0.9986864749
0.9969630861
0.9906402068
0.9986422480
1.0077924020
1.0061357739
1.0153854669
1.0217922347
1.0092371741
0.9923310743
0.9745542692
0.9777677787
0.9905189661
0.9850010372
1.0061371403
1.0281549386
1.0323103489
1.0007982158
0.9990760620
1.0038386358
0.9948311534
0.9913864773
0.9904944946
0.9850869010
0.9801178204
0.9664976015
0.9529500024
0.9462412166
0.9535051752
0.9795577360
1.0054115989
1.0194586594
1.0183068356
1.0125899773
0.9940976684
0.9722965302
0.9803528558
0.9950547114
0.9884315823
0.9970004381
1.0080969036
1.0011067700
0.9965633575
0.9821023810
0.9669589817
0.9604330466
0.9595048160
0.9603470101
0.9670455371
0.9849543442
1.0004225995
0.9970741827
0.9936994296
0.9947041009
1.0044028349
0.9789132103
0.9662219685
0.9786878631
0.9693076796
0.9762298884
0.9792559834
0.9846172287
0.9923511295
0.9778790901
0.9654014559
0.9633073583
0.9625809325
0.9560760043
0.9497030757
0.9569296166
0.9772571851
0.9897905966
0.9870371781
0.9984755023
0.9880440057
0.9888256255
0.9750621935
0.9957904895
1.0005476166
0.9933425419
0.9571794351
0.9128803051
0.8760241262
0.8758590656
0.8786869668
0.8697212097
0.8311827682
0.7853914643
0.7626589027
0.7564065950
0.7713251106
0.8143488052
0.8408618692
0.8334103262
0.8201215982
0.8408251318
0.8607067845
0.8810033612
0.9112293092
0.9407699817
0.9668011513
0.9748776869
0.9732809448
0.9807447178
0.9931629810
1.0018238788
0.9912868599
0.9735412102
0.9618303744
0.9386169213
0.9041170609
0.8895975121
0.8958034279
0.9134831260
0.9470565468
0.9846455080
0.9867577293
0.9771311289
0.9820527429
0.9564013391
0.9454235422
0.9439991210
0.9513122517
0.9701577894
0.9743060021
0.9819295650
0.9980080389
1.0025897242
1.0002661820
0.9966454761
0.9892291668
0.9901754188
0.9943498427
0.9915328389
0.9831335940
0.9792985041
0.9874864955
0.9942261556
0.9931538342
1.0000396633
1.0017037742
0.9843333699
0.9928252759
0.9915225614
0.9828749305
0.9771635516
0.9770599746
0.9788337150
0.9822799867
0.9881777726
0.9988425066
1.0120621064
1.0146901386
1.0055883173
0.9845959128
0.9831436045
0.9842763581
0.9937113758
0.9705639461
0.9531580749
0.9730607388
0.9742287022
0.9863748823
0.9901290280
0.9974455451
0.9969905936
0.9973943445
0.9972122707
0.9913198852
0.9896243786
0.9951979976
0.9951185614
0.9856811090
0.9785427809
0.9815199146
1.0037651172
1.0056552881
1.0046806267
1.0104204818
0.9960322658
1.0004800261
0.9876937050
0.9833889529
0.9895758068
0.9707094283
0.9361821976
0.9235180041
0.9056460485
0.8742925549
0.8554276007
0.8656885778
0.8953447825
0.9173508471
0.9401744573
0.9708402849
0.9950490700
0.9995992451
1.0088540875
1.0151940655
0.9956684187
0.9884671256
0.9822634048
0.9735056205
0.9856659308
1.0077341861
1.0044313560
0.9900267400
0.9895967983
0.9944312236
0.9936887410
0.9982782451
1.0063697015
1.0017430505
0.9947590294
0.9932764983
0.9895950908
0.9825103774
0.9881026986
0.9929273295
0.9989618364
0.9829358390
0.9875139040
0.9910137140
0.9981698268
0.9997847941
0.9890944807
0.9911110034
0.9925597681
0.9896470428
0.9884846448
0.9940508813
1.0030103720
1.0015664595
1.0009709815
1.0057463028
0.9975326007
0.9732920969
0.9950186661
1.0361529561
1.0216984072
1.0021120527
1.0247051617
1.0022675674
0.9987262603
0.9921894111
0.9932775059
0.9885631545
0.9866414842
0.9721971182
0.9304249757
0.8687988085
0.7922531582
0.7154504501
0.6733163992
0.6866147577
0.7505992531
0.8371988597
0.9126678471
0.9616893042
0.9858789785
0.9730812989
0.9746467627
0.9805354365
0.9732684035
0.9726834286
0.9761579913
0.9746694402
0.9920136695
0.9943388167
0.9736650613
0.9615703777
0.9705242052
0.9898491303
0.9954514035
0.9864781495
0.9741310837
0.9670318109
0.9624851892
0.9619553457
0.9658658391
0.9634651347
0.9760198804
0.9775609540
0.9766039236
0.9765452231
0.9873886244
0.9822517433
0.9760115765
0.9824850011
0.9967432331
1.0022448962
0.9973971226
0.9945799519
0.9893955035
0.9806192129
0.9768491158
0.9920638663
0.9964674161
0.9864455318
0.9959244208
0.9932477566
0.9791875435
0.9932784195
0.9899504868
0.9760093398
0.9722076528
0.9756857564
0.9728162659
0.9533277039
0.9504181441
0.9727339348
0.9869100546
0.9803944760
0.9772278491
0.9945735992
0.9949803125
0.9935183704
0.9954529182
0.9936018494
0.9963662577
0.9959947813
0.9826030209
0.9877768420
0.9856138738
0.9704235973
0.9580023484
0.9508780562
0.9548075773
0.9507906960
0.9587309143
0.9762856143
0.9887145687
0.9946551576
0.9895960829
0.9983318835
1.0050491303
0.9999980289
1.0102098674
1.0049809479
1.0156479082
1.0076375075
1.0092735285
1.0025500501
0.9952997041
0.9969476803
0.9955765204
0.9777529177
0.9745518424
0.9803704620
0.9794855570
0.9784048610
0.9801412740
0.9795382433
0.9880669025
1.0087891766
1.0093291217
1.0003085127
0.9980652164
0.9975356404
0.9815639484
1.0026595722
1.0064450777
0.9915050418
0.9858036174
0.9937894537
0.9998146862
0.9864415527
0.9770860258
0.9770256125
0.9903529498
1.0049112393
0.9998886382
0.9925253334
1.0084206911
1.0197123927
0.9998411328
0.9833641243
0.9727595746
0.9654754903
0.9637271288
0.9826697005
0.9963883019
0.9725133869
0.9723510941
0.9865652349
0.9789812406
0.9919265970
0.9979378115
1.0007637968
0.9982427641
0.9920383446
0.9787611583
0.9621184793
0.9672395101
0.9841589819
0.9803135947
0.9740248963
0.9826641554
0.9908369668
0.9961413000
0.9850530195
0.9904760088
1.0048282778
1.0193164062
0.9955683439
0.9749339514
0.9722836153
0.9866293769
1.0054370150
0.9966265853
0.9885048407
0.9866490440
0.9776639434
0.9822819779
0.9916888511
0.9937375747
1.0060082852
1.0039841367
1.0076463545
0.9962400514
0.9810712229
0.9802752947
0.9574870996
0.9210224198
0.9361891752
0.9641132329
0.9744284962
0.9767075997
0.9871137239
0.9841433807
0.9767302293
0.9746423817
0.9707617151
0.9739956486
0.9866325223
0.9912953707
0.9891369890
0.9914753759
0.9983697873
0.9883115238
0.9779100265
0.9880081881
1.0034498016
1.0084549667
1.0028785056
0.9918489046
0.9884849641
0.9938437106
0.9968467138
0.9904235451
0.9843271744
0.9836796940
0.9820237399
0.9787900854
0.9768440500
0.9752548860
0.9793368616
0.9858928412
0.9997259256
0.9840058695
0.9630150915
0.9871123897
1.0093706397
0.9945195525
0.9731412554
0.9741518049
0.9886764317
0.9899685471
0.9907299141
0.9997439528
1.0099675628
1.0027579803
0.9901232064
0.9897853021
0.9919611980
0.9943753952
0.9907149836
0.9846267721
0.9931049870
1.0001607519
0.9953948332
1.0069022841
1.0068207255
1.0090645798
0.9983880973
0.9808100759
0.9683699765
0.9780952394
0.9926484614
0.9919689914
0.9798543287
0.9757493456
1.0002613399
1.0327831210
1.0330326756
1.0083996810
0.9862648471
0.9845228042
0.9888058095
0.9875305036
0.9958207254
0.9941616002
0.9891222143
0.9903580897
0.9895646419
0.9791997282
0.9965332034
1.0050837831
0.9837654903
0.9855325340
0.9987810155
0.9927766614
0.9843925321
0.9942230364
1.0071320425
1.0041008487
0.9943466458
0.9894391584
0.9908570153
0.9840397267
0.9920414652
0.9920260564
0.9827120145
0.9934225025
0.9850520038
0.9662980620
0.9590788463
0.9691286159
0.9950856480
1.0033254863
0.9963879743
0.9912991298
0.9859981882
0.9928433382
1.0077534158
1.0003609707
0.9862849841
0.9778969163
0.9888116603
0.9917326622
0.9799488704
0.9544347941
0.9273134446
0.9187748295
0.9373764838
0.9472632527
0.9416359589
0.9379334945
0.9370249459
0.9429002694
0.9534179941
0.9657761529
0.9790937055
0.9922270650
1.0083896603
1.0176587679
0.9989319967
0.9770306764
0.9837058368
0.9963851996
1.0015033337
0.9727976018
1.0026247223
0.9909662052
0.9758983113
0.9673580274
0.9743386569
0.9828820484
0.9798178915
0.9848160997
0.9893576194
0.9821911705
0.9740436379
0.9779154853
0.9883407867
0.9918690798
0.9786073778
0.9400157324
0.8915739082
0.8363797175
0.7729917374
0.7023098201
0.6754293653
0.6844026533
0.6990367221
0.7534776310
0.8322841296
0.9140715166
0.9556763302
0.9690670066
0.9690082938
0.9788716722
0.9838360007
0.9889757614
1.0005153015
0.9937499898
0.9842736288
0.9847468746
0.9751325497
0.9645194899
0.9831847622
0.9860438810
0.9611438611
0.9597548804
0.9915607690
0.9761049847
0.9761910843
0.9809922225
0.9830970336
0.9729320669
0.9568480568
0.9518311832
0.9533013290
0.9464376798
0.9442643624
0.9628583542
0.9813421445
0.9782475909
0.9647452282
0.9662578765
0.9808749976
0.9933886123
0.9779551007
0.9882381876
0.9797499919
0.9825686232
0.9864037234
0.9924412231
0.9922178739
0.9912480730
0.9854287873
0.9930015542
0.9985046094
0.9805183833
0.9664002246
0.9663101405
0.9600852220
0.9692113826
0.9849188937
0.9828715653
0.9808634069
0.9868613861
0.9886845114
0.9855782413
0.9927108965
0.9932795379
0.9773383294
0.9453462050
0.9416046871
0.9474219953
0.9543681684
0.9555011071
0.9547007073
0.9483750106
0.9352606758
0.9307704452
0.9411587130
0.9575555252
0.9736544123
0.9815414856
0.9847634420
0.9792699407
0.9703668422
0.9844730750
0.9471546202
0.9517026432
0.9632852621
0.9667948565
0.9546256337
0.9696782781
0.9831786598
0.9792072742
0.9673120424
0.9747029205
0.9877916376
0.9862451024
0.9845015666
0.9811221300
0.9789921851
0.9669780682
0.9553864583
0.9587914577
0.9652264109
0.9771875914
0.9740709227
0.9737798382
0.9762519515
0.9970619464
1.0057218674
0.9992602005
0.9882215967
0.9864326374
0.9957810181
1.0065713824
1.0091506109
1.0120479565
1.0127655495
0.9988565320
0.9889195834
0.9647019635
0.9756578493
1.0038377977
1.0088934443
1.0040390197
1.0047312535
1.0087636655
0.9695665665
0.9666524483
0.9704094441
0.9702758065
0.9740103857
0.9831530318
0.9800380303
0.9768363116
0.9881585915
0.9940496917
0.9841660613
0.9782210176
0.9812832249
0.9877782987
0.9943370064
0.9732572355
0.9742552452
0.9590692308
0.9539862794
0.9921324571
0.9945235104
0.9902758012
0.9783529592
0.9662406936
0.9666339209
0.9790307257
0.9922696783
0.9942684360
0.9839403559
0.9771593380
0.9724792288
0.9680169854
0.9799378272
0.9742336678
0.9933790439
1.0043604163
0.9898707275
0.9920929004
0.9899049610
1.0041862841
1.0010045223
0.9915068093
0.9993435088
1.0120079318
1.0071230839
1.0039316172
1.0064653991
1.0094303576
0.9968255222
0.9934864467
1.0043235526
0.9945776897
0.9929166651
0.9966156063
0.9951106588
0.9904766881
1.0068195683
0.9951361899
0.9999012576
0.9946031001
0.9982022633
0.9932888331
0.9944030153
1.0002207275
0.9960829493
0.9878720787
0.9888791701
0.9978992234
0.9942124551
0.9903361240
0.9871305630
