#flux
0.9668392869
0.9593625420
0.9559585706
0.9497991991
0.9436181940
0.9508435412
0.9591452471
0.9613477572
0.9646584757
0.9630312018
0.9576541515
0.9597283528
0.9604776132
0.9667418902
0.9761283382
0.9702121458
0.9656440792
0.9608089472
0.9576283243
0.9792780383
0.9886390043
0.9757694900
0.9613042412
0.9551604957
0.9521543150
0.9527743282
0.9512238766
0.9486223758
0.9440806765
0.9340263201
0.9340586070
0.9478805559
0.9613059621
0.9619679833
0.9587027180
0.9665875652
0.9630663488
0.9632426921
0.9602765311
0.9534486057
0.9456667263
0.9442320576
0.9539456350
0.9635847735
0.9557142940
0.9416747483
0.9466005531
0.9666800362
0.9720942672
0.9611947583
0.9565424792
0.9508260757
0.9445440807
0.9374593248
0.9193218613
0.9182423101
0.9334026292
0.9174811469
0.9190436086
0.9268007370
0.9383168322
0.9375477742
0.9249941691
0.9256282306
0.9385985845
0.9425637517
0.9353070197
0.9215921331
0.9077657252
0.9060467154
0.9117059462
0.9108741480
0.9155324138
0.9302385665
0.9329781705
0.9374164512
0.9273670532
0.9163766190
0.9205069319
0.9280980842
0.9328478646
0.9288754647
0.9231878563
0.9259775748
0.9235824468
0.9104258018
0.9036545796
0.8894708103
0.8679564313
0.8691560872
0.8806107082
0.8772801748
0.8696386445
0.8730180423
0.8800859776
0.8979550166
0.9141420740
0.9020369487
0.8951617515
0.9105992779
0.9085313976
0.9054859526
0.9183240327
0.9266388932
0.9257252245
0.9263118106
0.9317426178
0.9184212841
0.8922615705
0.8868400796
0.8979034715
0.9067470738
0.9083856412
0.9039908771
0.8972251565
0.9023254312
0.9139131714
0.8906135412
0.8804847641
0.8927820010
0.8977878795
0.9079091430
0.9224874892
0.9295246789
0.9304280671
0.9190675746
0.9077913138
0.9064181670
0.9122425184
0.9159089886
0.9040682035
0.8854028534
0.8814157394
0.8839081345
0.8823373854
0.8870302715
0.8818821398
0.8876545694
0.8820518336
0.8731659982
0.8797079621
0.8917617355
0.8908380882
0.8779076133
0.8691055621
0.8684499619
0.8639038314
0.8594430114
0.8586458324
0.8533431460
0.8455144522
0.8420800071
0.8440703303
0.8467476633
0.8515799341
0.8550476394
0.8458766009
0.8312108324
0.8077784997
0.7999338215
0.8010856557
0.8074025761
0.8146746542
0.8100217308
0.8043199889
0.8083626538
0.8076201107
0.8025595665
0.8068224077
0.8121241525
0.8087874677
0.8081350522
0.8079644349
0.7948804343
0.7722204889
0.7623896057
0.7790908159
0.7936803081
0.7689070431
0.7553635829
0.7591167414
0.7656393583
0.7778298088
0.7715248797
0.7526766456
0.7434984115
0.7446071420
0.7383532056
0.7225996721
0.7179356229
0.7265015552
0.7311299917
0.7367306338
0.7286073545
0.7171984441
0.6958604155
0.6769619219
0.6496397456
0.6096012164
0.6014102487
0.6083002893
0.5759601603
0.5277473600
0.4874915057
0.4445103113
0.3877006556
0.3303212299
0.2904187758
0.2655417045
0.2440793728
0.2290610803
0.2233660814
0.2164250255
0.2168121704
0.2152066727
0.2202575993
0.2279840233
0.2406315280
0.2565046829
0.2735569153
0.2987709443
0.3364025448
0.3764445465
0.4135278429
0.4587911771
0.5056452054
0.5520602586
0.5885997062
0.6142173244
0.6371842831
0.6563678838
0.6709880112
0.6800271536
0.6809756267
0.6877780577
0.7054192660
0.7274908471
0.7360638112
0.7530285108
0.7451581803
0.7343910394
0.7352129596
0.7427636002
0.7528322795
0.7600270589
0.7626700508
0.7597736694
0.7650600483
0.7789405381
0.7845071934
0.7842002642
0.7907944869
0.7958454242
0.7930771383
0.7899459574
0.7975428970
0.8193898254
0.8356690939
0.8258188819
0.8240458617
0.8162607517
0.8184356595
0.8241877222
0.8283956832
0.8346820582
0.8421940440
0.8447073675
0.8385405827
0.8300580529
0.8398411456
0.8477645756
0.8314498797
0.8400176616
0.8431494309
0.8499170282
0.8625361999
0.8616627530
0.8501388384
0.8532232346
0.8651943372
0.8586074817
0.8557823187
0.8811267046
0.8957930148
0.8870465892
0.8723170632
0.8708155823
0.8807955915
0.8917080320
0.8966167345
0.8907625492
0.8812862693
0.8829491220
0.8867405996
0.8866736135
0.8969011891
0.8975272562
0.8929452875
0.8899210334
0.8959776925
0.9017210026
0.9046866999
0.9071229447
0.9005642717
0.8976592574
0.9083244645
0.9220966706
0.9246867088
0.9145172497
0.9065469479
0.9111967763
0.9159133158
0.9056600281
0.8881234566
0.8874446088
0.8970798105
0.8784534341
0.8649974670
0.8434510912
0.8146143527
0.7957677858
0.7867499717
0.8121433741
0.8491166956
0.8739609764
0.8854721544
0.8953880101
0.9123369412
0.9209377096
0.9147800599
0.9162877387
0.9282116470
0.9316448726
0.9338762042
0.9198268163
0.9015275571
0.9053091051
0.9284346850
0.9369366780
0.9210285844
0.9121511528
0.9134150536
0.9191220258
0.9256117463
0.9356093084
0.9426886401
0.9371575167
0.9225482066
0.9199656906
0.9387877053
0.9577689511
0.9547832617
0.9383850326
0.9279714525
0.9256891582
0.9387778128
0.9465575622
0.9347757723
0.9274712060
0.9426709856
0.9476858411
0.9513836935
0.9529593162
0.9461988138
0.9455803686
0.9553972142
0.9579319939
0.9539675036
0.9441322963
0.9348411280
0.9300242172
0.9268914674
0.9337040180
0.9373864138
0.9400940778
0.9418365983
0.9431446936
0.9383251962
0.9195152632
0.9101698888
0.8987412522
0.9108827787
0.9253744535
0.9414163177
0.9557953549
0.9655841109
0.9639694266
0.9527322232
0.9468041775
0.9511428560
0.9528926623
0.9505586177
0.9586772557
0.9668761993
0.9538987477
0.9487446722
0.9535671067
0.9446557188
0.9527635945
0.9581929425
0.9561844288
0.9607202722
0.9607021125
0.9429885094
0.9285481319
0.9391836025
0.9547705365
0.9590047392
0.9534942227
0.9525473604
0.9627835046
0.9636217031
0.9488343699
0.9389104612
0.9024466990
0.8572918797
0.8402867428
0.8533002341
0.8858140295
0.8964651927
0.9028135422
0.9243579041
0.9580891669
0.9615629075
0.9587775329
0.9529342146
0.9527306133
0.9621736943
0.9654419661
0.9650702609
0.9778848572
0.9883637196
0.9754844157
0.9566966246
0.9388671558
0.9353651095
0.9571508150
0.9750821158
0.9748151199
0.9691160366
0.9814814425
0.9846060357
0.9868661056
0.9920798544
0.9827137424
0.9664660411
0.9612689522
0.9593204083
0.9625811197
0.9585590337
0.9402991570
0.9345300111
0.9446985804
0.9534875137
0.9718490960
0.9789336663
0.9742302097
0.9840369060
0.9979056251
0.9875433497
0.9676399736
0.9554830083
0.9683054827
0.9878437026
0.9934070355
0.9894283979
0.9890238546
0.9802102036
0.9703495062
0.9738743044
0.9862597308
0.9978764806
0.9991610053
0.9847419056
0.9730542688
0.9842834195
0.9921099131
0.9884836123
0.9772058210
0.9498868423
0.9579727070
0.9846884903
0.9930076081
0.9863977667
0.9845301508
0.9873704206
0.9883808234
0.9855053731
0.9811659794
0.9794701383
0.9796727222
0.9851451303
0.9915327409
0.9843730812
0.9857645850
0.9812522965
0.9864611192
0.9975338286
0.9864948980
0.9709235590
0.9761870063
0.9787352860
0.9689531235
0.9932597417
1.0376231121
1.0204987611
1.0038538594
0.9948401108
0.9828920530
0.9774889977
0.9799796641
0.9763567783
0.9647268749
0.9735437207
0.9932911028
0.9867823551
0.9662106551
0.9508612326
0.9536854633
0.9773323151
0.9742943252
0.9725460861
0.9653654481
0.9576653058
0.9468686465
0.9664350567
0.9858622265
0.9980170942
1.0003271092
0.9908787694
0.9784860392
0.9718957727
0.9768467845
0.9908547687
1.0012885667
1.0006143312
0.9917965603
0.9872990593
1.0180533332
1.0210606133
1.0103785136
0.9877937426
0.9769695846
0.9799528351
0.9797170995
0.9764303956
0.9756431198
0.9725446266
0.9664863825
0.9697798828
0.9838672685
0.9900308578
0.9849851121
0.9863447774
0.9908744279
0.9958349184
0.9921724834
0.9792682855
0.9867768741
0.9660957669
0.9556018434
0.9630388565
0.9659391117
0.9629441775
0.9668214357
0.9793083111
0.9859600620
0.9831189391
0.9830618813
0.9805651384
0.9839186198
0.9950644606
1.0039374774
1.0151291764
1.0011930311
0.9957263009
0.9855591590
0.9657938337
0.9642675215
0.9781030533
0.9926769723
1.0008871239
1.0033616583
0.9988015426
0.9889226540
0.9890348061
0.9759969438
0.9625864326
0.9734634547
1.0007041796
1.0191518584
1.0168650324
1.0016791474
0.9828782175
0.9610842664
0.9559312672
0.9714450080
0.9700060546
0.9670755802
0.9887050727
0.9972761467
0.9880131367
0.9660397272
0.9385719180
0.9179166142
0.9274738751
0.9368695944
0.9425807035
0.9451865774
0.9439253276
0.9533879536
0.9686061170
0.9761523790
0.9861046660
0.9905051033
0.9924043492
0.9963587737
0.9994530926
0.9983058337
0.9764697700
0.9808061769
0.9815445216
0.9993885757
0.9899043647
0.9707926940
0.9544985054
0.9401567457
0.9400933933
0.9564578806
0.9747461699
0.9814169687
0.9812987414
0.9832168276
0.9850919435
0.9909709498
0.9962959115
0.9816129007
0.9622010789
0.9662368314
0.9966358110
0.9950937584
1.0028859238
1.0148342163
0.9954863837
0.9711196094
0.9756866021
0.9810088664
0.9767816667
0.9879836416
0.9994799012
0.9918142862
0.9796412225
0.9701741391
0.9618507243
0.9722242060
0.9952698345
0.9985345376
0.9979384792
0.9885716154
1.0025422333
0.9790147837
0.9790864438
0.9906311818
0.9884193935
0.9963344527
0.9992387840
0.9929576591
0.9965307765
1.0057779046
1.0001906881
0.9859941927
0.9794751797
0.9755311893
0.9735149128
0.9882767452
1.0071083644
1.0078500904
0.9964063763
0.9890913225
0.9945452931
0.9965990637
0.9871884861
0.9949332023
0.9964524762
0.9925212588
0.9898625579
0.9879316036
0.9904353893
0.9850947815
0.9732286798
0.9728524704
0.9859469536
0.9988277296
1.0034444748
0.9954562631
0.9770612885
0.9665972419
0.9699308046
0.9745198063
0.9945995843
1.0201355203
1.0215581138
1.0145241498
0.9969892241
0.9808298351
0.9734638891
0.9589054545
0.9531885589
0.9572429910
0.9531375986
0.9370673620
0.9116414632
0.8673955173
0.8074218422
0.7670322592
0.7652291055
0.7721520046
0.7921797215
0.8477487513
0.9038156300
0.9509730719
0.9731810526
0.9801496425
0.9951522655
1.0025681236
0.9991247585
0.9814211416
0.9556334167
0.9178433832
0.8706534763
0.8331350508
0.8144822624
0.8150579878
0.8452625068
0.8990731723
0.9442629540
0.9751729286
0.9876245706
0.9879713846
0.9600272503
0.9599814118
0.9685978060
0.9891545992
0.9894131749
0.9795286461
0.9736194916
0.9852403246
0.9940249252
0.9977721392
0.9952500455
0.9942987239
1.0043762011
1.0175437411
1.0208079808
1.0137713094
1.0081370897
1.0051680302
1.0018474636
1.0039808904
1.0017285286
0.9947893684
1.0029702925
0.9950953071
0.9994639670
1.0003741200
0.9957593230
0.9824695691
0.9773907558
0.9802679131
0.9904959103
1.0003235231
1.0089612322
1.0165801470
1.0129548785
1.0047570655
1.0027394501
0.9987593147
0.9906037862
0.9929965522
0.9911967351
0.9797317376
0.9939768269
1.0061161200
1.0060523299
1.0055586287
1.0115621507
1.0069162229
0.9880088110
0.9813328975
0.9836176757
0.9687859945
0.9389831712
0.9154781402
0.9081458069
0.9175511691
0.9399584644
0.9700248504
0.9775487925
0.9816275112
1.0052974546
1.0049448120
1.0083017312
1.0279219943
1.0199807527
0.9932296530
0.9706763610
0.9575545981
0.9524634863
0.9447793900
0.9465123747
0.9638436699
0.9817885970
0.9898553089
0.9915661707
0.9958113414
1.0060043346
1.0072616912
1.0018047270
0.9839486734
0.9633312006
0.9709175312
0.9710701223
0.9793874012
0.9943887058
1.0102937156
1.0070117988
0.9946900553
0.9907152257
0.9983760446
1.0048414558
0.9997305391
0.9937119293
0.9987904481
1.0113227099
1.0176661166
1.0071837975
1.0009817187
1.0045967964
1.0182319269
1.0132393868
1.0207884771
1.0139474114
0.9970552692
1.0014431290
1.0135376616
1.0234428420
1.0061133567
1.0048949113
1.0015768641
0.9865200230
0.9807325399
0.9857314224
0.9904177473
0.9905319573
0.9863899202
0.9889118410
0.9948738780
0.9959296868
1.0048711767
1.0040761801
0.9844963295
0.9937175711
0.9964763186
0.9863199748
0.9933208639
0.9910530529
0.9941630817
0.9946926965
0.9951975156
0.9943177826
0.9998189332
1.0054358385
1.0000772230
1.0031715490
1.0197845062
1.0184210946
1.0115216957
1.0028585611
0.9952463992
0.9905919680
0.9903231208
0.9992655208
0.9880350927
0.9895820969
1.0082667965
1.0152551391
1.0131500692
1.0076274502
1.0021887765
1.0053821771
1.0104554905
1.0082065470
1.0019761830
0.9984328872
1.0002110782
1.0012248160
0.9932330926
0.9924975561
0.9869655978
0.9853721466
0.9936012898
0.9855507622
0.9832288520
0.9919115896
0.9846050519
0.9807396266
0.9696602641
0.9559912294
0.9331630225
0.9125294277
0.9031805895
0.9120685003
0.9367902513
0.9618862734
0.9831576084
1.0024985714
1.0074671666
1.0011269958
0.9969326577
0.9975609355
0.9938080629
0.9895101738
0.9852486697
0.9734512797
0.9820598320
0.9943142592
0.9865728608
0.9829318741
0.9942140012
0.9931553764
0.9861613803
0.9927101138
1.0027294416
0.9978886583
0.9828522796
0.9838394630
1.0097642601
1.0221324112
1.0253249862
1.0069658658
1.0054326487
0.9998997979
1.0084084980
1.0170624350
1.0098927909
0.9942020854
0.9907512548
0.9779557745
0.9799318285
0.9912426643
0.9848061736
0.9674092774
0.9601062593
0.9684751728
0.9911737933
1.0179691362
1.0287040088
1.0214910007
1.0116539123
0.9967338952
0.9867259425
0.9956633672
0.9915909525
0.9887502103
0.9931530079
1.0031971307
0.9965298956
0.9939089006
1.0033953527
0.9957576098
0.9945940848
0.9972881164
0.9867972421
0.9859311617
0.9966653295
0.9972006226
1.0017744407
1.0019570085
0.9957280473
0.9983913270
1.0101171112
0.9845973247
0.9440872931
0.9164930011
0.8931658435
0.8938850672
0.8914563795
0.9164876717
0.9522722722
0.9762746314
0.9903418892
0.9943369170
0.9895936998
0.9840188210
0.9834818384
0.9864061748
0.9838261912
0.9881518499
0.9993702525
1.0059905196
1.0021710261
0.9999752754
0.9924702161
0.9783472326
0.9791163849
0.9757146206
0.9771353844
0.9792887775
0.9958416178
1.0129860642
1.0184287838
1.0254545191
1.0342722265
1.0258104565
1.0070053649
1.0006521004
0.9991440119
0.9952038209
0.9882455030
0.9933180327
0.9896376679
0.9799052845
0.9663517477
0.9838937185
1.0028812881
0.9868579675
0.9887157238
0.9881306944
0.9992731023
1.0080639513
1.0116347018
1.0094939449
0.9965146189
0.9856482466
0.9861236386
0.9920320362
1.0057803569
1.0063233009
0.9962259950
0.9937877196
0.9969061345
1.0026827426
1.0061557570
1.0132734599
0.9975212504
1.0035711176
1.0142061000
1.0167901620
1.0093433765
1.0000258606
0.9954089014
0.9891848710
0.9788995218
0.9709509701
0.9695372686
0.9743848289
0.9810696303
0.9852220122
0.9869794334
0.9834314363
0.9706532032
0.9603603560
0.9657033695
0.9635092502
0.9652075196
0.9837620062
0.9878479436
0.9808932128
0.9833968201
0.9889859948
0.9980694679
0.9992910773
0.9944741431
0.9967331934
0.9983881631
0.9972704109
1.0034693221
0.9987746867
0.9978028181
1.0077893323
1.0027300528
0.9990480744
0.9882143515
1.0008824034
1.0185896524
1.0177330517
1.0287639220
1.0087563808
0.9908847207
0.9925885101
0.9955481014
0.9974165374
0.9987079012
1.0050862920
1.0163856668
1.0120621507
0.9923100883
0.9755359842
0.9842098355
1.0017948215
0.9821029071
0.9905790026
1.0160575995
0.9922790709
0.9841978199
0.9974170129
0.9995033210
0.9868935142
0.9877596479
0.9948966824
1.0016161745
1.0111734403
1.0103643181
1.0081193773
1.0190194283
1.0256583438
1.0213686807
1.0062694648
0.9940760937
0.9867536479
0.9895686308
0.9831263416
0.9936207971
1.0030503780
1.0033945411
0.9946430245
0.9852785004
0.9866983203
0.9831382932
0.9828615112
0.9881211853
0.9935183848
0.9975207394
1.0040603215
1.0125284855
1.0142235105
1.0009760099
0.9774521824
0.9752355729
0.9880646789
0.9938350273
0.9972533105
0.9876556183
0.9862382444
0.9919824987
1.0002372389
0.9988711358
0.9926068420
0.9968282666
0.9968634125
0.9940653065
0.9958879148
0.9924832571
0.9914796425
1.0065508104
1.0187458290
1.0121291472
1.0006097038
0.9981717924
1.0151079533
1.0167838144
1.0005337470
0.9981456480
0.9945912412
1.0125897078
1.0240943624
1.0164586176
1.0137819614
1.0030961529
0.9920007847
0.9970988767
1.0125771106
1.0193441600
1.0194029902
1.0259947982
1.0294360145
1.0181970190
1.0093892033
1.0072574276
1.0057619989
1.0078651281
1.0212244698
1.0120709049
1.0019056019
0.9850304765
0.9782253433
0.9870922682
0.9947667928
0.9998549471
1.0026624457
0.9993427603
0.9933972770
0.9901114516
1.0011065879
1.0147477112
1.0100814608
1.0051442863
1.0088526002
1.0084225897
1.0062758230
1.0000541359
0.9963495005
1.0013760526
0.9981231220
0.9951659135
0.9978405157
0.9983023266
1.0018857383
0.9984558334
0.9898855725
0.9919001440
0.9978694964
0.9971613582
0.9995855797
1.0074101705
1.0233871356
1.0540370985
1.0602025089
1.0320672417
1.0109865995
0.9931822115
0.9983463802
1.0038775827
1.0065672213
1.0188864283
1.0313723760
1.0283816611
1.0291424059
1.0249605319
1.0111535091
0.9958477372
0.9825884467
0.9872268821
1.0027811259
1.0084919385
1.0098472190
1.0093542856
0.9903059570
0.9664654127
0.9753907166
0.9973088044
1.0002890044
1.0004952336
1.0047636313
1.0089448895
1.0086367517
1.0027020057
1.0061931106
1.0069971621
0.9838465038
0.9677331506
0.9789659819
0.9966800063
1.0005463282
0.9970145268
0.9973252171
1.0016483889
1.0087520157
1.0123369739
1.0087165559
1.0118094756
1.0152142591
1.0039514745
0.9984131592
1.0038139196
1.0107826609
1.0298957771
1.0335152349
1.0248520370
1.0201051189
1.0233499662
1.0204723083
1.0062664037
0.9937877823
0.9862151192
0.9908379419
1.0118842311
1.0174310487
1.0134167824
1.0087068050
1.0022754325
1.0153322767
1.0253788939
1.0070393696
1.0084772421
1.0158726663
1.0109340007
0.9983381334
0.9837138758
0.9806306028
0.9800260806
0.9682668149
0.9600551056
0.9636070881
0.9777233855
0.9949013948
1.0002456096
1.0008800170
1.0049985363
1.0123868408
1.0185061557
1.0177026599
1.0029794239
0.9962313691
0.9952207625
0.9873487607
0.9851132846
0.9962116200
0.9979943174
1.0051200445
1.0026662956
0.9986476119
0.9937755667
0.9929461342
0.9951236341
0.9940559604
0.9988529403
1.0052650859
1.0041513184
1.0012924318
0.9849389837
0.9774874819
1.0086056005
1.0068390187
1.0145513824
1.0355285116
1.0366652746
1.0331782405
1.0287158579
1.0069578741
0.9778370728
0.9676070774
0.9767193396
0.9926282107
1.0077912094
1.0089716030
0.9943039790
0.9901947214
0.9999560997
0.9990742816
1.0054387031
1.0065891298
1.0118908435
1.0089543819
0.9977511298
1.0011912060
1.0116667031
1.0073570194
1.0074197711
1.0090609691
1.0076080728
1.0030530526
0.9938960971
0.9887725330
0.9931397806
0.9926458802
0.9881969387
0.9983087396
1.0037280940
0.9979022003
0.9930250500
1.0031737748
1.0041914850
0.9865137927
0.9697370330
0.9915262520
1.0035069849
0.9929217517
0.9808481555
0.9833027288
0.9871684520
0.9874640251
0.9929681271
0.9953958015
0.9998740255
1.0074759731
1.0019040316
0.9938459377
0.9925079929
0.9972863851
0.9966845166
0.9874586134
0.9763568698
0.9785339109
0.9937927521
0.9929503881
0.9832613515
0.9716554278
0.9608648298
0.9602762733
0.9514498206
0.9465855671
0.9333165165
0.9089280946
0.8842157223
0.8612267867
0.8536771950
0.8743193763
0.9014642809
0.9195884031
0.9379179878
0.9375931010
0.9241457754
0.9325053242
0.9581406249
0.9619061185
0.9711762626
0.9715576517
0.9750207572
0.9804551291
0.9726206052
0.9815987169
0.9927541958
0.9923036744
0.9858725463
0.9810520319
0.9771161484
0.9656289146
0.9616654552
0.9695083344
0.9781078361
0.9815200134
0.9952911112
0.9828133410
0.9745215372
0.9763254032
0.9837508940
0.9978452726
1.0025319052
0.9999272546
0.9882011439
0.9823955816
0.9901777938
0.9877019561
0.9754399031
0.9719848765
0.9774414769
0.9868287336
0.9937751059
1.0000141766
0.9968515210
0.9948222256
0.9952948967
0.9736474034
0.9406033900
0.9305753284
0.9321578833
0.9665803258
0.9898322163
1.0015669993
1.0120846649
1.0162314161
1.0103291929
0.9942404097
0.9927750923
1.0101202448
1.0127769731
1.0033989116
1.0040490170
0.9932203076
0.9975542268
1.0169267481
1.0253799585
1.0046184097
1.0010152301
0.9969600346
1.0061546499
1.0107972492
1.0046162775
1.0000556968
0.9874514717
0.9800977972
0.9798544198
0.9931527908
1.0079064124
1.0099508396
1.0018810404
0.9912436429
0.9947928970
1.0034934785
1.0036997177
0.9982324097
0.9983259995
0.9920281239
0.9850041632
1.0059959961
1.0155358636
1.0245107605
1.0268990510
1.0315811992
1.0194152082
1.0002362591
0.9828432295
0.9698049837
0.9578442819
0.9553655808
0.9657399616
0.9704103795
0.9632359242
0.9575707227
0.9875780415
1.0167365571
1.0162391050
1.0181046902
1.0156081152
1.0183798289
1.0153939404
1.0012039687
0.9933764532
0.9962607124
1.0032126921
1.0050264893
1.0100447108
1.0000835093
0.9818072933
0.9902189614
1.0136129355
1.0098006382
0.9895302645
0.9912038887
0.9990489653
1.0055465089
1.0016293615
1.0113862460
0.9958998733
0.9931451944
0.9958480405
0.9988965280
1.0138532820
1.0168501602
1.0029331793
0.9973987621
0.9963146853
0.9983700508
1.0033271035
0.9966552574
0.9856847227
0.9931444452
1.0071154738
1.0149322448
1.0257687421
1.0197914986
1.0035152061
0.9982075083
0.9904909245
0.9903295037
0.9823411365
0.9823528399
0.9977417451
1.0065155573
0.9997251231
1.0006618470
1.0060421184
0.9973561706
0.9895436087
0.9872203331
0.9724416366
0.9390879953
0.8866182495
0.8347575536
0.8149001242
0.8192092488
0.8500195552
0.8900039801
0.9354577969
0.9803535607
0.9906816226
0.9975597464
1.0098878689
1.0043285427
0.9916673452
0.9921228811
0.9923589338
0.9835843003
0.9830492355
0.9954220634
1.0015632543
0.9958918065
0.9951666592
1.0064476595
1.0156503729
1.0041628685
0.9888536682
0.9833400789
0.9646951695
0.9866686620
1.0133204218
1.0174188304
1.0070054342
0.9931566922
0.9834335695
0.9957709527
1.0127180739
1.0252096706
1.0296887259
1.0195601189
1.0046365408
0.9897594898
0.9769358484
0.9884424375
0.9913519995
0.9950274122
0.9893197852
1.0084904050
1.0012013531
1.0002061846
0.9968977602
0.9933568348
0.9984892018
0.9943284384
0.9877791464
0.9907112278
1.0035969635
1.0023767063
0.9913131621
0.9891963550
0.9975526440
1.0123903833
1.0245702411
1.0211334929
1.0104880797
0.9977282433
0.9862926120
0.9803668229
0.9823028091
0.9759104914
0.9809478344
0.9899965458
0.9798999978
0.9728445279
0.9885983941
0.9968257996
0.9947904390
1.0011620561
0.9970929030
0.9844566020
0.9844579468
0.9862267061
0.9839903439
0.9897516053
0.9946528733
1.0060781236
0.9927650767
0.9810811839
0.9952650974
1.0147960871
0.9841470604
0.9737334964
1.0052672181
1.0156539926
1.0135682059
1.0076431091
1.0080320593
1.0120398849
1.0103415974
1.0023319065
0.9883578495
0.9736406246
0.9681124803
0.9695054300
0.9808370865
0.9942679653
1.0062787220
0.9966281877
0.9943568241
0.9893036509
0.9900615699
0.9759847982
0.9729977012
0.9933553618
1.0033286298
0.9914379720
0.9795174799
0.9845905126
0.9949869299
0.9966122656
0.9869237210
0.9784862440
0.9865718007
0.9966391999
0.9899044907
0.9810461326
0.9874057759
0.9730446254
0.9878632399
0.9963405407
1.0010945430
1.0070267531
1.0089240619
1.0145101601
1.0064569487
0.9907610094
0.9841091528
0.9881412304
0.9903963619
0.9895669903
0.9990175323
1.0035622938
0.9980163560
1.0156275725
1.0162115517
1.0030716115
0.9994212620
0.9982027381
1.0015867914
0.9919241050
0.9897202021
1.0034096480
0.9994906653
0.9918478108
0.9933212287
0.9909206557
1.0007776468
1.0041535939
0.9979064811
0.9899477480
0.9853940500
0.9876411659
0.9873341657
0.9840685414
0.9917656148
0.9984777152
1.0178396608
1.0134054678
0.9857198642
0.9791018523
0.9669487343
0.9560598947
0.9776941841
0.9857203505
0.9686093762
0.9680571253
0.9715982602
0.9788098226
0.9977123713
1.0105663147
1.0032417630
0.9908735152
0.9882798857
0.9930720487
1.0086151276
1.0283179195
1.0150994142
1.0015759987
1.0036097729
1.0048520595
1.0121866740
1.0034300470
1.0150083998
1.0265720566
1.0109496942
1.0030344242
0.9936603296
0.9910314837
1.0008111516
1.0050489168
1.0007151110
0.9939396188
0.9810768264
0.9760780651
0.9897837401
0.9970521542
1.0107366623
1.0155508678
1.0158798312
1.0010345643
0.9799225347
0.9606827864
0.9660620282
0.9898410114
1.0101686467
0.9996807694
0.9933176568
0.9951734877
0.9936869812
0.9817845338
0.9647573808
0.9664024299
0.9917854611
1.0105766305
1.0080792621
0.9911269129
0.9835749366
0.9844439535
0.9977025353
1.0077212866
0.9975365014
0.9740821242
0.9758978894
0.9816030016
0.9803617873
0.9938255913
0.9787220459
0.9584714353
0.9673944567
0.9925111686
1.0006729052
0.9913048257
0.9877398047
0.9979442096
1.0174204582
1.0232384981
1.0104598794
0.9883640639
0.9705860415
0.9585557343
0.9787837865
1.0008614711
1.0020923961
0.9892434608
0.9817860876
0.9985579349
0.9918759092
0.9787208604
0.9795147540
0.9854824837
0.9969312993
1.0054451109
0.9958469335
0.9891289830
0.9961788904
0.9880291438
0.9903038043
0.9951524832
0.9809935864
0.9876728037
0.9873569829
0.9831982091
0.9885918161
0.9820737803
0.9799127880
0.9796591198
0.9777410694
0.9855501421
0.9931088372
0.9906046250
0.9876816234
0.9917931957
0.9916834637
0.9844592537
0.9879663033
0.9927868316
0.9864884782
0.9821265272
0.9774252766
0.9657472794
0.9767993894
0.9730488271
0.9666460615
0.9410324486
0.9668550341
0.9734367904
0.9789886288
0.9904950167
0.9879635862
0.9757939664
0.9717483685
0.9733744199
0.9774805557
0.9963602660
1.0228839841
1.0304723215
1.0156213381
1.0030425843
0.9949521372
0.9913683015
1.0024910877
0.9975653943
0.9957053438
0.9920684296
0.9979057974
0.9939565380
0.9916211833
0.9854367684
0.9900893185
0.9982265361
0.9911255340
0.9796606854
0.9779270410
0.9741596808
0.9673757868
0.9820168961
1.0010916188
0.9809263224
0.9765282960
0.9674145210
0.9306166165
0.8785017507
0.8533602221
0.8158887224
0.7936003755
0.7994235436
0.8413030728
0.9016595004
0.9506886236
0.9699438828
0.9747220246
0.9791478526
0.9862960025
0.9996428795
0.9997867546
0.9807432932
0.9768864045
0.9774867899
0.9760443037
0.9633569086
0.9700304605
0.9762977993
0.9792335059
0.9890310096
0.9968830186
0.9915779119
0.9940875785
0.9882693031
0.9863739067
0.9929775487
0.9851457352
0.9695126818
0.9716127792
0.9846236844
0.9906498818
0.9901731947
0.9939896174
0.9862296908
0.9776748529
0.9806170090
0.9981179524
0.9865489603
0.9918169664
0.9809302730
0.9796143481
1.0057098394
1.0045590279
0.9906006473
0.9796238976
0.9799953212
0.9872262442
0.9833249643
0.9770464694
0.9856642894
0.9845544390
0.9681630562
0.9761460569
0.9810029878
0.9816825666
0.9939646652
0.9941148920
0.9736567965
0.9811478836
0.9837745363
0.9850986324
0.9852739186
0.9765221103
0.9684972021
0.9874750911
0.9880785151
0.9789788477
0.9754980383
0.9642567402
0.9581458639
0.9575716002
0.9625828613
0.9663933787
0.9811641650
1.0016823757
0.9939923218
0.9917878781
0.9812693845
0.9790812443
0.9913531272
0.9940580359
0.9926166074
0.9928025790
0.9924453809
0.9886649837
0.9871907624
0.9847101377
0.9806494415
0.9829351680
0.9887548782
0.9821629442
0.9618984333
0.9595059444
0.9666581956
0.9728918617
0.9922355288
0.9786768848
0.9493122898
0.9604505010
0.9920553615
0.9965674474
0.9852150102
0.9890533812
0.9977918836
1.0005053465
1.0020076983
0.9939261327
0.9940125862
1.0121439350
1.0177148124
1.0065994097
1.0038111885
1.0182763574
1.0229642658
1.0180807137
1.0133772316
0.9908594979
1.0030487640
1.0140063049
0.9882871829
0.9772147473
0.9887025316
1.0046006271
0.9997020710
0.9861933686
0.9875244724
1.0002658640
1.0044228467
0.9990657141
0.9968490442
0.9935298794
0.9829805839
0.9803578361
0.9849719864
0.9828082194
0.9932921218
0.9919040260
0.9889749475
0.9762354858
0.9661863923
0.9937680103
0.9942547030
0.9756224783
0.9766006760
0.9788258368
0.9722708340
0.9660078473
0.9680094389
0.9784763453
0.9886828802
0.9869049600
0.9749612289
0.9725367370
0.9769958375
0.9863976607
0.9885129798
0.9764238231
0.9938990718
0.9834715543
0.9792078922
0.9723385428
0.9793899363
0.9968744455
1.0042200065
0.9967429529
0.9893902340
0.9949836895
0.9888112572
0.9770677934
0.9879543852
1.0077196111
1.0321858125
1.0441278220
1.0212652133
1.0063411225
1.0026751409
1.0098384950
0.9868062971
0.9785111131
0.9853785632
0.9939727455
0.9984995775
0.9859126958
0.9868777526
0.9900873985
0.9828525539
0.9894189368
0.9990274037
0.9935949070
0.9829531800
0.9759371725
0.9816653415
0.9823336920
0.9703016195
