#flux
1.0120155181
1.0179879879
0.9926564214
0.9825873379
0.9951882934
0.9832854786
0.9693758553
0.9753287828
0.9629261647
0.9313019637
0.9200276451
0.9355510777
0.9463710168
0.9632955641
0.9813671294
0.9549497073
0.9732394795
0.9927307828
0.9865727407
0.9821557564
0.9888374087
0.9902227736
0.9995916884
0.9783979233
0.9538476636
0.9345048217
0.9147505079
0.9053202561
0.9077726583
0.9156756804
0.9308410650
0.9459454062
0.9400844676
0.9381489118
0.9477690262
0.9224463552
0.9458112145
0.9492444980
0.9475961676
0.9751395849
0.9975686297
0.9805857472
0.9802274484
1.0101732730
1.0133333816
0.9740936948
0.9633630388
0.9757223426
0.9683547848
0.9787742140
0.9937566856
0.9671155940
0.9828009233
0.9742615725
0.9460446254
0.9467306248
0.9740483746
0.9524810573
0.9276072980
0.9369939693
0.9407677581
0.9339030323
0.9402807910
0.9589694294
0.9790583124
0.9752846055
0.9467019929
0.9052810119
0.8700100411
0.8619631065
0.8575062079
0.8353160751
0.8601141872
0.9207207309
0.9453613158
0.9591176661
0.9872425808
0.9811397527
0.9950189501
1.0109613708
0.9600943773
0.9379258835
0.9682300779
0.9695360903
0.9458359363
0.9358007373
0.9224602069
0.8950431835
0.8687676689
0.8495826202
0.8500638860
0.8636188253
0.8426848011
0.8320402563
0.8820010016
0.9218204616
0.9398856449
0.9434768725
0.9278788724
0.8986288559
0.8611798701
0.8181824383
0.8168622264
0.8726619401
0.8897167270
0.8978851230
0.9257902519
0.9396982414
0.9343976833
0.9332914145
0.9328665867
0.9106402567
0.8815623145
0.8862885311
0.9083207822
0.9037181990
0.8914907522
0.9049419108
0.9272178892
0.9211455832
0.9000190057
0.9036733349
0.9200234700
0.9374901171
0.9387021271
0.9157016304
0.9098783290
0.9168610143
0.9047748623
0.8848283518
0.8796711080
0.9000933096
0.9260859835
0.9141498425
0.8875157836
0.9037048316
0.9312520507
0.9367819457
0.9291579342
0.9329522493
0.9163088868
0.8998415678
0.9348503435
0.9535425093
0.9340629515
0.9366095554
0.9225105526
0.9087548175
0.9096284070
0.8973655953
0.9055743335
0.9319441822
0.9616209157
0.9729893182
0.9322539874
0.9423464645
0.8958399657
0.9003615459
0.8874845781
0.8449898511
0.8203939557
0.8289471786
0.8656688525
0.8912883879
0.8602829480
0.8525836193
0.8816504111
0.8861207705
0.8542173293
0.8375135308
0.8572155041
0.8697969817
0.8607177097
0.8396791214
0.8207462663
0.8166390665
0.8077780481
0.7842295611
0.7611347626
0.7995881111
0.8612210320
0.8771917136
0.8664965507
0.8716645537
0.8836562740
0.8763355407
0.8769147207
0.8950230858
0.9016258429
0.8973376669
0.8915872363
0.8788504418
0.8883548210
0.8903899182
0.8551947569
0.8346354763
0.8648348396
0.8560722488
0.7966253362
0.7748924307
0.7588212309
0.7221122742
0.6837267516
0.6214583004
0.5486695718
0.4705064158
0.3756865246
0.2857467632
0.2379279986
0.2125768097
0.1811059696
0.1593323079
0.1454497038
0.1562243596
0.1310521513
0.1479564637
0.1856690117
0.1891200725
0.1960556861
0.2495519634
0.3103881974
0.3841540110
0.4449314995
0.4895313641
0.5303892166
0.5847776421
0.6413757712
0.6843904900
0.7195655296
0.7457529234
0.7471151432
0.7544837633
0.7969736672
0.7901867819
0.7931359728
0.8128207529
0.8356690527
0.7819350083
0.7763978500
0.8377657861
0.8768494950
0.8726176751
0.8628772942
0.8407041590
0.8461345589
0.8576629629
0.8428494792
0.8399912968
0.8546344113
0.8560882300
0.8492636674
0.8537267443
0.8823547858
0.9071212221
0.8868318110
0.8667498146
0.8477827221
0.8558967158
0.8447484100
0.8673597735
0.8945634799
0.8968724453
0.8921453501
0.8887323890
0.8891226586
0.9128387649
0.9391027098
0.9286841224
0.9156667270
0.8915644089
0.8567566698
0.8745729746
0.8905106673
0.9037752430
0.9102651558
0.8905493209
0.8801220310
0.9259162731
0.9390617935
0.8891502848
0.9057079066
0.9160579720
0.9263692636
0.9422532213
0.9287777854
0.9212724746
0.9294028703
0.9259275804
0.9100504474
0.8985813945
0.9128096715
0.9233539366
0.8997176389
0.9501085977
0.9769984370
1.0056599932
1.0094273177
0.9724907263
0.9670524696
0.9541559559
0.9072877112
0.9245153136
0.9654370883
0.9611974402
0.9466921064
0.9301806092
0.9172476483
0.9215915055
0.9343911743
0.9376550975
0.9398941963
0.9545008157
0.9608649469
0.9419474853
0.9184539843
0.8898842209
0.8616321672
0.8232317033
0.7627598806
0.7130067377
0.6955303426
0.7136899505
0.7565276419
0.8225173585
0.8771420428
0.8930210287
0.9108996987
0.9288150511
0.9400755974
0.9509228436
0.9478850839
0.9361294308
0.9307077514
0.9128435170
0.9142448565
0.9299487201
0.9243115053
0.9293802925
0.9714292971
0.9515692615
0.9274306563
0.9176250739
0.9048720665
0.9233188653
0.9286615084
0.9312565778
0.9249172345
0.9155241421
0.9202876815
0.9337550197
0.9375317840
0.9236467099
0.8991566627
0.8919484608
0.9137183598
0.9022939735
0.9825064217
1.0156310779
0.9555428060
0.9719413729
0.9711968371
0.9365829883
0.9208059790
0.9333814102
0.9594751023
0.9543770654
0.9513125991
0.9324847103
0.9174655314
0.9234814999
0.9279788613
0.9301085494
0.9377970051
0.9491833230
0.9418178464
0.9299560790
0.9277515958
0.8967029787
0.8252313054
0.7533354278
0.7358314872
0.7827782293
0.8673087746
0.9041201660
0.9032797162
0.9228391446
0.9416670069
0.9352135457
0.9327248853
0.9520227331
0.9683081574
0.9770998722
0.9834801618
0.9777600282
1.0065979181
0.9849408808
0.9435782658
0.9522552913
0.9704804921
0.9527958299
0.9520971159
0.9287140062
0.8464965548
0.7912115187
0.8126687089
0.8203117724
0.8198169406
0.8504709873
0.8968345029
0.9279937856
0.9544905798
0.9614967995
0.9211879616
0.8940385732
0.8788385777
0.8236036419
0.7577993083
0.7429474123
0.7532725793
0.8003750548
0.8541658275
0.8728668127
0.9279894082
0.9413233832
0.9536498257
0.9748461100
0.9737593714
0.9498820264
0.9439352622
0.9579268789
0.9551163756
0.9470014028
0.9635731997
0.9789033411
0.9836617201
0.9626841981
0.9126683380
0.9228474750
0.9465171186
0.9753253356
0.9669799304
0.9666227358
0.9721386021
0.9523619645
0.9322537422
0.9436785234
0.9582901444
0.9659015263
0.9601685440
0.9651334954
0.9613388884
0.9511963919
0.9619459909
0.9396978627
0.9413203045
0.9478864799
0.9697262529
0.9930617267
0.9863689353
0.9765142349
0.9740645634
0.9429167967
0.9333628430
0.9293260540
0.9391294188
0.9551994894
0.9313052585
0.9095738730
0.9245801236
0.9602507330
0.9753327557
0.9545473889
0.9300957726
0.9243112436
0.9336116483
0.9569419484
0.9649216685
0.9461967977
0.9715448602
0.9986272889
0.9566406714
0.9302651992
0.9388291526
0.9702795138
0.9806907117
0.9819522441
0.9825159237
0.9678684469
0.9479605925
0.9449013944
0.9468371172
0.9502260484
0.9836340613
1.0163234834
0.9927353027
0.9913025402
1.0082710440
0.9753573115
0.9657794631
0.9918152640
0.9880943823
0.9371335297
0.8949882769
0.9000050284
0.9202063184
0.9215647604
0.9183779080
0.9343125270
0.9730611297
0.9805815483
0.9637070688
0.9508754026
0.9431012866
0.9558821544
0.9424775973
0.9270517426
0.9159047667
0.9068229569
0.8904383671
0.8748004393
0.8889054468
0.8789819843
0.8739171751
0.8767012863
0.9233058298
0.9727195135
0.9776382279
0.9639785409
0.9721596986
0.9974303943
0.9982591071
0.9692417308
0.9515244668
0.9572237409
0.9621025075
0.9650079710
0.9838011381
0.9934323544
0.9586404710
0.9186056767
0.9506157439
0.9613103104
0.9445193566
0.9328422995
0.9515741147
0.9539889690
0.9446752128
0.9339171019
0.9286673796
0.9529315154
0.9923242901
0.9944612611
0.9680321910
0.9541713860
0.9402138024
0.9573430227
0.9859219000
0.9505942489
0.9680624483
0.9496762770
0.9124746931
0.9236534952
0.9109887829
0.8940678992
0.9084245324
0.9209168161
0.9433755241
0.9832806740
0.9850520124
0.9717854647
0.9774962907
0.9709671304
0.9583554837
0.9583664252
0.9367743249
0.9446243938
0.9657069646
0.9584637113
0.9693696968
0.9959330085
0.9933419472
0.9676123464
0.9836393577
0.9902155659
0.9494171218
0.9501158599
0.9782177399
0.9723170328
0.9769027830
0.9951613550
0.9784729451
0.9600073021
0.9696301740
0.9586236143
0.9479571553
0.9778697938
0.9745982895
0.9662699138
0.9578460141
0.9472385162
0.9663832046
0.9649490547
0.9037859530
0.8514791255
0.8179908765
0.8119740654
0.8131353791
0.8570704619
0.9015671667
0.9287774958
0.9521760636
0.9734920198
0.9674269048
0.9300201464
0.9334237998
0.9878648154
0.9919480268
0.9699516111
0.9663361001
0.9565108915
0.9456596133
0.9562661293
1.0214111055
0.9989759500
0.9758650491
0.9759827835
0.9614016160
0.9539267110
0.9623378077
0.9657230337
0.9654297557
0.9635845221
0.9711091934
0.9920918338
0.9911139534
0.9800789853
0.9713771970
0.9650786205
0.9926440689
1.0074615908
0.9278066610
0.9220225085
0.9827775423
0.9572165711
0.9617464341
0.9722557102
0.9796762587
0.9758311040
0.9735075072
0.9836871488
0.9812179789
0.9669416445
0.9659949700
0.9639864425
0.9554918143
0.9742960471
0.9839073897
0.9570399452
0.9697138171
0.9671936630
0.9602273570
0.9838650971
0.9500617268
0.9581334348
0.9713640126
0.9773689977
0.9586197887
0.9895821053
0.9800552467
0.9441328434
0.9490763171
0.9961931817
1.0200927461
0.9752458192
0.9228006260
0.9241755777
0.9587900186
0.9977587563
1.0187018249
1.0123211669
0.9895037897
0.9408210449
0.9337514099
0.9397489738
0.9442958237
0.9685437062
0.9384344222
0.9356996470
0.9357673219
0.9522059450
0.9768539351
0.9881141179
1.0006659325
1.0105149355
1.0019620886
0.9853945464
0.9551700146
0.9303294667
0.9555916941
0.9480491643
0.9583115545
0.9960365721
0.9697760870
0.9789065722
0.9598552545
0.9518134020
0.9121737065
0.8705992212
0.8574730763
0.8607082441
0.8754428526
0.8722571893
0.8160542629
0.7194388978
0.6239882147
0.5753827081
0.5966617892
0.6621137592
0.7382776396
0.8209914311
0.8959447047
0.9396819165
0.9151803131
0.9477581724
0.9347624234
0.9158448347
0.9584341883
0.9347682701
0.8551640553
0.7512189924
0.6604985407
0.6304331690
0.6808292428
0.7662982074
0.8338753642
0.8959170886
0.9316798355
0.9431629583
0.9781979448
0.9964614911
0.9594963475
0.9390728241
0.9373568855
0.9665634472
0.9443709008
0.9490420625
0.9822820614
0.9949062972
0.9953507022
0.9777937283
0.9720101170
0.9598318627
0.9425423932
0.9624767510
0.9875534670
0.9824386459
0.9711799720
0.9564087287
0.9742955393
1.0009544610
0.9765774685
0.9645913407
0.9645860912
0.9364470879
0.9592169360
0.9564471295
0.9582191493
0.9821441143
0.9855866610
0.9792866547
0.9635523028
0.9677281329
0.9931513152
1.0044879611
0.9927933575
0.9619387376
0.9555537979
0.9727128106
0.9862511678
0.9905512377
0.9268855020
0.9101851253
0.9528751849
0.9933205065
0.9929769229
0.9666881927
0.9736443696
0.9902009400
0.9659606414
0.9069456506
0.8508398629
0.8433062354
0.8305729396
0.8128733677
0.8453573730
0.8797015713
0.9508082748
0.9681870657
0.9432353272
0.9895121205
1.0113849736
0.9550098757
0.9361218407
0.9930600512
0.9569066715
0.9441100698
0.9423590764
0.9202171920
0.8902223645
0.8610087919
0.8469536473
0.8575179298
0.8886622396
0.9290603420
0.9483942877
0.9270879909
0.9161777075
0.9427168067
0.9183157583
0.9148530532
0.9416081259
0.9507893016
0.9906113010
0.9953016856
0.9492413752
0.9453229621
0.9664637000
0.9854601991
0.9955796466
1.0090462904
0.9960603424
0.9747398426
0.9659177860
0.9606657797
0.9734857403
1.0058663812
1.0160417394
0.9915925616
0.9701739597
0.9963801848
1.0339488444
1.0070374724
0.9980084621
0.9836434739
0.9733176507
0.9698885018
0.9751698990
0.9710211197
0.9775723733
1.0063703309
1.0030762020
0.9599142429
0.9413605598
0.9602093934
0.9812759867
1.0000410625
1.0079543148
1.0050303727
0.9897806162
0.9726701129
0.9616184843
0.9979373231
0.9938422134
0.9700573347
0.9469231897
0.9623864165
0.9968470242
1.0016951077
0.9867960761
0.9710742162
0.9757077961
0.9785515147
0.9762835681
0.9706546861
0.9626837158
0.9844665106
1.0085681960
0.9741506301
0.9444417004
0.9642687647
0.9594318524
0.9965717852
0.9774258259
0.9853124207
0.9998804951
0.9969579970
0.9472875383
0.9467070054
0.9518444914
0.9914042596
1.0110596125
0.9882497971
0.9728150769
0.9708594905
0.9604595944
0.9579747346
0.9745672878
0.9948993057
0.9940097921
0.9739641870
0.9670862898
0.9588112125
0.9445595854
0.9617650559
0.9592429673
0.9395350298
0.9488458076
0.9189945936
0.8849371271
0.8850851101
0.8840349054
0.8627465798
0.8801787779
0.9305038363
0.9620268416
0.9821978880
0.9913209468
0.9987263618
0.9996981712
0.9677004917
1.0091329237
0.9878593614
0.9767418962
0.9498168624
0.9479824850
0.9542712308
0.9605544369
0.9566896728
0.9719141937
1.0047143602
0.9984777526
0.9622785982
0.9470806449
0.9631884641
0.9828724396
0.9865550996
0.9797995320
0.9661213289
0.9426501206
0.9588400456
0.9849032599
0.9900294230
0.9959086500
1.0077478405
0.9788474452
0.9846707072
0.9739558076
0.9812984509
0.9576860481
0.9385965678
0.9270084095
0.9353254070
0.9547394727
0.9615841224
0.9652153054
0.9649257404
0.9430276431
0.9360275191
0.9577309948
0.9564524390
0.9447345897
1.0117991756
0.9995448101
0.9707909651
0.9433346657
0.9288436877
0.9016839108
0.8997640462
0.9227934508
0.9593581812
0.9816649341
0.9922655708
1.0112376160
1.0190831692
0.9961884289
0.9653789157
0.9488395851
0.9484321245
0.9529257929
0.9549877136
0.9595041153
0.9080525138
0.8548114928
0.7910128345
0.7628413005
0.7442332849
0.7407684752
0.7971224262
0.9017635380
0.9459647212
0.9518613195
0.9284652381
0.9249578483
0.9276461922
0.8991133562
0.8836736740
0.8992782564
0.9389653008
1.0009828859
0.9976584211
0.9856458659
0.9792309921
0.9715664645
0.9868653679
0.9528149573
0.9845402570
0.9755406762
0.9657339534
0.9969681541
1.0284081227
1.0410628326
1.0178471669
0.9972932484
1.0028986684
1.0216843330
1.0280739477
0.9970693111
0.9688323063
0.9786274011
0.9801725566
0.9641269332
0.9338435512
0.9698601134
1.0125218408
0.9909981959
0.9975457463
1.0111952289
0.9928616830
0.9671124896
0.9515318220
0.9365193403
0.9439983995
0.9630809128
0.9574871454
0.9325531263
0.9202385558
0.9413913133
0.9828952829
0.9904803291
0.9967818984
0.9986987510
0.9858454463
0.9829413834
1.0300301559
0.9981120318
0.9945850424
1.0180385790
1.0007989720
0.9945272562
0.9785594595
0.9925237239
0.9859603029
0.9703694593
0.9476716464
0.9228037008
0.9276573323
0.9253165425
0.9099708232
0.9452271413
0.9527408026
0.9312834005
0.9086943631
0.9351712778
0.9090280240
0.9027775549
0.9456844842
0.9422753117
0.9511409150
0.9574481870
0.9906682530
1.0256211023
1.0045394906
0.9667838308
0.9565070381
0.9587430820
0.9658104346
0.9862182605
0.9924871076
0.9537513876
0.9169516055
0.9273460104
0.9597474646
0.9762690609
0.9761435006
0.9802045526
1.0059643145
1.0074812808
1.0011797694
1.0025252521
1.0030593901
0.9858084634
0.9899992170
1.0099660038
1.0181551393
1.0133477084
1.0018183512
0.9943405825
0.9939086510
0.9847188423
0.9953246189
1.0037133930
0.9977595432
1.0081723333
0.9994155622
1.0065832578
1.0111392496
0.9913407757
0.9867818042
0.9709129162
0.9564885638
0.9627401747
0.9768234143
0.9812465786
0.9899694570
0.9882694425
0.9665201155
0.9673300002
0.9917737785
0.9964004482
1.0001165480
1.0083052945
1.0009876932
0.9820995910
0.9698623129
1.0192142952
1.0140355498
0.9769235123
0.9769506182
0.9928312188
0.9753372541
0.9969703292
1.0240102411
1.0034654287
0.9853958074
0.9786427086
0.9628304080
0.9641223611
0.9807938657
0.9923673500
0.9982455974
1.0409294356
0.9929016478
1.0014439013
0.9752478293
0.9843199635
0.9737096418
0.9902956989
1.0205329144
0.9954062922
0.9920439515
1.0145809488
0.9860399426
0.9748480944
1.0044164969
1.0183625394
1.0225049144
1.0090151109
0.9866007085
1.0282727103
0.9981963542
0.9956866995
0.9769511844
0.9866012053
0.9758017667
0.9924808443
0.9948726957
1.0057445701
1.0330644390
1.0390167437
1.0054378548
0.9957045391
1.0189818479
1.0239845115
1.0262109034
1.0288194733
1.0043573872
1.0044065424
1.0272837452
0.9746239514
0.9419332568
0.9210816948
0.9912817670
1.0041972217
0.9824042131
0.9908781585
0.9685824508
0.9901490895
1.0138979602
0.9869433194
0.9817300139
0.9771962209
1.0004537138
1.0290514331
1.0203710889
0.9939801686
0.9859243876
0.9870004820
0.9958694291
1.0179968887
0.9968089234
0.9834457845
1.0117135403
1.0121860233
0.9941403181
1.0059656132
0.9913728974
0.9598179957
0.9995546158
1.0113296403
1.0062949226
0.9865957711
0.9802610364
0.9937893290
1.0219735212
1.0198575388
1.0170867602
1.0328304904
1.0086258325
0.9821057019
0.9785308804
0.9896128164
1.0061924197
0.9896280749
1.0211711903
1.0218845771
1.0031843655
1.0268486110
1.0203961581
1.0171890646
1.0340113981
1.0552896950
1.0434089768
1.0115910462
0.9978361952
0.9951073278
0.9634799336
0.9460802290
0.9925565240
1.0205907443
0.9966323852
0.9855297278
1.0204733612
0.9718814917
0.9946128218
1.0088132712
0.9951091786
0.9673073594
0.9299235190
0.9131343741
0.8536417176
0.8600850025
0.8729453044
0.9197332959
0.9854689392
1.0215770389
1.0150746549
1.0093047638
1.0112995921
0.9803634521
0.9832135684
1.0034318185
1.0175202604
1.0045773190
0.9865022186
1.0112088727
1.0310562813
1.0146471060
1.0031860244
0.9756067341
0.9582550238
0.9740778425
0.9960047858
0.9933846721
0.9779234617
0.9710754680
0.9825484665
1.0068988493
1.0219969597
1.0175334877
1.0008863139
0.9688276152
0.9733702518
0.9956322348
0.9942319655
0.9857203075
0.9996298148
1.0162114595
1.0526739175
1.0101961545
0.9582588768
0.9348917626
0.9068093224
0.9051520496
0.9177297219
0.9157891056
0.9465787902
0.9986755856
1.0069083894
0.9929762665
0.9804378864
0.9915655083
1.0081169647
1.0133102181
1.0131135242
1.0064249576
1.0066526654
0.9849999850
1.0070107530
1.0290682402
1.0244793266
1.0041275711
0.9909450629
1.0048463466
0.9887299016
0.9594188720
0.9695773780
0.9890195123
0.9748206205
0.9706697379
1.0087730902
1.0173821891
1.0276033605
1.0420861909
1.0039450217
0.9973038475
1.0117513322
1.0352652926
1.0151873325
1.0329961603
0.9691487667
0.9550376431
0.9602850074
0.9374885556
0.9442843603
0.9577514829
0.9659905444
1.0026409530
1.0323512148
1.0316308157
1.0210842340
0.9672990683
0.9915487015
0.9757933847
0.9956426829
1.0141240649
0.9936852026
1.0004821031
1.0033423324
0.9914169590
0.9938904140
1.0131672810
1.0028041195
1.0033589553
1.0228827341
1.0055686911
0.9733579958
0.9682630577
0.9701590159
0.9704223493
0.9698373849
0.9437579828
0.9307492100
0.9598013703
0.9802914814
1.0017828789
0.9721711608
0.9625292400
0.9856718614
1.0151976886
1.0040041842
0.9903353822
0.9737692604
0.9798989066
1.0042869617
1.0129120112
1.0179862181
1.0111072697
0.9862692588
0.9911547479
1.0226499234
1.0384563340
1.0293547513
1.0273679794
1.0384934854
1.0353818420
1.0178720683
1.0214401697
0.9598552147
0.9144177004
0.8855230540
0.8798242739
0.8779781066
0.8784654387
0.8719312837
0.8214188587
0.7766190612
0.7721146895
0.8050854014
0.8570841458
0.8725960027
0.8818569352
0.8651626834
0.8581857552
0.8742254462
0.9004983224
0.9460393032
0.9760839369
0.9759179823
0.9900727791
0.9943559072
1.0099996763
1.0264143994
1.0274941421
1.0299939471
1.0156519319
0.9817627728
0.9467796545
0.9238254366
0.9144310235
0.9156342799
0.9485645437
0.9971550531
0.9926415247
0.9877262665
1.0010319920
1.0267453223
1.0255694418
0.9938144898
0.9447836645
0.9874927272
1.0296276186
1.0273836443
1.0246209884
1.0354252972
1.0107623821
1.0159777885
1.0255029338
1.0037653544
1.0049728443
1.0021416832
1.0047253877
1.0195100388
1.0375349240
0.9969900375
0.9904728114
1.0045488009
1.0353888706
1.0269316332
1.0236823433
1.0286309054
1.0092517434
1.0114259147
1.0332858604
1.0281800342
1.0273991869
1.0485193918
1.0530519932
1.0434385575
1.0445334856
1.0355354356
1.0141708624
1.0005006182
0.9813067173
0.9277198153
0.9435414996
1.0063524892
0.9827620128
1.0141617687
1.0264128353
1.0021052117
1.0074146046
1.0046542448
1.0102268865
1.0345098019
1.0452833754
1.0390647575
1.0187156945
1.0073051981
1.0240347058
1.0242432144
1.0020736471
1.0176902074
1.0229356507
1.0313878671
1.0303311623
1.0171668061
1.0321402521
1.0750779326
1.0252578434
0.9865687803
0.9612335230
0.9712889234
0.9659286768
0.9610310840
0.9313159914
0.8942081061
0.8832424875
0.8955451766
0.8988008647
0.9229754529
1.0046417781
1.0125925239
1.0465626646
1.0465643827
1.0220785031
1.0202736311
1.0340959838
1.0123314496
1.0127848782
0.9982292921
0.9826890583
0.9949260228
1.0117330228
1.0295528649
1.0475642459
1.0601646867
1.0325604025
1.0106455971
1.0366095944
1.0310395919
0.9992582851
1.0168836251
0.9942093521
1.0274051673
1.0005805750
1.0345086767
1.0606110620
1.0264956198
1.0434450523
1.0264133064
1.0028142732
1.0245603901
1.0196592013
1.0234499926
1.0542772921
1.0808699879
1.0535257893
1.0033393682
0.9951279968
1.0225729236
1.0435424377
1.0251276600
1.0022979485
0.9877815327
0.9990344518
1.0019319530
1.0167854905
1.0621788001
1.0538871496
1.0336442273
1.0003258828
0.9840348107
1.0041728214
0.9790880870
0.9939412898
0.9972139772
0.9491895311
0.8778292423
0.7871518071
0.7172438726
0.7076953579
0.7230614754
0.7697834079
0.8618628825
0.9519135342
1.0259748592
1.0321935083
1.0461828140
1.0540277119
1.0216724027
1.0043174646
1.0054695836
1.0207683531
1.0257217858
1.0186994782
1.0265091924
1.0196803443
1.0100423940
1.0099728184
1.0192118449
1.0491930363
1.0261357239
1.0200059312
1.0146258739
1.0163297732
0.9936855198
1.0134106666
1.0425094382
1.0586930260
1.0801276347
1.0496703590
1.0032715874
1.0333975336
1.0427277384
1.0205682911
1.0083384679
0.9863987672
0.9555557123
0.9556121604
0.9850524253
1.0073469188
1.0127035409
1.0221762127
1.0243183891
1.0253129840
0.9632780038
0.9617717312
1.0077160085
1.0200763909
1.0213765748
1.0215464421
1.0130695627
1.0049489807
0.9689440313
1.0095030721
1.0100188627
0.9588636413
0.9472039969
0.9713885191
1.0089163071
1.0408247501
1.0317472489
1.0363156266
1.0461883779
1.0079646098
1.0157798911
1.0399298643
1.0409425731
1.0301157058
1.0254114190
1.0023400207
1.0023059083
0.9805893223
0.9692443437
0.9850974699
0.9781631250
0.9787634898
0.9921598797
0.9816992789
0.9820701218
1.0223357501
1.0428851552
1.0320928362
1.0464932367
0.9984285773
0.9908876913
0.9878073834
0.9947903624
0.9791302539
0.9815822671
1.0052407228
1.0103098035
1.0242496971
1.0156053459
1.0151151040
1.0201119808
1.0126853083
1.0022349101
1.0082045883
1.0080778012
1.0124718727
1.0548011924
1.0333040390
1.0177828436
1.0029645590
1.0279230446
1.0848349717
1.0560307622
1.0068706608
1.0148369034
1.0252710168
1.0268733905
1.0103338212
0.9930218956
1.0043699333
1.0110325148
1.0033005147
1.0239582637
1.0463599744
1.0089136545
0.9101289006
0.8134685676
0.8363982281
0.9214997613
0.9546528522
0.9461894834
0.9952415879
0.9951301408
1.0226608009
1.0498556609
1.0460311724
1.0370615736
1.0193811582
0.9901714408
0.9706075022
0.9920019014
1.0361281805
1.0470971319
1.0432960347
1.0560223934
1.0620360396
1.0584578111
1.0290058103
0.9776674511
0.9920042577
1.0237649828
1.0449371471
1.0410781174
1.0220983862
0.9994634462
1.0344442437
1.0521988786
1.0292854194
1.0269701751
1.0409352040
1.0296167059
1.0023473805
1.0045028122
1.0357045666
1.0477979335
1.0340990959
1.0333579555
1.0510235344
1.0783356624
1.0608240979
1.0295598209
1.0046372097
0.9706026751
0.9956663875
0.9792385990
0.9940305524
0.9945745436
0.9954257483
0.9708966615
0.9741919030
1.0008442289
1.0179554952
1.0365331785
1.0410115395
1.0249063502
1.0290912568
1.0320161020
0.9922161852
0.9865297687
1.0248952317
1.0069209215
0.9933123037
1.0017487711
0.9954784864
0.9685892159
0.9913420809
1.0397403196
1.0349766956
1.0504378293
1.0440953154
1.0184373076
0.9996498571
1.0102477167
1.0101041586
0.9836494051
0.9753445341
0.9934278975
1.0234079420
1.0393123097
1.0529468506
1.0522132959
1.0255380386
1.0104066189
1.0052504336
1.0216083582
1.0038285711
1.0098623109
1.0349836765
1.0206615332
1.0240370805
1.0063491428
1.0084306861
1.0297166489
1.0233246265
0.9968321496
0.9797418785
0.9885708718
1.0097869473
0.9950560100
1.0229762998
1.0158296434
1.0125395909
1.0388968173
1.0434665734
1.0391836103
0.9987496509
1.0408193469
1.0099685889
1.0014662339
1.0088762156
1.0108701519
0.9997990801
1.0061698729
1.0367653537
1.0649279307
1.0580769807
1.0226484870
1.0116761033
1.0178800351
1.0445719898
1.0547087959
1.0005171639
1.0039357541
1.0293036761
0.9813975103
0.9860405785
1.0030606914
1.0258594912
1.0083742051
1.0028642347
0.9992705358
0.9603871903
0.9779129030
1.0034675119
1.0048594483
1.0229390890
1.0121159586
0.9927863651
0.9969848906
1.0235478104
1.0286666962
1.0085361761
1.0084532745
1.0136526381
0.9708824789
1.0205234763
1.0418541382
1.0401891898
1.0187778355
0.9852212947
1.0021219199
1.0327816616
1.0303257039
0.9958248955
0.9736324128
0.9818570006
0.9893190953
0.9856396639
0.9848203684
1.0045421518
0.9857587811
0.9854585993
0.9916368131
1.0085171094
0.9637147436
0.9402238628
0.9513864273
0.9222963615
0.9305014779
0.9660303614
0.9846123206
0.9682815175
0.9530848212
0.9551169038
0.9781925668
1.0035801860
1.0034741399
1.0036495427
1.0088958929
0.9958864802
1.0250875318
1.0683764280
1.0363762631
1.0396227799
1.0458563188
1.0396826709
1.0131778214
0.9953747366
0.9854305212
0.9890231810
1.0095615664
0.9864995742
0.9531252400
0.9371601293
0.9506067028
0.9630632671
0.9432054637
0.9439502816
0.9561664752
0.9366399354
0.8776032491
0.8308214433
0.7737297144
0.6978085317
0.6688501200
0.6761998564
0.7177390934
0.7984267564
0.9022952231
0.9746359715
0.9790846275
0.9946231654
0.9786394492
0.9653388161
0.9995904907
1.0153961371
0.9907502886
0.9698279033
0.9538478927
0.9688966167
0.9980154935
0.9916025471
1.0118866577
1.0346402042
0.9939976913
0.9862183962
1.0246089908
1.0317140632
1.0100167414
1.0040468966
0.9932016875
0.9717305169
0.9694866888
0.9695326976
0.9555210578
0.9605028529
0.9893793603
0.9962274027
0.9657964803
0.9414575277
0.9995244579
1.0061427360
0.9791050683
0.9622322946
0.9518045274
0.9236359711
0.9372987957
0.9838110308
1.0052034978
0.9858078365
0.9855937631
1.0016946242
1.0053776157
0.9933608999
0.9817203222
0.9835901405
1.0004486571
0.9833742383
0.9193493083
0.9404557868
0.9683292625
0.9787368489
0.9931028274
0.9781992516
0.9452074015
0.9234822973
0.9552321720
0.9518252110
0.9486762976
0.9779255377
0.9783008638
0.9558410583
0.9386247118
0.9473390733
0.9576919826
0.9348311795
0.9229553173
0.9403850348
0.9317850146
0.9478924762
0.9481784127
1.0067394762
1.0144883708
1.0144719530
0.9958651141
0.9662181153
0.9367287643
0.9134128050
0.9488177368
0.9621263938
0.9724942701
0.9623281191
0.9660339459
0.9671881077
0.9517320539
0.9557882696
0.9767401647
0.9737064380
0.9584049307
0.9632292256
0.9652743423
0.9450179682
0.9626855049
0.9720060471
0.9652900647
0.9652308006
0.9626972495
0.9901765945
0.9726829054
1.0166991629
1.0025300086
0.9872191647
1.0335256797
1.0546924968
1.0327605241
1.0042052090
0.9752683166
0.9738397061
0.9885659523
0.9790747088
1.0175701425
0.9989833937
1.0010196855
0.9908889117
1.0071005338
1.0121948281
0.9738781333
0.9374780579
0.9394929340
0.9782967324
0.9774335518
0.9837335582
1.0013709240
1.0293238966
1.0280192032
1.0246614863
1.0444277903
1.0417667872
1.0233551786
1.0032605308
0.9953516637
0.9765013697
1.0268156867
0.9994449061
0.9388595063
0.9525596119
0.9782995085
0.9742913463
0.9758616245
1.0064740104
1.0075714775
1.0044239618
0.9900709119
0.9980728681
0.9964817148
0.9776396602
0.9841204079
0.9982022229
0.9982819426
0.9982770572
0.9773798506
0.9751690100
0.9648221122
1.0070271505
1.0078059450
0.9835754742
1.0082769160
0.9850274680
0.9499278993
0.9831649319
0.9740715220
0.9913416738
0.9857056449
0.9723510154
0.9832979070
0.9980765560
1.0136392188
1.0181980742
1.0001060004
0.9909762877
0.9476939171
0.9474609132
0.9758519770
0.9947260730
0.9272477566
0.9560147615
0.9758125072
0.9651158220
0.9761211828
0.9850890944
0.9961597509
0.9756196812
0.9869152387
1.0133777947
1.0112590730
0.9938836503
1.0040307600
1.0160691394
0.9906339428
