#flux
1.0074737533
1.0066665390
1.0008577605
0.9764849572
0.9590642322
0.9498301021
0.9768484367
0.9932673372
0.9781258816
0.9731811126
1.0010554607
1.0248992164
1.0153854527
0.9976493932
0.9767555033
0.9750175610
0.9819773904
0.9834282034
0.9860659697
0.9876851817
0.9841723443
0.9788006792
0.9724648606
0.9705731211
0.9581589639
0.9345602268
0.9159791385
0.8932704187
0.8916873537
0.9036191291
0.9080143303
0.9463333151
0.9932980363
1.0078643090
0.9983689837
0.9833343949
0.9737784081
0.9717775297
0.9741959332
0.9759238735
0.9647359271
0.9369322121
0.9259908513
0.9573646170
0.9790766592
0.9890083715
0.9984191033
0.9905496387
0.9774327019
0.9734864681
0.9609124650
0.9472113136
0.9402191225
0.9636954463
0.9761412266
0.9680002156
0.9636365463
0.9658491462
0.9623726138
0.9593913660
0.9671339968
0.9721091659
0.9685748695
0.9767595025
0.9760782816
0.9734610860
0.9536482211
0.9364980880
0.9112354743
0.8534194658
0.8104356732
0.8060035169
0.8243101587
0.8709182125
0.9139515092
0.9412709764
0.9596030055
0.9687315657
0.9644776370
0.9510617739
0.9397581040
0.9362319909
0.9402688872
0.9529770146
0.9448929154
0.9241244360
0.9069413188
0.9124253371
0.9194014593
0.8998356231
0.8748870786
0.8579150324
0.8587695139
0.8861178725
0.9164620421
0.9249814334
0.9203655553
0.9102302357
0.8838797763
0.8403977801
0.7950579187
0.7657985608
0.7763738652
0.8286464008
0.8745856146
0.9203083460
0.9449370721
0.9500414872
0.9604695217
0.9774302188
0.9783895465
0.9541201057
0.9241067754
0.9075642407
0.9087160680
0.9191250950
0.9342132227
0.9562475574
0.9767746010
0.9813913998
0.9754241249
0.9712063362
0.9647243360
0.9698455487
0.9897460188
0.9909858959
0.9924402096
1.0002364338
0.9979638589
0.9854013792
0.9641925795
0.9357111911
0.9344674692
0.9504770819
0.9403658615
0.9250074490
0.9225950894
0.9325175738
0.9454802493
0.9523786568
0.9557051753
0.9538564446
0.9449536156
0.9473822820
0.9452536692
0.9572784682
0.9630879238
0.9471139689
0.9570551957
0.9633487745
0.9495193655
0.9502374251
0.9616259323
0.9639528026
0.9799951750
0.9738458000
0.9580230584
0.9421344320
0.9202116527
0.9035138542
0.9004521126
0.9088251832
0.9207425136
0.9314379337
0.9455632276
0.9512838442
0.9647079615
0.9586836612
0.9383048970
0.9229694750
0.9120905031
0.9099807342
0.9168946761
0.9169936324
0.9049992140
0.8835346588
0.8613704685
0.8504419251
0.8518474022
0.8615237050
0.8817818881
0.9091691482
0.9274039375
0.9280242438
0.9232271213
0.9238800096
0.9236229379
0.9240837797
0.9114477118
0.9144462162
0.9061412042
0.8949610872
0.8938922303
0.8866672431
0.8621909342
0.8416366319
0.8357306756
0.8332461970
0.8215499393
0.8009960824
0.7738256430
0.7410867226
0.7110696865
0.6740081775
0.6169560530
0.5503780215
0.4901414464
0.4233203292
0.3531903122
0.3003494831
0.2606389149
0.2360379552
0.2283828339
0.2321589494
0.2395234151
0.2464394100
0.2573736961
0.2813076063
0.3174333191
0.3569454831
0.4014788371
0.4573219881
0.5133149384
0.5635287764
0.6276855400
0.6815346876
0.7311975754
0.7950164856
0.8426497377
0.8460824375
0.8127111848
0.7980812777
0.8023173155
0.8122023675
0.8301147999
0.8634253362
0.8992183447
0.9115350724
0.8974435608
0.8843450908
0.8898267363
0.9050002984
0.9232081577
0.9406519223
0.9480016623
0.9502828319
0.9496426609
0.9589414242
0.9600267532
0.9540491810
0.9505915963
0.9374829218
0.9235757492
0.9208096544
0.9180295102
0.9059384162
0.8869555910
0.8670466936
0.8571950435
0.8668718034
0.8909230861
0.9134796665
0.9264169004
0.9351810480
0.9382546256
0.9267484052
0.9386655270
0.9499390489
0.9535501543
0.9618519955
0.9641267798
0.9659250929
0.9629036632
0.9575299911
0.9605863212
0.9603202547
0.9558534307
0.9604789213
0.9744693233
0.9818066856
0.9704495812
0.9469308077
0.9333071918
0.9441094838
0.9640448037
0.9737563761
0.9762987497
0.9775051010
0.9706950184
0.9691389690
0.9655428462
0.9712123076
0.9688994060
0.9729924892
0.9800529828
0.9735212338
0.9623194529
0.9633869538
0.9697753087
0.9742604704
0.9851678895
0.9978969513
0.9924146240
0.9690962864
0.9491124198
0.9435894279
0.9562702242
0.9757766000
0.9806234273
0.9747930690
0.9738496298
0.9744022406
0.9808058693
0.9656783979
0.9312369159
0.9146699219
0.9009490502
0.8613190297
0.7936954023
0.7240504454
0.6841287145
0.6876903240
0.7309995780
0.7998859277
0.8678613147
0.9109034262
0.9337427528
0.9436332865
0.9454444435
0.9556572876
0.9619968750
0.9494888713
0.9439529845
0.9580397255
0.9674848675
0.9639944725
0.9701835584
0.9794249898
0.9850283783
0.9921118633
0.9862151437
0.9744590937
0.9888394350
0.9960199197
0.9695668432
0.9422555347
0.9370874852
0.9392726913
0.9391548741
0.9495363051
0.9784635109
0.9629104471
0.9614251976
0.9383840620
0.9207770104
0.9426273896
0.9744360425
0.9935063992
1.0015699637
0.9974770211
0.9916078883
1.0037052069
1.0114848107
0.9860062691
0.9770620355
0.9792960937
0.9770778198
0.9742291237
0.9826617368
0.9938333031
0.9971400956
0.9781950686
0.9633291877
0.9648396417
0.9456399464
0.9351498699
0.9129120516
0.8560546803
0.7877803218
0.7344418302
0.7058335082
0.7127975151
0.7614959924
0.8343601798
0.8957330838
0.9377062943
0.9750611012
0.9991476420
0.9987675421
0.9944888102
0.9998787980
1.0021569917
1.0095652887
1.0250784992
1.0198041576
1.0110562914
0.9971424630
0.9806029578
0.9695088777
0.9535711366
0.9262679684
0.8895240398
0.8485143324
0.8190797336
0.7993471362
0.8238524716
0.8582023888
0.8991168385
0.9423990082
0.9673057852
0.9786085154
0.9805038779
0.9604617295
0.9288838582
0.8991300143
0.8395025813
0.7759061401
0.7290560247
0.7239232168
0.7745188139
0.8485848650
0.9035008781
0.9349365781
0.9625103932
0.9952415894
1.0219717725
1.0304610648
1.0178158704
0.9925732927
0.9878983004
0.9994201121
0.9939501583
0.9751912771
0.9677618769
0.9784139469
1.0018719610
1.0032104042
0.9728495375
0.9503204232
0.9571641162
0.9700167006
0.9749089039
0.9765555444
0.9718184435
0.9757521447
0.9852307683
0.9887704852
0.9936958388
0.9952249560
0.9850038406
0.9943641115
0.9945409854
0.9919582127
1.0040346487
1.0201714320
1.0245947266
1.0105053384
0.9960541934
0.9932929188
0.9897046906
0.9830912735
0.9825031183
0.9876827201
0.9974253969
0.9982043112
0.9835303097
0.9833851755
0.9921471334
0.9959480921
1.0106599394
1.0210171390
1.0096674480
0.9952938086
0.9999236447
0.9928273535
0.9952552169
1.0025507183
1.0063069422
1.0065878011
1.0043152908
0.9997474183
0.9905803783
0.9790698010
0.9809860202
1.0020193928
1.0172169763
1.0115853552
0.9997236335
0.9806267207
0.9819612133
0.9931301447
0.9948182110
0.9959792172
1.0066150093
1.0274364623
1.0280632179
1.0082527908
0.9853588448
0.9729411043
0.9809206663
0.9926396781
0.9917312513
0.9829588253
0.9628276462
0.9472345435
0.9652888508
0.9813001586
0.9747267552
0.9781800469
0.9947295059
1.0024720649
1.0012827751
0.9942445729
0.9806466482
0.9675112027
0.9584513852
0.9459977545
0.9237281590
0.8817729422
0.8437592544
0.8279871410
0.8389539057
0.8769863361
0.9167477794
0.9496215903
0.9812710987
0.9915797911
0.9828009579
0.9886606897
1.0036809056
1.0065140399
1.0213505014
1.0146096440
0.9878952029
0.9892293955
0.9894394475
0.9899803558
0.9877049652
0.9908271506
0.9889209224
0.9850633559
0.9851601339
0.9764655228
0.9673569908
0.9678149806
0.9692801262
0.9682492148
0.9607934239
0.9569362179
0.9694090978
0.9654086171
0.9769000830
0.9828892432
0.9745288864
0.9719291752
0.9710277081
0.9649366259
0.9576127644
0.9573129246
0.9607960457
0.9580483982
0.9499124658
0.9466726127
0.9548191730
0.9764346419
1.0043638722
1.0156626136
1.0155411448
1.0144701926
1.0093313284
1.0080692606
0.9990699554
1.0076722046
0.9958006756
0.9854587872
0.9803528301
0.9742391890
0.9805431334
0.9960840406
1.0036598614
0.9996615400
0.9925285313
0.9914645931
0.9981566980
0.9967279184
0.9805642777
0.9788338551
0.9798489600
0.9886727034
0.9820222289
0.9858038772
0.9897532755
0.9789120696
0.9711181813
0.9780112677
0.9949348431
1.0114981908
1.0131575665
1.0088823404
1.0110045878
1.0056321043
0.9761447040
0.9295131219
0.8756741479
0.8246624562
0.8055321814
0.8087112776
0.8286293455
0.8831791633
0.9437055472
0.9792851561
0.9844378105
0.9806397457
0.9890085844
0.9921757935
0.9965473262
0.9995137028
0.9806036914
0.9674449558
0.9783298734
0.9905779702
0.9871579710
0.9827145268
0.9884370768
0.9943933458
1.0031808515
1.0109816839
1.0054761552
0.9994852420
0.9998548196
0.9959303959
1.0047886313
1.0110744709
0.9959699096
0.9885255293
0.9933060108
0.9921381205
0.9922928200
0.9922595371
0.9914843942
0.9955934983
0.9939443071
0.9817156825
0.9832044821
1.0013439417
1.0053936686
1.0056982477
0.9995454416
0.9804692105
0.9697063651
0.9623618072
0.9772217704
0.9830868071
0.9808591687
0.9614417595
0.9695191997
0.9756293811
0.9892948368
1.0055709467
1.0161485729
1.0026030787
0.9862613358
0.9878549833
0.9848208194
0.9847993181
0.9900667522
0.9835171935
0.9743219586
0.9789259074
0.9970032303
1.0205246714
1.0348433657
1.0324695604
1.0259399984
1.0256749238
1.0151388051
1.0059567216
1.0151025916
1.0209138710
1.0196968169
1.0226895404
1.0229089362
1.0186603757
1.0187324891
1.0086047809
0.9810138182
0.9701280092
0.9814061464
0.9800241056
0.9741702193
0.9689694411
0.9655784759
0.9819182515
0.9917839690
1.0034837127
1.0016571717
1.0053912274
1.0088472624
1.0029698263
0.9954642822
1.0005141413
1.0078747821
0.9956539196
0.9719413783
0.9588007877
0.9493491597
0.9332057388
0.9175943021
0.8912846270
0.8509614206
0.8301288429
0.8032876195
0.7618300061
0.6930760430
0.6112982086
0.5659162967
0.5777669620
0.6319387972
0.7190328482
0.8135520607
0.8788606903
0.9214447828
0.9491661453
0.9464512192
0.9310447758
0.9277447816
0.9299005618
0.9067381214
0.8421280031
0.7530612785
0.6725926158
0.6349073070
0.6478160966
0.7078269899
0.7841638031
0.8757902653
0.9520495407
0.9668906151
0.9580637273
0.9603486634
0.9774323629
0.9958849698
0.9951074046
0.9816514328
0.9828191554
0.9913582243
0.9936862894
1.0068060981
1.0185901832
1.0086999646
0.9943624301
0.9878010713
0.9712200648
0.9536129345
0.9639765882
0.9771581066
0.9740624273
0.9768897258
0.9839378610
0.9939439836
1.0095309420
1.0099993659
0.9885638011
0.9628080188
0.9413462924
0.9342291072
0.9416399592
0.9615752354
0.9817929690
0.9737570797
0.9645458052
0.9831809720
1.0042520642
1.0093823658
1.0111753731
1.0120394209
1.0040881690
1.0024110578
1.0076786377
1.0050942806
0.9911572176
0.9874025505
0.9946189325
0.9967354038
1.0014269469
1.0100914946
1.0098984989
0.9992337546
0.9936450118
0.9662313783
0.9281930397
0.8666389353
0.8255776991
0.8240410456
0.8600459215
0.9100828761
0.9563783611
0.9925056604
1.0115217189
1.0074536576
0.9902934056
0.9851965996
0.9940632223
1.0010789307
1.0015614386
0.9926517639
0.9809583576
0.9641313471
0.9321077764
0.9154587661
0.8848869080
0.9116347651
0.9437706680
0.9579370805
0.9677159929
0.9569511204
0.9217057056
0.8845836225
0.8575891833
0.8500364637
0.8680375773
0.9171448167
0.9776656633
1.0127327855
1.0174774020
1.0124481488
1.0062727866
1.0077819746
1.0121781133
1.0228865894
1.0135694861
1.0042740938
1.0058943311
1.0051214209
1.0179612288
1.0170998389
1.0000399853
0.9889827969
0.9937895156
1.0019855614
1.0022680482
0.9926165684
0.9892937506
0.9913789293
0.9852493735
0.9884051408
0.9979654479
1.0045352062
1.0091815913
1.0197248807
1.0074197738
0.9895076477
1.0062674357
1.0071133881
0.9934528731
0.9921118902
0.9913786266
0.9951202934
0.9985563147
0.9949411938
0.9989199970
1.0159748311
1.0291052456
1.0298752391
1.0196918609
1.0032034608
0.9984738967
0.9889915676
0.9788878230
0.9623178907
0.9590262596
0.9901652626
1.0022507133
0.9919046072
0.9800508957
1.0027521590
1.0223380008
1.0168508372
1.0116834500
1.0057667279
0.9981291426
1.0064085623
1.0212517641
1.0208379862
1.0111850501
0.9963602335
0.9717027155
0.9609786093
0.9623196679
0.9648270134
0.9626179220
0.9636056617
0.9682447976
0.9868917568
0.9847972397
0.9931101621
0.9973186596
1.0052980663
0.9998929510
0.9915874938
0.9908653773
0.9986851102
1.0097093539
1.0098337995
0.9957258977
0.9835911361
0.9712999979
0.9367567851
0.9078500067
0.9020460196
0.8885370880
0.8938345394
0.9356057325
0.9784750681
1.0037728675
1.0054225009
1.0074382956
1.0225072556
1.0282886027
1.0188030539
1.0014161841
0.9923936045
0.9909990573
0.9746546405
0.9477576045
0.9393324842
0.9497545154
0.9724982881
0.9751883089
0.9581114227
0.9632238977
0.9546829397
0.9387161280
0.9299827174
0.9372366235
0.9521317925
0.9740873570
1.0074721381
1.0209398104
1.0192895149
1.0146830172
1.0114387342
1.0074407070
0.9914318248
0.9749320978
0.9768126154
0.9750694567
0.9724587536
0.9663321795
0.9569514076
0.9607170683
0.9712809865
0.9674644487
0.9629412930
0.9815724066
0.9834453153
0.9809367451
0.9861705959
0.9830576583
0.9823684379
0.9828409821
0.9787360025
0.9684636329
0.9589583455
0.9478982332
0.9133690390
0.8698571171
0.8637848925
0.8719367694
0.9017051835
0.9375652637
0.9676498973
0.9828646818
0.9974392808
1.0006188157
1.0067965944
0.9992076448
0.9860164302
0.9818747238
0.9772461297
0.9776809617
0.9535928075
0.8811995202
0.7946421881
0.7335634304
0.7098275458
0.7295510651
0.7805493365
0.8567993537
0.9130649135
0.9377240953
0.9205940708
0.8821227511
0.8710067586
0.8773684465
0.9043524903
0.9351076008
0.9427097575
0.9464034050
0.9665466488
0.9853109792
0.9934429428
1.0079096360
1.0245965832
1.0284600946
1.0357177336
1.0483799250
1.0334421377
1.0146732196
1.0076658613
0.9934590620
0.9833849347
0.9925788922
0.9869552941
0.9929085733
1.0057852132
1.0148798973
1.0298752282
1.0291048957
1.0193641424
1.0098985592
1.0014960417
0.9946872053
0.9989523003
1.0095715275
1.0078981993
0.9973989764
0.9877414955
0.9859847876
0.9891207518
0.9839016415
0.9786441440
0.9681316627
0.9798124733
0.9915152106
0.9762288743
0.9778504178
0.9842849688
0.9810272697
0.9872217592
0.9933359887
1.0017591031
1.0111358624
1.0163575239
1.0173030965
1.0125046321
1.0175760567
1.0410982942
1.0442446729
1.0305066203
1.0231569296
1.0093830591
1.0049947455
1.0076491382
0.9924124317
0.9643498850
0.9554982582
0.9590204512
0.9525948920
0.9425646602
0.9329831885
0.9374383358
0.9361814870
0.9174950390
0.9052857712
0.9173201538
0.9480796369
0.9757894095
1.0014779016
1.0242438446
1.0256404587
1.0003390183
0.9927647304
1.0011505095
1.0022650692
1.0003018728
1.0115223159
1.0095965603
0.9806831582
0.9681642701
0.9883813673
1.0078842893
1.0115932718
0.9996622784
0.9877925599
0.9902469750
0.9933042145
0.9989845101
0.9971717065
1.0045264563
1.0077988690
0.9867653014
0.9903906135
1.0066722368
1.0128792221
1.0154941467
1.0058757574
1.0143287398
1.0211105660
1.0135819378
1.0062726753
0.9987150227
0.9922405867
0.9915524243
1.0096160417
1.0349695582
1.0317021057
1.0185318026
1.0063278990
0.9926543729
0.9846906417
0.9853292621
0.9848796489
0.9662758851
0.9586646994
0.9660484732
0.9643331074
0.9662288351
0.9698863848
0.9750905492
0.9732099949
0.9687261920
0.9678973655
0.9752727773
0.9846533022
0.9832773078
0.9787004520
0.9825708980
0.9820843536
0.9796993097
0.9845450897
1.0042658830
1.0228886558
1.0337536745
1.0130270957
0.9882283387
0.9953373107
1.0144454290
1.0176956059
1.0050152663
0.9963729918
0.9962571170
1.0005700961
1.0040177565
1.0081489620
1.0136468970
1.0138438067
1.0102647676
1.0015467696
0.9898836423
0.9794952570
0.9732770778
0.9825815347
0.9891440523
0.9757775094
0.9619206814
0.9860557966
1.0124891796
0.9953575485
0.9835924082
0.9867262554
0.9936896213
1.0002325450
1.0003023946
0.9974712504
1.0024897570
1.0129461737
1.0167013143
1.0092973118
1.0129439361
1.0142080688
1.0150286660
0.9930049272
0.9944620926
0.9947303866
0.9958725328
1.0089582648
1.0277784747
1.0309456651
1.0214508078
1.0124504785
1.0107238170
1.0073971830
1.0022432805
0.9927763343
0.9862770334
0.9938198028
0.9926572038
0.9884047922
0.9985615310
1.0033210855
0.9899899394
0.9648657392
1.0006255874
1.0327596084
1.0275050953
1.0099649801
1.0163926732
1.0067384772
0.9955984179
0.9830295535
0.9745279076
0.9826335245
0.9869584954
0.9825110975
0.9911586298
1.0070346247
1.0154307188
1.0182568456
1.0082573768
0.9956796492
0.9980602414
0.9990074166
0.9713898157
0.9761407754
0.9793317367
0.9896241354
1.0035254257
1.0150125882
1.0076784012
0.9880306110
0.9849610985
0.9921520849
1.0003028971
1.0036771602
1.0001243422
0.9942853624
0.9771829226
0.9569129094
0.9544553367
0.9522750514
0.9485319880
0.9709750995
0.9914921015
0.9866334874
0.9737743008
0.9625416060
0.9389599432
0.9176177490
0.9180999667
0.9385319856
0.9686352455
1.0061293293
1.0071213454
0.9719650016
0.9423294451
0.9096210197
0.8630295011
0.8247799870
0.8067736713
0.8104958632
0.8311905987
0.8752291912
0.9201293875
0.9603183406
0.9748790692
0.9725912743
0.9808768524
0.9935844622
1.0033314349
1.0106461151
1.0112199694
1.0148852404
1.0166006299
1.0102250948
1.0101298691
1.0143984287
1.0039363343
0.9935111495
0.9972404001
0.9962150898
0.9856957822
0.9784023426
0.9841449082
0.9757121199
0.9833379907
0.9875779528
0.9997838695
1.0216211697
1.0251157800
1.0046457481
0.9829836998
0.9828790609
0.9894293818
0.9951577157
0.9978793902
0.9879127199
0.9816910232
0.9852153981
0.9703745875
0.9302728873
0.8906040523
0.8704551924
0.8646976212
0.8813232119
0.9346290027
0.9739198202
0.9747127264
0.9703129222
1.0019849988
1.0148904012
1.0077907496
0.9944738739
0.9874041643
0.9833153678
0.9843518023
0.9917477202
0.9888281191
0.9882857776
0.9944143650
1.0024206565
1.0107756544
1.0105926424
1.0079844867
0.9899220530
0.9765393835
0.9644755604
0.9753834066
0.9779206813
0.9755497959
0.9891712061
1.0072488123
1.0134222789
1.0114012399
0.9973890526
0.9844833469
0.9832303256
0.9803285645
0.9774571306
0.9474583137
0.9331380866
0.9162368918
0.8864608797
0.8711028204
0.8602250351
0.8974228971
0.9496141474
0.9774177735
0.9918223882
1.0081516564
1.0068370252
0.9901322160
0.9785221874
0.9813662247
0.9865336352
0.9914918112
0.9973759592
0.9954151622
0.9910961329
0.9831257830
0.9780504625
0.9736801894
0.9759496600
0.9799377238
0.9790484508
0.9584799980
0.9574900214
0.9752165300
0.9731422526
0.9690292859
0.9599412475
0.9573109844
0.9505583641
0.9464737636
0.9461343686
0.9377864635
0.9285709043
0.9325904458
0.9491601464
0.9690294735
0.9752031640
0.9588660207
0.9390536675
0.9255055875
0.9012166481
0.9052473213
0.9212773912
0.9585746801
0.9887524842
0.9927971438
0.9928675589
0.9867254412
0.9702438123
0.9575258821
0.9491160977
0.9471957106
0.9422990410
0.9129160760
0.8751788844
0.8447953772
0.8357338226
0.8397467237
0.8398888702
0.8144848877
0.7657597165
0.7308746437
0.7238229949
0.7619271819
0.8090280559
0.8461516511
0.8502459896
0.8391638417
0.8393270956
0.8627824526
0.8978792716
0.9246640117
0.9412061907
0.9605056159
0.9793199366
0.9835606107
0.9907758151
0.9880172046
0.9760084961
0.9617953986
0.9780848934
0.9529328803
0.9211712967
0.9007245919
0.8853375639
0.8915874431
0.9160094969
0.9297179124
0.9407235386
0.9570281881
0.9699147084
0.9768257792
0.9761413352
0.9613665066
0.9446777188
0.9523477401
0.9796019303
0.9855104421
0.9933591798
0.9826818834
0.9915865275
0.9960229368
0.9676652706
0.9491366129
0.9505987606
0.9602101447
0.9743234847
0.9865600245
0.9822731352
0.9705865698
0.9794425659
0.9984116139
1.0023127519
0.9910893205
0.9791199318
0.9907314856
0.9980408533
0.9702323825
0.9580933814
0.9664186238
0.9698358834
0.9836100325
0.9762147591
0.9782914351
1.0023368502
1.0135745514
0.9940762050
0.9857350311
0.9547873107
0.9215160313
0.9176816476
0.9554975359
0.9982231860
0.9976153601
0.9813428330
0.9750317099
0.9808885979
0.9974766697
0.9962861519
0.9925421525
0.9809891122
0.9913319219
1.0032044435
0.9854124237
0.9653111198
0.9747090819
0.9910232325
1.0003920327
0.9906543423
0.9815517765
0.9863350377
0.9862595587
0.9709403719
0.9600834422
0.9590655295
0.9507869245
0.9502817958
0.9435681284
0.9258290596
0.9008278964
0.8722099560
0.8370480121
0.8200184154
0.8304449943
0.8647926861
0.8904061632
0.9252762373
0.9671284301
0.9906165860
0.9991288738
0.9993501174
0.9903141670
0.9804289836
0.9779137130
0.9785884427
0.9777240079
0.9747589469
0.9722264174
0.9680213705
0.9824032471
0.9886641759
1.0002708288
0.9949200634
0.9890709141
0.9788839217
0.9708496913
0.9753955815
0.9943282921
0.9936698950
0.9829573279
0.9872932773
0.9985697645
1.0056329427
1.0025254782
0.9924603009
0.9983155553
0.9982928608
0.9905144690
0.9759646462
0.9798756464
0.9864940003
0.9846972517
0.9790839255
0.9754197760
0.9841039664
0.9858469157
0.9757736300
0.9622310378
0.9548796678
0.9532231017
0.9556003423
0.9588659923
0.9620463203
0.9690997916
0.9813090571
0.9866587901
0.9729149051
0.9743919364
0.9900101858
0.9921235322
0.9785678452
0.9460877772
0.9250805287
0.8660094818
0.7584559573
0.6612557615
0.6108211687
0.6290480206
0.7174409251
0.8263976149
0.9121385506
0.9654219602
0.9928211593
1.0019975536
0.9982500173
0.9859711918
0.9783992181
0.9910323790
0.9942938799
0.9754956730
0.9795788116
0.9866174377
0.9741242215
0.9871521311
0.9970133201
0.9808965507
0.9814034517
0.9852936981
0.9893021293
0.9985445396
0.9955472956
0.9765825213
0.9681512671
0.9778294396
0.9853973493
0.9848405468
0.9813830490
0.9852396691
0.9932012514
0.9859572257
0.9778566047
0.9798613860
0.9778663394
0.9896486834
0.9792259571
0.9680160770
0.9524637983
0.9538452588
0.9715903417
0.9887793737
0.9909187934
0.9861881171
0.9852275107
0.9896700613
1.0002787260
1.0026369555
0.9841120861
0.9742010936
0.9583299562
0.9085662224
0.8745517026
0.8885322320
0.8940940402
0.9141422450
0.9418204036
0.9641780041
0.9850509165
0.9897719018
0.9906685712
0.9939381897
0.9940722369
0.9938103782
0.9865736961
0.9766180296
0.9817064600
0.9886042682
0.9795306227
0.9588286119
0.9385441695
0.9031645633
0.8927298335
0.8959636676
0.8911680646
0.9340717748
0.9718490280
0.9915876866
1.0027571521
0.9977929278
0.9933905071
0.9903199681
0.9895462562
0.9911837405
0.9873528603
0.9838937141
0.9869722955
0.9851187717
0.9846516979
0.9908950480
0.9912755550
0.9848974001
0.9912914989
0.9896590805
0.9647848021
0.9537272442
0.9637832947
0.9732062217
0.9853500928
0.9990222309
0.9927491332
0.9969715649
1.0045497869
0.9990991980
0.9944801924
0.9903749071
0.9778003200
0.9742568744
0.9799134245
0.9763899648
0.9823585189
0.9948025772
0.9929411142
0.9951802950
1.0208786089
1.0210422851
0.9950086241
0.9821674405
0.9841033056
0.9900650330
0.9829676250
0.9696669734
0.9725275653
0.9826889164
0.9805152364
0.9769887780
0.9847240215
0.9845070051
0.9716044320
0.9789453372
0.9994817301
1.0074906590
0.9947264500
0.9834260368
0.9971649294
0.9837501722
0.9860226108
0.9962978900
1.0087529971
0.9978546242
0.9858440809
0.9867139302
0.9855713293
0.9807161178
0.9864910513
0.9890726863
0.9811035685
0.9836789332
0.9876724483
0.9906223475
0.9945204294
1.0072695630
1.0060547401
0.9846550049
0.9791300832
0.9722029457
0.9825701041
0.9918088334
0.9908526022
0.9812637708
0.9740452824
0.9924064016
1.0076635170
1.0002838370
0.9877000073
0.9821589356
0.9572929175
0.9244290304
0.9377439526
0.9399651878
0.9424784134
0.9485239010
0.9714944489
0.9899526383
0.9912891241
1.0007538272
0.9933813656
0.9834073298
0.9825080885
0.9783366583
0.9857753309
0.9842597132
0.9868884565
1.0027966223
1.0090617108
0.9996498206
0.9925843805
0.9890990803
0.9885159175
1.0011919497
0.9919827845
0.9772041324
0.9758348069
0.9727672048
0.9831251896
0.9958908310
1.0062202603
0.9954724209
0.9898837689
0.9831940337
0.9831478758
0.9886951192
0.9993558053
1.0012400778
1.0002638718
1.0029121850
0.9941376452
0.9754599529
0.9725488489
0.9858351187
0.9778084711
0.9656961179
0.9696596411
0.9851038475
0.9704898676
0.9735613204
0.9875838645
0.9987874515
0.9865459233
0.9660428574
0.9575487283
0.9593404799
0.9574223492
0.9655459759
0.9820006953
0.9844656583
0.9760755208
0.9726602431
0.9772706197
0.9930706358
0.9995359537
1.0099047931
1.0009759367
1.0012038278
1.0095978674
1.0100919754
1.0054815194
0.9785744622
0.9668370275
0.9896266350
1.0041351618
0.9991820493
0.9918431123
0.9784418510
0.9723839294
0.9908288323
1.0097432416
1.0029723676
0.9872906834
0.9826805152
0.9871416135
0.9937103427
0.9816631447
0.9930176172
0.9961005079
0.9885565637
0.9972948229
0.9980300944
1.0053905754
1.0137137987
1.0050936773
0.9902496300
0.9936426094
1.0028316709
0.9926972538
0.9849260827
0.9856289869
0.9721912617
0.9643599727
0.9724183485
0.9839255034
0.9830207061
0.9779292874
0.9842625763
0.9957082090
0.9846842248
0.9673904767
0.9805373977
0.9920984359
1.0084016897
0.9996629972
0.9840059426
0.9811053971
0.9777863741
0.9630671232
0.9566316599
0.9519357926
0.9233770941
0.8959444566
0.8937376656
0.9005507056
0.9165656885
0.9233909222
0.9452707167
0.9735392863
0.9796872782
0.9947823395
1.0049699726
1.0024000793
1.0068698642
1.0047641915
0.9951837766
0.9910010979
0.9902387211
0.9916351771
1.0041469905
1.0096064480
0.9939483330
0.9898671152
1.0003852507
0.9904550686
0.9775389901
0.9686998272
0.9803011967
0.9915032751
0.9920179771
0.9785073762
0.9822148792
0.9806334015
0.9791013854
0.9636288375
0.9548188689
0.9259252063
0.8715747424
0.8193841753
0.7607491174
0.6910795314
0.6438832444
0.6387947562
0.6705711922
0.7265060194
0.8223874025
0.9255181166
0.9780405672
0.9683596514
0.9685481911
0.9557920558
0.9667612398
0.9822913077
1.0035021699
1.0028560264
0.9810512779
0.9749195211
0.9763478978
0.9764201454
0.9855230748
0.9985350524
0.9970181578
0.9872591729
0.9937260616
1.0066196374
1.0029976531
0.9933210929
0.9898501780
0.9885767579
0.9690622853
0.9412337935
0.9404591588
0.9307318473
0.9299539812
0.9217875466
0.9342450524
0.9510252395
0.9563198528
0.9626557276
0.9677481465
0.9686381644
0.9726787149
0.9849194249
0.9930437888
0.9669102375
0.9841210346
1.0095126828
0.9866389836
0.9754063854
0.9900205898
0.9744142086
0.9633845392
0.9669023210
0.9475245985
0.9531734537
0.9597277228
0.9715649213
0.9711703329
0.9659939872
0.9661735778
0.9721875660
0.9781772477
0.9766299641
0.9720999276
0.9548959838
0.9424211479
0.9379408626
0.9310082947
0.9248122616
0.9348840564
0.9354367836
0.9253360838
0.9300768678
0.9272698725
0.9075195441
0.9200809471
0.9477486051
0.9640283367
0.9712577002
0.9834121597
0.9914910798
0.9893820996
0.9806178668
0.9497379184
0.9194088408
0.9341275772
0.9569242183
0.9715894527
0.9800554178
0.9963196536
0.9975470767
0.9870329460
0.9822990724
0.9839526399
0.9808805814
0.9841411353
0.9820434055
0.9755441171
0.9609887721
0.9456526074
0.9468036208
0.9588296665
0.9688664300
0.9858342222
1.0018962401
0.9910154590
0.9880991330
0.9960804586
0.9828217306
0.9824491768
0.9911017573
0.9961408071
1.0011402899
1.0118964580
0.9998282387
0.9885820865
0.9821418300
0.9852584664
0.9936939594
0.9946691290
0.9970721737
1.0082205095
1.0109769725
0.9990515227
0.9869874782
0.9877079509
0.9958527395
0.9955910520
0.9933364890
0.9928786393
0.9927394892
0.9895504205
0.9884695243
0.9972315276
0.9984600353
0.9995810191
0.9916383747
0.9800092566
0.9653243682
0.9746954717
1.0016530681
1.0128050429
1.0037291919
0.9859235709
0.9800753602
0.9842708969
0.9965747358
0.9930272893
0.9920506481
0.9856934715
0.9915086104
0.9958300630
0.9894432175
0.9754791980
0.9739458788
0.9834621505
0.9770397612
0.9826917415
1.0046420495
1.0137413468
1.0078468371
1.0005406128
0.9965471539
1.0014591092
1.0040202945
0.9906593473
0.9907747842
0.9942723082
0.9872594545
0.9889390462
0.9816258834
0.9737821310
0.9809835983
0.9925226656
0.9932035389
0.9972308631
0.9952309737
0.9960753805
1.0047316359
1.0073282061
1.0008508552
0.9948070418
0.9861092964
0.9715332238
0.9639438445
0.9653439829
0.9764132093
0.9825535410
0.9892199844
1.0031156550
1.0176307632
1.0256862574
1.0042711479
0.9970140554
0.9902008477
0.9898518241
