#flux
0.9823445818
0.9620793708
0.9642420126
0.9726708843
0.9777564227
0.9798509227
0.9743012701
0.9815322376
0.9949616559
0.9968245638
0.9850765924
0.9747006910
0.9735591980
0.9751373428
0.9842747516
0.9925458680
0.9772503516
0.9635523839
0.9808329439
0.9790246928
0.9757918025
0.9821010776
0.9848084980
0.9768799699
0.9664955157
0.9668634413
0.9755889996
0.9735970508
0.9645274440
0.9681440999
0.9722070674
0.9681537278
0.9711591681
0.9786259556
0.9825506791
0.9848258116
0.9805881667
0.9717387729
0.9712086030
0.9759997897
0.9695878842
0.9606313924
0.9608906854
0.9646014985
0.9700318737
0.9830895569
0.9802886239
0.9667334620
0.9487056006
0.9279856923
0.9208347545
0.9284753278
0.9326135905
0.9337793062
0.9431946334
0.9529105222
0.9422473595
0.8983446156
0.8609655458
0.8452019460
0.8502468623
0.8662550627
0.8859156152
0.9078078106
0.9270538155
0.9320801954
0.9220625960
0.9097842055
0.9122464766
0.9270419726
0.9289364541
0.9170970401
0.9148875657
0.9258982579
0.9384918255
0.9354734544
0.9078052497
0.9320569617
0.9480630399
0.9561459753
0.9617669483
0.9487404543
0.9374664160
0.9336097418
0.9234766721
0.9267302803
0.9173441348
0.8970025054
0.8622040634
0.8298232693
0.8161327402
0.8136129425
0.8203648510
0.8482414214
0.8819463845
0.8854669628
0.8697713343
0.8709263910
0.9073145450
0.9154390260
0.9009167514
0.8898341597
0.8948019939
0.9068657233
0.9080194201
0.8986835210
0.8984494036
0.9251176359
0.9297424255
0.9235447233
0.9241875538
0.9190454940
0.9041287312
0.8882283915
0.8821868943
0.8916478530
0.9044871559
0.9050750823
0.9210684771
0.9297293460
0.9359268800
0.9489483600
0.9405478658
0.9199212830
0.9039670837
0.8833368407
0.8802215513
0.9023480709
0.9160735980
0.9170954521
0.9232962235
0.9341417478
0.9355041028
0.9286543346
0.9305579891
0.9417777051
0.9383176532
0.9099043127
0.8740916613
0.8671657685
0.8825270682
0.8886085588
0.8951874450
0.9032593242
0.9085006229
0.9155751308
0.9201151814
0.9081427325
0.8999425671
0.9005857737
0.9013075180
0.9001831863
0.8962489322
0.8902430391
0.8856643820
0.8758262221
0.8583143464
0.8500635276
0.8528649943
0.8389827152
0.8296643594
0.8357149024
0.8538421666
0.8669835631
0.8563898802
0.8358318638
0.8338242126
0.8491617169
0.8564143776
0.8523275163
0.8454546384
0.8379629895
0.8263309462
0.8125534254
0.8002608150
0.7879336081
0.7839188043
0.7855468263
0.7745865008
0.7603611068
0.7641071370
0.7883116270
0.8243030366
0.8301247282
0.8065169966
0.8034273460
0.8185877418
0.8238719064
0.8119886147
0.7872743667
0.7650230351
0.7496466986
0.7424035284
0.7403981243
0.7352702530
0.7323808593
0.7262989072
0.6996732819
0.6671197756
0.6393921505
0.5968921230
0.5652548839
0.5329801737
0.4901740551
0.4439970026
0.3961106877
0.3438881461
0.2814236213
0.2284757189
0.1918962462
0.1470730830
0.0946071905
0.0692544975
0.0704990897
0.0729364063
0.0909105263
0.1325205384
0.1688648009
0.1980011889
0.2370584301
0.2724279080
0.3005752052
0.3588078675
0.4299746893
0.4876314765
0.5460000714
0.5853095668
0.6214081333
0.6467855695
0.6613886769
0.6703193434
0.6851654437
0.7094026960
0.7275065618
0.7446202227
0.7697396746
0.7752402295
0.7817465949
0.7683387969
0.7711523115
0.7787293895
0.7798711038
0.7875313028
0.7966281597
0.7936812621
0.7907706766
0.8017453926
0.8173143635
0.8339420335
0.8383027938
0.8434992586
0.8495524449
0.8450720626
0.8364943740
0.8375753722
0.8463815127
0.8472037886
0.8409996171
0.8500860630
0.8554955635
0.8416408200
0.8517165754
0.8569568672
0.8476511595
0.8524414224
0.8534320908
0.8505926117
0.8701821166
0.8906936028
0.8818258499
0.8695543274
0.8670178753
0.8749971543
0.8819870718
0.8777066654
0.8782263952
0.8894540011
0.9082207680
0.9184959216
0.9077474125
0.8927204296
0.8890905529
0.8895465854
0.9099687639
0.9193237972
0.9327289956
0.9386417069
0.9208283966
0.9111178853
0.9142626437
0.9142463541
0.9209885487
0.9319501200
0.9284090798
0.9115151034
0.8968173963
0.8959169792
0.9065315574
0.9074130863
0.9106510460
0.9233975016
0.9350531632
0.9248169327
0.9117898269
0.9317676323
0.9422098847
0.9589809343
0.9675717477
0.9506882560
0.9290411480
0.9245032962
0.9264843112
0.9140851717
0.8920576732
0.8777293922
0.8652549578
0.8390084546
0.8092710247
0.7903495458
0.7802246052
0.7824517284
0.7824580974
0.7999556377
0.8459519280
0.8639952178
0.8754111907
0.8978703725
0.9095884315
0.9100611251
0.9084629438
0.9168823146
0.9299853428
0.9346601727
0.9298652937
0.9343576081
0.9430089732
0.9277241153
0.9157781580
0.9265990174
0.9394288782
0.9437366720
0.9492505551
0.9585821101
0.9908835312
0.9521057730
0.9395840951
0.9381528923
0.9426563178
0.9457650837
0.9427406978
0.9399881593
0.9411764770
0.9447455154
0.9509407859
0.9545918863
0.9526057703
0.9532870151
0.9599668139
0.9742738361
0.9830869129
0.9750664740
0.9576260653
0.9514520827
0.9599842936
0.9649057509
0.9609398372
0.9558606389
0.9552493026
0.9763299606
0.9880101774
0.9812740408
0.9636869671
0.9452608410
0.9379017445
0.9429244935
0.9478323902
0.9425807455
0.9273400720
0.9080743059
0.8923647773
0.8825344094
0.8808529438
0.9184737567
0.9417867052
0.9631177160
0.9704400620
0.9644076221
0.9658322787
0.9685803363
0.9708986437
0.9735654231
0.9733626911
0.9739846733
0.9748931775
0.9733209995
0.9690825885
0.9670623918
0.9767462368
0.9828321527
0.9697808240
0.9555645873
0.9450503840
0.9434401553
0.9352425073
0.9122867152
0.9030798943
0.9126370318
0.9263488521
0.9509483075
0.9460469388
0.9313483247
0.9282851187
0.9287907282
0.9130963097
0.8824617248
0.8553576846
0.8378062512
0.8249385441
0.8180392542
0.8271251639
0.8586905502
0.9011474203
0.9350230022
0.9565215973
0.9679302608
0.9660910956
0.9689906272
0.9939328176
0.9976474169
0.9801550544
0.9684596686
0.9730673843
0.9849232283
0.9914514475
0.9985066717
0.9990706437
0.9862612845
0.9829027794
0.9768971583
0.9722658650
0.9798843984
0.9929365494
0.9848255122
0.9769473165
0.9751696953
0.9794013403
0.9917913801
1.0035801218
1.0241916841
1.0067597885
0.9826476799
0.9704409594
0.9568004079
0.9386191365
0.9273299139
0.9231023707
0.9254297588
0.9437078018
0.9643856668
0.9696702654
0.9642415724
0.9541835471
0.9499545014
0.9806326323
0.9858966866
0.9929354835
1.0231302574
1.0207258654
1.0088607211
1.0042955690
1.0027618008
0.9916060150
0.9876029879
0.9982072813
1.0028413648
0.9982152977
0.9974306019
0.9993037580
1.0026927094
0.9989351202
0.9948574689
1.0052466177
0.9897674882
0.9813160671
0.9644902691
0.9537420390
0.9616073100
0.9826448604
0.9922978325
0.9881023661
0.9990859642
1.0193910534
1.0257751482
1.0223069292
1.0069702086
0.9864504039
0.9811768698
0.9812843596
0.9740960396
0.9704623759
0.9733559705
0.9770745586
0.9736245784
0.9723717443
0.9732010822
0.9565427606
0.9529133166
0.9825077647
0.9921008575
0.9871278945
0.9757229872
0.9770521209
0.9889440116
0.9994615905
1.0004121707
0.9965217024
0.9817079874
0.9549082973
0.9543139247
0.9693944675
0.9603298613
0.9592924528
0.9611538477
0.9623593967
0.9660301395
0.9705160360
0.9667558102
0.9667093864
0.9721909974
0.9713772675
0.9789456537
0.9807467503
0.9696063607
0.9639404358
0.9710669974
0.9823890455
0.9979251502
1.0098811836
0.9945060462
0.9698732379
0.9754140463
0.9747433520
0.9903734363
0.9631177678
0.9535303654
0.9512729185
0.9480784528
0.9567288319
0.9612498930
0.9645820292
0.9726178510
0.9758004167
0.9775235458
0.9805318054
0.9784658354
0.9743734665
0.9771338941
0.9798523068
0.9701172673
0.9571574101
0.9538165959
0.9387430186
0.9298955472
0.9309521142
0.9594924670
0.9843562603
0.9834543977
0.9702192776
0.9575848995
0.9630395611
0.9681804108
0.9685786697
0.9663560287
0.9560699913
0.9595713573
0.9787160581
0.9878278631
0.9943627002
1.0090031413
1.0038125879
0.9878056436
0.9851342665
0.9833261460
0.9864368460
1.0068897734
1.0191933378
1.0194791092
1.0023706392
0.9910420384
0.9864161330
0.9864651303
0.9946747439
0.9830177963
0.9798140527
0.9861354901
0.9982149206
1.0189440222
1.0164076875
0.9865931512
0.9716385868
0.9647395203
0.9459141167
0.9364904968
0.9154526662
0.8842273493
0.8613011330
0.8485834708
0.8887776727
0.9140331132
0.9272607921
0.9235844263
0.9335785602
0.9616639693
0.9854704288
0.9972046585
1.0029724995
1.0052566370
1.0063016552
1.0083397527
1.0051256013
0.9955736195
0.9890425409
0.9794970417
0.9842615557
0.9717671452
0.9439804762
0.9261260785
0.9181390412
0.9137867848
0.9408017226
0.9738874799
0.9754701745
0.9707064553
0.9813318640
0.9933673595
0.9948958053
0.9925875221
0.9943141869
1.0007954961
1.0085973210
1.0114879296
1.0040005263
0.9838936748
0.9886662362
0.9882574034
0.9892460579
0.9947499942
0.9921405752
1.0034521807
1.0095232411
1.0182682963
1.0229347207
1.0242254292
1.0186958420
1.0012348952
0.9795681870
0.9652614097
0.9684738322
0.9832045144
0.9870703279
0.9929610732
1.0154441194
1.0245384659
1.0259902090
1.0126269820
0.9954330843
1.0073418848
1.0016774493
1.0189446143
1.0248769699
1.0099363225
0.9983470637
0.9970164628
1.0017880507
1.0045502256
0.9969356986
0.9895217511
0.9958697119
0.9994454163
0.9834381038
0.9771335400
1.0017605677
1.0060443732
1.0012350771
0.9942192417
0.9844680812
0.9916943758
0.9915052988
0.9854251258
0.9846370743
0.9848337922
0.9803177282
0.9900427889
1.0050065518
0.9992562760
0.9914115302
1.0007784492
1.0069116946
0.9999571706
1.0016226751
1.0157034381
1.0185120309
1.0067807118
1.0071565958
1.0140004452
0.9942937424
0.9438475218
0.9300361685
0.9240629467
0.9233424033
0.9047515031
0.8687494980
0.8209330252
0.7659864663
0.7180266861
0.6960335122
0.7113818660
0.7568037945
0.8237301082
0.8940334126
0.9281576474
0.9452274644
0.9729756387
0.9970022300
0.9956041556
1.0029694255
1.0005596713
0.9559190989
0.9204308922
0.8408804073
0.7822811614
0.7671371716
0.7812371884
0.8241459426
0.8804848637
0.9226731569
0.9453816902
0.9588873675
0.9680958491
0.9790915066
0.9909889053
0.9888940165
0.9963076174
1.0057640198
0.9999030457
0.9936021219
0.9605472798
0.9677475409
0.9930965308
0.9805396783
0.9851436667
0.9933741748
1.0003842341
1.0124577144
1.0105409646
0.9905196192
0.9765826921
0.9807873874
0.9915765212
0.9976668590
0.9956153450
0.9894728237
0.9905997688
0.9948968979
1.0097214389
1.0244491100
0.9926115899
1.0092976151
0.9937857956
0.9873151399
0.9957219291
1.0082900846
1.0085887486
0.9995379591
0.9973539355
1.0032136497
0.9968394669
0.9824541832
0.9806590325
0.9825244242
0.9789864555
0.9881788987
1.0011882186
0.9955107303
1.0022390101
1.0311126303
1.0447436448
1.0279258500
1.0018083749
0.9841744255
0.9497490897
0.9150750900
0.8950160923
0.8762035871
0.8777066753
0.9059747528
0.9441681575
0.9805411277
1.0064857072
1.0147941721
1.0146164479
1.0153507477
1.0102048469
1.0098614916
1.0102441210
0.9919528808
0.9743206756
0.9688447748
0.9525210979
0.9266134509
0.9055961125
0.9145465658
0.9300566365
0.9474819271
0.9654269802
0.9720231267
0.9712502997
0.9742409269
0.9774833301
0.9771019262
0.9789398466
0.9867859463
1.0057622501
1.0158339677
0.9965415027
0.9891238232
0.9974716101
0.9964464609
1.0206307446
1.0286280092
0.9988283310
0.9820977457
0.9900082009
1.0015118779
1.0145474683
1.0209390906
1.0127885493
1.0013014174
0.9948693193
0.9944036284
0.9975858211
0.9923754180
0.9885261530
0.9815772769
1.0014490453
1.0234951948
1.0132553561
1.0100483491
1.0148705578
1.0279704858
1.0146179699
0.9937448945
0.9968551182
1.0190724407
1.0366363485
1.0335472746
1.0212583401
1.0143022467
1.0113272607
1.0060711695
1.0008429366
1.0044475738
1.0129632243
1.0097878307
1.0012857148
0.9906820896
0.9879210454
0.9930128548
1.0046233564
1.0012920572
1.0023364288
1.0014036975
0.9956027478
0.9923936075
0.9893286898
0.9761137170
0.9771317338
0.9929182203
1.0055607875
1.0035741294
0.9932942555
1.0036590004
1.0105394391
1.0027186280
0.9941711969
0.9886311635
0.9859970646
0.9937287743
0.9966345527
0.9928890922
0.9959367289
0.9974741999
1.0002451013
1.0156882966
1.0247568459
1.0179326495
1.0079875806
0.9922215569
0.9789393964
0.9785317457
0.9751405558
0.9667684122
0.9608686509
0.9534194363
0.9649715143
0.9914785768
0.9778187742
0.9255350368
0.8765986601
0.8525372173
0.8591485948
0.8834805235
0.9202822115
0.9557463161
0.9873797207
0.9980898319
1.0001601037
0.9993111500
1.0003537543
1.0088027955
1.0100810261
0.9977650008
0.9828266255
0.9741227474
0.9741299378
0.9688315478
0.9666447632
0.9882730372
1.0003887980
0.9880413121
0.9761509342
0.9947180646
0.9983815057
0.9870891008
0.9849459273
0.9952629395
1.0136987298
1.0272932331
1.0292502512
1.0233194707
1.0169308139
1.0183165143
1.0206472878
1.0103307010
0.9940862698
0.9942023078
0.9789685275
0.9761371210
0.9814006106
0.9721783257
0.9501405083
0.9676077408
0.9763593930
0.9935132883
1.0100817663
1.0111343021
0.9986473394
0.9879203746
0.9886495007
0.9968202545
1.0005635128
0.9941517877
0.9873288092
0.9856268341
0.9804322011
0.9797533123
0.9752316447
0.9660734698
0.9807004295
0.9866676767
0.9988001366
1.0135919153
1.0187329789
1.0116142317
1.0057936482
1.0189996173
1.0339124230
1.0353739527
1.0199353222
1.0053438159
0.9919399153
0.9605166450
0.9253588820
0.8721254996
0.8210256566
0.8109802933
0.8254799781
0.8635739370
0.8941891410
0.9104762992
0.9358046619
0.9380806067
0.9473799598
0.9689192673
0.9885084129
1.0014785076
1.0039560089
0.9931048894
0.9847397164
0.9909121536
0.9979275435
0.9971037308
1.0021947777
1.0159734520
1.0281735597
1.0244665089
1.0110475582
1.0026311781
0.9960346851
0.9964339243
0.9971040154
0.9960473650
1.0028593768
1.0166925175
1.0078630967
0.9928855455
0.9987914700
1.0002449765
1.0004742606
1.0047512506
0.9983569650
0.9945815732
1.0008241413
1.0008304593
0.9975244016
1.0004495046
1.0075322960
1.0022432952
1.0038854588
1.0288885609
1.0284992160
1.0043871746
0.9886693831
0.9851861481
0.9810042998
0.9877392589
0.9861543068
0.9914756505
0.9925094865
0.9894185626
0.9921194252
0.9864310065
0.9920971397
1.0160808174
1.0176392656
1.0267118369
1.0314456192
0.9989328605
0.9818938404
0.9840478182
0.9807500437
0.9868145454
0.9851327560
0.9774446570
0.9677592897
0.9546017651
0.9442214611
0.9400987888
0.9416713739
0.9459370702
0.9511622265
0.9565459391
0.9617889107
0.9681903789
0.9705181110
0.9801757430
0.9985296105
0.9976856615
0.9975445352
0.9954942383
0.9952067381
0.9948825720
0.9820373642
0.9733740459
0.9753323226
0.9833450807
0.9888182445
0.9945552484
0.9919317975
0.9803027354
0.9841395364
1.0066249882
1.0310258292
1.0536194273
1.0409095240
1.0186258976
1.0124205144
1.0077576114
1.0065832101
1.0025164725
1.0189782003
1.0173418517
1.0066197062
0.9933928900
0.9974742012
0.9801038061
0.9829732571
0.9932750542
0.9921768164
0.9954537375
0.9973700946
0.9938449063
0.9979244478
0.9966832698
0.9999473783
1.0033851901
0.9999848681
1.0119286216
1.0059781312
0.9924492446
0.9929305799
1.0063131364
1.0043864190
1.0144898680
1.0051699286
0.9862624498
0.9849362717
0.9933217164
0.9845970651
0.9768797364
0.9847002496
0.9942318388
0.9970651040
0.9859860195
0.9784551661
0.9890250792
1.0048642632
1.0240178618
1.0146892604
0.9856611574
0.9793010881
0.9971743129
1.0022342044
0.9917643233
0.9891576508
0.9892423694
0.9875016417
0.9886329973
0.9838022797
0.9825071644
0.9863322306
0.9923954787
1.0041666467
1.0007231031
0.9896170090
1.0015531617
0.9957352841
0.9743729906
0.9852350916
1.0137069038
1.0256048486
1.0124150788
1.0083926375
1.0076523623
1.0120749095
1.0186474101
1.0057045068
0.9804241402
0.9600293046
0.9574383310
0.9694880683
0.9791265087
0.9813778079
0.9842000000
0.9883279278
0.9964721662
1.0001881971
1.0044542608
1.0077518341
1.0149528114
1.0105358236
0.9983652224
0.9848364963
0.9872018953
1.0118492506
1.0225752840
1.0177580728
1.0064790182
0.9980375470
1.0032195773
1.0107716979
1.0057393313
0.9939005049
0.9866757350
0.9916394576
0.9998429217
0.9961972219
0.9941943350
0.9987325283
0.9911785373
0.9734914137
0.9698995658
0.9788868063
1.0017315594
1.0257283366
1.0304285825
1.0255199584
1.0155063797
0.9980650593
0.9855100410
0.9890482532
0.9996078999
1.0017193629
0.9979853716
0.9991324671
0.9955594429
0.9899789143
0.9944908836
1.0111559501
1.0142552004
0.9946048479
0.9890189484
0.9994608775
1.0014038235
0.9940166576
0.9976060889
1.0024583415
1.0041746818
1.0156555558
1.0196652466
1.0032623982
0.9856644825
0.9769383394
0.9764732115
0.9969926648
1.0233369941
1.0318624905
1.0277264364
1.0132436897
1.0061458093
1.0015401227
0.9710958694
0.9731364117
1.0097993369
1.0244350076
1.0169862533
1.0107281504
1.0029808505
0.9926071336
0.9921963465
0.9985958108
0.9995808159
1.0014819994
1.0160967639
1.0298159011
1.0153163876
0.9807355463
0.9701692453
0.9687572209
0.9671854720
0.9614705461
0.9637359496
0.9785373708
0.9891862255
0.9919697398
1.0020010594
1.0050433421
1.0093437226
1.0211782441
1.0213460922
1.0109070005
0.9935239423
0.9746226437
0.9782979380
0.9993989396
1.0099262774
1.0167832053
1.0142477163
1.0089339033
0.9891175298
0.9740801681
0.9797914340
0.9650672013
0.9711860832
0.9913032536
0.9787127007
0.9671095657
0.9816674662
1.0022002991
1.0122802795
1.0246084071
1.0354571685
1.0193749832
0.9915303914
0.9879934651
0.9959951584
1.0077430013
0.9991104406
0.9857274694
0.9536054413
0.9260680874
0.9088679046
0.9108053357
0.9312628738
0.9335292423
0.9539646657
0.9740634544
0.9745415134
0.9899236562
0.9987102742
0.9962385273
1.0061767131
1.0151348319
1.0127701766
1.0172322108
1.0137093344
0.9966235088
0.9957215547
1.0076001621
1.0056409865
1.0058797388
1.0064323748
0.9941997417
0.9890625607
1.0024450304
0.9968798426
0.9966664009
1.0054828118
1.0041209037
0.9997407368
0.9955681419
0.9947680735
0.9972319103
0.9957574089
0.9975790660
1.0095201048
1.0154175106
0.9991800615
0.9917752755
0.9964614164
1.0007548099
0.9805623461
0.9626628780
0.9551292164
0.9693690117
0.9796385578
0.9904164581
1.0004694477
1.0018431156
0.9931775282
0.9921156185
1.0054473971
1.0112073146
1.0078816781
1.0175099425
1.0220683770
1.0016746715
0.9868300443
0.9854639749
0.9890438875
1.0142777948
1.0269126574
1.0218656329
0.9977149525
0.9846482993
0.9773843018
0.9728992646
0.9799060370
0.9794593786
0.9759729153
0.9770548387
0.9677072867
0.9565978913
0.9645079515
0.9845002672
0.9956654453
0.9810570857
0.9852889839
1.0065597308
0.9972098363
0.9930024792
0.9698435149
0.9736506327
0.9715839639
0.9930397986
1.0078409370
0.9919061071
0.9884280340
1.0030148811
1.0053863672
0.9937921325
0.9860548849
0.9857793394
0.9840481418
0.9812424305
0.9846199567
0.9824983515
0.9607922484
0.9372409581
0.9240238901
0.9211800714
0.8919759694
0.8752629690
0.8595939858
0.8230807501
0.8003788886
0.7939670229
0.8059850171
0.8221072100
0.8424104450
0.8541873833
0.8466067724
0.8447288323
0.8606124099
0.8816647056
0.9089052982
0.9263480574
0.9344119498
0.9684156993
0.9895908750
0.9967076920
1.0006057388
1.0015345607
0.9857958508
0.9807874755
0.9751746270
0.9351843654
0.9022302602
0.8852895869
0.8988060392
0.9152005535
0.9339966833
0.9603174578
0.9827732927
0.9892350561
0.9806241717
0.9804912208
0.9665087956
0.9522943277
0.9621920054
0.9756905938
0.9985956040
1.0023970643
1.0220137199
1.0098891751
0.9939829000
0.9934405234
1.0010497476
1.0078323367
1.0174432426
1.0196640081
1.0014982768
0.9846752630
0.9918841694
1.0024832987
0.9963184016
0.9944480457
1.0038743388
0.9964774732
0.9767771962
0.9782490499
0.9809885855
0.9848654303
1.0038046381
1.0230683533
1.0182695970
1.0115645974
0.9993940218
0.9802384320
0.9651920892
0.9610954429
0.9796996948
1.0029083452
1.0126117752
1.0054911285
0.9831091291
0.9730553607
0.9801733588
0.9889042966
0.9907881051
0.9911808587
0.9812565304
0.9724360339
0.9987802964
1.0006401940
0.9949881803
0.9958589428
0.9960251245
0.9842684501
0.9745039347
0.9987857742
1.0064266441
0.9946758635
0.9986034017
1.0007257850
0.9953827027
0.9972573140
0.9831625221
0.9709933327
0.9538591814
0.9620117852
0.9673345735
0.9566594090
0.9420285411
0.9285692236
0.9235319853
0.9080869810
0.8993682270
0.9119526884
0.9287652437
0.9548386812
0.9744251514
0.9838146704
0.9862345773
0.9781636869
0.9741635305
0.9857669951
0.9925967633
0.9857324160
0.9953247265
0.9961980795
0.9879336104
0.9974434543
1.0148747431
1.0228739350
1.0057257118
1.0010534754
1.0024484207
1.0030032532
0.9994431420
1.0002357447
1.0006982791
0.9941928325
0.9942918676
0.9993519702
0.9925669633
0.9839575824
0.9898376185
1.0125949137
1.0219420780
1.0181416664
1.0037024236
1.0002787968
0.9928585090
0.9748945909
0.9944728829
0.9992640175
0.9944809236
0.9912446969
0.9967487215
0.9976793632
0.9983510278
1.0003633687
0.9954474901
0.9947836683
0.9994472082
0.9909155402
0.9875565507
1.0006557114
1.0151532142
1.0083894886
1.0089754350
1.0091384237
1.0029029482
0.9930595508
0.9728765434
0.9305884503
0.8697613353
0.8107124032
0.7613741899
0.7249630285
0.7232078191
0.7667367068
0.8435207057
0.9089153756
0.9352364103
0.9538679670
0.9821684265
0.9978715513
0.9990452334
1.0065418116
1.0044852821
0.9998044219
0.9967720422
0.9912144231
0.9899659112
1.0244874917
1.0362571575
1.0324114523
1.0149240457
1.0017236929
0.9932470590
0.9870257523
0.9805519787
0.9783911536
0.9820966357
0.9807975242
0.9776195797
0.9801586445
0.9793856768
0.9765669298
0.9826948909
0.9912538204
0.9888348355
0.9790413813
0.9653897172
0.9642726539
0.9855448567
0.9934527564
0.9872204649
0.9778502779
0.9818311139
1.0014765034
1.0255624793
1.0338759061
1.0208076287
1.0070175297
0.9991562731
0.9838743080
0.9775621856
0.9826432815
0.9925354300
0.9924048933
0.9909368037
0.9870699260
0.9508908702
0.9461912275
0.9714834914
0.9882571848
1.0015590463
0.9959300858
0.9915394511
0.9954424367
1.0026783940
1.0114748093
1.0151851816
1.0079615432
0.9937786601
0.9822331687
0.9804974528
0.9842114938
0.9874369994
0.9702473588
0.9796228425
0.9637960941
0.9607316403
0.9745137827
0.9707129915
0.9770031840
1.0022780006
1.0229959973
1.0168601962
1.0122322640
1.0051631527
0.9939263414
0.9955386256
0.9972491170
0.9894508828
0.9875498915
0.9961615058
1.0162654535
1.0122111497
0.9994600475
1.0014432358
0.9715348516
0.9833259695
1.0013909071
1.0160522910
1.0004249905
0.9898117989
0.9854027617
0.9836572618
0.9789627163
0.9834724238
0.9858044612
0.9782126215
0.9801377673
0.9920081061
1.0014169459
0.9969481442
0.9922183685
1.0034273490
0.9881545097
0.9697160457
0.9735749514
1.0039307254
1.0099365158
1.0200746066
1.0001438451
0.9920418019
0.9964534295
0.9912864452
0.9843821506
0.9878681370
1.0019733585
1.0104995760
1.0019569583
0.9872058617
0.9836953741
1.0037855107
1.0130142279
1.0233490049
1.0170384618
1.0071878347
1.0109873318
1.0050321763
1.0066893397
0.9963492413
0.9796239177
0.9790245919
0.9824138441
0.9984330757
1.0132319997
1.0141225588
1.0046703083
0.9919513361
0.9882158816
1.0009649919
1.0100394557
0.9961508429
0.9828944200
0.9784289725
0.9636901703
1.0034916050
1.0168434507
0.9999996943
1.0110123881
1.0179600339
1.0019614764
0.9857574453
0.9781253251
0.9826499346
0.9894357975
0.9855910454
0.9753774325
0.9769860374
0.9781728684
0.9609372832
0.9530069255
0.9690828685
0.9995140742
0.9998085534
0.9769702497
0.9770662756
1.0016299976
1.0109934763
0.9872976411
0.9858300996
0.9924048512
0.9838239148
0.9814033282
0.9778772119
0.9790836333
0.9845338716
0.9770947717
0.9712545852
0.9823050418
0.9917743898
0.9943080231
0.9968874272
0.9973641126
0.9940737171
0.9964977842
1.0069669075
1.0021151089
0.9957398913
1.0035744768
1.0006789948
0.9847966399
0.9814600872
0.9800382616
0.9856783357
0.9982410086
1.0019085482
0.9913854173
0.9806839397
0.9795668252
0.9820610087
0.9824063467
0.9855583443
0.9949826323
0.9944643227
0.9798799973
0.9688502398
0.9789779762
0.9970470263
1.0034340022
0.9888306378
0.9767126964
0.9628493094
0.9734288924
0.9954159708
0.9921225301
0.9776385810
0.9816656958
1.0033083909
1.0099165248
0.9992834854
1.0048871906
1.0165093332
1.0113653927
0.9779043619
0.9792741807
0.9927578084
1.0081077791
1.0091911569
0.9957141460
0.9943406831
0.9971717582
0.9986060339
1.0009662645
0.9997775031
0.9816642618
0.9677311898
0.9791738451
0.9989478709
0.9971367702
0.9835074301
0.9846941879
0.9879238190
0.9854521113
0.9905585265
0.9898286900
0.9839606834
0.9880443714
0.9925061768
0.9970187192
0.9971915684
0.9859325044
0.9801619527
0.9721868778
0.9862310745
0.9881762436
0.9926021933
0.9955270942
0.9913584173
0.9909830891
0.9979167655
1.0117597518
1.0228267460
1.0125518681
0.9777596900
0.9599316570
0.9750581169
0.9842067803
0.9565818356
0.9719709351
1.0092418608
0.9967408228
0.9915522208
1.0053925643
1.0166472565
1.0139860639
0.9983555900
0.9951293794
0.9907675567
0.9796876937
0.9768125917
0.9783510581
0.9700102819
0.9338364123
0.9273375964
0.9319466278
0.9384532179
0.9518972477
0.9688381078
0.9897146907
0.9930615507
0.9841699359
0.9885528252
0.9862240597
0.9721420864
0.9912613180
1.0069006502
0.9966474823
0.9900920592
0.9833536201
0.9691052434
0.9691108655
0.9688917129
0.9588915689
0.9799390299
1.0107001667
0.9976915015
0.9930023503
1.0024618699
0.9905727528
0.9804758737
0.9722773976
0.9966038809
0.9891737491
0.9711869469
0.9536707434
0.9403728392
0.9282622325
0.9025786297
0.8576458915
0.8131591725
0.7749841612
0.7349819701
0.7200431749
0.7408622125
0.8021958937
0.8544343056
0.9153205402
0.9513602029
0.9856563410
0.9995057014
0.9962847600
0.9974050506
0.9964779588
0.9880652986
0.9929468382
0.9970309522
1.0026868456
1.0099477557
1.0086668335
0.9958303110
0.9797204572
0.9732921733
0.9784661183
0.9846442494
0.9839930308
0.9733335544
0.9686436273
0.9727337235
0.9746944126
0.9711095985
0.9647228294
0.9595105095
0.9597774426
0.9575585400
0.9647481337
0.9728673278
0.9802533222
0.9960179569
1.0008463090
0.9914435356
0.9902847249
0.9918200452
0.9919582164
1.0035202074
0.9978098433
0.9860651402
0.9965905339
0.9930150858
0.9693094881
0.9639282574
0.9834931313
0.9903941026
0.9921077670
0.9945361379
0.9990620180
0.9795507321
0.9684372534
0.9726532540
0.9786593948
0.9760069422
0.9654328023
0.9619712700
0.9720493776
0.9925087075
0.9857159052
0.9641550269
0.9716877385
0.9706086502
0.9752183266
0.9897067599
0.9618051738
0.9489743609
0.9449614968
0.9409903232
0.9403352120
0.9422278533
0.9578418122
0.9861619383
1.0006010884
0.9909066967
0.9727481974
0.9645819395
0.9697261016
0.9692955661
0.9710361143
0.9659360980
0.9566016091
0.9689057677
0.9748905874
0.9968624851
0.9765864823
0.9464727684
0.9473862883
0.9685448349
0.9827114868
0.9823864304
0.9788959868
0.9797430936
0.9822058029
0.9834736838
0.9837794640
0.9864381341
0.9937861874
0.9991842014
1.0011911952
1.0055200229
1.0232364152
1.0319745903
1.0125528305
1.0176039010
1.0173641319
1.0021044860
0.9934560076
0.9928142936
0.9877792311
0.9928308873
0.9870314055
0.9820675467
0.9806536643
0.9797093633
0.9824518273
0.9766794411
0.9682098552
0.9858917638
1.0071247838
1.0029026214
0.9675338484
0.9580651675
0.9818666259
0.9871013147
0.9685480695
0.9693807896
0.9799307662
0.9669917651
0.9586871364
0.9596539382
0.9696431524
0.9787197328
0.9855303643
0.9811175976
0.9789107641
0.9921558580
0.9969300942
0.9910783427
0.9806059585
0.9868366748
1.0004012431
0.9989649903
0.9811076667
0.9621369858
0.9809326050
1.0020424939
1.0045328714
1.0026656491
0.9964163050
0.9937652404
0.9780029469
0.9612294364
0.9672457711
0.9741048670
0.9717882450
0.9794318688
0.9913549936
0.9978952858
0.9979270776
0.9918365556
0.9897068759
0.9854043085
0.9786199841
0.9689696987
0.9853464831
1.0074497529
1.0065174826
0.9980552781
0.9963428395
0.9925764116
0.9953485101
0.9932669407
0.9803494415
0.9717527339
0.9749678662
0.9801069961
0.9868848885
0.9977946074
0.9930613582
0.9853893249
0.9952593664
1.0088472539
1.0025067453
0.9860035483
0.9794077060
0.9922087098
0.9971757615
0.9977352294
0.9805556713
0.9692649256
