#flux
0.9721230524
0.9726310070
0.9697379243
0.9678302292
0.9676939858
0.9689927243
0.9730769547
0.9826976990
0.9971781259
0.9988440578
0.9851723076
0.9780188220
0.9812399460
0.9743810520
0.9755663907
0.9850561564
0.9791615274
0.9737093870
0.9773076677
0.9841810835
0.9910927163
0.9963999401
0.9847871025
0.9666062173
0.9541227510
0.9390484597
0.9182714648
0.9019432128
0.8997456788
0.9101745600
0.9295285446
0.9585872339
0.9824919967
0.9847488217
0.9805301146
0.9817491663
0.9858387951
0.9847490764
0.9761639293
0.9692825171
0.9696828957
0.9569521445
0.9401540000
0.9315133679
0.9372251668
0.9539470276
0.9639303490
0.9588408326
0.9515225029
0.9607805592
0.9785720514
0.9720719430
0.9684313395
0.9645831089
0.9607944153
0.9688346203
0.9716420299
0.9619004258
0.9553510154
0.9591570667
0.9554763873
0.9503605876
0.9425095324
0.9405169360
0.9435332740
0.9365973486
0.9187445877
0.9027773123
0.8925151820
0.8737229087
0.8465495578
0.8500994436
0.8807528086
0.9143241197
0.9398740086
0.9551329499
0.9705114713
0.9820941847
0.9762939812
0.9644772619
0.9593233354
0.9610353115
0.9641144037
0.9649613809
0.9624398458
0.9572949188
0.9541967114
0.9538506703
0.9412810291
0.9081323676
0.8803645656
0.8636938992
0.8676153718
0.8933393209
0.9220767507
0.9435463319
0.9577932139
0.9504918224
0.9099280074
0.8646376471
0.8493862435
0.8442565531
0.8502720433
0.8752960658
0.9089383381
0.9344234602
0.9474811086
0.9580154774
0.9711007700
0.9771346931
0.9722612071
0.9673103554
0.9708888810
0.9496952364
0.9475639340
0.9482837609
0.9492463889
0.9571074781
0.9620639093
0.9671893450
0.9657992999
0.9568515218
0.9510085220
0.9550739178
0.9563725582
0.9509135247
0.9483803158
0.9490006011
0.9496178520
0.9510841668
0.9526755730
0.9600136931
0.9453344422
0.9379229013
0.9275967611
0.9356101659
0.9435170289
0.9380999409
0.9324942015
0.9347542075
0.9505044908
0.9669538690
0.9776202609
0.9722683633
0.9654240371
0.9659153629
0.9652976289
0.9650777993
0.9669100050
0.9660997447
0.9649710870
0.9654893137
0.9645830690
0.9623246978
0.9491436573
0.9522145862
0.9321674083
0.8850025741
0.8411147823
0.8195129778
0.8227391535
0.8425355718
0.8756702502
0.9053268933
0.9191301197
0.9255448543
0.9380289810
0.9525713258
0.9516763270
0.9328522926
0.9179405962
0.9218866083
0.9278693995
0.9172824473
0.8954946665
0.8696247348
0.8695873022
0.8676442485
0.8727746860
0.8903024978
0.9051744753
0.9242976171
0.9217407193
0.9141708079
0.9081805217
0.9012765039
0.9005510264
0.9004568606
0.8933898439
0.8890720046
0.8917536047
0.8888041396
0.8797379597
0.8831227930
0.8764040597
0.8698301635
0.8395562417
0.8152388357
0.7884946097
0.7521947208
0.7111340344
0.6627112238
0.6007015001
0.5318065821
0.4609483644
0.3956895901
0.3466663139
0.3090620716
0.2726320209
0.2426870131
0.2218841893
0.2084796561
0.1953169004
0.1826937303
0.1876142169
0.1860875596
0.1951029713
0.2088749556
0.2207579479
0.2430064183
0.2799798721
0.3237755871
0.3687929608
0.4204552185
0.4848731755
0.5535014635
0.6220580485
0.6877437539
0.7416920090
0.7826790051
0.8080568327
0.8302205471
0.8460835376
0.8442354861
0.8292658318
0.8214440042
0.8290145601
0.8500253424
0.8592696598
0.8763449451
0.8873582049
0.9016410666
0.9240597258
0.9311543191
0.9193791574
0.9163011599
0.9281105093
0.9359873345
0.9386410542
0.9430585287
0.9403034057
0.9356741472
0.9364779484
0.9346012710
0.9377481298
0.9450245139
0.9313377574
0.9047672148
0.9098297140
0.9235882722
0.9279285130
0.9427221283
0.9525569981
0.9502760309
0.9514605381
0.9564776101
0.9544102335
0.9492383866
0.9529223771
0.9637996054
0.9674352791
0.9628957061
0.9714864892
0.9697592352
0.9813686430
0.9787038681
0.9791544263
0.9725928432
0.9670465354
0.9517417585
0.9107203980
0.9032468354
0.9441192236
0.9699566498
0.9687680368
0.9728047509
0.9806596644
0.9762409426
0.9668134480
0.9640099370
0.9706472899
0.9801930985
0.9841828884
0.9819611206
0.9762094872
0.9750961191
0.9802303792
0.9692148214
0.9698196164
0.9728377699
0.9692702675
0.9761685507
0.9864543076
0.9795860954
0.9756883447
0.9822529747
0.9814676276
0.9750800508
0.9795081030
0.9871140574
0.9829203761
0.9799539394
0.9793023128
0.9720084431
0.9569390337
0.9441638001
0.9287431110
0.8761461134
0.8210923364
0.7804621590
0.7557669675
0.7543613671
0.7868448894
0.8481514546
0.9062985982
0.9383688560
0.9510027448
0.9597073090
0.9672984170
0.9688031235
0.9650131871
0.9631755458
0.9674863873
0.9673269182
0.9671796854
0.9538178476
0.9673291381
0.9825062755
0.9665060231
0.9524617543
0.9650349669
0.9725315357
0.9517028997
0.9344626421
0.9263743790
0.9271805758
0.9417588082
0.9571641611
0.9611637842
0.9605007630
0.9605606520
0.9635328938
0.9704669856
0.9732471309
0.9705257157
0.9779310925
0.9819563693
0.9899672413
0.9711544220
0.9652207426
0.9751274809
0.9822047935
0.9773390410
0.9694169045
0.9688982408
0.9675922592
0.9598952810
0.9559735367
0.9540086091
0.9471722645
0.9494044297
0.9529728027
0.9356738458
0.9418092467
0.9482957148
0.9380979425
0.9234388607
0.8817717838
0.8145756642
0.7693621080
0.7527592699
0.7816274269
0.8345387099
0.9025479801
0.9433370251
0.9601571474
0.9726332834
0.9778326130
0.9755858386
0.9788258109
0.9887409376
0.9836615678
0.9605056819
0.9691439316
0.9839669236
0.9827931720
0.9877643734
0.9999094087
0.9850040597
0.9608101701
0.9358325300
0.8904310095
0.8277979781
0.7822035684
0.7625418515
0.7762257990
0.8323547725
0.9014019598
0.9424484211
0.9577370034
0.9655637650
0.9628679341
0.9518060355
0.9216183794
0.8716067923
0.8097602073
0.7442550593
0.7120855559
0.7390423141
0.7963632297
0.8690908259
0.9203941190
0.9520337938
0.9601170878
0.9613470702
0.9727006445
0.9831710235
0.9827152019
0.9834441791
0.9909394300
0.9918990281
0.9884907044
0.9957516672
0.9926638545
0.9787850201
0.9591626017
0.9522404629
0.9497321645
0.9474611159
0.9487620894
0.9567794843
0.9694085718
0.9795637362
0.9836994559
0.9804704571
0.9679503242
0.9631145697
0.9655076851
0.9651073369
0.9685206337
0.9787186084
0.9852677249
0.9834449979
0.9890828722
0.9881360708
0.9828839060
0.9900113171
0.9887544438
0.9789089078
0.9764268786
0.9722570584
0.9776012016
0.9858560258
0.9833353683
0.9917572618
0.9929358845
0.9878556140
0.9921002838
0.9991090851
0.9988650726
0.9972193657
1.0021264250
1.0088260737
1.0103301558
1.0132180291
0.9913422366
0.9940031984
0.9892575364
0.9901239679
0.9886369628
0.9892033819
0.9836892618
0.9847502394
0.9939440339
0.9971503358
0.9964995357
0.9928676494
0.9799480780
0.9700965955
0.9739423102
0.9746303603
0.9699071996
0.9793042057
0.9854057610
0.9933512983
0.9989407803
0.9949667618
0.9959337540
0.9946982338
0.9779670972
0.9713800093
0.9783555840
0.9773580984
0.9584788832
0.9512240432
0.9660026719
0.9823951834
0.9858181187
0.9883352029
0.9941648200
0.9928606533
0.9859582250
0.9727361143
0.9600267816
0.9555672836
0.9454160037
0.9230031209
0.8789431450
0.8697261198
0.8430360068
0.8293382990
0.8429786409
0.8696826359
0.9152700675
0.9614939897
0.9765136881
0.9715138069
0.9728773221
0.9813913440
0.9891361161
0.9920594285
0.9837659710
0.9739808129
0.9761879592
0.9699866444
0.9687181094
0.9666890109
0.9666216588
0.9641930476
0.9808418362
0.9877483496
0.9854577698
0.9828937874
0.9800760023
0.9788799408
0.9762837609
0.9699187449
0.9660304670
0.9688490928
0.9742440501
0.9784714792
0.9813572506
0.9795206758
0.9719144862
0.9712133903
0.9709209651
0.9607493618
0.9588579051
0.9698277936
0.9679228034
0.9538350520
0.9428397228
0.9359743833
0.9538608289
0.9735340297
0.9793619243
0.9886025490
0.9923191142
0.9880751899
0.9904782187
0.9928231669
0.9846336738
0.9754584040
0.9702911474
0.9724871657
0.9829999322
0.9867395387
0.9778804593
0.9766905978
0.9764480385
0.9720035807
0.9793345468
0.9906116968
0.9959983113
0.9887570409
0.9784612847
0.9726960071
0.9778048010
0.9832668855
0.9801156430
0.9773627693
0.9787711229
0.9776503929
0.9737817843
0.9702245006
0.9746404228
0.9825355264
0.9806534853
0.9817419742
0.9870947353
0.9908250347
0.9579505161
0.9110146348
0.8514050851
0.7967142874
0.7678232706
0.7793974514
0.8215782387
0.8693779272
0.9123544751
0.9418904028
0.9438643076
0.9358990340
0.9483284580
0.9666709136
0.9793201405
0.9783880262
0.9911985377
0.9786544908
0.9723191416
0.9790587214
0.9807282499
0.9823206775
0.9880358653
0.9910035293
0.9922879820
0.9925672687
0.9843971872
0.9775444808
0.9751417471
0.9797104870
0.9961578908
1.0013539071
0.9881023488
0.9828717887
0.9904401513
0.9893316363
0.9984765566
0.9900724324
0.9890419463
0.9942310223
0.9915225048
0.9828490459
0.9770702591
0.9826597228
0.9885197626
0.9856227317
0.9838078362
0.9899172120
0.9855941701
0.9694390866
0.9658387492
0.9713788410
0.9694968460
0.9705770657
0.9758690389
0.9731644039
0.9625549766
0.9714484957
0.9888612925
0.9949574474
0.9952689423
0.9902102210
0.9802591279
0.9703691734
0.9707249856
0.9772949770
0.9777044785
0.9820628875
0.9940218927
0.9942069289
0.9871372305
0.9950561075
1.0054802275
1.0088418247
1.0028485944
0.9998358055
1.0013514626
0.9991441060
1.0016838964
1.0012663598
0.9879187535
0.9902104536
0.9932384128
0.9848752409
0.9801982715
0.9787742519
0.9667312754
0.9610925801
0.9616664853
0.9678138971
0.9834975184
0.9859958600
0.9757827509
0.9714656171
0.9796512359
0.9881221617
0.9845856997
0.9790898890
0.9780880492
0.9742579504
0.9818315941
0.9941978602
0.9997842730
0.9961604188
0.9694206988
0.9446268140
0.9244555749
0.9147111001
0.9160466035
0.9062337238
0.8730483406
0.8198503375
0.7443673178
0.6665418119
0.6230033673
0.6253557868
0.6785865805
0.7709196501
0.8586369798
0.9165828068
0.9507699556
0.9674894569
0.9728941818
0.9715574438
0.9708920816
0.9610448992
0.9318003942
0.8628575538
0.7671384108
0.6868514851
0.6511189382
0.6648847127
0.7203627477
0.8040025777
0.8808563655
0.9376542259
0.9678771040
0.9750100335
0.9817796362
0.9879114501
0.9877857824
0.9911582948
0.9886468283
0.9884192031
0.9909563230
1.0040327729
0.9996689706
0.9828222885
0.9725197133
0.9750499141
0.9842099984
0.9877370187
0.9842848965
0.9817835026
0.9904715647
0.9926488704
0.9815102907
0.9697367402
0.9713170144
0.9779300138
0.9815747730
0.9865817525
0.9805083015
0.9700942616
0.9648983775
0.9620363888
0.9630884499
0.9677428175
0.9793766271
0.9833993081
0.9806154863
0.9862267233
0.9911921169
0.9985912885
1.0001057540
1.0023596640
0.9943850350
0.9972752392
0.9907392815
0.9822054859
0.9806279187
0.9867929829
0.9908055369
0.9795123024
0.9747170960
0.9782063454
0.9834978437
0.9784879931
0.9607048470
0.9287220423
0.8892170642
0.8650194698
0.8636452974
0.8769393099
0.9122435630
0.9397172157
0.9460360845
0.9572258170
0.9710655059
0.9789522000
0.9770444827
0.9823651070
0.9815023349
0.9827075874
0.9882314743
0.9758797261
0.9508371936
0.9351816670
0.9257874383
0.9171364608
0.9242722396
0.9475749941
0.9623330310
0.9605785030
0.9507268076
0.9361800737
0.9166541574
0.8940844108
0.8914478990
0.9099630413
0.9251991753
0.9225051528
0.9531047136
0.9736267937
0.9835758135
0.9879240828
0.9845370567
0.9836751904
0.9837859454
0.9817212017
0.9864456114
0.9940355571
0.9902920026
0.9838728199
0.9854257114
0.9822242494
0.9655597456
0.9661076062
0.9881502971
0.9827553007
0.9863029529
0.9907620451
0.9862208096
0.9749466319
0.9816913779
0.9962638271
0.9958887487
0.9884030434
0.9842844506
0.9803009986
0.9787277926
0.9841942689
0.9890082581
0.9861967112
0.9818326793
0.9851319650
0.9915352241
0.9956412412
0.9931159621
0.9827635642
0.9727419255
0.9559598599
0.9779141265
0.9823899248
0.9986188281
0.9961460311
0.9971926859
0.9931754708
0.9799330586
0.9681692479
0.9661741812
0.9728002880
0.9786558189
0.9805561873
0.9830842418
0.9897965284
1.0035164795
1.0030877279
1.0036268804
1.0203538158
1.0119431136
0.9929205952
0.9895105621
0.9895792997
0.9768849183
0.9673376122
0.9711284814
0.9760823482
0.9826663981
0.9844676521
0.9870040502
0.9947632625
0.9979261021
0.9989430462
0.9962807587
0.9941577698
0.9932082535
1.0049143962
1.0122783535
1.0174516243
1.0196053979
1.0049211895
0.9968279711
0.9942247402
0.9738462297
0.9380510413
0.8975578824
0.8546616151
0.8233154459
0.8145505900
0.8356641022
0.8821735130
0.9312291289
0.9671722578
0.9884739221
0.9903474040
0.9852868438
0.9879727167
0.9851033163
0.9871360459
0.9962435549
1.0021670112
0.9951830634
0.9889243835
0.9844880484
0.9715971728
0.9641685853
0.9632102916
0.9605707773
0.9495382700
0.9476559247
0.9532856882
0.9516835448
0.9627320272
0.9892402386
1.0044196370
1.0036438942
0.9981218675
0.9946811060
0.9907590836
0.9866269528
0.9848035351
0.9805265128
0.9855245671
0.9815847912
0.9620080882
0.9412422073
0.9279314117
0.9207364610
0.9280574173
0.9481809205
0.9611627277
0.9643725362
0.9684756081
0.9707713994
0.9757847463
0.9705789528
0.9837791474
1.0056319757
1.0034087823
0.9945874748
0.9929390218
0.9691465083
0.9466839248
0.9199584260
0.8896854712
0.8753837181
0.8770173707
0.9046733649
0.9487436333
0.9851790794
1.0035068786
1.0088099093
1.0080817777
1.0039985455
1.0005069934
0.9979902379
0.9911286957
0.9885402897
0.9749163258
0.9479840883
0.8988405515
0.8136520753
0.7375615066
0.7151958576
0.7347458088
0.7833334824
0.8471955931
0.8968288105
0.9185019277
0.9196117886
0.9101965845
0.8946795075
0.8786510594
0.8744980817
0.8914559858
0.9225189479
0.9494434533
0.9741603288
0.9896401889
0.9900268366
0.9939089085
0.9962158593
0.9920226558
0.9898430985
0.9773362461
0.9782207269
0.9904003006
0.9878243755
0.9749518888
0.9738909277
0.9773067706
0.9774871124
0.9815912160
0.9871361829
0.9967808790
0.9940756694
0.9890379135
0.9902589237
0.9966019915
0.9918001064
0.9991373585
0.9985110516
1.0034689576
0.9986913685
1.0088076899
1.0136056189
1.0057482005
0.9965979022
0.9922617553
0.9922318287
0.9888614975
0.9802298680
0.9792279599
0.9882462178
0.9904297017
0.9875384105
0.9913993346
0.9901633949
0.9968365692
0.9995625845
0.9903220814
0.9833350655
0.9789042564
0.9791085036
0.9903309346
0.9932254426
0.9956315712
1.0005717554
1.0016404959
1.0019079742
1.0067477914
1.0063804737
0.9941962004
0.9789682563
0.9665220444
0.9646303353
0.9637542382
0.9569268837
0.9366755347
0.9134378004
0.9099326724
0.8900781495
0.8878484786
0.9230870603
0.9458781661
0.9656819738
0.9795938913
0.9846912989
0.9953928976
1.0015812624
0.9967431228
0.9948285221
1.0002166828
1.0035392031
1.0054778572
1.0140130469
1.0080362446
0.9914825967
0.9899074673
0.9823413331
0.9791805188
0.9701657123
0.9775058143
0.9910332154
0.9900800911
0.9994187921
1.0088038282
1.0064813943
0.9976870201
0.9958611518
1.0037674876
1.0063387140
0.9977584987
0.9915086427
0.9918741041
0.9935790514
0.9953224815
1.0000219281
0.9931675846
0.9802816790
0.9838576463
0.9846843822
0.9927193673
1.0048277795
1.0008965594
0.9874580737
0.9829534202
0.9842168686
0.9851947597
0.9895734762
0.9842191308
0.9740094748
0.9720098111
0.9687034641
0.9665763417
0.9684740566
0.9683720621
0.9832738255
0.9834578563
0.9898388280
0.9804345043
0.9779101389
0.9919153211
0.9928392873
0.9901865195
0.9755773139
0.9692468455
0.9784036027
0.9868533413
0.9811585784
0.9827789578
0.9924425293
0.9928756691
0.9897120378
0.9854613163
0.9803434368
0.9812650089
0.9807355601
0.9739711904
0.9784626116
0.9696992850
0.9971662503
0.9903019093
0.9954920794
1.0086663912
1.0018030791
0.9921921894
0.9839654556
0.9973250819
1.0105847983
1.0129210788
1.0071179137
0.9950165826
0.9858759911
0.9817020959
0.9808960589
0.9794715920
0.9734297749
0.9798136173
0.9864976295
0.9990937785
0.9945689890
0.9767953153
0.9900286673
1.0083852436
1.0107107787
1.0044155593
1.0036232749
1.0103234080
1.0152669086
1.0091934994
0.9959743819
0.9849103896
0.9792229497
0.9810908360
0.9893767251
0.9913658822
0.9847993908
0.9816465178
0.9889695376
0.9883793670
0.9881850044
0.9897361965
0.9893101943
0.9937495524
0.9927614254
0.9906608543
1.0013274995
1.0083677864
1.0015352987
0.9869431356
0.9790309911
0.9764771640
0.9720596270
0.9673968060
0.9525096872
0.9265655856
0.9035372560
0.8966463778
0.9100408331
0.9330506158
0.9403757198
0.9554205569
0.9665845892
0.9749423289
0.9543695651
0.9394198448
0.9506658232
0.9655019871
0.9796007600
0.9929975924
0.9957132029
0.9916362890
0.9893232408
0.9891647705
0.9957043441
1.0008992166
1.0008179100
1.0055600894
1.0021756154
1.0046527959
1.0071762875
0.9927170571
0.9832883430
0.9878220131
0.9891735569
0.9888367894
0.9958331721
0.9850982172
0.9700033516
0.9714520501
0.9819203728
0.9884965093
0.9872889542
0.9847651146
0.9894416513
0.9868071030
0.9775450843
0.9836426631
0.9868325162
0.9952803994
0.9964294737
0.9786859548
0.9728710656
0.9652544657
0.9222165011
0.8760973352
0.8457795667
0.8345665010
0.8448175977
0.8702064939
0.9012129450
0.9256989746
0.9501963077
0.9841671365
1.0037719806
1.0014364556
1.0003833921
1.0010141690
1.0051575926
1.0027370789
0.9981672946
0.9950230311
0.9883709267
0.9887937415
0.9900099359
0.9912772446
0.9929949929
0.9881824064
0.9860928445
0.9901932543
0.9934301815
0.9994624555
1.0075275494
1.0092900246
1.0073804958
1.0002453453
0.9918092493
0.9912996606
0.9968585196
0.9960305055
1.0184671345
1.0182012398
1.0080032366
1.0087896581
1.0015043762
0.9851937913
0.9740393355
0.9543485717
0.9204816412
0.9027222069
0.9050885605
0.9264986123
0.9546977733
0.9721541730
0.9867250878
0.9945712844
1.0016746467
0.9970578528
0.9933762246
0.9875173358
0.9837801177
0.9862242556
0.9791324310
0.9914483850
1.0057736559
0.9992868240
0.9997883529
0.9992074333
0.9964307905
0.9956595862
0.9965938665
0.9928146107
0.9787946602
0.9698303294
0.9773819401
0.9832599814
0.9946825217
1.0083667384
1.0060373649
1.0034893467
1.0038273605
0.9915363427
0.9919937118
0.9958624247
0.9960018961
0.9881839879
0.9807712338
0.9679580321
0.9566394305
0.9458878539
0.9396292673
0.9441178114
0.9555425511
0.9687933553
0.9810939519
0.9885298261
0.9937381436
0.9910263327
0.9852225164
0.9894593935
0.9930244385
0.9988293404
1.0028976976
0.9990748350
0.9949902630
0.9841794773
0.9845081016
0.9801143550
0.9777566008
0.9759477278
0.9771580526
0.9772786885
0.9764562439
0.9844084222
0.9923303316
0.9870445915
0.9796506528
0.9658578399
0.9478758149
0.9568814042
0.9754241530
0.9823049176
0.9839931659
0.9828074061
0.9790177006
0.9796983898
0.9805672713
0.9760953830
0.9641877820
0.9396132462
0.9160175454
0.9087870008
0.9178127532
0.9360027923
0.9565758156
0.9729527274
0.9846756579
0.9975698099
1.0015064372
1.0018765922
1.0030028343
0.9989932233
0.9837940164
0.9713841496
0.9661833925
0.9442152543
0.9157084095
0.8953014705
0.8885935004
0.8860398725
0.8722717894
0.8357250066
0.8036627179
0.7964745755
0.8075586353
0.8455509271
0.8862972388
0.8852177677
0.8700012498
0.8651840068
0.8842837455
0.9179930115
0.9598827721
0.9632924361
0.9779083405
0.9916944034
0.9994196324
0.9973542094
0.9955696693
0.9914417966
0.9830230889
0.9723412287
0.9581081374
0.9404243897
0.9213238720
0.9058176865
0.9170150041
0.9684452494
1.0031630376
0.9919898028
0.9895164987
0.9933962898
0.9890952601
0.9850213492
0.9618650449
0.9571781471
0.9725746790
0.9809705804
0.9880637487
0.9940014548
0.9940107911
0.9927044338
0.9949917270
0.9910578733
0.9793926053
0.9753341307
0.9829208202
0.9993646947
1.0008742386
1.0098721547
1.0116750798
1.0053680482
1.0043255688
1.0056496524
1.0005338040
0.9902431849
0.9879928985
0.9970142010
0.9960875865
0.9983595702
1.0005041208
0.9905498511
0.9862445534
1.0019347699
1.0183179565
1.0192910708
1.0143657422
1.0090295443
0.9995886539
0.9965030839
0.9962922080
0.9954138029
0.9675126558
0.9693382742
0.9933566995
0.9963982470
0.9926880257
0.9847422473
0.9831935617
0.9851691924
0.9904144674
0.9901365139
0.9911794116
0.9929519512
0.9848873336
0.9809454931
0.9882706211
0.9950533390
1.0151836183
1.0063227392
0.9955017513
0.9990130920
0.9941985154
1.0068810857
1.0078239862
0.9938770779
0.9935282569
0.9929334354
0.9755693337
0.9434562232
0.9268041767
0.9186093904
0.8986315692
0.8829828535
0.8877919966
0.9007801348
0.9173897141
0.9427250973
0.9671487397
0.9776950322
0.9889492387
0.9945114543
0.9933165468
1.0090609481
1.0009815671
0.9884525201
0.9897122867
0.9941557411
1.0069891398
1.0091989453
1.0018498773
0.9988697075
0.9935243088
0.9869372033
0.9924623946
1.0027414249
1.0001893535
0.9917863124
0.9994045802
1.0013597162
1.0066899184
1.0002372162
1.0104817982
1.0064290717
0.9984132581
1.0026709632
1.0213928238
1.0273810652
1.0153650710
1.0131545393
1.0166299168
1.0038542709
0.9900398426
0.9896417717
0.9935683816
0.9917300565
0.9869304005
0.9908798363
0.9880512087
0.9821965263
0.9814628618
0.9833085887
0.9995512765
1.0078136779
0.9947951067
0.9928156647
0.9943990882
0.9913499368
0.9980649205
0.9907680341
0.9740444729
0.9599131247
0.9470962548
0.9183219190
0.8556507459
0.7639446625
0.6715769250
0.6182659591
0.6385384626
0.7128546348
0.7951261407
0.8867520032
0.9352733682
0.9609494613
0.9928597619
1.0141391419
1.0039514285
0.9881542496
0.9951676498
1.0007730416
0.9989367175
0.9957624458
0.9931509382
0.9948847536
1.0013809856
1.0036264088
1.0047441439
1.0139748069
1.0044549541
0.9700301465
0.9503094569
0.9424348318
0.9432690729
0.9346640381
0.9513939599
0.9534950419
0.9694762531
0.9714259304
0.9719173707
0.9839749119
0.9937016759
1.0012690928
0.9964052487
0.9954258804
1.0056885401
1.0054974247
0.9992234387
1.0036142729
1.0104924898
1.0071371163
0.9995846382
1.0165762367
1.0102961651
1.0065776486
0.9920668842
0.9833238070
0.9842362488
0.9805287578
0.9781866618
0.9644768819
0.9453816208
0.9308156958
0.9361748032
0.9461425640
0.9499485702
0.9625849956
0.9776187901
0.9819314209
0.9929949279
1.0017498505
0.9951631627
0.9952582903
1.0026576281
0.9924274476
0.9939779472
0.9850370798
0.9838170111
0.9796162895
0.9716796371
0.9508520037
0.9220901428
0.9067041212
0.9108807748
0.9308134809
0.9561132581
0.9775972726
0.9855672345
0.9783819258
0.9854718944
1.0033907655
1.0006172628
0.9844533311
0.9904792904
1.0109045847
1.0107274020
1.0056917777
1.0010008449
0.9950014878
0.9957030224
0.9960826941
0.9960616451
0.9927790248
0.9891072236
0.9938759294
1.0007430295
0.9977039111
0.9949084420
0.9952332742
0.9831592271
0.9897601234
1.0017139010
1.0064991294
1.0145627325
1.0131377555
1.0094946450
1.0068863875
1.0076851843
1.0171538051
1.0073478022
0.9914174611
0.9834281258
0.9740904671
0.9807034064
0.9905700281
0.9920490751
0.9956131558
0.9989049721
0.9988483721
1.0038383910
1.0070976030
0.9914296940
0.9735458652
0.9773381571
0.9826265332
0.9876691641
0.9909810785
0.9737547279
0.9787330581
0.9916616725
1.0004314451
1.0082558855
1.0071642233
1.0030927372
1.0011920059
1.0079221226
1.0101965864
0.9963089500
0.9860408930
0.9843423744
0.9800400475
0.9727887790
0.9869656424
0.9865782891
0.9930179790
1.0021935606
1.0002630109
0.9964284639
1.0107615575
1.0148906313
1.0178839522
1.0165328198
1.0023049920
0.9844615703
0.9907993663
1.0017835277
1.0019547671
0.9972862477
0.9851543437
0.9792758010
0.9723783816
0.9788710517
0.9887618705
0.9956775858
0.9894476336
0.9859153209
0.9957361326
0.9732767939
0.9616806798
0.9661700865
0.9681193793
0.9720893974
0.9814742037
1.0041435725
1.0131761079
1.0114218586
1.0097893224
1.0044789798
0.9980205737
0.9903202886
0.9959174912
0.9972820753
0.9839432386
0.9892692648
0.9945256996
0.9848006266
1.0036240660
1.0021773692
1.0051165139
1.0120134891
1.0126653974
1.0028920773
0.9993993346
1.0049580562
1.0090102017
1.0089567101
1.0076324899
1.0119342431
1.0149086740
1.0051435637
1.0072565535
1.0120564287
1.0042351919
0.9994981654
0.9941191213
0.9981103710
0.9981255562
0.9889955681
0.9872969720
0.9981346009
0.9881675879
0.9702598403
0.9692152063
0.9785565780
0.9842772681
0.9842337422
0.9826025536
0.9766791135
0.9681253990
0.9619337324
0.9554033368
0.9680771712
0.9751527810
0.9914268774
1.0060082904
1.0204599156
1.0004872064
0.9734732543
0.9789642751
0.9894844955
1.0000287332
1.0066966071
0.9943534784
0.9858658302
1.0024295695
1.0173315723
1.0087867126
0.9998439618
1.0092863003
1.0180752373
1.0127403769
1.0074825356
1.0052430528
1.0007179532
0.9893291836
0.9882872090
0.9930347105
0.9970343916
0.9937468131
0.9938979265
0.9945401634
0.9922854408
0.9951920391
0.9929749715
0.9900218711
0.9882494955
0.9893743075
0.9950863877
0.9990532272
0.9996664125
1.0015552784
1.0042621904
1.0062562536
0.9912614765
1.0050350191
0.9995457761
0.9984847353
0.9937575938
0.9862625150
0.9875276806
0.9885182029
0.9900097740
0.9969602876
1.0038660876
0.9954550496
0.9871680498
0.9883378039
0.9920153038
0.9916606739
0.9843956438
0.9837184643
0.9977990968
1.0078161746
1.0009369435
0.9933000252
0.9875142725
0.9911303823
0.9776518166
0.9711032003
0.9732300196
0.9637509709
0.9628815490
0.9652267452
0.9722343422
0.9848681228
0.9904809785
0.9890853338
0.9922336441
0.9972736540
0.9973722039
1.0015187602
1.0124721322
1.0158339570
1.0142989510
1.0061496143
1.0002561904
0.9924998601
0.9894611374
0.9801265205
0.9835487758
0.9832102665
0.9921241774
0.9974544563
0.9986914946
1.0134836525
1.0161956214
1.0060723613
0.9938329379
0.9828858295
0.9850309816
0.9884365590
0.9765171647
0.9502276315
0.9044081841
0.8506688618
0.7873369473
0.7171943698
0.6588612303
0.6348130736
0.6564967599
0.7305828690
0.8171553986
0.9021660114
0.9494778141
0.9734389335
0.9814716545
0.9885894734
0.9980445266
0.9959936925
0.9886006550
0.9869713643
0.9826439423
0.9718761322
0.9740316236
0.9776646794
0.9898320086
0.9966882390
0.9978902845
1.0066360744
1.0004988817
0.9996773862
1.0073990991
1.0101906726
1.0002262798
0.9823502094
0.9610197809
0.9505801295
0.9505634077
0.9453854048
0.9464756568
0.9655887980
0.9730706187
0.9728954640
0.9866369928
0.9883782493
0.9806094835
0.9789049897
0.9822142726
1.0033548408
1.0008909545
1.0000136529
0.9809331315
0.9732577960
0.9800646126
0.9890578318
0.9902591085
0.9822215807
0.9726473930
0.9716353781
0.9736168020
0.9742424481
0.9800290394
0.9728511208
0.9837177812
0.9925733905
1.0050146879
1.0084729142
0.9952660925
0.9812362132
0.9919785332
0.9780221383
0.9790914668
0.9703122048
0.9493912091
0.9399952119
0.9445188597
0.9487886573
0.9511886592
0.9580879962
0.9654278835
0.9671992907
0.9696539892
0.9793502275
0.9900664950
0.9849935376
0.9839931185
0.9931435612
0.9786643259
0.9548665516
0.9583333165
0.9592020298
0.9613330106
0.9802325393
0.9885530262
0.9915515080
0.9916061877
0.9914049482
0.9911236554
0.9820009002
0.9699659281
0.9703481916
0.9795959739
0.9890953364
0.9870745502
0.9876311847
0.9758533533
0.9704372649
0.9728504360
0.9856373861
0.9898925171
0.9980389119
1.0059118581
0.9995193660
1.0010147873
1.0038467120
0.9995919954
1.0043293483
1.0124075356
1.0106293689
1.0028628860
1.0019353660
1.0091153533
0.9959303682
0.9767120330
0.9901968240
0.9968814414
0.9974042205
0.9990539198
1.0001988941
1.0052200421
0.9975549170
1.0014059763
0.9998420825
0.9934250619
0.9844862689
0.9852346661
0.9940953753
0.9847382017
0.9786888372
0.9838861930
0.9826233208
0.9949129873
0.9988537240
0.9998820383
0.9867815198
0.9784132616
0.9737225067
0.9729370725
0.9799961059
0.9867503058
0.9836123291
0.9815528011
0.9998660070
0.9982343911
0.9921815307
0.9884623397
0.9865906268
0.9858734905
0.9893338015
0.9901290288
0.9877017426
0.9875215412
0.9736483483
0.9728336484
0.9875401093
0.9920798829
0.9804122322
1.0019323770
1.0119074922
1.0095714841
1.0067985546
1.0101633619
1.0073178836
1.0027647329
0.9969353192
0.9936299329
0.9902104280
0.9858422659
0.9826150374
0.9864332520
0.9948969830
0.9954736360
0.9934667468
0.9982827746
1.0018011083
1.0105905147
0.9972321686
0.9933910966
0.9843814594
0.9800963543
0.9972910640
0.9965121700
0.9950400791
0.9894609225
0.9943750466
1.0036140810
1.0052753791
1.0087349912
1.0067847010
0.9987494434
0.9973822361
0.9958707648
