#flux
1.0050216260
0.9901186149
0.9759005995
0.9703858120
0.9791770941
0.9887282427
0.9795481342
0.9734558240
0.9888295535
0.9989968198
0.9981670120
0.9911725090
0.9835615553
0.9931552206
0.9856785800
1.0010881823
0.9946043440
0.9950861377
0.9977801695
0.9968406371
1.0051474555
1.0153105072
1.0045896757
1.0079645554
1.0084609555
0.9954399819
0.9886825473
0.9893430404
0.9864871258
0.9822509845
0.9775360185
0.9749032712
0.9821814961
0.9758471522
0.9744163186
0.9751216595
0.9895008586
0.9948795522
0.9849124577
0.9831610402
0.9892144561
0.9735309698
0.9665965232
0.9747483234
0.9729648115
0.9678128037
0.9711814115
0.9747900492
0.9723444235
0.9693663497
0.9742209450
0.9931737484
1.0193621511
1.0155660609
1.0062568631
1.0133111040
0.9937563936
0.9826566607
0.9786537443
0.9553588672
0.9508153572
0.9839361880
1.0125638485
1.0085330565
0.9979819511
0.9883362046
0.9797978881
0.9808078328
0.9882588585
0.9910557641
0.9833688911
0.9697539424
0.9663025047
0.9699800735
0.9599927006
0.9571495787
0.9617318298
0.9526846474
0.9383941170
0.9385334755
0.9520652382
0.9759145956
0.9774431796
0.9792333801
0.9802274576
0.9739225767
0.9600957319
0.9381143334
0.9097909453
0.8767791865
0.8430962420
0.8294777721
0.8542150221
0.8840443958
0.9071615798
0.9194894498
0.9148897286
0.9098001122
0.8998784061
0.8777174042
0.8714569193
0.8727774116
0.8821392600
0.8967196092
0.9172922495
0.9360920157
0.9435870188
0.9482556986
0.9604651643
0.9707095332
0.9722349905
0.9611685228
0.9166842140
0.8997158319
0.8916011461
0.9114179322
0.9362023496
0.9587434276
0.9594260287
0.9283659933
0.9146411248
0.9396192378
0.9742528627
0.9818788019
0.9621112975
0.9336082084
0.9261571782
0.9395894514
0.9454437472
0.9399760202
0.9415821911
0.9494546071
0.9509718472
0.9377079879
0.9179297953
0.9042230108
0.8981162112
0.9064830161
0.9392506444
0.9603033423
0.9447593915
0.9434343197
0.9480413750
0.9585681577
0.9691883375
0.9528175342
0.9267342362
0.9170204066
0.9115584182
0.8981944074
0.8942717491
0.9121964923
0.9276786894
0.9240597557
0.9271312874
0.9414578634
0.9319723089
0.9037866312
0.8862366790
0.8683486712
0.8529835590
0.8601212126
0.8655006331
0.8678523611
0.8662250454
0.8818217137
0.9065278807
0.9095378609
0.8956175589
0.8834029552
0.8678670297
0.8571224605
0.8663157609
0.8709407211
0.8689291286
0.8499912417
0.8412814960
0.8374986981
0.8333986109
0.8536166327
0.8759363774
0.8773217852
0.8747153315
0.8780780637
0.8784956341
0.8643229369
0.8400278044
0.8302401109
0.8370070770
0.8347723811
0.8186592795
0.8037179292
0.7924725089
0.7891669445
0.7998184380
0.7798343353
0.7620361454
0.7786406130
0.7633510945
0.7248182309
0.6924927297
0.6688395295
0.6353555130
0.5862552236
0.5384148984
0.4957530873
0.4430530655
0.3859606131
0.3429180029
0.3078342030
0.2710907741
0.2508388628
0.2559062092
0.2655630662
0.2640807189
0.2616358241
0.2709162709
0.2931062030
0.3172051513
0.3947691239
0.4495909253
0.4913024972
0.5442063461
0.5851607618
0.6158588557
0.6501483118
0.6713990628
0.6895041952
0.7112298685
0.7254323971
0.7383003269
0.7513333865
0.7665296040
0.7883776425
0.8045792444
0.8020963912
0.7917743861
0.7978593063
0.8166215350
0.8316330208
0.8622515145
0.8707453743
0.8472438738
0.8437918706
0.8612583916
0.8828215588
0.8914498476
0.8856521573
0.8825714658
0.8788908102
0.8664146173
0.8622889641
0.8609636726
0.8685559580
0.8978947264
0.8965527310
0.9031594871
0.8968925644
0.8733115786
0.8714307222
0.8816202734
0.8843022375
0.8684377431
0.8921053254
0.9191855261
0.9176959862
0.9203365317
0.9282412669
0.9254289247
0.9191101118
0.9115394852
0.9035013262
0.9025494613
0.8980953456
0.8931182988
0.9082438289
0.9427261851
0.9332959859
0.9183501082
0.8985221601
0.8900407391
0.8918865173
0.8977185835
0.9141313641
0.9247386211
0.9334145396
0.9425556044
0.9443357584
0.9348211915
0.9312567238
0.9414161496
0.9435640278
0.9377856573
0.9366356548
0.9348986940
0.9358227693
0.9534306830
0.9385043955
0.9431033766
0.9519915141
0.9592534713
0.9621854558
0.9531597612
0.9532277819
0.9519056441
0.9363194180
0.9324762595
0.9495226251
0.9534853469
0.9535720382
0.9685938666
0.9631922974
0.9408223481
0.9191415993
0.9139340010
0.9290689586
0.9399996158
0.8993498520
0.8085953989
0.7403257194
0.7235728141
0.7526825437
0.7886294759
0.8311190599
0.8661100583
0.8885565452
0.9099916335
0.9282264828
0.9350658977
0.9388002896
0.9510518617
0.9668409975
0.9793081514
0.9903492309
0.9839766177
0.9627997840
0.9420455843
0.9287465471
0.9606662926
0.9732550940
0.9634389691
0.9405864147
0.9322812657
0.9510321911
0.9397192168
0.9157559154
0.9181852427
0.9336468696
0.9398662131
0.9390681807
0.9412552254
0.9457858305
0.9457126395
0.9491521574
0.9506609061
0.9472949589
0.9560760326
0.9642055199
0.9560241198
0.9626535627
0.9899621197
0.9932820966
0.9809010722
0.9567253304
0.9506269348
0.9537016749
0.9511789836
0.9523132183
0.9599018338
0.9624073037
0.9550410603
0.9464944894
0.9457947146
0.9487180965
0.9499736831
0.9349419224
0.9171755802
0.8909312891
0.8589770095
0.8139762516
0.7824830711
0.8003109071
0.8411990039
0.8879943715
0.9330225901
0.9755127123
0.9959255190
0.9985922825
0.9963588270
0.9909149675
0.9826182181
0.9749585626
0.9741617018
0.9813137324
0.9804074926
0.9607667885
0.9531591258
0.9608986725
0.9315342461
0.9423593611
0.9438787628
0.9166062584
0.8903804350
0.8596479829
0.8437119909
0.8578717027
0.8935470303
0.9347150968
0.9593922482
0.9659423054
0.9763408262
0.9772238124
0.9454735551
0.9217724172
0.8984408365
0.8619630629
0.8294620169
0.7949021440
0.7732826044
0.7935261758
0.8363520024
0.8795646472
0.9354976419
0.9821494369
0.9783360306
0.9785798953
0.9811001309
0.9762031195
0.9696472665
0.9742214106
0.9854318051
0.9824845849
0.9680982221
0.9584818372
0.9637128032
0.9759836081
0.9653291708
0.9568204120
0.9547285588
0.9519702462
0.9721301879
0.9776614355
0.9770921897
0.9733715184
0.9833733264
0.9853581160
0.9734107193
0.9749138550
0.9864335827
0.9883061357
0.9899694897
0.9956192336
0.9792655894
0.9466329587
0.9441527424
0.9631933010
0.9568197115
0.9459992096
0.9787594150
1.0022894658
1.0088957933
1.0266507016
1.0312746182
1.0269908025
1.0258697698
1.0186237636
1.0337953709
1.0525426888
1.0614179809
1.0489655944
1.0132094141
0.9900012441
0.9924764925
0.9918819103
0.9881106739
0.9854122843
0.9712189311
0.9678233299
0.9894984290
0.9987815800
0.9894062790
0.9700158359
0.9584630026
0.9872353698
1.0032040116
0.9914559794
0.9858949408
0.9920881027
0.9879537771
0.9735699019
0.9677106002
0.9746487850
0.9903222195
1.0017820463
0.9764936256
0.9524745962
0.9694893382
0.9661594418
0.9822843659
0.9838546635
0.9690645703
0.9634405873
0.9554020696
0.9545242148
0.9577850816
0.9438966381
0.9356499184
0.9524972780
0.9712466515
0.9797597541
0.9842551892
0.9858725311
0.9870106561
0.9864522804
0.9784047967
0.9635707950
0.9616911384
0.9574380170
0.9387883990
0.9144579217
0.8804149660
0.8698519144
0.9157803598
0.9361902745
0.9528878086
0.9683906298
0.9682817027
0.9609712103
0.9613521596
0.9734929111
0.9872601170
0.9934825049
0.9966550407
0.9993311909
0.9936921185
0.9783351651
0.9667058651
0.9719262913
0.9851063340
0.9739179405
0.9794534674
0.9901887996
1.0113334533
1.0008680636
0.9987362933
0.9869403678
0.9583014736
0.9463782442
0.9557039495
0.9695685398
0.9858986969
0.9968307937
0.9879393343
0.9729146057
0.9646931725
0.9493133344
0.9486300289
0.9402727921
0.9384509128
0.9418280239
0.9663538981
0.9589430724
0.9410083048
0.9472517576
0.9620985627
0.9736128181
0.9818038760
0.9811586892
0.9865044099
1.0081873275
1.0119749156
0.9968536916
0.9948665941
0.9924633387
0.9892081568
0.9638507735
0.9334856982
0.9392141327
0.9606529332
0.9849864174
1.0056427493
0.9894901242
0.9793552449
0.9940869623
0.9844769284
0.9740642006
0.9609465229
0.9700518774
0.9871027550
0.9901555229
0.9887234546
0.9915459770
0.9932477788
0.9914648803
0.9914539605
1.0027226099
1.0017385702
0.9948058344
0.9921758124
0.9928613252
0.9950663602
0.9789238281
0.9366838962
0.8735348070
0.8509004716
0.8324562774
0.8134903297
0.8447841035
0.9052480223
0.9480043763
0.9579159455
0.9563406619
0.9686280837
0.9856078498
0.9913435112
0.9859243572
0.9816741433
0.9837162109
0.9820305966
0.9826211862
0.9933595689
0.9913590169
1.0080365182
0.9921702950
0.9831084624
0.9815280422
0.9827068478
0.9712708725
0.9604972319
0.9607757896
0.9667664050
0.9729958844
0.9739275438
0.9694626658
0.9711149981
0.9801582343
0.9852267993
0.9835849829
0.9584173059
0.9582610565
0.9901403561
0.9613479402
0.9601670010
0.9760958532
0.9817809205
0.9723532091
0.9745002285
0.9834058644
0.9807641532
0.9745940421
0.9801338633
0.9906423000
0.9935073670
0.9924100620
0.9929489369
0.9896048560
0.9780307723
0.9544793854
0.9627658740
0.9867009593
0.9914560546
1.0051930144
1.0284557457
1.0352261189
1.0327733257
1.0089061156
0.9934931338
1.0054376419
1.0154662898
1.0103791489
1.0079083600
1.0081719195
1.0006939134
0.9974325194
1.0018005820
0.9966964793
0.9923008405
0.9777325339
0.9545539472
0.9570560005
0.9752236020
0.9890616659
1.0069584286
1.0124799236
1.0073252165
0.9974188677
0.9881353819
0.9661626890
0.9366831264
0.9180825362
0.9188619311
0.9432781931
0.9786714040
0.9948774022
0.9887699372
0.9861876619
0.9998025077
0.9911203432
0.9852148764
0.9896626935
1.0026949718
0.9873211682
0.9771339370
0.9856626469
0.9757642501
0.9707788339
0.9645780306
0.9384416612
0.9161068684
0.9043110238
0.8881170498
0.8691611519
0.8276022857
0.7451470286
0.6664811585
0.6170392677
0.6166169069
0.6761690073
0.7461115187
0.8272529160
0.8995134362
0.9276134818
0.9536203188
0.9665203689
0.9605566803
0.9418184456
0.9278452243
0.9117615325
0.8740477093
0.8146295188
0.7492851853
0.7034635977
0.7097133177
0.7679879850
0.8307388697
0.8828340035
0.9534723556
0.9887615074
0.9765767072
0.9405484963
0.9560757061
0.9832691289
1.0004760894
0.9958214562
0.9866361035
0.9760915174
0.9606010716
0.9627985764
0.9784304302
0.9880737219
0.9860995852
0.9786847722
0.9698121619
0.9584094811
0.9493086961
0.9515771371
0.9600557200
0.9786965911
0.9772875019
0.9735346155
0.9830964973
0.9661629180
0.9727406052
0.9639358645
0.9467841252
0.9437586464
0.9357034514
0.9397671506
0.9312100166
0.9357557964
0.9608079613
0.9677894779
0.9529743167
0.9478310308
0.9569734888
0.9641246110
0.9663113888
0.9683340545
0.9658960866
0.9817552800
1.0143821130
1.0241636484
1.0078535915
0.9858145847
0.9700579136
0.9618561819
0.9734244538
0.9690816405
0.9714616333
0.9676614578
0.9244787460
0.8760041703
0.8532462844
0.8401964284
0.8385090821
0.8622340392
0.9200223665
0.9699739769
0.9738637812
0.9764600377
0.9950190486
1.0175904572
1.0236776185
1.0233424274
0.9980708020
0.9637448893
0.9450405551
0.9211652589
0.8964096725
0.8933037196
0.9032077467
0.9142351376
0.9295404821
0.9475749369
0.9583452307
0.9529177355
0.9381302965
0.9301988851
0.9257310022
0.9323838198
0.9552561094
0.9708500220
0.9856519345
1.0068636535
1.0058524510
0.9880596755
0.9774665222
0.9772703086
0.9826858752
0.9866972204
0.9776014026
0.9701777391
0.9809637586
0.9988813134
0.9997617650
0.9815111905
0.9883957398
1.0027274439
0.9924531857
0.9709008895
0.9602382622
0.9645345879
0.9720490363
0.9789432534
0.9953514950
0.9869762312
0.9673362791
0.9693546908
0.9772141084
0.9831931065
0.9980618392
1.0095329151
1.0068458879
0.9961973165
0.9844193567
0.9891365696
1.0073639205
1.0010813730
0.9985344305
1.0060488407
1.0149339594
1.0039841605
0.9758175967
0.9681398187
0.9686175736
0.9739628473
0.9900465604
0.9944623931
1.0020194023
1.0190240078
1.0192353630
1.0044372952
1.0006690717
1.0025667485
0.9929897776
0.9812608706
0.9721967099
0.9719396545
0.9890213284
0.9944115595
0.9851090911
0.9721393956
0.9670204790
0.9742856035
0.9704356041
0.9702115864
0.9517894946
0.9302430865
0.9600676067
0.9958565325
1.0066309726
0.9896390188
0.9665488705
0.9714868657
0.9934880098
0.9980818066
0.9854533797
0.9720826393
0.9866481956
1.0080390018
1.0071238991
1.0013248744
0.9844973875
0.9823004365
0.9782330815
0.9581518077
0.9506300335
0.9509604800
0.9257828801
0.8874406602
0.8700278920
0.8762043349
0.9087119670
0.9600402669
0.9981980819
1.0129344825
1.0083950811
0.9959033869
0.9932252550
1.0065003446
1.0096233696
1.0161092432
1.0027843841
0.9748673129
0.9504166503
0.9650993686
0.9892114184
0.9812817278
0.9545252940
0.9617951807
0.9730233873
0.9675469130
0.9678049601
0.9707436683
0.9665319040
0.9745242795
0.9913669555
0.9886066416
0.9816734738
1.0004783226
1.0069694319
0.9914180163
0.9652224815
0.9412049612
0.9528111637
0.9576118860
0.9755094057
0.9719862281
0.9571542383
0.9466304067
0.9418755989
0.9459251421
0.9578746747
0.9745655078
0.9886902355
0.9906370285
0.9959735602
1.0194520472
1.0320057512
1.0254796527
1.0072865806
0.9965255781
0.9841739006
0.9969968530
0.9716137840
0.9316183740
0.8859304878
0.8850246755
0.9051040650
0.9303490852
0.9589839652
0.9769220583
0.9844228962
0.9889840558
0.9896870823
0.9923218322
1.0038275714
1.0197570306
1.0148339996
0.9903581833
0.9690113743
0.9443768489
0.9025030251
0.8345711142
0.7977970471
0.7910954753
0.8084500794
0.8375407194
0.8639792343
0.9100773305
0.9650591417
0.9739786001
0.9534753011
0.9453027408
0.9447801836
0.9418829978
0.9417957053
0.9694050839
0.9914817923
0.9896923264
0.9764850722
0.9601772703
0.9766140805
1.0040327930
1.0206967067
1.0330315991
1.0125118357
1.0075688066
1.0141162734
1.0111731794
1.0129305037
0.9957590008
0.9771011933
0.9844614807
0.9924116979
0.9896905089
0.9900040156
0.9949840363
1.0076407516
1.0023760073
0.9809050187
0.9969804999
1.0215408919
1.0489748375
1.0537408383
1.0187888601
1.0040408360
0.9993649296
0.9941113218
0.9976353853
1.0027384932
0.9956687823
0.9931658587
0.9931464425
0.9850369872
0.9785420090
0.9679931104
0.9646216736
0.9686922921
0.9753428282
0.9846960726
0.9696335772
0.9879354722
1.0004848987
0.9649814134
0.9584679911
0.9891114177
1.0154651449
0.9902949648
0.9606185014
0.9667363765
1.0041244149
1.0260048456
1.0135292579
0.9879257495
0.9601887048
0.9408192167
0.9431546389
0.9496876017
0.9434510751
0.9249178241
0.9151069590
0.9161967984
0.9236355503
0.9415633763
0.9540808875
0.9682084461
0.9605420616
0.9689669045
0.9865159774
0.9765928556
0.9744518254
1.0036429326
1.0254645383
1.0124555917
0.9928284884
0.9964688420
1.0003031671
0.9865680870
0.9895369435
0.9970314926
0.9979794780
1.0130660971
1.0272222503
1.0147909740
0.9834457349
0.9744724971
0.9842516164
0.9928222989
0.9935866873
0.9861736272
0.9747566182
0.9768276403
0.9969523454
1.0073754218
1.0040591432
1.0111955468
1.0103347597
0.9987248222
0.9791234603
0.9818077020
0.9819825757
0.9884027292
1.0014178458
1.0031228839
0.9725295869
0.9596160947
0.9829837418
0.9913337715
0.9950237193
0.9883216838
0.9815918163
0.9790201216
0.9924379119
1.0191586169
1.0265288627
1.0120485711
0.9982620071
0.9869605437
0.9856322618
0.9830828284
0.9944501924
0.9849955149
0.9822998007
0.9633003304
0.9561782011
0.9642432293
0.9702101370
0.9849286848
0.9955481682
0.9882982896
0.9789949959
0.9799812507
0.9751822821
0.9703315265
0.9799555294
0.9986823021
1.0171147775
0.9927788252
0.9937819017
0.9798876659
0.9718232106
0.9724824498
0.9985183090
0.9997103632
1.0118243623
1.0112955443
1.0031701546
0.9991698809
0.9910808271
0.9857823541
0.9782545389
0.9683088381
0.9758046024
0.9999445231
1.0065601658
0.9842049545
0.9678506672
0.9756797932
0.9724804333
0.9567428497
0.9826122116
1.0255257052
1.0187558261
1.0085413281
0.9995471362
0.9909084446
0.9913836659
0.9954587094
0.9917269059
0.9952416081
1.0104799928
1.0229775545
1.0179741639
1.0037294782
0.9965351491
0.9994595585
1.0099372049
1.0137268336
1.0017297251
0.9840869990
0.9899505734
0.9935603001
0.9981303446
0.9845325801
0.9838152923
0.9975369695
0.9949828939
0.9879608922
0.9839360091
0.9862069084
1.0011754661
1.0176953546
1.0266148088
1.0296869666
1.0324023092
1.0378713910
1.0350257980
1.0102881877
0.9771896374
0.9748430642
0.9904016861
1.0082348068
1.0214371639
1.0055530839
0.9800837908
0.9804537435
1.0036670094
1.0087142055
0.9984397816
0.9942475783
1.0055062974
1.0091880524
0.9885306767
0.9717716822
0.9795038113
0.9899876974
0.9865871272
0.9729024430
0.9692517351
0.9786154300
0.9818619382
0.9909185079
1.0163564027
1.0203413499
0.9978858418
0.9804105606
0.9785168228
0.9788644704
0.9620907244
0.9515323004
0.9744801332
1.0064347488
1.0155136829
1.0014599202
0.9838369411
0.9794369441
0.9892274628
0.9993426567
0.9957189478
0.9964949063
1.0055780149
1.0109397287
0.9949904689
0.9837661785
0.9703558795
0.9567551865
0.9458263704
0.9421919509
0.9458462425
0.9447732589
0.9521577403
0.9634759967
0.9702992333
0.9851166062
1.0033516353
1.0047981969
0.9970920194
0.9942689689
1.0005929265
1.0117262706
1.0065302321
1.0201843474
1.0446589718
1.0230568031
0.9936957023
0.9899235016
0.9800559893
0.9858347397
0.9954670231
1.0003950647
0.9955222361
0.9723542715
0.9749076371
0.9957639853
1.0011020492
1.0000634229
0.9981840147
1.0059661244
1.0077910380
1.0110480293
1.0153464320
1.0271317251
1.0048911241
1.0058677961
1.0149723753
1.0004394867
0.9957132699
1.0094152566
0.9941390444
0.9603847953
0.9149414790
0.8885474163
0.9005265684
0.9178545906
0.9369285028
0.9837152089
1.0203428833
1.0105375840
1.0038425811
1.0217908823
1.0013775995
1.0039833973
1.0024417548
0.9722183260
0.9670704284
0.9742949035
0.9557105711
0.9778456461
0.9968247064
1.0070937645
1.0178622038
1.0168007125
1.0029418212
0.9962438857
0.9853610936
0.9585499879
0.9533488436
0.9882815323
1.0194330335
0.9888356223
0.9929456768
1.0220017082
1.0159663363
1.0012664600
1.0069939465
0.9909558196
0.9854895866
1.0194913564
1.0159554077
0.9879714621
0.9776695371
0.9818248149
0.9751376900
0.9657048312
0.9699205900
0.9828719187
0.9923299205
0.9908854591
0.9968036393
1.0237637784
1.0246314544
0.9997018507
1.0024493042
1.0029837421
1.0056948996
1.0090741069
0.9787245288
0.9599614914
0.9715660165
0.9854016636
0.9969616100
0.9879233517
0.9693535507
0.9727257584
0.9838648739
0.9673256709
0.9527200736
0.9797902262
0.9932440865
0.9833446033
0.9812209207
0.9892554420
0.9903523513
0.9685303065
0.9569222485
0.9575577062
0.9724153364
0.9808237933
0.9708852822
0.9634548697
0.9710036895
0.9749401922
0.9692170924
0.9726256361
0.9749023262
0.9670002109
0.9687823939
0.9785391836
0.9875369609
0.9816907104
0.9801959758
0.9794173214
0.9742598985
0.9730553657
0.9653089682
0.9803700273
0.9455108537
0.9052233278
0.8866813127
0.8625836852
0.8618368839
0.8640696778
0.8403819872
0.8110832147
0.7963945597
0.7804229459
0.7811377887
0.8222911526
0.8437855788
0.8696576504
0.8998594446
0.9095822612
0.8901350656
0.8816452908
0.9271230802
0.9297514883
0.9356165807
0.9612265045
0.9840048510
0.9971518110
0.9997218901
1.0022963719
1.0125287793
1.0140240402
1.0066151964
0.9925662108
0.9564237019
0.9100203143
0.8934817205
0.9278699651
0.9593965472
0.9934944430
1.0106804789
0.9688480579
0.9663474614
0.9656633070
0.9621303989
0.9428995139
0.9571743108
0.9617512203
1.0018528806
1.0374750640
1.0241326350
0.9956504502
0.9862989916
0.9837159861
0.9834524402
0.9900166901
0.9838170989
0.9807472251
0.9764597854
0.9629086838
0.9852071791
1.0061708450
0.9902409590
0.9753735333
0.9976040451
1.0080270700
1.0114689285
1.0107815984
1.0118304051
1.0090483113
1.0151790667
1.0076717123
0.9924623669
1.0032591034
1.0205234244
1.0145841212
1.0034992083
0.9935047559
0.9837237910
1.0004592019
1.0236882221
1.0222045876
1.0310403938
1.0055679977
1.0016247175
0.9908543261
0.9910937944
1.0004815816
0.9979568727
0.9745031948
0.9745504037
0.9917775658
1.0191842107
1.0274330545
1.0077634760
1.0046714369
0.9934683525
0.9903104158
0.9948172619
1.0047059040
1.0124618054
1.0205516955
1.0357275737
1.0261315894
1.0136731819
0.9984387546
0.9838451826
0.9703300631
0.9683168362
0.9581064586
0.9420514977
0.9234995582
0.8981514070
0.8735010154
0.8684402944
0.8935188901
0.9337534341
0.9650902628
0.9901888942
1.0023209838
1.0327847549
1.0122248335
1.0090591885
0.9941827169
0.9775985189
0.9804269196
0.9725410472
0.9669119962
0.9936359287
1.0154229237
1.0345530530
1.0280316832
1.0002717088
0.9832081569
0.9721035888
0.9573277072
0.9615047806
1.0002571402
1.0392085856
1.0364599221
1.0049926236
0.9956811176
1.0284233408
1.0225288682
0.9996936609
0.9875528161
0.9872941451
0.9842676231
0.9844322963
0.9991346436
1.0136318059
1.0150609399
1.0083532656
1.0051432291
1.0064888075
1.0004028561
0.9851359168
0.9770655955
0.9774864374
0.9818989026
0.9871990142
0.9827648463
0.9733902039
0.9822910722
0.9935378224
0.9825244161
0.9994720192
1.0279916511
1.0117600605
0.9944572284
0.9914091731
1.0010909553
1.0038074767
0.9906151130
0.9362158729
0.8316027843
0.7508808782
0.7206923445
0.7228471723
0.7742700023
0.8577016735
0.9218576678
0.9488278438
0.9796565051
0.9923249948
1.0122982980
1.0270908538
1.0369292436
1.0108281899
0.9928890141
0.9987598642
0.9996045037
0.9972429317
0.9951449586
0.9797028988
0.9676664933
0.9764814981
0.9869133197
1.0062900558
1.0024823844
0.9862334982
0.9890735385
0.9931391349
1.0073500305
0.9931100875
0.9742820176
1.0079218410
1.0102742528
0.9807236541
0.9665782623
0.9795537379
0.9905549282
0.9911906018
0.9898527723
0.9928255384
1.0044397263
1.0140964383
1.0094228455
1.0064987956
1.0153727169
1.0195799780
1.0257810258
1.0107088674
1.0005530511
1.0034352328
1.0024699698
1.0013425511
1.0161466105
1.0200610364
0.9997654223
0.9798976302
0.9605865562
0.9423140019
0.9396647238
0.9445155352
0.9490956807
0.9707149480
1.0048211122
1.0335834217
1.0390977283
1.0163280468
0.9965395907
0.9916594624
1.0122613364
1.0160432396
1.0120178783
1.0034397135
0.9955114723
0.9814593011
0.9662042073
0.9606666616
0.9763120842
0.9827458804
0.9763564278
0.9738897444
0.9800518486
0.9923620546
0.9938651804
1.0065182330
1.0202212279
1.0392281818
1.0390375104
1.0197181969
1.0124402769
1.0092090204
1.0097602159
1.0212700650
1.0092693213
0.9892516667
1.0127048764
1.0316640435
1.0059285002
0.9832767157
0.9886845398
0.9917309174
0.9909546938
1.0064774216
1.0238321862
1.0270702927
1.0086735069
1.0023796964
1.0054872926
1.0136468316
1.0429170670
1.0227964621
1.0080918787
1.0166883967
1.0213203203
1.0074592863
0.9864952478
0.9676188180
0.9705367165
0.9854008681
0.9954025450
1.0026093495
1.0156332598
1.0255596807
1.0194993771
1.0211276632
1.0255972236
1.0073187181
0.9871027147
0.9789659374
0.9837518376
0.9781025774
0.9978598986
1.0169790265
1.0282288039
1.0192918107
0.9908353233
0.9707451582
0.9828795948
1.0115241611
1.0302856942
1.0297306357
1.0214691545
1.0176915651
1.0192740579
1.0282702132
1.0133915744
0.9834259107
0.9900633205
0.9965019513
1.0096416836
1.0062244091
1.0119224025
1.0114299621
1.0092653738
1.0243911791
1.0069543963
0.9904042465
0.9905307027
1.0079971368
1.0201125507
1.0085008339
0.9886520983
0.9865018847
0.9981047230
0.9916353729
0.9851347317
0.9935903839
1.0091184487
1.0211500896
0.9982225387
0.9938120990
0.9566107076
0.9616312616
0.9593222984
0.9344818522
0.9267148607
0.9530842900
0.9843736783
1.0043725823
1.0075096460
1.0017086221
0.9874752609
0.9642596244
0.9666987705
0.9908021472
0.9759917199
0.9718205258
0.9847138374
1.0137808159
1.0019537071
1.0061911479
1.0136397335
1.0045464875
0.9957887022
1.0020881832
1.0061507719
0.9948993338
0.9928142192
0.9822707010
0.9711291482
0.9755654201
0.9860164589
0.9846856648
0.9846015876
1.0192938023
1.0191077315
0.9960328654
0.9896440508
0.9886001840
0.9922334509
0.9934687711
1.0166255024
1.0119251406
1.0054726486
1.0051715685
1.0129633769
1.0145800710
1.0212610743
1.0185750026
1.0152808149
1.0162307018
1.0115209880
1.0101520354
1.0185701507
1.0138844689
0.9810370366
0.9834841256
0.9872483034
0.9840273829
0.9944469181
1.0089961885
1.0093579009
0.9949925995
0.9968233691
0.9852392727
0.9599168548
0.9673034053
0.9841045019
0.9832882865
0.9834192594
1.0108179524
1.0313132815
1.0160036544
1.0026352732
1.0014584359
1.0068406091
1.0352510049
1.0330070573
1.0105421122
0.9902689187
0.9715284347
0.9913808838
1.0061574698
1.0044803217
1.0020813249
0.9997735896
1.0123081221
1.0102730027
0.9853243655
0.9660915407
0.9710621334
0.9848563660
0.9960666599
1.0063554376
1.0037597548
0.9887911420
0.9676389572
0.9981321202
1.0181488400
0.9911661894
0.9855841797
1.0187556292
0.9976585867
0.9950452362
0.9963046381
1.0089989538
1.0109440505
1.0037601945
0.9863259206
0.9778302276
0.9913415776
0.9916842250
0.9723862285
0.9736726361
0.9931591853
1.0166331729
1.0173150625
1.0084336977
1.0048729562
0.9987758942
0.9996411912
0.9907742075
0.9620965731
0.9546253688
0.9455315926
0.9478120193
0.9495530192
0.9600291213
0.9812232066
0.9965946648
1.0034194573
1.0105088730
1.0093715558
0.9905685138
0.9713297801
0.9752933621
1.0024895547
0.9854986877
0.9857414928
0.9958428594
0.9902468069
0.9746078198
0.9909168813
1.0008157381
0.9807328402
0.9860052011
0.9778809796
0.9822631204
0.9923528398
0.9881732300
0.9849400100
0.9975719556
1.0042026712
0.9896708103
0.9685849734
0.9510303356
0.9662254884
0.9645545424
0.9206660317
0.8521451061
0.7866692927
0.7591726422
0.7023261746
0.6766495457
0.7065901980
0.7621037155
0.8416770507
0.9204259556
0.9634451515
0.9655859802
0.9789807222
0.9988586749
0.9984090214
0.9930941799
0.9851633037
0.9832876079
0.9656546172
0.9748476122
0.9993931623
0.9772373082
0.9578692442
0.9807442282
0.9789969286
0.9818456565
0.9732707348
0.9853245208
1.0024906012
0.9973628801
0.9724332214
0.9558934894
0.9722635323
0.9971845603
0.9915078170
0.9676244959
0.9555587587
0.9519610274
0.9563688563
0.9567105997
0.9957580883
1.0066157736
0.9890260146
0.9865547039
1.0001399853
0.9955952036
0.9841736976
0.9919176429
0.9985983126
1.0034261236
0.9995088886
0.9878096477
0.9904716601
0.9956846893
0.9858062094
0.9738214079
0.9659488395
0.9716316211
1.0013603749
1.0161183900
1.0149402620
0.9834845039
0.9996325766
1.0027268029
0.9996870296
0.9882800489
0.9855708900
0.9963916311
0.9834611204
0.9563108736
0.9558128118
0.9692115018
0.9635593896
0.9496926568
0.9428080551
0.9312508750
0.9173253763
0.9268752509
0.9645688463
0.9790937641
0.9782874942
0.9741221641
0.9685017215
0.9936250035
0.9963107801
0.9822909878
0.9801265592
0.9600426938
0.9376682021
0.9328695965
0.9721207241
1.0029339067
1.0026635408
0.9957343529
0.9972436771
1.0016319183
0.9949190416
0.9762967165
0.9664826282
0.9794608421
0.9837894102
0.9870984108
0.9837879731
0.9810000814
0.9638645836
0.9616806517
0.9688326736
0.9878155954
0.9965744485
1.0101213048
1.0078530698
0.9962994845
0.9923174198
0.9932430447
0.9911808761
0.9946338766
1.0015852218
0.9959829302
0.9956283401
0.9854152779
0.9904977822
1.0081430644
0.9987665476
0.9977976158
1.0124170282
1.0162911320
1.0311341468
1.0002192490
0.9843543566
0.9840677341
0.9943186825
1.0051438512
1.0115179441
1.0174038115
1.0149163291
1.0043360141
0.9951244662
0.9825279947
0.9827881778
0.9953763906
0.9960443934
0.9967096015
1.0031163215
0.9942503822
0.9780340800
0.9623158302
0.9800310871
0.9886759738
0.9768563065
0.9695807611
0.9732728858
0.9678843900
0.9733875306
0.9856729528
0.9833041164
0.9793990931
0.9897827999
0.9883435514
0.9619784500
0.9795537223
0.9836683293
0.9709888518
0.9879584473
1.0206248588
1.0527241043
1.0253856940
0.9981383518
0.9784352522
0.9891128182
0.9942472237
0.9895294145
0.9930742963
0.9974019487
0.9949207589
0.9808542936
0.9727786013
0.9875260175
0.9922943089
0.9825680431
0.9993464664
1.0181517057
1.0111276211
0.9864284121
0.9939758212
0.9939861946
0.9939965442
0.9812926891
0.9885642724
1.0009220615
0.9933094838
0.9866445551
0.9990369194
0.9967271459
0.9937476348
1.0024398976
0.9936824308
0.9730495738
0.9608951347
0.9544805660
