#flux
0.9794868235
0.9713945894
0.9685304628
0.9748921969
0.9821814187
0.9817471694
0.9750554168
0.9689172008
0.9656060810
0.9732528351
0.9842128342
0.9868236275
0.9878944956
0.9768630378
0.9802314431
0.9806350447
0.9876032486
1.0065641400
1.0115874620
0.9934007167
0.9744171145
0.9697475624
0.9699351080
0.9576829229
0.9436715670
0.9463424554
0.9526719395
0.9702552511
0.9764766497
0.9779919651
0.9878638436
0.9773327101
0.9756695076
0.9861641845
0.9666098362
0.9557706145
0.9838439921
1.0030369551
0.9886009262
0.9697346281
0.9716263964
0.9867480648
1.0023687693
1.0064893157
0.9986793126
0.9921228499
0.9839531084
0.9760137752
0.9794102800
0.9840933282
0.9762526070
0.9788942327
0.9759329899
0.9671693737
0.9502433505
0.9497547043
0.9609490423
0.9703449253
0.9720158755
0.9671072169
0.9600551147
0.9547661191
0.9533830600
0.9546257189
0.9553471265
0.9571653485
0.9601870402
0.9534349099
0.9378177748
0.9214350409
0.9093638616
0.9132954628
0.9158188147
0.9210722568
0.9414045360
0.9380417447
0.9357233412
0.9422001098
0.9486278066
0.9562312563
0.9560451962
0.9379786322
0.9295168518
0.9339737664
0.9300448852
0.9261948636
0.9252544864
0.9082234289
0.8826444647
0.8654815024
0.8487613599
0.8313883072
0.8191729565
0.8566808828
0.8904976217
0.9091490521
0.9108110290
0.9000355181
0.8884847372
0.8786246043
0.8667733332
0.8699458215
0.8912707502
0.9149702651
0.9261641251
0.9303548910
0.9411917115
0.9446724333
0.9334021851
0.9235631329
0.9236077153
0.9159611617
0.9038902245
0.9018228622
0.9017948958
0.9151638990
0.9248997100
0.9333394275
0.9379113995
0.9352200933
0.9341999569
0.9342639925
0.9367544701
0.9353084106
0.9269604902
0.9256242886
0.9326111385
0.9316650257
0.9275996737
0.9290901574
0.9267928793
0.9137335737
0.9072079495
0.9072782077
0.9078023769
0.9200257212
0.9277992387
0.9305719412
0.9333194854
0.9297805857
0.9201313401
0.9170788890
0.9150117937
0.9096820226
0.9126238304
0.9137875512
0.8978224696
0.8858425456
0.8868130287
0.8916993903
0.8892942667
0.8836918785
0.8878762759
0.8869331379
0.8788220707
0.8745294972
0.8781148835
0.8723252783
0.8590018089
0.8444660918
0.8338468932
0.8318783237
0.8394298211
0.8534431281
0.8671171841
0.8746029200
0.8755527943
0.8761247639
0.8815832602
0.8800543814
0.8665554426
0.8484948545
0.8374638763
0.8315493432
0.8110564174
0.7993147426
0.7869616498
0.7863010033
0.8044069543
0.8136204088
0.8153081980
0.8229939097
0.8330147794
0.8321838820
0.8192414928
0.8104463006
0.8111643743
0.8075147314
0.8003962628
0.7970299443
0.7913327503
0.7790262285
0.7785001909
0.7935769201
0.7989948042
0.7911088224
0.7806959837
0.7437297486
0.7094619100
0.6883118126
0.6644428703
0.6295902282
0.5948143254
0.5603892957
0.5134270767
0.4554462460
0.4007778433
0.3554730575
0.3188513023
0.2895411097
0.2649233626
0.2439623526
0.2270327778
0.2249709123
0.2226833196
0.2169015088
0.2239499523
0.2348844713
0.2507458489
0.2936152127
0.3424137645
0.3829224590
0.4260814390
0.4755993982
0.5230131270
0.5626278181
0.5962401336
0.6282285267
0.6581909039
0.6789367096
0.6885317585
0.6996118532
0.7118345543
0.7202922410
0.7378697644
0.7527028368
0.7584982672
0.7653417997
0.7804179236
0.7963861109
0.8042079794
0.8132962122
0.8279561903
0.8347220491
0.8310799584
0.8335104818
0.8481657444
0.8589029906
0.8531147594
0.8409794672
0.8391912154
0.8466656186
0.8502677358
0.8472172620
0.8467871119
0.8490607235
0.8387219066
0.8391108934
0.8508863457
0.8529185588
0.8483580701
0.8526364887
0.8649593801
0.8835200997
0.8999139658
0.9084562905
0.9026444081
0.8853722842
0.8823091682
0.8991390000
0.9091782191
0.9062712083
0.9064344611
0.9128811874
0.9172174091
0.9254390609
0.9268467639
0.9187587268
0.9137463339
0.9158632512
0.9278878960
0.9258131646
0.9152661752
0.9144795060
0.9202293504
0.9223435607
0.9250848559
0.9341059181
0.9420091778
0.9431209315
0.9434667959
0.9428859023
0.9336646137
0.9346450555
0.9435934246
0.9550763090
0.9624205171
0.9576358263
0.9531693200
0.9538975179
0.9471870212
0.9498511235
0.9520185656
0.9538018987
0.9518873115
0.9407940613
0.9341482210
0.9402201728
0.9399522351
0.9266549268
0.9254200438
0.9393629100
0.9403328547
0.9311292090
0.9261240699
0.9110585432
0.8871677074
0.8447491075
0.8064572891
0.7705890130
0.7467375900
0.7581112294
0.7933868159
0.8396173089
0.8882647177
0.9196639208
0.9291251212
0.9398837557
0.9567055347
0.9565961124
0.9437870715
0.9375264453
0.9392189047
0.9374273514
0.9319474715
0.9325619161
0.9339955567
0.9382974834
0.9475547011
0.9471785931
0.9490868670
0.9504967164
0.9450019904
0.9369112478
0.9318829843
0.9313064228
0.9334525727
0.9308411584
0.9202947480
0.9203156640
0.9415835814
0.9557104183
0.9681617352
0.9706765223
0.9623619085
0.9605145741
0.9640032854
0.9657672737
0.9614717377
0.9615159781
0.9806350829
0.9886455077
0.9845322930
0.9765630598
0.9677144520
0.9669531852
0.9649104547
0.9539798636
0.9487451196
0.9534616055
0.9556064366
0.9558962942
0.9651982836
0.9775972387
0.9812639352
0.9644994739
0.9469680727
0.9163757660
0.8809644300
0.8678101596
0.8635884437
0.8756431852
0.9031826630
0.9285218725
0.9475067469
0.9642925794
0.9709911120
0.9725222167
0.9692576290
0.9620790093
0.9710104811
0.9754258273
0.9716167115
0.9550792730
0.9555800700
0.9699853385
0.9828443245
0.9830789172
0.9752031216
0.9810647908
0.9752223212
0.9360662711
0.8989595258
0.8882436054
0.8852101393
0.8920124200
0.9126787207
0.9392970040
0.9607947613
0.9692886300
0.9707161965
0.9742448173
0.9760744912
0.9588292736
0.9034113463
0.8469428061
0.8217037403
0.8253810905
0.8250752492
0.8597193823
0.9087152288
0.9454165993
0.9663940303
0.9735900688
0.9792787699
0.9911601599
0.9939016171
0.9932380490
1.0004592550
1.0040132028
0.9997145558
0.9958895210
0.9997668902
1.0083706705
1.0072018921
0.9984171999
0.9911548740
0.9870343223
0.9866995247
0.9852088461
0.9764912555
0.9726736135
0.9701312587
0.9765035422
0.9858816380
0.9879802241
0.9940731932
1.0045764344
1.0070465489
1.0014457505
0.9934764254
0.9853365797
0.9808390043
0.9811171555
0.9853759378
0.9995532220
1.0025536984
0.9988575256
1.0031902638
1.0102463508
1.0141823448
1.0189545033
1.0120244154
1.0052739405
1.0000682569
0.9945568922
0.9934160367
0.9921035895
0.9854326924
0.9835752136
0.9937142196
1.0009227991
0.9962420759
0.9964362985
0.9882262596
0.9877747483
0.9917840477
0.9898111620
0.9780401369
0.9740448416
0.9772482570
0.9812342889
0.9902895092
0.9966661572
0.9946447237
0.9782417865
0.9741614418
0.9840217955
0.9947515363
1.0014485025
0.9999404381
0.9988356748
1.0027777074
0.9975229947
0.9902660974
0.9889764379
0.9854273031
0.9856102920
0.9910640570
0.9871071930
0.9913431363
0.9793916510
0.9568073518
0.9499088331
0.9564015958
0.9602750490
0.9654363548
0.9743420446
0.9861654751
0.9988150259
1.0012708643
0.9896096659
0.9779004318
0.9703782036
0.9607348336
0.9664255499
0.9584778214
0.9564446055
0.9413190077
0.9153458756
0.9263021141
0.9348221209
0.9504041982
0.9766881373
0.9958263843
1.0010715564
1.0017433804
1.0035504903
1.0015102666
0.9947745617
0.9891106973
0.9863774936
0.9832624492
0.9776113296
0.9775620670
0.9755981011
0.9716938822
0.9795325025
1.0087246102
1.0215811065
1.0039407384
0.9958850335
1.0097042176
1.0151265746
1.0094439084
1.0025480024
1.0032865105
1.0008073014
0.9905279287
0.9848184912
0.9897881297
0.9929100526
0.9816431812
0.9717546783
0.9847207943
0.9838332634
0.9796797652
0.9849314288
0.9726207365
0.9520710418
0.9389957028
0.9359344956
0.9368294734
0.9548135272
0.9710599160
0.9823773021
0.9875907292
0.9902074016
0.9964093100
1.0024472187
1.0018872530
0.9955797272
0.9882002643
0.9853177215
0.9855365217
0.9837431734
0.9753820897
0.9671233295
0.9964002354
1.0014569889
0.9972959382
1.0020887186
1.0032612504
0.9979889683
0.9994767797
0.9972331130
0.9888018766
0.9830542117
0.9861338053
0.9904010572
0.9925328251
0.9989462536
1.0025141233
0.9973130071
1.0025651140
1.0102075865
1.0144181154
1.0072017420
0.9897169272
0.9759475763
0.9766035839
0.9528714951
0.9336062950
0.9039557806
0.8711336314
0.8561777251
0.8604403516
0.8821359397
0.9170368256
0.9474210832
0.9652082106
0.9792231501
0.9865081255
0.9841070804
0.9891010674
0.9875323411
0.9918427452
0.9983554317
1.0132061423
1.0235008740
1.0207040887
1.0177137041
0.9986423984
0.9880371939
0.9804104689
0.9646217695
0.9607836205
0.9697937055
0.9756171657
0.9791724470
0.9852194990
0.9918878595
0.9965476611
0.9957051563
0.9936221325
0.9932536216
1.0004027064
1.0082653743
1.0155831050
1.0070195340
1.0053176975
0.9988443012
0.9930000343
0.9985062111
1.0021121180
1.0029651948
1.0048728800
1.0010091199
1.0033992735
1.0012870250
0.9856305661
0.9772074039
0.9869488103
1.0009085518
1.0065127013
1.0038176917
1.0112987973
1.0078384959
1.0077771812
1.0049155194
0.9984207211
1.0032526189
1.0067135636
1.0043130947
1.0071383627
1.0077479901
1.0029158612
0.9928171425
0.9863706607
0.9914181149
1.0004821860
1.0010957306
0.9969932478
0.9981170449
1.0006968295
1.0032157304
1.0083987265
1.0154252918
1.0137878329
1.0105972696
0.9943932770
0.9931793679
1.0051136499
0.9992733197
1.0029107229
1.0046136388
0.9927884488
0.9783656491
0.9614467573
0.9511156070
0.9570021110
0.9790927974
1.0017328818
1.0121682408
1.0188794506
1.0179227491
1.0177047357
1.0158906048
1.0209261297
1.0244877536
1.0180618621
1.0101328420
0.9994516391
0.9854913997
0.9804098781
0.9774430275
0.9549643655
0.9236273408
0.9028648763
0.8963746687
0.8905106981
0.8688463675
0.8278138637
0.7754570269
0.7240430865
0.6929179610
0.7017959756
0.7556434612
0.8313239175
0.8897579512
0.9249288517
0.9381830631
0.9498691597
0.9720915587
0.9824663316
0.9759078058
0.9649890303
0.9466030974
0.9031897603
0.8403335220
0.7836037079
0.7490901125
0.7540521536
0.7975589525
0.8503267049
0.9097900038
0.9640758543
0.9848969979
0.9822335909
0.9830055607
0.9920585233
0.9860340666
0.9916763020
1.0091736317
1.0011261225
0.9801466387
0.9850131290
1.0074391676
1.0178939340
1.0180321136
1.0081496044
0.9940395808
0.9909390248
0.9912631908
0.9838050535
0.9867898680
1.0010257630
1.0059660147
1.0075436514
1.0016575971
0.9910295473
0.9943604261
0.9831117331
0.9713515325
0.9615360175
0.9560201281
0.9629198131
0.9739492826
0.9873425295
1.0020159026
1.0054379941
1.0039325810
1.0034297128
0.9991195552
0.9964473015
1.0015176357
1.0134089058
1.0179863224
1.0137559052
1.0011484472
1.0030324469
1.0091087183
1.0025376205
0.9974496345
1.0081665502
1.0018573867
0.9970572935
0.9933412421
0.9759774820
0.9469535258
0.9131625858
0.8815434673
0.8604869171
0.8571040101
0.8770014476
0.9143205467
0.9459411170
0.9625129021
0.9735017997
1.0038507196
1.0155263297
1.0025549998
1.0030899490
0.9994282762
1.0068483241
0.9912084636
0.9712199177
0.9539943153
0.9266077795
0.9053764343
0.9064480556
0.9223771746
0.9425332349
0.9672251373
0.9876606523
0.9876340080
0.9764281508
0.9683001590
0.9568199111
0.9518496597
0.9530858151
0.9599927794
0.9658768184
0.9679079833
0.9769812915
0.9954105302
1.0039407077
1.0023670143
1.0106228746
1.0216322883
1.0216360955
1.0197670572
1.0151104650
1.0008711512
0.9897915723
0.9915190662
1.0012474831
1.0163987220
1.0173167917
1.0015083155
0.9850460032
0.9832702028
0.9919966068
1.0000779383
1.0067001732
1.0074711609
1.0026695844
0.9955926131
0.9997183359
0.9955616670
0.9918018281
0.9983455867
1.0136934012
1.0247686096
1.0144400077
0.9928732858
0.9849128497
0.9875032377
0.9941951004
0.9770492017
0.9784403496
1.0052315973
1.0374617060
1.0404709331
1.0140535354
0.9998215630
0.9987520136
1.0002671083
0.9921798903
0.9876758175
0.9981749267
1.0098526130
1.0115467690
1.0082231073
1.0066057939
1.0061054778
1.0046409904
1.0019132739
0.9952389438
1.0013177394
1.0087808344
1.0066642531
0.9968925497
1.0099497892
1.0151404017
1.0170022640
1.0131714338
1.0002672630
0.9989562755
1.0075093996
1.0016499479
0.9982611926
1.0042355338
1.0101669002
1.0109283966
1.0021639205
0.9943654500
1.0014833703
1.0054054200
1.0043261875
1.0058637751
1.0003683057
0.9915444921
0.9900560296
0.9929403163
0.9825155690
0.9542207330
0.9286947260
0.8994183390
0.8782063871
0.8884824427
0.9125027110
0.9376667412
0.9586215979
0.9747186228
0.9900673308
0.9977500677
0.9952811228
0.9944754900
1.0041496279
1.0158897195
1.0171056269
1.0070115082
0.9939121891
0.9915111412
0.9841762259
0.9769978138
0.9711876568
0.9727558211
0.9746003354
0.9736905685
0.9769680961
0.9856189648
0.9909235847
0.9891988060
0.9916074052
0.9998348934
0.9947673989
0.9804103018
0.9798297705
0.9849346902
0.9953085624
1.0032811661
0.9927729295
0.9775067699
0.9678164483
0.9667330596
0.9632836507
0.9676982127
0.9697982233
0.9742056258
0.9713176108
0.9742063564
0.9931947913
1.0012839334
0.9939690319
0.9891491446
0.9786766800
0.9761243748
0.9865151333
0.9925707263
0.9965869567
0.9826252350
0.9776632189
0.9837549132
0.9591892887
0.9298696917
0.9201208418
0.9302697469
0.9374881434
0.9579491829
0.9858528154
0.9956771300
0.9887323046
0.9815420749
0.9815582731
0.9889362780
0.9963702012
0.9944307024
0.9892077382
0.9854329472
0.9631538821
0.9141888254
0.8554289555
0.8045635063
0.7806377811
0.7986222693
0.8478108640
0.9004952543
0.9275688040
0.9396117643
0.9511531993
0.9573206424
0.9534494758
0.9551916508
0.9647236258
0.9712656090
0.9750703486
0.9772035599
0.9891483621
1.0021016381
1.0135936253
1.0121872368
1.0083899982
1.0065868053
1.0058996999
1.0017376411
1.0040230395
1.0205869378
1.0245425850
1.0223482394
1.0126879575
1.0014603017
0.9950466652
0.9857601596
0.9775384779
0.9860199489
1.0016262723
1.0037244069
1.0004053654
0.9991049258
0.9993622926
1.0000570965
0.9969066567
1.0050931657
1.0067052930
0.9899361508
0.9953595774
1.0156347862
1.0203184898
1.0110961246
0.9969957307
0.9831451776
0.9765253783
0.9780347688
0.9836828792
0.9803773135
0.9714168440
0.9798164789
0.9911724630
0.9992932958
1.0246437936
1.0238923258
1.0042813847
1.0104536093
1.0164752585
1.0101506328
0.9952339636
0.9974375824
1.0013623522
1.0068650495
1.0068500022
1.0034986456
0.9934028978
0.9845242740
0.9715899627
0.9582983797
0.9610670530
0.9718174775
0.9842136652
0.9871601375
0.9646452601
0.9538016282
0.9436728217
0.9490627754
0.9555643300
0.9639379332
0.9764875730
0.9900780433
1.0020462130
1.0022565748
0.9936707687
0.9895513770
0.9983635341
0.9994340534
0.9975646339
1.0054628537
1.0038806013
0.9882806289
0.9828087086
0.9885263448
0.9939949407
0.9894345303
0.9810537256
0.9939449191
1.0019557511
0.9958939145
1.0057304111
1.0123746369
1.0093343990
1.0124139375
1.0195636588
1.0238777035
1.0209301025
1.0099985861
0.9969856547
0.9898269994
0.9920887075
0.9985538235
0.9992802948
0.9950944139
0.9899925282
0.9758196817
0.9838600872
0.9963913746
1.0024849830
1.0034058112
1.0098156751
1.0214362177
1.0258357809
1.0141397497
1.0041299084
1.0092324019
1.0060939498
0.9953899152
0.9922791292
0.9922084732
0.9879689329
0.9841541192
0.9841501755
0.9870505271
0.9898339877
0.9997807536
1.0041080514
0.9932627960
0.9779089758
0.9627750751
0.9657901537
0.9817525834
0.9808984974
0.9858307139
0.9822005211
0.9806051744
0.9851587293
0.9921836595
0.9960634910
0.9924317520
0.9902636552
0.9987224290
1.0022857763
0.9875008633
0.9766414185
0.9850761404
1.0061939012
1.0162974402
1.0017753389
0.9906847700
1.0035242767
1.0118721562
0.9975179141
0.9895341480
0.9972141179
1.0045626050
1.0037933540
0.9974768222
0.9878664319
0.9842807321
0.9862882046
0.9898522393
0.9920605817
0.9864686698
0.9977836033
1.0141540497
1.0122396357
1.0046149655
1.0041249962
1.0102707073
1.0229766810
1.0200010350
1.0201398393
1.0129722785
1.0074370739
1.0140820668
1.0170137490
1.0077335930
0.9949376416
0.9768631315
0.9734096670
0.9938434147
1.0043856766
0.9988651730
0.9992134395
1.0043908789
0.9885543546
0.9801563871
0.9824832177
0.9939034752
1.0002462256
1.0182910330
1.0265585395
1.0042430748
0.9877572212
0.9883234704
0.9952562240
1.0034142918
1.0092464000
1.0046774120
0.9940643873
0.9896299745
0.9905010581
0.9903810039
0.9956417027
1.0099609367
1.0094522590
0.9982351738
0.9890935264
0.9930476118
0.9974481858
0.9859633218
0.9963153080
0.9987915790
1.0040543022
1.0008715214
0.9949613672
0.9951177848
0.9969859704
1.0024630777
1.0044143368
0.9993732119
0.9998064943
1.0097377424
1.0181551813
1.0085254590
0.9954316347
0.9943905192
1.0030479392
1.0172808911
1.0107844981
0.9958846823
0.9930862710
0.9893847020
0.9872448453
0.9797034872
0.9784363677
0.9866382921
0.9959547235
0.9967908280
0.9892225314
0.9756323498
0.9703355751
0.9827738402
0.9913768711
0.9962618985
1.0011491344
0.9940287836
0.9879640349
0.9772456703
0.9818522572
0.9653593773
0.9344217272
0.9239535142
0.9387204217
0.9505019094
0.9595010378
0.9644485299
0.9819227709
0.9931831967
1.0017052732
1.0148250720
1.0164634768
1.0134387935
1.0155567473
1.0078384896
1.0042431901
0.9993933530
1.0023546379
1.0026641926
0.9869702487
0.9846144691
0.9912201878
0.9924746123
1.0064382646
1.0082280065
0.9975905284
0.9994288676
0.9953400882
0.9873957646
0.9946375484
1.0036607710
1.0061156416
1.0120995228
1.0124088445
1.0102222107
1.0185480151
1.0209749013
1.0159363477
1.0124664740
1.0088738637
0.9806716135
0.9537128799
0.9259743336
0.9053427969
0.9044225762
0.9145160632
0.9344601566
0.9484479938
0.9587412310
0.9745325639
0.9867128975
0.9865572186
0.9815578433
0.9812946627
0.9884311571
0.9951677620
0.9909074387
0.9904810676
0.9861708086
0.9901888000
0.9949411617
0.9802345589
0.9735900778
0.9866820773
1.0020057209
1.0115439934
1.0061151405
0.9909481770
0.9910373003
1.0079958753
1.0116589968
1.0046914027
1.0142699678
1.0268211941
1.0203881920
1.0112531219
1.0033002999
0.9912398969
0.9757147892
0.9670075610
0.9726506525
0.9823990921
0.9923999259
1.0028726448
0.9960906911
0.9743148561
0.9594074380
0.9671519815
0.9818157616
0.9916019099
0.9934642572
0.9892353392
0.9906609410
0.9990318943
1.0003578555
0.9960951868
0.9885881098
0.9883298937
0.9874036265
0.9863543919
0.9905676123
0.9831673824
0.9645747217
0.9638603004
0.9683786347
0.9681516993
0.9797211999
0.9783272373
0.9736274787
0.9731425075
0.9769465430
0.9828827327
0.9894221519
0.9909581183
0.9776861248
0.9637110096
0.9674193090
0.9741844471
0.9746550138
0.9663376150
0.9792890812
0.9845916120
0.9721999981
0.9739277778
0.9600786550
0.9516749014
0.9562053983
0.9545138321
0.9605729248
0.9754596147
0.9822907265
0.9874532848
0.9977171209
1.0015113643
0.9948203778
0.9861027421
0.9898152555
0.9910596283
0.9700239265
0.9506629152
0.9255150281
0.9018215674
0.8971628043
0.8876173172
0.8565880281
0.8289199188
0.8009285176
0.7774539247
0.7681323628
0.7865932864
0.8276494074
0.8613658628
0.8691758753
0.8625546284
0.8585374702
0.8678288607
0.8964677520
0.9249441125
0.9537311669
0.9725291895
0.9745766509
0.9629124501
0.9592172329
0.9642405591
0.9715176963
0.9775129317
0.9752410338
0.9557354231
0.9289707368
0.9065611632
0.8948057159
0.8952043369
0.9134020902
0.9457654551
0.9718840422
0.9803334232
0.9767829851
0.9709075492
0.9671882350
0.9700665654
0.9634427691
0.9409234321
0.9554737911
0.9811106914
0.9831711674
0.9883635842
0.9855819383
0.9840087604
0.9868330914
0.9808869710
0.9705984131
0.9778180226
0.9904497630
0.9913046855
0.9832092656
0.9731499996
0.9838534481
1.0006317045
1.0102509826
1.0036294819
1.0039515364
0.9943936757
0.9823577380
0.9680920956
0.9854318049
0.9752843320
0.9738733441
0.9826606670
0.9903946198
0.9784303982
0.9748453573
0.9729478772
0.9707928757
0.9822290150
0.9906022745
0.9882196377
0.9901316911
0.9855816162
0.9775678858
0.9676319663
0.9757539307
0.9923150138
0.9939617411
0.9890619676
0.9875760580
0.9832871614
0.9874337062
0.9804380018
0.9671704616
0.9710601375
0.9913502160
1.0007853420
0.9978895329
1.0016097352
1.0102265855
1.0100087405
0.9970942316
0.9824736038
0.9984674089
1.0085310788
0.9960847929
0.9888496346
0.9775856103
0.9633432141
0.9502404271
0.9266618946
0.8931720668
0.8817834077
0.8992778694
0.9167465909
0.9269504037
0.9391582016
0.9605152441
0.9795122281
0.9822185527
0.9756544831
0.9760626462
0.9884734619
0.9954397686
0.9883692578
0.9796055791
0.9800663707
0.9808706218
0.9891578781
0.9834906903
0.9801570401
0.9881223185
0.9944611166
0.9951966461
0.9977664093
0.9986880771
1.0011891452
1.0013443240
0.9968553193
0.9946311719
0.9977979990
1.0004486481
0.9972789690
0.9971642530
0.9970716481
0.9974881244
0.9900258068
0.9928865953
0.9947648253
0.9891589031
0.9740493084
0.9753383461
0.9768086013
0.9830152086
0.9896969068
0.9928707519
0.9904207683
0.9913410117
0.9909140996
0.9897092554
0.9920124600
0.9900198192
0.9917179505
0.9932008868
0.9934346455
1.0067290778
1.0112479517
0.9896490960
0.9844618362
0.9852495348
0.9920395572
0.9850677191
0.9760738580
0.9464841168
0.8960587698
0.8233791422
0.7512654730
0.7033331660
0.7055712489
0.7660241958
0.8493225508
0.9148366381
0.9528819367
0.9636089239
0.9603317662
0.9638188128
0.9703555482
0.9667820981
0.9766826971
0.9948476742
0.9891387403
0.9823273969
0.9828218105
0.9821777391
0.9873238153
0.9931675205
1.0002203778
1.0099427589
1.0111989065
1.0008226689
0.9901704152
0.9836669794
0.9761616371
0.9638690351
0.9495526204
0.9550011239
0.9644787987
0.9758025461
0.9829168876
0.9823173955
1.0058437136
1.0024444003
0.9932736941
0.9998801578
0.9893942402
0.9777771458
0.9848747449
0.9874592636
0.9868591161
0.9945774392
0.9919620533
0.9797798699
0.9825450688
0.9867392044
0.9861551627
0.9889651958
0.9931439597
0.9890611904
0.9791595548
0.9783008673
0.9751637141
0.9604046333
0.9479925920
0.9324956764
0.9520839023
0.9762676413
0.9788829725
0.9704937496
0.9691558745
0.9813623433
0.9986829836
1.0066087381
1.0011548326
0.9898863849
0.9826079345
0.9889156743
0.9942203677
0.9820730579
0.9814140488
0.9740644964
0.9625000247
0.9474136179
0.9493633298
0.9629462234
0.9864411424
0.9975137320
0.9971189360
0.9909003354
0.9939388606
0.9993241693
0.9945425756
0.9884695803
0.9856433125
0.9813279238
0.9793776574
0.9735953803
0.9770363811
0.9871356294
0.9925417437
0.9984555254
1.0019060824
0.9958300932
0.9835989737
0.9820616529
0.9859439013
0.9868407493
0.9798046852
0.9794206202
0.9908455470
1.0034900567
1.0118517798
1.0132115516
1.0095813273
1.0098241024
1.0075296945
1.0041373895
1.0027877204
0.9869503999
0.9802746628
0.9892265470
0.9899074008
0.9751984879
0.9850050439
0.9953407991
0.9931028628
0.9881679146
0.9845608751
0.9885028976
0.9979371238
1.0043476578
0.9993660023
0.9861775542
0.9804983667
0.9825382756
0.9784944840
0.9847096885
0.9978705456
0.9867912489
0.9921411089
1.0074448653
0.9815755173
0.9856574767
0.9998963525
0.9843691471
0.9702215523
0.9715102649
0.9820088037
0.9893895229
0.9873797105
0.9844291178
0.9837188283
0.9842738354
0.9841556467
0.9830314485
0.9893028425
0.9925339203
0.9857066652
0.9830919500
0.9877520066
0.9943810819
1.0140975856
0.9959895854
0.9998472118
0.9938730929
0.9777958262
0.9760397929
0.9821797329
0.9866799501
0.9876514064
0.9920471498
0.9918085962
0.9862446019
0.9883256490
0.9906126874
0.9764822817
0.9541630042
0.9434041448
0.9413493707
0.9422270044
0.9516696938
0.9627499867
0.9895990476
0.9808580420
0.9714589501
0.9797465238
0.9889325939
0.9833025632
0.9772095525
0.9848349718
0.9905876205
0.9969604212
0.9962975691
0.9866579492
0.9931853536
1.0074508577
1.0012145642
0.9775305272
0.9805453101
0.9839532328
0.9894367853
1.0069945644
1.0027113889
0.9750069024
0.9815058353
0.9788821286
0.9751255227
0.9720199000
0.9707228531
0.9724236101
0.9770649942
0.9794290979
0.9771723733
0.9830448509
0.9968780680
0.9958739427
0.9875138403
0.9910533694
0.9801383883
0.9763047828
0.9690154925
0.9762331471
0.9503000776
0.9677027812
0.9730678365
0.9684789544
0.9794247376
0.9835050429
0.9802086513
0.9850715705
0.9886413100
0.9827357686
0.9763785597
0.9749369407
0.9724795067
0.9739227255
0.9882756661
0.9933063887
0.9849071828
0.9901739209
0.9817339581
0.9923995487
0.9879261878
0.9807771328
0.9805428276
0.9701622875
0.9758573447
0.9943575934
0.9911949320
0.9756737993
0.9755465732
0.9789413195
0.9825707114
0.9875855062
0.9894247168
0.9936418857
0.9948067690
0.9901716243
0.9895590984
0.9894809109
0.9918108241
0.9925026276
0.9858146773
0.9793545783
0.9859983295
0.9831718440
0.9878536744
0.9925950116
0.9896727457
0.9826647856
0.9871541693
0.9960011990
0.9942237232
0.9853006796
0.9812886974
0.9836179541
0.9804951874
0.9691366947
0.9721024417
0.9736839205
0.9774823189
0.9821736958
0.9772913864
0.9715149916
0.9996325879
1.0117476093
1.0079051448
1.0104498703
1.0118468780
0.9984795610
0.9775719533
0.9766807182
0.9858273856
0.9824336691
0.9737393513
0.9699992254
0.9603354564
0.9421916434
0.9340134437
0.9331990226
0.9399772588
0.9475721587
0.9445120094
0.9433388942
0.9511638775
0.9729761342
0.9934976245
0.9939976940
1.0015360051
0.9991112107
0.9882211328
0.9847182205
0.9842560563
0.9839575865
0.9844510052
0.9877221409
0.9946734341
0.9957189655
0.9990047085
0.9969461398
0.9851121520
0.9828076500
0.9748200114
0.9667636571
0.9735178051
0.9981621395
1.0028867098
0.9967955122
0.9841120767
0.9770612345
0.9681875326
0.9499561081
0.9239425852
0.8867113527
0.8402457808
0.7892397473
0.7408364231
0.7153785849
0.7164136616
0.7402844205
0.8013985556
0.8746687609
0.9166103244
0.9700781946
0.9868646436
0.9948651972
0.9891938533
0.9802891441
0.9833924140
0.9837993335
0.9818809396
0.9795832346
0.9760295839
0.9751289477
0.9852619108
0.9952861759
0.9911314493
0.9857747943
0.9844624372
0.9810355728
0.9732601530
0.9645036941
0.9717390143
0.9703713426
0.9807602229
0.9690828485
0.9391807304
0.9490463932
0.9673730923
0.9744826352
0.9693129609
0.9709785935
0.9789830817
0.9809957036
0.9798908493
0.9868661772
0.9924828806
0.9845754139
0.9820955228
0.9865505454
0.9784647695
0.9837295890
0.9987556849
0.9938106979
0.9985469584
0.9845661452
0.9747462121
0.9753619859
0.9842440029
0.9855850359
0.9809046201
0.9776913481
0.9806199062
0.9888149574
0.9984359754
1.0006280007
0.9851890920
0.9683894704
0.9800730271
0.9970048646
0.9890282338
0.9754309174
0.9751559929
0.9684552920
0.9563276029
0.9621764852
0.9712649616
0.9623150096
0.9519107466
0.9477266387
0.9536251386
0.9669006637
0.9712562483
0.9686343958
0.9728538276
0.9737138553
0.9693600423
0.9775388840
0.9852394474
0.9775368490
0.9690712059
0.9703530382
0.9771863842
0.9802478638
0.9777691438
0.9781210131
0.9684991199
0.9623765379
0.9726079204
0.9930577065
0.9947301543
0.9919121015
0.9836693253
0.9803492629
0.9824528441
0.9763253179
0.9712764696
0.9818833887
0.9908451459
0.9858161600
0.9864357500
0.9960935713
1.0028457742
0.9907843942
0.9919694077
0.9862973902
0.9970157128
0.9998010014
1.0055608476
1.0041861502
0.9972223704
0.9983083625
0.9975688458
0.9941029966
0.9905693293
0.9966686457
1.0021195276
0.9923973107
0.9889296193
0.9964813317
0.9916491457
0.9794582573
0.9710105813
0.9889053389
1.0048734876
0.9995040652
0.9957244347
0.9811248791
0.9857466502
0.9924400573
0.9900753921
0.9843343774
0.9841473833
0.9916784464
1.0041432409
0.9995068875
0.9705345989
0.9658877269
1.0136704100
1.0442866174
1.0136567595
0.9936755057
1.0000134896
1.0220963874
1.0022983293
0.9824774013
0.9553082536
0.9664892587
0.9881258716
0.9882933698
0.9845256507
0.9863882996
0.9871029075
0.9769946065
0.9757679916
0.9808006588
0.9790563466
0.9768355674
0.9818742417
0.9905966594
0.9869738917
0.9779754865
0.9808446218
0.9750397503
0.9892494197
0.9890472933
0.9692463665
0.9744991631
0.9813106337
0.9836748719
0.9762118766
0.9756448184
0.9739073895
0.9784446162
0.9895523204
0.9994890823
0.9987522866
0.9907056148
0.9856252551
0.9854580771
0.9918830399
0.9925710764
1.0033239428
0.9992949690
0.9842336811
0.9742472473
0.9833285724
1.0076265015
0.9984023755
0.9831570008
0.9854280553
0.9921788543
