#flux
0.9929955121
0.9761861544
0.9655551708
0.9646622468
0.9667115880
0.9698776958
0.9743697916
0.9797843308
0.9822154441
0.9757288552
0.9815999784
0.9864348860
0.9805675987
0.9794645359
0.9856011738
0.9830137064
0.9711004095
0.9700079476
0.9724599539
0.9787279044
0.9715553818
0.9695239316
0.9731625849
0.9744577925
0.9784284732
0.9809869799
0.9749857535
0.9663441555
0.9649746615
0.9866705785
0.9889543825
0.9846988793
0.9745966361
0.9615759910
0.9599592347
0.9703771607
0.9796358662
0.9704149854
0.9705747538
0.9780626129
0.9893777218
0.9936740111
0.9829506153
0.9678401777
0.9695278443
0.9876037453
0.9996869596
0.9945276131
0.9839293483
0.9816599829
0.9687346408
0.9627675407
0.9626499923
0.9566141748
0.9584053711
0.9644502342
0.9510015013
0.9452586268
0.9601120999
0.9608667388
0.9596315535
0.9625663966
0.9612880006
0.9591775223
0.9619433535
0.9653472034
0.9582439346
0.9469524930
0.9452880910
0.9309477649
0.9370573544
0.9483353374
0.9509160252
0.9576057540
0.9494139165
0.9447593803
0.9427588259
0.9503650011
0.9511383996
0.9424386032
0.9317004291
0.9319120792
0.9414650543
0.9394740732
0.9308349301
0.9290410189
0.9333627463
0.9398547084
0.9440056777
0.9504473449
0.9395148386
0.9393748842
0.9528901485
0.9428671746
0.9540636599
0.9411298225
0.9358705988
0.9208869622
0.9194093786
0.9332132288
0.9345865390
0.9275130675
0.9312849413
0.9273050218
0.9088288862
0.9037175793
0.9162304724
0.9251770809
0.9299337449
0.9344893094
0.9408029744
0.9272594497
0.9038672897
0.9069948523
0.9020916916
0.9066376559
0.9179200924
0.9128647499
0.9086974812
0.9065188532
0.9066513534
0.9144803549
0.9265727553
0.9292902273
0.9245441805
0.9146311942
0.9078338097
0.9104683445
0.9090006336
0.9118515611
0.9084843383
0.8979376344
0.8944989265
0.9019431540
0.8994445324
0.8903713675
0.8935089840
0.8999773647
0.9048174180
0.9094888636
0.9071074918
0.8996591714
0.8950831403
0.8959930714
0.9004035641
0.9017297290
0.8913315198
0.8786274663
0.8790376210
0.8794104551
0.8805169576
0.8903842245
0.8948715514
0.8904667496
0.8971119706
0.8904320774
0.8510517883
0.8551232617
0.8593624458
0.8583837640
0.8692530603
0.8750682816
0.8629952690
0.8492091595
0.8492605155
0.8522858752
0.8429373733
0.8347395007
0.8402271513
0.8372394609
0.8275370837
0.8213832435
0.8248961147
0.8320231202
0.8265922436
0.8115143625
0.8178271631
0.7955666713
0.7963519931
0.7959305587
0.7880513991
0.7758544982
0.7732840301
0.7768520787
0.7712792265
0.7598041337
0.7546519451
0.7529009180
0.7458077766
0.7385739929
0.7419029966
0.7431671413
0.7387234528
0.7270042592
0.7247473222
0.7375698814
0.7387990224
0.7224193290
0.7062855438
0.7063129611
0.7145327346
0.7186424177
0.7138201327
0.7119461591
0.7133849173
0.7106657794
0.7096721678
0.7166385513
0.7208440952
0.7133808856
0.7036165232
0.7019730017
0.7109922653
0.7097857729
0.7063423663
0.7063315310
0.6988730798
0.6888806253
0.6935980544
0.7005426414
0.6987769014
0.6951054020
0.6931430987
0.6976376795
0.7004440045
0.7028503920
0.7055464561
0.6995527409
0.6932548638
0.6985559759
0.7052963971
0.7156805667
0.7191597277
0.7000520198
0.7183190251
0.7173925783
0.6962744187
0.6949955458
0.7156180276
0.7357586362
0.7467696840
0.7494246134
0.7462445950
0.7415935052
0.7369268701
0.7347820586
0.7368086472
0.7394729730
0.7440207378
0.7551518843
0.7626562779
0.7636584743
0.7742976083
0.7759364877
0.7919780421
0.7768676413
0.7732521696
0.7759149945
0.7873057662
0.7954315708
0.7921681449
0.7888846162
0.7948866763
0.7996255538
0.8020159651
0.8101395120
0.8209456258
0.8237337966
0.8219347635
0.8221758310
0.8136028349
0.8096171219
0.8218478569
0.8389737592
0.8480801553
0.8535743493
0.8590765989
0.8582100803
0.8574035163
0.8422477695
0.8461679619
0.8542029580
0.8500980872
0.8427345809
0.8444097089
0.8515841701
0.8552277033
0.8609527404
0.8709871695
0.8706042444
0.8609463166
0.8567854753
0.8742055939
0.8680659544
0.8598478951
0.8724871683
0.8842459908
0.8830796491
0.8847213517
0.8978884591
0.8952729688
0.8890404206
0.8910666199
0.8883704097
0.8922698078
0.9027198083
0.9078045610
0.9085142121
0.9062733655
0.9001955873
0.8989587944
0.9059095598
0.9135996007
0.9045904173
0.8996869631
0.9083453066
0.9211388342
0.9346372699
0.9301295051
0.9256088591
0.9365260168
0.9329194645
0.9199187421
0.9134786872
0.9089111686
0.9108496468
0.9221097007
0.9352788692
0.9394905543
0.9287520105
0.9189972510
0.9186828254
0.9139957989
0.9104589006
0.9328705060
0.9198813971
0.9291907006
0.9197979421
0.9268734809
0.9297266168
0.9335683587
0.9436509317
0.9460121749
0.9391899974
0.9401610333
0.9482093001
0.9434587593
0.9348859784
0.9354288255
0.9319050526
0.9318796297
0.9346518412
0.9211581290
0.9308965823
0.9541052204
0.9541177078
0.9371359474
0.9375177817
0.9533051129
0.9642511864
0.9597789150
0.9492039016
0.9526257577
0.9646392054
0.9596211831
0.9423367248
0.9329910155
0.9368233514
0.9472639009
0.9547437288
0.9531718395
0.9509125953
0.9605560710
0.9640028042
0.9671921798
0.9424287327
0.9254386821
0.9339764718
0.9467935977
0.9648825439
0.9616091879
0.9495659342
0.9557497096
0.9540147860
0.9537404926
0.9548733882
0.9520926323
0.9479253078
0.9436923447
0.9370789970
0.9310000249
0.9416336211
0.9483947175
0.9494184448
0.9527250890
0.9589131606
0.9665473531
0.9555128864
0.9701751073
0.9602739011
0.9673718453
0.9617896136
0.9544449891
0.9564586614
0.9570122605
0.9618297008
0.9697427321
0.9675882454
0.9644688066
0.9707449215
0.9695865254
0.9622424747
0.9664993429
0.9702206341
0.9583106139
0.9574046538
0.9557018100
0.9710299179
0.9639521995
0.9619163645
0.9741615364
0.9746560956
0.9710500386
0.9629289257
0.9652328001
0.9685284618
0.9608141442
0.9640413052
0.9818931111
0.9876459128
0.9807829265
0.9748769511
0.9790746833
0.9818001423
0.9765963608
0.9724013231
0.9701077088
0.9762206130
0.9800401160
0.9660279131
0.9812288601
0.9828227219
0.9753259700
0.9737328406
0.9751434982
0.9726987791
0.9695034958
0.9722856993
0.9770389756
0.9741618203
0.9695202425
0.9726965231
0.9737834245
0.9869491673
0.9869099280
0.9907537665
1.0036922105
0.9905504870
0.9863882600
0.9859706077
0.9838598372
0.9850628245
0.9904631552
0.9972048163
0.9903398822
0.9881535955
0.9929920287
0.9970475946
0.9961271333
0.9913750524
0.9957308522
1.0011147217
0.9889805229
0.9816718044
0.9790898723
0.9780932854
0.9801708958
0.9791127800
1.0028166850
1.0035311092
0.9962844877
0.9904757773
0.9914134981
0.9981065070
0.9994400493
0.9929800677
0.9848054197
0.9801626482
0.9799012827
0.9811061761
0.9832370123
0.9913764823
1.0014725712
1.0006662038
1.0090840240
1.0103161894
0.9945338201
0.9841548473
0.9925759840
0.9918456699
0.9889407421
0.9816181654
0.9794938374
0.9894952789
1.0014842703
1.0028269984
0.9974047024
0.9959576657
0.9877995782
0.9763117573
0.9815262124
0.9864617076
0.9871825274
0.9923568093
0.9820634628
0.9794932371
0.9926909301
0.9951030305
0.9854761077
0.9882577266
1.0006660707
1.0020396918
0.9979837544
0.9901945831
0.9767936000
0.9792601029
0.9819465069
0.9914253894
0.9947775570
0.9774491763
0.9764266800
0.9930880073
1.0015771114
0.9988035033
1.0025296303
1.0096547243
0.9980221056
0.9864882399
0.9895778076
0.9813239325
0.9763791618
0.9746336960
0.9925064713
0.9949529092
0.9833130298
0.9831797915
0.9867329067
0.9914002877
0.9991478207
0.9955938592
0.9825843667
0.9815864524
0.9914581712
0.9944776204
0.9740434062
0.9777898849
0.9677754970
0.9938041202
0.9928665392
0.9953951043
0.9834163937
0.9704032918
0.9806204611
0.9891705448
0.9919091394
0.9974880114
0.9963027789
0.9927677550
0.9863223902
0.9869465248
1.0023349107
0.9990229712
0.9805395256
0.9848847956
1.0093594933
0.9951252550
0.9865084856
1.0017292168
0.9977064830
0.9793993508
0.9788534005
0.9905319180
0.9963441665
0.9929129588
0.9769032988
0.9729115653
0.9725242597
0.9764450012
0.9813962060
0.9814451509
0.9826283694
0.9801404844
0.9774770714
0.9850666950
0.9991638454
1.0031514813
1.0033367655
1.0032299670
0.9936521441
0.9867741885
0.9911232784
0.9933675595
0.9947742950
0.9848220480
0.9849281335
0.9848260931
0.9796188711
0.9741783488
0.9727697999
0.9741850720
0.9761455215
0.9753510269
0.9657828426
0.9648627640
0.9866809068
1.0050987077
0.9963077600
0.9837132037
0.9783097266
0.9714957880
0.9906488762
1.0080734830
1.0085510394
0.9965038227
0.9955499567
0.9954540980
1.0002889812
0.9998386972
0.9956581787
1.0009154393
1.0033051221
0.9928251201
0.9892669079
0.9957868315
0.9896502397
0.9893089928
1.0022259021
0.9993079612
0.9926396296
0.9889674565
1.0003620358
1.0019475849
0.9975911384
0.9915247190
0.9989921000
0.9994424443
0.9918886045
0.9937596287
1.0024442681
1.0039017745
0.9999191362
1.0003020216
1.0022604049
0.9961106193
0.9878812738
1.0029166837
1.0023829800
1.0006904690
0.9868915816
0.9934728208
0.9817126456
0.9924896270
0.9966152707
1.0016038383
1.0140030701
1.0179161614
1.0085049620
0.9993804109
0.9988513464
1.0023035411
1.0023755652
0.9941594103
0.9848921379
0.9891913620
0.9898316799
0.9888111364
0.9983766209
0.9894112428
0.9635033742
0.9537119978
0.9643343480
0.9675932373
0.9771173834
0.9830734375
0.9848103411
0.9856503170
0.9821419659
0.9770923440
0.9720450278
0.9667425164
0.9644850588
0.9639995173
0.9673245188
0.9827169870
0.9852983950
0.9719503399
0.9657060103
0.9773333987
0.9876796540
0.9764080949
0.9713425720
0.9639973429
0.9588783368
0.9607672336
0.9668258306
0.9688161944
0.9619528178
0.9571321949
0.9619524962
0.9636668512
0.9605986804
0.9640196899
0.9645202990
0.9572712052
0.9565919035
0.9555449944
0.9535675855
0.9576835979
0.9504735103
0.9700742264
0.9602422458
0.9517260577
0.9614864074
0.9656769043
0.9584796587
0.9504058672
0.9529356467
0.9672532873
0.9733064895
0.9665010318
0.9682013594
0.9772384072
0.9728111579
0.9669201217
0.9687637053
0.9611323620
0.9753631113
0.9564236519
0.9675668303
0.9603614597
0.9602468738
0.9625274455
0.9645515538
0.9789828755
0.9883660884
0.9867084596
0.9851592578
0.9830530763
0.9834393659
0.9911084016
0.9927577375
0.9852578932
0.9889730518
0.9922839026
0.9737965337
0.9822118227
0.9898888194
0.9920206846
0.9975319399
0.9876465776
0.9741089555
0.9674873456
0.9702801522
0.9768465162
0.9782540104
0.9776650393
0.9778958677
0.9789659004
0.9808533998
0.9851456747
0.9927823446
0.9958790836
0.9918071686
0.9933683038
0.9920627282
0.9795974521
0.9866754187
0.9897131833
0.9833605553
0.9858911781
0.9792860918
0.9877018883
0.9900627306
1.0035073855
0.9985610673
0.9984559092
0.9980226155
1.0017457593
1.0075837463
0.9964542906
0.9751320411
0.9730674480
0.9897334801
0.9974478195
0.9938005792
0.9985472468
0.9949123585
0.9959584418
0.9835670739
0.9973922060
1.0091862845
1.0095303779
0.9942392384
0.9901472075
0.9884833629
0.9905409616
0.9945319295
1.0059033261
1.0112202884
1.0173877760
1.0141957328
0.9917060765
0.9839484270
0.9972667060
1.0052846092
1.0064627601
1.0001437892
0.9926629604
0.9999107403
1.0005144235
0.9918355475
0.9855161939
0.9779848426
1.0005975857
1.0046773166
1.0119434038
1.0209685303
1.0079769924
1.0055020605
1.0079019047
1.0025493044
1.0074809076
1.0164873160
1.0137089822
1.0077601614
1.0122222443
1.0001686998
0.9893949182
0.9910660593
0.9892705116
0.9917392233
0.9940946357
0.9992382876
1.0082293470
1.0177056730
1.0220113623
1.0137286338
1.0057749311
1.0028178025
0.9917029789
0.9983732875
1.0182373632
1.0052386469
0.9905069657
1.0076493153
1.0047005460
0.9907131542
0.9996680344
1.0017999814
1.0046015228
1.0135284648
1.0049825076
1.0078187772
1.0175024948
1.0305213081
1.0235309829
1.0009546431
0.9897953176
0.9826284054
0.9851746149
0.9946959546
0.9975566330
0.9958910429
0.9963958089
1.0063679334
1.0129518883
1.0114297841
1.0074310115
0.9966367279
0.9977655774
1.0011300908
0.9949665475
1.0026829806
0.9894186338
0.9961780338
1.0041506521
1.0098140589
1.0170154374
1.0185085502
1.0049348236
0.9914229571
0.9869598653
0.9837863035
0.9947040556
1.0277845500
1.0469693785
1.0280823148
1.0027453991
1.0029986826
1.0040897834
0.9926992489
1.0028967785
1.0010917158
1.0140802440
1.0214430195
1.0097443519
0.9962453369
0.9972678485
0.9997713306
1.0018089927
0.9913043317
0.9870089034
1.0002955057
0.9978636748
0.9960413574
0.9986055238
0.9830628225
0.9960332341
0.9982574171
0.9914404482
0.9873631964
0.9909758828
0.9959356879
0.9853771145
0.9832442699
0.9846888777
0.9816399746
0.9833941825
0.9846579456
0.9880468216
0.9891764940
0.9919016308
1.0031074526
1.0063774732
0.9965099850
0.9888631110
0.9859205577
0.9925564725
0.9827526417
0.9863372461
1.0039129725
1.0004199311
0.9948777727
1.0008359150
0.9874835594
0.9809066146
0.9850430020
0.9931166467
0.9974359004
0.9885045110
0.9856341680
0.9932717888
0.9912982620
0.9884817175
0.9993681278
1.0040651079
0.9972198828
0.9917856090
0.9890054508
0.9910453451
0.9932739807
0.9954831340
1.0023532148
1.0011224172
0.9923766520
0.9858971095
0.9895909730
0.9975495456
0.9952077101
0.9857275480
0.9845555934
0.9919036303
0.9958018443
0.9904253441
0.9824495588
0.9817221289
0.9809174419
0.9952604220
0.9966288175
0.9872127140
0.9875043789
0.9907237273
0.9922100556
0.9881155047
0.9819585648
0.9963061727
0.9924651184
0.9901134090
0.9969729060
0.9942839396
0.9856830841
0.9765075658
0.9738699237
0.9831711881
0.9835096112
0.9742171698
0.9776517645
0.9877479394
0.9860899728
0.9800686421
0.9911202565
0.9961894802
0.9722641141
0.9647136695
0.9884988664
1.0021841669
0.9953453998
0.9920364321
0.9871707342
0.9801221858
0.9866658507
0.9923449451
0.9795876854
0.9742362813
0.9908602895
0.9993685204
0.9954554334
0.9841601387
0.9877897289
0.9851100287
0.9971082033
0.9890432676
0.9789551846
0.9918722202
0.9870318689
0.9935815534
1.0014303292
0.9971913837
0.9924147266
0.9956535402
0.9889980015
0.9789611147
0.9837508329
0.9929522252
0.9946246268
0.9953083499
0.9985727163
0.9964444535
1.0038794063
0.9995390690
0.9921789339
0.9819085289
0.9824793145
0.9932439068
1.0001888969
1.0086151310
1.0195773410
1.0176269780
1.0104780806
1.0061828557
0.9991848955
0.9944090070
0.9920704178
0.9899730788
0.9947990335
0.9988261140
0.9988365509
0.9953292250
0.9943970294
1.0017934255
1.0032054678
1.0015672336
1.0026490868
0.9914560399
0.9812104186
1.0135170182
1.0261208659
1.0159036627
1.0026907508
1.0070636019
1.0145526154
1.0131661069
1.0076849971
1.0036708009
1.0053967129
1.0103093682
1.0075909003
0.9857031138
0.9754034223
0.9782135573
1.0052388093
1.0211363097
1.0147612680
1.0022217710
0.9991483170
1.0076406759
1.0066695985
0.9994277133
0.9898588609
0.9906733754
0.9933791040
0.9878881677
0.9877056285
0.9983036930
1.0042343741
1.0038088443
1.0065133613
1.0074577559
0.9988460909
0.9972031373
1.0114306281
1.0199120121
1.0294296472
1.0186858325
1.0137043260
1.0068973639
1.0028965084
1.0037293097
1.0046089978
1.0061658448
1.0098026411
1.0185893294
1.0238215677
1.0192249708
1.0158265458
1.0170697279
1.0153419850
1.0114990888
1.0069612723
1.0097342215
1.0089962547
1.0005732729
0.9991226494
1.0150901964
1.0069606478
0.9929714133
0.9918530821
1.0047504839
1.0024369628
0.9962651711
1.0008403790
1.0076599295
1.0070621034
1.0137224278
1.0346654253
1.0357270538
1.0075765061
1.0008168076
1.0084075221
1.0056031226
1.0005996488
1.0025494751
0.9995625717
0.9860365801
0.9878022055
0.9962146435
1.0080895963
1.0117296188
1.0170088489
1.0248249001
1.0235265072
1.0073136036
0.9980628920
1.0000182789
1.0020303836
1.0087607055
1.0047352034
0.9941622268
0.9981143952
1.0091081369
0.9994145782
0.9904493746
1.0035145882
1.0054007402
1.0000193424
1.0078928344
1.0084141682
1.0052139207
1.0192306416
1.0142280513
1.0104810990
1.0169655615
1.0171392421
1.0102030268
1.0083733446
1.0079941180
0.9988768489
1.0049099842
1.0017050775
1.0058710990
1.0188935687
1.0085854637
1.0124612900
1.0068213971
1.0156081090
1.0178653673
1.0230220571
1.0189827149
1.0155933755
1.0063598375
1.0132151786
1.0142253085
1.0055421660
0.9950295145
0.9869428002
0.9948288437
0.9974083127
0.9946116168
0.9969366595
1.0036245593
1.0151817987
1.0071161544
1.0103469472
1.0171198699
1.0069749755
1.0077592929
0.9973817959
1.0002041915
1.0070981872
1.0058959310
1.0073280724
1.0118918216
1.0130452194
1.0115662068
1.0004453331
0.9855756945
0.9888882353
0.9978126035
1.0213213399
1.0144925321
1.0126323198
1.0107340229
0.9879973694
0.9888232469
1.0181205661
1.0203646541
1.0209983927
1.0201330887
1.0164873816
1.0156778643
1.0054712570
1.0069447610
1.0136230344
1.0065894134
1.0093677374
1.0222968167
1.0115215148
1.0010782257
0.9973373635
0.9962184428
1.0115858952
1.0165747336
0.9946877212
1.0066131270
1.0092487305
1.0108259167
1.0074573893
1.0146703687
1.0169205898
1.0160268775
1.0080466590
1.0089582927
1.0104419865
1.0127799166
1.0088500920
0.9961168523
1.0019271447
0.9944278792
0.9863661601
0.9948815727
1.0016101146
0.9963776704
1.0021844030
1.0055293861
0.9994986104
1.0039060373
1.0049180679
0.9964140198
0.9989728065
1.0115610525
1.0176307439
1.0096109398
0.9974194595
0.9966444038
1.0072554407
1.0087957229
1.0036420452
1.0142778287
1.0068527360
1.0068230880
1.0206430194
1.0117122870
0.9948651837
0.9984842927
0.9830784850
0.9919136599
1.0110778142
1.0146408315
1.0061745255
1.0005245086
1.0107370238
1.0068481638
1.0046063224
1.0146617867
1.0124005654
1.0073001468
1.0132929415
1.0071717448
1.0053995994
1.0139662130
1.0117044653
1.0022008884
1.0002683298
1.0119018219
1.0021901623
1.0072149143
0.9994287194
0.9966918781
1.0039349528
1.0080747657
1.0034578083
1.0073100621
1.0079740618
1.0071007394
1.0104224080
1.0054587111
1.0035313543
1.0116577727
1.0030014532
0.9997650407
1.0046401923
1.0166409240
1.0081852145
1.0002772726
0.9965201974
0.9947614238
0.9953212120
0.9944414519
0.9998951020
0.9986671251
0.9992411802
0.9942146518
0.9999146737
1.0204905391
1.0279693184
1.0122368334
0.9959488178
0.9979214555
1.0109671653
1.0158334612
1.0064993259
0.9980071376
1.0024639529
1.0128979560
1.0203953163
1.0100511100
0.9995068636
0.9983862298
1.0011507748
1.0033469669
1.0065512000
1.0082219248
0.9959496085
0.9816525110
0.9795098780
0.9876282324
0.9935365210
0.9849798472
0.9843423010
0.9913216057
0.9931473286
1.0011796294
1.0024332054
0.9850216018
0.9838081754
0.9813181326
0.9850650819
0.9812923762
0.9823233812
0.9825791783
0.9857173031
0.9886788785
0.9826144927
0.9875709870
1.0048975792
1.0096965975
0.9966233072
0.9776766576
0.9745318498
0.9886067729
0.9938826713
0.9997620335
0.9895319919
0.9936354598
0.9987361104
0.9943575692
0.9888286949
0.9775684233
0.9670664300
0.9809415469
0.9937564500
0.9987199369
0.9887208815
0.9708142069
0.9722742837
0.9934045678
1.0017160994
0.9942642045
0.9954703224
0.9860936847
0.9745338632
0.9784577240
0.9812069143
0.9837922119
0.9789149620
0.9730806337
0.9666569965
0.9682804278
0.9709947773
0.9794765660
0.9879206278
0.9881801037
0.9899904781
0.9907622554
0.9847296925
0.9791869255
0.9772605889
0.9789246483
0.9886216776
0.9945939016
0.9968453512
0.9971954807
0.9858202852
0.9881466548
0.9933880115
0.9822241742
0.9787913695
0.9906379670
0.9935448072
0.9904684545
0.9860429832
0.9917770117
0.9971347487
0.9970018179
1.0016174704
1.0019473113
0.9904578906
0.9874673081
0.9912883554
0.9900542772
1.0077648154
0.9981282523
0.9913083550
0.9963939144
0.9971397300
0.9964663607
0.9956301285
0.9946699679
0.9891891288
0.9885159309
0.9989761796
1.0088179456
1.0130555649
1.0074292261
0.9947805883
0.9899527673
0.9920571158
0.9858410789
0.9843702036
1.0044654434
1.0120381908
1.0029951790
1.0035386468
0.9899448061
0.9887290443
0.9981211926
1.0064646576
1.0122290513
1.0052556981
1.0193049123
1.0238737739
1.0184532329
1.0098950631
1.0041077708
1.0054263053
1.0013327188
0.9917268483
0.9924645594
0.9958207788
0.9998830707
1.0036647543
1.0042585959
1.0064901626
0.9968311083
0.9929048715
1.0132789795
1.0078064220
1.0010662998
0.9975654730
0.9992595905
1.0089057346
1.0073512521
0.9962692171
0.9890966467
0.9839155220
0.9844783432
0.9961803633
1.0052422178
1.0032764840
0.9983977785
0.9980221083
1.0065265450
1.0192532476
1.0227079515
1.0012738590
1.0036199249
0.9899455529
0.9702910163
0.9736971924
0.9886512767
0.9922326820
0.9946908015
0.9989772823
0.9998073856
1.0008740664
1.0095341344
1.0158777339
1.0152238828
1.0175959152
1.0058575552
0.9876639041
0.9878618700
0.9917186814
1.0044787538
1.0033399892
0.9958140779
0.9879107270
0.9842448181
0.9898662812
1.0066957747
1.0047335490
0.9944898062
0.9900025833
0.9872871043
0.9896314679
0.9907863929
0.9942264453
1.0082579466
1.0090251805
0.9952158225
0.9909442476
0.9930503230
0.9930373016
0.9851548787
0.9913819827
0.9930262530
1.0088609662
1.0093996113
0.9821088428
0.9783445535
0.9798995707
0.9796765840
0.9845464493
0.9893668955
0.9860730791
0.9761302677
0.9713022955
0.9712329857
0.9719248382
0.9848162786
0.9875599677
0.9911991486
0.9904964674
0.9836620666
0.9743602402
0.9846412718
1.0028812144
1.0068804964
1.0009939317
0.9854350444
0.9889421539
0.9835026615
0.9744644775
0.9774131848
0.9925502814
1.0057082059
1.0035166629
0.9955333073
0.9923310199
0.9890264860
0.9990838487
0.9900838138
0.9896547320
1.0053208323
0.9923398959
0.9867365359
0.9699700146
0.9736396146
0.9817051147
0.9739073516
0.9760270045
0.9905555183
0.9887225253
0.9849135484
0.9947559362
1.0006917976
1.0080439518
1.0214587993
1.0144704014
1.0018061630
1.0085810125
1.0176400118
1.0015215913
0.9864621758
0.9834878002
0.9961708143
0.9970288891
0.9955796442
0.9914738721
0.9881670848
0.9975632065
1.0057013067
1.0001468778
0.9920634131
0.9919176901
1.0022837587
1.0061251772
0.9992516734
1.0001296520
1.0009868193
0.9989855951
1.0043662043
0.9982119657
0.9876046696
0.9964385498
1.0052694785
0.9849766213
0.9759730361
0.9900277376
0.9993024292
0.9961055841
0.9931065811
0.9893792640
0.9913964556
1.0057996646
1.0083224953
0.9980460459
0.9992794512
1.0004161819
0.9903123393
0.9936553278
1.0008623966
1.0047259360
1.0029932723
0.9980692956
0.9999396491
1.0036307640
0.9953677437
1.0024472204
1.0059936470
1.0054481390
1.0085325336
1.0133955961
1.0096342381
0.9958863925
0.9885034109
0.9884351489
0.9899293596
1.0006527343
1.0119407822
1.0053734803
0.9906797998
0.9868685523
1.0061688618
0.9957736695
0.9965798079
1.0103555394
0.9965011914
1.0006950586
1.0105133173
1.0079774657
1.0060412092
1.0129700050
1.0154380412
1.0050493296
0.9969189388
0.9924753353
0.9903584090
0.9969844396
1.0010423908
1.0018843722
1.0070317437
1.0045119617
0.9957257712
1.0081274158
1.0101462224
1.0058708917
0.9992336434
1.0000637033
0.9919387323
0.9955790116
0.9945505363
1.0081706540
1.0114016642
1.0112159973
1.0148516189
1.0116317761
1.0013662368
0.9900380636
0.9838913165
0.9900431909
0.9934993948
0.9823662943
0.9836385518
1.0101324655
1.0150909383
1.0066811984
0.9940299035
1.0028141362
1.0031701750
0.9960898239
0.9875393066
0.9974894317
0.9994802997
0.9998565031
0.9997739353
1.0012729508
1.0063890423
1.0020481166
0.9993172491
1.0146465726
1.0154191734
1.0064969622
1.0057795713
1.0084632474
1.0106422591
1.0145946576
1.0079435165
0.9975693330
0.9939456243
0.9757196644
0.9947953436
1.0117669982
1.0202313052
1.0126412316
0.9970771653
0.9932154334
0.9977444617
0.9961541390
0.9916324262
0.9934588151
1.0000333322
1.0108121123
1.0022456809
1.0065559392
0.9978568947
0.9884349157
0.9918977356
1.0135637796
1.0050563418
1.0082450675
1.0048537901
1.0075942394
1.0123410736
1.0057545503
1.0013989469
1.0026344243
1.0049792267
1.0142184228
1.0187225542
1.0045017748
0.9990152618
1.0094313950
0.9964043314
0.9933496847
1.0004488658
0.9965220642
0.9955547829
0.9888387871
0.9883036238
0.9885956101
0.9987098380
0.9867939469
0.9786105764
0.9904742755
1.0062731655
1.0034587138
0.9896887135
0.9938310672
1.0041710829
0.9907954267
0.9857866950
0.9947526097
0.9920998320
0.9800711209
0.9837785168
1.0138239861
1.0121496363
0.9924551460
1.0030371125
1.0068536936
1.0033571631
1.0117090843
1.0069851060
0.9920437504
0.9966513774
1.0069082872
1.0007539900
1.0012234491
1.0117972271
1.0079364505
1.0083042862
0.9944750121
1.0038282779
1.0204305029
1.0114095788
1.0140228006
1.0011266606
0.9934347054
0.9895571537
0.9901917387
0.9949577799
0.9954502754
0.9946203166
0.9919402461
0.9887730132
0.9819853820
0.9794711446
0.9895995442
0.9967782440
0.9980731954
1.0152280139
1.0215131231
1.0015255958
0.9926051397
1.0026222769
0.9884329950
0.9962095223
0.9948847841
0.9962056138
1.0009193576
1.0053530569
0.9871168636
0.9890293419
0.9980199660
0.9932577954
0.9881212409
0.9935632657
0.9895037752
0.9777514074
0.9828746472
0.9867231188
0.9920420994
0.9939445730
0.9957893627
0.9980841831
0.9999013433
0.9978669213
0.9909016024
0.9924781333
0.9928715947
0.9796798639
0.9834301396
0.9941562401
1.0013308736
1.0026301334
1.0001321129
0.9934842116
0.9794118837
0.9691485188
0.9757513773
0.9804587233
0.9741993032
0.9860059156
0.9857921225
0.9796200861
0.9771953984
0.9787967151
0.9744881878
0.9699108431
0.9683460152
0.9708649651
0.9716772238
0.9788864851
0.9783244356
0.9784821244
0.9753269508
0.9730695951
0.9752404206
0.9761499499
0.9791991845
0.9777084071
0.9692779478
0.9675328326
0.9904086368
0.9859253107
0.9731416286
0.9707016439
0.9793188592
0.9730139921
0.9738655608
0.9615639748
0.9605627984
0.9748042045
0.9675721408
0.9607628971
0.9622303809
0.9692189013
0.9801509591
0.9875905346
0.9903985581
0.9852560154
0.9761954334
0.9783113379
0.9750312852
0.9730320058
0.9793434759
0.9868836177
1.0014939901
0.9831297920
0.9742324983
0.9811457384
0.9750225579
0.9740209626
0.9789871070
0.9942408504
0.9973572038
0.9911225148
0.9832101634
0.9760576920
0.9842528958
0.9934306858
0.9857923358
0.9797415142
0.9815028454
0.9874519518
0.9830840843
0.9834434735
0.9829643436
0.9749816203
0.9737875982
0.9798209122
0.9910848644
0.9927046029
0.9980191924
0.9802348694
0.9758941343
0.9919947721
0.9973465341
0.9921698362
0.9873375658
0.9850983133
0.9861722662
0.9845612015
0.9915127055
0.9805537529
0.9808698144
0.9679605625
0.9775135632
0.9873802598
0.9880300559
0.9926811205
0.9949121349
0.9940091331
0.9964042957
0.9959679916
0.9994397247
1.0025682116
1.0080698903
1.0024262404
0.9797936911
0.9772612541
0.9894519126
1.0028952859
0.9991591032
0.9837879967
0.9850597991
1.0028436894
0.9991113789
0.9832545651
0.9875369860
0.9980592236
0.9995504676
0.9989461010
0.9856666784
0.9850632554
1.0077392484
1.0302370830
1.0325305396
1.0108697468
0.9885245297
0.9885530564
0.9861308347
0.9794699377
0.9821362494
0.9886237485
0.9846522544
0.9903718145
0.9990842677
0.9893804444
0.9954990703
0.9992962493
1.0049694698
0.9992156719
0.9938758225
0.9892576698
0.9863541749
0.9970328410
1.0076927133
1.0032808866
0.9974100334
0.9966002565
0.9932421814
0.9934518920
0.9910452849
0.9847978674
1.0002471640
1.0039399028
1.0036380749
0.9961083554
0.9901830458
1.0027494156
1.0019849992
0.9944526423
0.9937464064
0.9978549765
0.9987246466
0.9985319087
0.9972568124
1.0030930727
1.0141141206
1.0077589171
0.9938727346
0.9976494671
1.0028561607
0.9935933219
0.9924497649
1.0027190927
0.9874146366
0.9845425193
0.9986134922
1.0060725994
1.0030230808
0.9830729394
0.9879773343
1.0053019921
1.0026377491
0.9923624231
0.9863307086
0.9822535725
0.9861021258
0.9911690109
0.9903929555
1.0017600174
0.9983498093
0.9982469454
0.9884095242
0.9865689175
1.0017308212
1.0030197611
1.0059331413
1.0226832494
0.9997461396
0.9863237556
1.0032871919
1.0109930323
1.0009775573
0.9886601165
0.9924872698
1.0093461278
1.0140639414
1.0064516541
1.0069339780
1.0007722566
0.9837385866
0.9822861871
0.9953524679
0.9761358567
0.9772178455
0.9865194614
0.9788574589
0.9851783380
0.9910109008
1.0093016346
1.0052911220
0.9988883904
0.9939020621
0.9968378353
0.9958803771
1.0009836234
1.0144095560
1.0104694662
1.0019208324
0.9995694654
