#flux
0.9958977032
0.9761953193
0.9663880470
0.9739374303
0.9692094447
0.9735243118
0.9946634567
1.0045936461
0.9955463394
0.9870009321
0.9808976035
0.9664156644
0.9624260357
0.9655000477
0.9541738599
0.9550578826
0.9748851275
0.9962577772
1.0025825715
0.9899380813
0.9775179523
0.9922228071
0.9910903173
0.9790277931
0.9573008629
0.9335987141
0.9235868301
0.9239126695
0.9171797157
0.9121233047
0.9292754073
0.9476561867
0.9523062735
0.9843783963
1.0035602772
1.0120469614
1.0004129801
0.9691750026
0.9505389303
0.9384078723
0.9407623654
0.9250630834
0.8973813669
0.8981070866
0.9004483880
0.9134686060
0.9453931221
0.9647188569
0.9706098471
0.9731922105
0.9663244008
0.9722681450
0.9828646956
0.9817546921
0.9906348905
0.9898813219
0.9892134025
1.0026464363
0.9930762049
0.9889728527
0.9851101298
0.9570979796
0.9469458479
0.9479275304
0.9652944525
0.9725559400
0.9464563661
0.9113775234
0.8778840314
0.8333100103
0.7975624441
0.7949644436
0.8185726193
0.8658322223
0.8972268329
0.9185727329
0.9484576663
0.9713993878
0.9684374469
0.9488833109
0.9196802563
0.9208713571
0.9199756241
0.9310927428
0.9458671016
0.9508375745
0.9438029028
0.9218829612
0.8878597794
0.8509203628
0.8208592587
0.8143403175
0.8364464225
0.8581583024
0.8726887678
0.8977567747
0.9068287824
0.8829244806
0.8613438192
0.8150594947
0.7814790361
0.7654719895
0.7794199974
0.8307140254
0.8774051106
0.9128887754
0.9484842319
0.9697771811
0.9694580796
0.9624879795
0.9487695238
0.9190728799
0.8894666165
0.8757010263
0.8869589437
0.9138418340
0.9422848370
0.9595934397
0.9743046612
0.9999905116
0.9877530233
0.9863223482
0.9981619415
0.9821469474
0.9652023293
0.9585753504
0.9571072616
0.9596553594
0.9580598120
0.9473370782
0.9398826671
0.9483044287
0.9542545404
0.9231699495
0.8961175553
0.8870786258
0.8957276878
0.9079664306
0.9162723602
0.9347248412
0.9598420010
0.9832960219
0.9747656373
0.9541623730
0.9534219757
0.9526825651
0.9426901624
0.9439815711
0.9587978030
0.9631807261
0.9555233979
0.9508920581
0.9515798291
0.9725253128
0.9801185646
0.9649787506
0.9375278180
0.8980771427
0.8656711205
0.8579339461
0.8516452183
0.8453434685
0.8860074162
0.9044810825
0.9211373344
0.9337030304
0.9272971317
0.9124362231
0.9060874890
0.9045099761
0.8989264857
0.8990896666
0.8999921648
0.8704871347
0.8436562414
0.8322763093
0.8071954897
0.8175841786
0.8646489986
0.8963778725
0.8950448330
0.8903350269
0.9047449980
0.9190307480
0.9292243723
0.9219334141
0.9224882267
0.9285792364
0.9174818443
0.9027249651
0.9070359845
0.9126261278
0.8935431758
0.8648013221
0.8478882064
0.8309834223
0.8431495191
0.8379670349
0.8296836181
0.8155626600
0.8021083439
0.7747854163
0.7118138190
0.6336756727
0.5789238519
0.5217827858
0.4355528725
0.3477389495
0.2855189299
0.2488705390
0.2304474458
0.2167261413
0.1951804078
0.1776098770
0.1785507017
0.1887610913
0.1978443692
0.2075134137
0.2583675029
0.3124761425
0.3558996619
0.3844032226
0.4196341947
0.4862775996
0.5697402723
0.6397196884
0.6959910039
0.7477311003
0.7932591886
0.8164145504
0.8243352686
0.8340808494
0.8368990735
0.8341734936
0.8222220389
0.8198796832
0.8355044264
0.8532961850
0.8796389462
0.8905542269
0.8741577861
0.8790803826
0.9102780687
0.9167671790
0.9069508432
0.9072277656
0.9270932473
0.9454399997
0.9439515307
0.9414131244
0.9378995861
0.9327182560
0.9454861804
0.9432953658
0.9329481629
0.9210060332
0.8943488795
0.8701918568
0.8706947298
0.8827703610
0.8962542568
0.9208105254
0.9219061915
0.9312980725
0.9357896249
0.9326385807
0.9421513492
0.9592541061
0.9678426883
0.9663398617
0.9649142123
0.9685116028
0.9675690588
0.9597239091
0.9670544759
0.9854255597
0.9865751854
0.9750635500
0.9834365168
0.9872700402
0.9757067444
0.9520124865
0.9324363124
0.9392483809
0.9576705490
0.9511567202
0.9406450023
0.9489130967
0.9592317067
0.9675870321
0.9819441113
0.9867355422
0.9792311267
0.9872909066
0.9992201653
0.9773351147
0.9407223929
0.9335170223
0.9369241177
0.9441077137
0.9702308556
0.9837436306
0.9975678343
0.9944056963
1.0034296183
1.0108163388
0.9964572691
0.9849081223
0.9859515920
0.9949252571
1.0025351216
0.9977640939
0.9861022803
0.9758473108
0.9544226626
0.9153974132
0.8929511496
0.8501573302
0.7737691464
0.7100907354
0.6812763378
0.6980279378
0.7359822344
0.7950762286
0.8559865162
0.9125793675
0.9569652699
0.9727418130
0.9582685553
0.9421719933
0.9424645778
0.9455201629
0.9470519297
0.9589202603
0.9671198268
0.9544321917
0.9293486993
0.9382138290
0.9439757542
0.9616672707
0.9561577540
0.9449490681
0.9532670340
0.9637535892
0.9480215568
0.9122332004
0.8932782430
0.9095669390
0.9353435303
0.9411828798
0.9423721095
0.9494457062
0.9566425958
0.9776627844
0.9961201265
0.9969995582
0.9800312009
0.9587481396
0.9630525466
0.9812078310
0.9693764222
0.9780322471
0.9847510588
0.9731923157
0.9658828306
0.9673118896
0.9795673462
0.9869651693
0.9748224322
0.9573765510
0.9619298407
0.9875578830
0.9996915130
0.9881732815
0.9857620118
0.9794503728
0.9341783296
0.8509464490
0.7686339282
0.7012064838
0.6680377563
0.6973569739
0.7699393330
0.8563778437
0.9453320068
0.9728719445
0.9536581845
0.9748265232
0.9932314270
0.9971044290
0.9991652827
0.9959384768
0.9933627792
0.9841297843
0.9769928543
0.9798701611
0.9830301161
0.9870780326
0.9918968263
0.9731906083
0.9444423693
0.8981999196
0.8343016644
0.7824570749
0.7704724992
0.8051071584
0.8452612673
0.8972348384
0.9527996800
0.9682723646
0.9539725795
0.9417746910
0.9390337389
0.9378109751
0.8968219842
0.8138087918
0.7405972436
0.7020202894
0.7204739788
0.7658281870
0.8166464402
0.8743279419
0.9219292244
0.9548943881
0.9872414700
0.9975754438
0.9825916120
0.9702776203
0.9798710513
0.9849867545
0.9863958855
0.9877490747
0.9578197784
0.9100589348
0.8993699213
0.9123110625
0.9136248975
0.9094460354
0.9048952552
0.9033102295
0.9074719772
0.9375018678
0.9602761405
0.9671184539
0.9601463272
0.9711638575
0.9807044454
0.9883532775
0.9910089916
0.9879303637
0.9819293060
0.9699534638
0.9679960330
0.9884341754
0.9991214614
0.9925103470
0.9883471807
0.9710402780
0.9726851675
0.9793341067
0.9791840208
0.9464517570
0.9623698604
0.9943651324
1.0034885440
1.0140914747
1.0137221240
1.0070495111
1.0001093431
0.9873107828
0.9844064313
0.9880910816
0.9857325703
0.9879426201
0.9906887612
0.9845418351
0.9750486378
0.9854675954
0.9939286767
0.9829838246
0.9675424979
0.9486214820
0.9617787189
0.9678035724
0.9697147548
0.9781662707
0.9883904033
1.0073682441
1.0116768781
1.0077719524
1.0094736864
1.0117248239
1.0093710626
1.0013091816
0.9881464881
0.9827900571
0.9898547537
0.9745968162
0.9391977787
0.9589039375
0.9768605108
0.9693750761
0.9577693400
0.9371839011
0.9387906870
0.9475652735
0.9647037124
0.9779521112
0.9839165641
0.9898922384
0.9861167578
0.9763898010
0.9745236066
0.9721249723
0.9650034773
0.9557317839
0.9198308007
0.8855180601
0.8640429901
0.8322107262
0.7956004993
0.8163907933
0.8805964300
0.9250137193
0.9324814098
0.9363698184
0.9560837319
0.9685194736
0.9626514004
0.9523438884
0.9446232161
0.9431373306
0.9554983620
0.9601006498
0.9476796325
0.9594819476
0.9643122668
0.9468927082
0.9494959348
0.9767195818
0.9911384350
0.9809235063
0.9600886301
0.9376299725
0.9170592537
0.9187206702
0.9299919019
0.9464839126
0.9641722846
0.9659921438
0.9474654911
0.9308910893
0.9284514131
0.9298859171
0.9325797142
0.9432913965
0.9573781968
0.9578206627
0.9467801008
0.9481057316
0.9416346446
0.9284834661
0.9323782258
0.9464658447
0.9563616683
0.9655823280
0.9653646504
0.9697782919
0.9901395130
1.0024087539
0.9886818111
0.9630192783
0.9539487394
0.9717858908
0.9877849406
0.9732795093
0.9633474698
0.9874201875
0.9782168401
0.9750211716
0.9898012949
0.9838173107
0.9947767000
1.0123778450
1.0197910578
1.0056308887
0.9834974648
0.9735863850
0.9631411689
0.9462206915
0.9480696594
0.9664132528
0.9668157377
0.9531969535
0.9629828451
0.9956376333
1.0207615822
1.0209472101
1.0046738661
0.9959877071
0.9945452044
0.9587408451
0.9061600604
0.8390748984
0.7866742171
0.7618682992
0.7701801217
0.8061440064
0.8577444842
0.9290784894
0.9695602745
0.9764286477
0.9824740357
0.9820227533
0.9751786610
0.9884796610
1.0105048997
1.0032642758
0.9996241616
0.9985643229
0.9724790680
0.9671384815
0.9863535680
1.0006545848
1.0034419248
0.9932223730
0.9783979576
0.9682093928
0.9719567757
0.9705042543
0.9657373117
0.9628657619
0.9671309496
0.9785408164
0.9855846804
0.9864102704
0.9894585701
1.0026235973
1.0090507159
1.0126838933
0.9953157471
0.9587957547
0.9600240663
0.9949197532
1.0077284417
0.9979699232
0.9866641564
0.9847788152
0.9932040216
0.9888499719
0.9652710083
0.9624161719
0.9810531093
0.9842526241
0.9784040141
0.9795861145
0.9704530243
0.9715617941
1.0000698722
1.0130685997
1.0049745674
0.9922207335
0.9738328319
0.9700153195
0.9766689024
0.9995681564
0.9945364018
0.9873664883
0.9925166715
0.9936787692
1.0003512305
1.0009665518
0.9795726361
0.9719564769
0.9919112966
1.0011424406
1.0089603247
1.0267104934
1.0306873448
1.0092306828
0.9773208462
0.9587623475
0.9761734863
1.0008309981
0.9862636927
0.9669971458
0.9412122814
0.9024847104
0.8924624333
0.9222595151
0.9489642596
0.9575922525
0.9737988904
0.9955926454
0.9955469065
0.9837320713
0.9835019175
0.9829567445
0.9976444573
1.0038600896
0.9831677566
0.9830499776
0.9967487171
0.9892394721
0.9763492978
0.9442694092
0.9180689385
0.8982121733
0.8736261261
0.8358958564
0.8111931100
0.8010246072
0.7647039528
0.6898740663
0.6167364487
0.5796607709
0.5918229101
0.6619534459
0.7471840875
0.8435138253
0.9005386035
0.9102280828
0.9278464542
0.9341782670
0.9645834945
0.9958445651
0.9871902825
0.9034166073
0.8139587538
0.7291509074
0.6641856113
0.6275923675
0.6425995021
0.7012200831
0.7787462515
0.8750979136
0.9529890488
0.9715629819
0.9709639195
0.9768617683
0.9826732848
0.9907719209
0.9899927940
0.9718915486
0.9632111081
0.9678397928
0.9705710959
0.9766522791
0.9825959126
0.9950023418
0.9847401788
0.9644010484
0.9542141195
0.9475286916
0.9517997260
0.9673679894
0.9754496682
0.9862460944
0.9759672324
0.9794577300
0.9886317880
0.9802042400
0.9708176947
0.9547262019
0.9400210042
0.9416962604
0.9517253108
0.9590333257
0.9582088979
0.9589862845
0.9670777786
0.9736292124
0.9767425840
0.9842937467
0.9914252248
1.0012507584
1.0252733216
1.0321416277
1.0098227968
1.0014409912
0.9937945674
0.9787022959
0.9918416781
0.9778714563
0.9703439409
0.9666455667
0.9707560928
0.9854233623
0.9926448040
0.9658899318
0.9089777645
0.8559246650
0.8185402763
0.7981176114
0.8102416024
0.8635197082
0.9243651060
0.9504781420
0.9656163054
0.9718396954
0.9887375620
0.9936331025
0.9782910452
0.9752494583
0.9888073694
0.9910981695
0.9709800524
0.9448145200
0.9127758682
0.8914060112
0.8826370664
0.8761694599
0.8855865623
0.9110246807
0.9281922085
0.9249022294
0.8958493825
0.8421855942
0.8094390091
0.8295129767
0.8774403232
0.9053881445
0.9459674246
0.9810427620
0.9775334042
0.9892480056
0.9808904079
0.9866316036
1.0159872507
1.0304953598
1.0186822113
0.9813028070
0.9681577509
0.9979221749
1.0197420050
1.0026827769
0.9741288446
0.9668214097
0.9845130889
0.9899086026
0.9700769590
0.9630750065
0.9738850078
0.9838949945
0.9948889868
1.0006571335
1.0133394348
1.0137739888
1.0121266205
1.0102928376
1.0001341022
0.9898551091
0.9924707638
0.9970107987
0.9978346598
0.9884675102
0.9676433331
0.9684690307
0.9846387490
0.9849915277
0.9694715111
0.9824645716
0.9959160506
1.0027407930
0.9937271465
0.9821551233
0.9876904806
0.9907618743
1.0006989641
1.0025831550
0.9866168605
0.9818017150
0.9893587601
0.9901166628
0.9819153448
0.9809520918
0.9894379438
0.9948398361
1.0032040108
0.9941832366
0.9688681014
0.9997252751
0.9940493919
0.9820955600
0.9729365092
0.9731403222
0.9606423376
0.9368747747
0.9193449914
0.9140032445
0.9241437144
0.9582367183
0.9828704499
0.9861343228
0.9957601027
1.0133120426
1.0134164917
1.0050928039
1.0196969924
1.0421422572
1.0313955817
1.0086182548
1.0013233024
1.0040153795
0.9923334486
0.9522092999
0.9414016997
0.9116407975
0.8685204148
0.8331459216
0.8460967926
0.8488389959
0.8788019531
0.9371236453
0.9829008207
0.9957932115
0.9884777179
0.9900357258
0.9878820211
1.0091674974
1.0104134731
0.9959736960
0.9959454619
1.0024685550
0.9651557286
0.9464334744
0.9429907128
0.9300376826
0.9248867956
0.9160327478
0.8998936078
0.8944736089
0.9037498222
0.9247414852
0.9604277643
0.9941175322
0.9991667944
0.9898430614
0.9994108040
1.0128703729
1.0078677047
1.0033607462
1.0015149243
0.9858049136
0.9619196615
0.9766894682
0.9810235590
0.9683495365
0.9454428601
0.9264751128
0.9204474478
0.9381599233
0.9626077587
0.9623381283
0.9522735830
0.9609540214
0.9696184560
0.9649242780
0.9636335872
0.9495163572
0.9609661404
0.9782048582
0.9858781135
0.9686659987
0.9260874515
0.8805878489
0.8535056930
0.8406705176
0.8547342395
0.8911040759
0.9360924599
0.9658868725
0.9779768424
0.9890844468
1.0028523773
1.0076167220
1.0031375536
0.9984876555
0.9939179621
0.9914546010
0.9828581190
0.9455167682
0.8917507173
0.7767779536
0.7031517679
0.6970393996
0.7050842179
0.7473631243
0.8244598228
0.8944691635
0.9228338086
0.9090311789
0.8762419638
0.8448483365
0.8447262902
0.8724437347
0.8942326129
0.9068577489
0.9327016620
0.9762425713
0.9989837205
0.9864561752
0.9734607145
0.9880260414
1.0018283006
0.9984141476
1.0069783511
1.0203943812
1.0083698216
1.0054859551
1.0117138959
1.0022685628
0.9895950735
0.9824332082
0.9744084947
0.9896045604
1.0223028252
1.0241719510
1.0016204703
0.9847578753
0.9826481981
0.9920787961
0.9900034007
0.9902914177
0.9888530712
0.9938048046
1.0010098064
0.9902883555
0.9947717598
0.9843102387
0.9789856239
0.9869367329
0.9954303699
0.9936918413
0.9800427513
0.9651547754
0.9577459926
0.9590365020
0.9725674770
0.9952567938
1.0133997408
1.0067130168
0.9988569549
0.9909078097
1.0072903147
1.0035261614
0.9851004658
0.9819856719
0.9973827056
0.9994765794
0.9891274784
0.9843919880
0.9877194075
0.9880981947
0.9830186402
0.9692265793
0.9487578007
0.9362991198
0.9366701450
0.9349834909
0.9150631922
0.8883862071
0.8650693346
0.8603524443
0.8691430032
0.8710513764
0.8988505510
0.9432239765
0.9954299178
1.0038469368
1.0061420617
1.0008168854
0.9923417761
0.9872584491
0.9899503130
0.9869927087
0.9775346564
0.9853939087
1.0078304064
1.0183218872
1.0149664188
0.9974470132
0.9775760969
0.9676106260
0.9684080041
0.9851088769
1.0200989291
1.0187620507
0.9880573869
0.9753789981
0.9797638449
0.9830161615
0.9791706519
0.9843660465
0.9977096025
1.0048479906
1.0031427388
0.9997125685
1.0002008510
1.0030440773
1.0029914186
1.0095241701
1.0116953761
0.9986091851
0.9844449022
0.9795748117
0.9763025775
0.9818260169
1.0014507467
1.0127021204
0.9995363183
0.9862305258
0.9819171606
0.9916670143
0.9996300980
0.9923811981
0.9774757732
0.9714430241
0.9791982138
0.9907216890
1.0003725194
0.9971738540
0.9927878608
0.9867025533
0.9909335061
0.9800330262
0.9671016715
0.9452981136
0.9589380551
0.9535410120
0.9352577717
0.9541761272
0.9720918228
0.9881618412
1.0118974676
1.0201083853
1.0007891659
0.9816715764
0.9820951673
0.9788841525
0.9584384502
0.9501891406
0.9742869080
0.9825038744
0.9867743225
1.0189280783
1.0049078285
0.9848679703
0.9956504798
1.0029822533
0.9882196690
0.9689677451
0.9715705412
0.9813368965
0.9883734196
0.9871601464
0.9871237437
0.9966143082
0.9896513626
0.9627754886
0.9592830592
0.9664168228
0.9871408263
0.9867374634
0.9817134536
1.0214384878
1.0037170300
0.9772767341
0.9888031182
0.9983088157
1.0010854181
1.0094925411
1.0077794467
0.9946032467
0.9834404133
0.9710392608
0.9740952344
0.9879898245
0.9848820549
0.9866357617
1.0008596587
1.0037833358
1.0219016061
1.0150037390
0.9903739905
0.9682519077
0.9862974177
0.9898022839
0.9908028893
1.0008659560
1.0143785717
1.0121011438
1.0074301906
1.0168458566
1.0259316396
1.0225325275
1.0259899297
1.0227256744
0.9949286441
0.9791515016
0.9742624133
0.9627829109
0.9774945318
0.9767020622
0.9731858517
0.9990764112
0.9837006427
0.9895595035
0.9823582618
0.9716688178
0.9831482175
0.9942129642
0.9969017562
0.9898388955
0.9887113592
0.9838171189
0.9722765608
0.9774882542
0.9916852682
0.9987091187
1.0185745946
1.0261359568
1.0175154948
1.0052008674
0.9859681963
0.9605558637
0.9575233705
0.9499987004
0.9435466763
0.9197625928
0.9171152507
0.9555806559
0.9782685201
0.9833240884
0.9970292232
1.0057794436
1.0015591481
0.9835876418
0.9601599143
0.9555976057
0.9618989974
0.9607484652
0.9584597293
0.9984602236
1.0051103494
0.9646907234
0.9144862995
0.8584071482
0.7987066580
0.7749674923
0.7893633266
0.8037723145
0.8414611516
0.8943161725
0.9503967423
0.9811646696
0.9879042101
0.9955824755
1.0087402542
1.0121831203
1.0018547650
0.9996473978
1.0021421372
1.0197405835
1.0148037382
1.0115390756
1.0134743442
0.9887469804
0.9805644495
0.9917529824
0.9895527930
0.9951274795
0.9899315500
0.9766708277
0.9797097602
0.9812544153
0.9860616958
0.9889331832
0.9855887689
0.9988986946
1.0116329636
1.0069239875
0.9994004650
1.0109307698
1.0040370826
0.9784037790
1.0177001391
1.0034307509
0.9808037682
0.9395677344
0.8979414488
0.8641497316
0.8459372138
0.8406388939
0.8712268805
0.9218815953
0.9685675683
1.0011494212
1.0111318767
0.9979995597
0.9793561034
0.9805662241
0.9952126052
0.9936152277
0.9759325205
0.9716946443
0.9912533228
0.9904677228
0.9918263338
0.9940550955
0.9970577676
1.0004856682
0.9939945202
0.9799598178
0.9621966370
0.9557149019
0.9579171785
0.9676345766
0.9845026316
0.9902552396
0.9864143879
0.9934930784
0.9899889798
0.9772398725
0.9774125859
0.9904623880
0.9946870350
1.0098866012
1.0244681947
0.9962104478
0.9440323076
0.9078177991
0.9010512796
0.8834772321
0.8610944921
0.8785445855
0.9249014664
0.9650871621
0.9846241921
0.9818317480
0.9721685901
0.9709695631
0.9728323514
0.9946490043
1.0082583018
1.0254018363
0.9952164489
0.9860580753
0.9794433770
0.9658239413
0.9797763308
0.9808230958
0.9736299619
0.9475797335
0.9509292062
0.9890741801
1.0038873523
0.9796074641
0.9518947312
0.9399808707
0.9395937620
0.9444804255
0.9463663399
0.9445628955
0.9422692858
0.9362620590
0.9330922971
0.9369275042
0.9383877770
0.9624321689
0.9655625870
0.9435952062
0.9192938181
0.8986193380
0.8935746122
0.8987285548
0.9305356673
0.9690717481
0.9846539846
0.9934690140
1.0030372563
1.0004788489
1.0057205613
1.0171274861
1.0074658950
0.9731857079
0.9427951328
0.9070196582
0.8569265397
0.8389408801
0.8293811692
0.8336786769
0.8468532673
0.8166921340
0.7551997076
0.7189077184
0.7234976227
0.7575556855
0.7990583457
0.8244247119
0.8171744381
0.7974918693
0.8242936977
0.8446648239
0.8474245431
0.8940720804
0.9568898453
0.9746269187
0.9886628386
0.9935102685
0.9976677052
0.9931456349
0.9895872350
0.9829681459
0.9638789767
0.9281250813
0.8933139781
0.8654700081
0.8548255641
0.8721238620
0.9027960072
0.9280331401
0.9463968706
0.9731122753
0.9788553801
0.9743101979
0.9610172621
0.9216995688
0.9089008314
0.9263665901
0.9593736250
0.9692556865
0.9582903539
0.9563727545
0.9631259472
0.9720858689
0.9696626851
0.9634045952
0.9639584910
0.9678381320
0.9732419119
0.9823884292
0.9891241280
0.9845931058
0.9983353614
0.9862323386
0.9893864199
0.9942746152
0.9944123480
1.0003790658
0.9860956254
0.9856452437
1.0004725698
1.0021509670
1.0052385774
1.0154839948
1.0046666111
0.9908988311
0.9917464342
0.9877801708
0.9828085941
0.9902156639
0.9906431109
0.9881537448
0.9787600179
0.9796464508
0.9946334870
0.9734418520
0.9553866236
0.9404355034
0.9487820257
0.9632856791
0.9562002916
0.9500413812
0.9611693493
0.9714226150
0.9916717958
1.0058248667
1.0063660586
1.0119849511
1.0185912237
1.0158177942
1.0162377772
1.0140474139
0.9888335698
0.9894332002
0.9954538297
0.9956869085
0.9860010921
0.9627065110
0.9586977192
0.9414389427
0.9195897817
0.8960887972
0.8637831729
0.8190538532
0.8026120845
0.8210514525
0.8456757555
0.8681032969
0.8984698116
0.9342225659
0.9600668087
0.9671146306
0.9598585258
0.9618399450
0.9689801748
0.9716238855
1.0007174075
1.0158672972
1.0087279023
0.9858497156
0.9583433115
0.9638594670
0.9900814988
1.0143168330
1.0234326660
1.0223911167
1.0130490740
1.0057545659
1.0046241310
0.9957148452
0.9859607870
0.9844947620
0.9836833776
0.9889698682
0.9928971894
0.9906286394
0.9990807216
1.0184464324
1.0190582181
1.0132283587
1.0002836169
1.0049622674
1.0137242027
1.0019449618
0.9873685297
0.9812766767
0.9840460178
0.9896679116
0.9964213536
1.0040212690
0.9918573079
0.9684716630
0.9832226487
0.9863083364
0.9711199612
0.9758253483
0.9515027744
0.9473770786
0.9749563414
0.9799194042
0.9823297121
0.9763057452
0.9867933660
0.9826053061
0.9396389796
0.8537801408
0.7534112041
0.6653575467
0.6130490163
0.6217307202
0.6816798674
0.7730677769
0.8775573795
0.9224594870
0.9539589789
0.9720969074
0.9572754407
0.9649553738
0.9997355787
1.0066119380
0.9698239728
0.9597975626
0.9718206444
0.9977285546
1.0070075190
1.0002205556
0.9891673535
0.9835250133
0.9968324440
1.0159641652
1.0029851275
0.9672173586
0.9538705270
0.9290721589
0.9157805476
0.9346537300
0.9310440807
0.9468929267
0.9176577668
0.9420270635
0.9689242527
0.9729044657
0.9728912604
0.9717242171
0.9702011400
0.9810841340
0.9873063273
0.9853512514
0.9871486193
0.9919883446
1.0045109080
1.0287258462
1.0520010832
1.0363842873
1.0155928082
1.0126692504
0.9888735432
1.0019217018
1.0098378475
0.9845661399
0.9567504435
0.9333571316
0.8985582879
0.8859645759
0.8912886055
0.9273625244
0.9733494041
0.9838867066
0.9684800821
0.9628585366
0.9670386672
0.9778629302
0.9942053055
0.9897551039
0.9799688730
0.9792503296
0.9608549361
0.9695015844
0.9786778129
0.9604844706
0.9113832175
0.8887323106
0.8828178265
0.8777907863
0.8715655313
0.9011311610
0.9694727226
1.0055516242
0.9919815828
0.9763422922
0.9649227574
0.9583230988
0.9751927155
0.9873581220
0.9768496153
0.9791828663
0.9961015522
0.9928237032
0.9897736258
0.9683839897
0.9614512779
0.9821212461
1.0029272300
0.9838592822
0.9763702256
0.9876787270
0.9912083248
0.9885373427
0.9847052561
0.9784241897
0.9848104414
1.0015938288
1.0014846301
1.0070707669
1.0131146985
0.9849994245
0.9586488733
0.9600430424
0.9734963415
0.9816737982
0.9934111098
0.9815811113
0.9695332480
0.9593617312
0.9681427386
0.9781604434
0.9827561039
0.9850294333
0.9891345724
0.9972419321
1.0125929862
1.0264688054
1.0077214638
0.9913545270
0.9858070521
0.9645889716
0.9578716524
0.9726190691
0.9986180407
1.0101294976
0.9930087763
0.9968598013
1.0140041834
1.0234015337
1.0063664128
0.9753514237
0.9538832627
0.9514315967
0.9601978647
0.9804126142
1.0036874969
1.0001230432
0.9808519576
0.9803309466
0.9976536559
0.9988182798
0.9894811902
0.9972877313
0.9994668314
1.0171934385
1.0171153864
1.0051266029
0.9888724232
0.9833884702
0.9866645295
0.9839529488
0.9641009298
0.9587530855
0.9675070448
0.9694575909
0.9741840998
0.9814935830
0.9860956695
0.9883340924
0.9733128925
0.9737411221
0.9444831256
0.9164522138
0.9212424539
0.9203423129
0.9313174652
0.9398914039
0.9562799532
0.9692567939
0.9657800143
0.9630294100
0.9634960404
0.9730996551
0.9795639340
0.9742809328
0.9676346774
0.9652387154
0.9728711005
0.9675565033
0.9526596244
0.9749715628
0.9873325661
0.9917747815
1.0257806270
1.0148885585
0.9843316094
0.9618527231
0.9736901758
0.9653556657
0.9781020262
0.9966504255
1.0030979483
1.0047770939
1.0095074386
1.0115448233
1.0055890797
1.0012869941
1.0086467926
1.0240512399
1.0331688202
1.0161767229
0.9951111227
0.9974006779
1.0031102713
0.9889308335
0.9977910180
0.9919334337
0.9664679120
0.9514530693
0.9677044866
0.9755807533
0.9872220919
0.9922721001
0.9767743860
0.9654666692
0.9690964104
0.9678677817
0.9609083430
0.9663557844
0.9874378400
1.0068641760
1.0020759536
1.0055659441
1.0156855389
0.9890075368
1.0015565131
0.9837527030
0.9689596348
0.9737173629
0.9936622311
0.9994800891
0.9934780650
0.9948188295
0.9956277732
0.9954809155
0.9895823343
0.9793500136
0.9858374770
0.9718484332
0.9630505132
0.9559596356
0.9824863375
1.0000765571
0.9972211847
0.9819614503
0.9732629204
0.9821777939
1.0033796806
1.0275296685
1.0108254133
0.9978234753
1.0061176580
1.0017272120
0.9854800243
0.9808334358
0.9837110632
0.9795328863
0.9776948591
0.9950316970
1.0090726743
1.0089654406
0.9886055343
0.9766040880
0.9629536845
0.9805760687
0.9748269917
0.9726523992
0.9768534706
0.9850570812
0.9885761914
0.9877190331
0.9845144673
0.9789467467
0.9769547479
0.9838073451
0.9968344986
1.0002586506
0.9916121968
0.9954880975
0.9888955386
0.9636908413
0.9438515601
0.9396620811
0.9130048619
0.8933393272
0.8942797950
0.8933839089
0.9035481712
0.9430020955
0.9791872257
0.9910248611
0.9939600024
1.0064523310
1.0158347940
1.0211575837
1.0248229159
1.0145772109
1.0001447268
1.0008670957
1.0089031155
0.9988539992
0.9870510051
0.9893611630
0.9935166414
1.0045759461
1.0103650261
0.9983509113
0.9725072508
0.9704504989
0.9683579143
0.9889212270
1.0174028781
1.0065007931
0.9845874198
0.9683463666
0.9422951227
0.9182558816
0.9044666077
0.8819963989
0.8298569671
0.7678190863
0.6917643129
0.6453229435
0.6382116888
0.6456422357
0.6936022092
0.7538505527
0.8488757247
0.9466090385
0.9844295020
0.9809371712
0.9874709639
1.0133905548
1.0268477375
1.0285660915
1.0280693641
1.0071748684
0.9722351904
0.9609640782
0.9759792265
0.9840114606
0.9685953768
0.9918773477
1.0249555282
1.0038323732
0.9930828027
1.0004366441
0.9882016689
0.9801094781
0.9814291845
0.9826245996
0.9682035875
0.9508990451
0.9388271330
0.9317643043
0.9284766574
0.9352182496
0.9512837830
0.9572292873
0.9563526456
0.9533530536
0.9618658029
0.9684712265
0.9679283133
0.9537421280
0.9422034137
0.9493204791
0.9746879096
0.9900422095
0.9931514948
0.9855324778
0.9636766477
0.9479381295
0.9443465922
0.9574179743
0.9678626945
0.9615465871
0.9649836633
0.9779703812
0.9762891465
0.9787773690
0.9818717843
0.9929470300
0.9876560011
0.9847550241
0.9678310101
0.9485056361
0.9285949315
0.9157448669
0.8926381189
0.8846239660
0.8981302998
0.9248513592
0.9307290658
0.9165359909
0.9120018173
0.9227501459
0.9411886621
0.9681305917
0.9957471211
1.0083474509
0.9829938996
0.9673390857
0.9562218796
0.9314602101
0.9168696817
0.9248284885
0.9490534693
0.9596896603
0.9809823041
0.9786422472
0.9787104022
0.9730924973
0.9634343850
0.9662451732
0.9762767765
0.9752498787
0.9553827354
0.9275795290
0.9173285110
0.9286024550
0.9362162194
0.9455177672
0.9573205720
0.9602711816
0.9805478955
0.9869386303
0.9958697420
1.0194610475
1.0089560550
1.0098545811
1.0040852519
0.9991471552
1.0169467988
1.0403037631
1.0319934997
1.0075372317
0.9950453476
0.9857606680
0.9909897548
1.0006587054
1.0028530969
1.0064677447
0.9982014504
0.9952045152
0.9974438653
0.9982417882
0.9975208519
0.9915038380
0.9787266937
0.9779919623
0.9955474687
1.0057484518
1.0077308976
1.0089364884
1.0106496987
1.0011066490
0.9860140234
0.9928401665
1.0079695358
1.0055447983
1.0000804470
1.0146695397
1.0050673609
0.9783811043
0.9568656354
0.9845542596
0.9862476487
0.9776822572
0.9743226253
0.9882969964
0.9918968637
0.9905816998
1.0012523203
1.0062165684
0.9881703950
0.9746255856
0.9785229886
0.9804877178
0.9824461064
0.9759508459
0.9888384359
1.0138174356
1.0307846028
1.0140174936
1.0078162369
1.0102681687
1.0012211605
0.9911592334
0.9863784433
0.9874543711
0.9899720154
0.9972514848
1.0089813478
1.0059640727
1.0025969278
1.0021182752
0.9947716629
0.9957160776
0.9993917447
0.9945751881
0.9844738009
0.9748858751
0.9740026862
0.9810870412
0.9915541032
0.9905456667
1.0038887397
1.0223308942
1.0141156053
1.0053011982
0.9991634833
0.9760259921
0.9725928463
0.9698250795
0.9690687253
0.9823337426
