#flux
0.9547309714
0.9567100784
0.9551358232
0.9526693364
0.9490835276
0.9545197051
0.9464976828
0.9413672783
0.9519049694
0.9637308533
0.9610970027
0.9515181084
0.9405727329
0.9220520946
0.9336120242
0.9401084179
0.9439243690
0.9457970071
0.9429437204
0.9383200957
0.9313784696
0.9301490340
0.9407005300
0.9434610504
0.9282194790
0.9195115178
0.9226347515
0.9368308885
0.9434251288
0.9273948895
0.9099934716
0.9079519063
0.9038102903
0.9213023153
0.9347211040
0.9404614238
0.9390512002
0.9388336134
0.9404732707
0.9346048499
0.9289451855
0.9295363695
0.9268878633
0.9281905304
0.9401213729
0.9357974785
0.9272285922
0.9278387725
0.9349616077
0.9391791700
0.9309986052
0.9263096493
0.9273764790
0.9312505679
0.9330751858
0.9265626017
0.9135481702
0.9046646106
0.9081180479
0.9184278020
0.9216169052
0.9148931353
0.9111290926
0.9119089766
0.9092161318
0.9134009314
0.9166372182
0.9032093169
0.8869637334
0.8908096828
0.8974784153
0.9042914290
0.9098703725
0.9083945002
0.9066078132
0.9029844174
0.9031164638
0.9033549298
0.8976566498
0.8961081630
0.9018038225
0.8957103200
0.8824582102
0.8801514322
0.8833798600
0.8950669090
0.9057187219
0.9045011920
0.8997471679
0.8995029766
0.8922482200
0.8912879558
0.8861362240
0.8879894319
0.8852956270
0.8809283568
0.8733552614
0.8675545369
0.8706452245
0.8784086277
0.8828152523
0.8820562404
0.8838229596
0.8844808597
0.8786812917
0.8843746506
0.8908991278
0.8805549714
0.8693015925
0.8769290938
0.8846348901
0.8812120381
0.8930407657
0.8921043687
0.8773930206
0.8748049444
0.8740922677
0.8683858418
0.8639515612
0.8634155711
0.8657022690
0.8714765113
0.8724383979
0.8651557620
0.8640581800
0.8725130709
0.8761331932
0.8678227634
0.8608337104
0.8570755495
0.8515079277
0.8598687320
0.8684901420
0.8615407053
0.8465288090
0.8419997686
0.8419464079
0.8426946309
0.8435769295
0.8444193768
0.8441627820
0.8400782139
0.8345857252
0.8309540845
0.8333119042
0.8442313879
0.8436923255
0.8246088676
0.8091186785
0.8092991395
0.8173893295
0.8214247251
0.8177617845
0.8140093771
0.8088263478
0.7999249515
0.8011155817
0.7866575114
0.7744059998
0.7772799331
0.7848671552
0.7860890836
0.7776104436
0.7696018258
0.7708205464
0.7727088009
0.7731750067
0.7687656990
0.7637502099
0.7604740384
0.7541039566
0.7563072159
0.7636228700
0.7563007453
0.7563258572
0.7524221206
0.7429704957
0.7399323817
0.7315673143
0.7233399424
0.7222147852
0.7226460131
0.7189551420
0.7124218251
0.7058624143
0.7007923974
0.6958947896
0.6856370954
0.6776717332
0.6728834029
0.6565131148
0.6488410796
0.6457403301
0.6345373389
0.6199804023
0.6030966901
0.5854420027
0.5758848386
0.5722844101
0.5652169844
0.5577997812
0.5481068072
0.5325946586
0.5157892489
0.4984842221
0.4751520875
0.4481605904
0.4243855415
0.3988147540
0.3841411547
0.3766318900
0.3670337401
0.3622000807
0.3566741864
0.3586906831
0.3685727784
0.3749742414
0.3782788100
0.3876307297
0.3983242847
0.4081810519
0.4204157635
0.4324086863
0.4448411209
0.4584880473
0.4698527856
0.4871375686
0.5101341291
0.5274405113
0.5424429163
0.5640318404
0.5863065241
0.5924350963
0.5960898534
0.6106062281
0.6341120714
0.6514907807
0.6604180976
0.6718569856
0.6838530288
0.6858474363
0.6900464874
0.6954246754
0.7007366695
0.7111877774
0.7180151738
0.7243816527
0.7319051152
0.7385941900
0.7464252713
0.7536087113
0.7535671237
0.7526152954
0.7625785160
0.7692804922
0.7794342709
0.7789202987
0.7786978573
0.7897386902
0.7994108043
0.7959470571
0.7886944922
0.7877845009
0.7858236855
0.7819880047
0.7854446820
0.7925564574
0.8023852667
0.8049440369
0.8026333997
0.8017890980
0.8034743143
0.8055661133
0.8102559989
0.8173118901
0.8212798451
0.8234361326
0.8259051626
0.8296075700
0.8335276750
0.8373406080
0.8392291260
0.8315626958
0.8212784261
0.8220701326
0.8312092931
0.8438157826
0.8566078641
0.8571972275
0.8564824689
0.8480389735
0.8354327647
0.8467492894
0.8548235397
0.8684729180
0.8789376282
0.8778522922
0.8671356206
0.8543430630
0.8555759719
0.8740044418
0.8837747681
0.8778908527
0.8744783640
0.8756080942
0.8697693006
0.8611759507
0.8590979146
0.8608205881
0.8579171836
0.8546152769
0.8563339371
0.8514685251
0.8657784852
0.8848093953
0.9132728681
0.9037719246
0.8739578313
0.8605365564
0.8574155966
0.8594685752
0.8663736758
0.8690843576
0.8664292863
0.8671283906
0.8712984258
0.8762414897
0.8830173910
0.8816844824
0.8808198347
0.8795518885
0.8886783071
0.8935087910
0.8979864861
0.9059542221
0.9065269975
0.9043537316
0.9045107917
0.9090720222
0.9230046576
0.9155631044
0.9038863438
0.8987401275
0.8978738007
0.9013490766
0.9042187724
0.9111138201
0.9258729834
0.9332921113
0.9199308097
0.9059476685
0.9053614056
0.9212587925
0.9151214022
0.9153121611
0.9053384366
0.9022804376
0.9096144359
0.9204212011
0.9305581115
0.9339034137
0.9274024116
0.9217412704
0.9237292261
0.9245598765
0.9204085458
0.9196806143
0.9222578993
0.9231910646
0.9253067809
0.9251958982
0.9270917542
0.9277997234
0.9230917344
0.9239050217
0.9252647960
0.9155494021
0.9157420213
0.9178424070
0.9288846859
0.9323367961
0.9317804631
0.9322368833
0.9305440162
0.9307489575
0.9362898226
0.9390157472
0.9361006287
0.9394058627
0.9491862354
0.9474967905
0.9345152781
0.9406063280
0.9428499666
0.9416837229
0.9416739422
0.9424319428
0.9383763945
0.9391273239
0.9431969760
0.9388547969
0.9320251959
0.9279449499
0.9284010997
0.9307696832
0.9383046157
0.9515527529
0.9520616848
0.9381531076
0.9190342592
0.9177905299
0.9314989993
0.9395817361
0.9376238535
0.9360107486
0.9361964491
0.9361848516
0.9398413554
0.9439136202
0.9538184958
0.9582712116
0.9626186682
0.9617506134
0.9554355187
0.9465148037
0.9352315972
0.9295354240
0.9320614970
0.9361881417
0.9433897061
0.9522675738
0.9556269954
0.9560700084
0.9565480021
0.9628763116
0.9751566658
0.9772444147
0.9696550944
0.9651269237
0.9709384219
0.9816809724
0.9858030919
0.9783747439
0.9699631279
0.9750968855
0.9827565892
0.9786232461
0.9790762844
0.9871593326
0.9833042166
0.9767831374
0.9737501323
0.9679317094
0.9691114702
0.9708166511
0.9623850729
0.9612850202
0.9726674820
0.9763295639
0.9759997375
0.9829016969
0.9740570660
0.9615016794
0.9602686171
0.9675619264
0.9700763348
0.9671319449
0.9748172255
0.9835166686
0.9840833341
0.9822567174
0.9785530973
0.9706175692
0.9519653078
0.9752252699
0.9806676817
0.9806205033
0.9821121182
0.9817504876
0.9852476742
0.9707536919
0.9525516313
0.9514880575
0.9629685128
0.9725675258
0.9748885247
0.9746541090
0.9744743616
0.9689341490
0.9625158074
0.9630700386
0.9636152571
0.9633420249
0.9727024443
0.9847271321
0.9782038395
0.9834252399
0.9902842820
0.9906134991
0.9938168872
0.9945486110
0.9867158248
0.9796911430
0.9846103721
0.9921193379
0.9874649971
0.9770848523
0.9728523687
0.9685646471
0.9610112779
0.9590190322
0.9677159443
0.9714723584
0.9752523182
0.9813068577
0.9801474399
0.9834983848
0.9902625739
0.9866680848
0.9766424734
0.9678424784
0.9683205958
0.9757004662
0.9826802200
0.9862654028
0.9887676797
0.9875557828
0.9809037062
0.9794740852
0.9841590484
0.9845724818
0.9809735197
0.9834170804
0.9906745453
0.9908187174
0.9937649897
0.9952021491
1.0002882314
0.9956176722
0.9811739745
0.9657116418
0.9582002380
0.9627641562
0.9797749042
0.9988474692
1.0113632636
1.0181650828
1.0155577280
1.0011937450
0.9895322218
0.9848702461
0.9821097314
0.9905118851
0.9969971456
0.9989421110
0.9813864257
0.9725804422
0.9797107599
0.9827154765
0.9825790088
0.9831050764
0.9845071111
0.9876434630
0.9912102235
0.9916087833
0.9906324122
0.9962515372
1.0013350093
0.9953593340
0.9941333434
0.9885446205
0.9783078908
0.9794043297
0.9888890995
1.0028508719
1.0098647833
0.9948552343
0.9879941085
0.9924477991
0.9977082912
1.0042812732
0.9980913865
0.9849619028
0.9821752907
0.9834592274
0.9874761998
0.9978503990
1.0021331211
0.9974364638
0.9951668436
0.9936662788
0.9865750640
0.9815539580
0.9809896776
0.9825385545
0.9873802007
0.9907521264
0.9818905764
0.9702151857
0.9770767602
0.9900911322
0.9961460703
0.9958665717
0.9884933450
0.9809486439
0.9777227695
0.9803267721
0.9832318818
0.9754350138
0.9690596472
0.9753203310
0.9814292008
0.9841230523
0.9875853961
0.9884242905
0.9861297404
0.9837269610
0.9804957542
0.9740488241
0.9730467911
0.9801265707
0.9783268591
0.9673128006
0.9545024382
0.9599465282
0.9749801385
0.9781040042
0.9746903329
0.9720444976
0.9655782701
0.9611635090
0.9636569115
0.9693712116
0.9767929504
0.9843273453
0.9944883344
1.0075236006
1.0094773261
0.9968263534
0.9877778415
0.9843526213
0.9877135186
0.9891577956
0.9894750959
0.9916088835
0.9932226391
0.9926780051
0.9897365984
0.9855544235
0.9887817698
1.0052589218
1.0184315282
1.0136652023
1.0046964188
0.9930240839
0.9790136402
0.9810371611
0.9975818233
1.0059771137
1.0027945044
1.0025855989
1.0009973154
0.9961568133
0.9954521651
1.0015818714
1.0008385322
0.9902677095
0.9875173961
0.9956874694
0.9999013517
1.0035071166
1.0101514397
1.0006579125
0.9863339150
0.9877549385
0.9953282860
1.0050347629
1.0132298640
1.0146288947
1.0038243950
1.0052452589
1.0035667735
1.0009742636
0.9947708964
0.9905922358
0.9906954872
0.9910310268
0.9898858612
0.9905716251
0.9988806442
1.0086822583
1.0086882104
1.0007862307
0.9872083551
0.9840571919
0.9904767518
0.9956273333
0.9892606776
0.9928200164
0.9891297185
0.9809553221
0.9722294392
0.9693335138
0.9697287714
0.9662983791
0.9522968652
0.9363804969
0.9305622974
0.9330638453
0.9373010467
0.9362231864
0.9322509765
0.9408393316
0.9492373438
0.9375680937
0.9369425028
0.9210408364
0.9235489322
0.9292479722
0.9283285866
0.9338201649
0.9240547766
0.9184103100
0.9242941489
0.9246630501
0.9206607373
0.9220239720
0.9310336440
0.9420371164
0.9474134721
0.9544938252
0.9632671687
0.9605364818
0.9578590275
0.9647153297
0.9649817985
0.9766206501
0.9773548094
0.9755901626
0.9894569853
0.9901981459
0.9812357869
0.9828857543
0.9902294845
1.0040146494
1.0085545486
1.0066745488
1.0081490519
1.0084106406
1.0098551111
1.0089813984
1.0056683167
1.0026367526
0.9971621565
0.9955479329
1.0042805997
1.0091363360
1.0046909855
1.0058669664
1.0094891425
1.0020886343
1.0018224439
1.0002699863
1.0042228703
1.0133210382
1.0173036086
1.0153771282
1.0204677089
1.0269246601
1.0176565038
1.0091886402
1.0113306576
1.0048836936
1.0013195816
1.0020661886
1.0029159594
1.0085075386
1.0060340164
0.9999429670
0.9967836197
0.9847263587
0.9809072424
0.9917805352
0.9932364038
0.9856626067
0.9843740564
0.9911715032
0.9973223760
0.9977069548
0.9954784549
0.9960561234
0.9979471193
0.9954424885
0.9850740067
0.9815859454
0.9860658673
0.9757212458
0.9637615500
0.9757165717
0.9911226160
0.9947191324
0.9989776858
1.0029506226
1.0013539847
0.9947970274
0.9841461192
0.9816894592
0.9881692470
0.9943545585
0.9962820139
0.9921503000
0.9956373688
1.0020790718
1.0035763272
0.9965169371
0.9968972704
1.0020737060
1.0031045864
1.0116231256
1.0080231047
1.0070385736
1.0043368664
1.0034816658
1.0134623299
1.0151922850
1.0131724356
1.0185252783
1.0190601014
1.0100222828
1.0069635900
1.0132241142
1.0172245899
1.0138455256
1.0084252145
1.0106699645
1.0154899083
1.0233248463
1.0139483115
1.0137058641
1.0098480934
1.0156628829
1.0192012077
1.0103752169
1.0089096015
1.0037401773
0.9976538449
1.0012783318
1.0066931842
1.0092731379
1.0109913966
1.0056013703
0.9964700786
0.9930205459
1.0067491638
1.0110837009
1.0106437851
1.0120447464
0.9990343982
0.9935480094
1.0075470242
1.0101148693
0.9906693889
0.9957113947
1.0099013672
1.0119132628
1.0093884462
1.0071217944
1.0048523792
1.0031416920
1.0046193491
1.0065626249
1.0009584179
1.0093340726
1.0273849113
1.0301033418
1.0162353835
1.0040687250
1.0098224729
1.0153326567
1.0024068027
0.9955755571
1.0068637576
1.0165739717
1.0121036900
1.0113407263
1.0215661880
1.0227765191
1.0093025136
1.0021803627
1.0096576170
1.0177748232
1.0210702255
1.0193076825
1.0095229443
1.0118158460
1.0202683581
1.0210377338
1.0079355562
0.9862097589
0.9832905811
0.9811639637
0.9816640819
0.9920598394
0.9937901893
0.9868908426
0.9866373226
0.9927513558
1.0002330270
1.0012044263
0.9958696904
0.9948364295
0.9936369319
0.9907156903
0.9924735197
1.0022355418
0.9936841412
0.9887981023
0.9800992337
0.9823852627
1.0005283232
1.0095922851
0.9983448764
0.9854612597
0.9841159686
0.9900334130
0.9991621514
1.0011226480
1.0010499576
1.0030906745
1.0073315187
1.0148206508
1.0115831431
1.0014869168
1.0014445490
1.0030100369
1.0040070848
1.0092641273
1.0046293236
1.0108836628
1.0106310173
1.0139286350
1.0052827580
1.0012948895
0.9983721442
0.9810843901
0.9800634343
0.9902583776
0.9974501623
1.0057095326
1.0131155058
1.0122766934
1.0034077652
0.9950955700
0.9994378175
1.0119786307
1.0102591900
1.0018926849
1.0040079320
0.9983390520
1.0007837206
1.0140433663
1.0172718839
1.0209599352
1.0236384633
1.0153726012
1.0081753036
1.0111690748
1.0143463968
1.0115775216
1.0069186883
0.9973903246
0.9877343034
0.9937851848
0.9961481341
1.0011725676
1.0018582731
0.9920952559
0.9829927995
0.9891401612
0.9824346219
0.9828010331
0.9843458461
0.9810559567
0.9916722087
0.9966989700
0.9945850084
0.9998428972
1.0036866638
0.9930776428
0.9780312319
0.9804781059
0.9949226199
0.9895093383
0.9776471261
0.9751169665
0.9730021570
0.9887442342
1.0143376780
1.0273739864
1.0249131869
1.0090552765
1.0003238541
1.0038544003
1.0082076107
1.0136439005
1.0156389227
1.0086316992
1.0017206686
1.0024935874
1.0045125616
1.0010485848
0.9962665147
0.9993118853
1.0110634525
1.0155745799
1.0041488512
1.0060162982
1.0112048292
1.0229681874
1.0281735723
1.0198641320
1.0098076292
0.9980310778
1.0018856347
1.0154419234
1.0281873816
1.0304783192
1.0253211896
1.0210591037
1.0172730367
1.0145282028
1.0113544277
1.0038519727
1.0098914909
1.0132302581
1.0094051194
1.0182583397
1.0193547887
1.0147183011
1.0015100165
0.9862328180
0.9871391917
1.0008940595
0.9973345964
0.9977028729
0.9942448611
0.9943292480
1.0007670010
0.9992760717
0.9929223071
0.9949336660
0.9974871213
0.9935083547
0.9935785921
0.9931260518
0.9984142032
0.9974843342
0.9938476171
1.0020591977
1.0091387553
1.0070124842
1.0014382137
0.9974527834
1.0022930092
1.0055089034
1.0018601755
0.9979164794
0.9902848730
0.9847248819
0.9945758404
1.0088109609
1.0093005732
1.0029672007
0.9939749930
0.9830229730
0.9914153349
1.0004749432
1.0070711145
1.0162080149
1.0010348209
0.9990851122
1.0062538813
0.9980412029
1.0019173582
1.0127342969
1.0202233564
1.0218025488
1.0207357575
1.0180171593
1.0115837373
1.0112905186
1.0205543327
1.0153352878
0.9993579386
1.0092668274
1.0073384328
1.0098746348
1.0105412292
1.0022327268
1.0010869737
1.0132780585
1.0148456863
0.9936651845
0.9861021437
1.0022121957
1.0049586897
0.9979993505
1.0032591105
1.0142299393
1.0167471176
1.0157404531
1.0170357788
1.0137656688
1.0070021577
1.0039023920
0.9981242943
1.0174458789
1.0160864284
1.0095824551
1.0067170107
1.0094762025
1.0044085570
1.0050630279
1.0053609124
1.0106162005
1.0097976587
1.0117674075
1.0019060331
0.9926906193
0.9880721811
0.9801200413
0.9839200391
0.9932495950
0.9862446379
0.9903469391
1.0058436821
1.0168876272
1.0154467896
1.0056845593
0.9958565065
1.0122853423
1.0207711535
1.0152843081
1.0029220571
0.9911972375
0.9940989934
0.9998776036
1.0054002761
1.0090185580
1.0128526510
1.0114102582
0.9968756787
0.9911285956
1.0070896111
1.0070064100
0.9989250974
1.0021175277
1.0227548492
1.0303113576
1.0144280759
1.0120190389
1.0120300353
1.0055520181
1.0038862616
1.0087303083
0.9987312335
0.9921063236
1.0026414718
1.0117421745
1.0115727321
1.0105924883
1.0125702488
1.0174523254
1.0204425216
1.0173122472
1.0154771959
1.0127568586
1.0121410936
1.0165986847
1.0167151854
1.0073961796
0.9974005522
0.9995129715
1.0117077143
1.0063484973
0.9953510121
0.9948150929
0.9961742183
0.9949638043
0.9946076193
1.0001169689
1.0050584645
1.0017985182
1.0024031289
1.0103624581
1.0163897033
1.0026402240
0.9915965613
1.0062393111
1.0163354205
1.0084832324
1.0063173335
1.0129627154
1.0078568060
1.0058596126
1.0149012861
1.0136402008
1.0055963511
1.0093436513
1.0092973528
0.9986138924
0.9952444399
1.0008114849
1.0054242116
1.0072434982
1.0115248346
1.0159520378
1.0163965207
1.0043281238
0.9993391650
1.0043409630
1.0082368988
1.0119546546
1.0099671949
1.0112315458
1.0113870508
1.0042176016
0.9949901427
0.9942069279
0.9978697812
0.9974713680
0.9949011920
0.9953982694
0.9989487222
1.0030170447
1.0072146072
1.0113361322
1.0057850000
0.9893320304
0.9904406319
0.9852079369
0.9924904764
0.9934198188
0.9887092439
0.9924650733
1.0031492307
1.0065629881
1.0102142402
1.0100468606
1.0089093297
1.0157966214
1.0180970594
1.0081937289
1.0024976698
1.0048766259
1.0146346204
1.0207025492
1.0173723161
1.0230222658
1.0347038595
1.0107026133
0.9903046324
0.9892223435
0.9954774092
1.0046858040
1.0102345303
1.0107030829
1.0164963617
1.0178741620
1.0136390071
1.0104322603
1.0099088220
1.0048251191
1.0002360821
1.0127302275
1.0115907455
1.0047021200
1.0080086556
0.9859852510
0.9834711573
0.9971506744
1.0178979202
1.0200081844
1.0028191854
0.9911115775
0.9924516249
1.0015557832
0.9983240932
1.0010764337
1.0058003332
1.0089242857
1.0103697145
1.0027336612
0.9919089782
0.9875978217
0.9951153484
0.9965389493
1.0127408845
1.0226651138
1.0164705752
0.9951835185
1.0029305137
1.0046860028
1.0038642713
1.0002513420
0.9988856884
0.9978849356
1.0016331556
1.0077576883
1.0099679071
1.0046619828
0.9948231026
0.9922584875
0.9995370618
1.0044829847
1.0079327272
1.0067420279
1.0029319960
1.0022508988
0.9938658152
1.0025993031
1.0059485822
0.9969185861
1.0079011130
1.0200466556
1.0191041977
1.0096696631
1.0019178258
1.0049416624
1.0132506201
1.0168113945
1.0099226725
0.9996355173
1.0035958292
1.0202135394
1.0258923748
1.0200620146
1.0116568568
1.0035169277
1.0075334060
0.9998815017
0.9977308878
0.9839283243
0.9800226898
0.9926540112
1.0018047843
1.0043159171
1.0047233525
1.0077793506
1.0086343527
1.0067053752
1.0003266279
0.9956086290
0.9988978915
1.0026212493
1.0091476924
1.0048880139
0.9910359990
0.9909411738
0.9984535188
1.0019605553
1.0022432226
1.0024130767
1.0077150907
1.0073235461
1.0051372497
1.0069070078
1.0168711349
1.0182339642
1.0117261928
1.0050743440
1.0053486604
1.0033228763
0.9955728374
0.9993750114
1.0036346812
1.0052256341
1.0078219658
0.9987798633
0.9860975963
0.9839775381
0.9832876030
0.9764929019
0.9803660374
0.9822475243
0.9781600333
0.9658768550
0.9540694096
0.9528465330
0.9571250907
0.9569499127
0.9546499902
0.9539325600
0.9579347892
0.9653610348
0.9618810377
0.9561609892
0.9523763941
0.9529759619
0.9661687883
0.9717826025
0.9549823829
0.9581023790
0.9604269567
0.9654039265
0.9714903880
0.9713331325
0.9769915654
0.9877778252
0.9907882573
0.9916035090
0.9910251960
0.9871583499
0.9863146925
0.9913466667
1.0015708113
1.0063267205
1.0039489123
0.9972765968
0.9891680100
0.9850409860
0.9903710560
0.9915545946
1.0019091707
1.0103609704
1.0033089619
0.9899441829
0.9837200014
0.9847378842
0.9881564298
0.9930644428
0.9994213747
1.0016341861
0.9965135015
0.9928896957
0.9945074234
0.9939599549
1.0019511813
0.9949383351
0.9997414398
1.0069462156
0.9979131860
0.9978806528
1.0038225563
1.0004337163
0.9969770209
0.9956051423
0.9938430404
0.9963736881
0.9998397416
1.0009374548
1.0014656385
1.0035947021
1.0033688935
0.9970271160
0.9898224845
0.9864208098
0.9905487986
1.0032907277
1.0144992309
1.0117680475
1.0061476852
1.0078861135
1.0110634583
0.9964688713
0.9877828701
0.9981029297
1.0071313930
1.0028567628
1.0092581789
1.0164896528
1.0119407605
1.0076283476
1.0058002368
0.9966636345
0.9895192611
0.9972485891
1.0062600789
1.0147750208
1.0019262397
0.9939124193
0.9842919357
0.9740772623
0.9780491797
0.9939003235
0.9928084410
0.9945047056
0.9951887597
0.9905962191
0.9867730677
0.9828065223
0.9856410850
0.9906337645
0.9910281393
0.9923519890
0.9943471567
0.9948738378
0.9851609158
0.9806357052
0.9901251987
1.0030441997
1.0040729092
1.0034768103
0.9993519369
0.9995247252
0.9980300473
0.9928633920
0.9994304308
0.9933493119
0.9893167765
0.9890875894
0.9964251887
1.0133780376
1.0167298605
1.0008444139
0.9966175715
1.0087615526
1.0119927789
1.0050061812
1.0087762606
1.0162024856
1.0071570758
0.9918578613
0.9993459719
1.0112042557
1.0124155099
1.0152057253
1.0053550867
0.9981409991
1.0016399471
1.0052875902
1.0077789754
1.0059744998
0.9988839427
0.9959608941
0.9982508218
0.9990570077
1.0001850814
1.0079421646
1.0146917586
1.0172688252
1.0118808993
1.0121758559
1.0084367319
0.9994773291
1.0072255866
1.0061990978
0.9929100539
0.9833270911
0.9685628971
0.9587568928
0.9611109034
0.9671939070
0.9681354490
0.9676976861
0.9704923676
0.9708311912
0.9743680779
0.9767873716
0.9656295548
0.9555618672
0.9657116948
0.9709055432
0.9760412910
0.9741871141
0.9858470822
0.9875732611
0.9695476347
0.9672324275
0.9753725931
0.9788718907
0.9802491144
0.9776554512
0.9757734547
0.9841316767
0.9966873203
1.0040902422
1.0036025404
1.0048827432
1.0071769357
0.9877083413
0.9859920138
0.9915597970
0.9897317782
1.0025772629
1.0067495826
1.0018894625
1.0044158670
1.0014766163
0.9970930548
0.9913516240
0.9952686718
0.9979874316
0.9941202750
1.0014255796
1.0130627925
1.0137512144
1.0176549658
1.0115649582
1.0062769461
1.0053820138
1.0131826579
1.0039534808
0.9939540604
0.9849600941
0.9913439672
0.9938128123
0.9990561696
0.9992887252
0.9979379456
0.9893159937
0.9851668229
0.9836760921
0.9907300303
1.0074526461
1.0126798064
1.0077360653
1.0027109850
0.9960293187
1.0000232982
1.0064822670
1.0019141676
0.9931731507
0.9923747922
0.9875313596
0.9893903317
0.9942005702
1.0032858004
1.0076139935
1.0053057662
0.9976923317
0.9971122341
1.0043374068
1.0010599341
0.9908522314
0.9938692367
1.0016683983
1.0018453924
1.0052996073
1.0083124425
1.0070899009
1.0065910029
1.0088968518
1.0092476919
1.0021814743
0.9917537627
0.9949221839
0.9960805980
0.9865737434
0.9858408681
0.9965921734
1.0076800871
1.0146579099
1.0158010802
1.0168360143
1.0179244258
1.0112645539
1.0074648972
1.0067700066
1.0062656330
0.9991437288
0.9854712941
0.9996742103
1.0127020827
1.0071774061
1.0032754995
0.9892121464
0.9967188151
1.0048060144
1.0053719463
1.0049715304
1.0041064924
0.9966250324
0.9924153126
1.0035301078
1.0152039012
1.0119786113
1.0038331819
0.9961096886
1.0033129695
1.0192980959
1.0155306396
1.0004676827
1.0043334908
0.9899355790
0.9915868606
1.0054808243
1.0016743935
0.9952080635
1.0069807454
1.0126374631
0.9973246110
0.9893099563
0.9966209741
0.9962308726
0.9893852118
0.9940017123
1.0041843345
1.0080513916
0.9963008240
0.9953414036
1.0146988224
1.0183067219
0.9919504334
0.9876777515
0.9947128159
1.0053446724
1.0156234099
1.0045014640
0.9957051400
0.9974394539
0.9997505986
1.0017299800
1.0051067523
1.0112185386
1.0147837545
1.0085304415
1.0029071239
1.0033062875
0.9953132863
0.9920083627
0.9913753861
0.9962576337
1.0029793355
1.0038269239
1.0039411361
1.0129314711
1.0041663906
1.0058261256
1.0079460568
1.0019691412
0.9968402758
0.9955467229
0.9926723596
0.9884100542
0.9926216118
1.0023822754
0.9982183638
0.9885209383
1.0003243680
1.0126921887
1.0033266128
1.0000933975
0.9867178426
1.0046780739
1.0161514376
1.0177353633
1.0078742916
0.9983012904
1.0058347460
1.0081481882
0.9993416196
0.9970925699
0.9969949807
0.9920816190
0.9830298846
0.9733773685
0.9759605603
0.9870302596
0.9932031224
0.9946163600
0.9974747280
1.0023464074
1.0010435112
1.0051555953
0.9961289282
0.9960749829
0.9957223701
1.0003305331
0.9992738502
0.9991279079
0.9975632188
0.9926708831
0.9895120778
0.9934979124
1.0019391063
1.0082304223
1.0076371917
0.9991904313
0.9976813137
1.0087634057
1.0073069886
1.0066923513
1.0077443002
0.9932090099
0.9933218552
1.0202448890
1.0250128287
1.0127832023
1.0034159515
1.0078020000
1.0117281089
1.0074712609
1.0011690331
0.9963062241
1.0001325819
1.0058392992
0.9985748423
0.9937943793
0.9933246898
1.0034303440
1.0213418099
1.0217637282
1.0096925159
1.0111954633
1.0093862195
0.9970709416
0.9936706723
0.9984059383
1.0052585083
1.0054704842
1.0048558045
1.0110328890
1.0134671054
1.0055511970
1.0015059348
1.0050240313
1.0007663740
0.9893844743
0.9827174614
0.9887942983
1.0062590015
1.0134244455
0.9868899528
0.9869873421
1.0007786497
1.0066622162
1.0002503566
1.0013863836
0.9951994830
0.9976583679
1.0025839823
1.0033417170
1.0013814458
0.9991890471
0.9921123552
0.9862267533
0.9935794491
1.0027311509
1.0070407953
1.0123063070
1.0050385042
1.0026543606
1.0221379112
1.0019371870
0.9945422060
0.9928934265
0.9934725164
1.0009230790
1.0020839911
1.0079544842
1.0072888704
1.0050533251
1.0065427907
1.0094914642
1.0064410534
0.9929376444
0.9817539121
0.9826523684
0.9827132624
0.9871607217
0.9906591533
0.9979702637
1.0085102333
1.0060312533
1.0000610846
1.0045792979
1.0026146377
0.9949093040
1.0058823357
1.0171643493
1.0051457026
0.9900940508
0.9860810916
0.9914784121
0.9936710957
0.9859018215
0.9750666532
0.9668001781
0.9625081378
0.9572886182
0.9712399240
0.9732608592
0.9634548254
0.9619314033
0.9505542789
0.9548089437
0.9497108151
0.9400423174
0.9462661193
0.9612529003
0.9750869870
0.9750644528
0.9630580008
0.9502370160
0.9454521677
0.9518399661
0.9680462074
0.9830055572
0.9834266946
0.9797071365
0.9718925710
0.9754347272
0.9878466796
0.9736747463
0.9734125470
0.9968542215
1.0071877433
0.9955298850
0.9896438276
0.9912933412
1.0044733063
1.0059391277
1.0013088056
1.0029919971
1.0041741345
1.0061844493
1.0092506360
1.0021530616
0.9944394709
0.9919757882
0.9973893964
1.0066505277
1.0076683936
0.9927342363
0.9909866625
0.9987746222
1.0049645499
0.9958573617
0.9926906893
0.9993171070
0.9983431632
0.9908648087
0.9891541869
0.9978729035
1.0000043940
0.9940738950
0.9970900215
1.0058665045
1.0100076433
1.0075216892
0.9960913834
0.9880048554
1.0049352561
1.0099442142
1.0209384589
1.0103928882
0.9968731570
1.0007095343
1.0067213442
1.0076598232
0.9966133618
0.9880308763
0.9880399590
0.9962670206
0.9962277298
0.9843116018
0.9819512993
0.9881014208
0.9823719661
0.9780612029
0.9852039953
0.9889895712
0.9971852221
0.9997944113
0.9949440751
1.0100418850
1.0065294806
0.9909321446
0.9804755497
1.0002075620
0.9923109864
0.9805406233
0.9860594723
0.9945216485
0.9926445929
0.9899006997
0.9945010946
0.9983370337
0.9971121091
0.9928680652
0.9894579658
0.9917902750
0.9899059621
0.9849280118
0.9970034736
0.9940080747
0.9861069435
0.9855931145
0.9860356968
1.0007552901
0.9951897424
0.9976745780
1.0030775007
1.0038999549
1.0109346149
1.0159298006
1.0088735493
0.9966560538
0.9890192970
0.9984794389
1.0021433491
0.9949726173
0.9899824069
0.9911740737
0.9950577433
1.0086181868
1.0148146328
1.0117999448
1.0080516900
1.0054274010
1.0128932934
1.0136190465
1.0139540762
1.0127658143
1.0034251666
0.9911490510
0.9908287409
1.0015868017
1.0059873544
1.0036047154
0.9986935461
1.0032851963
1.0036080002
0.9923831037
0.9856873570
0.9954681782
0.9961023508
0.9865257375
0.9804292095
0.9924861933
0.9970548193
1.0042651509
1.0027625312
0.9936255295
0.9886148145
0.9898613630
0.9888373904
0.9884944387
0.9958074028
0.9949571125
0.9866320521
0.9786914276
0.9842053465
0.9938239079
1.0012023097
1.0070857561
1.0167525653
1.0122601397
0.9955799009
0.9955552771
1.0015111706
1.0064819854
1.0026870975
1.0020169690
1.0016566998
0.9934482866
0.9967723291
1.0092439903
1.0008131149
0.9908325651
0.9958474516
0.9919137534
0.9957286905
1.0012029032
1.0028055117
1.0105142765
1.0095471273
0.9952257517
0.9947869022
0.9973846208
0.9953777130
0.9900113990
0.9895555011
0.9932982643
0.9956608028
0.9973425327
1.0014860157
1.0085774032
1.0092990699
0.9979558806
0.9959802175
0.9981247618
1.0057888122
