#flux
0.9680174388
0.9575016176
0.9506844195
0.9478474938
0.9432420442
0.9447983226
0.9481669882
0.9497378306
0.9507723412
0.9503357979
0.9491681283
0.9474843754
0.9477138171
0.9594839713
0.9661908086
0.9508518325
0.9323057521
0.9345708122
0.9447978421
0.9462111756
0.9483747776
0.9484359973
0.9367904622
0.9424950002
0.9460660987
0.9360797699
0.9462521338
0.9502847840
0.9395322501
0.9378345931
0.9456179458
0.9445738147
0.9393455658
0.9248700402
0.9226042597
0.9422404787
0.9549063236
0.9463516116
0.9397065587
0.9509881958
0.9599873510
0.9505091984
0.9445218335
0.9517507699
0.9518321144
0.9496639552
0.9399363490
0.9281127743
0.9297858302
0.9374331217
0.9338112688
0.9312553584
0.9375993870
0.9281649557
0.9202167213
0.9235208389
0.9183130325
0.9128439301
0.9260807610
0.9408729461
0.9369080280
0.9300139218
0.9289293183
0.9166710364
0.9153460320
0.9219500402
0.9195905665
0.9138046458
0.9106337195
0.9102270052
0.9105766261
0.9036146657
0.9101574862
0.9153164904
0.9119667708
0.9135921948
0.9124944507
0.9062515312
0.9060133241
0.9135735850
0.9267860401
0.9467194294
0.9550622127
0.9305866990
0.9006332302
0.8875864835
0.8942775571
0.8969441523
0.8797576214
0.8663042769
0.8758723925
0.8751529233
0.8598527121
0.8535638573
0.8577989205
0.8640028938
0.8747391007
0.8860960247
0.8919695437
0.8958777853
0.8989987062
0.8994662010
0.9016892005
0.9033665379
0.9027072509
0.9026836807
0.9048199350
0.8944680861
0.8938068678
0.9001577570
0.8800124166
0.8751497277
0.8790690277
0.8856491349
0.8846206232
0.8857059483
0.8889657677
0.8869313141
0.8811661215
0.8833456174
0.8985722228
0.9103469472
0.9024110985
0.8919810502
0.8926532276
0.8762814905
0.8599368324
0.8526652912
0.8555574300
0.8621682493
0.8640416046
0.8638449482
0.8626308629
0.8664081225
0.8611186382
0.8458965579
0.8457698206
0.8597930884
0.8734492490
0.8774103728
0.8699111526
0.8650080285
0.8715654861
0.8707225124
0.8613664490
0.8591189656
0.8491106113
0.8430527601
0.8392853891
0.8434922465
0.8533899194
0.8508946756
0.8337080839
0.8174833069
0.8144014379
0.8117796486
0.8041321378
0.7955263237
0.7913351102
0.7938258971
0.7996558845
0.8025441783
0.8010557135
0.7995558271
0.7987189029
0.7948174322
0.7919051647
0.7946372560
0.7872848089
0.7850538080
0.7875180673
0.7892721091
0.7913973006
0.7866043646
0.7736182025
0.7626560794
0.7504327811
0.7424815849
0.7480975068
0.7527714856
0.7476771636
0.7451186233
0.7448091701
0.7343130257
0.7199866159
0.7168517812
0.7118878667
0.7060650908
0.7054618445
0.7024392098
0.6966229686
0.6945757861
0.6950302166
0.6935613807
0.6891745829
0.6797458732
0.6625832276
0.6445241473
0.6138302054
0.5694314802
0.5236233039
0.4869685084
0.4601050247
0.4275425849
0.3852996174
0.3492003973
0.3255236119
0.3019051534
0.2796502684
0.2433870397
0.2339511980
0.2293588728
0.2286284579
0.2247042010
0.2187265356
0.2193597930
0.2269781378
0.2346324329
0.2379738518
0.2440046066
0.2615417041
0.2883204134
0.3241170001
0.3682308315
0.4037783752
0.4347692388
0.4594536792
0.4769169641
0.5058406481
0.5351906346
0.5567157754
0.5842972110
0.6163280091
0.6376578561
0.6548744195
0.6686449081
0.6760299215
0.6761189166
0.6760287824
0.6872255124
0.7045534823
0.7147541678
0.7221760822
0.7338990570
0.7433715776
0.7542023229
0.7574518720
0.7518255883
0.7503549175
0.7574646296
0.7619261732
0.7577130889
0.7510813407
0.7524949420
0.7629835140
0.7651883617
0.7710682175
0.7858468385
0.8002741305
0.8076132591
0.8051700416
0.7963746696
0.7954753560
0.8051726164
0.8092440286
0.8140945108
0.8273860030
0.8267713389
0.8410502434
0.8432634889
0.8311291285
0.8126135449
0.8049511094
0.8218178475
0.8421720646
0.8510319425
0.8510587147
0.8490280620
0.8426473352
0.8433909008
0.8507778362
0.8578183384
0.8580465433
0.8481695822
0.8485498656
0.8651428894
0.8675832368
0.8578075146
0.8528712559
0.8670802966
0.8641737264
0.8623739106
0.8733263932
0.8818367981
0.8809068552
0.8750859990
0.8662756187
0.8577554144
0.8623165523
0.8762108675
0.8789919240
0.8758030279
0.8723035703
0.8627138665
0.8647496190
0.8786401615
0.8830893729
0.8807887032
0.8839380993
0.8902359227
0.8968196884
0.8958081294
0.8861694270
0.8749875701
0.8745586904
0.8643577120
0.8455522093
0.8330881013
0.8267193755
0.8162627932
0.8000223794
0.7893489064
0.7953726262
0.8135236998
0.8337991587
0.8563328491
0.8724052386
0.8791291706
0.9019821581
0.9068183749
0.8967121179
0.9015067512
0.9060915918
0.8981240631
0.9002116191
0.9155271867
0.9295511878
0.9146487145
0.9110244149
0.9177859173
0.9152860195
0.9072637312
0.9077067782
0.9171588439
0.9175403301
0.9003779057
0.8871616771
0.8945059538
0.9020551433
0.9156850685
0.9330394233
0.9333746167
0.9394322911
0.9468008847
0.9476090665
0.9457790900
0.9430531358
0.9404729947
0.9372954536
0.9307589760
0.9265542425
0.9293360374
0.9343342417
0.9274554404
0.9141331124
0.9231408367
0.9407334409
0.9431560203
0.9372058674
0.9352179019
0.9283310081
0.9200317113
0.9266343066
0.9333472827
0.9565729465
0.9660582446
0.9403441271
0.9225437664
0.9225004301
0.9300688461
0.9318556980
0.9282110805
0.9258820257
0.9231906205
0.9203494336
0.9266625477
0.9428812886
0.9552275792
0.9551978075
0.9454724461
0.9340368247
0.9331984056
0.9373301998
0.9285038646
0.9314568046
0.9295531781
0.9254414547
0.9415105694
0.9577079575
0.9576703129
0.9512576412
0.9400055104
0.9311315734
0.9305093799
0.9348124262
0.9464865794
0.9529746287
0.9520515308
0.9487591529
0.9507081553
0.9559678612
0.9577676673
0.9543972363
0.9387787435
0.9322199844
0.9230010173
0.9049396926
0.8841134343
0.8786107155
0.8853767742
0.8932640881
0.9048416331
0.9253098376
0.9485011131
0.9637144195
0.9677512210
0.9672138357
0.9669808138
0.9590701647
0.9544885390
0.9544802274
0.9565584570
0.9703900562
0.9722459391
0.9682326717
0.9651530714
0.9619031926
0.9611549864
0.9582598947
0.9463613355
0.9382187672
0.9356485233
0.9352149130
0.9414607072
0.9547982791
0.9695747665
0.9792768991
0.9745636123
0.9625360186
0.9668386171
0.9768317978
0.9749344189
0.9727781132
0.9711629463
0.9620183382
0.9652010373
0.9618915604
0.9547548478
0.9549507724
0.9663746344
0.9863120222
0.9962930435
0.9913471037
0.9840888512
0.9796186890
0.9732822456
0.9660095241
0.9664988287
0.9716739487
0.9669506952
0.9721059909
0.9759549418
0.9609071637
0.9626383799
0.9633888293
0.9674628575
0.9636279942
0.9719356454
0.9805557379
0.9753741394
0.9693815201
0.9723527376
0.9791713270
0.9830134004
0.9822874762
0.9796965185
0.9770448158
0.9693777391
0.9586637886
0.9653088213
0.9704926567
0.9651449638
0.9689422645
0.9743542497
0.9645663167
0.9568182031
0.9620884284
0.9657733650
0.9756620164
0.9852554961
0.9817998998
0.9701759986
0.9649971065
0.9726290995
0.9786961382
0.9708761651
0.9629928118
0.9676087070
0.9794398162
0.9804008171
0.9688598586
0.9702925076
0.9802823603
0.9656420355
0.9813831806
0.9834316317
0.9729909789
0.9732130700
0.9746907671
0.9689184637
0.9638714736
0.9643435005
0.9693757275
0.9740378102
0.9751236213
0.9753383455
0.9763616047
0.9775425542
0.9811751615
0.9822925185
0.9778983437
0.9837106698
0.9786720444
0.9860420883
0.9681486331
0.9566470200
0.9787219606
0.9945470870
0.9998946590
1.0082900912
1.0107950983
0.9970965547
0.9789785742
0.9710861422
0.9666236541
0.9573463339
0.9556163237
0.9616279144
0.9584448168
0.9718424906
0.9772386702
0.9874401521
0.9919469216
0.9920572499
0.9928840352
0.9820657630
0.9660749483
0.9647994513
0.9686985739
0.9596964828
0.9531516975
0.9512529038
0.9488421460
0.9488666423
0.9552083352
0.9622609413
0.9612156622
0.9561612562
0.9587616794
0.9660206371
0.9681596477
0.9710230851
0.9695891642
0.9644499393
0.9735308592
0.9940124427
1.0047387837
0.9858261969
0.9808170494
0.9861029563
0.9961256366
1.0023923488
0.9997927191
0.9899747701
0.9772584583
0.9688773246
0.9685110281
0.9735751961
0.9802935717
0.9739775432
0.9667321653
0.9824812157
0.9961535467
0.9962661408
0.9880942790
0.9808197997
0.9965648082
0.9997467520
0.9914772528
0.9850753490
0.9743693702
0.9739365594
0.9731827312
0.9622292752
0.9494621944
0.9392120861
0.9306197418
0.9285236483
0.9343824508
0.9399110568
0.9433877723
0.9543966182
0.9694419963
0.9856247136
0.9819445352
0.9916218934
0.9892176405
0.9910326163
0.9850708271
0.9731440109
0.9636320045
0.9543397088
0.9502256332
0.9572876938
0.9613543789
0.9482872168
0.9301152187
0.9210505032
0.9205072996
0.9351293156
0.9475995640
0.9423779861
0.9529035630
0.9583674144
0.9788033044
0.9937954654
0.9916599123
0.9931965048
1.0099512471
1.0123387074
0.9968862768
0.9781588882
0.9622032639
0.9611489024
0.9797019115
0.9944060744
0.9960516953
1.0020184142
1.0054586059
0.9967014597
0.9875759317
0.9835587880
0.9740191467
0.9705377785
0.9667124290
0.9818822906
0.9797283537
0.9782966920
0.9838727156
0.9906497995
0.9915189626
0.9837381508
0.9768232354
0.9766820539
0.9751474815
0.9679429198
0.9657856471
0.9763206679
0.9887744348
0.9905826317
0.9857806663
0.9734486075
0.9786722195
0.9917861577
0.9891780179
0.9975864625
0.9881331875
0.9797687473
0.9818352397
0.9829107986
0.9900677742
0.9975599882
0.9893422278
0.9769466982
0.9699185278
0.9685003670
0.9690558595
0.9677002898
0.9683895904
0.9722574723
0.9850301155
0.9966730735
0.9900338105
0.9855189091
1.0025419894
0.9940480673
0.9748515724
0.9714272952
0.9757498606
0.9871405284
0.9994691123
1.0004288582
0.9924515100
0.9840573162
0.9842477457
0.9863119828
0.9825626094
0.9730889137
0.9568844619
0.9416400942
0.9243685613
0.8985473514
0.8715521953
0.8420372022
0.8209098075
0.8095451635
0.8029238985
0.8053530974
0.8352554471
0.8855459630
0.9282816939
0.9589242184
0.9835404882
0.9883612072
0.9718849433
0.9602812076
0.9589334469
0.9429582462
0.9112836823
0.8857471988
0.8663794473
0.8589441645
0.8521468957
0.8611643712
0.8816004469
0.9140268044
0.9502830040
0.9745503225
0.9921352505
1.0002783949
0.9938280614
0.9870668102
0.9815566332
0.9759081403
0.9829696335
0.9981911984
1.0014636065
0.9872539056
0.9763751624
0.9861819892
0.9907299136
0.9845047900
0.9874366550
0.9902617153
0.9843515730
0.9885168241
0.9918068834
0.9867978700
0.9836990394
0.9827662221
0.9918173892
0.9936049906
0.9904907021
0.9878381186
0.9834378749
0.9770156023
0.9721046262
0.9762137107
0.9891956477
0.9978947059
1.0030803966
1.0102076057
1.0076986097
1.0095896307
1.0104436026
0.9989230363
1.0097507339
1.0023675599
1.0025877841
0.9896853709
0.9898184606
0.9951580495
0.9996266795
1.0025233064
1.0035558250
1.0037328719
0.9982720827
0.9832256053
0.9651502028
0.9515982920
0.9442633856
0.9411641198
0.9355151703
0.9338515792
0.9417342533
0.9461444643
0.9640721076
0.9637866235
0.9655510881
0.9759818357
0.9801234701
0.9849564926
0.9921376803
0.9983088596
0.9963149369
0.9914326171
0.9832649711
0.9716039273
0.9647610036
0.9595804578
0.9555025289
0.9636672228
0.9646393985
0.9640754688
0.9867982856
1.0036666091
1.0007275948
0.9975779466
1.0018420682
1.0147174061
1.0189644140
0.9974009744
0.9888933076
0.9978455999
1.0046597235
1.0015818082
0.9981152372
0.9945052873
0.9888217071
0.9886638403
0.9918455813
1.0020970568
1.0184861991
1.0260209388
1.0089874959
1.0023876260
1.0174555186
1.0121774130
0.9987818052
0.9956847318
1.0017346429
1.0073447247
1.0034523205
1.0054764652
1.0124266413
1.0077121790
0.9958785724
0.9915032706
0.9838437279
0.9563253161
0.9340486001
0.9536165814
0.9852284010
0.9912926668
0.9953871025
0.9964335679
0.9960249708
0.9997697663
1.0002780782
0.9963074766
1.0016371902
1.0043510924
1.0093950670
1.0198444449
1.0175217318
1.0057926359
1.0023011148
1.0052707596
1.0049795139
1.0016358351
0.9983415787
1.0018984857
1.0116219921
1.0077962955
0.9954894709
0.9807572295
1.0021777800
1.0095180243
1.0181724150
1.0025477900
0.9971877586
0.9900900794
0.9895556407
0.9885809376
0.9946829366
0.9917855797
0.9878309358
0.9928760130
0.9946383776
0.9863952318
0.9753258819
0.9773685503
0.9928368711
1.0035917676
1.0095967671
1.0038405033
0.9987167041
0.9911709569
0.9838402842
0.9916421862
0.9969411966
0.9849867699
0.9788728026
0.9931576313
0.9947983939
0.9692181903
0.9377221033
0.9232309062
0.9179049689
0.9025601854
0.8931238458
0.9127902738
0.9350545996
0.9503829080
0.9613363704
0.9796433761
0.9897648015
0.9854474101
0.9934257448
1.0066514576
0.9999409219
0.9849950779
0.9764344270
0.9918107590
1.0003102344
0.9980223953
0.9994374629
0.9917369390
0.9739830102
0.9690824062
0.9736090850
0.9702797469
0.9692352958
0.9799372208
0.9903775627
0.9930870284
0.9920559912
0.9883914373
0.9873041945
0.9946363474
0.9904569548
0.9775730272
0.9736164500
0.9813056362
0.9853444689
0.9763208840
0.9702297253
0.9750116217
0.9830169972
0.9825070880
0.9760128999
0.9776993287
0.9798927890
0.9921640691
0.9953313183
0.9905618180
0.9885258070
0.9923330385
0.9959156823
1.0063896455
1.0100532416
0.9964334909
0.9893988653
0.9927610951
0.9974355006
1.0030462653
1.0017893455
1.0000916583
1.0021678089
0.9977632736
0.9931835255
1.0000006818
1.0017143879
0.9977004119
1.0067467080
1.0143330997
1.0144476442
1.0159382524
1.0007288536
0.9845623609
0.9843361018
0.9682406089
0.9480047041
0.9244701945
0.9140815732
0.9194351777
0.9298679780
0.9363938206
0.9427976455
0.9545021213
0.9626419893
0.9602974666
0.9614240025
0.9721950974
0.9768085071
0.9827204146
0.9842006900
0.9905636147
0.9942264030
0.9907937367
0.9919806207
1.0022235153
1.0098596210
1.0187593979
1.0161070234
1.0089922732
1.0064070837
1.0093190333
1.0069382275
0.9917178198
0.9845036308
1.0021903879
1.0152529410
1.0059510896
1.0002686087
1.0048231761
1.0049184278
0.9970534367
0.9922996056
0.9965279268
1.0016125558
1.0036543294
0.9996645089
0.9978244293
1.0038099460
1.0060866616
0.9990995531
0.9927170423
0.9971030451
0.9935163390
0.9815494053
0.9880003126
0.9965077110
0.9928971607
0.9857684979
0.9765430319
0.9796452800
0.9961131916
0.9945912755
0.9861300945
0.9844327410
0.9781482385
0.9894467898
0.9993561233
0.9934503006
0.9933257175
1.0067587064
1.0140555073
1.0152789830
1.0197265336
1.0239526413
1.0188232496
1.0012563535
0.9914190909
0.9982715724
0.9989018960
0.9895337320
0.9963298486
1.0030210761
1.0168155476
1.0127462557
0.9911938372
0.9895633830
0.9836773233
0.9875617536
0.9958903448
1.0000762057
1.0029959270
1.0047844872
1.0095020366
1.0149930561
1.0090914426
0.9974356912
0.9958878129
1.0033184611
1.0098053928
1.0037208918
0.9942399314
0.9894477106
0.9867218164
0.9922602656
1.0051332032
1.0093892865
0.9934396699
0.9850508661
0.9945787288
1.0050773007
1.0156373675
1.0199739457
1.0096097560
0.9918764706
0.9843608188
0.9969974437
1.0145570136
1.0145716930
1.0029946481
0.9969451875
1.0097001800
1.0066360671
0.9994381691
1.0018049395
0.9924969262
0.9813599917
0.9839112112
0.9875897856
0.9947047945
0.9904346005
0.9899325857
1.0004169378
1.0120552275
1.0131633005
1.0033189387
0.9943458240
0.9905205071
0.9954332348
1.0044652427
0.9926954645
0.9880256427
0.9991392600
0.9897007265
0.9790016783
0.9765652349
0.9898817490
1.0054491766
1.0154996960
1.0179666487
1.0174561334
1.0035291063
0.9870456678
0.9831778658
0.9836025254
0.9878937108
1.0034508781
1.0132762768
1.0088334056
0.9956278091
0.9947309951
0.9871990665
0.9676419276
0.9820278558
1.0016377215
0.9996103572
0.9833752754
0.9899513198
0.9983674572
0.9994486558
1.0035475311
1.0120478845
1.0079863468
0.9931146281
0.9917508831
1.0073962551
1.0122077201
0.9999876431
0.9953331214
0.9892558520
1.0007246559
0.9988350281
1.0011742814
1.0004806463
0.9915968570
0.9966867278
0.9994115121
0.9919931737
1.0048459508
1.0216761393
1.0156818477
1.0047787614
1.0056684367
1.0011762168
0.9921308334
0.9957099863
0.9998455312
0.9980788532
1.0092120903
1.0086225738
0.9943750530
0.9970443115
0.9966556595
0.9874008182
0.9895824886
0.9970484118
1.0100836687
1.0150489340
1.0168587839
1.0066768952
1.0003434655
0.9990592754
0.9961939397
0.9975918012
1.0004609582
1.0051230666
1.0128982788
1.0115098733
1.0048928835
0.9994171858
0.9975427176
1.0009477770
1.0062133605
0.9999780209
0.9919876385
0.9957666631
1.0130263358
1.0132376064
1.0076786174
1.0179644420
1.0179270390
1.0037196520
1.0006816112
1.0042624331
1.0044528562
1.0049742113
1.0098451601
1.0145861414
1.0093908712
1.0057548498
1.0093322888
1.0038167188
1.0015967749
1.0043348943
0.9991714747
0.9830344580
0.9861688958
0.9982508071
1.0008363273
1.0050215626
1.0038873093
1.0029189235
0.9971378150
0.9908340888
0.9926202910
0.9976597923
0.9997588600
0.9971062218
0.9917775802
0.9989334709
1.0079718851
0.9993991575
0.9994869907
1.0039291527
0.9962457058
0.9925242920
0.9983204771
0.9895486761
0.9862033028
0.9841747362
0.9839425152
0.9892107334
1.0004189965
1.0015646717
0.9994576165
1.0032810846
1.0094589350
1.0186802348
1.0181823050
1.0065968689
1.0258158321
1.0211519954
0.9980759569
0.9860914315
0.9987250963
0.9834615512
0.9934927605
1.0023165227
1.0035526938
1.0006550372
1.0176782899
1.0284734807
1.0262487478
1.0188317035
1.0051280939
0.9916167908
0.9911867774
0.9997371362
1.0008225674
0.9948653110
0.9989501928
1.0039732173
1.0152358234
1.0127706340
1.0067124953
1.0022890168
1.0015819876
1.0174731364
1.0180492251
1.0082162594
0.9910271907
0.9879433250
0.9886641434
0.9846812911
0.9746761744
0.9656657746
0.9619393878
0.9682270833
0.9856210419
0.9872416862
0.9723723302
0.9846976074
0.9936500133
1.0109344195
0.9938074715
1.0036271542
0.9941832455
0.9918811329
0.9949492317
0.9885523903
0.9870929392
0.9979601445
0.9974192982
0.9957216034
1.0039159073
1.0096998050
1.0091070408
1.0047183432
0.9952702819
0.9893722601
0.9916653097
1.0054455486
0.9983404773
0.9920043588
1.0007600671
1.0165367016
1.0219661180
1.0171863457
1.0048113249
1.0013221909
0.9988549326
1.0005917878
1.0036074334
1.0047111893
1.0074291465
1.0086502749
1.0090238419
1.0083321102
1.0042869194
1.0090836009
1.0210170388
1.0196243237
1.0069334676
1.0012398723
0.9982428574
1.0009497004
1.0102575667
1.0014112892
1.0054421680
1.0160137493
1.0013231889
0.9912013288
0.9971440174
1.0114103731
1.0099663145
1.0091137596
1.0221068262
1.0252275519
1.0106754265
1.0002615551
1.0008571176
0.9954960972
0.9897785115
0.9603689780
0.9693267374
0.9893976564
0.9837258002
0.9733892780
0.9772703590
0.9930937386
1.0001269652
1.0032325909
0.9983777097
0.9913975702
0.9963700324
0.9999906956
0.9953360107
0.9943577549
0.9982664195
1.0008589004
1.0007930737
0.9973085300
0.9913218959
0.9802252294
0.9852486953
0.9990836710
1.0120296633
1.0190580679
1.0129710921
0.9887808389
0.9696656037
0.9578611635
0.9436787011
0.9354760468
0.9364676670
0.9357346040
0.9269907448
0.9120300828
0.8978542352
0.8890656521
0.8848021134
0.8966093022
0.9158820852
0.9248451694
0.9143762900
0.9144918151
0.9317957028
0.9480478740
0.9578761044
0.9793800735
0.9970223324
0.9901301918
0.9812962207
0.9854774042
0.9972873575
0.9963913989
0.9904260878
0.9973616431
1.0081257633
1.0043602780
0.9875621150
0.9736414968
0.9602948362
0.9489410324
0.9552163431
0.9613705546
0.9736552745
0.9953793998
0.9891495802
0.9847392409
0.9832164464
0.9802481618
0.9773620106
0.9752092525
0.9782452972
0.9847012668
0.9938520969
0.9977030013
0.9962946050
0.9978607584
0.9982110011
1.0026107594
1.0059238053
1.0089374997
1.0140479997
1.0127646388
1.0069377282
0.9955045166
0.9901806563
0.9965151653
1.0000633526
0.9987231362
0.9977333661
1.0075718140
1.0189919889
1.0156327511
1.0002790503
0.9919321838
0.9938347040
0.9978777317
1.0049357116
1.0090584047
1.0062531019
0.9983650209
1.0123154675
1.0048209468
0.9964976486
0.9933463710
1.0037484869
1.0057858551
1.0014612362
1.0089604097
1.0044100953
1.0082058451
1.0122882277
1.0020128510
0.9946128568
0.9996919609
1.0041185315
1.0010099718
0.9993876548
1.0067545170
1.0120864220
1.0136469453
1.0053897986
1.0082222637
1.0112901975
1.0269073836
1.0298854989
1.0179593650
1.0156432222
1.0097608323
0.9980006150
0.9890840210
0.9971015306
0.9994301561
0.9846911829
0.9696752163
0.9630808023
0.9580308624
0.9535791117
0.9543803856
0.9626858829
0.9843984749
0.9938433707
0.9921191489
0.9779296766
0.9854248495
1.0063136604
1.0053625562
1.0086709149
1.0012176983
0.9977238371
1.0031729550
1.0051365755
0.9985453035
0.9976056463
1.0028889250
1.0051221779
1.0067900540
1.0106365308
1.0105416398
1.0078963677
1.0095110001
0.9952108171
0.9896869077
0.9939376743
1.0035296177
1.0008111113
0.9944393738
0.9921595835
0.9979128536
1.0074981752
1.0225848278
1.0233979184
1.0096282308
1.0021100906
1.0011134647
0.9986491111
0.9999188664
1.0051635255
1.0023068944
0.9927203577
0.9943166194
0.9922594576
0.9874114688
0.9885051383
0.9849137895
0.9848339846
0.9764182552
0.9814764865
0.9784039865
0.9886436609
1.0015086434
1.0045332830
0.9975390793
0.9917568689
0.9870459670
0.9790644644
0.9662018409
0.9436716852
0.9136693423
0.8882866506
0.8719711377
0.8659085676
0.8645201015
0.8813646169
0.8994270687
0.9103461117
0.9336087456
0.9685903630
0.9835162473
0.9915216737
0.9886569173
0.9916518586
0.9865271352
0.9908110425
0.9994080881
0.9996127031
1.0001389236
1.0047263376
1.0082322995
1.0080976889
1.0036820004
1.0021851111
1.0014932908
1.0033315917
1.0020359239
0.9904141904
0.9779972974
0.9724754745
0.9647566988
0.9665859265
0.9797227411
0.9843571036
0.9928510362
0.9974424037
0.9879972064
0.9752418653
0.9805520482
0.9932802852
0.9909803878
0.9912595036
0.9963796100
1.0018336033
1.0005395021
0.9976035063
1.0055632716
1.0127984198
1.0056468426
0.9890163070
0.9942590210
0.9952886299
0.9830803720
0.9894929885
1.0046760717
1.0057792047
0.9992971528
0.9943353860
0.9917631075
0.9998898174
1.0109371643
1.0002001457
0.9808035685
0.9724790654
0.9826762901
1.0016612374
1.0056220815
0.9941622711
0.9873701682
0.9886863394
0.9925012201
0.9985734096
1.0109141469
1.0163483111
1.0101464177
0.9985387526
0.9906273859
0.9923276387
0.9947004821
0.9854745142
0.9750524221
0.9802078700
0.9924769307
1.0008299121
0.9979826591
0.9937175808
1.0138321017
1.0111845445
1.0002962512
1.0017731656
1.0031045601
1.0035513648
0.9966258946
1.0063897958
1.0176833818
1.0199340524
1.0118513821
1.0012546918
0.9954047325
0.9900322012
0.9876097032
0.9942525132
1.0001605539
1.0091753910
1.0078182142
1.0185577917
1.0207342581
1.0059257640
0.9964635859
1.0003525456
1.0061635650
1.0031498350
0.9965825755
1.0016700614
1.0031281407
0.9946139112
0.9953627782
1.0050796067
1.0071188522
1.0012927172
0.9982957947
0.9989290654
0.9975287371
0.9925136786
0.9894221111
0.9920383943
0.9822189384
0.9831494969
0.9844054674
0.9848580210
0.9856334224
0.9827217588
0.9849844590
0.9876207606
0.9931897506
0.9930223162
0.9928623513
0.9911691327
0.9870168064
0.9929103639
1.0143854982
1.0280545301
1.0155608865
1.0002036732
0.9830618772
0.9919623099
0.9973811821
1.0146881850
1.0258951975
1.0155058767
1.0033372100
0.9935281152
0.9828189491
0.9873022744
0.9885427461
0.9985830752
0.9975458527
0.9956689269
0.9992740457
1.0011907090
1.0004771237
0.9990545130
0.9978831719
0.9867281116
0.9812693505
0.9903704549
0.9914793965
0.9987661235
1.0061416115
0.9876650822
0.9708452441
0.9776207447
0.9772431804
0.9744992348
0.9903922267
0.9935575944
0.9813452028
0.9816716825
0.9898990554
1.0022795561
1.0176536271
1.0227968995
1.0191223743
1.0088820579
1.0039329763
1.0003859581
1.0010908527
1.0142036520
1.0144663767
0.9884889058
0.9785676234
0.9859515986
0.9928161349
0.9935754241
0.9981260349
0.9982854628
1.0057153322
1.0096658655
0.9992166605
0.9857600780
0.9806471017
0.9804659969
0.9775098244
0.9731873448
0.9790483214
0.9937488511
0.9972450773
0.9847745425
0.9632898052
0.9715111365
1.0152942751
1.0135910427
1.0117287175
1.0027213164
0.9953938026
0.9943984866
0.9949484530
0.9947844176
0.9919337359
0.9967283278
1.0077729831
1.0117660916
1.0116325460
1.0176951241
1.0329472240
1.0278104241
1.0124424306
1.0060807003
1.0064885229
1.0059385220
1.0007414994
0.9959580293
0.9931849012
0.9805945366
0.9847727032
0.9982181278
1.0022785233
0.9970836439
0.9898695365
0.9893103839
0.9942121886
0.9980474173
1.0026755837
1.0050828648
0.9991661413
0.9967394716
0.9864452744
0.9894699403
0.9989527614
0.9786377961
0.9789770340
0.9925318321
0.9964818241
0.9923395500
0.9908539067
0.9931289723
0.9919889502
0.9990939534
1.0162661106
1.0172197522
1.0044916298
1.0008068627
0.9989209343
0.9925791847
0.9955472920
1.0012741528
0.9995641265
0.9793758872
0.9774019772
0.9943433116
1.0044422945
1.0095093801
1.0034854891
0.9997224017
0.9977989327
0.9974093351
1.0005171000
0.9949318971
0.9973698377
1.0052777329
1.0028210322
0.9971851319
0.9924529630
0.9868153412
0.9949955734
1.0040243466
1.0081182314
1.0059940273
0.9807482988
0.9700134166
0.9769477518
0.9760512862
0.9771845347
0.9778984337
0.9725791590
0.9621292190
0.9667970781
0.9684014046
0.9633007367
0.9685116075
0.9805517434
0.9868843258
0.9847221285
0.9807678032
0.9898685529
0.9983811465
0.9892957427
0.9915171659
0.9916483554
0.9903231708
1.0003206891
1.0021840392
0.9960377517
1.0004230234
1.0110063484
0.9985968487
0.9992249362
0.9947009649
0.9875584195
0.9905856478
0.9972711751
0.9962009241
0.9923157170
0.9933419692
0.9903039880
0.9813387945
0.9669743501
0.9498411921
0.9379516114
0.9156963795
0.8830760666
0.8583700414
0.8411904095
0.8378044072
0.8539567868
0.8754397456
0.9023215365
0.9355346619
0.9575750292
0.9685193515
0.9761962605
0.9797819125
0.9807510327
0.9863323416
0.9949577160
0.9950973620
0.9894659340
0.9855719184
0.9904646227
0.9878509754
0.9828267586
0.9836784853
1.0027374336
0.9997000631
0.9893872788
0.9982733287
0.9980343218
0.9912172967
0.9914620197
0.9892722171
0.9775778803
0.9598821322
0.9497474472
0.9542570455
0.9695235788
0.9947280158
0.9929749970
0.9927165497
1.0019780135
0.9984763687
1.0020414905
0.9828464116
0.9673677339
0.9764231202
0.9917340293
0.9962464680
0.9935555601
0.9935356997
0.9932409891
0.9883449548
0.9877825588
0.9918463855
0.9864556961
0.9777634231
0.9799099946
0.9813452907
0.9867048950
0.9859961833
0.9872747902
0.9772316446
0.9864920163
1.0049548726
0.9992093976
0.9967776823
1.0049514459
1.0014651306
0.9941071027
0.9962682862
0.9990247602
0.9917023200
0.9843625655
0.9784770683
0.9785736639
0.9908110404
0.9959188141
0.9855491436
0.9774782892
0.9774298555
0.9865113803
1.0005119254
0.9962489255
0.9834263960
0.9823441091
0.9796555946
0.9779596369
0.9774166302
0.9856377475
0.9983326039
0.9883812849
0.9762321618
0.9750196295
0.9743680313
0.9791769919
0.9877399058
0.9882483835
0.9930785200
1.0002344889
1.0040273385
0.9965865449
0.9996660032
0.9879585227
0.9692443682
0.9796442262
0.9918909581
0.9834703034
0.9835911944
0.9920775960
0.9884403087
0.9766122869
0.9790751548
0.9858526744
0.9909497987
0.9859009263
0.9789595416
0.9865155235
0.9901124897
0.9993405592
1.0102588695
1.0080348030
0.9911540775
1.0003114005
1.0097583135
0.9886546300
0.9767488328
0.9801028241
0.9828215610
0.9746802212
0.9702321318
0.9801618373
1.0004637575
1.0158260310
1.0067731265
0.9915089091
0.9914500580
1.0024103194
1.0137782434
1.0017608632
0.9861137212
0.9729304025
0.9817013955
0.9855398082
0.9894317921
0.9784652343
0.9577761209
0.9717551251
0.9879757256
0.9938070527
0.9936899224
0.9847192313
0.9816485656
0.9908292738
0.9863594610
0.9736884931
0.9763114469
0.9871912138
1.0015965768
1.0169122163
1.0066103422
0.9961296640
0.9980023740
1.0049209262
1.0068129640
1.0039560287
1.0109987269
1.0099630749
0.9995611031
0.9965761914
0.9929823432
0.9946931404
0.9960198455
0.9926830682
0.9911011078
0.9924029957
0.9986303766
1.0052996500
1.0026601109
1.0036411903
1.0096879250
1.0016790959
0.9888780828
0.9870942548
0.9930776261
0.9899738448
0.9989580782
1.0102876502
1.0209164453
1.0170101114
1.0051606839
0.9971514963
1.0024704560
1.0071283017
1.0062400513
1.0007813346
0.9984177469
1.0046824513
1.0095801968
1.0077760994
