#flux
0.9625048419
0.9606358155
0.9598339583
0.9570709074
0.9593304705
0.9603320789
0.9595890968
0.9607481059
0.9638635705
0.9668021972
0.9690410234
0.9695420360
0.9676427442
0.9662800574
0.9655792243
0.9658894619
0.9643794336
0.9653637620
0.9688660703
0.9703121684
0.9681059159
0.9624864723
0.9624350343
0.9557321755
0.9512591802
0.9459289836
0.9412790998
0.9388057019
0.9354136161
0.9311581019
0.9303077470
0.9311119241
0.9308087918
0.9341161597
0.9372633301
0.9394984514
0.9375823504
0.9310699080
0.9229097003
0.9146632263
0.9066565790
0.9121725305
0.9477160258
1.0041534133
1.0399052552
1.0320973383
0.9948332560
0.9551795728
0.9295365551
0.9214112880
0.9255020949
0.9327802436
0.9380117852
0.9401401886
0.9387452384
0.9380958827
0.9370114542
0.9334082430
0.9282936799
0.9223095797
0.9174263703
0.9243304231
0.9440863266
0.9512441639
0.9464697423
0.9362733813
0.9233558280
0.9094512229
0.8979541084
0.8927734030
0.8941809102
0.8992711565
0.9069111664
0.9147908398
0.9166278356
0.9166873493
0.9170682130
0.9176784714
0.9182047572
0.9151627244
0.9157820967
0.9135460953
0.9154188122
0.9155225572
0.9148926142
0.9107096798
0.9001880457
0.8843459193
0.8652396985
0.8461491981
0.8323911733
0.8288779282
0.8364075321
0.8520380768
0.8719223550
0.8875236658
0.8967067639
0.9007014384
0.8987106282
0.8914017008
0.8830747765
0.8824798005
0.8855359669
0.8909024262
0.9024628826
0.9119769687
0.9168467177
0.9209008761
0.9223133288
0.9195787829
0.9123654070
0.9017557878
0.8917375873
0.8836446283
0.8795147923
0.8745373786
0.8715597798
0.8757132042
0.8935161484
0.9294755909
0.9544963675
0.9548773675
0.9321351901
0.9087752086
0.8979487019
0.8945254177
0.8951629117
0.8971492956
0.8955943485
0.8922626579
0.8877505203
0.8791132982
0.8710374745
0.8686260008
0.8704748066
0.8790865660
0.8900720553
0.8920246679
0.8844023418
0.8801801671
0.8792629066
0.8753791679
0.8767209180
0.8807659381
0.8844840993
0.8851438661
0.8845647410
0.8837876541
0.8833703362
0.8840413066
0.8824375500
0.8796581194
0.8812283384
0.8813358725
0.8763177217
0.8714232481
0.8648351150
0.8532286507
0.8414261944
0.8329136994
0.8268577038
0.8297206685
0.8377890070
0.8492667013
0.8491418384
0.8514423084
0.8538946670
0.8497074934
0.8426773755
0.8364995552
0.8271295417
0.8136387608
0.8016405574
0.7939248427
0.7919225805
0.7904136458
0.7837511348
0.7753554828
0.7714025426
0.7749442321
0.7788737396
0.7784428105
0.7784680647
0.7736874444
0.7764732964
0.7786303655
0.7785598949
0.7750321297
0.7710828462
0.7674685644
0.7615660697
0.7545695012
0.7479659389
0.7407309349
0.7334391299
0.7232516919
0.7117698116
0.6993926351
0.6813908087
0.6618044882
0.6382093253
0.6078417774
0.5697981125
0.5240122836
0.4742241144
0.4248080205
0.3760766746
0.3315689479
0.2939992955
0.2642323886
0.2413317425
0.2244964990
0.2146638280
0.2104843249
0.2098929305
0.2137242258
0.2212447818
0.2325593810
0.2514120097
0.2803021001
0.3138853290
0.3534763478
0.3966517493
0.4439430700
0.4968838598
0.5508138400
0.5971276816
0.6311841396
0.6527670039
0.6684870157
0.6770778481
0.6789499259
0.6838132523
0.6896580772
0.7015371112
0.7289418452
0.7680505743
0.7978926827
0.8022461042
0.7920279604
0.7823160945
0.7739276572
0.7757250092
0.7820018052
0.7874886391
0.7937011710
0.8009191452
0.8074284868
0.8137617303
0.8183855126
0.8240628462
0.8311523765
0.8336666179
0.8363674508
0.8415946671
0.8413779102
0.8390325259
0.8357176617
0.8349050124
0.8423594256
0.8500972218
0.8571859440
0.8633283444
0.8636153939
0.8644351867
0.8690893704
0.8737169243
0.8770320811
0.8804984297
0.8826017500
0.8816253861
0.8812064535
0.8823418977
0.8802808501
0.8791972899
0.8802328141
0.8805982523
0.8858662960
0.8885587675
0.8877523521
0.8917104642
0.8995406755
0.9043813836
0.9063826083
0.9082021213
0.9106214275
0.9110219057
0.9110358723
0.9121708829
0.9133468038
0.9147158007
0.9152876807
0.9126081165
0.9095109540
0.9091784835
0.9089442527
0.9097090257
0.9160091008
0.9196851516
0.9206386106
0.9206011159
0.9223089470
0.9210923840
0.9232968569
0.9254714427
0.9221490346
0.9180856425
0.9162603902
0.9164079870
0.9123804899
0.9058544468
0.9038864997
0.9054479243
0.9088048789
0.9087192431
0.8977574044
0.8735971485
0.8393602286
0.7983346488
0.7574550611
0.7361926021
0.7403878793
0.7727976749
0.8179009722
0.8608580050
0.8909030680
0.9101016820
0.9220435456
0.9278573826
0.9294184760
0.9293506093
0.9290791231
0.9293145129
0.9297535877
0.9290704848
0.9303182255
0.9326924724
0.9375035108
0.9386835851
0.9376135136
0.9318388001
0.9259139069
0.9222224675
0.9181480184
0.9170321498
0.9133997735
0.9146847835
0.9137863441
0.9149293733
0.9213866625
0.9276199555
0.9313036439
0.9333700544
0.9355075676
0.9362477282
0.9351447835
0.9359368188
0.9396223936
0.9438186503
0.9432011533
0.9405416603
0.9378487415
0.9309097941
0.9237638878
0.9146072139
0.9055748830
0.9111714830
0.9415940611
0.9815968267
1.0014581814
0.9922286941
0.9717783444
0.9543904399
0.9422261700
0.9402553026
0.9384177148
0.9297481994
0.9143038484
0.8929111536
0.8771546918
0.8760276184
0.8846973587
0.9008608137
0.9223178163
0.9440414434
0.9537014431
0.9552860704
0.9545939344
0.9539251022
0.9530316320
0.9511873040
0.9478739216
0.9446812940
0.9464301267
0.9522019578
0.9550365694
0.9559021377
0.9529994662
0.9553713346
0.9567191288
0.9427163415
0.9247454045
0.9056207787
0.8928060653
0.8879318614
0.8932799403
0.9078074025
0.9220290452
0.9283641051
0.9267330678
0.9179022796
0.9057533023
0.9038403281
0.9189155772
0.9275440933
0.9003749526
0.8602548078
0.8310458313
0.8246182169
0.8457338882
0.8824178076
0.9135712831
0.9342134708
0.9495970006
0.9600565041
0.9655709151
0.9696042317
0.9708037634
0.9723318403
0.9724676239
0.9702088468
0.9700018079
0.9710520839
0.9695737984
0.9653312955
0.9617980466
0.9605895176
0.9549831610
0.9485883786
0.9506725139
0.9583982198
0.9605681167
0.9673321127
0.9724410893
0.9741336215
0.9756856501
0.9766591311
0.9749908664
0.9729496386
0.9738416760
0.9761312113
0.9791178028
0.9833760370
0.9841503738
0.9821712724
0.9841298680
0.9857711223
0.9837846479
0.9830067084
0.9841624923
0.9871747312
0.9890426127
0.9875976426
0.9863345312
0.9853650514
0.9854787913
0.9874299481
0.9869028372
0.9851942806
0.9841252883
0.9847248733
0.9868284979
0.9876822744
0.9875113897
0.9872252256
0.9876927528
0.9892739995
0.9900137452
0.9880151823
0.9853877697
0.9815181248
0.9735181942
0.9709909470
0.9681444423
0.9676367001
0.9697104287
0.9734860297
0.9749791871
0.9766456623
0.9801579093
0.9814200544
0.9804406758
0.9813084496
0.9837474287
0.9869086048
0.9871014460
0.9803600154
0.9808506918
0.9765087005
0.9738381398
0.9731271528
0.9669040388
0.9600764627
0.9551146283
0.9525185584
0.9570954622
0.9675330110
0.9725908971
0.9696479048
0.9603311242
0.9504056823
0.9472917637
0.9527953851
0.9626158130
0.9661359063
0.9660411492
0.9633798231
0.9494267399
0.9353227436
0.9297153263
0.9267064273
0.9288843366
0.9415725756
0.9556486925
0.9659171650
0.9730127032
0.9810198127
0.9849559994
0.9852025086
0.9819247969
0.9769170720
0.9754584377
0.9780055488
0.9805783718
0.9791411001
0.9770370716
0.9753199977
0.9685236288
0.9623899031
0.9658309670
0.9726350750
0.9765913965
0.9776111248
0.9741740847
0.9724361227
0.9717201922
0.9692481135
0.9690942111
0.9725184991
0.9755221533
0.9735518632
0.9652723029
0.9552162026
0.9503890503
0.9504850750
0.9472021771
0.9392517363
0.9393744025
0.9370202191
0.9379997726
0.9393330893
0.9433257232
0.9447866733
0.9484708960
0.9568652322
0.9698313707
0.9796890095
0.9843560811
0.9878723474
0.9883731722
0.9880065378
0.9900469216
0.9898471066
0.9855060047
0.9798439545
0.9803951484
0.9770069143
0.9786012355
0.9810232136
0.9812244321
0.9843241709
0.9890925202
0.9881843168
0.9847025206
0.9818866088
0.9778571800
0.9750428657
0.9721309877
0.9731654930
0.9749990379
0.9728658145
0.9688417184
0.9637863700
0.9580856418
0.9564058318
0.9635075799
0.9722824151
0.9781093738
0.9831503662
0.9832266358
0.9752798051
0.9613359146
0.9362424285
0.8997075410
0.8657912136
0.8390928430
0.8308235198
0.8493021701
0.8844042254
0.9154568616
0.9392156869
0.9560732533
0.9589811819
0.9573914385
0.9610293056
0.9661015016
0.9702688780
0.9738151020
0.9744254280
0.9744315125
0.9775194400
0.9792600955
0.9829834472
0.9821053950
0.9755855571
0.9716283910
0.9649887549
0.9596558350
0.9578898251
0.9610471424
0.9671686375
0.9710903115
0.9740212264
0.9796074014
0.9856164791
0.9891173132
0.9915985998
0.9925755789
0.9893009329
0.9849298232
0.9764525108
0.9688377924
0.9718462612
0.9766062691
0.9771340819
0.9813793006
0.9907983681
0.9947091509
0.9915549217
0.9897396046
0.9911087876
0.9908378772
0.9887649258
0.9879333808
0.9880391278
0.9894916690
0.9923620466
0.9907377825
0.9898778517
0.9939418005
1.0005413454
0.9973511548
0.9999236493
1.0008884606
0.9994707416
1.0006059782
1.0011751246
1.0024057588
1.0020987819
1.0007307502
1.0001428081
0.9994045204
0.9997847645
1.0017379054
1.0006782264
0.9977918368
0.9987997223
0.9974862079
0.9986120114
0.9990675651
1.0013111947
0.9967040892
0.9932655530
0.9890001014
0.9850827343
0.9800662081
0.9749461633
0.9699010527
0.9672726115
0.9694903190
0.9750754376
0.9812244137
0.9861569319
0.9884812887
0.9898772627
0.9924831039
0.9916231868
0.9927103422
0.9993926487
0.9931968836
0.9910760085
0.9904913795
0.9874001140
0.9826659113
0.9766479263
0.9679583779
0.9574761134
0.9429980390
0.9308108713
0.9241901505
0.9165491097
0.8973171961
0.8557289780
0.7915800266
0.7271419940
0.6916050625
0.6974105731
0.7456131973
0.8198689839
0.8827941654
0.9228314460
0.9464761970
0.9569145132
0.9629155747
0.9712966407
0.9728170269
0.9665229031
0.9462827311
0.9037341735
0.8468681668
0.7962771522
0.7699939521
0.7766717019
0.8136000573
0.8667213425
0.9130296874
0.9338725272
0.9379553805
0.9467110097
0.9620280236
0.9691700913
0.9831089769
0.9890645152
0.9906886830
0.9900773652
0.9908836827
0.9936828985
0.9965337587
0.9987629921
1.0009183866
1.0004873627
0.9979473000
0.9971309056
0.9965088571
0.9944659705
0.9907118885
0.9885833167
0.9925421116
0.9964812167
1.0022405423
1.0008601618
0.9961806073
0.9933166423
0.9869444131
0.9828017252
0.9825851811
0.9850696055
0.9850236685
0.9830300429
0.9846614191
0.9888050338
0.9902373212
0.9900228103
0.9902192727
0.9876738303
0.9849141921
0.9856195635
0.9904484880
0.9942905101
0.9936327763
0.9929164393
0.9887764628
0.9847380046
0.9824910018
0.9832023242
0.9892626752
0.9898037762
0.9873994869
0.9806558347
0.9640877469
0.9360488011
0.9048232777
0.8847931298
0.8829853834
0.9002131410
0.9313007238
0.9616938993
0.9824476593
0.9977369398
1.0016783490
1.0007556575
0.9992878578
0.9964967745
0.9968611763
0.9961694026
0.9922951732
0.9807945741
0.9627937324
0.9455035720
0.9323369347
0.9256662378
0.9313555662
0.9477975659
0.9652865762
0.9799223147
0.9842877656
0.9772125513
0.9662052590
0.9539000811
0.9403725938
0.9354444912
0.9495623437
0.9696289626
0.9875702884
0.9993713416
0.9977810875
0.9878225893
0.9827775151
0.9857692355
0.9909290746
0.9940713262
0.9954848364
0.9976887393
1.0013602847
1.0040680408
1.0059788810
1.0009723499
0.9907344002
0.9923025364
0.9964993154
0.9937632864
0.9908444342
0.9941550234
0.9971121067
0.9969218591
0.9973715741
0.9975768306
0.9999159306
1.0035780274
1.0040810890
1.0017601246
1.0021580462
1.0048914583
1.0046485779
1.0043375512
1.0041560573
0.9985065760
0.9976210069
1.0007889350
0.9972414938
0.9922186410
0.9917352416
0.9884560405
0.9800053656
0.9730343752
0.9684863294
0.9603923834
0.9558806882
0.9617197355
0.9723251012
0.9796518945
0.9828410228
0.9858069612
0.9893164236
0.9891114542
0.9867403073
0.9865286802
0.9871472772
0.9918836541
0.9947414441
0.9970017129
0.9999987060
1.0002272270
0.9990830503
0.9995120546
0.9983469007
0.9942218792
0.9938455191
0.9935053662
0.9899027800
0.9851968656
0.9833613130
0.9869709794
0.9919308840
0.9947841868
0.9987043398
1.0006441890
0.9990883144
0.9993563809
1.0000624864
1.0005532794
1.0054872051
1.0041186123
0.9999934357
0.9972473364
0.9913566995
0.9777059681
0.9536131356
0.9248692156
0.9023067174
0.8939962764
0.9017031684
0.9219928325
0.9477735404
0.9689650519
0.9788185038
0.9812372038
0.9838873591
0.9881559785
0.9912647541
0.9910076106
0.9893858595
0.9851172142
0.9710058092
0.9584477957
0.9591121044
0.9620526733
0.9663450133
0.9728742024
0.9781363625
0.9801100346
0.9809559465
0.9836888457
0.9862659384
0.9859792889
0.9903336993
0.9978032187
1.0010154041
1.0027644769
1.0008372993
1.0011101309
0.9989817287
1.0009521915
0.9976839970
0.9937373448
0.9898530749
0.9825311576
0.9760975428
0.9725832746
0.9701710720
0.9700115238
0.9743850142
0.9819305065
0.9883887908
0.9899977704
0.9879774781
0.9861129064
0.9900149089
0.9964815558
0.9950907205
1.0007623981
1.0006381995
0.9993310610
0.9955603823
0.9832990158
0.9688217601
0.9578816231
0.9538458206
0.9560635566
0.9647902761
0.9762101913
0.9875855721
0.9972870492
1.0000128090
0.9997881606
1.0001093245
1.0006801337
1.0003808837
1.0005615116
0.9943497456
0.9862262927
0.9677402259
0.9266087945
0.8739558278
0.8347553039
0.8190636398
0.8290663465
0.8649085825
0.9097395807
0.9398037786
0.9503137623
0.9525103516
0.9531499431
0.9537117022
0.9585844806
0.9678977049
0.9753624149
0.9813035543
0.9884653839
0.9923894269
0.9931382739
0.9930187521
0.9961880463
0.9986413071
1.0008373753
1.0033985039
1.0033377947
1.0034900119
1.0045288710
1.0052005651
1.0010649587
0.9958636600
0.9957207986
0.9948852409
0.9939669517
0.9968083816
1.0050219094
1.0087430946
1.0079784248
1.0042677240
0.9983764541
0.9942460448
0.9882382568
0.9923402122
0.9982443081
0.9960375596
0.9924653187
0.9905411004
0.9885909244
0.9847542280
0.9817951847
0.9836581322
0.9890838293
0.9925375894
0.9906098345
0.9877722491
0.9836255971
0.9792639496
0.9772070973
0.9710708289
0.9617326650
0.9646177926
0.9795962946
0.9908807756
0.9981600439
1.0023473087
1.0031542364
1.0024751165
1.0024465638
1.0028340403
1.0035473174
1.0034981943
1.0005505984
0.9967198248
0.9937594217
0.9861885866
0.9763989217
0.9723148528
0.9759649848
0.9777881824
0.9793514318
0.9765748638
0.9762440333
0.9712449002
0.9754477381
0.9838865900
0.9900078240
0.9969398533
1.0027003950
1.0044397446
1.0056343198
1.0067381803
1.0047409041
1.0038198885
1.0056403202
1.0032097987
1.0074423374
1.0097918098
1.0080909967
1.0080259754
1.0070292125
1.0046002635
1.0053628663
1.0056152958
1.0057107873
1.0041287169
1.0032954872
1.0026785026
1.0014591817
0.9986441542
0.9948801152
0.9912024754
0.9887756581
0.9898393377
0.9930491954
0.9956778705
0.9978328723
1.0032895778
1.0038143808
0.9961311295
0.9954873852
1.0002200565
1.0009378917
1.0021464567
1.0040656017
1.0021586862
1.0014468309
1.0029885167
1.0040281856
1.0039236725
1.0027320390
1.0009985658
0.9988740574
0.9961232631
0.9952057711
0.9947608486
0.9927790407
0.9906339562
0.9924060345
0.9931121452
0.9883536346
0.9874227499
0.9898859265
0.9885298072
0.9889324130
0.9923218183
0.9898456860
0.9871176051
0.9894739879
0.9930233006
0.9921170904
0.9917206585
0.9961004745
0.9995475455
1.0021623075
1.0013362096
1.0006934312
1.0007190719
1.0037627186
0.9997309394
0.9970833231
0.9974667841
0.9986711361
1.0015271670
1.0023193162
0.9993510459
0.9963809698
0.9958436483
0.9964792909
0.9988264826
1.0011108523
1.0005508416
0.9996064121
1.0007199479
1.0008225056
0.9990255999
0.9996536897
0.9963352087
0.9924653698
0.9921461231
0.9914762969
0.9957053186
0.9990146598
1.0020198452
1.0047251545
1.0045704448
1.0038557025
1.0043743724
1.0073087746
1.0087069738
1.0074920058
1.0053814965
1.0026715429
1.0020180420
1.0052973487
1.0088015451
1.0059155298
1.0088422823
1.0074140980
1.0046398217
1.0050778534
1.0064574959
1.0052145668
1.0036748349
1.0020341697
0.9983296492
0.9941139056
0.9891641029
0.9872654618
0.9891797288
0.9929004973
0.9975133444
1.0015506922
1.0048125457
1.0071629257
1.0024310619
0.9948314385
0.9921116553
0.9910220146
0.9980396176
1.0005343460
1.0010110786
1.0025922256
0.9986897909
1.0005939355
1.0023910910
0.9994957135
0.9985070077
1.0005860106
0.9989278069
0.9952153376
0.9930099776
0.9919404050
0.9941501085
0.9981238530
1.0027353475
1.0034005760
1.0025332019
1.0066638068
1.0099610459
1.0052545287
1.0064828940
1.0044401930
1.0030327886
1.0015214976
1.0029642276
1.0017785397
0.9962309281
0.9928490814
0.9933900656
0.9917285319
0.9907159091
0.9946681772
0.9990631757
1.0033239010
1.0009383409
1.0032987878
1.0023449030
0.9981966477
0.9957539695
0.9981959795
1.0012069738
1.0041332671
1.0021325912
0.9989427138
0.9965855408
0.9934546691
0.9841173173
0.9739866548
0.9647965720
0.9608997512
0.9656083311
0.9754985276
0.9881144441
0.9975227644
1.0017757444
1.0033000263
1.0038895201
1.0058244625
1.0084202651
1.0065547670
1.0058406292
1.0057645130
1.0035177600
1.0033460707
1.0039269866
1.0047381419
1.0009766653
0.9951633510
0.9900362448
0.9833696588
0.9800389459
0.9827938383
0.9877102662
0.9978008999
1.0015974577
1.0013875336
1.0034046344
1.0025307570
1.0039546433
1.0059924408
1.0071853319
1.0026858795
1.0051743365
1.0041185809
1.0018494234
1.0007049157
0.9977669025
0.9902307505
0.9737509265
0.9526502317
0.9342313974
0.9222031960
0.9223566902
0.9360522938
0.9573964429
0.9763851129
0.9889253343
0.9908250390
0.9859350347
0.9783740868
0.9782636437
0.9846671043
0.9923183472
0.9953846695
0.9995604098
1.0047978154
1.0039933893
0.9997140680
0.9979207180
0.9974532656
0.9968910056
0.9956361016
0.9913436972
0.9868476336
0.9840970191
0.9850291930
0.9890061676
0.9913979931
0.9951462773
0.9999038947
1.0027904225
1.0035497294
1.0043450866
1.0069225142
1.0055313169
1.0033841628
1.0016078263
0.9996731272
0.9980799594
0.9969303116
0.9924156932
0.9853564631
0.9838463127
0.9866862430
0.9872219612
0.9882798056
0.9957065535
1.0011737128
1.0030457953
1.0036213458
1.0027914459
0.9989266471
1.0038424164
1.0058644116
1.0006764580
1.0011676794
1.0002798324
0.9950795610
0.9923763676
0.9929167002
0.9925920610
0.9905782750
0.9891754114
0.9912606902
0.9951413895
0.9971718764
0.9988669329
0.9943411209
0.9929586909
0.9957151276
0.9912582582
0.9915062095
0.9896922027
0.9851939285
0.9841198052
0.9861185222
0.9888323471
0.9850339393
0.9789663424
0.9759292289
0.9730669754
0.9702760410
0.9706709097
0.9718388029
0.9712816113
0.9733415751
0.9792625641
0.9870005105
0.9911231772
0.9924423434
0.9952960331
0.9905515038
0.9775874362
0.9767023091
0.9811718259
0.9737645898
0.9589758353
0.9416453085
0.9251647681
0.9150999602
0.9081963100
0.8948611580
0.8696779640
0.8350855195
0.8102737810
0.8086762977
0.8270318836
0.8592544410
0.8869385163
0.8942633717
0.8906301090
0.8943305755
0.9054380554
0.9257177241
0.9481995563
0.9647837483
0.9745670600
0.9792011508
0.9838788935
0.9864744726
0.9863196981
0.9861131749
0.9844055678
0.9822671033
0.9727575019
0.9563585481
0.9379360388
0.9259610037
0.9280247232
0.9419494253
0.9590803607
0.9771925683
0.9869980818
0.9896363832
0.9864337574
0.9804108071
0.9753975702
0.9733523856
0.9761766288
0.9800647906
0.9843277300
0.9925351274
0.9989636490
0.9988695100
0.9999253013
1.0032424057
1.0132116986
1.0087969024
0.9978509215
1.0000623598
1.0017267545
1.0028184945
1.0044439130
1.0030762141
1.0041393188
1.0063215592
1.0076368043
1.0054823792
1.0032281994
1.0013745198
1.0010309597
1.0017524526
1.0001788350
1.0007296911
1.0005668795
1.0044881262
1.0029800865
0.9997776896
1.0032349058
1.0021136928
1.0040742709
1.0001537195
0.9996413590
0.9975487378
0.9947628986
0.9939255482
0.9919104068
0.9916057945
0.9919870467
0.9906615747
0.9889555492
0.9901736451
0.9947468988
0.9971734491
0.9975995640
1.0007666522
1.0045211604
1.0051908204
0.9983723874
1.0014353912
1.0025807965
1.0039005559
1.0027605395
1.0036979879
1.0035223227
1.0032282822
1.0014386388
1.0001569761
0.9969689615
0.9909241856
0.9831011701
0.9711928373
0.9523749908
0.9312178957
0.9208802537
0.9192767681
0.9313709690
0.9466500219
0.9608390031
0.9724502013
0.9838720400
0.9925322958
0.9978657353
0.9995268284
0.9978106158
0.9974519503
0.9989173220
1.0002233403
1.0006022990
0.9991718964
0.9963363665
0.9933683387
0.9919121087
0.9936279058
0.9947420909
0.9969655354
1.0021226833
1.0036802406
1.0053943213
1.0051966242
1.0057349212
1.0046248374
1.0047657447
1.0019771519
0.9997845012
1.0002158074
1.0009900767
1.0034574956
1.0047782154
1.0047337839
1.0048672696
1.0019769680
0.9941525994
0.9847471152
0.9784478633
0.9765153196
0.9774581666
0.9804561901
0.9874405550
0.9935596128
0.9952231147
0.9944577377
0.9950646839
0.9965053705
0.9894620036
0.9822807864
0.9821825564
0.9838765651
0.9850706902
0.9889692058
0.9930492372
0.9933485156
0.9918279366
0.9890859343
0.9806581868
0.9556785603
0.9105600798
0.8459253006
0.7801620893
0.7411944503
0.7473131924
0.7910720500
0.8534780031
0.9155219917
0.9548788591
0.9759060854
0.9904431385
0.9965065357
0.9951959932
0.9929277699
0.9934767045
0.9949121512
0.9958316222
0.9986363780
0.9990058775
1.0008828586
1.0017933932
1.0033907206
0.9984396026
1.0020506843
0.9986801777
0.9949814618
0.9903893350
0.9872864672
0.9835480149
0.9842590624
0.9879920515
0.9917960216
0.9950610309
0.9975903137
1.0010339159
1.0045344339
1.0042074257
1.0021297602
1.0016114216
1.0030036521
1.0027157249
1.0039362309
1.0031811108
1.0028423003
0.9989282354
0.9974212853
0.9994159376
1.0006061303
1.0024695830
1.0072379557
1.0067527902
1.0000116579
0.9949685551
0.9945222835
0.9946994995
0.9914346749
0.9857855704
0.9818305569
0.9777832884
0.9760348173
0.9808470135
0.9886825682
0.9962096275
0.9952459476
1.0033543781
1.0046841219
1.0071030163
1.0033700921
1.0022242623
1.0026918731
1.0018755478
1.0010514867
0.9980960427
0.9953634726
0.9947627001
0.9920973705
0.9859435758
0.9802156031
0.9807250962
0.9858868851
0.9876111384
0.9965955539
1.0050305018
1.0036068817
1.0063456758
1.0052137947
0.9978676473
0.9936871621
0.9854060418
0.9836345940
0.9864795975
0.9897036040
0.9961096412
1.0039618341
1.0075704591
1.0054406806
1.0006106169
0.9966324631
0.9941091378
0.9977154105
1.0020822945
0.9977929643
1.0032716454
1.0028537887
1.0033939972
1.0065312358
1.0048095755
1.0039540685
1.0019019971
1.0026851198
1.0030738690
1.0014092095
1.0013116692
1.0016296331
1.0001383976
0.9995926241
1.0006358230
0.9999831996
0.9989138769
1.0011095508
1.0007578913
1.0015641313
1.0059601859
1.0093035464
1.0074692074
1.0057611184
1.0022511382
1.0000725698
1.0020098623
1.0017526332
1.0010442313
1.0026220239
1.0030336080
1.0019701790
1.0027597138
1.0053104531
1.0054445729
1.0016522098
0.9993288509
0.9965052793
0.9929976487
0.9912433560
0.9959826727
0.9964411480
0.9998549295
0.9999299337
0.9957071327
0.9921300118
0.9934325101
0.9970145433
0.9981384649
0.9948903797
0.9925694763
0.9922932796
0.9933250371
0.9966168322
1.0004578649
1.0032589298
1.0039052980
1.0036744642
0.9991136342
0.9971983935
1.0061927297
0.9988608416
0.9984411826
1.0004127708
0.9943967354
0.9936974385
0.9956220458
0.9964182000
0.9939531356
0.9879344260
0.9815807654
0.9773104739
0.9742469332
0.9764078063
0.9865639061
0.9966649717
1.0033437044
1.0011070583
0.9995874364
0.9997801294
1.0044956294
1.0040303717
1.0032738635
1.0025115932
1.0016905857
1.0027048823
1.0016964765
1.0012533159
0.9995717919
0.9957658634
0.9940777386
0.9945212373
0.9968403944
0.9985648941
0.9967910591
0.9981407665
1.0013799721
1.0023847721
0.9993594564
0.9981465182
0.9966954848
0.9985081953
0.9975499303
0.9993845978
1.0030103860
1.0046011880
1.0053185879
1.0014380260
0.9977318203
0.9945741877
0.9937890440
0.9971163690
0.9993989956
0.9981676180
0.9989204614
1.0014473256
1.0010398205
1.0027312493
1.0015431383
1.0007863229
0.9990766311
0.9996727565
1.0016325367
0.9964698921
0.9973874481
0.9991020263
0.9988361343
0.9996376102
1.0006216514
1.0016506246
1.0022791990
1.0018576188
0.9999681851
0.9995982752
1.0017058973
1.0009718358
1.0008322399
1.0031587009
1.0026381279
1.0080594589
1.0068297874
1.0053844334
1.0016918343
0.9997100806
1.0010736953
1.0013361657
1.0015418228
1.0011299593
1.0000614230
1.0016822685
1.0026268813
1.0021662985
1.0005508212
0.9996951366
1.0011498380
0.9997919502
1.0006575211
1.0017703714
0.9986957018
1.0031838966
1.0039940774
0.9995475989
0.9978081582
1.0014837053
1.0019916768
1.0022064804
1.0012139058
0.9972296411
0.9924030098
0.9886860087
0.9869513762
0.9854466240
0.9859524904
0.9898451885
0.9938426556
0.9968772293
0.9976623002
0.9988045645
0.9963253979
0.9935931631
0.9879551463
0.9897372154
0.9929318758
0.9938663741
0.9981508079
1.0005118905
0.9999929979
0.9970416699
0.9936954890
0.9853989930
0.9762235886
0.9675684329
0.9594489099
0.9581375962
0.9644365696
0.9710481209
0.9749422298
0.9787645251
0.9863503711
0.9939012495
1.0112502106
1.0057437672
0.9872903578
0.9825986965
0.9818315681
0.9847241451
0.9914263512
0.9973124199
1.0013620002
1.0022351851
1.0006956039
1.0008601645
1.0001601929
0.9968969469
0.9959074899
0.9963148200
0.9968977580
0.9957342816
0.9942112479
0.9966469515
0.9947589345
0.9916449477
0.9898463502
0.9820119188
0.9694157323
0.9461909764
0.9198192637
0.8866455740
0.8417653391
0.7910370107
0.7562623154
0.7495744316
0.7700214576
0.8146967745
0.8757704982
0.9358708902
0.9731318234
0.9849009297
0.9935470921
0.9964429425
0.9932349261
0.9944884819
0.9949619017
0.9926369316
0.9924639392
0.9900585394
0.9892766565
0.9908681954
0.9919729783
0.9949673160
0.9982588637
0.9988574780
0.9978247162
0.9977147908
0.9977340665
0.9949010115
0.9896004999
0.9821292855
0.9767598770
0.9722155142
0.9689344434
0.9658527788
0.9748985650
0.9779553473
0.9729301214
0.9721230248
0.9769331058
0.9819743715
0.9880532849
0.9911614131
0.9914291612
0.9916199736
0.9912854424
0.9913554984
0.9948192631
0.9993909599
1.0011410589
1.0029958150
1.0019744957
0.9997791935
0.9945616475
0.9912058815
0.9891364295
0.9875555710
0.9840416662
0.9899203285
0.9944967086
0.9953620424
0.9950886194
0.9977644566
0.9988605724
0.9951449519
0.9917095050
0.9905626734
0.9885409927
0.9868044987
0.9859737509
0.9836496840
0.9816951342
0.9768866626
0.9759141418
0.9745763675
0.9694560177
0.9689123350
0.9737386005
0.9815707670
0.9870192828
0.9924926152
0.9962101470
0.9968920991
0.9933138437
0.9883616728
0.9855687829
0.9837258152
0.9821047279
0.9830156534
0.9854686236
0.9874880798
0.9890711576
0.9884254748
0.9914721159
0.9922023962
0.9940646878
0.9923183040
0.9921195252
0.9921705666
0.9883352481
0.9835320031
0.9806657097
0.9823248101
0.9853661036
0.9883601708
0.9936756746
0.9978037223
0.9989576096
1.0015722951
1.0014619563
1.0037925848
1.0030522334
1.0045278853
0.9998094808
1.0016684648
1.0007878910
1.0053007723
1.0028840600
0.9974774403
0.9986868168
1.0016848673
1.0060708953
1.0042740976
0.9988636305
0.9972865867
1.0000512676
1.0019907453
1.0000129198
0.9966962109
0.9934305237
0.9901285633
0.9866534338
0.9860687819
0.9901966900
0.9926898000
0.9986783107
1.0021766463
0.9977064826
0.9968471147
0.9989100255
0.9966396416
0.9916827796
0.9886757397
0.9869461885
0.9866458021
0.9901645056
0.9935343090
0.9925972836
0.9903348987
0.9875685522
0.9891892420
0.9867562506
0.9911139662
0.9935028663
0.9933780387
0.9926315900
0.9928106322
0.9946699365
0.9900598100
0.9846981938
0.9894017966
0.9906499381
0.9910703084
0.9949944634
0.9977396242
0.9970811225
0.9967874043
0.9990019368
1.0003124580
0.9999026073
1.0032691462
0.9994455123
0.9997337519
0.9977343178
0.9972357798
0.9990664473
0.9948272944
0.9908490056
0.9946773644
0.9948978412
0.9960477551
0.9955403134
0.9962405043
0.9968560016
0.9942183257
0.9918157037
0.9941732409
0.9999859590
1.0040655928
1.0033665276
1.0026132162
1.0012027332
1.0015396416
1.0006824382
0.9971253965
0.9977504499
0.9954138442
0.9979346942
