#flux
0.9629314553
0.9556514673
0.9609002075
0.9593472938
0.9365800707
0.9212821822
0.9373052241
0.9504240226
0.9562263717
0.9678947499
0.9860446016
1.0136738323
0.9926238983
0.9741175929
0.9779861810
0.9828936471
0.9873367766
0.9958265142
1.0027701680
0.9971362338
0.9819782004
0.9795923486
0.9856512286
0.9815477610
0.9744043456
0.9690574964
0.9520062616
0.9373681799
0.9416624099
0.9553261391
0.9651683185
0.9450405319
0.9405967613
0.9362838632
0.9555910259
0.9605846449
0.9644058794
0.9811421387
0.9874432634
0.9963193921
1.0088857357
1.0089865547
0.9979909072
0.9873581745
0.9761728845
0.9562890964
0.9304756758
0.9197860373
0.9413253863
0.9699325668
0.9566781422
0.9297137439
0.9353627926
0.9280507091
0.9173151907
0.9126145156
0.9281343046
0.9527869190
0.9515027791
0.9771182485
0.9846573026
0.9676242994
0.9609105092
0.9549619063
0.9301478319
0.9079942929
0.9102109176
0.9119643713
0.8826672193
0.8564558131
0.8635366865
0.8783075922
0.8700844389
0.8881778270
0.9081621720
0.9264142068
0.9562605387
0.9754447117
0.9763760618
0.9545821932
0.9286180483
0.9210629733
0.9272146979
0.9420571709
0.9656125173
0.9798753272
0.9667133074
0.9365899159
0.8980926589
0.8377805548
0.8208327650
0.8059343773
0.8278430905
0.8486990031
0.8751841758
0.9090230087
0.9232838657
0.9149282383
0.8869208891
0.8663217093
0.8699999682
0.8784457704
0.8640066194
0.8535583359
0.8799436976
0.9190809588
0.9319285631
0.9173334728
0.8997353346
0.8981277728
0.9112670706
0.9126847973
0.8918554509
0.9069845043
0.9117976391
0.8873835189
0.8891957735
0.9248007036
0.9456557257
0.9434772347
0.9334264903
0.9240362793
0.9153458809
0.9170796562
0.9249669212
0.9246254582
0.9253596267
0.9352519137
0.9314603951
0.9138588601
0.9147731774
0.9186403392
0.9273166761
0.9268282212
0.9138643379
0.9174805538
0.9263538203
0.9190439756
0.9305675641
0.9312421152
0.9192459687
0.9222640556
0.9261723804
0.9259645969
0.9231046245
0.9185479184
0.9250917993
0.9371034549
0.9343985779
0.9181706135
0.8893833958
0.9057860297
0.9145425648
0.9175486044
0.9214254485
0.9218181710
0.9169857716
0.8960219517
0.8518759434
0.8124065051
0.8018652158
0.8275993245
0.8472216165
0.8502080896
0.8548400096
0.8658859156
0.8778092450
0.8847214319
0.8794648925
0.8584036672
0.8361788180
0.8400762608
0.8552725854
0.8405643161
0.8168795381
0.7940383718
0.7898282769
0.8036499568
0.8121412599
0.8120033061
0.8201276384
0.8267180439
0.8479011102
0.8489218440
0.8341104425
0.8352808995
0.8326444310
0.8057331945
0.7846020946
0.7932846159
0.7972759085
0.7725022711
0.7708537008
0.7805601538
0.7416734191
0.7298649033
0.7330375870
0.7302772486
0.7177888434
0.6990616216
0.6864167797
0.6741110071
0.6268746646
0.5699377691
0.5191047331
0.4543490800
0.3798138070
0.3266149600
0.3007014771
0.2782336235
0.2584718394
0.2540131867
0.2443030631
0.2271192452
0.2202694357
0.2204584452
0.2588565220
0.2874617059
0.3045718518
0.3249118521
0.3543618309
0.3920216366
0.4340285081
0.4773174217
0.5194846800
0.5693642369
0.6207836814
0.6635301003
0.6992389583
0.7169031913
0.7271271629
0.7323173800
0.7222471889
0.7118168354
0.7341809056
0.7705104475
0.7850415635
0.8009486204
0.7892678238
0.7806427377
0.7773333394
0.7817574456
0.7877800858
0.7923407089
0.8078107900
0.8273457477
0.8391974922
0.8405669813
0.8317968391
0.8272355292
0.8367217260
0.8546195401
0.8538633075
0.8384800032
0.8413324910
0.8543819893
0.8405116060
0.8432027831
0.8519819961
0.8499608421
0.8421036587
0.8468861146
0.8519683917
0.8597848882
0.8722652776
0.8821157264
0.8904527160
0.8998321355
0.9004177673
0.8904183362
0.8942962214
0.9154237535
0.8980904845
0.9046977344
0.9210359321
0.9288090535
0.9225724909
0.9018056111
0.8748263069
0.8631720206
0.8907131319
0.9022205995
0.9078791440
0.9316085918
0.9316781448
0.9130970094
0.9197009548
0.9388921197
0.9353302607
0.9234979948
0.9231097300
0.9163400688
0.9089896321
0.8874502970
0.8880951339
0.9296264548
0.9350850662
0.9350388884
0.9464158646
0.9402051378
0.9226154082
0.9228729585
0.9346082177
0.9430152454
0.9496573151
0.9533712011
0.9396826518
0.9342898816
0.9406643422
0.9231097839
0.9168804571
0.9396199602
0.9549554942
0.9450785167
0.9328418663
0.9293657405
0.9310543199
0.8773784647
0.8206161117
0.7627440682
0.7305419058
0.7233682774
0.7624932877
0.8330582186
0.8809973554
0.8898283005
0.8955772469
0.9171583508
0.9398674762
0.9465258660
0.9317250524
0.9215956272
0.9387672498
0.9459401547
0.9444526750
0.9247755696
0.9159740376
0.9490274642
0.9612314873
0.9377283336
0.9216497809
0.9322382300
0.9422980715
0.9386262927
0.9399676056
0.9567996425
0.9547435265
0.9230222445
0.9018437375
0.9142346986
0.9385008357
0.9485724889
0.9450977370
0.9530518475
0.9432255408
0.9363279164
0.9643902924
0.9678230700
0.9629248162
0.9616291080
0.9618430283
0.9696764764
0.9846783092
0.9912957248
0.9864685669
0.9899363902
0.9687622270
0.9220307296
0.8998913408
0.9101243227
0.9275570288
0.9487319709
0.9634331199
0.9583762900
0.9582917472
0.9697884605
0.9317152333
0.8740369760
0.8580816428
0.8330255501
0.8217117648
0.8285219499
0.8440492645
0.8655624969
0.8970310155
0.9092719256
0.8469218985
0.7203926742
0.6306366238
0.6278440436
0.6494417508
0.6530205632
0.6714264256
0.7426194309
0.8620791530
0.9446843228
0.9785366549
0.9590617268
0.9391651410
0.9450422241
0.9385007460
0.9112968185
0.8934215180
0.8922172452
0.8900039825
0.8872716810
0.8926163474
0.9102767911
0.9344711518
0.9563350875
0.9795665514
1.0077421939
1.0138928346
0.9673856251
0.8992252720
0.8527754780
0.7828225979
0.7586180046
0.7752958884
0.7902526258
0.8504035471
0.9001499416
0.9476347366
0.9697306947
0.9752866276
0.9756555548
0.9705893756
0.9756716034
0.9968735209
1.0238953939
1.0262730019
0.9995466653
0.9901613482
0.9714708101
0.9715948451
0.9879920823
0.9897686118
0.9742349558
0.9602334827
0.9566374474
0.9674680183
0.9801771969
0.9680522673
0.9586795597
0.9602322959
0.9598761155
0.9661113506
0.9767929011
0.9658090389
0.9442095782
0.9482097881
0.9714432756
0.9884951356
1.0014608690
1.0165767978
1.0132525755
0.9819728600
0.9611536462
0.9890435505
0.9900583825
0.9734749740
0.9868464746
0.9636363321
0.9313815624
0.9366666491
0.9691672646
1.0038770101
1.0198180526
1.0065030176
0.9844424373
0.9748038378
0.9842657089
0.9992554300
0.9803603356
0.9704291834
0.9637401103
0.9746431178
0.9934816180
1.0036055670
1.0145616604
1.0225340146
1.0130558600
0.9982146407
1.0061014571
1.0243659644
1.0154592910
1.0215119476
1.0382956783
1.0489544270
1.0487374704
1.0388012148
1.0159253640
0.9823598717
0.9738898812
0.9825067216
0.9992469684
1.0177951149
1.0162927816
1.0103163221
1.0045046196
1.0003746367
0.9948271343
0.9919693109
0.9966913020
0.9891449993
0.9727173501
0.9494457795
0.9487668738
0.9738907273
0.9952229575
1.0071104038
1.0199897089
1.0146603404
0.9829063516
0.9706109157
0.9756554355
0.9444435052
0.9341858297
0.9399812935
0.9096725716
0.9050540191
0.9088515262
0.9204475248
0.9337159810
0.9498218807
0.9563142256
0.9494226696
0.9562568469
0.9753245508
0.9949104197
0.9931757545
0.9709140711
0.9598033307
0.9622023836
0.9728587812
0.9759959415
0.9739065211
0.9734371215
0.9974952822
1.0264539430
1.0321124956
1.0236313110
1.0079888072
0.9926202586
0.9843604190
0.9801484204
1.0000471119
1.0117277509
1.0126853930
1.0124717158
1.0115562959
1.0050689179
1.0024403994
1.0191648354
1.0176830764
0.9773313608
0.9538495529
0.9658334983
0.9548412746
0.9389231214
0.9440572931
0.9311598643
0.9312829533
0.9574696968
0.9671338089
0.9753909298
0.9712963062
0.9792178178
1.0093350017
1.0327079054
1.0328433136
1.0106109366
0.9745159970
0.9531261978
0.9525635346
0.9448393643
0.9621666922
0.9898487094
0.9988032785
0.9787114089
0.9412903576
0.9465814007
0.9917957973
1.0074623883
1.0014223348
0.9974697386
1.0030810930
1.0028957812
0.9894028150
0.9822267610
0.9856264147
0.9773329729
0.9661773722
0.9778072114
1.0062346326
1.0405706738
1.0253284068
0.9999665344
0.9801867899
0.9966637210
0.9998485549
0.9549563099
0.9300694447
0.8988971882
0.8516255151
0.8272884928
0.8290650977
0.8534909020
0.8938394353
0.9269016715
0.9523483438
0.9671152629
0.9688596614
0.9726427573
0.9833859146
0.9967874355
0.9845733693
0.9761297228
1.0008011532
1.0141244981
1.0168309713
1.0095363831
1.0072279575
1.0010412040
0.9688958436
0.9783814829
0.9669818497
0.9595497790
0.9696541822
0.9827539821
0.9804395870
0.9743597175
0.9950655005
1.0230813208
1.0093247982
0.9748297102
0.9647525570
0.9710319503
0.9920572455
1.0071644058
0.9999535112
0.9999982496
1.0047312114
1.0223632903
1.0143764217
1.0007537962
0.9872470119
0.9840624571
0.9880951992
1.0089543806
1.0131081755
1.0029798997
1.0035642920
1.0058879523
0.9989757253
0.9857540562
0.9869183960
0.9929442194
0.9969023837
1.0131121606
1.0135897511
1.0155572506
1.0101774618
0.9994150504
1.0224665497
1.0345495054
1.0147800968
1.0029977246
1.0035098864
1.0128112483
1.0204443424
1.0131045204
0.9878172859
0.9670801821
0.9753001398
1.0011811807
1.0230484793
1.0245079192
1.0042415881
0.9963579166
0.9862584017
0.9920148797
1.0103143747
1.0093648327
0.9949194207
0.9874724891
0.9875333819
0.9792087821
0.9662996295
0.9789505154
0.9969730913
1.0001240036
1.0000243195
1.0006748751
0.9990039857
1.0011623254
1.0008585001
0.9950091718
0.9920694647
0.9726113183
0.9927075342
0.9962723917
1.0130322761
1.0197716376
1.0110287592
1.0063332991
0.9687584110
0.9496979031
0.9224586915
0.8966791820
0.8981843442
0.9031225711
0.8677329428
0.7950913904
0.7248308206
0.6781536875
0.6657699742
0.7138442726
0.8045532802
0.8725260118
0.9270989327
0.9580530296
0.9563521170
0.9610930205
0.9715493039
0.9664620476
0.9735566361
0.9561102827
0.9110084993
0.8430811017
0.7719997319
0.7209091662
0.7032570624
0.7372629958
0.8264736291
0.9255357740
0.9804866548
0.9941653804
1.0034889747
1.0115778090
1.0081353202
1.0432475980
1.0181640519
0.9803545351
0.9691234889
0.9916007244
1.0087520748
1.0223036432
1.0154644605
1.0055142480
0.9925453933
0.9850987132
0.9820948738
0.9795974950
0.9821657799
0.9852524200
0.9875089748
1.0027923275
1.0233234987
1.0247685696
1.0226152635
1.0241771155
0.9789983212
0.9394547457
0.9570834061
0.9544372449
0.9609812220
0.9887626263
0.9989693733
1.0071343062
1.0139991967
1.0054719355
0.9919114833
1.0018707466
1.0252519084
1.0232086753
1.0018073511
0.9996691223
1.0147030585
1.0137695753
0.9951024681
0.9854375159
0.9945247349
1.0016101185
0.9961066699
1.0170958962
1.0196290745
0.9922001008
0.9889295168
0.9760100969
0.9427712652
0.9019009261
0.8624857348
0.8319864133
0.8312616573
0.8690140590
0.9172813098
0.9585787811
1.0041287871
1.0302760629
1.0324858158
1.0110954531
0.9903475471
0.9823235738
0.9592231398
0.9623520696
0.9628078134
0.9428423179
0.9317094299
0.9275209463
0.9203154492
0.9150506720
0.9153639801
0.9374205336
0.9632046582
0.9594839875
0.9434423224
0.9356043373
0.9262103578
0.9283519027
0.9437697739
0.9816612214
0.9972882647
1.0054222003
1.0150626071
1.0113437377
1.0114204729
1.0156510247
1.0063751518
0.9935490034
0.9990357457
1.0072112675
0.9925060783
0.9833025398
0.9958682701
1.0006032990
0.9968344639
1.0097374895
1.0182908849
1.0083561991
1.0213180911
1.0164852846
1.0126416804
1.0184746285
1.0043823309
1.0113346131
1.0311450135
1.0209590039
1.0194497856
1.0087324629
0.9971646968
0.9950647404
0.9941007856
0.9922833749
0.9898688943
0.9879783892
0.9850858926
0.9859883048
1.0026166030
1.0048106783
0.9954440905
1.0044175106
0.9965706661
1.0169380520
1.0169058320
1.0223245990
1.0082739056
0.9859296566
1.0076393201
1.0150750962
1.0242299262
1.0282113496
1.0191314592
1.0028699971
1.0039949515
1.0222628904
1.0219050534
0.9999593789
0.9962258735
1.0153586856
1.0233677205
1.0123921812
1.0071605756
1.0207816175
1.0278211006
1.0123271025
1.0096540562
1.0169649866
1.0143172448
1.0051531727
1.0000272950
1.0014405147
0.9889789694
0.9890846452
1.0182680917
1.0332470763
1.0087890937
0.9972564502
1.0274847935
1.0332007205
1.0070397468
0.9955996053
1.0021589966
1.0084383074
1.0040290738
0.9878497379
0.9739990845
0.9417244357
0.9153321626
0.8971861637
0.8687329686
0.8654144216
0.9116288193
0.9731042392
1.0092361373
1.0094486191
0.9941893448
0.9896892687
0.9967236737
0.9995312662
0.9913640655
0.9887337403
1.0089514426
0.9990861195
0.9874750127
0.9864237712
0.9676231127
0.9696340828
0.9478940502
0.9576433543
0.9529839532
0.9598357820
0.9669750295
0.9814828527
0.9868095267
0.9758187889
0.9838005988
1.0110879147
1.0105750271
0.9840690145
0.9745908949
0.9853334508
1.0108179418
1.0143178286
1.0054540098
1.0171867212
1.0012965366
0.9786675034
0.9673743869
0.9490808605
0.9250241330
0.9285455192
0.9547371701
0.9685144923
0.9632298934
0.9685513295
0.9781587383
0.9829894005
1.0000274769
1.0008074595
0.9740988053
0.9751180863
0.9704555076
0.9697706815
0.9526057414
0.9341446031
0.9284291300
0.9533255678
0.9417880267
0.9604312609
0.9715502762
0.9755830679
0.9862800979
0.9953939895
0.9825910338
0.9628377715
0.9747395249
1.0064862116
1.0141338439
1.0017599629
0.9909549683
0.9674253615
0.9156377353
0.8574952332
0.8231050747
0.7941961020
0.7681100052
0.8052004847
0.8935314523
0.9364926995
0.9359554941
0.9512371284
0.9634820691
0.9481641815
0.9220494609
0.9153168121
0.9340199891
0.9557865722
0.9654405098
0.9787729525
1.0082400942
1.0262731397
1.0081530070
1.0018853410
0.9649401674
0.9598748176
1.0131466755
1.0030184494
0.9925615474
1.0172166353
1.0109622790
1.0213895738
1.0117745859
0.9975911728
0.9961096020
0.9927140864
0.9848618338
0.9830366075
0.9966464596
1.0091902346
0.9863722516
0.9608256797
0.9699981732
0.9899550008
0.9954089841
0.9928190019
0.9982907509
1.0076676656
1.0128685732
1.0077559560
0.9961269240
0.9964818083
1.0011918392
1.0000850545
1.0008612776
0.9906584616
0.9783781220
0.9864859966
1.0014245210
1.0089492271
1.0171688415
1.0139589766
1.0078214623
1.0002821788
1.0030189236
1.0215945755
1.0168245031
1.0086253880
1.0090491837
1.0259161137
1.0120525220
1.0080334685
1.0070555278
0.9834559148
0.9773293544
0.9857246704
0.9795636625
0.9622550339
0.9515759788
0.9590549969
0.9668315170
0.9430305862
0.9358141658
0.9509019813
0.9285746652
0.9123412056
0.9497727522
0.9940998345
0.9880953140
0.9850482090
0.9850810659
1.0152651565
1.0279884133
1.0221597406
1.0123056461
1.0110532845
1.0107092302
1.0019570880
0.9936886233
0.9943846980
1.0013162283
1.0088006109
1.0031471673
0.9854330123
0.9733794076
0.9786031571
1.0129372861
1.0332355063
1.0105208263
1.0035544052
1.0041670004
1.0018671047
0.9929441223
0.9951167992
0.9956464604
0.9800002609
0.9800060838
1.0013023506
1.0099377644
0.9971314975
0.9850071308
0.9875988030
0.9975695401
1.0003685028
1.0180084076
0.9889549641
0.9858066902
0.9745810743
0.9992775973
1.0127226704
1.0228878288
1.0248451210
1.0226401536
1.0336486017
1.0434204774
1.0142700548
0.9720434136
0.9754853552
0.9948609971
0.9969738154
0.9994744100
0.9928504749
0.9817904835
0.9712116700
0.9854220458
1.0070862637
0.9734110195
0.9591471277
0.9244647983
0.9583950458
0.9947363374
0.9865072246
0.9800272414
0.9729407421
0.9774068729
0.9831771966
0.9939828718
1.0021443899
1.0146609995
1.0133202427
1.0018322989
1.0162992632
1.0129238614
1.0044536677
1.0183567614
1.0209525069
0.9888800772
0.9936020481
1.0281835400
0.9933494717
0.9781985835
0.9853777625
0.9885667375
0.9856864894
1.0028653870
1.0257043543
1.0264035653
1.0121038517
0.9945733529
0.9893683091
0.9969988266
0.9934612866
0.9920907236
1.0176275267
1.0270482659
1.0002290894
0.9970521485
1.0028063708
0.9896352406
0.9856624379
0.9826116167
0.9869404977
0.9868248037
1.0094398746
1.0271076008
1.0153944652
1.0034454199
0.9990068451
0.9940973503
0.9889037709
0.9857349172
0.9906352450
1.0046231125
1.0116470834
1.0110202747
1.0188029265
1.0100845288
0.9857490217
0.9859988005
0.9836019714
0.9902054899
1.0007220147
1.0046973123
1.0139519196
1.0088853544
1.0033257015
1.0060865675
1.0024704798
0.9931622849
0.9921266803
1.0051129192
1.0178721774
1.0100659136
0.9922973778
0.9895130683
0.9995453872
1.0057949299
0.9911311877
0.9856342954
1.0082206806
1.0225753455
1.0127943011
1.0005333784
1.0029115030
1.0256725199
1.0324990189
1.0170812826
0.9967548155
0.9815111659
0.9714869701
0.9695197535
0.9787736558
0.9937092743
1.0086808972
1.0189771354
1.0094026207
1.0130944917
1.0371670118
1.0211397650
0.9968826747
1.0035406895
1.0077261187
1.0024027244
0.9747172367
0.9666495958
1.0086899852
1.0103842653
0.9670062186
0.9505117219
0.9713656945
0.9971050569
1.0038869228
0.9903546033
0.9858199869
0.9970542242
1.0044393841
0.9986300266
0.9683818217
0.9338505540
0.9117163710
0.8922993307
0.9007353532
0.9265812872
0.9419625598
0.9638180928
0.9896431499
0.9872700065
0.9776764520
1.0039018526
1.0285846988
1.0186692058
1.0039008519
1.0012077575
0.9979972668
0.9971791698
1.0095303031
1.0318072936
1.0177405409
0.9928252186
0.9928090280
0.9985477163
0.9904138426
0.9769375512
0.9741701909
0.9877597729
1.0011887569
1.0102747299
1.0080293632
0.9990209846
0.9965695501
1.0071450924
1.0186228867
1.0235773801
1.0287806565
1.0180976826
0.9865813779
0.9950723219
1.0104839678
1.0045868379
0.9701634538
0.9319127780
0.8900567294
0.8544208384
0.8518048164
0.8894591531
0.9166075702
0.9347806697
0.9655815102
1.0045331060
1.0107405275
0.9880262485
0.9767197001
0.9763934924
0.9710205210
0.9799532487
1.0046972941
1.0175267014
1.0176408380
1.0038961732
0.9842840690
0.9750408995
0.9561456719
0.9549550804
0.9812789820
0.9812634063
1.0149225438
1.0245467634
1.0294767714
1.0414276760
1.0396759826
1.0241449787
0.9993389837
0.9880915100
0.9989509786
0.9963833839
0.9987042203
1.0088039607
0.9858141680
0.9848979993
0.9728406234
0.9946895067
1.0079651380
0.9591569722
0.9475785241
0.9589467696
0.9635776547
0.9736979528
1.0009022893
1.0004984025
0.9950282975
1.0027558616
1.0099089167
1.0089143187
1.0039475391
0.9986888034
0.9915168337
0.9897851819
0.9798040709
0.9766924188
0.9817408325
0.9965891214
0.9861572911
0.9758756122
0.9801434977
1.0038916550
1.0034249353
1.0163965513
1.0175564898
1.0072239739
0.9924895625
0.9850971237
0.9876847438
0.9886342806
0.9789944017
0.9640063203
0.9623309081
0.9820640924
0.9955113367
0.9840709474
0.9725401255
0.9748926136
0.9746700461
0.9610939313
0.9615925125
0.9635503920
0.9587932030
0.9608480679
0.9717976597
0.9913061159
1.0021154450
0.9988991006
0.9902298612
0.9788337252
0.9647899731
0.9565839724
0.9640121709
0.9730482224
0.9446089441
0.9031456589
0.8800239552
0.8837946225
0.8832493589
0.8825863434
0.8723446698
0.8220518017
0.7636508963
0.7398105484
0.7626253556
0.7939002207
0.8112892039
0.8333446114
0.8505687217
0.8461524478
0.8455262335
0.8760433995
0.9229388389
0.9512494334
0.9445029910
0.9467574760
0.9607151441
0.9655911378
0.9623376277
0.9743355019
0.9557612558
0.9498396425
0.9471531862
0.9375926005
0.9190904844
0.9027847605
0.8939620326
0.9186689084
0.9586995953
0.9883128196
0.9952240408
0.9842981932
0.9779819669
0.9697397226
0.9535900744
0.9348685572
0.9146868425
0.9303426919
0.9646131586
0.9772534297
0.9826198269
1.0005891885
1.0029416407
1.0195252501
1.0033822267
0.9920624945
0.9854610393
0.9749012667
0.9766195452
0.9842709894
0.9865201353
0.9940136266
0.9969070062
0.9762779761
0.9585191782
0.9508173220
0.9522368912
0.9675236886
0.9917671258
1.0068989205
1.0147037918
1.0283954443
1.0299384159
1.0397689681
1.0474060089
1.0422122105
1.0240844044
0.9925873812
0.9930383461
1.0112451968
1.0069403992
0.9976436816
0.9997380014
0.9918169226
0.9754905619
0.9722954034
0.9861866059
0.9772023011
0.9540811943
0.9759503475
0.9953348411
1.0072205766
0.9904846482
1.0040891256
0.9900867433
0.9969538976
1.0210188137
1.0093167416
0.9934474322
0.9875434668
0.9842269873
0.9890388014
0.9911892128
0.9896049871
1.0038924988
1.0113976351
0.9986115581
0.9826186283
0.9802728408
0.9512295898
0.8916606551
0.8612147420
0.8667463139
0.8687398011
0.8638914028
0.9040139554
0.9535275605
0.9774033213
0.9920858358
1.0031137903
1.0006088239
0.9975410011
1.0060723855
1.0079082189
0.9952341134
0.9888776447
0.9882238885
0.9965330275
1.0106173931
0.9983109747
0.9959236948
0.9956137265
0.9842134937
0.9834528656
1.0054160429
0.9988826093
0.9763127517
0.9685255806
0.9756781505
0.9925530615
0.9966941095
0.9911484395
0.9976239748
1.0082287755
1.0129153909
1.0165397525
1.0146624977
0.9913730623
0.9872276513
1.0002000569
1.0081755748
1.0180215850
1.0043729391
0.9999765270
1.0012776898
0.9994724167
0.9978843926
1.0123575215
1.0115355174
0.9806673885
0.9575877674
0.9606613599
0.9711476985
0.9835288189
0.9978762588
0.9994485422
0.9973652549
0.9974542658
0.9826437446
0.9833902333
0.9898074611
0.9751721669
0.9642377843
0.9317707292
0.8688922714
0.8077179400
0.7550940877
0.7111957035
0.7047507353
0.7478028069
0.8135353317
0.8798663080
0.9359253737
0.9686618597
0.9799281501
0.9826983240
0.9821750431
0.9864780134
0.9697085095
0.9525370032
0.9620362109
0.9820900944
0.9844087466
0.9824482545
0.9963218913
1.0010045645
0.9880637995
0.9684568787
0.9706856885
0.9958943333
1.0086476988
0.9911951656
0.9679079738
0.9614418557
0.9785065423
1.0133589326
1.0223968499
0.9971644964
0.9721699621
0.9771878652
0.9636167191
0.9540424657
1.0071456733
1.0217386282
1.0203662954
1.0025216179
1.0096588584
1.0122867965
1.0090359570
1.0135515838
1.0221452394
1.0214660532
1.0205006879
1.0323504276
1.0408685272
1.0275449331
1.0033331066
0.9840004042
0.9727804226
0.9708303291
0.9666317913
0.9324756002
0.9405115559
0.9519280571
0.9707060575
0.9858366804
0.9749556822
1.0009787177
1.0128809098
0.9979558190
0.9935505853
0.9930217418
0.9976928818
1.0122477359
1.0123215419
0.9909103863
0.9707594948
0.9814414739
0.9930938724
0.9754382893
0.9788266268
0.9815891009
0.9751104054
0.9559853362
0.9747898372
1.0130861351
1.0326959282
1.0234828088
1.0181027470
1.0240854155
1.0223378715
1.0239020784
1.0300791085
1.0267626351
1.0132287335
1.0031164008
1.0016770539
0.9857377083
0.9783185090
0.9913854920
0.9974602787
1.0211060088
1.0157780759
1.0040715787
0.9958939529
0.9977555406
0.9870143641
0.9894789985
1.0069567212
1.0079097249
1.0130048468
1.0043567728
0.9948427968
0.9933275861
0.9877920806
0.9896555115
0.9850067865
0.9640667781
0.9710945107
0.9898254688
0.9811200960
0.9770103406
0.9892225252
0.9857460736
0.9763170435
0.9991064893
1.0049312529
0.9934544145
1.0016254928
1.0120895542
1.0188928063
1.0027750771
0.9769771766
0.9723666310
0.9876433629
1.0028210099
1.0124375792
1.0224461978
1.0219829538
1.0001664923
1.0060474166
1.0110524345
1.0039233648
0.9999890148
0.9716415706
0.9886382006
1.0094101079
1.0158582828
1.0041497320
0.9752047515
0.9698489233
0.9670459647
0.9654060715
0.9856858320
1.0047186678
1.0010580925
0.9914850558
0.9949842152
1.0286649514
1.0396902581
1.0075262771
0.9790218214
0.9658820582
0.9996308852
1.0053325373
1.0114128588
1.0260511807
1.0144159625
1.0247594417
1.0398032220
1.0248884440
0.9989349915
1.0004823624
1.0121603600
1.0030184481
0.9785894337
0.9600787051
0.9584101994
0.9653494222
0.9853212307
1.0106879899
1.0105348951
0.9744255477
0.9595984736
0.9763507864
0.9932527730
1.0313986668
1.0296298600
1.0260326484
1.0201497817
1.0121023363
1.0067570325
1.0071985590
1.0117978696
1.0092785858
1.0057106524
0.9990888228
0.9758165107
0.9796242471
1.0107272933
1.0109791550
0.9877205875
0.9753265089
0.9939815911
1.0153606463
0.9936774422
0.9748411209
0.9490668479
0.9284855393
0.9314791264
0.9686472393
0.9808345707
0.9818990299
0.9804890615
0.9790221580
0.9822412315
0.9836745994
0.9924214734
1.0004757150
0.9839402119
0.9798886228
1.0162699931
1.0243261005
1.0124406137
0.9967319564
1.0019020141
1.0207184084
1.0081690932
1.0060999376
1.0131764452
1.0050771042
1.0010417879
0.9918788167
0.9766794158
0.9605080777
0.9615850956
0.9811150302
0.9923833749
1.0049896389
1.0249041601
1.0245047738
1.0016515576
0.9779607012
0.9893941791
1.0039329515
1.0031964516
0.9727940130
0.9734998889
0.9880661184
0.9984567092
1.0018879695
1.0044104974
1.0150497557
1.0094850036
1.0112002449
1.0245381012
1.0170791222
1.0026012794
1.0044418989
1.0062971454
0.9889739302
0.9873915506
1.0056516109
1.0242837787
1.0145244242
0.9945643840
0.9940283127
0.9944656979
0.9895900925
0.9970316177
1.0168047941
1.0467846435
1.0464858347
1.0250492587
0.9988734585
0.9801954768
0.9846079727
1.0016737567
1.0142905988
1.0270315785
1.0312400714
1.0228664362
1.0070054171
0.9913225137
0.9942138765
0.9987490898
0.9954709081
0.9983619648
1.0108525369
1.0203330171
1.0057254086
0.9873278984
0.9704075810
0.9824187745
0.9915083539
0.9803408759
0.9695611403
0.9507390240
0.9204482825
0.9149040304
0.9417949244
0.9668438433
0.9810371648
0.9851265091
0.9619932930
0.9963821915
1.0515135025
1.0760284573
1.0484743585
1.0371292816
1.0145548642
0.9909690064
0.9703429870
0.9684344980
0.9809654983
0.9813017873
0.9846213196
1.0022448778
1.0076899075
0.9957201929
0.9750218539
0.9936130755
1.0129463604
0.9902061721
0.9742049321
0.9710758658
0.9716714883
0.9739198797
0.9986205741
0.9756686291
0.9531978758
0.9489229045
0.9172272607
0.8488030480
0.7940443514
0.7593705336
0.7251192941
0.7115592940
0.7391721468
0.7920453923
0.8622666988
0.9405467634
0.9691941520
0.9715424689
1.0104316940
1.0182293443
1.0004023776
0.9781906034
0.9732307555
0.9830418190
0.9735764231
0.9722104808
0.9895998276
1.0069796773
1.0057186857
1.0093063720
1.0208907641
1.0139388416
0.9892463902
0.9695401253
0.9621395849
0.9571112944
0.9542636272
0.9684487445
0.9788893150
0.9890473870
0.9765735460
0.9502022942
0.9620974905
0.9842791468
0.9645177357
0.9686776126
0.9828051075
0.9920284934
0.9890178108
0.9941489078
1.0064371092
0.9944964117
0.9719637806
0.9619397544
0.9544351900
0.9827357967
1.0027031657
1.0188112942
1.0294054488
1.0106690211
0.9863368789
0.9741617192
0.9946877215
0.9821925282
0.9704274353
0.9762201144
0.9870826028
1.0097375012
1.0013898098
0.9678437891
0.9397239624
0.9409796040
0.9648779798
0.9886390065
1.0059572384
0.9898498937
0.9542140677
0.9336087898
0.9434725352
0.9301345556
0.9399162336
0.9297462174
0.9415745470
0.9488320809
0.9590243922
0.9746249707
0.9802287899
0.9940236485
0.9995871188
0.9921544154
0.9895421584
0.9914831592
0.9934977478
0.9908160436
0.9703779193
0.9567965335
0.9712148018
0.9611813638
0.9779516211
0.9953890139
0.9729745380
0.9715389112
0.9653742472
0.9720645637
0.9724090947
0.9626223132
0.9524794561
0.9617222290
0.9676233884
0.9716705748
0.9618958717
0.9560926596
0.9751783589
0.9918535319
0.9892069342
0.9824095155
0.9767673898
0.9857001684
0.9979671517
1.0143807979
1.0307341867
1.0234761814
1.0224798051
1.0164364150
1.0094218004
0.9836572845
0.9762286216
0.9773840649
1.0015431500
1.0059161822
1.0091912907
0.9994851557
0.9838494693
0.9868103272
0.9946349439
1.0147821168
1.0172235236
1.0024065139
0.9872475568
1.0097209633
1.0101227572
1.0013677619
1.0021779391
0.9896235555
0.9961439118
1.0053310824
0.9982131009
0.9841200939
0.9723942865
0.9721848444
0.9728513810
0.9659901436
0.9643673358
0.9713494026
0.9769678071
0.9819194690
0.9874035428
0.9965436412
1.0011208219
1.0051355789
1.0087365271
0.9914191772
0.9841017867
0.9959273575
0.9854241985
0.9904771792
1.0207852359
1.0124271463
0.9845140658
0.9813961012
0.9948144596
1.0091083447
1.0182468673
1.0148924221
1.0064896149
1.0034138260
0.9990640375
1.0062374498
1.0281997963
1.0232905715
0.9865289678
0.9933107168
0.9953217560
0.9716670403
0.9631127830
0.9537888116
0.9702557828
0.9955507115
1.0097216347
1.0063466012
0.9994465782
1.0022285772
0.9884512679
0.9632092392
0.9544905070
0.9665711456
0.9992270515
1.0052381458
0.9838555868
0.9841485679
1.0065018624
1.0257361248
1.0231212554
1.0085169754
1.0272891988
