#flux
0.9669030953
0.9779293009
0.9926369567
1.0049272013
1.0110488977
1.0098056145
1.0010106104
0.9734938663
0.9439286766
0.9388321650
0.9523139076
0.9696073629
0.9888869509
0.9715380248
0.9619494791
0.9550015538
0.9442017158
0.9430985290
0.9504975798
0.9529819176
0.9539094151
0.9459474017
0.9615140732
0.9801991389
0.9938523802
1.0102491579
1.0046174092
0.9658424921
0.9368054544
0.9551380178
0.9851294386
0.9821661254
0.9539454183
0.9651928362
0.9735070863
0.9553299510
0.9400311632
0.9411823098
0.9413317998
0.9327540387
0.9351419769
0.9421426452
0.9468774705
0.9499113409
0.9476343236
0.9464589126
0.9572314169
0.9704769359
0.9693996287
0.9642787987
0.9721384685
0.9719277196
0.9726875765
0.9632739672
0.9137219732
0.9134642075
0.9324862689
0.9277910597
0.9578883263
0.9676340057
0.9623244904
0.9531246728
0.9524624926
0.9550839921
0.9467664075
0.9328556255
0.9282685256
0.9301072273
0.9279980457
0.9294305157
0.9413525271
0.9409973990
0.9202590620
0.9179456585
0.9207734885
0.9292543523
0.9417076348
0.9500678057
0.9573867286
0.9556901730
0.9622988091
0.9665723555
0.9659189381
0.9627354977
0.9488461588
0.9279116576
0.9112488053
0.8984663293
0.8883297248
0.8877694104
0.8975302080
0.9027096069
0.8812973344
0.8908679529
0.8828819855
0.8668032264
0.8714303801
0.8842184177
0.8978197274
0.9138977548
0.9100349554
0.9097345420
0.9024129274
0.9047548467
0.9096735743
0.9110969920
0.9131280755
0.9126200466
0.9066664098
0.8964421994
0.8812440823
0.8711256406
0.8752083439
0.8792183926
0.8822706950
0.8990703531
0.8937340147
0.8847949214
0.9045808443
0.9011765714
0.8915523241
0.8921991941
0.9083312358
0.9226615864
0.9163885245
0.9073301532
0.9044825468
0.8984556296
0.8969367631
0.9112628004
0.9238071551
0.9175330116
0.9022774584
0.8767212083
0.8868621665
0.8945714314
0.9059124089
0.9093884996
0.8832586351
0.8618296622
0.8760450004
0.8892524133
0.8905021868
0.8710043403
0.8669235122
0.8704526289
0.8503893835
0.8143625072
0.7958258589
0.8066112528
0.8322179396
0.8610098044
0.8859172728
0.8872496172
0.8666249079
0.8317362504
0.8330810529
0.8228068044
0.7981094450
0.7986198284
0.8080357091
0.7997852449
0.8027191693
0.8082054307
0.8112190646
0.8146393727
0.8193486455
0.8136172676
0.8068638084
0.8118065610
0.8117533174
0.8017462707
0.7990856171
0.7971744769
0.8000456261
0.8011029600
0.7964659473
0.8058159301
0.7578870868
0.7282664416
0.7333354585
0.7392234833
0.7440111175
0.7315470010
0.7298239036
0.7223665568
0.7072376289
0.6814924436
0.6593165643
0.6516929427
0.6472766922
0.6448933521
0.6497889160
0.6577355275
0.6603847644
0.6542859922
0.6474561421
0.6204700624
0.5940472899
0.5676263087
0.5589181727
0.5501639633
0.5251980075
0.4938141988
0.4632666117
0.4238613868
0.3789254822
0.3298328663
0.2817371360
0.2492846616
0.2331787347
0.2184141210
0.2034410760
0.1981322441
0.1989938880
0.2030195315
0.2210753947
0.2388910881
0.2382306038
0.2415628913
0.2716503845
0.3157078259
0.3330426599
0.3575964759
0.4147466400
0.4799647835
0.5273240284
0.5637727019
0.5979291347
0.6217209618
0.6412309200
0.6650076533
0.6808060174
0.6912486859
0.7085871211
0.7191786057
0.7112519531
0.6951543017
0.6911538490
0.7053579147
0.7128518923
0.7171553705
0.7226593979
0.7551826445
0.7614827240
0.7452174337
0.7387891850
0.7431506703
0.7557788071
0.7820248460
0.8002727119
0.8006924117
0.7978779344
0.7965836478
0.8103346756
0.8097105198
0.8065408506
0.8153698079
0.8130478495
0.8004959953
0.7938346694
0.8057360944
0.8413151294
0.8405790245
0.8400451747
0.8296313817
0.8370389133
0.8516667825
0.8481992105
0.8320422381
0.8216432828
0.8228724627
0.8329794896
0.8472278932
0.8563220400
0.8523424934
0.8424880741
0.8433227894
0.8317858879
0.8712204071
0.8782918331
0.8683757977
0.8645149865
0.8628952610
0.8601343337
0.8551990480
0.8695310521
0.8845162784
0.9062511988
0.9128542438
0.8905400700
0.8683139773
0.8654063871
0.8669798028
0.8592090664
0.8470839449
0.8452449181
0.8574227426
0.8774567647
0.9070542713
0.8834267284
0.8836903414
0.8614285853
0.8754776326
0.8902540514
0.8755082781
0.8836196849
0.9244460294
0.9458366392
0.9301408732
0.8953348763
0.8843318577
0.9078788780
0.9367434413
0.9421046324
0.9133030216
0.9109429420
0.9073846966
0.8682426139
0.8361463340
0.8484489509
0.8750801410
0.8924524076
0.9050826216
0.8931105438
0.9070323228
0.9225893940
0.9160849681
0.9159523337
0.9229348350
0.9265052765
0.9210450625
0.9057276603
0.8949328818
0.9019832017
0.9166056822
0.9160402243
0.8885165292
0.8962352044
0.9269884546
0.9288530580
0.9267937173
0.9183437814
0.9385679002
0.9602480581
0.9415228689
0.9205295010
0.9295322243
0.9364067671
0.9458881999
0.9556654813
0.9432685527
0.9215286275
0.9152312004
0.9247479933
0.9415871788
0.9476467539
0.9369460765
0.9243193304
0.9350985789
0.9648916258
0.9533285789
0.9411239350
0.9390425782
0.9536833481
0.9589661051
0.9462898249
0.9371356460
0.9270637281
0.9161041268
0.9264680449
0.9505504455
0.9515960688
0.9417829748
0.9471959921
0.9448646479
0.9301298773
0.9347625808
0.9608637274
0.9553914376
0.9619215764
0.9609622421
0.9670834125
0.9963481084
1.0079452142
0.9776928257
0.9354529359
0.9244276965
0.9198382115
0.9431160211
0.9696624596
0.9858936601
0.9979984796
1.0063150823
0.9999579443
0.9807980134
0.9735762467
0.9812468751
0.9888588241
0.9927399095
0.9795943560
0.9625183996
0.9694459332
0.9542118277
0.9507631865
0.9422114762
0.9448238241
0.9592724464
0.9546730086
0.9393457532
0.9480849095
0.9698974369
0.9630793991
0.9432130370
0.9514873581
0.9556422100
0.9325020949
0.9414521590
0.9534508681
0.9276636782
0.9251534466
0.9395044484
0.9584592915
0.9617961379
0.9500818618
0.9440476578
0.9401996928
0.9450665592
0.9613961806
0.9864769856
0.9736802823
0.9594405281
0.9623444352
0.9799362103
0.9912375737
0.9872431740
0.9877113409
0.9850583233
0.9724035617
0.9659501620
0.9680940026
0.9738506377
0.9877268128
0.9942857194
0.9793557994
0.9728707813
0.9824686181
0.9961048456
0.9970083996
0.9936925571
0.9895794551
0.9835319182
0.9824847803
0.9904299818
0.9940643921
0.9843697055
0.9828718341
0.9922202983
0.9805305984
0.9736276738
0.9741725719
0.9760935278
0.9850229312
1.0089858378
1.0274026773
1.0120098262
1.0013910333
0.9972972136
0.9653364980
0.9531298163
0.9782821245
0.9677638808
0.9505997492
0.9657039991
0.9868820894
0.9945113994
0.9829431931
0.9517415435
0.9319512019
0.9394813914
0.9778983981
1.0118248827
0.9977517575
0.9821141005
1.0166839725
1.0041527360
0.9859091351
0.9694040344
1.0007870893
1.0042337110
0.9945276729
0.9885012483
0.9915661080
0.9950399922
0.9890538382
0.9804356551
0.9789446951
0.9813473448
0.9869940349
0.9981526766
0.9937666414
0.9733867946
0.9944214771
1.0128962322
1.0500919860
1.0066053849
0.9774862474
0.9733871447
0.9803842281
0.9972309888
0.9997054612
0.9939582577
1.0000637340
1.0013305188
0.9893605040
0.9834995938
0.9890833239
0.9983029214
1.0032871262
0.9923219048
0.9794264851
0.9732935871
0.9659931294
0.9594306284
0.9718245039
1.0034596109
1.0129821980
1.0158134952
1.0232488478
1.0023882084
0.9833770718
0.9781563805
0.9716318991
0.9709172869
0.9801708837
0.9820337512
0.9770548396
0.9863911140
0.9983575847
0.9812008947
0.9575250685
0.9689641454
0.9866875567
0.9777937208
0.9733983437
0.9777465381
0.9692973185
1.0063252965
1.0142859046
1.0110550501
0.9888586822
0.9716956818
0.9603879275
0.9909311983
1.0260585607
1.0169942430
0.9910406340
0.9954253268
1.0137413257
1.0019934992
0.9755184239
0.9793028957
0.9931523630
0.9900424393
1.0136465739
1.0013960649
0.9930271496
0.9924926662
1.0078949841
1.0009226027
0.9739754235
0.9759966335
0.9969136917
1.0044433358
0.9926778147
0.9829311321
0.9846458404
0.9887512839
0.9941102279
0.9954624835
0.9834256559
0.9789384454
0.9863894389
1.0013017608
1.0066355024
1.0058423805
0.9965303220
0.9983565711
1.0007770280
0.9890589270
0.9871481782
0.9892475815
0.9842921499
0.9900376946
1.0040304994
1.0020641232
0.9908541958
0.9733627046
0.9528328580
0.9501163075
0.9671773616
0.9895840416
1.0062495261
0.9979604536
0.9819591013
0.9755930291
0.9888087472
0.9856309910
0.9893838139
1.0058154286
1.0031134791
0.9887301866
0.9881433907
0.9950179845
0.9966522187
0.9925181685
0.9913408806
0.9927179110
0.9880462974
0.9887335608
0.9909146804
0.9700791860
0.9637161255
0.9868069664
1.0040176653
1.0014637409
0.9860450608
0.9758259367
0.9777527955
0.9753843911
0.9740353483
0.9836491293
0.9875491009
0.9907290860
0.9789350535
0.9708603738
0.9726895084
0.9828549913
0.9854327002
0.9891206680
1.0080019652
1.0170934225
1.0163426380
1.0229399251
1.0305758204
1.0244775940
1.0107077864
1.0016409649
1.0076089202
1.0096628533
0.9893986697
0.9944891115
0.9988018228
1.0113388814
1.0146439681
1.0149963768
1.0122664989
1.0055760899
1.0062493140
1.0128220540
1.0058437848
0.9868382454
0.9784370253
0.9757736964
0.9704232781
0.9906071690
1.0179873028
1.0013546623
0.9839356481
1.0062411847
1.0138956212
1.0164085067
0.9998047102
1.0055178718
1.0068989628
0.9926439481
1.0005416992
1.0107538301
0.9888535082
0.9578557105
0.9508616275
0.9611811844
0.9750067928
0.9888515311
0.9901712492
0.9921620528
1.0081944715
1.0077847451
0.9792057279
0.9572234423
0.9656750361
0.9960352115
0.9998817723
0.9991482816
1.0034334563
0.9996976657
0.9964414458
1.0016556342
0.9941948501
0.9903706235
1.0087374625
1.0271936460
1.0236346509
1.0012822849
0.9920454631
1.0009897182
0.9898533952
0.9758890657
1.0093171994
1.0370993928
1.0118197855
0.9716390203
0.9257065065
0.8981424901
0.8754019381
0.8583895894
0.8627695492
0.8829778757
0.8999808660
0.9369190005
0.9678501599
0.9713508479
0.9786853875
0.9872157268
0.9994583374
1.0115491454
1.0127646627
1.0050966708
0.9815593968
0.9514017535
0.9475185543
0.9575140808
0.9627357633
0.9411339735
0.9277857923
0.9508799147
0.9656543264
0.9849182540
1.0138593579
1.0277356232
1.0177469931
1.0100140116
1.0213628631
1.0250420871
1.0051588139
0.9945351508
0.9934953749
1.0012254755
1.0256144859
1.0346008112
0.9986961594
0.9730875274
0.9846660311
0.9873165452
0.9881101547
0.9861215877
0.9998373088
1.0068671395
0.9910613295
0.9954733295
1.0082668590
1.0047295523
1.0009843784
0.9972529553
0.9940940104
1.0111957065
1.0230062445
1.0312644466
1.0378854110
1.0245488676
1.0132735019
1.0152446107
1.0066952811
1.0163744166
1.0240666706
1.0010106719
0.9955895085
1.0015060386
1.0161048082
1.0237014557
1.0420882341
1.0568576074
1.0513551975
1.0372067032
1.0195628573
1.0170726693
1.0194816075
1.0156703313
1.0037059957
0.9973273757
0.9748706473
0.9766677565
0.9811078547
0.9476409759
0.9399277899
0.9655434980
0.9893552660
0.9903837197
0.9886177492
0.9919366093
0.9910424364
1.0127139991
1.0402631779
1.0356277950
1.0111804502
0.9790179664
0.9663058937
0.9933813258
0.9802809474
0.9718741821
0.9912087575
1.0104159094
1.0353802792
1.0194726683
0.9827569286
0.9681936225
0.9872540082
1.0039603196
1.0071720564
1.0103375931
1.0210920819
1.0251472723
1.0211590364
1.0174951919
1.0116984540
1.0067179627
1.0057600855
1.0004735120
1.0075646054
1.0146018814
1.0056565829
1.0086618404
1.0200792198
1.0033477962
0.9941825675
1.0158373002
1.0301216940
1.0365916911
1.0253879926
1.0131555850
1.0093045407
1.0033534699
1.0034143158
1.0118092442
1.0149724030
1.0104496355
1.0043254406
1.0045576353
1.0049955474
1.0135791627
1.0415489049
1.0547028888
1.0398246536
1.0213080289
0.9984684104
0.9959606544
1.0077098575
0.9932063362
0.9909474232
1.0011848353
1.0098687278
1.0152558546
1.0001155037
0.9921173056
0.9919541818
0.9917286691
1.0304025237
1.0539395555
1.0333227623
1.0295734482
1.0207846723
0.9905350698
0.9565298280
0.9814780710
1.0116686315
0.9943607961
0.9840607062
0.9992869305
1.0171343895
1.0255380034
1.0222565721
1.0215688804
1.0267308562
1.0276666875
1.0305546132
1.0346627520
1.0195323822
0.9977564583
0.9991752517
1.0071820865
1.0056342957
0.9846867683
0.9835119844
1.0032786300
1.0211582034
1.0201524592
0.9920416777
0.9918935472
0.9777932166
0.9603976235
0.9651801492
0.9891656789
1.0102887278
1.0160040878
1.0208129173
1.0360554509
1.0342865367
0.9979336582
0.9672568701
0.9666508402
0.9856327546
0.9716009142
0.9644715963
0.9742178920
0.9805559498
1.0071047460
1.0163414652
0.9953271711
0.9887361797
1.0077726745
1.0231706552
1.0138060837
0.9968517824
0.9866543870
0.9781559849
0.9711447369
0.9716124405
0.9819778562
0.9959592777
0.9970460697
1.0015369628
1.0033474584
1.0053677093
1.0252801337
1.0377445180
1.0074028543
0.9975294173
0.9986857422
0.9876325888
1.0021043328
0.9942529355
0.9653883833
0.9672090446
0.9911958138
0.9965020059
0.9839658076
0.9875706056
1.0075941282
1.0082595919
0.9929780681
0.9904613437
0.9926446529
1.0029201919
1.0186912137
1.0150282799
1.0158382830
1.0112468674
0.9906223438
1.0053640870
1.0339728826
1.0333564837
1.0259466794
1.0251389873
1.0202214819
1.0176676858
1.0223003563
1.0231954441
1.0165744256
1.0131349354
1.0238440965
1.0365025516
1.0143618132
0.9893314631
0.9992783572
0.9965620570
0.9790981587
0.9596290400
0.9611876682
0.9825003258
0.9858763404
0.9954626227
1.0343697145
1.0548067317
1.0234580365
0.9848106276
0.9799450163
0.9930767269
0.9988192136
0.9956115548
0.9953012703
1.0072772662
1.0127585341
1.0196193215
1.0237250871
1.0077284207
0.9893041064
0.9931187141
1.0058379193
1.0018084533
0.9931521828
0.9992629532
1.0036333755
1.0012566596
1.0078332192
1.0155187294
1.0194309346
1.0166397064
0.9931927370
0.9568855555
0.9415438076
0.9629920036
1.0037854953
1.0102144988
0.9904922851
1.0068009131
1.0280592446
1.0370136911
1.0399499683
1.0574439522
1.0310574374
0.9917024153
0.9882594601
0.9905379386
0.9949975454
1.0050946524
1.0171046097
1.0113409490
0.9902183188
0.9913026055
1.0094537668
1.0039667596
0.9985584602
0.9961381190
0.9767946904
0.9721308275
0.9734880174
0.9598708157
0.9794508066
0.9924165337
0.9884031998
0.9809035652
0.9887827397
0.9849871016
1.0039534184
1.0230300881
1.0068312605
0.9867785127
0.9880201536
0.9963326361
0.9969829499
0.9934396951
1.0058599271
1.0208697137
1.0096086924
0.9974542948
1.0009726148
1.0160431020
1.0095194730
0.9851482720
0.9914098403
1.0118018205
1.0271374743
1.0176805320
1.0053254891
0.9958172075
0.9924144150
0.9937828622
0.9971741558
0.9950282687
0.9911509070
0.9983890439
1.0102816719
1.0169470740
1.0045446601
0.9871973733
0.9798683000
0.9696869597
0.9650819863
0.9681467935
0.9804795681
1.0001441078
0.9936632286
1.0026091305
1.0052532948
1.0214751187
1.0233993982
1.0188878038
1.0106596274
1.0103933156
1.0259052321
1.0337238527
1.0309099843
1.0256960298
1.0177034544
1.0278660411
1.0139458799
1.0144124327
1.0155239348
1.0165372749
1.0227087663
1.0163174529
1.0189162725
1.0222667282
1.0262407878
1.0228460411
1.0155670194
1.0229600965
1.0216941553
1.0073415602
1.0057026697
1.0133225650
1.0172746214
1.0182603002
1.0024782498
1.0002006299
1.0300991565
1.0145482196
1.0060219746
0.9955662180
1.0012902416
0.9809724342
0.9733195712
0.9951773403
1.0031817862
0.9955499447
1.0037672859
1.0150947732
1.0107475003
1.0083439553
1.0029813536
0.9949677600
1.0019707660
1.0119766502
1.0247588285
1.0196570180
0.9990445125
0.9966181033
0.9894892524
0.9929356906
1.0103034990
1.0209760567
1.0110737979
1.0083643442
0.9876708695
0.9835497376
1.0087640863
1.0224476794
1.0183615260
1.0179352332
1.0213440394
1.0237556597
1.0237155083
1.0163007755
1.0087186073
1.0025928404
1.0030110927
1.0187263882
1.0027526702
0.9846510421
0.9997194647
1.0076979890
1.0050289839
1.0219534080
1.0347825054
1.0389762163
1.0401610003
1.0297739513
1.0225392456
1.0162860994
1.0090354259
1.0066168693
1.0075708211
1.0081577366
1.0013441715
0.9829055695
0.9797349351
1.0051514577
1.0175630811
1.0053236177
0.9972845684
1.0083221276
0.9976667895
0.9791630232
0.9858978937
1.0052523552
1.0250848331
1.0296702842
1.0190060674
1.0040225485
0.9971047949
0.9987449614
1.0039701267
1.0093256563
1.0065252278
0.9954815451
0.9920502416
0.9921172569
0.9929367817
1.0049670283
1.0069468956
1.0140622300
1.0196349019
0.9994327065
0.9947345538
1.0024676991
0.9959352395
0.9862314490
0.9835489367
0.9888201801
1.0075669172
1.0299097255
1.0428958048
1.0497968717
1.0467258540
1.0309858986
1.0259688098
1.0163679554
0.9914728638
0.9911396231
1.0051675719
1.0063675923
0.9896592558
0.9901530149
1.0192711119
1.0166313789
1.0093985582
1.0121234686
1.0212926099
1.0265797685
1.0151501555
1.0057503467
1.0040719143
0.9935927601
0.9893420536
1.0111016526
1.0318684544
1.0345328577
1.0298802955
1.0255505468
1.0136421283
0.9976449129
1.0121363223
1.0454238176
1.0396371111
1.0255370118
1.0012586638
0.9855881852
1.0007708901
1.0179958553
1.0144123933
0.9986439194
0.9902283273
0.9936145094
1.0062613541
1.0189709517
1.0153505969
1.0111341890
1.0194757353
1.0196436058
1.0124322965
1.0187683484
1.0263827456
1.0100685568
1.0034223564
0.9977839909
0.9903513368
0.9955498729
1.0103044878
1.0195490261
0.9953884825
0.9733668148
0.9845672470
1.0100898712
1.0240609916
1.0289808023
1.0317906328
1.0262420093
1.0317505817
1.0355707182
1.0067529122
0.9641477342
0.9665232063
0.9789479579
1.0088235179
1.0159632981
1.0165385512
1.0224629652
1.0299383124
1.0124004848
1.0156822580
0.9938447180
0.9748060337
0.9784759503
0.9785973647
0.9773487328
0.9843762724
0.9971187985
1.0063170330
1.0277269208
1.0162555624
0.9951838030
1.0050155677
1.0052651882
1.0023882258
0.9972616852
0.9868295103
1.0193233431
1.0181841970
1.0061713709
1.0078996335
1.0081923077
1.0049516004
1.0110680020
1.0204129973
1.0112955947
0.9890090454
0.9809499942
0.9890855598
0.9941163277
0.9570903657
0.9761060378
0.9886170384
1.0133449116
1.0129948376
1.0023840311
1.0131894796
1.0261844061
1.0341329797
1.0245134453
0.9867574837
0.9791464741
0.9948955236
1.0192426213
1.0351977902
1.0265932038
1.0154335513
1.0194244582
1.0262806313
1.0357744474
1.0272658032
1.0216911785
1.0232059970
1.0195297759
1.0099889124
1.0204772044
1.0072079986
0.9880524799
0.9897899423
1.0170453911
1.0214499518
1.0039127385
1.0039087678
1.0231495658
1.0363341999
1.0259409746
1.0131386026
1.0129986270
1.0053634393
1.0093272357
1.0210133650
1.0087930854
0.9651601620
0.9923377664
1.0131588584
1.0343740725
1.0560308206
1.0317161387
1.0107369201
0.9909273681
0.9943611679
1.0109922031
1.0103834141
1.0080719184
1.0071049923
1.0176582904
1.0236711543
1.0041865372
0.9939334535
1.0023077233
1.0080990098
1.0008728953
1.0285871604
1.0322309505
0.9651912033
0.9596175633
1.0059731312
1.0016054453
1.0124646257
1.0152895496
1.0112920109
0.9991277690
0.9726819319
0.9479368058
0.9470231179
0.9520570052
0.9398211166
0.9343376660
0.9538672847
0.9673073574
0.9673535873
0.9695895814
0.9600153220
0.9795955400
0.9985403862
1.0132849703
1.0024509343
0.9939727380
0.9998497595
1.0079602790
0.9983693860
1.0114336139
1.0158556603
1.0275315016
1.0405966054
1.0223074457
0.9920805985
0.9749405789
0.9611668030
0.9592415910
0.9774161946
0.9853337271
0.9682236701
0.9736935188
0.9975509746
1.0188721929
1.0173967301
1.0111456236
0.9924825351
0.9907667460
0.9921870595
0.9906642481
0.9892481865
0.9871689896
0.9726177941
0.9623068502
0.9727604147
0.9879650921
0.9971199549
0.9945727550
0.9711950225
0.9675249838
0.9934248923
1.0173552470
1.0390376522
1.0037970238
0.9837769448
1.0129117773
0.9745920343
0.9618245299
0.9714273219
0.9698981163
0.9801955694
0.9825118911
0.9871683649
1.0019142720
1.0181028869
1.0200448265
1.0117805051
1.0141344416
1.0197985723
1.0068287113
0.9986389942
1.0253988240
1.0142611240
1.0082982114
1.0156163400
1.0059958306
1.0068116670
1.0186419109
1.0262692000
1.0313768386
1.0294276724
1.0060130311
0.9895233660
0.9845678376
1.0073593052
1.0209521895
0.9913943747
0.9607995597
0.9607961499
0.9717216007
0.9781098763
0.9755591880
0.9683838259
0.9629112801
0.9466969895
0.9849713184
0.9743255961
1.0049577635
0.9998078046
1.0185014632
1.0224350870
0.9952928379
0.9887908183
1.0047644953
1.0125290323
1.0123347644
1.0015465741
0.9922479839
0.9954436979
0.9900968979
0.9968555286
1.0101773746
1.0096872407
1.0031566372
1.0166431184
1.0283476809
1.0346277694
1.0198687152
1.0203778193
1.0283252639
1.0149721983
1.0082871038
1.0224046716
1.0300911800
1.0005983390
0.9702343700
0.9752107898
1.0051441710
1.0260646997
1.0150838903
0.9936831553
0.9838864428
0.9715986142
0.9911033787
1.0064959341
1.0016739632
0.9974089405
1.0031614432
1.0097260904
1.0154093156
1.0274536646
1.0034026188
0.9774680597
0.9882633691
1.0072112374
1.0191911574
1.0133496410
1.0037675253
1.0006255870
0.9831956427
0.9671844220
0.9713258646
0.9659346349
0.9770139691
0.9826779382
1.0159290894
1.0011265369
0.9854953748
1.0173675609
1.0199644736
1.0213651163
1.0147886218
1.0065790949
1.0021859057
1.0005159553
0.9758596898
0.9399110843
0.9120781374
0.9075221093
0.9181114357
0.9104797871
0.9047249604
0.9279277554
0.9635159881
1.0196463919
1.0751242047
1.0287285321
0.9902463676
0.9706291655
0.9839142307
0.9781824023
0.9741100840
0.9765088066
0.9836272603
0.9956730393
1.0039013652
1.0068961904
0.9984763667
0.9900006578
0.9872545686
0.9818346359
0.9836903958
0.9804064095
0.9711732342
0.9781447518
0.9765931184
0.9782611347
0.9979477574
0.9984848170
0.9720818872
0.9538126676
0.9645733648
1.0022106861
0.9953585894
0.9937892324
1.0054860765
1.0029892452
0.9981382496
0.9973991803
0.9849283974
0.9606403771
0.9513569685
0.9784510015
1.0032314459
1.0022510285
1.0115241606
1.0159714412
1.0014833732
1.0193111920
1.0081503223
1.0142597381
1.0057287560
0.9850681288
1.0022668952
0.9978656337
0.9868803336
0.9811295476
0.9853486011
0.9905747159
0.9882790789
0.9910670851
1.0118704680
1.0420797123
1.0513644574
1.0272647444
1.0164431514
1.0295429724
1.0122258527
1.0191249773
1.0172942500
1.0125569270
0.9932310288
1.0100961068
1.0372777704
1.0575138280
1.0529045965
1.0376632634
1.0111366318
0.9841005956
0.9674215150
0.9601256208
0.9599603038
0.9692449816
0.9909251036
0.9978918411
1.0023684487
1.0021398930
1.0038940504
1.0263404377
1.0175601095
1.0128010660
1.0005912696
1.0083181541
0.9949615974
0.9830012888
0.9730668310
0.9881699273
0.9967814354
0.9988410307
1.0129145527
1.0142979765
1.0100230229
1.0245828548
1.0097003941
0.9759278609
0.9904629899
1.0148925271
1.0103624581
0.9966712772
1.0045357015
0.9924527817
1.0087942738
1.0081548025
0.9905252496
0.9658691137
0.9776347803
1.0009594866
1.0036496882
0.9970402480
0.9840001922
0.9793099100
0.9948146645
1.0086575529
1.0071923994
0.9917506304
0.9691004325
0.9575665276
0.9973051610
0.9947147183
1.0110305015
1.0099780534
0.9871058320
0.9931989249
1.0052776069
1.0219836257
1.0251889114
1.0226038413
1.0192314214
1.0175191845
1.0062662640
0.9893543520
0.9935259693
1.0121581686
1.0113275284
1.0038704702
1.0139142022
1.0138168863
0.9975801090
0.9838360007
1.0020498934
0.9938579211
0.9711651289
0.9978361527
1.0114972268
1.0021293640
0.9883763567
0.9952583049
0.9994431994
0.9935527975
0.9810463613
0.9697242317
0.9824173032
1.0082971145
1.0057537555
0.9863684072
0.9938444478
1.0185833169
1.0187541945
1.0073853704
0.9981637821
0.9914726489
1.0047903085
1.0127727389
1.0006953936
0.9926074152
0.9902873379
1.0098268388
1.0321389576
1.0365556996
1.0219058609
1.0075190874
0.9955155892
0.9889756799
0.9938340253
1.0000693983
1.0057897060
1.0004465178
0.9962376812
1.0235574023
1.0512003965
1.0119800254
0.9960993426
0.9919897310
1.0016624790
0.9881320148
0.9668642793
0.9482474097
0.9447592940
0.9769275778
0.9838218487
0.9759546324
0.9939314868
1.0094556518
1.0028807121
0.9905660371
0.9823366955
1.0020367523
0.9995317287
0.9818799693
0.9949047684
1.0069744389
1.0146712091
1.0257538351
1.0290033366
1.0300661995
1.0243939624
1.0083879210
0.9879697561
0.9565206213
0.9412672745
0.9608704213
0.9794467427
0.9789964384
0.9841297316
0.9864911711
0.9648368657
0.9620741626
0.9956268508
1.0087889820
1.0012055391
0.9885661295
0.9594278315
0.9587387982
0.9940631087
1.0011284164
1.0032284097
0.9745930281
0.9812369497
0.9762178371
0.9769222030
0.9979809197
1.0047102404
0.9968528733
1.0094216186
1.0416632039
1.0429602046
0.9963774686
0.9691807654
0.9704551712
0.9768202881
0.9621674071
0.9446404684
0.9975519317
1.0328772486
1.0006296447
1.0083867182
1.0167316441
0.9971792262
1.0193179572
1.0431521091
1.0338811070
1.0211513133
1.0157061981
1.0056390775
1.0010994727
1.0040589212
1.0009570252
1.0064177484
1.0164566200
1.0109528042
0.9940796375
1.0067115217
1.0189218431
1.0183521613
1.0171302447
0.9913144156
0.9739490787
0.9669525003
0.9905036803
0.9972441990
0.9797972087
0.9802931007
1.0047080034
1.0209655487
1.0219725177
1.0174791975
1.0142498652
1.0149260880
0.9987622267
0.9976156953
0.9902528421
0.9828579010
1.0018170883
0.9918841393
0.9824504283
0.9716086197
0.9626466030
0.9652238974
0.9768758732
0.9972648983
1.0212998167
1.0342376970
1.0327690980
1.0214211637
1.0040396952
0.9876585874
0.9880207611
1.0038688164
1.0077311300
1.0106977988
1.0175573321
0.9876405160
0.9737097453
0.9885741649
1.0153981479
0.9949010591
0.9987385443
0.9942966680
0.9956223555
0.9945255730
0.9882001532
0.9836380548
0.9853525558
0.9757434394
0.9632637270
0.9649916233
0.9550943781
0.9254838310
0.9226534743
0.9377840675
0.9254016297
0.9248919026
0.9487287794
0.9490157075
0.9548246300
0.9969516922
1.0154838408
1.0286744904
1.0132479636
0.9602212544
0.9622095467
0.9912923583
1.0090655668
1.0025694003
0.9845403486
0.9871169010
1.0057164492
1.0113266888
1.0133701331
1.0283651516
1.0465097647
1.0271228591
1.0120141134
1.0286135307
0.9832110386
0.9811247195
1.0181020752
1.0271677192
1.0180577756
1.0039848494
0.9915311327
0.9942272662
0.9953352714
0.9831785306
0.9786506932
0.9939713345
1.0127302306
1.0180932130
1.0161316571
1.0240717605
1.0329873678
1.0206631038
1.0169042336
1.0163667396
1.0397437154
1.0202590079
0.9915634439
1.0051944947
1.0006777296
0.9742873016
0.9705720559
0.9824667429
0.9985709315
1.0062954895
1.0024727880
0.9983452718
1.0095982521
1.0257768232
1.0241018906
1.0038973038
0.9882589212
1.0213614349
1.0116086567
0.9874734354
0.9872135633
0.9924469250
1.0034428619
0.9900818727
0.9925485901
1.0377617013
1.0287680181
1.0041107344
1.0053566193
1.0178056697
1.0361071243
1.0390452389
1.0264005268
1.0094877916
0.9867478786
0.9707267562
0.9634161511
0.9587447084
0.9732366565
0.9821832120
1.0037559113
1.0016951863
0.9813446343
0.9915291297
0.9921582999
0.9704199761
0.9948612895
1.0039997177
0.9988815124
0.9951223927
1.0023662637
1.0015989686
0.9847065529
0.9684743388
0.9783556309
1.0022872492
0.9966064945
0.9850051564
0.9941169055
1.0171126909
1.0062557335
0.9790861430
0.9854710195
0.9879977842
1.0014077557
1.0257808258
1.0369996710
1.0121176945
0.9918062762
0.9860881635
0.9834650722
0.9989442483
1.0202135209
1.0080681523
0.9817937737
0.9796207490
0.9842890370
0.9890272770
0.9955455438
0.9871595420
0.9869334249
1.0301670408
1.0652384247
1.0045819934
0.9975326868
1.0192648684
1.0322037876
1.0207728339
1.0061204297
0.9925549491
0.9896771305
0.9907558096
0.9984491559
1.0199512298
1.0264516209
1.0044696594
0.9768893881
0.9577156339
0.9736435340
0.9848170367
0.9774596864
0.9660023472
0.9859704646
1.0025575777
1.0056899594
0.9863122047
1.0052795149
0.9924839455
0.9669671053
0.9540738597
0.9723252298
1.0028450365
1.0084163915
0.9927287702
0.9765639126
0.9776021474
0.9989905699
1.0094823735
0.9994212511
1.0013907480
1.0010872081
0.9846404916
0.9956436723
1.0293136627
1.0178781271
1.0260121117
1.0255126505
1.0385445823
1.0368814986
1.0220357896
1.0116670688
1.0033249330
0.9977243169
0.9994593374
0.9998507432
0.9973672401
1.0043211338
1.0136733493
1.0077306421
0.9973991653
0.9926715709
0.9997593918
0.9948318036
1.0070636446
0.9971614328
0.9728600457
0.9969243281
1.0090871328
1.0047316795
