#flux
0.9503741657
0.9714101891
0.9812579382
0.9648103468
0.9502480816
0.9536328535
0.9633573396
0.9705438633
0.9795561188
0.9807939689
0.9792607847
0.9853711327
0.9853016961
0.9822367892
0.9827781990
0.9837280067
0.9907814502
0.9844857524
0.9865080885
0.9918924047
0.9916083824
0.9904192699
0.9854436905
0.9787412920
0.9782072788
0.9765465587
0.9723404584
0.9670002962
0.9739735806
0.9878632141
0.9951399519
0.9961798698
0.9884205909
0.9704159438
0.9610521377
0.9701418221
0.9580475744
0.9657917087
0.9838085002
0.9872887101
0.9712203350
0.9506790079
0.9362325244
0.9395151240
0.9656046634
0.9710349427
0.9790831582
0.9776730838
0.9629243157
0.9591373236
0.9690289328
0.9739473417
0.9704876274
0.9657974175
0.9609533027
0.9681580674
0.9820481850
0.9806921097
0.9555894511
0.9566389484
0.9594315443
0.9367806174
0.9225084396
0.9329600223
0.9362264700
0.9474682380
0.9444061035
0.9340877271
0.9349036928
0.9389292978
0.9343624814
0.9331883317
0.9523132883
0.9780749365
0.9789762067
0.9612217027
0.9573300672
0.9656685527
0.9673172848
0.9594941694
0.9656128697
0.9821238760
0.9814200968
0.9695089116
0.9586402603
0.9530756778
0.9381612439
0.9140014080
0.8878069278
0.8791888550
0.8883059157
0.8849287452
0.8695868689
0.8750919646
0.8949546140
0.9153938511
0.9271543974
0.9413533342
0.9545368950
0.9449760966
0.9313057859
0.9325356771
0.9270021598
0.9121248649
0.9094426939
0.9400967709
0.9542690274
0.9449187570
0.9254234739
0.9167557465
0.9254515437
0.9266938497
0.9105356270
0.9017246061
0.9081152252
0.9203026493
0.9298002888
0.9092502287
0.9048754090
0.9167305644
0.9194868085
0.9207074122
0.9309030294
0.9338007512
0.9268374694
0.9245675591
0.9313771817
0.9433816654
0.9486329955
0.9463151655
0.9413275035
0.9343535335
0.9310013996
0.9336522592
0.9273980497
0.9093001971
0.8962223132
0.8923158287
0.8892473386
0.9103298495
0.9374810303
0.9511285143
0.9442515239
0.9173317043
0.9201700120
0.9173161722
0.9081843718
0.9232854045
0.9249615054
0.9132200736
0.9105398625
0.9058587044
0.8981309681
0.8975343319
0.8886609677
0.8704950643
0.8627462142
0.8391330419
0.8350660000
0.8272583332
0.8270854327
0.8377835093
0.8388377962
0.8345732819
0.8419277243
0.8444910195
0.8598898206
0.8574508907
0.8573076640
0.8611317690
0.8580560655
0.8571161827
0.8532540611
0.8360494652
0.8237282549
0.8266510558
0.8088998253
0.8009145100
0.8071810466
0.8238623070
0.8228509211
0.8207402036
0.8096027871
0.7922581296
0.7948459152
0.8078764125
0.8022833651
0.7967215309
0.7906029466
0.7923197392
0.7901277476
0.7709070058
0.7523711965
0.7428409120
0.7340600673
0.7220880691
0.7102891335
0.6960778898
0.6687595320
0.6365345805
0.6326148433
0.6042609148
0.5724896263
0.5236774828
0.4540668459
0.3934074552
0.3542970653
0.3184462832
0.2804356305
0.2531846843
0.2331491564
0.2156169764
0.2028263784
0.1929259617
0.1900385612
0.1898540852
0.1952874107
0.2113788773
0.2268750447
0.2600042407
0.2998679034
0.3489256773
0.3896867849
0.4226766471
0.4757187890
0.5371785334
0.5840411216
0.6207127877
0.6604852797
0.6937426898
0.7084647219
0.7193484124
0.7326644075
0.7392127326
0.7484297635
0.7556280260
0.7601346645
0.7672634585
0.7803519087
0.7982868503
0.8009258991
0.7752802703
0.7988733259
0.8035698013
0.8109550849
0.8116757466
0.8156807822
0.8263579566
0.8325729892
0.8339974525
0.8355343550
0.8281812154
0.8209998304
0.8309007494
0.8383815089
0.8327912448
0.8226527311
0.8512998355
0.8677445939
0.8662743388
0.8777040255
0.8802926508
0.8643220999
0.8690717759
0.8634743819
0.8686765893
0.8757628283
0.8878865806
0.8913489245
0.8879278677
0.8948201169
0.9119200056
0.9231790045
0.9228618606
0.9170060102
0.9078359259
0.9068179818
0.9289427055
0.9186071372
0.9083078637
0.8867720539
0.8969291237
0.9077351834
0.8926392339
0.8895482365
0.9085843372
0.9053032631
0.8914886155
0.8938326169
0.9100769389
0.9238021632
0.9277650965
0.9251258383
0.9233670797
0.9260351541
0.9249650816
0.9163135659
0.9116122227
0.9214562013
0.9474389687
0.9445563359
0.9421442888
0.9302293581
0.9232641109
0.9210545227
0.9302830763
0.9407284674
0.9382359623
0.9316546624
0.9330054977
0.9389612720
0.9462636472
0.9480193355
0.9460951273
0.9479699680
0.9327746186
0.9125798183
0.8910937336
0.8573901315
0.8291798928
0.8334372076
0.8502638804
0.8575716088
0.8729589382
0.9148622726
0.9448633838
0.9617420884
0.9664917183
0.9641596126
0.9582161364
0.9619491838
0.9821879750
0.9964005297
0.9880324703
0.9736814217
0.9592286163
0.9430818740
0.9594762018
0.9806761062
0.9684102688
0.9537962318
0.9433975762
0.9381792720
0.9416335561
0.9414146202
0.9340190627
0.9396131918
0.9565757650
0.9623241098
0.9634088079
0.9478348970
0.9360675978
0.9505202946
0.9718363630
0.9869186366
0.9865410922
0.9791874953
0.9789405414
0.9743025650
0.9696276455
0.9534481346
0.9414031213
0.9681203283
0.9770801579
0.9798110859
0.9697527066
0.9579753725
0.9623921932
0.9805121121
0.9911746709
0.9794430837
0.9599642223
0.9572539591
0.9677533463
0.9705147318
0.9659324327
0.9637035513
0.9567668783
0.9530977476
0.9457509335
0.9495061996
0.9634296049
0.9623905796
0.9590037449
0.9540236852
0.9483423314
0.9612931753
0.9808168812
0.9830744879
0.9767055964
0.9720537468
0.9693367434
0.9640294892
0.9594476128
0.9654408393
0.9720501462
0.9711839992
0.9805244078
0.9675117316
0.9677600019
0.9686536958
0.9617713908
0.9626363123
0.9666990825
0.9536388546
0.9435532883
0.9532461054
0.9653029061
0.9674618712
0.9715708980
0.9765705826
0.9840286245
0.9884986822
0.9679249060
0.9260776204
0.8952638033
0.8864129326
0.8974977715
0.9311490560
0.9586367518
0.9750982985
0.9891984868
0.9822958978
0.9796025354
0.9780712383
0.9705533608
0.9557538735
0.9707987924
0.9886070177
0.9855347150
0.9734504732
0.9667638859
0.9651966044
0.9642132848
0.9662657703
0.9763583778
0.9847693700
0.9762259706
0.9673933660
0.9615301175
0.9867541461
0.9788425380
0.9775296152
0.9783213869
0.9775937080
0.9748145123
0.9797431505
0.9898842508
0.9885126726
0.9772541971
0.9743236750
0.9865582422
1.0029829472
1.0039384635
0.9885044476
0.9770825570
0.9731707118
0.9795167117
0.9714111164
0.9818766015
0.9874546233
0.9724888266
0.9739741230
0.9848671937
1.0023899766
1.0076970650
1.0016782833
1.0165035313
1.0158789004
1.0055639097
1.0027994615
1.0082689115
1.0099329274
1.0021478011
0.9982274466
1.0045566626
1.0065053387
1.0022785128
1.0071211397
1.0001977232
0.9772357023
0.9672019525
0.9674773155
0.9714338111
0.9812945504
0.9988705547
0.9848919586
0.9833204601
0.9979981800
0.9927109937
0.9801075882
0.9870224284
0.9931625892
0.9809334775
0.9650175814
0.9631205310
0.9859631480
0.9977477976
1.0034577953
0.9869403512
0.9937210759
0.9987991939
0.9926785494
0.9931146813
0.9884711122
0.9857918727
0.9927691702
0.9791529817
0.9777834751
1.0009175391
1.0126695470
1.0072217695
0.9971803176
0.9909384317
0.9903068048
0.9886043948
0.9909716436
0.9881010718
0.9813343526
0.9676016227
0.9595162633
0.9802870274
0.9950460951
1.0145046498
1.0015103604
0.9893561902
0.9925318293
1.0058368932
1.0038079328
0.9923503942
0.9942275497
1.0054896198
1.0067786134
0.9975248741
0.9919386775
0.9936725109
0.9945853971
0.9916932894
0.9918016401
0.9984979958
0.9851512996
1.0017565038
1.0133565813
1.0229269379
1.0037781353
0.9810925470
0.9798669310
1.0054508355
1.0200749724
1.0077715852
0.9992900453
1.0042558677
1.0019061319
0.9976174793
0.9920953965
0.9756146069
0.9718305287
0.9636424216
0.9822239502
1.0023037166
1.0058862623
0.9818466427
0.9583513303
0.9552514952
0.9709604725
0.9891814986
0.9918538010
0.9891120451
0.9946694198
0.9934215524
0.9986092223
1.0034878385
0.9947404054
0.9893844715
0.9932210501
0.9791304399
0.9497006241
0.9458083175
0.9595791941
0.9773367066
1.0117140279
1.0250963167
1.0125084265
1.0122903930
0.9906864552
0.9780968051
1.0010536212
1.0026407873
0.9933996489
0.9820234052
0.9976851223
1.0112507581
1.0075247721
1.0049596928
0.9983502995
0.9859832008
0.9857303298
0.9909403157
0.9940036765
1.0013993790
0.9998898703
0.9845987141
0.9804001793
0.9717824813
0.9669410260
0.9448331214
0.9384977757
0.9375457394
0.9434284182
0.9564747157
0.9697680632
0.9790295944
0.9865801211
0.9917244972
0.9968360344
1.0076703401
1.0150424826
1.0117219970
1.0112876127
1.0082685008
1.0060679568
0.9972183457
0.9674201392
0.9937223241
0.9974014307
0.9863085848
0.9630613727
0.9510709759
0.9542159593
0.9685458758
0.9815201817
0.9866020932
0.9921547834
1.0050497320
1.0133865060
1.0039456926
0.9946651749
1.0056663129
1.0064108366
1.0042928053
0.9981112231
0.9825753589
0.9708593733
1.0005228881
1.0128589143
1.0143430176
1.0101720463
0.9973051326
0.9868818898
0.9875551145
0.9969057022
1.0007402273
0.9922639029
0.9881947150
0.9933945501
0.9949162855
0.9965414007
0.9995973358
1.0031866561
1.0094833099
0.9926005382
0.9887368853
0.9986500211
1.0011372574
1.0120689985
1.0090255019
1.0015486617
0.9993756406
0.9899126177
0.9838697318
0.9935194695
0.9982061823
0.9984969727
1.0106762879
1.0136782241
1.0041401800
1.0179585004
1.0256806693
1.0001719010
0.9862438001
0.9782452748
0.9817635111
1.0161462509
1.0106475358
0.9920371852
0.9824188670
0.9747871448
0.9773089847
0.9864446691
0.9843802439
0.9810369301
0.9914227649
0.9955897466
0.9907455668
0.9882695174
0.9892308683
0.9965533867
0.9958920634
0.9869910415
0.9840316122
1.0081466495
1.0020063761
0.9966689605
1.0035331260
1.0005604545
0.9951302468
0.9922213092
0.9937002953
0.9947873479
0.9820863907
0.9642992101
0.9449724971
0.8970275746
0.8360622472
0.8016669386
0.7930483730
0.7968753321
0.8283692788
0.9027553434
0.9423012540
0.9758751399
1.0073648206
1.0075382489
1.0039988856
1.0070370729
1.0029155833
0.9826933302
0.9546925978
0.9223606483
0.8846235919
0.8597132536
0.8559898588
0.8658347757
0.8932041943
0.9300692918
0.9535418662
0.9694690566
0.9869670677
0.9871895950
0.9910870604
1.0010944684
1.0003750799
1.0138106755
1.0125258043
1.0095573783
1.0263163552
1.0330644330
1.0217956804
1.0202914532
1.0208154953
1.0082234631
0.9969570939
0.9857017922
0.9805235397
0.9857932428
0.9957654583
1.0079066581
1.0096323616
1.0095720849
1.0099921993
1.0111674286
1.0178165091
1.0129523529
1.0207779463
0.9918282375
0.9836889014
0.9881937121
0.9899490865
0.9966005846
0.9976831569
0.9902665411
0.9938525418
1.0101105612
1.0168391126
1.0071137314
0.9972090210
1.0011525497
1.0115778006
1.0102034644
1.0123828989
0.9975121051
1.0001179556
1.0110678954
0.9878556049
0.9903563697
0.9909418922
0.9905187016
0.9782560704
0.9642849552
0.9517381538
0.9528705990
0.9551272225
0.9509486165
0.9516005843
0.9556075205
0.9579282928
0.9661224093
0.9750157271
0.9854543827
1.0190678463
1.0306082231
1.0237590587
1.0292910663
1.0238921292
0.9834956399
0.9671813731
0.9751405426
0.9881761330
0.9818611054
0.9674024043
0.9810521733
1.0055338410
1.0230718627
1.0203530525
1.0018461364
0.9843029538
0.9725831907
0.9806102369
1.0108075259
1.0157382125
0.9938961912
0.9998612161
1.0169572609
1.0421204991
1.0151316986
0.9939278869
0.9796178183
0.9936294434
0.9871356571
0.9899300931
1.0030849578
1.0131395752
1.0065222260
0.9929875385
0.9836926873
0.9875559319
0.9971788597
0.9931943653
0.9996288144
1.0013491572
0.9988409588
1.0000884289
0.9911971784
0.9798176800
0.9892144841
1.0119022023
1.0166748235
1.0090639159
1.0161918405
1.0129049531
1.0108411116
1.0067345484
1.0006583753
0.9915834426
0.9851482507
0.9875908509
0.9965743199
0.9996268552
0.9845299945
0.9899905334
0.9929618878
0.9980411556
0.9867606626
0.9840284764
1.0162015257
1.0254572552
1.0095985732
1.0140569970
1.0320852808
1.0286758327
0.9950003956
0.9807097496
1.0054434455
1.0213999966
1.0117920894
0.9967102026
0.9911624562
0.9987947311
0.9965972596
0.9934815783
0.9752716571
0.9954438467
0.9958957999
1.0000114197
1.0004101268
1.0206736051
1.0046180529
0.9844985038
0.9876922351
0.9909538932
0.9787696594
0.9892851261
1.0027531506
1.0121750374
1.0116308980
0.9968155399
0.9932702844
1.0082109424
1.0238380038
1.0258606115
1.0126086808
0.9996634274
0.9889536156
0.9892972070
1.0080272331
0.9966373092
0.9735072298
0.9396980195
0.9264696200
0.9279738812
0.9206058002
0.9186502993
0.9400859959
0.9711109989
0.9934977725
1.0015484145
0.9988320320
1.0003994041
1.0151651879
1.0213064979
0.9947258396
0.9899855353
1.0086166470
1.0117282237
1.0019888579
1.0074988342
1.0103568786
0.9957456997
0.9873648880
0.9884852872
1.0005729323
1.0049165229
0.9896191882
0.9763946220
0.9775953628
0.9834229824
0.9899839653
0.9952000683
0.9919353213
0.9895918893
0.9965755498
0.9986135401
0.9918155447
0.9763112933
0.9787878987
0.9853233057
0.9837940618
0.9779197076
0.9708236843
0.9596855515
0.9697845557
0.9747134143
0.9672728025
0.9707872867
0.9827148720
0.9951689765
1.0139128800
1.0171786968
0.9888891148
0.9766319778
0.9870392734
0.9975944748
1.0165103742
1.0286484653
1.0039538557
0.9805852947
0.9740304548
0.9784442432
0.9852731162
0.9845753662
0.9926473619
1.0032452871
0.9933623036
0.9802315894
0.9820673697
0.9864660350
0.9830991232
0.9849233312
1.0019597697
1.0138697278
1.0038458859
0.9868936139
0.9570783146
0.9289154405
0.9159934372
0.8977824741
0.9192921603
0.9320994782
0.9415320078
0.9557786538
0.9783261882
0.9907541012
0.9908594930
0.9968267827
1.0026330843
0.9956279680
0.9901987542
0.9954000262
0.9961646973
0.9911908815
0.9874715838
0.9944648877
0.9893728246
1.0004393205
1.0321271837
1.0254450781
1.0116596353
1.0095168220
0.9973653221
0.9958320508
1.0115321116
1.0219521256
1.0142333619
1.0007475279
1.0034525886
1.0153977015
1.0146984505
1.0039193524
0.9954181599
0.9886208799
0.9859095914
0.9971978685
1.0161024467
1.0171846796
1.0015545540
0.9898384447
0.9964511519
0.9860319738
0.9915280693
0.9961140782
1.0028266750
1.0036879329
1.0122756315
1.0168005476
1.0045010888
0.9975004363
1.0031395460
0.9991179414
0.9906153848
0.9909387513
0.9774754036
0.9659696272
0.9738464404
0.9811447768
0.9852090091
1.0023046126
1.0213148397
1.0177453506
1.0071202854
1.0041209889
0.9818938128
0.9813225112
0.9965385629
1.0009768375
1.0003733676
1.0027119013
1.0002638895
0.9926643870
0.9841736154
0.9755578320
0.9806763743
0.9874419390
0.9805924224
0.9758013617
0.9782413907
0.9988692651
1.0171714238
0.9984357998
0.9849539855
1.0015167241
1.0048502187
1.0024285046
1.0023716100
0.9971293830
0.9903761214
0.9942430939
0.9998148256
0.9907151749
0.9854849473
1.0045148820
1.0122972276
0.9999268978
0.9927100068
1.0065143011
1.0241391086
1.0214472895
1.0124253776
1.0146719473
1.0177250917
1.0130363582
1.0032466461
1.0082893468
0.9988557807
0.9766658659
0.9784420245
0.9907885207
1.0032887840
1.0238846276
1.0245417442
1.0033453580
0.9864457797
0.9902179755
0.9868110250
0.9897851756
1.0055016149
0.9995671722
0.9890741457
0.9896356979
1.0011555288
1.0014563981
1.0068411941
1.0018048849
0.9983278175
1.0122633451
1.0261932565
1.0243741786
1.0156432217
1.0084968570
1.0061390469
1.0150752436
1.0206917878
1.0080678770
1.0066100436
1.0124766329
1.0114287529
0.9967374916
0.9764109781
0.9777957597
0.9864242337
0.9860598384
0.9849312220
0.9959894535
1.0038622931
0.9990107190
1.0085894079
1.0266998181
1.0199674301
0.9969224789
0.9872545676
0.9893940790
0.9901156044
0.9856172025
0.9933110565
0.9971950023
1.0045728230
1.0348025069
1.0293664635
1.0000798092
0.9910838307
1.0043766537
1.0021311340
0.9960629653
1.0029320970
1.0011041151
0.9910666055
0.9935358974
1.0073355586
1.0115657900
1.0054200222
1.0068538317
1.0075264067
1.0038617526
0.9968157881
0.9995352903
1.0238027960
1.0187964677
0.9840152284
0.9914976956
1.0152182569
1.0180945337
1.0096422401
1.0183865910
1.0223744475
1.0114257731
0.9974381712
0.9960978230
1.0040386243
1.0074386136
0.9990672731
0.9833473129
0.9873785779
1.0094049021
0.9990959847
0.9815164903
0.9573487413
0.9706620362
1.0061706118
0.9966024428
1.0077972886
1.0054147090
0.9921420990
0.9866625878
0.9913901695
0.9901151679
0.9862982380
0.9829503343
0.9861938905
0.9997903075
1.0117521082
1.0115496959
0.9968364048
0.9935130857
1.0156944552
1.0093223012
1.0150412384
1.0286061649
1.0120522911
0.9839207030
1.0046710776
0.9979302177
0.9880341591
0.9984184913
1.0155002615
1.0207167181
1.0145476577
0.9980249986
0.9842986467
0.9844864714
0.9848459170
0.9841632502
0.9941057221
0.9952504291
1.0141122052
1.0148875113
1.0183766155
1.0078737124
0.9659731143
0.9713959626
0.9889678369
0.9980432411
0.9913306876
0.9937943284
0.9973587148
0.9949379913
0.9930337720
1.0030387668
1.0143206690
1.0133011388
1.0036536048
0.9887162852
0.9796016238
0.9958613431
1.0290628217
1.0206398872
1.0080057532
1.0012485282
1.0028224061
1.0090098449
0.9933987838
0.9864824558
0.9838763110
0.9969331335
1.0035750139
0.9898677305
0.9778198153
0.9810335107
0.9904016369
0.9870507247
0.9759646646
0.9842065530
1.0022591409
1.0074263043
0.9991106786
0.9890026530
0.9903167806
0.9648431318
0.9720123259
0.9741642273
0.9957631892
1.0210581207
1.0097978116
0.9799867380
0.9828257160
0.9988787971
0.9969788848
0.9853208740
0.9764202536
0.9794268838
0.9916142391
0.9977720342
1.0045216723
1.0098537756
1.0212017382
1.0204552882
1.0202978432
1.0179880034
1.0064285010
0.9972225602
0.9956048782
1.0047642586
0.9964563649
0.9971874032
0.9895371724
0.9745961364
0.9792284364
0.9880063586
0.9862170817
0.9856626574
0.9896718221
0.9923739419
0.9949577005
1.0009625985
1.0029887325
0.9919035590
0.9838516101
0.9811599236
0.9861229003
0.9916142811
0.9910948019
0.9882301758
0.9892894116
0.9891494543
0.9847974952
0.9865250934
1.0002090078
1.0109947942
1.0119516375
1.0103996506
1.0106785146
1.0109292911
1.0141316435
1.0257083101
1.0157792021
0.9918983636
0.9730279006
0.9794174864
0.9986129151
0.9913433095
0.9835679787
0.9932381417
0.9959621222
0.9937724566
0.9945290876
0.9974432830
0.9984583167
0.9989243041
0.9986940053
0.9982613438
1.0019424930
1.0046140507
1.0024371938
1.0062567284
0.9963995048
0.9944821227
0.9964612031
1.0176747067
0.9933309232
0.9950760365
0.9795871959
0.9906846442
1.0020909621
0.9972832508
0.9997492839
1.0029716983
0.9944607498
0.9766536021
0.9651706515
0.9752384006
0.9890541839
0.9822002424
0.9787401606
0.9982508916
1.0140000443
1.0091176221
0.9998701979
0.9964423365
0.9843994115
0.9870262940
1.0030362164
0.9938597178
0.9901039329
0.9970728104
0.9971648215
0.9798284679
0.9793737912
0.9832985858
0.9785564203
0.9798483282
0.9895818278
1.0012152101
1.0109464773
1.0093645898
1.0059602787
1.0039263451
0.9853946890
0.9877678896
0.9976233485
1.0045481751
1.0063739794
1.0021723382
0.9878452406
0.9725865579
0.9601683759
0.9368386170
0.8982435780
0.8883583431
0.9040166771
0.9142872899
0.9246008332
0.9466539912
0.9650887423
0.9579165086
0.9429560292
0.9618108004
0.9807439412
0.9878561961
0.9796000206
0.9911142923
1.0154834331
1.0130949859
0.9893794791
0.9865619262
0.9985620134
0.9941574193
0.9922089488
0.9771085054
0.9601855079
0.9647225484
0.9711363405
0.9649254007
0.9626334017
0.9694100947
0.9829531990
0.9995937240
1.0099390066
1.0277055543
0.9919641738
0.9820241680
0.9905135361
0.9830777134
0.9778777462
0.9833863550
0.9949895741
0.9894221604
0.9785529778
0.9758333970
0.9835545711
0.9992483680
1.0125013983
1.0124148426
1.0046303483
1.0009273230
1.0000915726
1.0121680368
1.0126943416
1.0084228987
1.0042658848
1.0081597891
1.0103436228
0.9881376744
0.9782044870
0.9823162859
1.0021103411
1.0047327453
0.9892366249
0.9756875606
0.9807872656
0.9828550456
0.9824466763
0.9905036505
0.9889609690
0.9971157158
1.0035893087
0.9963331263
0.9861784452
0.9837983562
0.9782274162
0.9897353947
0.9929778401
0.9797527609
0.9800683741
0.9990454536
1.0163574644
1.0161974628
0.9963089437
0.9810196534
0.9874661951
1.0029706786
1.0042044874
1.0001555022
1.0081564379
1.0067307522
0.9930912838
0.9763263925
0.9911955823
1.0083640285
1.0089684292
0.9968517213
0.9963728771
0.9867124610
0.9913898241
0.9910081596
0.9697627142
0.9635881794
0.9703706003
0.9624696674
0.9475169710
0.9543557895
0.9722021964
0.9850893078
1.0084004092
1.0279115966
1.0193907823
1.0097396005
1.0125987842
1.0007193400
0.9972049931
0.9829478818
0.9832293026
0.9834414924
0.9764583861
0.9789181038
0.9853806134
0.9819038736
0.9839196560
0.9941578680
0.9881380208
0.9794759891
0.9763920003
0.9731539504
0.9865603357
1.0086425430
1.0185438718
1.0059467106
0.9988054056
1.0123488569
0.9786081009
0.9729817503
0.9983514443
1.0056022461
1.0087874224
0.9913620466
0.9939598657
0.9882745836
0.9856192007
0.9828761976
0.9897428992
1.0070412727
1.0070650219
0.9954186223
1.0051287272
1.0134518093
0.9895893402
0.9805172292
1.0005944929
0.9853012819
0.9647664469
1.0006885119
1.0218243147
1.0110522710
1.0116254015
1.0171323555
1.0056941087
1.0049925634
1.0028444228
0.9891189696
0.9619285802
0.9177194274
0.8692662457
0.8345763201
0.8229192170
0.8418798390
0.8782759270
0.9146913510
0.9601819041
0.9904276063
0.9765750137
0.9718915741
0.9736824983
0.9800604819
1.0033191469
1.0095576358
0.9902982764
0.9755805101
0.9750016002
0.9794041267
0.9878750975
0.9877164033
0.9776494024
0.9805084045
0.9989333369
1.0062843269
1.0016493227
1.0119304359
0.9997212302
0.9789462293
0.9798895865
0.9913457052
0.9880409803
0.9700947823
0.9694518176
0.9789030034
0.9849126390
0.9969155720
0.9858284207
0.9842702418
0.9878454915
1.0004591781
0.9999364525
0.9889130962
0.9979927255
1.0003060119
1.0028591515
0.9991054978
0.9981034236
1.0035906352
0.9872864198
1.0027956923
1.0082929886
1.0045920651
1.0127640204
1.0050924040
0.9992349850
0.9999017469
0.9930906778
0.9876721887
0.9880960311
0.9788794016
0.9728574005
0.9827336915
0.9902417437
0.9961227229
1.0084060104
1.0079496784
1.0166638196
1.0313745074
1.0273928108
0.9998027032
0.9873501083
0.9820256980
1.0022008966
0.9989783450
0.9860670807
0.9852333468
0.9776269346
0.9713154293
0.9758249105
0.9838765459
0.9903094902
0.9929689918
1.0003365643
1.0175812014
1.0136254935
0.9909360881
1.0021135558
1.0131402755
1.0084862679
0.9982814865
0.9891881130
0.9737113758
0.9776179340
0.9862803810
0.9881563066
0.9813903550
0.9830453089
0.9897276976
0.9845905016
0.9754668010
0.9885120997
1.0100289710
1.0141416673
1.0093024898
0.9974975423
0.9882011529
0.9922885449
0.9910521659
0.9832840382
0.9844509969
0.9663158206
0.9660182266
0.9890254914
0.9884296365
1.0024756200
1.0140125980
1.0151639689
1.0103286242
1.0058883110
1.0061564457
1.0139282361
1.0226797393
1.0236127109
1.0251008503
1.0296091369
1.0119815481
0.9902439341
0.9958007917
1.0209628766
1.0181487521
1.0141024555
0.9906327150
0.9655559063
0.9812683577
0.9945001827
1.0007583251
0.9819076761
0.9667000710
0.9684353842
0.9751165666
0.9928152173
1.0161684663
1.0234126153
1.0120285347
0.9938304446
0.9872984278
0.9810874053
0.9773545140
0.9736052367
0.9846552545
0.9931058570
0.9862169200
0.9956388399
1.0034244911
0.9903570916
0.9734962600
0.9738095671
0.9923100241
0.9916415584
0.9949138797
1.0062241495
1.0079365540
1.0008905781
0.9847235826
0.9734819798
0.9828223490
1.0073881710
1.0197182442
1.0123664879
1.0092723423
0.9985181631
0.9663299679
0.9513509115
0.9611589132
0.9699986290
0.9887269340
0.9870487517
0.9942078403
1.0135435602
1.0263631044
1.0157356850
0.9999845034
0.9984709772
1.0013364332
0.9972317144
0.9780427883
0.9850684832
0.9969562114
0.9854176600
0.9843596459
0.9967951554
0.9917198000
0.9782873997
0.9751260100
0.9756283942
0.9891821408
0.9998549375
0.9883398164
0.9873435339
0.9946421512
0.9903740632
0.9864971833
0.9968745450
1.0092490861
1.0078563601
0.9908426935
0.9747446450
0.9877081285
1.0015101391
0.9865843512
0.9914176836
0.9963465836
0.9833455755
0.9747112339
0.9809480499
1.0023784173
1.0106015798
1.0112999926
1.0055945468
0.9996005006
0.9990235316
0.9902350229
0.9739554205
0.9727419394
0.9785010705
0.9704790848
0.9737853007
0.9925700431
0.9950253337
0.9943472957
1.0015173853
0.9998267106
0.9916206560
0.9961249990
1.0108239032
1.0044987933
0.9926327516
0.9933463429
0.9980773763
1.0048739264
1.0034731873
0.9920149459
0.9830806016
0.9859125489
0.9974038996
1.0025056290
1.0009892046
0.9821143920
0.9824435835
0.9939309805
0.9955077948
0.9934448871
0.9718034552
0.9740856486
0.9755211142
0.9802265351
0.9792239052
0.9692886988
0.9674582412
0.9788580339
0.9870941905
0.9938387867
0.9991970839
1.0017633074
1.0067049078
0.9976511680
0.9957815400
0.9869206446
0.9618610667
0.9849261861
1.0084097973
1.0005402272
0.9886721131
0.9800073951
0.9967727823
1.0043185996
1.0138425182
1.0290703980
1.0192809078
0.9978522512
0.9771944529
0.9736388129
0.9881794262
0.9975185102
0.9959337396
0.9910584475
0.9979470120
1.0015408070
0.9915375654
1.0111293442
1.0175559595
1.0095670980
1.0067386799
0.9855077487
0.9799221529
0.9753264247
0.9860887635
1.0015389575
1.0104274929
1.0049954235
0.9982448061
0.9931815374
0.9851857650
0.9873672992
0.9954175255
0.9863727957
0.9894285178
1.0212899554
1.0381571257
1.0047589774
0.9826630073
0.9795437297
0.9951613917
1.0086508060
1.0157163950
1.0218606162
1.0069736294
0.9859520428
0.9815926084
1.0018757885
1.0298908440
1.0346805647
1.0213970193
1.0132802722
1.0076982855
0.9991451545
0.9783773360
0.9431093017
0.9265989261
0.9179733925
0.8461385963
0.8291041264
0.8423838437
0.8491185958
0.8819420077
0.9307491855
0.9788510394
1.0016819337
1.0115320515
1.0120850578
1.0006295395
0.9872237536
0.9845614323
0.9822695641
0.9778510268
0.9878696773
0.9890762126
0.9927006664
1.0030588464
1.0114569846
0.9922474789
0.9870457585
0.9953301298
0.9937475742
0.9966086631
0.9935435864
0.9977294904
1.0013461598
1.0074001074
1.0022245894
0.9998223811
0.9945010157
0.9848748694
0.9874992276
0.9878795221
0.9684175611
0.9496222652
0.9587230104
0.9882007900
0.9928318494
1.0091428444
1.0062396232
0.9957357915
0.9841990170
0.9888326739
0.9633814255
0.9713450047
0.9852080197
0.9933155021
0.9877433325
0.9817606706
0.9889076455
1.0004513678
1.0068172603
1.0129299500
1.0119834852
0.9895502027
0.9802394237
0.9961737147
1.0122011178
1.0132048305
1.0011679461
0.9968575155
0.9919070443
0.9755106486
0.9809724090
0.9829255194
0.9773173186
0.9880589412
0.9902274696
0.9930749245
1.0087546138
1.0170499099
1.0087087715
0.9935420122
0.9830292423
0.9879277006
0.9865925637
0.9848362158
0.9597982665
0.9807103113
0.9905376418
0.9934588305
0.9804872952
0.9704343282
0.9737617804
0.9988655883
1.0138475610
1.0062701003
0.9910091404
0.9833914234
0.9826325512
0.9864465179
0.9914259620
0.9888657511
0.9844169860
0.9846191251
0.9766029741
0.9976765403
0.9933756903
0.9806691044
0.9674362419
0.9619679340
0.9709893763
0.9819882630
0.9863095044
1.0003234421
1.0079113902
1.0083837341
0.9968005827
0.9903131258
0.9885891483
0.9868358324
0.9957452316
1.0080993671
1.0015058236
0.9879944966
0.9949882448
1.0003586545
0.9945593603
0.9792364668
0.9786959612
0.9985918426
0.9952804838
1.0041307357
1.0135241297
1.0034417795
0.9958864307
0.9961712079
0.9889021033
0.9757901019
0.9817049313
0.9873360823
0.9868303262
1.0017693751
1.0164404651
1.0202746170
1.0061716545
0.9915321888
0.9954163844
0.9939310460
0.9961003145
0.9985399965
1.0065860574
1.0056921772
0.9978811666
0.9960923490
0.9963411954
1.0021268320
1.0038341567
1.0002555753
0.9932326610
0.9866064073
0.9924037430
1.0111813910
1.0276979978
1.0285229747
1.0042092266
0.9866709878
0.9803711733
0.9958604343
0.9936174431
1.0075091719
1.0229836133
1.0137023580
1.0121060544
1.0234000723
1.0266566893
1.0147718781
1.0140788753
1.0074458742
0.9938432558
1.0003058164
1.0143042477
1.0038526922
0.9861422260
0.9931711112
1.0036648341
0.9902218238
1.0005036758
0.9918168585
1.0041128885
1.0097248495
0.9930236978
0.9792906343
0.9773273237
0.9728591431
0.9729059347
0.9920369889
1.0046167838
0.9962126063
0.9891579054
0.9960109692
1.0010528808
0.9970088709
0.9980498314
