#flux
1.0184028812
1.0107912722
0.9960977258
1.0028805399
0.9902323845
0.9776640102
0.9876046232
0.9943211810
1.0006613534
1.0066781628
0.9821343795
0.9693472905
0.9737253888
0.9863763783
0.9887270876
0.9825516616
0.9862822372
0.9858765343
0.9683254841
0.9746506845
0.9883697006
0.9679983355
0.9498939312
0.9522487586
0.9507474468
0.9449083130
0.9570066707
0.9599638195
0.9499932385
0.9748431899
0.9876669988
0.9821465913
0.9671197531
0.9738761525
0.9947237333
0.9805412800
0.9516540959
0.9434454205
0.9541035344
0.9731223280
0.9866368615
0.9962542358
1.0136803389
1.0257095254
1.0214498877
1.0092534346
0.9925198458
0.9920360380
0.9803072923
0.9808464768
0.9731651099
0.9739908026
0.9806590863
0.9856175162
0.9905110109
0.9699787095
0.9485243861
0.9541920958
0.9812822249
1.0041457456
1.0100361499
1.0033247567
0.9925450292
0.9849743029
0.9804964283
0.9688221176
0.9514403245
0.9496901452
0.9501807593
0.9584863091
0.9554705863
0.9504232791
0.9438938651
0.9345946109
0.9498835989
0.9595141603
0.9740650171
0.9788792590
0.9667156942
0.9646455085
0.9699877707
0.9654449996
0.9586614693
0.9561345652
0.9527790871
0.9507139531
0.9472604923
0.9487655771
0.9194697780
0.8964587646
0.8756843368
0.8692285764
0.8777283922
0.8741677108
0.8889100836
0.9163547081
0.9251542523
0.9183188796
0.9166641446
0.9286468841
0.9443600027
0.9422373000
0.9153110039
0.8963120171
0.9150741415
0.9464894225
0.9538490765
0.9406235781
0.9524742640
0.9660526557
0.9433199578
0.9277079695
0.9364400745
0.9163001212
0.9260146491
0.9220130574
0.9131610272
0.9173141184
0.9475673477
0.9551577490
0.9299914995
0.9134470758
0.9193335238
0.9195237821
0.9015456114
0.8909600767
0.9032325830
0.9215660996
0.9446538825
0.9314901632
0.9213918898
0.9218986548
0.9197583181
0.9174615887
0.8793223364
0.8840371821
0.8898636182
0.8953295001
0.9132183642
0.9166287381
0.8984008608
0.8813766464
0.8788689922
0.8861996271
0.8971630486
0.8919707667
0.8683650905
0.8744022872
0.8867387681
0.8862219898
0.8716529612
0.8665443942
0.8755560484
0.8762696383
0.8771864632
0.8954348839
0.8770192299
0.8686693034
0.8637430991
0.8523757562
0.8398258509
0.8375292187
0.8438749742
0.8496662903
0.8598215825
0.8665163363
0.8493627866
0.8391320080
0.8591548335
0.8492484925
0.8504430934
0.8367411664
0.8041896646
0.7970941957
0.8144736804
0.8087529530
0.8082309222
0.8360752817
0.8261271572
0.7984138462
0.7984749930
0.8050920625
0.7920536076
0.7732441016
0.7669279308
0.7683276109
0.7718927894
0.7731893353
0.7690812648
0.7919934718
0.7838872647
0.7539172925
0.7443400927
0.7355769345
0.7160258991
0.7143581952
0.7154844829
0.7083229969
0.7022523442
0.6759689304
0.6348964365
0.6059089899
0.5892795055
0.5600895971
0.5134421666
0.4676231373
0.4283254297
0.3993125223
0.3877230842
0.3689861594
0.3624460802
0.3518262962
0.3313036861
0.3359610073
0.3269549089
0.2977305440
0.2834320751
0.2808248864
0.2899833795
0.3127260800
0.3366410896
0.3797606462
0.4168790033
0.4478651304
0.4888883323
0.5327139511
0.5651224882
0.5862719116
0.6027794378
0.6155472445
0.6304924767
0.6555932303
0.6614137850
0.6942599043
0.7271971126
0.7013147859
0.6814414261
0.6949580872
0.7125094765
0.7318986214
0.7448935262
0.7449906674
0.7571920748
0.7649375038
0.7659222120
0.7793308638
0.7891414234
0.7797986797
0.7747195391
0.7819237815
0.7971059398
0.8264671040
0.8171514056
0.7944649300
0.8160363661
0.8166697323
0.8246620031
0.8213030202
0.8303318784
0.8467785560
0.8513403656
0.8570808364
0.8626599789
0.8489914448
0.8394557962
0.8356046449
0.8324393272
0.8386610304
0.8481188410
0.8566476795
0.8637442506
0.8624319191
0.8560297253
0.8627473980
0.8730818930
0.9062447219
0.8956808230
0.8728437704
0.8607027532
0.8628996013
0.8764182005
0.8889565764
0.9002858197
0.9133855121
0.9176885730
0.9179860085
0.9327321866
0.9385284337
0.9186378575
0.9053546762
0.9018632868
0.8981392495
0.8971569179
0.9070571466
0.9186125263
0.9210456784
0.9211557611
0.9229772852
0.9082060490
0.9227244225
0.9116152336
0.9116056804
0.9152553964
0.9220288501
0.9175085129
0.9040626698
0.9052391575
0.9111104567
0.8955557219
0.8845888366
0.9064571981
0.9260127498
0.9320713121
0.9086200150
0.9249005242
0.9459113467
0.9329690686
0.8944938413
0.8581842875
0.8382451721
0.8327253247
0.8270963550
0.8030327303
0.8318716650
0.8587119352
0.8627370746
0.8610009024
0.8688682841
0.8796794944
0.8788556487
0.8839552937
0.9085048952
0.9249630771
0.9286515993
0.9347355161
0.9270930002
0.9095424051
0.9346189839
0.9268994253
0.9036168935
0.9053315216
0.9177083710
0.9159682448
0.9154037972
0.9287625406
0.9244550588
0.9227549655
0.9214204158
0.9265806284
0.9470250460
0.9511938434
0.9434716302
0.9526713250
0.9597042807
0.9499367636
0.9335068486
0.9183954609
0.9461892942
0.9519628252
0.9446036814
0.9528662894
0.9511560019
0.9597092631
0.9806952172
0.9877223272
0.9694725894
0.9577398062
0.9738724906
0.9837078838
0.9682818430
0.9441908854
0.9266175835
0.9289824214
0.9340986799
0.9367776533
0.9181675046
0.9056321679
0.9123699918
0.9391092689
0.9461551454
0.9268613798
0.9320936228
0.9296257854
0.9488614595
0.9394867968
0.9310581383
0.9332019114
0.9445073811
0.9622677335
0.9632835197
0.9446943598
0.9418867260
0.9666875295
0.9879871596
0.9845868967
0.9680773218
0.9656345316
0.9570096661
0.9437796746
0.9574195818
0.9273814307
0.9116928849
0.9047071678
0.9007653899
0.9099757247
0.9227974207
0.9344882104
0.9531981554
0.9534345075
0.9445672532
0.9513929452
0.9548926160
0.9466581540
0.9490334783
0.9457593360
0.9120253445
0.8993066802
0.9126495516
0.9236824347
0.9363705577
0.9309764199
0.9465023138
0.9509890011
0.9404169641
0.9475537916
0.9346079669
0.9319317009
0.9351415365
0.9302843276
0.9313110013
0.9514814464
0.9768447283
0.9861528657
0.9813032666
0.9689073041
0.9445016284
0.9465304024
0.9440617827
0.9412304188
0.9516844277
0.9538257667
0.9482694127
0.9633021768
0.9774076431
0.9815906579
0.9757745988
0.9534777246
0.9580589576
0.9789549869
0.9859804609
0.9871019808
0.9950962750
1.0100188006
1.0164681613
1.0000620286
1.0001583931
1.0080443719
0.9829975923
0.9761347268
1.0113320431
0.9958785944
0.9818876506
0.9680316247
0.9857977627
0.9741441307
0.9853628803
1.0023421830
1.0012908468
0.9817121657
0.9742359278
0.9868888080
0.9993401705
0.9979368511
0.9844489386
0.9761626593
0.9877713875
0.9918837364
0.9791551584
0.9762985506
0.9765324078
0.9598830454
0.9388775912
0.9551076157
0.9702533576
0.9615106668
0.9608646678
0.9615706662
0.9478422331
0.9590611488
0.9807399810
0.9802369758
0.9836820003
1.0038414429
0.9969251267
0.9733115770
0.9847771612
0.9861758056
0.9740089413
0.9703992072
0.9695567635
0.9659977269
0.9695100352
0.9717372377
0.9641603794
0.9730655965
0.9770007902
0.9737346345
0.9606856662
0.9667658024
0.9737650662
0.9840424980
1.0019625802
1.0138513923
1.0145577270
1.0113893057
1.0048609048
0.9877348309
0.9674716125
0.9616163013
0.9629706967
0.9684657392
0.9585113641
0.9623600032
0.9851132365
1.0026084157
0.9954470842
0.9745257246
0.9722544509
0.9699557313
0.9630038610
0.9641929598
0.9683118761
0.9776971103
0.9796330296
0.9737541461
0.9891100488
1.0144053846
1.0170788181
0.9807287801
0.9680912443
0.9582326276
0.9836079321
0.9863918561
0.9807362162
0.9655682472
0.9566906925
0.9824289934
0.9939527859
0.9969997862
0.9943698733
0.9887227705
0.9873760618
1.0047100798
1.0117412671
1.0025726545
0.9973781677
0.9921012609
0.9985514341
0.9722052945
0.9536046778
0.9701136122
0.9759751507
0.9695794032
0.9821695245
1.0185639606
1.0169884898
1.0169353620
0.9931965910
0.9629195877
0.9485096512
0.9564340349
0.9624237107
0.9705292527
0.9825626202
0.9871106873
0.9881429303
0.9876987906
0.9769002352
0.9696786354
0.9793470103
0.9734967002
0.9634296055
0.9510597375
0.9721054630
0.9780502968
0.9528283117
0.9599103245
0.9866532265
0.9946715507
0.9902175325
0.9940330578
1.0046442619
1.0050421074
0.9900814834
0.9681865099
0.9482374237
0.9517741741
0.9798101054
0.9852799016
0.9792474153
0.9886946442
0.9769319358
0.9358274610
0.9269252607
0.9447932231
0.9616168086
0.9664441594
0.9740462698
0.9734742232
0.9653577773
0.9710693231
0.9751918724
0.9645957826
0.9566608503
0.9639476697
0.9686164907
0.9769224220
0.9930285059
0.9879756769
0.9942358022
0.9992955823
0.9864422253
0.9903315812
0.9748803644
0.9657652816
0.9784899947
0.9807038846
0.9828447918
0.9808521538
0.9688332094
0.9576292094
0.9415572956
0.9612629940
0.9922711721
0.9932097901
0.9934991270
0.9952537978
0.9881591141
0.9937151057
0.9798261483
0.9774042920
0.9919462461
1.0005116574
1.0002949689
1.0012663905
1.0052277188
0.9898757418
0.9822667380
1.0069397053
0.9955129562
0.9855212661
1.0002334950
1.0073210198
0.9937083314
0.9720254471
0.9808240799
1.0102983816
1.0225460548
1.0180256086
1.0023246605
0.9873940335
0.9852600946
0.9931219096
1.0008947128
0.9923883244
0.9819194344
0.9735923151
0.9815077286
0.9798351310
0.9806913982
0.9721647809
0.9791233307
0.9712190111
0.9725511671
1.0013565043
1.0182951073
1.0099445503
1.0033697878
1.0072878977
1.0109605112
1.0050752841
0.9875397374
0.9795733735
1.0006954237
1.0082429237
0.9810383355
0.9923566073
0.9802416424
0.9634813473
0.9698074429
0.9852528523
0.9939820659
1.0107517701
1.0051169336
0.9939742620
1.0010370714
0.9988047709
0.9821355395
0.9836152065
0.9960553377
0.9992232612
1.0146405299
1.0199073415
0.9861537411
0.9784595098
0.9729739507
0.9913346462
0.9703195774
0.9765740976
0.9734450630
0.9793570854
0.9576589555
0.9186337920
0.8641389541
0.8213801495
0.8143179546
0.8345435839
0.8669098663
0.9028037544
0.9326719455
0.9530642474
0.9615794316
0.9502365548
0.9449614674
0.9563425114
0.9453039469
0.9213356408
0.9293512489
0.9072667664
0.8817438291
0.8482494366
0.8484650230
0.8574394016
0.8733510762
0.9149645493
0.9549266357
0.9675459030
0.9656784771
0.9620534029
0.9571576574
0.9626831525
0.9804731260
0.9888678837
0.9953908746
1.0062254487
0.9959307405
1.0019165693
0.9700931656
0.9837684540
0.9918806105
1.0141557182
1.0055048364
1.0047912458
0.9946540832
0.9840210205
0.9979220825
1.0192339798
1.0205542259
1.0092704717
0.9987277831
0.9873809905
0.9840942462
0.9942173119
0.9981310020
1.0004394271
0.9909687761
0.9940592644
1.0036549607
1.0160330104
1.0015597059
1.0114274519
1.0119434003
0.9857380209
0.9883572922
1.0055904071
1.0118802973
1.0126361924
1.0069860438
0.9951624170
0.9951452467
1.0090834754
1.0111278408
0.9915593976
0.9736315171
0.9815445668
1.0096802082
1.0014283587
0.9569470126
0.9726912509
0.9853210840
0.9519502444
0.9407084719
0.9229593693
0.9158034890
0.9408715918
0.9606090082
0.9676066371
0.9753054013
0.9828940408
0.9958137427
1.0057997964
0.9988877293
0.9945031756
1.0054498043
1.0129690902
1.0054980729
0.9854242447
0.9703896671
0.9723601325
0.9561005094
0.9867482052
0.9978510647
1.0110851430
1.0026048494
0.9950535504
0.9826385409
0.9761872097
0.9610501032
0.9549328499
0.9581798685
0.9736942518
0.9922048580
0.9959416553
1.0128303871
1.0319132262
1.0198225734
1.0046251854
1.0021664581
1.0141114432
1.0265210513
1.0069610344
0.9967663390
1.0081514946
1.0200872560
1.0262927806
1.0197920005
0.9998767383
0.9890091423
0.9962942733
1.0124874448
1.0194683250
1.0022961079
0.9822575899
0.9954574311
1.0229674819
1.0276463816
1.0231943721
1.0187427810
1.0184781441
1.0145445784
1.0266616506
1.0201876297
1.0024485022
0.9852787009
0.9784044400
0.9926342778
0.9983118207
0.9975912442
1.0067153916
1.0077906945
1.0104272615
1.0137859294
1.0022981039
0.9950263254
1.0108190521
1.0289220219
1.0102927753
0.9984553990
0.9957934176
0.9958718604
1.0020689861
1.0235579645
1.0200694203
1.0068660389
1.0094805685
1.0354711914
1.0332572087
1.0029308808
0.9871029833
0.9950062556
0.9986069209
0.9925165674
0.9929613652
1.0019166393
1.0088004490
0.9988057199
0.9770785964
0.9931646553
1.0025113227
1.0285784391
1.0313375304
1.0467005595
1.0112403117
0.9931693437
0.9884141251
0.9696689649
0.9952050479
0.9961573472
1.0142508390
1.0302405706
1.0335515580
1.0326585056
1.0253341785
1.0127569715
0.9939525512
0.9754329567
0.9829577876
0.9942679238
0.9731482329
0.9428720343
0.9275237447
0.9439274717
0.9691682073
0.9833428664
1.0200466152
1.0233540766
0.9866473403
0.9791408929
1.0061106404
1.0101145309
1.0077600596
1.0058605558
0.9921783200
0.9909499019
0.9987538484
0.9907808075
0.9956354512
1.0075237246
1.0145666254
1.0053886825
1.0196985639
1.0039170008
0.9859533732
0.9742260783
1.0259705553
1.0457470856
1.0269785076
1.0207588087
1.0249169592
1.0144941406
0.9968846312
0.9806567382
0.9761121974
0.9913421518
1.0069877717
1.0079913736
1.0135937395
1.0200346132
0.9958487637
0.9665637896
0.9808038708
1.0087974350
1.0038316840
0.9871717429
0.9758602727
0.9887416781
0.9946742648
1.0035485711
0.9931860787
0.9864939469
0.9836591855
0.9778762436
0.9923527169
1.0105243888
1.0018038774
0.9876346136
0.9964892540
1.0122154237
1.0143007843
1.0189415534
1.0006140798
0.9864819691
1.0066870667
0.9844772881
0.9580845799
0.9665352573
0.9873680949
0.9993801215
0.9999939794
0.9961977671
0.9995422563
1.0032791884
0.9871496232
0.9524895670
0.9149335908
0.8953177354
0.9131747846
0.9539931619
0.9794011165
0.9858592914
0.9844774165
0.9746179176
0.9635512829
0.9394291627
0.9518161012
0.9774740056
0.9986004811
0.9921766438
1.0169593874
1.0142306918
1.0030483248
0.9853445798
0.9889844190
0.9957579985
0.9947542967
0.9897427532
0.9887250359
1.0023565267
0.9994988424
0.9815573933
0.9979561973
1.0158064057
1.0146242793
1.0087887337
1.0134611199
1.0123135354
1.0026879989
0.9954229574
0.9974862075
0.9984656061
1.0025749214
1.0151642926
1.0209507998
1.0163969868
1.0087700005
0.9979170663
0.9932292293
1.0073826303
1.0192185816
1.0060499039
0.9996608622
1.0156034035
1.0026226689
0.9987698594
1.0165649615
1.0178246711
1.0039914084
1.0080460881
1.0266692876
1.0266058984
1.0374109386
1.0237614814
0.9998375238
1.0039229244
1.0199906715
1.0239049265
1.0102615149
0.9969897652
0.9987757407
0.9953082828
0.9877112636
0.9826721110
1.0206837876
1.0185255222
1.0180068517
1.0079270793
0.9817622086
1.0162190860
0.9931455674
1.0027864990
0.9984438800
0.9798022943
0.9846140188
0.9928547519
0.9853123037
0.9854972254
1.0019580893
1.0121908394
1.0088946875
0.9964697021
0.9730361276
0.9660213059
0.9907107598
1.0257199938
1.0392833317
1.0272605588
1.0210898386
1.0207283461
1.0140165038
1.0119681052
1.0218028200
1.0212252405
1.0024281999
0.9836616544
0.9786038147
0.9716982022
0.9740629562
0.9908113278
0.9965996332
0.9865436244
0.9831188798
0.9955216855
0.9948812528
1.0105958338
1.0084570517
1.0131788877
1.0147898563
1.0098772887
1.0272512517
1.0007992001
0.9860899606
0.9916289628
1.0025367408
1.0130203550
0.9908856679
0.9717255068
0.9634318274
0.9707820940
0.9875910560
1.0006536933
1.0290273025
1.0421684264
1.0265739166
1.0287099609
1.0456995149
1.0444189676
0.9983904280
0.9834208189
0.9858809401
0.9995992084
1.0005352478
0.9846790483
0.9877017629
0.9808750646
0.9886151980
1.0035327763
1.0154675587
1.0125756480
1.0099398302
1.0120907790
1.0123104882
1.0296700121
1.0245079358
1.0129336559
1.0119984583
0.9966809939
0.9687014337
0.9491300364
0.9984110869
1.0009429583
1.0037887721
0.9976572670
1.0150604301
1.0201604351
1.0127183875
1.0029011961
1.0010054637
1.0233923212
1.0370711907
1.0185378504
1.0043612384
1.0037544895
0.9956339128
0.9998197400
1.0091480913
1.0193439009
1.0395888715
1.0353048580
1.0080575029
1.0027719217
1.0245079742
1.0351587726
1.0250655768
1.0147586568
1.0163528531
1.0113771765
0.9987131172
0.9932943713
1.0015955604
1.0208340626
1.0315776497
1.0233285248
1.0214843883
1.0256110970
1.0089040291
0.9986954539
1.0173289114
1.0194872140
1.0168645284
1.0060606814
0.9975030270
0.9898222685
0.9771809349
0.9814566495
1.0191966514
1.0317930938
1.0030787920
0.9994053466
1.0097276694
1.0079976873
0.9992737602
0.9918114251
1.0020182930
1.0102612064
1.0036587648
1.0176403960
1.0234315754
1.0094083172
1.0067342530
0.9945218847
0.9866402309
1.0014065953
1.0171126550
1.0130174907
0.9883041453
0.9743497816
0.9835837759
0.9984098540
0.9929487280
0.9783890704
0.9721813892
0.9782805110
0.9912002111
1.0070599668
1.0312247736
1.0196180961
1.0397565400
1.0058210346
0.9677777819
0.9790440152
0.9980377311
0.9890254131
1.0032026198
1.0133946176
1.0137923395
0.9996934507
0.9830129861
0.9753898429
0.9871544030
0.9924778926
0.9943871597
1.0096176102
1.0042800112
0.9827547393
1.0052815847
1.0232162339
1.0067079214
1.0128903030
1.0345625021
1.0025636569
0.9978396068
0.9952860644
0.9980162761
0.9983111611
0.9925740046
0.9951256353
1.0106046997
1.0150421578
1.0024776163
0.9877175054
0.9820461933
0.9908580940
1.0017219568
1.0099840033
1.0283688766
1.0331468957
1.0272185855
1.0091026504
0.9429436804
0.9259692744
0.9650442485
0.9778590742
0.9739937247
0.9828156938
1.0052193458
1.0023252514
1.0121006976
1.0111175642
1.0062607259
1.0250079409
1.0324017055
1.0161645502
1.0110770417
1.0183878876
1.0153258000
1.0090221534
1.0094597357
0.9956712736
0.9850532181
0.9893299765
0.9921077905
0.9916854531
0.9953006453
1.0156236447
1.0158318508
0.9867714324
0.9768713031
0.9955479698
1.0057116443
1.0015440850
0.9977047601
0.9881779088
0.9773030636
0.9747689385
0.9746783352
0.9831958642
1.0005486449
1.0001332328
0.9835636874
0.9979182657
1.0251715192
0.9991277369
0.9685916434
0.9837076516
1.0045278243
1.0011353001
0.9903997442
0.9962804633
1.0139352685
1.0225562709
1.0194560251
1.0120527367
1.0085142224
1.0099494982
1.0137993175
1.0257989881
1.0399709061
1.0307467677
1.0159290792
1.0198964914
1.0001131270
0.9789428404
0.9906962233
0.9930045785
0.9904887469
1.0175461923
1.0104619780
1.0087186175
1.0162534020
1.0156921248
1.0078314397
1.0128936213
1.0171703105
1.0157321569
1.0221095044
1.0311372468
1.0323728690
1.0191477200
1.0117137559
1.0225313075
1.0070009240
0.9949322452
0.9820168204
0.9829522292
0.9885615035
0.9870098902
0.9860235699
0.9696280348
0.9864972494
1.0223056836
1.0279500285
1.0343830560
1.0206368972
1.0035437278
1.0133610230
1.0226544564
1.0191423197
1.0162633021
1.0217463617
0.9762674791
0.9815540120
0.9832032608
0.9935710113
1.0045083048
0.9860643404
0.9905150275
0.9732163612
0.9810665882
0.9904982519
1.0081418747
1.0019252358
0.9820483390
0.9644520252
0.9575760686
0.9662693641
0.9811542446
0.9796016683
0.9690791407
0.9834707457
0.9878650908
0.9916218505
0.9746127904
0.9960666763
1.0267243078
1.0178204026
0.9763098490
0.9801324170
0.9826445325
0.9756718058
0.9750133766
0.9723036233
0.9609000115
0.9442677720
0.9110809581
0.8753812473
0.8624350282
0.8692534152
0.8855865106
0.9010185232
0.9017063461
0.9130341666
0.9441660562
0.9462918173
0.9466229876
0.9713828374
0.9399706894
0.9294194296
0.9590157430
1.0049077343
1.0089036275
0.9924057435
0.9999677844
0.9917358053
0.9692938265
0.9700015706
0.9874075943
0.9941087746
0.9774755766
0.9605453987
0.9876813329
1.0046805041
0.9867883901
0.9987295183
0.9866603240
0.9908976846
0.9587084348
0.9226270029
0.9167632003
0.9333826573
0.9529125550
0.9539312035
0.9738343315
1.0104211558
1.0270853647
1.0096614094
1.0009251512
1.0076327641
0.9997955198
0.9879261551
0.9825935129
0.9841063051
0.9948341133
1.0121283786
1.0293640900
1.0318675072
1.0353523805
1.0107091893
1.0128396621
1.0104857400
1.0178614320
0.9964656756
0.9902602903
0.9981874343
1.0117924953
1.0116183736
0.9981087220
0.9949082824
1.0070091320
1.0095754048
1.0070547528
1.0293880478
1.0351306022
1.0478549473
1.0347799843
1.0230864759
1.0375285901
1.0331869041
1.0198796285
0.9864768778
0.9724702404
0.9840614867
0.9997364443
0.9966127073
0.9807710199
0.9744268503
0.9906333323
1.0113109761
1.0075466316
0.9851523038
0.9775890545
0.9921545836
1.0049533330
1.0029156544
0.9885637655
0.9785436146
0.9915929413
1.0105248389
1.0131597233
1.0235282027
1.0355811571
1.0239211232
1.0177784576
0.9876247895
0.9729348975
0.9891789084
0.9941942998
0.9874118667
0.9768233231
0.9755003789
0.9906512923
0.9969658288
1.0002282536
0.9842330673
0.9890158488
0.9958879623
0.9891483832
0.9733075667
0.9885409225
0.9973521119
1.0023327492
1.0025442487
1.0157606140
1.0298373946
1.0313822820
1.0207884224
1.0165886407
1.0198655689
1.0266230130
1.0323253137
1.0316730150
1.0239084267
1.0102111271
1.0023565718
1.0001011323
1.0099739970
1.0133641777
1.0057317327
0.9875102137
1.0068294495
1.0231466843
1.0071994750
1.0315562378
1.0191147370
0.9903447617
0.9793836849
0.9876036492
0.9982293046
1.0129564000
1.0210230051
1.0167051404
1.0167779324
1.0153423369
1.0044555373
1.0015243968
0.9955910601
0.9933461284
0.9968869875
1.0133072673
1.0229383203
1.0291795734
1.0267412476
1.0060681910
0.9838542779
0.9867164953
0.9746516627
0.9768941987
0.9712895128
0.9378492554
0.8859123458
0.8598375393
0.8673936944
0.8770319365
0.9081556154
0.9468349624
0.9711848236
0.9778446035
0.9838727537
0.9754686048
0.9372760705
0.9231145012
0.9616161065
0.9762912782
0.9738640378
0.9931468764
1.0205581717
1.0117248748
0.9919496037
0.9836719971
0.9947196574
1.0021330491
0.9925398752
0.9905654427
0.9992814281
0.9996187773
0.9910931329
0.9817938221
0.9885816233
0.9807767314
0.9888338883
1.0205442957
1.0601057424
1.0445022655
1.0050205386
0.9971659171
1.0080232177
1.0188009986
1.0197226525
1.0104740003
1.0017684615
1.0217557038
1.0436634958
1.0230040482
1.0014748873
1.0113921523
1.0031835857
1.0085169693
1.0291838371
1.0089834107
1.0103510606
1.0119586486
0.9924822099
0.9910878139
1.0007454500
1.0020852441
0.9931077536
0.9806387567
0.9697157902
0.9863798285
1.0132046203
1.0261907528
1.0181521105
0.9998538502
0.9872128384
0.9891498824
1.0059698221
1.0085858895
1.0195303540
1.0068563587
1.0078630215
0.9544931585
0.9390474994
0.9864305296
1.0175311869
1.0274078459
1.0139915025
0.9968910921
1.0037447832
1.0265371252
1.0274658501
1.0104503230
0.9908853269
0.9839718282
1.0037551715
1.0268558478
1.0242733859
1.0185504538
1.0236105291
1.0160544651
1.0123639174
1.0107987381
1.0022407061
0.9970676061
1.0222646230
1.0339458285
1.0210718397
1.0037872984
1.0132564910
1.0371453683
1.0343296131
1.0154646397
1.0009186943
0.9887443532
0.9874912429
1.0032167100
1.0128821620
1.0085774034
1.0110767079
1.0156941950
1.0029202839
0.9947252285
0.9791513343
1.0189574916
1.0532298308
1.0153015198
0.9896366947
0.9897285386
0.9906449429
1.0056574991
1.0244945397
1.0156940311
0.9961880056
0.9944133439
1.0120847295
1.0242409622
1.0188147463
1.0168394044
1.0164796427
1.0181859113
1.0119600976
1.0120380463
1.0331033287
1.0315143090
0.9751642177
0.9774052075
0.9785714222
1.0031485635
1.0123873961
1.0513057968
1.0489695285
1.0253802692
1.0051310549
1.0094522024
1.0220778663
1.0270194820
1.0406676809
1.0442067003
1.0284933338
1.0356619498
1.0270712799
1.0221478992
1.0388838262
1.0286026390
1.0103778643
1.0145673380
1.0384348375
1.0467891268
1.0318313249
1.0000741982
0.9848194101
0.9807012947
0.9892100491
1.0109899605
1.0234518552
1.0285599059
1.0365138450
1.0379959588
1.0297958215
1.0076907673
0.9984449801
0.9824396751
0.9948767676
0.9988687477
0.9834997090
1.0116068292
1.0137290553
1.0174168534
1.0221079600
1.0391902842
1.0301433637
1.0268527304
1.0194613403
1.0104758796
1.0108767933
1.0118296239
1.0101850888
1.0107981125
1.0153196893
1.0267979671
1.0296579690
1.0294917727
1.0239330460
1.0124682758
1.0152608361
1.0136314058
1.0067967880
1.0180054523
1.0408035592
1.0457616548
1.0364902406
1.0211885528
1.0365798257
1.0423440256
1.0325072265
1.0194387196
1.0135993299
1.0209937608
1.0197125992
1.0099667667
1.0206520931
1.0223965882
1.0204005431
1.0165061002
1.0062545601
0.9989435283
1.0017344264
0.9944389950
0.9803636208
1.0048018558
1.0368113411
1.0494753168
1.0491313009
1.0289794137
1.0038514504
1.0170440544
1.0498761882
1.0594388653
1.0473032038
1.0420276682
1.0526270075
1.0312463656
1.0164516076
0.9989141250
0.9957563691
0.9994762339
1.0029571042
0.9984903328
0.9957868600
1.0016027563
1.0077382916
1.0075300159
1.0021219835
0.9857945601
0.9828156699
0.9997633580
1.0209028817
1.0298474186
1.0291141007
1.0281630932
1.0192057578
1.0076381107
1.0093692047
0.9990885544
0.9978772021
1.0121395971
1.0095362403
1.0156262364
1.0251643902
1.0089418299
1.0138873767
1.0284043921
1.0442013138
1.0307547206
1.0077061697
1.0129983151
1.0193084764
1.0018871596
1.0100057725
1.0482049970
1.0478937583
1.0253262074
1.0265756725
1.0292537739
1.0250108433
1.0080611042
1.0309922099
1.0102750737
0.9964375982
1.0148880263
1.0402695083
1.0318670792
1.0271178135
1.0399101632
1.0476067929
1.0314355757
1.0227590510
1.0298822016
1.0260168703
1.0159163860
1.0239949764
1.0232695337
0.9852004555
0.9786876385
0.9962085298
0.9777603979
0.9696211044
1.0016776314
1.0062496001
1.0217161103
1.0176999778
1.0233200514
1.0135187219
1.0175171167
1.0176618200
1.0203162115
1.0251033067
1.0288333982
1.0382412054
1.0370132577
1.0127640820
1.0040225634
1.0218629689
1.0129771204
1.0039376453
1.0106210330
1.0264238508
1.0193184484
1.0161024134
1.0000807133
1.0129151508
1.0361204332
1.0356087740
1.0247129288
1.0258946883
1.0288419299
0.9974292660
0.9516116765
0.9246184373
0.9142690319
0.8969127074
0.8695039995
0.8577865160
0.8720782576
0.9143293040
0.9702046549
0.9788089891
0.9680654258
0.9988945860
0.9906112803
0.9837779738
0.9659442387
0.9522676767
0.9465290831
0.9842144291
1.0179662151
1.0290440577
1.0233380185
1.0210172390
1.0152859880
1.0089678266
1.0200941483
1.0352143944
1.0380115861
1.0195977655
0.9905184256
0.9944765424
1.0283636078
1.0042537980
1.0161778483
1.0202915791
1.0230994213
1.0126545132
0.9975251578
0.9953585410
1.0139306585
1.0535150928
1.0484061289
1.0239409270
1.0117123641
1.0140433764
1.0268343472
1.0351826064
1.0331790520
1.0184027848
1.0111125920
1.0134854279
1.0308989771
1.0215134513
1.0340080046
1.0155311634
1.0444697157
1.0300124817
1.0337022940
1.0263791641
1.0005295309
1.0064812469
1.0168234954
1.0083099107
1.0048226853
1.0083536348
1.0089859902
1.0110948249
1.0278219727
1.0585807712
1.0466936433
1.0101724007
1.0111403523
1.0351718569
1.0569836995
0.9854837932
0.9746131173
0.9910348574
0.9964345681
1.0164176818
1.0206440942
1.0219340021
1.0089785434
1.0172147741
1.0333735660
1.0272315748
1.0125590326
1.0138180548
1.0184111987
1.0126884900
1.0247334517
1.0328945112
0.9907112475
1.0181386341
1.0155624451
0.9981185957
1.0025256905
1.0240841323
1.0167664360
0.9991694101
1.0002356298
1.0279657199
1.0484695554
1.0288357399
1.0069139162
1.0179787890
1.0368116309
1.0425980894
1.0426974621
1.0372738376
1.0215511926
0.9949449387
0.9984523016
1.0401933542
1.0299864740
1.0198426287
1.0240473369
1.0130388537
1.0266246233
1.0378412168
1.0168240450
1.0223066245
1.0103170356
1.0197870521
1.0194723842
1.0289235695
1.0331763306
1.0336551682
1.0425897597
1.0363949184
1.0235312830
1.0078978615
1.0078126098
1.0316121756
1.0160237732
1.0066684708
1.0192070094
1.0187196255
1.0289598549
1.0255166085
1.0083975209
1.0139760496
1.0346522482
1.0476170345
1.0470753791
1.0401394579
1.0185268417
1.0138426869
1.0195053879
1.0163141960
1.0338139322
1.0426665438
1.0119713024
0.9845279015
1.0278981328
1.0336158540
1.0475328197
1.0654152911
1.0355232837
0.9908386594
0.9949545221
1.0051837253
0.9949857506
0.9978580554
1.0163830700
1.0196784809
1.0335868090
1.0292034032
0.9961097028
0.9936675325
1.0253939135
1.0301777781
1.0038829893
1.0050875557
1.0216542442
1.0131007986
1.0039787000
1.0188037112
1.0165918831
1.0081834442
1.0124626857
1.0182363573
1.0246330366
1.0181746360
1.0174971097
1.0224026219
1.0080897835
0.9974823749
1.0058253575
1.0153093174
1.0184323966
1.0198231164
1.0171442423
1.0004965665
0.9812371022
1.0151645173
1.0158073262
1.0187034973
1.0264076556
1.0480954119
1.0438259401
