#flux
0.9789851642
0.9741398875
0.9801020706
0.9801095468
0.9686084288
0.9774690052
0.9805576539
0.9613298776
0.9631055471
0.9735757143
0.9830658011
0.9852551432
0.9762923596
0.9712346510
0.9741617925
0.9756912237
0.9733760671
0.9659214167
0.9613484005
0.9632285398
0.9702665018
0.9733258911
0.9683713122
0.9649277260
0.9673271024
0.9712391852
0.9548069644
0.9505095938
0.9414583779
0.9384938911
0.9501565397
0.9627894243
0.9688130050
0.9756412266
0.9756365242
0.9667833407
0.9664037741
0.9764431408
0.9892832408
0.9970676446
0.9970738395
0.9965676070
0.9980220456
0.9918054033
0.9949360038
0.9944249911
0.9800191433
0.9801569570
0.9775617107
0.9779526172
0.9798824851
0.9722267926
0.9668376041
0.9727574144
0.9795320244
0.9840343434
0.9893648348
0.9860965434
0.9761440435
0.9779575492
0.9860285080
0.9818100672
0.9688352032
0.9657843010
0.9667336145
0.9640913650
0.9578567150
0.9466268437
0.9224369220
0.9001125725
0.8897960735
0.8847467871
0.8855900624
0.9027793174
0.9255411953
0.9430313381
0.9586857726
0.9669854012
0.9631492519
0.9538212026
0.9502498298
0.9492817405
0.9433482022
0.9447834683
0.9515564799
0.9485058206
0.9410814387
0.9224927253
0.9021810392
0.8774831594
0.8506150026
0.8353900513
0.8395829171
0.8575303325
0.8796265906
0.8969783413
0.9104375889
0.9193426008
0.9107592104
0.8930467137
0.8749053226
0.8619431422
0.8604705593
0.8746593883
0.9050036368
0.9195516711
0.9346211508
0.9423112804
0.9525051565
0.9588821448
0.9499533349
0.9307603528
0.9149448394
0.9053916806
0.9007491416
0.9045308404
0.9230831507
0.9427279149
0.9417505060
0.9389980532
0.9419487326
0.9452643356
0.9403570348
0.9329001576
0.9476370717
0.9613131705
0.9594580114
0.9409706383
0.9270536344
0.9333595561
0.9382007359
0.9394919526
0.9458293736
0.9460464890
0.9350422612
0.9287489798
0.9275241054
0.9221194175
0.9208415879
0.9198771060
0.9178859167
0.9191039079
0.9269970200
0.9333847303
0.9329719256
0.9395847152
0.9404961108
0.9344002512
0.9314140925
0.9154420484
0.9094349327
0.9155537147
0.9198792451
0.9181108624
0.9145284508
0.9103704958
0.9041274391
0.8963784322
0.8862138717
0.8735085938
0.8674978151
0.8659433968
0.8691993337
0.8804538026
0.8898339721
0.8887992038
0.8908202837
0.8975127564
0.8991520976
0.8875686031
0.8753925841
0.8649625127
0.8626308723
0.8646161464
0.8593541164
0.8417705648
0.8182717078
0.8053145885
0.8159834612
0.8376255340
0.8453886618
0.8479888641
0.8586223721
0.8630818379
0.8646313570
0.8624628125
0.8552963647
0.8498851745
0.8474234342
0.8520372843
0.8542213544
0.8538052703
0.8568035478
0.8460231659
0.8264383271
0.8099241457
0.7953304497
0.7819693615
0.7668180648
0.7432804560
0.7144793547
0.6805115112
0.6390195862
0.5940332701
0.5393963589
0.4873835983
0.4311429779
0.3872271222
0.3539783910
0.3168365536
0.2912666497
0.2796874347
0.2697847445
0.2562962879
0.2515354227
0.2576266626
0.2663142124
0.2785914939
0.2985588628
0.3230355448
0.3504251950
0.3829883548
0.4203403753
0.4690374454
0.5273868395
0.5897639758
0.6444006834
0.6808193136
0.7099691773
0.7340918902
0.7532272394
0.7706456857
0.7858335823
0.7957822057
0.8001118618
0.8005991462
0.8108108055
0.8284931874
0.8388174297
0.8480388359
0.8517725749
0.8468025712
0.8509368712
0.8624025781
0.8617368680
0.8717617926
0.8695389770
0.8646039635
0.8630840687
0.8605921787
0.8691191973
0.8748121875
0.8789827357
0.8813251483
0.8803838864
0.8867786018
0.8977437890
0.9002691036
0.8957138045
0.8904551866
0.8878377818
0.8910308449
0.8918710300
0.9006558959
0.9132097625
0.9170718843
0.9179500555
0.9208750078
0.9115575369
0.8982896345
0.8966603056
0.9077481410
0.9205877879
0.9207492875
0.9212366399
0.9277414491
0.9317107722
0.9343328397
0.9395426157
0.9401245937
0.9378433984
0.9436162068
0.9372819706
0.9350555469
0.9257290855
0.9354952382
0.9530918263
0.9580644963
0.9538115010
0.9482181900
0.9438646122
0.9415222168
0.9423624668
0.9481824646
0.9564403850
0.9638389279
0.9695255196
0.9707515489
0.9636666298
0.9559214412
0.9610165597
0.9712830047
0.9726655791
0.9644525293
0.9531822921
0.9549379753
0.9728372917
0.9682127346
0.9618201455
0.9513258826
0.9536066795
0.9528259383
0.9491495026
0.9495309318
0.9471636619
0.9317972901
0.9012592465
0.8600737376
0.8118700534
0.7608471803
0.7230443173
0.7185313571
0.7466643211
0.8002801985
0.8640180106
0.9078949382
0.9334167651
0.9513423987
0.9508320820
0.9475440434
0.9534685375
0.9530612171
0.9496170093
0.9507792113
0.9519876077
0.9494255406
0.9532156491
0.9632509176
0.9651084410
0.9576584047
0.9538589391
0.9579011445
0.9608073981
0.9560827202
0.9532695390
0.9413939624
0.9250532738
0.9280038795
0.9284427635
0.9372671065
0.9496121129
0.9526661127
0.9492213969
0.9489829644
0.9554228621
0.9666697529
0.9767211959
0.9779245410
0.9788685233
0.9881751178
0.9905472481
0.9815738583
0.9754697723
0.9725373308
0.9676216013
0.9657532168
0.9732125998
0.9810355166
0.9732089057
0.9585913711
0.9560934673
0.9625808114
0.9681705958
0.9738207520
0.9727740127
0.9696460105
0.9595238645
0.9251848983
0.8736182403
0.8363690671
0.8251241904
0.8321486652
0.8653834548
0.9078958641
0.9383085391
0.9592313531
0.9734971389
0.9821352525
0.9853482564
0.9886254247
0.9847003060
0.9752470711
0.9714192891
0.9731000470
0.9768495289
0.9800547365
0.9845502562
0.9798915409
0.9704697499
0.9715005608
0.9680511072
0.9410751404
0.8985373175
0.8594693686
0.8490175792
0.8657268365
0.8925952745
0.9244557185
0.9318704853
0.9547858411
0.9746043753
0.9803696858
0.9746279017
0.9576363781
0.9158545169
0.8603355040
0.8090276244
0.7770570226
0.7784205664
0.8124990521
0.8616836256
0.9092304882
0.9434450228
0.9573678016
0.9682087690
0.9702414909
0.9794542802
0.9852425816
0.9849819926
0.9781610199
0.9876204306
1.0020046384
1.0042082383
0.9998325199
0.9978910148
1.0001954204
0.9955347107
0.9818042979
0.9738884910
0.9727823598
0.9728589655
0.9772982244
0.9768087530
0.9888012751
0.9909887903
0.9807489517
0.9818746787
0.9867612059
0.9826640624
0.9875730582
0.9883890575
0.9893045405
1.0008208463
0.9979594393
0.9937111854
0.9919838505
0.9874330537
0.9853073556
0.9877784201
0.9921297273
0.9974015407
0.9981590580
0.9921219361
0.9853162506
0.9837642194
0.9984990848
1.0055094699
0.9962476552
0.9977784655
1.0011975021
0.9997688508
0.9928294216
0.9916295760
0.9968334434
0.9958494313
0.9975059679
1.0061929501
1.0033228209
0.9913497802
0.9859619692
0.9877380224
0.9897848248
0.9851312027
0.9874607316
0.9954957856
0.9862803648
0.9825622963
0.9782571205
0.9795186900
0.9795165173
0.9764837437
0.9844370872
0.9985903795
1.0040024546
1.0051043113
1.0015285817
0.9948770156
0.9895020793
0.9896590127
0.9877667600
0.9803015375
0.9752759352
0.9654084652
0.9515583900
0.9526070336
0.9604768055
0.9635753310
0.9706408958
0.9849442761
0.9995573005
0.9925428713
0.9932704027
0.9914890587
0.9899878338
0.9848969293
0.9762989311
0.9655623909
0.9467427583
0.9235273847
0.9038268892
0.8920460809
0.8968702664
0.9204644798
0.9487361810
0.9697082855
0.9801598551
0.9768051093
0.9774950916
0.9801203332
0.9850452243
0.9892614812
0.9780982658
0.9726089971
0.9731067772
0.9814259835
0.9930168482
0.9970989883
0.9894869502
0.9770727847
0.9723978889
0.9811575099
0.9912033755
0.9845166479
0.9655142268
0.9565040603
0.9625866254
0.9747128113
0.9769164446
0.9778045375
0.9757501014
0.9816774332
0.9909947271
1.0008398237
1.0009778892
0.9853164308
0.9712052854
0.9707053088
0.9718840752
0.9656853202
0.9585196927
0.9461144468
0.9296010510
0.9261218711
0.9306160924
0.9526444798
0.9757210505
0.9857434582
0.9952570117
1.0055538324
1.0104203762
1.0119342095
1.0086314778
0.9964640602
0.9834268762
0.9803010850
0.9790259812
0.9822529545
0.9849616175
0.9858259084
0.9897659646
0.9920461422
0.9868229403
0.9852552829
0.9945873879
0.9938479795
0.9785348321
0.9676621531
0.9763877777
0.9881627710
0.9798891849
0.9779318105
0.9911310802
0.9932440147
0.9889139173
0.9844776528
0.9804830576
0.9795294279
0.9871624384
1.0005303900
1.0102740126
1.0041192123
0.9796104672
0.9464438895
0.9049268219
0.8577557947
0.8318784233
0.8419516526
0.8695123416
0.9122826531
0.9563230831
0.9714967471
0.9903681671
0.9936888891
0.9853107271
0.9807567198
0.9846570824
0.9925551815
0.9954989691
0.9872973348
0.9793821715
0.9813540931
0.9838480800
0.9776626253
0.9687031826
0.9675555820
0.9712346633
0.9636230043
0.9474685626
0.9451719923
0.9723615962
0.9898891220
0.9899354500
0.9893273593
0.9944834900
0.9957667529
0.9960412925
0.9965491476
0.9966357554
1.0028246007
1.0118594606
1.0160146846
1.0129623871
1.0031162714
0.9965477774
1.0000093097
0.9940384593
0.9886764977
0.9990701130
1.0014609148
0.9892930821
0.9856607824
0.9841804242
0.9816865519
0.9947490996
0.9991489074
0.9929098435
0.9800663481
0.9803741117
0.9919116435
0.9964931566
0.9949941956
1.0004668581
1.0108710291
1.0132018899
1.0039588177
0.9927002450
0.9896361607
1.0050060096
0.9998811564
0.9887954733
1.0008409806
1.0016598833
1.0040098340
1.0018399251
0.9946774866
0.9991496276
1.0031981143
0.9978180060
0.9950762721
0.9998965327
1.0013626312
0.9934168844
0.9850268980
0.9875799820
0.9973493520
0.9985039859
0.9895166568
0.9640819587
0.9483210202
0.9597372840
0.9721257649
0.9679090261
0.9793822083
0.9927136994
0.9927978146
0.9884612665
0.9801395691
0.9731743994
0.9775993285
0.9906162892
0.9965388993
0.9912013480
0.9863630349
0.9861092190
0.9844990342
0.9761201162
0.9458181466
0.9234900281
0.9113470118
0.9005559148
0.8926272368
0.8703084515
0.8125277358
0.7292606333
0.6548476102
0.6200786761
0.6263733270
0.6703894548
0.7469844282
0.8369138737
0.9119157043
0.9569568447
0.9774589628
0.9841364906
0.9814458899
0.9730126297
0.9692926128
0.9671680208
0.9140297691
0.8308286159
0.7496008611
0.7026376248
0.6997101203
0.7530458646
0.8289488940
0.8977327884
0.9455278673
0.9668385647
0.9732338451
0.9809713271
0.9881925484
0.9883006417
0.9832190880
0.9799452621
0.9869980793
0.9982283023
0.9956848421
0.9833720867
0.9806262985
0.9969470868
1.0061486601
0.9991634411
0.9967005871
0.9989769160
0.9960514039
0.9845459499
0.9736998861
0.9820437042
1.0029070397
1.0063110009
0.9911603168
0.9806884993
0.9812265918
0.9816166419
0.9759107358
0.9703061070
0.9756376386
0.9807305726
0.9802368625
0.9874791867
0.9988026055
1.0082476015
1.0029657208
0.9992021205
0.9974722134
0.9975167679
0.9933562676
0.9891062816
0.9958051756
0.9989792172
0.9951414047
0.9936964908
0.9934065169
0.9925984086
0.9995383418
1.0116294123
1.0105752983
1.0061221746
0.9953221331
0.9634646140
0.9281222478
0.8916943970
0.8586505154
0.8408132279
0.8441967817
0.8855393408
0.9398432827
0.9757150275
0.9947731167
1.0007374284
0.9974300312
0.9883384757
0.9796422779
0.9784482572
0.9819149654
0.9830903738
0.9780345096
0.9650057178
0.9450688248
0.9160089943
0.8941865135
0.9061859306
0.9320341141
0.9509335425
0.9639501560
0.9654742405
0.9534171852
0.9418558587
0.9314647138
0.9243091978
0.9348182891
0.9570284107
0.9760861935
0.9940579351
1.0124649377
1.0192142504
1.0087222636
0.9978850875
0.9877617448
0.9805861841
0.9911467630
1.0042966765
1.0016758283
1.0000392693
0.9978258375
1.0060700051
1.0072961825
1.0009973861
0.9961111836
0.9957765087
0.9975707665
1.0003451533
0.9996802511
0.9970201620
0.9981430923
0.9958410418
0.9890348884
0.9874158150
0.9897436572
0.9981623530
1.0046113443
1.0002631385
1.0058119170
1.0078050621
1.0010916044
0.9970220058
0.9839278889
0.9784285435
0.9783378773
0.9843161996
0.9931682567
0.9973709389
1.0023951181
1.0103022656
1.0133047546
1.0138763583
1.0119233608
1.0029183159
0.9897917148
0.9940137838
0.9850800268
0.9826715830
1.0005797524
1.0007286683
1.0073951873
1.0157911588
1.0124184383
1.0112168124
1.0111065178
1.0123097891
1.0153691534
1.0165179191
1.0155792682
1.0104903527
1.0032840303
1.0048563566
1.0101732856
1.0090322370
1.0010447197
0.9920153350
0.9898680551
1.0003708833
1.0014659095
1.0002347790
1.0159166160
1.0157795844
1.0001670110
0.9975206771
1.0091394672
1.0154272772
1.0133510682
1.0106450878
1.0109928932
1.0047060360
0.9942520452
0.9928901546
0.9828994003
0.9583504743
0.9319660070
0.9007105711
0.8810291013
0.8880183678
0.9151672272
0.9511336179
0.9805580905
1.0089164773
1.0133135212
1.0088017706
1.0031429098
1.0041919658
1.0049586028
0.9977122088
0.9891256273
0.9870500733
0.9915489974
0.9969725845
0.9947269870
0.9893351734
0.9911295384
0.9880919799
0.9834212454
0.9633702590
0.9497543364
0.9638289027
0.9715523383
0.9731732360
0.9848405882
0.9953996508
1.0020568155
1.0033764827
0.9945200300
0.9949417053
1.0047915677
1.0074213294
1.0024823818
0.9919430405
0.9781754300
0.9759482935
0.9767948889
0.9692342489
0.9657469138
0.9642634307
0.9709252013
0.9792675557
0.9829999515
0.9908829539
0.9957630990
0.9892287903
0.9781432733
0.9727580813
0.9824144413
1.0034206912
1.0148560484
0.9985985018
0.9686939723
0.9472057874
0.9316537535
0.9234454888
0.9217101855
0.9303057258
0.9619925497
0.9930118801
0.9980661861
0.9968589775
1.0135813203
1.0120349744
1.0026968503
0.9993066829
0.9945912794
0.9853558983
0.9764671589
0.9624551770
0.9262482855
0.8682078996
0.8106777260
0.7777508653
0.7905037753
0.8533554717
0.9323744224
0.9951229572
0.9955221108
0.9567280028
0.9404945498
0.9376877917
0.9427129425
0.9434349514
0.9494519910
0.9661683645
0.9824181271
0.9827937446
0.9837663686
0.9883676239
0.9878987492
0.9932685479
1.0032510858
1.0023697665
1.0020490912
1.0063575865
0.9955145607
0.9937614477
0.9898145023
0.9903835215
0.9998595573
0.9914717398
0.9848508400
0.9870521677
0.9919859835
0.9923643036
0.9957100698
1.0014587364
0.9958300383
0.9856112354
0.9860107680
0.9945590032
0.9965821870
0.9940596364
1.0004457585
1.0086576267
1.0070390777
1.0001497598
0.9925251409
0.9876987097
0.9876132166
0.9854500055
0.9933059240
0.9963917703
0.9967985889
0.9990752667
0.9936854782
0.9929799861
1.0007210244
1.0084661541
1.0140165275
1.0151487378
1.0152898829
1.0174206408
1.0128028071
1.0023609647
0.9979567847
0.9960345594
0.9957352411
0.9967587168
0.9895428372
0.9822419522
0.9803849880
0.9776387242
0.9743131158
0.9628877729
0.9638664540
0.9724693648
0.9791407658
0.9788979199
0.9638149393
0.9477037513
0.9458283947
0.9605010071
0.9847019447
0.9963306676
0.9953132922
1.0066318157
1.0043670185
1.0010290643
0.9939280683
0.9938353100
1.0020401699
1.0087885585
1.0007815285
0.9921327550
0.9952867801
0.9981364006
1.0036250244
1.0131897997
1.0075535813
1.0032524349
1.0112331649
1.0170288764
1.0137840934
1.0044753105
1.0023543591
0.9993557884
0.9945326546
0.9997793565
1.0142932323
1.0179356983
1.0181754981
1.0140110505
1.0052553154
0.9935867801
1.0005109832
1.0097904534
1.0084509768
1.0061184409
1.0055710136
1.0055768268
1.0082059954
1.0095435405
1.0060897144
1.0050831184
1.0097267566
1.0107546911
0.9989307951
0.9886126911
0.9854503156
0.9799676911
0.9739774838
0.9730466523
0.9843865938
0.9951795028
0.9947680371
0.9897369381
0.9809043161
0.9699770057
0.9735491453
0.9818449661
0.9833556885
0.9820525552
0.9766888352
0.9718869230
0.9809480714
0.9880180959
0.9764863999
0.9729817445
0.9921664769
1.0030630729
1.0083244018
1.0150572969
1.0016215813
0.9835332012
0.9825272472
0.9877304734
0.9931290445
0.9940431003
1.0000017491
1.0119962312
1.0125026429
1.0006615190
0.9933105409
0.9920824607
0.9906581948
0.9912126745
0.9897629944
0.9851550143
0.9935061416
0.9998869294
0.9927994840
0.9927344739
1.0073300374
1.0069857072
0.9887312061
0.9860237621
0.9895091953
0.9848212799
0.9818528493
0.9835561418
0.9856524506
0.9923922824
1.0010659827
1.0018837829
1.0003918189
1.0026442172
1.0038076628
1.0022478246
1.0002235506
0.9999652395
1.0067103554
1.0012723139
0.9981428338
1.0080573771
1.0115302144
1.0106032635
1.0141894209
1.0151059454
1.0082481436
1.0009403705
0.9957145899
0.9949061369
0.9953874416
0.9892133236
0.9858945600
0.9935674165
0.9977932765
1.0025786997
1.0072509690
1.0085878076
1.0143469055
1.0175935975
1.0124933394
1.0053887673
0.9987729283
0.9998931148
1.0065511856
0.9994158197
0.9867989828
0.9810190533
0.9829804434
0.9891698274
0.9956513519
0.9974984325
0.9967193789
0.9974150911
0.9893826373
0.9910699858
1.0055473456
1.0036665582
0.9908339502
0.9773028368
0.9860589482
1.0003584752
1.0031087885
0.9938025193
0.9949163577
1.0002808814
0.9990489571
0.9922279986
0.9911835811
0.9987256179
1.0012585033
0.9932409750
0.9839071541
0.9753577898
0.9717846150
0.9779105097
0.9888354570
0.9930190423
0.9916687329
0.9884039708
0.9734973155
0.9630607971
0.9685946764
0.9831712964
0.9854004379
0.9844992851
0.9973515937
1.0098661718
1.0051982145
0.9915932958
0.9783173172
0.9581408239
0.9308848191
0.9092720598
0.8952623850
0.8947993119
0.9159409167
0.9427776584
0.9663343245
0.9803338063
0.9926565319
0.9990888359
1.0048510516
1.0006783078
1.0010341682
1.0048309868
1.0054133898
1.0003764910
0.9923682340
0.9889376558
0.9915952238
0.9960357853
0.9955520903
0.9868102778
0.9825972155
0.9855340651
0.9972623790
0.9952818318
0.9873475779
0.9943717821
0.9880323440
0.9997032792
0.9979866007
0.9930158150
0.9989890607
1.0058138288
1.0010806974
0.9974163411
0.9972093273
0.9978937149
0.9986848478
0.9926494481
0.9803800954
0.9673880219
0.9416181599
0.9082738950
0.8889579471
0.8779206242
0.8901459196
0.9299212771
0.9630392369
0.9885450118
0.9978580103
0.9895940596
1.0008357596
1.0113290486
0.9961991364
0.9874145848
0.9865153235
0.9886411095
0.9944971885
1.0001133740
1.0022464350
0.9987891450
0.9980463801
1.0046786607
1.0005308021
0.9918740128
0.9889177904
0.9946161569
0.9829421041
0.9732796772
0.9878308399
1.0010728847
1.0040416175
1.0035885421
1.0046148533
1.0027180266
0.9998720537
0.9995142715
1.0013111232
1.0001461328
0.9884492983
0.9746579983
0.9775332788
0.9805232642
0.9644106111
0.9557914297
0.9659364679
0.9792097270
0.9869864393
0.9902177549
0.9943896958
0.9975823960
0.9984497439
0.9959368356
0.9968627182
0.9997708518
0.9923898402
0.9839852289
0.9880498767
0.9952038411
0.9932780444
0.9876095135
0.9851940728
0.9831253057
0.9767468277
0.9742519077
0.9779419963
0.9777822909
0.9748659307
0.9647415899
0.9682346759
0.9732371322
0.9790569212
0.9815917900
0.9647804828
0.9597285243
0.9608918082
0.9624952307
0.9626312466
0.9675147620
0.9776878723
0.9765729854
0.9665786460
0.9602654943
0.9538111428
0.9326446103
0.9239061354
0.9338326336
0.9456902144
0.9614663347
0.9775932166
0.9860172523
0.9831936583
0.9764278268
0.9793263163
0.9902360439
0.9937257953
0.9897414225
0.9759191401
0.9542167024
0.9315890945
0.9080374330
0.8867478691
0.8736905349
0.8685608814
0.8487090931
0.8119276066
0.7630375229
0.7465703343
0.7649985397
0.8042400447
0.8455760504
0.8546817261
0.8499161006
0.8492146839
0.8679551414
0.8939735013
0.9161605931
0.9418467353
0.9641266293
0.9670831648
0.9667099804
0.9790410850
0.9843570450
0.9888546467
0.9827219526
0.9797346896
0.9710962326
0.9543090576
0.9206695831
0.9028744807
0.9010786695
0.9078440575
0.9275322381
0.9509507496
0.9721604766
0.9857724904
0.9843823299
0.9765961527
0.9713541903
0.9690887852
0.9699969140
0.9754435645
0.9847436476
0.9880334589
0.9868928706
0.9987741455
1.0105918368
1.0005899405
0.9914202033
0.9885848384
1.0054541726
0.9829245197
0.9675354063
0.9798429103
0.9982921421
1.0032407925
0.9930287088
0.9826158525
0.9767510828
0.9811225499
0.9954135160
1.0004729716
0.9941369407
0.9909402246
1.0026128514
1.0066776327
0.9937663944
0.9868830783
0.9840218974
0.9839336082
0.9819345694
0.9808265872
0.9832182980
0.9871510226
0.9887755535
0.9945174880
1.0002562865
0.9980185145
0.9917079746
0.9863278697
0.9802057721
0.9793356060
0.9901747997
0.9986532344
1.0001356034
0.9980918337
0.9935371769
0.9955093448
0.9947269063
0.9921148282
0.9951698954
0.9879245293
0.9834459242
0.9888094922
0.9885398394
0.9927214480
0.9983692365
0.9947544018
0.9885325817
0.9853847820
0.9796716152
0.9720149155
0.9637332313
0.9466058737
0.9268121439
0.9099369530
0.8918804593
0.8848709407
0.8847631307
0.8867963001
0.9048293129
0.9436086823
0.9655720845
0.9693751472
0.9706130302
0.9850774098
0.9990615032
0.9970738211
0.9888578797
0.9875869550
0.9900292694
0.9913093115
0.9964253257
1.0029100570
0.9984853378
0.9991328348
1.0011196191
0.9842608342
0.9863989008
0.9991222243
0.9994473473
0.9969702296
0.9988732195
0.9989230501
1.0060287090
1.0128562176
1.0093623979
1.0051033015
1.0004750488
0.9959565696
1.0015538274
1.0086712724
1.0000638739
0.9884736507
0.9874184196
0.9859445104
0.9793002160
0.9623512357
0.9752594894
0.9819068194
0.9697352172
0.9811222947
0.9860801036
0.9824443633
0.9802056921
0.9905138569
0.9958075517
0.9925319229
0.9919555582
0.9967440564
0.9962607761
0.9875322934
0.9807389250
0.9769365439
0.9729080523
0.9735345377
0.9653456954
0.9340398914
0.8881720098
0.8223851358
0.7471044189
0.6857751899
0.6773429413
0.7280051056
0.8056101785
0.8816038686
0.9350644619
0.9535648108
0.9625848694
0.9706004709
0.9769498440
0.9837833740
0.9829552336
0.9791410142
0.9761745105
0.9806890272
0.9863990685
0.9852872107
0.9840177897
0.9856243854
0.9844171833
0.9787542303
0.9723732422
0.9721532922
0.9783454738
0.9820964518
0.9702244711
0.9634131094
0.9604969583
0.9636040639
0.9803015478
0.9922705344
0.9831068187
0.9706006265
0.9737908778
0.9859064424
1.0014063334
1.0015126374
0.9929710187
0.9836398558
0.9891509798
0.9901291828
0.9823719289
0.9913642510
0.9974899102
0.9922213238
0.9977676993
1.0032896912
0.9961087045
0.9859688403
0.9847993132
0.9885996829
0.9862987767
0.9720038164
0.9493070363
0.9344524073
0.9257977982
0.9311984220
0.9308303534
0.9440354740
0.9855726776
0.9924266355
0.9854292929
0.9926242687
0.9926628174
0.9862886944
0.9806197898
0.9797655250
0.9861564981
0.9906023627
0.9927341775
0.9935132551
0.9826989614
0.9655053373
0.9560133623
0.9458721980
0.9429944006
0.9457947137
0.9556173016
0.9767338074
0.9989181132
1.0116486940
1.0050703218
0.9968818915
0.9843493636
0.9761230572
0.9746228084
0.9789673020
0.9900857410
0.9972596967
0.9931994453
0.9917136341
0.9998418458
1.0005874617
0.9916555213
0.9922937627
0.9969489863
0.9998468454
0.9880024936
0.9855267444
0.9983833680
1.0020504134
1.0022566035
1.0072485921
1.0181217886
1.0098804996
0.9964496109
0.9899269511
0.9958536601
1.0027363454
0.9967141876
0.9920752842
0.9923742693
0.9881848490
0.9961170003
1.0017688037
0.9986869198
0.9972829193
0.9973398960
0.9972301008
0.9940287169
0.9969375619
0.9942032393
0.9848597749
0.9841266271
0.9949504761
0.9918483732
0.9787561195
0.9720462247
0.9807218580
0.9956576627
1.0015399488
0.9995142402
1.0021553536
1.0049180894
0.9974757615
1.0002382900
0.9990372845
0.9879207710
0.9718781774
0.9797918965
0.9775595267
0.9881405686
0.9825134710
0.9805448919
0.9769058087
0.9798882782
0.9825745660
0.9856286081
0.9939818524
1.0023030389
1.0081829711
1.0082196741
1.0010608392
0.9930847100
0.9844172560
0.9927620749
1.0000859868
0.9959380416
0.9865561110
0.9985902267
0.9747965312
0.9618386217
0.9732056319
0.9872199759
0.9916892917
0.9900569349
0.9897872727
0.9814016596
0.9670024911
0.9546204052
0.9484226741
0.9491016589
0.9564860756
0.9659464238
0.9696604023
0.9743879784
0.9772644657
0.9809107135
0.9737689390
0.9823057663
0.9932690891
0.9887519164
0.9868220085
0.9844640526
0.9795856909
0.9820263186
0.9804242030
0.9809098954
0.9834600507
0.9878146309
0.9929302402
0.9899467558
0.9804826564
0.9824440955
0.9948112488
0.9947759857
0.9921592392
0.9896721267
0.9885451530
0.9891105818
0.9862237290
1.0061868817
1.0133959401
1.0090137465
1.0018707131
0.9950733115
0.9826785064
0.9863259676
0.9911544479
0.9897636210
0.9879569507
0.9829188594
0.9759569672
0.9726426938
0.9734224372
0.9827571017
0.9855955048
0.9727133029
0.9751095035
0.9862858981
0.9721029529
0.9714765319
0.9863329219
0.9826499843
0.9851022868
0.9883172134
0.9917585695
0.9960960530
0.9985116564
0.9996088305
1.0068287323
1.0081709360
0.9969494513
0.9907698467
0.9894635706
0.9800430132
0.9659741474
0.9796368641
0.9955234427
1.0038142556
1.0056645580
1.0013199437
1.0009886259
0.9999320467
0.9907852938
0.9786290507
0.9805342436
0.9784403363
0.9769067945
0.9886517537
0.9986774505
0.9954362765
0.9937883626
0.9968971483
0.9917501413
0.9899069812
0.9957101938
0.9962715030
0.9967917126
0.9904826790
0.9918461056
0.9941915509
0.9938445686
0.9859216960
0.9852279766
0.9913087582
0.9884047337
0.9924526198
0.9903053192
0.9825482002
0.9767307488
0.9726688157
0.9753525555
0.9842803577
0.9869327657
0.9857770469
0.9873182850
0.9819925078
0.9866608999
0.9818261401
0.9869289258
0.9874520123
0.9927850283
0.9859986853
1.0004378671
1.0048300988
0.9930027500
0.9831125849
0.9799910704
0.9678263822
0.9522723352
0.9438789005
0.9379567716
0.9349326018
0.9415978905
0.9536021890
0.9622959817
0.9600970534
0.9684871994
0.9915320558
0.9911777863
0.9815322132
0.9873787038
0.9864824765
1.0007289531
1.0071204538
1.0123728414
0.9968889410
0.9920164590
0.9933883502
0.9883754334
0.9860877729
0.9940877024
1.0000416473
0.9903526748
0.9804849503
0.9886055185
0.9894790988
0.9820983200
0.9766572661
0.9789334008
0.9923836347
0.9994140406
0.9668221926
0.9263036852
0.9041680698
0.8711957820
0.8120008381
0.7409942982
0.6919175963
0.6783278396
0.6950006536
0.7479573615
0.8318283478
0.9079010470
0.9475837899
0.9593251959
0.9655413314
0.9765808327
0.9848469038
1.0007887108
1.0109775549
1.0120992020
1.0007380699
0.9954388136
0.9902976634
0.9942546623
0.9929713789
0.9912398622
0.9961627022
0.9942758816
0.9929061776
0.9945080952
0.9930131387
0.9893490776
0.9830263039
0.9858951804
0.9810051391
0.9699400788
0.9624220355
0.9615602098
0.9541764363
0.9648935207
0.9551945631
0.9636690128
0.9712437345
0.9953949123
0.9941257983
0.9763917299
0.9815568150
0.9946977614
0.9984158117
0.9927278393
0.9881650873
0.9958402801
1.0049932551
1.0078357859
1.0110536972
1.0001756038
0.9911695488
0.9991963985
0.9738721422
0.9511346156
0.9647226881
0.9797030897
0.9940357275
0.9971342562
0.9889115222
0.9900966983
0.9907282806
0.9848850886
0.9766170287
0.9730290213
0.9713370258
0.9619748462
0.9519576952
0.9553054878
0.9625690738
0.9587264621
0.9597179580
0.9518831271
0.9477506903
0.9395264331
0.9500306406
0.9719802046
0.9889774497
0.9870901348
0.9797383782
0.9881214328
0.9921412356
0.9801898871
0.9619074559
0.9504201097
0.9522694414
0.9599550490
0.9653317806
0.9715922190
0.9724422988
0.9740500486
0.9804954763
0.9808364589
0.9891359899
0.9831345604
0.9830150626
0.9771620322
0.9788647783
0.9700192731
0.9627487041
0.9692055904
0.9736159527
0.9762174032
0.9835708830
0.9909861001
0.9964346203
1.0038570999
1.0037978754
0.9898277519
0.9896060804
1.0065205034
0.9985435926
0.9877703701
0.9959669891
1.0062625640
1.0044757611
1.0116616267
0.9899355154
0.9802682577
0.9898409898
0.9966506828
0.9887321876
0.9782731678
0.9839900087
0.9968506662
1.0015997591
0.9956022365
0.9881695936
0.9895579212
0.9902667255
0.9963906721
0.9978887282
0.9851860078
0.9816446726
0.9825761212
0.9938081988
0.9995622188
1.0061176307
0.9979922956
0.9926137738
0.9825241782
0.9692315331
0.9631773316
0.9721994991
0.9775548261
0.9801713125
0.9848734636
0.9792980455
0.9742651201
0.9821277469
0.9928977678
0.9892307856
0.9928562310
0.9976206085
0.9856185872
0.9787870079
0.9798376235
0.9817366847
0.9769061759
0.9714129322
0.9837753772
0.9944453110
0.9942840189
0.9856869047
0.9829231668
0.9883094428
0.9949769983
0.9914690279
0.9785825463
0.9827036383
0.9878416559
0.9879006930
0.9900469303
0.9824561077
0.9711297147
0.9908856840
0.9986997758
1.0051926913
0.9976635948
0.9903171561
0.9910505939
0.9936872804
0.9859922291
0.9731330458
0.9774646972
0.9933777774
0.9972588413
0.9896268833
0.9885056310
0.9960077163
0.9969015651
0.9948414630
0.9921946961
1.0014486377
0.9969192542
0.9856474792
